-2230.6 -9705.3 -16.9 177 0 104.6 41.3 10.0 0.0 0 0 4 1 1
-2360.7 -9864.1 -17.4 178 0 57.5 43.5 5.0 0.0 0 0 2 1 1
-3122.3 -9943.4 -15.0 90 0 467.3 144.5 12.5 0.0 0 0 5 1 1
-3481.0 -9903.6 -12.4 180 0 80.5 118.7 12.5 0.0 0 1 5 0 0
-3829.7 813.1 -14.1 180 0 124.3 24.5 14.0 0.0 0 0 4 5 5
-3826.1 2145.4 -15.8 180 0 127.4 20.6 10.0 0.0 0 0 4 4 4
-3815.3 -579.3 -11.1 91 0 24.4 123.6 7.5 0.0 0 1 3 2 2
-3820.9 3946.7 -13.8 270 0 21.5 122.6 10.0 0.0 0 1 4 5 5
-4492.8 4487.3 -20.5 2 0 21.8 111.9 10.0 0.0 0 1 4 0 0
-6617.4 4621.4 -13.8 183 0 22.3 112.2 7.5 0.0 0 1 3 3 3
-4540.0 -2434.9 -8.4 233 0 15.5 43.6 10.0 2.5 2 1 4 4 4
-4540.8 -2565.8 -8.9 271 0 61.6 206.0 12.5 0.0 0 1 5 0 0
-4737.3 -2595.7 -8.9 1 0 55.5 27.6 15.0 2.5 2 0 6 0 0
-4680.3 -2340.1 -8.0 219 0 37.5 16.7 7.5 2.5 2 0 3 3 3
-4678.9 -2632.9 -9.1 181 0 272.8 89.3 7.5 0.0 0 0 3 0 0
-4605.6 -2138.9 -8.5 21 0 6.4 9.1 2.5 2.5 2 1 1 0 0
-4636.0 -2117.7 -8.6 199 0 27.3 15.8 15.0 0.0 0 0 6 1 1
-4644.6 -2155.1 -8.5 199 0 21.1 25.3 7.5 2.5 2 1 3 5 5
-4520.6 -2314.3 -8.0 271 0 32.1 69.1 10.0 0.0 0 1 4 3 3
-4621.7 -2071.3 -8.7 201 0 20.3 9.8 7.5 0.0 0 0 3 3 3
-4562.9 -2313.0 -7.9 271 0 18.6 36.2 7.5 0.0 0 1 3 5 5
-4514.2 -1912.1 -9.1 179 0 42.6 17.4 7.5 2.5 2 0 3 3 3
-4525.2 -2250.7 -8.1 183 0 50.9 21.2 10.0 2.5 2 0 4 5 5
-4574.9 -1966.1 -8.9 279 0 16.6 55.9 15.0 2.5 2 1 6 5 5
-4526.2 -2105.2 -8.5 115 0 20.7 22.2 10.0 2.5 2 1 4 4 4
-4545.6 -2259.4 -8.1 2 0 77.9 20.8 7.5 0.0 0 0 3 5 5
-2444.6 -7875.7 -14.2 253 0 21.4 30.3 10.0 0.0 0 1 4 3 3
-3618.0 -2602.3 -2.8 271 0 26.1 41.6 10.0 0.0 0 1 4 2 2
-3635.5 -6589.4 3.4 171 0 21.5 33.5 12.5 2.5 4 1 5 4 4
-4194.8 -744.0 -11.1 359 0 125.9 24.8 10.5 0.0 0 0 3 4 4
-4621.6 3180.1 -12.0 270 0 15.6 76.1 14.0 3.5 2 1 4 2 2
-4582.8 3104.3 -12.6 89 0 17.7 67.1 14.0 3.5 2 1 4 5 5
-4544.1 3179.3 -13.1 270 0 18.2 74.1 14.0 3.5 2 1 4 5 5
-4482.9 3180.7 -13.4 270 0 15.5 76.9 14.0 3.5 4 1 4 5 5
-4443.2 3180.8 -13.7 270 0 16.6 76.7 14.0 3.5 2 1 4 5 5
-4794.4 3207.9 -13.4 271 0 18.0 94.3 14.0 0.0 0 1 4 3 3
-3630.2 2476.0 -15.9 91 0 15.2 55.2 14.0 3.5 2 1 4 2 2
-3690.1 2621.3 -15.0 271 0 15.0 74.7 14.0 0.0 0 1 4 0 0
-3690.3 2477.0 -15.7 91 0 15.2 54.2 14.0 3.5 2 1 4 1 1
-3619.0 2089.8 -20.5 90 0 13.2 59.3 10.0 0.0 0 1 4 1 1
-3607.2 2230.4 -20.3 268 0 12.2 30.2 5.0 0.0 0 1 2 0 0
-3559.1 2216.2 -21.5 1 0 27.6 13.2 7.5 2.5 2 0 3 1 1
-3576.2 2008.6 -21.7 90 0 14.3 72.6 10.0 2.5 2 1 4 0 0
-3681.3 1644.5 -16.5 91 0 11.7 91.6 14.0 3.5 2 1 4 0 0
-3721.6 1647.7 -16.3 90 0 10.7 88.0 14.0 3.5 2 1 4 5 5
-3585.4 1780.7 -18.7 0 0 62.9 12.7 14.0 3.5 2 0 4 1 1
-3675.7 1859.7 -19.1 270 0 12.7 64.4 14.0 3.5 2 1 4 0 0
-3592.7 1868.5 -20.0 269 0 12.7 47.6 14.0 3.5 2 1 4 1 1
-3716.7 1860.7 -18.5 270 0 13.2 75.2 14.0 3.5 2 1 4 3 3
-3591.7 1645.0 -17.0 91 0 10.7 89.5 14.0 3.5 2 1 4 5 5
-3760.3 1807.5 -17.7 179 0 92.6 14.8 14.0 3.5 2 0 4 1 1
-3758.5 1693.0 -16.2 180 0 90.5 15.3 14.0 3.5 2 0 4 5 5
-3625.1 1869.4 -19.8 270 0 14.3 56.3 14.0 3.5 2 1 4 1 1
-3619.0 1775.3 -18.3 0 0 54.2 12.7 14.0 3.5 2 0 4 3 3
-3635.0 1639.5 -16.7 90 0 13.8 91.1 14.0 0.0 0 1 4 5 5
-3753.4 1953.9 -17.9 270 0 17.3 78.8 14.0 3.5 4 1 4 4 4
-3548.2 3192.0 -14.4 2 0 71.1 15.8 5.0 2.5 2 0 2 1 1
-3541.3 3119.6 -14.0 359 0 22.5 21.9 10.0 2.5 4 0 4 0 0
-4439.1 3521.6 -18.9 271 0 21.8 64.2 10.5 3.5 2 1 3 2 2
-4532.0 3518.7 -18.3 270 0 25.8 63.7 10.5 0.0 0 1 3 3 3
-5414.4 3179.6 -15.6 269 0 19.2 67.7 14.0 3.5 2 1 4 1 1
-5413.5 3201.2 -16.0 90 0 19.1 50.1 14.0 0.0 0 1 4 3 3
-5800.0 -7975.9 -6.5 359 0 12.2 21.8 5.0 2.5 2 1 2 3 3
6465.0 -5552.1 -24.4 356 0 36.5 336.3 12.5 0.0 0 1 5 0 0
6160.3 -6569.1 -21.5 124 0 15.5 49.9 10.0 2.5 2 1 4 0 0
6217.2 -6477.3 -22.3 305 0 13.4 47.5 10.0 2.5 2 1 4 1 1
6915.6 -7107.4 -26.5 0 0 57.9 13.4 10.0 2.5 2 0 4 1 1
6139.3 -6512.4 -22.1 214 0 49.5 15.2 17.5 2.5 2 0 7 5 5
-2861.5 -3670.1 -1.7 265 0 13.0 60.8 14.0 3.5 2 1 4 5 5
-4139.6 -976.7 -10.6 87 0 15.2 62.3 14.0 3.5 2 1 4 3 3
4088.2 -5391.5 -23.2 271 0 16.0 55.2 14.0 3.5 2 1 4 3 3
-2652.8 -3649.8 -4.6 258 0 15.6 45.3 10.0 2.5 2 1 4 3 3
-2831.6 -3702.3 -2.0 355 0 51.7 7.5 10.5 3.5 2 0 3 0 0
-2807.6 -3797.6 -2.6 85 0 13.8 59.1 14.0 3.5 2 1 4 3 3
-3291.3 -2716.8 -4.1 94 0 8.7 37.7 7.5 2.5 4 1 3 4 4
6461.4 -6633.8 -26.0 304 0 20.2 83.5 10.0 0.0 0 1 4 1 1
-2337.3 -3229.7 -5.5 354 0 48.5 13.0 10.0 2.5 2 0 4 1 1
-2630.5 -3366.4 -5.8 350 0 14.9 65.9 14.0 3.5 2 1 4 2 2
4156.0 -5451.5 -23.8 0 0 16.0 50.4 14.0 3.5 2 1 4 4 4
-2892.4 -3806.6 -1.3 85 0 14.8 60.5 14.0 3.5 2 1 4 3 3
1693.8 -10324.6 -29.5 95 0 37.0 88.8 10.0 0.0 0 1 4 0 0
-2569.7 -3170.3 -5.3 265 0 10.2 41.3 7.5 2.5 2 1 3 2 2
-2761.3 -3763.7 -3.2 355 0 59.3 13.8 14.0 0.0 0 0 4 0 0
6498.7 -6658.8 -26.6 304 0 20.3 84.2 12.5 0.0 0 1 5 0 0
-2903.7 -3673.5 -1.4 265 0 14.3 59.2 14.0 3.5 2 1 4 5 5
4331.5 -5288.1 -22.9 271 0 22.6 24.1 14.0 3.5 2 1 4 5 5
-2851.6 -3803.4 -1.9 85 0 12.1 60.9 14.0 3.5 2 1 4 3 3
4216.3 -4154.2 -22.2 276 0 30.4 50.9 10.0 0.0 0 1 4 3 3
2858.0 -5306.5 -16.0 90 0 20.4 72.5 12.5 2.5 4 1 5 3 3
-22.7 -5353.9 -17.8 270 0 26.8 90.3 15.0 0.0 0 1 6 5 5
35.8 -5354.7 -17.9 270 0 26.8 90.3 12.5 0.0 0 1 5 4 4
-139.4 -5354.0 -17.6 270 0 26.9 90.3 12.5 0.0 0 1 5 4 4
-81.3 -5353.1 -17.7 270 0 26.8 90.3 10.0 0.0 0 1 4 5 5
-1882.7 -6253.8 -6.8 80 0 12.1 79.8 12.5 2.5 2 1 5 4 4
-5489.8 -6219.5 12.0 278 0 8.0 37.1 7.5 2.5 2 1 3 2 2
-1738.6 -6147.7 -7.4 260 0 12.2 43.5 12.5 2.5 2 1 5 0 0
-5374.8 -5890.9 6.4 6 0 48.3 13.5 10.0 2.5 2 0 4 3 3
-5513.4 -6139.2 13.2 278 0 10.9 33.9 10.0 2.5 2 1 4 3 3
-2947.6 -6033.4 1.7 80 0 13.1 32.5 10.0 2.5 2 1 4 3 3
-1778.5 -6154.5 -7.8 260 0 12.5 78.3 10.0 2.5 2 1 4 4 4
-5542.9 -6191.5 13.6 188 0 35.5 10.5 7.5 2.5 2 0 3 4 4
-5876.4 -4959.5 18.9 173 0 77.5 13.1 10.0 0.0 0 0 4 5 5
-3410.9 -7864.2 -13.4 176 0 50.1 15.2 7.5 2.5 2 0 3 4 4
-1841.9 -6032.2 -5.4 260 0 12.3 38.5 10.0 2.5 2 1 4 5 5
-1776.7 -6137.0 -6.5 81 0 11.4 94.9 12.5 2.5 2 1 5 3 3
-5527.4 -6249.8 12.7 98 0 11.0 35.1 10.0 2.5 2 1 4 1 1
-3030.8 -6045.8 1.7 82 0 12.4 72.9 10.0 2.5 4 1 4 5 5
-1797.6 -6275.6 -7.9 80 0 12.2 40.5 10.0 2.5 2 1 4 0 0
-5829.3 -4916.1 20.9 263 0 13.2 77.3 12.5 2.5 4 1 5 4 4
-5992.2 -5025.5 12.3 270 0 14.9 57.3 12.5 2.5 2 1 5 0 0
-1835.0 -6104.7 -6.2 170 0 39.3 12.4 7.5 2.5 2 0 3 3 3
-1856.7 -6169.8 -6.8 260 0 12.5 64.4 5.0 2.5 2 1 2 4 4
-1883.3 -6027.6 -5.4 260 0 12.4 49.6 7.5 2.5 2 1 3 2 2
-2776.7 -5331.5 3.3 258 0 12.0 42.2 12.5 2.5 2 1 5 4 4
-5865.7 -5044.8 18.3 172 0 58.6 12.8 7.5 0.0 0 0 3 0 0
-1737.0 -6130.5 -6.6 81 0 12.5 95.3 10.0 2.5 2 1 4 2 2
-5764.4 -5069.0 22.2 83 0 13.1 70.6 15.0 2.5 2 1 6 5 5
-1829.5 -6326.4 -6.3 80 0 11.2 83.0 12.5 2.5 2 1 5 3 3
-5426.5 -6228.9 10.1 187 0 64.3 11.0 7.5 2.5 4 0 3 3 3
-5995.5 -5140.8 11.3 90 0 15.5 39.6 10.0 2.5 2 1 4 0 0
-1914.2 -6085.9 -5.5 80 0 12.2 50.1 7.5 2.5 2 1 3 3 3
-1817.9 -6161.1 -7.6 260 0 12.2 63.8 7.5 2.5 2 1 3 4 4
-5903.6 -5050.5 16.0 353 0 60.7 12.5 7.5 2.5 2 0 3 5 5
-1408.8 -10339.5 -16.5 270 0 96.9 13.5 7.5 2.5 2 0 3 2 2
-1481.3 -10387.9 -16.1 336 0 59.2 34.8 7.5 0.0 0 0 3 3 3
-1462.9 -10391.0 -16.5 156 0 102.5 12.1 12.5 2.5 2 0 5 5 5
-1632.7 -8873.5 -20.5 357 0 109.5 68.2 10.0 0.0 0 0 4 3 3
-1309.5 -9846.7 -20.4 177 0 48.8 15.5 12.5 2.5 2 0 5 0 0
-1724.1 -10281.8 -14.9 245 0 20.1 169.7 7.5 0.0 0 1 3 1 1
-1944.5 -9767.4 -18.1 253 0 17.0 65.7 10.0 2.5 2 1 4 2 2
-1832.5 -10126.1 -15.8 271 0 12.9 49.8 10.0 2.5 2 1 4 5 5
-1342.6 -10340.2 -16.5 270 0 13.4 42.9 12.5 2.5 2 1 5 1 1
-1560.0 -10360.3 -16.5 66 0 18.7 27.3 7.5 2.5 2 1 3 3 3
-845.5 -9713.6 -21.6 359 0 12.6 32.7 7.5 2.5 2 1 3 2 2
-1840.9 -10199.2 -16.1 91 0 21.5 13.3 7.5 2.5 2 0 3 3 3
-1943.1 -10031.1 -16.6 271 0 11.2 66.5 7.5 2.5 2 1 3 1 1
-5422.4 -897.7 -12.8 94 0 14.2 55.9 14.0 3.5 2 1 4 4 4
-5396.0 -597.6 -14.3 323 0 85.5 12.1 14.0 3.5 2 0 4 1 1
-5488.7 -835.3 -12.9 94 0 11.8 45.3 14.0 3.5 2 1 4 4 4
-6740.1 142.4 -13.5 248 0 16.5 96.1 10.0 2.5 2 1 4 5 5
-2508.7 234.1 -11.8 294 0 15.0 37.5 10.0 2.5 2 1 4 2 2
-5578.7 -750.8 -13.6 91 0 11.6 18.6 14.0 3.5 2 1 4 4 4
-5478.5 -714.8 -14.0 94 0 12.9 45.2 14.0 3.5 2 1 4 5 5
-5308.2 -768.5 -13.7 3 0 75.9 11.8 14.0 3.5 2 0 4 5 5
-2649.5 -50.8 -10.8 306 0 58.1 28.3 7.5 0.0 0 0 3 3 3
-5456.9 -865.3 -12.8 93 0 12.2 45.2 14.0 3.5 2 1 4 1 1
-5432.9 -641.9 -13.7 273 0 13.8 76.2 14.0 3.5 2 1 4 2 2
-5310.1 -855.8 -13.0 3 0 75.9 12.7 14.0 3.5 4 0 4 5 5
-5348.2 -754.4 -13.7 3 0 77.1 12.0 14.0 3.5 2 0 4 5 5
-5376.3 -814.3 -13.1 3 0 43.7 12.9 14.0 3.5 2 0 4 3 3
-5315.2 -559.3 -14.5 325 0 26.2 9.4 10.5 3.5 2 0 3 3 3
-5342.3 -834.7 -13.1 3 0 58.6 13.4 14.0 3.5 2 0 4 5 5
-2463.3 170.6 -11.7 114 0 51.3 16.3 7.5 2.5 2 0 3 5 5
-5420.1 -816.8 -13.3 94 0 12.0 58.9 14.0 3.5 2 1 4 5 5
-5394.9 -667.5 -14.1 273 0 13.6 76.2 14.0 3.5 2 1 4 2 2
-2398.4 168.5 -11.7 294 0 13.7 24.1 7.5 2.5 2 1 3 3 3
-5602.2 -727.1 -13.9 91 0 11.0 34.1 14.0 3.5 4 1 4 1 1
-5355.5 -955.7 -12.7 93 0 14.6 69.8 14.0 3.5 2 1 4 4 4
-5486.2 -760.4 -13.7 92 0 13.0 35.6 14.0 3.5 2 1 4 1 1
-5515.9 -726.6 -14.0 92 0 13.5 30.2 14.0 0.0 0 1 4 2 2
-5453.8 -783.1 -13.5 93 0 14.7 49.9 14.0 3.5 2 1 4 5 5
-5387.9 -927.2 -12.5 94 0 15.3 56.3 14.0 3.5 2 1 4 5 5
-5334.4 -676.0 -13.9 322 0 86.5 13.6 14.0 3.5 2 0 4 0 0
-5315.4 -943.7 -13.4 3 0 75.0 12.4 14.0 0.0 0 0 4 5 5
-6066.1 -217.1 -11.7 138 0 36.6 13.1 17.5 3.5 2 0 5 3 3
-5527.9 -332.8 -12.4 91 0 15.6 23.9 14.0 3.5 2 1 4 1 1
-5415.6 -386.1 -11.9 91 0 15.6 23.9 14.0 3.5 2 1 4 1 1
-5556.7 -294.8 -12.5 91 0 15.6 23.9 14.0 3.5 2 1 4 1 1
-5476.6 -385.6 -12.1 91 0 15.6 23.9 14.0 3.5 2 1 4 1 1
-5104.5 -77.9 -12.0 278 0 10.9 22.3 17.5 3.5 2 1 5 4 4
-5058.9 -42.8 -12.3 280 0 12.3 22.1 17.5 0.0 0 1 5 3 3
-5740.9 225.6 -13.7 270 0 16.1 40.5 17.5 3.5 2 1 5 0 0
-5496.0 -596.5 -14.2 359 0 15.8 17.4 14.0 3.5 2 1 4 3 3
-6683.6 16.2 -13.3 350 0 17.7 15.4 7.5 2.5 2 0 3 3 3
-4903.1 -630.8 -10.9 269 0 12.4 50.1 14.0 0.0 0 1 4 2 2
-6479.0 -191.2 -10.8 0 0 18.6 16.8 10.0 2.5 2 0 4 1 1
-5449.0 -564.0 -14.4 359 0 15.8 15.8 14.0 3.5 2 1 4 1 1
-5641.4 652.2 -13.9 323 0 12.5 26.6 7.5 2.5 2 1 3 4 4
-5059.7 -779.0 -12.5 358 0 61.7 16.1 14.0 3.5 2 0 4 0 0
-4827.3 -857.7 -12.7 177 0 58.0 14.1 14.0 3.5 2 0 4 0 0
-5449.1 -518.8 -14.4 269 0 15.2 35.5 14.0 3.5 2 1 4 2 2
-5354.2 278.6 -12.6 270 0 13.1 49.4 17.5 3.5 4 1 5 2 2
-6412.4 184.0 -11.9 352 0 13.4 13.3 5.0 2.5 2 0 2 2 2
-5870.2 -237.2 -12.0 90 0 17.2 75.8 17.5 3.5 4 1 5 5 5
-6808.6 81.3 -12.2 359 0 40.0 18.3 12.5 2.5 2 0 5 1 1
-4967.3 -825.6 -12.2 358 0 48.7 16.7 14.0 3.5 2 0 4 1 1
-4815.5 -981.4 -12.6 86 0 13.4 79.6 14.0 3.5 2 1 4 4 4
-4943.4 -677.6 -11.7 178 0 95.7 13.1 14.0 3.5 2 0 4 0 0
-6479.2 -165.0 -10.9 0 0 18.6 16.8 5.0 2.5 2 0 2 0 0
-5609.5 -96.1 -11.7 360 0 14.2 78.2 17.5 3.5 2 1 5 2 2
-5641.3 618.5 -13.9 52 0 15.1 17.6 10.0 2.5 2 1 4 3 3
-6881.7 833.5 -10.6 270 0 17.0 60.9 14.0 3.5 2 1 4 0 0
-4876.1 -442.8 -11.5 323 0 49.0 13.5 14.0 0.0 0 0 4 4 4
-5015.1 -777.3 -12.3 358 0 63.1 16.1 14.0 3.5 2 0 4 1 1
-5158.0 -874.1 -12.7 92 0 12.6 56.8 14.0 3.5 2 1 4 0 0
-4773.3 -978.8 -12.4 86 0 14.1 79.8 14.0 3.5 2 1 4 4 4
-4791.8 -794.4 -12.0 268 0 10.6 20.0 14.0 0.0 0 1 4 1 1
-5779.5 -230.0 -12.1 90 0 13.6 70.2 17.5 3.5 2 1 5 3 3
-5121.7 -781.7 -12.7 178 0 62.3 16.3 14.0 3.5 2 0 4 2 2
-6487.4 -226.0 -10.8 90 0 16.8 18.6 7.5 2.5 4 1 3 2 2
-5468.9 5.6 -12.0 52 0 44.3 13.8 17.5 3.5 2 0 5 2 2
-3099.9 52.4 -13.3 6 0 60.7 16.2 10.0 2.5 2 0 4 0 0
-4967.3 -766.1 -12.1 359 0 46.6 18.6 14.0 3.5 2 0 4 4 4
-6530.2 -125.2 -11.0 180 0 18.6 16.7 7.5 2.5 2 0 3 2 2
-6394.6 73.5 -11.8 350 0 13.7 14.3 7.5 2.5 2 1 3 1 1
-5692.3 207.6 -13.1 270 0 15.6 58.2 17.5 3.5 2 1 5 5 5
-5970.5 736.7 -14.4 321 0 97.3 18.7 12.5 0.0 0 0 5 4 4
-6938.2 803.3 -10.3 180 0 60.3 16.9 14.0 3.5 2 0 4 4 4
-5175.6 -679.7 -13.3 182 0 77.6 15.1 14.0 3.5 4 0 4 5 5
-5869.9 -72.8 -11.5 270 0 17.5 62.5 17.5 3.5 2 1 5 0 0
-5915.9 -217.5 -11.9 90 0 16.1 57.5 17.5 3.5 2 1 5 5 5
-4468.3 161.8 -15.3 276 0 10.3 52.5 10.0 2.5 4 1 4 0 0
-4521.9 75.0 -14.8 188 0 35.0 17.4 7.5 2.5 2 0 3 3 3
-6521.6 -91.4 -11.1 270 0 16.8 18.6 7.5 2.5 2 1 3 3 3
-4660.9 -698.9 -12.2 181 0 18.2 30.2 14.0 3.5 4 1 4 0 0
-5470.1 -52.5 -11.7 232 0 46.8 14.0 14.0 3.5 4 0 4 0 0
-6818.7 602.9 -11.0 259 0 14.3 47.7 14.0 3.5 4 1 4 4 4
-4689.4 -972.1 -11.9 86 0 12.6 78.2 14.0 3.5 2 1 4 4 4
-5779.3 -88.6 -11.6 270 0 17.0 45.7 17.5 3.5 2 1 5 0 0
-5456.4 -418.5 -12.0 143 0 24.2 15.5 14.0 3.5 2 0 4 4 4
-5119.9 -638.0 -12.8 268 0 15.8 92.0 14.0 3.5 2 1 4 0 0
-5915.7 -76.7 -11.4 270 0 16.4 58.4 17.5 3.5 2 1 5 4 4
-5074.4 -634.9 -12.3 267 0 16.2 92.7 14.0 3.5 2 1 4 0 0
-5387.6 -509.1 -12.5 141 0 20.1 156.2 14.0 0.0 0 1 4 1 1
-4974.6 -648.7 -11.5 359 0 35.2 15.2 14.0 3.5 4 0 4 5 5
-4475.9 51.8 -15.2 97 0 15.7 39.4 10.0 2.5 2 1 4 0 0
-5616.7 -216.0 -12.5 144 0 39.2 22.0 14.0 0.0 0 0 4 1 1
-6897.7 553.4 -10.9 143 0 25.0 13.0 14.0 3.5 2 0 4 2 2
-4651.6 -651.4 -12.3 188 0 57.5 14.9 14.0 3.5 2 0 4 1 1
-5249.4 -441.1 -11.2 43 0 17.9 7.5 10.5 0.0 0 0 3 5 5
-6863.7 596.9 -11.0 259 0 14.0 61.1 14.0 3.5 2 1 4 2 2
-5418.3 -333.2 -12.0 90 0 15.8 62.3 14.0 3.5 2 1 4 5 5
-4731.7 -975.0 -12.1 86 0 12.8 79.2 14.0 3.5 2 1 4 3 3
-5517.2 100.1 -11.6 270 0 13.0 34.2 17.5 0.0 0 1 5 4 4
-6052.0 -63.9 -11.1 270 0 14.2 51.9 17.5 3.5 2 1 5 3 3
-4727.8 -873.7 -12.4 357 0 14.0 24.4 14.0 3.5 2 1 4 5 5
-5314.7 278.3 -12.5 270 0 13.1 49.4 17.5 3.5 2 1 5 0 0
-5327.0 -255.5 -11.6 270 0 14.3 49.0 14.0 0.0 0 1 4 1 1
-6397.6 96.2 -11.8 352 0 13.9 15.1 2.5 2.5 2 1 1 5 5
-5281.5 -346.6 -11.4 54 0 15.4 24.4 14.0 3.5 4 1 4 2 2
-6760.1 773.8 -10.4 254 0 14.4 73.8 14.0 3.5 4 1 4 2 2
-6529.9 -176.2 -10.9 180 0 18.6 16.7 7.5 2.5 2 0 3 1 1
-5463.5 68.2 -11.7 324 0 44.2 13.9 17.5 3.5 2 0 5 0 0
-5632.7 -658.4 -14.0 90 0 14.8 38.8 14.0 3.5 2 1 4 1 1
-5769.8 127.7 -12.8 270 0 16.1 41.4 17.5 3.5 4 1 5 3 3
-5021.5 -669.2 -11.9 358 0 73.6 13.4 14.0 3.5 4 0 4 3 3
-6895.2 590.4 -10.8 258 0 28.3 12.2 14.0 0.0 0 0 4 0 0
-4880.3 -708.6 -11.5 358 0 36.0 28.5 14.0 0.0 0 0 4 1 1
-6799.7 423.8 -12.8 139 0 14.4 6.6 10.5 3.5 2 0 3 3 3
-5255.6 -196.4 -11.4 324 0 49.1 13.1 14.0 3.5 2 0 4 2 2
-6401.7 118.0 -11.8 353 0 13.3 13.9 5.0 2.5 2 1 2 2 2
-6718.7 625.3 -10.4 75 0 14.4 69.7 14.0 3.5 2 1 4 4 4
-6530.3 -151.2 -11.0 180 0 18.6 16.7 10.0 0.0 0 0 4 1 1
-5638.1 -608.1 -14.3 90 0 15.7 52.3 14.0 3.5 2 1 4 0 0
-5018.9 -895.7 -12.9 88 0 16.3 77.0 14.0 3.5 2 1 4 2 2
-6754.1 501.9 -12.3 351 0 47.8 13.1 14.0 3.5 4 0 4 2 2
-4889.7 -773.4 -11.7 88 0 24.1 38.4 14.0 0.0 0 1 4 5 5
-6674.2 -13.0 -13.3 350 0 18.0 15.6 10.0 2.5 2 0 4 3 3
-5779.5 -465.8 -13.4 90 0 15.7 57.5 14.0 3.5 2 1 4 2 2
-5523.8 -207.8 -12.4 180 0 10.5 11.1 14.0 3.5 2 1 4 5 5
-5965.9 -336.3 -12.4 90 0 13.8 69.3 17.5 3.5 2 1 5 5 5
-5606.6 517.7 -13.3 54 0 18.8 59.3 12.5 2.5 2 1 5 1 1
-6835.8 509.4 -11.9 168 0 61.7 13.9 14.0 3.5 4 0 4 1 1
-4554.8 218.6 -14.4 274 0 14.0 39.2 7.5 2.5 2 1 3 4 4
-6011.4 -790.3 -13.2 0 0 46.2 29.3 7.5 0.0 0 0 3 3 3
-5329.8 -423.7 -11.6 53 0 14.7 55.7 14.0 3.5 2 1 4 1 1
-5676.1 -590.9 -14.3 91 0 15.2 34.1 14.0 3.5 2 1 4 1 1
-5108.7 -896.9 -12.8 88 0 15.8 73.4 14.0 3.5 2 1 4 3 3
-5627.8 -2322.9 -10.4 172 0 42.0 49.3 7.5 0.0 0 1 3 3 3
-5522.8 -30.2 -11.8 91 0 15.0 36.6 17.5 3.5 4 1 5 3 3
-5179.6 -765.1 -13.2 182 0 76.6 14.0 14.0 3.5 2 0 4 3 3
-4973.1 -699.9 -11.8 358 0 45.3 14.6 14.0 3.5 4 0 4 4 4
-5613.8 -162.8 -12.2 232 0 66.8 19.3 14.0 3.5 2 0 4 5 5
-5557.1 -119.4 -12.1 233 0 20.4 39.4 14.0 0.0 0 1 4 2 2
-4826.4 -713.6 -12.0 268 0 12.7 101.8 14.0 3.5 2 1 4 0 0
-6666.4 -37.4 -13.1 351 0 18.7 16.1 10.0 2.5 2 0 4 3 3
-6854.0 609.4 -10.7 83 0 53.7 11.1 14.0 0.0 0 0 4 1 1
-3124.8 -68.6 -13.5 97 0 7.5 82.4 7.5 2.5 2 1 3 0 0
-4786.1 -854.0 -12.5 177 0 60.4 14.5 14.0 3.5 2 0 4 5 5
-5450.3 -508.9 -12.4 0 0 16.7 15.4 14.0 3.5 4 0 4 4 4
-4940.3 -771.2 -11.8 178 0 68.0 16.5 14.0 3.5 4 0 4 0 0
-6479.0 -137.9 -11.0 0 0 18.6 16.8 10.0 2.5 4 0 4 0 0
-6409.1 162.4 -11.9 352 0 13.4 13.3 10.0 2.5 2 0 4 2 2
-5268.2 -379.4 -11.3 54 0 15.0 24.6 14.0 0.0 0 1 4 2 2
-5370.9 822.9 -12.0 356 0 119.8 15.2 7.5 0.0 0 0 3 3 3
-5066.1 -610.7 -12.1 180 0 12.4 20.0 14.0 3.5 4 1 4 1 1
-5064.7 -897.7 -12.8 88 0 16.9 77.0 14.0 0.0 0 1 4 3 3
-3859.6 1498.5 -14.9 358 0 58.0 17.5 10.0 2.5 2 0 4 0 0
-5516.9 8.9 -12.1 91 0 12.7 34.2 17.5 3.5 2 1 5 3 3
-5407.2 -458.9 -11.9 143 0 60.9 17.0 14.0 3.5 2 0 4 0 0
-6837.4 601.0 -10.6 258 0 11.8 14.1 14.0 3.5 4 1 4 5 5
-5761.9 -26.4 -11.7 90 0 17.2 24.7 17.5 3.5 2 1 5 5 5
-5652.8 286.3 -12.5 289 0 19.6 24.7 17.5 3.5 4 1 5 1 1
-5379.6 -46.1 -11.9 278 0 17.1 24.3 14.0 3.5 2 1 4 4 4
-5350.4 -85.4 -11.8 278 0 17.1 24.3 14.0 3.5 2 1 4 0 0
-5053.0 -480.2 -11.1 199 0 16.4 19.4 14.0 3.5 2 1 4 5 5
-5305.2 -211.3 -11.6 278 0 17.1 24.3 14.0 0.0 0 1 4 5 5
-5614.5 256.7 -13.2 289 0 19.6 24.7 17.5 3.5 2 1 5 5 5
-5270.3 -246.9 -11.4 278 0 17.1 24.3 14.0 3.5 4 1 4 4 4
-5831.6 63.7 -12.5 90 0 17.2 24.7 17.5 3.5 2 1 5 2 2
-5370.1 -226.5 -11.8 278 0 17.1 24.3 14.0 3.5 2 1 4 3 3
-5582.0 -260.1 -12.7 91 0 15.6 23.9 14.0 3.5 2 1 4 3 3
-5477.5 -255.5 -12.2 91 0 15.6 23.9 14.0 3.5 4 1 4 5 5
-5738.4 7.4 -12.0 90 0 17.2 24.7 17.5 3.5 2 1 5 5 5
-5801.3 25.8 -12.1 90 0 17.2 24.7 17.5 3.5 2 1 5 4 4
-4988.9 1630.9 -12.9 126 0 14.6 56.1 10.0 2.5 2 1 4 2 2
-4930.2 1577.1 -13.2 128 0 14.6 63.7 7.5 2.5 2 1 3 5 5
-4806.5 1673.6 -13.3 282 0 12.8 73.0 12.5 0.0 0 1 5 5 5
-4888.7 1561.6 -13.2 127 0 15.1 50.3 7.5 2.5 2 1 3 2 2
-4923.6 1652.3 -13.1 307 0 14.8 56.5 5.0 2.5 2 1 2 2 2
-5005.8 1683.3 -12.8 216 0 53.2 13.3 10.0 2.5 2 0 4 0 0
-192.7 -5824.1 -10.4 269 0 13.8 111.9 10.0 2.5 2 1 4 2 2
-4250.3 300.3 -16.3 90 0 13.9 57.0 7.5 2.5 2 1 3 4 4
-4206.2 300.6 -16.2 90 0 12.7 56.7 10.0 2.5 2 1 4 4 4
-6839.5 4107.6 -16.4 186 0 89.2 14.2 14.0 3.5 2 0 4 1 1
-1002.6 5314.4 -18.0 267 0 17.4 253.0 10.0 0.0 0 1 4 5 5
-6852.5 4009.0 -16.5 188 0 89.1 14.2 14.0 3.5 2 0 4 3 3
-4793.7 -104.5 -12.6 0 0 66.1 10.4 7.5 2.5 2 0 3 3 3
-4290.7 300.9 -16.4 90 0 13.6 56.4 7.5 2.5 2 1 3 5 5
-4370.5 357.7 -16.6 270 0 13.6 57.1 7.5 2.5 2 1 3 1 1
-107.2 -5965.5 -11.9 360 0 69.8 12.9 7.5 2.5 2 0 3 4 4
-4330.8 301.5 -16.5 89 0 12.9 56.2 7.5 2.5 2 1 3 4 4
-6894.2 5779.6 -14.5 172 0 124.4 13.4 5.0 0.0 0 0 2 4 4
-148.0 -5823.1 -10.9 270 0 12.3 83.0 7.5 2.5 2 1 3 5 5
-4462.5 288.5 -15.5 273 0 14.2 63.2 10.0 2.5 2 1 4 3 3
-103.6 -5913.2 -11.7 90 0 13.4 88.6 7.5 2.5 4 1 3 5 5
-4411.7 356.7 -16.3 269 0 13.6 58.2 7.5 2.5 2 1 3 2 2
479.4 -9988.0 -24.8 180 0 110.6 12.1 7.5 2.5 2 0 3 5 5
-154.5 -6001.7 -11.3 89 0 13.2 64.4 10.0 2.5 2 1 4 3 3
-1592.6 5457.0 -21.3 0 0 194.5 120.9 12.5 0.0 0 0 5 1 1
-4528.0 -651.5 -12.2 90 0 44.2 14.0 14.0 3.5 2 0 4 2 2
-4496.9 -558.6 -12.3 0 0 59.0 14.4 14.0 3.5 2 0 4 0 0
-4496.8 -616.9 -12.2 360 0 39.0 14.3 14.0 3.5 4 0 4 0 0
-4609.6 -584.4 -12.3 270 0 14.9 39.1 14.0 3.5 2 1 4 4 4
-4540.8 -551.1 -12.3 0 0 72.9 11.8 14.0 3.5 2 0 4 2 2
-4594.1 -544.8 -12.4 180 0 57.6 12.1 14.0 3.5 2 0 4 3 3
-5004.6 -1120.4 -11.6 267 0 15.2 90.2 7.5 2.5 2 1 3 5 5
-4545.2 -624.4 -12.2 90 0 14.4 25.4 14.0 3.5 2 1 4 5 5
-5047.3 -1120.6 -11.7 267 0 15.9 65.5 10.0 2.5 2 1 4 5 5
-5097.3 -1140.0 -11.8 178 0 38.8 15.8 7.5 2.5 4 0 3 1 1
-4586.5 -635.0 -12.2 91 0 29.6 14.5 14.0 3.5 2 0 4 4 4
-4547.9 -1205.7 -10.8 181 0 63.5 14.3 14.0 3.5 2 0 4 4 4
-5580.1 -2346.5 -10.2 262 0 12.9 64.4 7.5 2.5 2 1 3 2 2
-4465.3 -754.4 -11.7 181 0 84.7 13.0 10.5 3.5 2 0 3 1 1
-5624.0 -2385.1 -10.0 172 0 66.3 12.7 10.0 2.5 4 0 4 0 0
-4342.7 -795.9 -11.5 91 0 12.0 83.5 10.5 3.5 2 1 3 4 4
-3353.6 45.7 -13.6 89 0 11.4 78.9 10.0 2.5 4 1 4 4 4
-3546.0 -1255.6 -3.2 270 0 92.1 127.4 10.0 0.0 0 1 4 2 2
-5571.2 -2454.1 -9.6 172 0 64.9 12.9 10.0 2.5 4 0 4 4 4
-5505.4 -2571.3 -9.0 82 0 12.6 76.3 12.5 2.5 2 1 5 2 2
-6791.9 778.1 -10.6 358 0 15.9 54.2 14.0 3.5 2 1 4 5 5
-5512.5 755.2 -11.4 90 0 18.7 59.9 12.5 2.5 2 1 5 1 1
-3998.6 -712.0 -11.1 271 0 15.7 109.5 14.0 0.0 0 1 4 0 0
-5597.5 -2569.3 -9.2 172 0 122.9 12.4 10.0 2.5 2 0 4 0 0
-5640.7 1840.7 -12.0 85 0 11.3 73.5 10.0 2.5 2 1 4 4 4
-5463.8 792.6 -11.4 350 0 60.2 14.4 7.5 0.0 0 0 3 4 4
-5528.1 1851.2 -12.3 85 0 12.0 73.0 7.5 2.5 2 1 3 2 2
-6932.1 70.0 -10.8 180 0 18.3 15.2 7.5 2.5 2 0 3 1 1
-5543.8 -2602.9 -8.9 82 0 12.8 102.5 10.0 0.0 0 1 4 2 2
-6862.2 75.0 -11.7 89 0 15.4 17.1 7.5 2.5 4 1 3 5 5
-6932.2 93.8 -10.8 181 0 19.1 15.2 10.0 2.5 4 0 4 3 3
-5481.4 -2431.5 -9.5 352 0 40.6 12.0 7.5 2.5 2 0 3 4 4
-6740.7 438.1 -13.1 77 0 12.8 26.9 14.0 3.5 2 1 4 0 0
-6866.3 115.7 -11.7 269 0 15.4 17.1 7.5 2.5 2 1 3 5 5
-6860.6 51.2 -11.6 89 0 15.4 17.1 12.5 2.5 2 1 5 0 0
-6695.7 387.5 -13.5 165 0 22.9 11.4 14.0 3.5 2 0 4 2 2
-4547.5 -1139.0 -10.8 181 0 50.5 11.4 14.0 3.5 2 0 4 2 2
-5553.7 755.9 -11.0 90 0 18.5 58.5 10.0 2.5 2 1 4 5 5
-4495.6 -1164.4 -10.6 91 0 15.2 49.5 14.0 3.5 2 1 4 4 4
-6350.9 489.1 -13.3 360 0 71.2 16.9 17.5 3.5 2 0 5 2 2
-6668.4 432.8 -13.6 346 0 22.9 11.6 14.0 3.5 2 0 4 0 0
-6052.0 580.8 -19.0 272 0 16.0 33.6 17.5 3.5 2 1 5 0 0
-4419.9 -796.6 -11.6 91 0 14.2 84.6 10.5 3.5 2 1 3 5 5
-4252.4 -715.5 -11.2 270 0 13.8 85.0 10.5 0.0 0 1 3 0 0
-3292.4 -19.8 -14.0 269 0 19.1 54.8 12.5 2.5 4 1 5 3 3
-3997.9 -892.5 -11.0 86 0 11.3 61.8 14.0 0.0 0 1 4 2 2
-3375.7 -26.5 -14.2 181 0 13.7 47.9 15.0 2.5 2 1 6 4 4
-4623.1 -1336.1 -11.2 2 0 107.3 13.7 10.0 0.0 0 0 4 5 5
-5466.2 -2505.6 -9.2 352 0 81.7 13.1 10.0 2.5 2 0 4 0 0
-6685.0 768.3 -10.2 271 0 16.7 40.7 14.0 3.5 2 1 4 3 3
-6708.9 467.3 -12.9 347 0 6.9 13.6 10.5 0.0 0 1 3 2 2
-4710.7 -1280.7 -11.7 272 0 12.9 79.9 10.0 2.5 2 1 4 1 1
-5533.2 -2378.2 -9.6 262 0 11.5 110.9 7.5 2.5 2 1 3 5 5
-5603.7 1844.2 -12.2 85 0 11.5 72.5 5.0 2.5 2 1 2 4 4
-6646.4 742.0 -10.2 270 0 13.8 83.8 14.0 3.5 2 1 4 4 4
-5490.6 1854.9 -12.5 86 0 11.7 72.4 10.0 2.5 2 1 4 5 5
-6706.6 423.9 -13.4 166 0 26.3 9.1 10.5 0.0 0 0 3 5 5
-6889.1 105.7 -11.4 270 0 15.4 17.1 10.0 2.5 2 1 4 5 5
-4669.8 -1282.0 -11.5 272 0 13.5 97.6 7.5 2.5 2 1 3 4 4
-5565.4 1847.7 -12.3 85 0 11.7 73.0 10.0 2.5 2 1 4 4 4
-5613.0 -2459.9 -9.9 172 0 65.0 12.2 7.5 2.5 4 0 3 1 1
-4381.7 -797.4 -11.5 91 0 11.9 86.0 10.5 3.5 4 1 3 2 2
-5449.2 1895.6 -12.5 356 0 73.6 11.6 10.0 2.5 2 0 4 2 2
-6888.2 58.2 -11.3 89 0 15.4 17.1 10.0 2.5 2 1 4 2 2
-6776.2 522.9 -11.5 352 0 26.0 11.6 14.0 3.5 2 0 4 5 5
-4279.6 -687.5 -11.3 271 0 93.3 15.7 10.5 3.5 2 0 3 5 5
-4390.7 -685.4 -11.6 270 0 110.8 19.0 10.5 0.0 0 0 3 4 4
-4272.8 -625.0 -11.5 90 0 98.0 15.5 14.0 0.0 0 0 4 5 5
-4386.6 -625.9 -12.1 89 0 111.3 15.7 14.0 0.0 0 0 4 1 1
-2605.9 680.1 -14.0 103 0 13.1 50.1 10.0 2.5 2 1 4 5 5
-2579.6 678.7 -14.0 100 0 13.8 38.5 7.5 2.5 2 1 3 3 3
-2406.9 915.5 -16.5 1 0 152.8 30.7 10.0 0.0 0 0 4 4 4
-2804.3 930.1 -16.0 180 0 89.1 178.5 5.0 0.0 0 1 2 5 5
-2553.7 667.6 -14.2 99 0 9.6 23.4 7.5 2.5 2 1 3 1 1
-2512.4 861.1 -16.2 1 0 259.9 29.1 12.5 0.0 0 0 5 0 0
-2574.9 991.0 -16.1 271 0 28.9 122.2 10.0 0.0 0 1 4 2 2
-4092.3 -711.7 -11.0 271 0 17.4 109.2 14.0 0.0 0 1 4 4 4
-2603.1 807.2 -13.9 271 0 10.1 59.3 12.5 2.5 2 1 5 4 4
-3416.6 -1575.3 -5.3 90 0 35.1 129.2 10.0 0.0 0 1 4 1 1
-3359.4 -1574.8 -6.6 90 0 35.6 128.8 12.5 0.0 0 1 5 2 2
-4114.8 576.1 -12.1 90 0 15.5 60.4 14.0 3.5 2 1 4 3 3
-4948.7 -1209.6 -11.5 357 0 59.7 16.1 7.5 2.5 2 0 3 0 0
-6209.3 2009.1 -11.7 265 0 68.0 126.3 14.0 0.0 0 1 4 1 1
-4550.3 -278.3 -12.6 270 0 72.8 12.2 14.0 3.5 2 0 4 5 5
-3374.9 -1238.4 -6.8 270 0 120.4 188.6 10.0 0.0 0 1 4 3 3
-6740.0 4051.2 -12.9 90 0 14.1 74.1 14.0 3.5 2 1 4 3 3
-6681.0 4113.1 -13.5 360 0 88.6 16.2 14.0 0.0 0 0 4 0 0
-4158.3 602.4 -12.3 181 0 69.9 14.1 14.0 3.5 2 0 4 0 0
-4587.3 -420.5 -12.5 269 0 14.8 75.6 14.0 3.5 2 1 4 0 0
-4076.3 479.1 -13.6 90 0 14.3 84.4 14.0 3.5 2 1 4 3 3
-4546.3 -421.3 -12.4 270 0 14.7 76.1 14.0 3.5 2 1 4 1 1
-5999.7 2155.4 -12.0 355 0 49.2 109.5 7.5 0.0 0 1 3 3 3
-4493.3 -329.7 -12.5 1 0 41.8 20.0 14.0 3.5 2 0 4 1 1
-4078.4 637.0 -12.1 269 0 13.4 60.7 14.0 3.5 2 1 4 3 3
-5987.1 2105.0 -11.8 354 0 25.7 115.6 10.0 0.0 0 1 4 0 0
-4538.5 -298.4 -12.6 271 0 14.3 50.8 14.0 3.5 2 1 4 2 2
-3551.0 -1587.0 -4.5 90 0 107.4 155.8 12.5 0.0 0 1 5 5 5
-4496.6 -383.9 -12.5 0 0 51.9 15.0 14.0 3.5 2 0 4 4 4
-4549.4 -243.6 -12.7 90 0 81.1 14.9 14.0 3.5 4 0 4 3 3
-4645.1 -423.7 -12.4 269 0 14.8 58.7 14.0 3.5 4 1 4 4 4
-6787.5 4138.7 -14.2 270 0 14.4 75.0 14.0 3.5 2 1 4 4 4
-4114.5 725.4 -12.9 270 0 14.1 75.0 14.0 3.5 4 1 4 4 4
-4497.0 -465.4 -12.4 0 0 90.6 14.9 14.0 3.5 2 0 4 3 3
-4961.1 -1124.8 -11.5 267 0 16.2 44.1 5.0 2.5 2 1 2 2 2
-4552.6 -383.9 -12.5 180 0 52.2 15.3 14.0 3.5 2 0 4 4 4
-4038.1 478.9 -13.5 89 0 12.6 72.1 14.0 3.5 2 1 4 3 3
4350.4 -2526.8 -19.9 180 0 35.7 12.9 15.0 0.0 0 0 6 5 5
4165.1 -1688.4 -27.0 0 0 120.9 55.7 10.0 0.0 0 0 4 3 3
3509.5 -978.8 -16.4 89 0 14.7 114.4 7.5 0.0 0 1 3 3 3
2349.0 -2523.3 -14.1 116 0 29.6 10.9 7.5 2.5 2 0 3 5 5
4464.2 -2182.5 -20.5 270 0 161.4 430.6 10.0 0.0 0 1 4 3 3
2328.2 -2212.6 -14.8 270 0 29.0 120.0 10.0 0.0 0 1 4 5 5
4138.9 -2116.8 -18.7 270 0 57.1 39.4 12.5 0.0 0 0 5 3 3
3535.3 -736.6 -16.7 269 0 12.8 40.7 7.5 2.5 2 1 3 1 1
4717.1 -1991.4 -16.3 359 0 50.9 86.1 7.5 0.0 0 1 3 1 1
4139.2 -1823.8 -27.1 270 0 58.6 224.8 10.0 0.0 0 1 4 4 4
4356.2 -1824.3 -28.6 270 0 9.5 54.5 7.5 2.5 2 1 3 1 1
4349.3 -1924.1 -26.8 180 0 36.6 13.6 10.0 2.5 2 0 4 3 3
2372.8 -2409.1 -14.6 360 0 120.0 29.0 5.0 0.0 0 0 2 5 5
4654.0 -1788.7 -25.4 90 0 119.8 167.5 10.0 0.0 0 1 4 3 3
2370.7 -2212.6 -14.5 270 0 29.0 120.0 7.5 0.0 0 1 3 1 1
3498.3 -796.9 -16.2 181 0 36.4 14.0 7.5 2.5 2 0 3 5 5
2301.3 -2409.9 -14.9 180 0 120.0 29.0 10.0 0.0 0 0 4 4 4
3504.5 -699.8 -15.9 270 0 14.3 36.6 10.0 2.5 2 1 4 4 4
3432.5 -866.6 -14.7 270 0 13.2 113.4 7.5 0.0 0 1 3 0 0
3577.5 -797.5 -17.6 1 0 37.9 14.8 7.5 2.5 2 0 3 5 5
3575.4 -720.7 -17.3 1 0 31.2 13.8 10.0 2.5 2 0 4 1 1
4194.3 -1706.2 -27.7 180 0 169.1 360.2 12.5 0.0 0 1 5 3 3
2326.6 -2495.3 -14.3 180 0 19.8 42.2 10.0 2.5 2 1 4 3 3
3598.2 -979.4 -18.4 90 0 13.6 114.7 10.0 2.5 2 1 4 0 0
4516.0 -1820.9 -25.5 270 0 81.5 331.4 10.0 0.0 0 1 4 5 5
5845.6 -3669.6 -22.7 4 0 56.2 96.5 12.5 0.0 0 1 5 1 1
4017.2 -2481.9 -18.7 270 0 14.4 61.7 10.0 2.5 2 1 4 4 4
4055.7 -2482.3 -18.9 270 0 14.3 61.4 10.0 2.5 2 1 4 2 2
-5252.4 4783.0 -10.9 93 0 13.9 87.7 7.5 2.5 4 1 3 0 0
-5186.1 4785.1 -10.8 91 0 12.4 88.6 7.5 2.5 2 1 3 4 4
-4983.2 4863.1 -10.6 91 0 12.4 24.1 10.0 2.5 2 1 4 3 3
-5182.8 4976.6 -12.0 271 0 12.4 88.6 7.5 2.5 2 1 3 0 0
-5246.5 4977.2 -12.2 271 0 12.4 88.6 10.0 2.5 2 1 4 0 0
-5254.1 5058.6 -13.7 90 0 12.2 61.9 7.5 2.5 2 1 3 2 2
-5257.6 5166.9 -14.6 180 0 61.9 12.2 10.0 2.5 4 0 4 4 4
-5183.7 5060.0 -13.6 90 0 12.2 61.9 10.0 2.5 2 1 4 2 2
-5186.3 5136.3 -14.4 90 0 12.2 61.9 10.0 2.5 2 1 4 0 0
-5125.9 5059.7 -13.2 90 0 12.2 61.9 7.5 0.0 0 1 3 4 4
-4557.1 -2201.1 -8.3 90 0 6.1 24.7 2.5 2.5 4 1 1 1 1
-3013.5 1097.3 -16.7 180 0 66.5 14.9 14.0 3.5 2 0 4 0 0
-2489.7 1288.7 -17.2 359 0 10.4 89.0 10.0 0.0 0 1 4 2 2
3900.0 -5982.9 -24.0 90 0 12.6 72.6 14.0 3.5 4 1 4 2 2
3948.4 -5737.8 -23.7 90 0 14.7 71.1 10.5 3.5 2 1 3 2 2
5116.4 -4905.6 -18.4 25 0 11.8 60.3 7.5 2.5 4 1 3 2 2
3456.6 -5464.7 -18.0 90 0 19.8 58.2 14.0 3.5 4 1 4 2 2
3819.7 -5946.4 -23.2 180 0 71.6 13.1 14.0 3.5 4 0 4 3 3
3985.8 -4315.5 -20.8 27 0 12.3 39.7 10.0 2.5 4 1 4 0 0
5039.6 -4929.4 -19.5 205 0 19.0 59.9 10.0 2.5 2 1 4 1 1
3825.8 -5826.9 -22.9 270 0 12.6 75.7 14.0 3.5 2 1 4 1 1
5105.4 -4927.9 -19.0 25 0 15.0 59.5 10.0 2.5 2 1 4 4 4
-3627.4 2175.4 -20.4 180 0 33.0 14.0 10.0 2.5 2 0 4 3 3
-2392.3 866.2 -15.4 180 0 53.6 12.8 10.0 2.5 2 0 4 0 0
5456.4 -5413.5 -21.4 270 0 141.0 73.0 10.0 0.0 0 0 4 2 2
3534.9 -4485.0 -17.1 191 0 48.3 12.0 10.0 0.0 0 0 4 2 2
3560.2 -5935.7 -20.5 91 0 11.9 51.0 12.5 2.5 2 1 5 1 1
5490.5 -5230.1 -20.6 131 0 38.7 63.4 7.5 0.0 0 1 3 1 1
-2982.1 1578.0 -17.4 270 0 67.8 20.7 10.0 2.5 2 0 4 5 5
3859.4 -4285.8 -20.9 185 0 12.9 80.5 10.0 2.5 2 1 4 3 3
3607.6 -5850.0 -20.7 0 0 50.7 12.3 7.5 2.5 2 0 3 0 0
-3012.9 1030.4 -15.7 180 0 19.6 14.4 14.0 3.5 2 0 4 0 0
3607.9 -5910.3 -20.9 360 0 49.8 14.1 12.5 2.5 2 0 5 4 4
4394.0 -2777.1 -22.2 180 0 25.0 18.4 7.5 2.5 2 0 3 2 2
3563.8 -5824.5 -20.3 270 0 11.5 50.6 10.0 2.5 2 1 4 0 0
-2978.4 1028.7 -16.5 89 0 19.8 38.8 14.0 0.0 0 1 4 0 0
3555.8 -4389.3 -18.3 280 0 16.9 59.4 12.5 2.5 2 1 5 3 3
-2527.1 1108.9 -16.6 360 0 10.6 65.2 10.0 2.5 2 1 4 3 3
4392.1 -2816.6 -22.5 180 0 26.1 21.7 7.5 0.0 0 0 3 4 4
3334.0 -5477.5 -16.9 90 0 17.0 54.3 14.0 3.5 4 1 4 2 2
3304.8 -5370.6 -16.3 271 0 16.5 16.1 12.5 2.5 2 0 5 4 4
1272.4 -4486.4 -15.5 172 0 10.8 15.4 2.5 2.5 2 1 1 3 3
4394.8 -2861.0 -22.9 180 0 30.8 17.8 10.0 2.5 2 0 4 2 2
-2579.1 1192.4 -16.8 359 0 47.6 14.0 7.5 2.5 2 0 3 3 3
1265.2 -4578.5 -15.1 354 0 13.4 9.5 5.0 2.5 2 0 2 3 3
1276.0 -4502.5 -15.4 172 0 11.7 14.7 5.0 0.0 0 1 2 5 5
1263.5 -4558.2 -15.2 351 0 14.7 10.5 2.5 2.5 4 0 1 4 4
1282.2 -4536.2 -15.2 171 0 11.7 14.6 7.5 2.5 2 1 3 1 1
1256.4 -4517.3 -15.4 350 0 14.4 9.9 5.0 2.5 4 0 2 1 1
3377.2 -5477.1 -17.3 90 0 16.0 78.8 14.0 0.0 0 1 4 4 4
1259.9 -4537.5 -15.3 351 0 14.8 9.8 5.0 2.5 2 0 2 5 5
3410.9 -5462.7 -17.6 90 0 13.7 63.8 14.0 0.0 0 1 4 3 3
3284.1 -5485.8 -17.2 180 0 105.6 11.2 14.0 3.5 2 0 4 3 3
3862.9 -5826.5 -23.3 270 0 13.5 75.8 14.0 3.5 2 1 4 5 5
3862.6 -5981.6 -23.6 90 0 12.8 70.7 14.0 3.5 2 1 4 3 3
1292.5 -4600.8 -14.8 173 0 10.7 14.8 5.0 2.5 2 1 2 1 1
-3028.8 1099.0 -16.0 308 0 14.4 46.4 14.0 3.5 2 1 4 5 5
3905.9 -5864.5 -23.7 0 0 75.1 12.8 14.0 3.5 2 0 4 2 2
3976.8 -5699.8 -23.9 0 0 68.1 15.4 10.5 3.5 2 0 3 0 0
3284.8 -5646.2 -18.2 180 0 68.9 10.7 14.0 3.5 2 0 4 4 4
2974.0 -5186.7 -14.5 2 0 41.7 21.6 10.0 0.0 0 0 4 5 5
3560.3 -5701.5 -20.0 270 0 12.5 77.1 14.0 3.5 2 1 4 4 4
3300.6 -5597.7 -17.7 360 0 12.4 17.9 14.0 3.5 2 1 4 3 3
3506.3 -5589.3 -18.9 270 0 10.0 21.9 10.5 3.5 2 1 3 3 3
3493.7 -5513.7 -18.7 180 0 70.6 17.8 14.0 3.5 2 0 4 1 1
3285.3 -5724.9 -18.8 180 0 64.7 11.2 14.0 3.5 2 0 4 3 3
3502.3 -5401.8 -18.4 270 0 12.6 65.1 14.0 0.0 0 1 4 2 2
3600.5 -5693.9 -20.2 90 0 12.5 78.0 10.5 3.5 2 1 3 4 4
3460.6 -5674.5 -18.7 90 0 13.3 73.5 14.0 3.5 2 1 4 0 0
3549.9 -5400.1 -18.9 270 0 13.1 65.6 14.0 3.5 2 1 4 5 5
3601.1 -5702.1 -20.4 270 0 11.7 78.3 14.0 3.5 2 1 4 3 3
3335.3 -5776.0 -18.8 90 0 13.5 84.2 10.5 3.5 2 1 3 5 5
3641.2 -5703.0 -20.8 270 0 12.3 79.6 14.0 3.5 2 1 4 2 2
3641.1 -5695.2 -20.5 90 0 12.3 78.2 10.5 3.5 2 1 3 5 5
3339.5 -5679.9 -18.1 90 0 13.5 90.5 14.0 3.5 2 1 4 0 0
3518.7 -5694.4 -19.4 90 0 11.8 77.3 10.5 3.5 2 1 3 1 1
3594.6 -5397.7 -19.3 270 0 13.0 75.8 14.0 0.0 0 1 4 5 5
3604.0 -5571.6 -19.8 90 0 13.6 10.3 14.0 0.0 0 0 4 0 0
3932.2 -5762.6 -23.6 0 0 34.7 15.0 10.5 3.5 2 0 3 4 4
3377.4 -5776.7 -18.6 90 0 13.5 84.7 10.5 3.5 2 1 3 5 5
3756.1 -5505.8 -20.9 0 0 27.1 11.2 14.0 3.5 2 0 4 5 5
3560.0 -5695.2 -19.8 90 0 11.9 78.3 10.5 3.5 2 1 3 2 2
3715.9 -5653.0 -21.2 90 0 16.2 47.2 14.0 3.5 2 1 4 4 4
3751.2 -5457.3 -20.7 270 0 10.8 28.8 14.0 3.5 4 1 4 5 5
4223.5 -5287.6 -23.1 270 0 119.7 26.7 12.5 0.0 0 0 5 0 0
3753.7 -5654.5 -21.5 91 0 14.5 48.6 14.0 3.5 4 1 4 5 5
3917.1 -5702.9 -23.4 180 0 73.5 8.6 10.5 3.5 2 0 3 4 4
3419.7 -5775.9 -18.7 90 0 13.8 84.2 10.5 3.5 2 1 3 0 0
3890.0 -5476.5 -21.8 1 0 39.6 12.1 14.0 3.5 2 0 4 1 1
5852.4 -5414.1 -21.5 288 0 77.7 48.3 10.0 0.0 0 0 4 4 4
3756.0 -5563.0 -21.3 1 0 64.2 11.7 14.0 0.0 0 0 4 4 4
3461.0 -5768.8 -19.0 90 0 12.5 76.9 10.5 3.5 4 1 3 4 4
3818.2 -5496.3 -21.3 90 0 11.5 38.9 14.0 3.5 2 1 4 0 0
3631.5 -5591.5 -20.2 270 0 12.1 19.2 10.5 3.5 2 1 3 4 4
3518.9 -5701.8 -19.6 270 0 11.7 76.9 14.0 3.5 2 1 4 4 4
4197.4 -5237.7 -23.6 177 0 68.6 13.5 14.0 3.5 2 0 4 1 1
3201.3 -4620.7 -18.4 291 0 15.1 26.5 5.0 2.5 2 1 2 3 3
4286.1 -4199.2 -21.2 186 0 45.6 48.1 12.5 0.0 0 1 5 4 4
3398.7 -4415.6 -17.6 295 0 12.1 17.9 2.5 2.5 2 1 1 0 0
4174.1 -5013.2 -22.2 182 0 39.1 12.1 10.5 3.5 2 0 3 0 0
3937.9 -5306.2 -21.4 271 0 39.3 17.2 14.0 3.5 2 0 4 5 5
3941.8 -5380.7 -21.8 271 0 13.1 22.6 14.0 3.5 2 1 4 4 4
2841.2 -4672.6 -18.4 177 0 14.6 53.7 7.5 2.5 2 1 3 1 1
3370.8 -4400.9 -17.8 296 0 11.4 24.3 10.0 2.5 4 1 4 0 0
4687.2 -5116.0 -20.4 268 0 10.7 52.6 14.0 3.5 2 1 4 2 2
3778.6 -5423.2 -20.6 0 0 34.0 21.3 14.0 0.0 0 0 4 1 1
2973.9 -4602.9 -19.2 357 0 8.9 24.9 2.5 2.5 2 1 1 1 1
4697.3 -4334.4 -19.7 94 0 9.0 40.8 7.5 2.5 2 1 3 5 5
3498.2 -4411.4 -18.7 83 0 13.1 50.8 12.5 2.5 2 1 5 4 4
4055.6 -5480.1 -23.2 90 0 15.9 30.7 14.0 3.5 4 1 4 3 3
2843.9 -4736.9 -18.1 179 0 73.9 54.3 12.5 0.0 0 0 5 0 0
3144.9 -4588.2 -18.1 272 0 18.9 10.0 2.5 2.5 2 0 1 4 4
3032.3 -4523.4 -18.7 96 0 10.8 13.7 5.0 2.5 4 1 2 4 4
3359.1 -4387.6 -17.9 296 0 8.8 40.2 7.5 2.5 2 1 3 2 2
4728.1 -5115.0 -20.4 268 0 12.5 53.6 14.0 3.5 2 1 4 3 3
3034.7 -4574.9 -18.7 90 0 12.5 42.8 7.5 2.5 2 1 3 4 4
4454.0 -4931.9 -20.1 4 0 62.1 16.0 14.0 3.5 4 0 4 0 0
3317.6 -3737.7 -22.6 12 0 191.3 18.7 10.0 0.0 0 0 4 3 3
3381.4 -4800.8 -18.6 29 0 16.1 6.5 2.5 2.5 2 0 1 0 0
3886.3 -5304.7 -21.0 272 0 39.2 16.4 14.0 3.5 2 0 4 2 2
4648.5 -5209.6 -20.9 177 0 55.0 17.9 14.0 3.5 2 0 4 3 3
4356.9 -4957.0 -20.4 93 0 14.8 60.2 14.0 3.5 2 1 4 1 1
4644.3 -5277.2 -21.4 190 0 61.6 18.2 14.0 3.5 2 0 4 3 3
4400.1 -4959.6 -20.3 94 0 14.3 61.8 14.0 3.5 2 1 4 0 0
2967.4 -4685.3 -18.9 86 0 8.4 48.8 7.5 2.5 2 1 3 4 4
3822.9 -5302.4 -20.6 272 0 61.7 18.4 14.0 3.5 2 0 4 2 2
4390.6 -4194.4 -21.1 7 0 71.1 45.4 15.0 0.0 0 0 6 3 3
4690.3 -5238.8 -20.8 90 0 11.6 60.2 14.0 3.5 2 1 4 2 2
4314.2 -4955.2 -20.6 93 0 15.2 62.1 14.0 0.0 0 1 4 0 0
4767.1 -5116.2 -20.6 268 0 11.4 53.2 14.0 3.5 2 1 4 0 0
4470.2 -5297.3 -22.2 197 0 26.0 41.2 14.0 0.0 0 1 4 0 0
3107.8 -4731.2 -17.5 179 0 23.4 12.6 10.0 2.5 2 0 4 4 4
4271.5 -4951.8 -20.8 93 0 12.4 60.7 14.0 3.5 2 1 4 1 1
4659.2 -4956.1 -20.3 360 0 69.8 17.2 14.0 3.5 2 0 4 2 2
2988.7 -4527.7 -19.3 88 0 7.0 13.7 7.5 2.5 4 1 3 1 1
4506.0 -4133.2 -20.4 184 0 36.7 35.6 7.5 0.0 0 0 3 1 1
3884.6 -5449.7 -21.6 2 0 9.0 24.9 10.5 3.5 2 1 3 2 2
3163.4 -4576.8 -18.5 101 0 13.5 22.7 7.5 0.0 0 1 3 0 0
2661.2 -3613.2 -12.1 275 0 11.5 102.1 7.5 2.5 2 1 3 1 1
4659.6 -5045.4 -20.2 0 0 86.2 17.8 14.0 3.5 2 0 4 2 2
3014.4 -4592.8 -19.0 269 0 19.4 45.6 7.5 2.5 2 1 3 3 3
4595.0 -4139.1 -19.8 6 0 41.2 14.5 7.5 0.0 0 0 3 5 5
3881.5 -5411.8 -21.5 273 0 20.4 31.1 14.0 0.0 0 1 4 1 1
4154.1 -4993.9 -21.6 0 0 59.9 13.3 14.0 3.5 2 0 4 0 0
3121.7 -4574.3 -18.3 90 0 9.0 39.6 7.5 2.5 2 1 3 4 4
4068.1 -5053.8 -21.1 270 0 15.9 39.7 10.5 3.5 2 1 3 2 2
2883.7 -4584.6 -19.0 268 0 19.4 74.0 10.0 2.5 2 1 4 1 1
4312.9 -4976.8 -20.9 270 0 14.2 24.6 14.0 3.5 2 1 4 0 0
4919.3 -4351.2 -21.3 303 0 100.1 47.5 7.5 0.0 0 0 3 5 5
2954.5 -4564.7 -19.6 84 0 30.1 8.8 7.5 2.5 2 0 3 0 0
4367.6 -4094.0 -21.7 276 0 15.2 48.3 12.5 2.5 2 1 5 2 2
3783.4 -5080.8 -18.9 180 0 59.9 11.9 14.0 3.5 2 0 4 3 3
4403.2 -5273.5 -22.3 89 0 12.4 64.4 14.0 3.5 2 1 4 0 0
4015.2 -5399.2 -22.4 2 0 35.9 14.1 14.0 3.5 2 0 4 2 2
3074.7 -4590.6 -18.6 269 0 94.6 46.6 10.0 0.0 0 0 4 1 1
4008.4 -5050.0 -20.6 271 0 15.6 40.4 10.5 0.0 0 1 3 3 3
4054.5 -5429.9 -23.0 181 0 32.0 17.7 14.0 3.5 2 0 4 2 2
4401.1 -5284.6 -22.7 270 0 74.3 26.0 14.0 0.0 0 0 4 2 2
4332.6 -4976.0 -20.8 270 0 8.4 15.8 10.5 0.0 0 1 3 3 3
4139.0 -4910.7 -21.3 180 0 86.7 12.5 14.0 3.5 2 0 4 0 0
3099.6 -4574.7 -18.1 91 0 11.2 35.9 10.0 2.5 4 1 4 0 0
3257.3 -4630.9 -19.0 114 0 23.0 11.6 10.0 2.5 2 0 4 1 1
3816.7 -5427.4 -21.2 181 0 12.0 35.3 14.0 0.0 0 1 4 1 1
4035.4 -5398.8 -22.7 181 0 35.1 14.0 14.0 3.5 2 0 4 4 4
3480.3 -4336.3 -19.3 173 0 30.5 18.1 7.5 2.5 2 0 3 4 4
4186.4 -4973.6 -22.0 90 0 12.2 97.9 14.0 3.5 2 1 4 1 1
3870.6 -5125.4 -19.7 91 0 11.2 83.8 14.0 3.5 2 1 4 3 3
4437.0 -5273.0 -22.1 90 0 12.4 64.5 14.0 3.5 2 1 4 4 4
4044.3 -5422.7 -22.8 275 0 9.6 23.9 10.5 3.5 4 1 3 4 4
3195.5 -4685.3 -18.1 110 0 8.6 24.4 7.5 2.5 2 1 3 3 3
3486.9 -4806.0 -19.0 270 0 11.0 65.1 10.0 2.5 2 1 4 0 0
3238.3 -4674.2 -18.4 290 0 15.6 23.8 7.5 2.5 2 1 3 2 2
4355.8 -4977.7 -20.8 270 0 14.5 37.3 14.0 0.0 0 1 4 0 0
2985.4 -4573.5 -19.4 268 0 19.0 22.3 7.5 0.0 0 1 3 2 2
3407.5 -5016.6 -17.7 90 0 12.6 63.0 10.0 2.5 4 1 4 3 3
3231.7 -4662.8 -18.4 24 0 9.3 34.9 7.5 2.5 2 1 3 4 4
3774.7 -5385.2 -20.4 0 0 24.5 14.6 14.0 3.5 2 0 4 3 3
3423.1 -4437.7 -17.5 25 0 19.1 11.5 7.5 2.5 2 0 3 0 0
2922.9 -3971.4 -13.9 327 0 50.5 6.8 7.5 0.0 0 0 3 3 3
2975.6 -4057.6 -15.1 57 0 6.4 66.2 7.5 2.5 2 1 3 0 0
4354.9 -5059.7 -21.1 90 0 15.2 25.2 14.0 3.5 2 1 4 3 3
4222.6 -4928.7 -21.5 180 0 98.0 12.3 14.0 3.5 2 0 4 5 5
3010.7 -4529.5 -19.0 268 0 7.5 34.3 7.5 2.5 2 1 3 1 1
3006.1 -4744.4 -18.4 359 0 69.3 89.0 7.5 0.0 0 1 3 0 0
4207.3 -5016.4 -22.1 185 0 14.6 12.7 14.0 3.5 2 0 4 2 2
5408.1 -4399.2 -26.5 272 0 15.6 44.9 7.5 2.5 2 1 3 4 4
3243.7 -4078.6 -17.2 286 0 9.3 34.7 7.5 2.5 2 1 3 4 4
5623.8 -4387.9 -28.1 273 0 63.5 19.3 10.0 2.5 4 0 4 5 5
5386.3 -4491.3 -25.5 272 0 38.9 16.7 7.5 2.5 2 0 3 0 0
4614.9 -2136.3 -16.1 180 0 24.6 67.6 10.0 0.0 0 1 4 1 1
5207.0 -4335.5 -24.6 273 0 10.6 63.4 5.0 2.5 2 1 2 4 4
6279.9 -6560.1 -21.9 35 0 82.8 19.6 7.5 0.0 0 0 3 5 5
3453.2 -4872.1 -18.4 271 0 13.3 65.9 10.0 2.5 2 1 4 1 1
5621.4 -4444.3 -27.5 93 0 62.9 24.4 10.0 2.5 2 0 4 2 2
6146.5 -4819.1 -31.1 122 0 6.6 22.8 7.5 2.5 2 1 3 4 4
5626.6 -4474.3 -26.8 92 0 76.0 19.0 7.5 2.5 2 0 3 3 3
5281.8 -2916.8 -25.4 360 0 29.9 15.6 10.0 2.5 2 0 4 3 3
3908.4 -5136.7 -20.3 271 0 11.5 58.7 14.0 3.5 2 1 4 0 0
5406.3 -4389.9 -26.7 92 0 8.8 14.4 2.5 2.5 2 1 1 5 5
5357.2 -4305.3 -27.4 92 0 35.7 57.0 10.0 0.0 0 1 4 4 4
5368.9 -4389.7 -26.3 92 0 31.8 15.8 10.0 2.5 2 0 4 1 1
3547.3 -5298.5 -18.4 271 0 89.8 13.8 14.0 3.5 2 0 4 1 1
4710.8 -5413.2 -21.8 110 0 45.7 18.0 14.0 3.5 2 0 4 2 2
3464.4 -5297.3 -17.6 271 0 54.1 14.2 14.0 3.5 2 0 4 4 4
5390.8 -4305.5 -27.7 92 0 13.0 54.7 10.0 2.5 2 1 4 1 1
4774.6 -5359.5 -21.2 96 0 17.6 59.1 14.0 3.5 2 1 4 1 1
5183.8 -4294.6 -25.4 92 0 14.0 67.2 7.5 2.5 4 1 3 4 4
4807.3 -5363.7 -21.0 96 0 16.5 59.7 14.0 3.5 2 1 4 3 3
5354.2 -4354.2 -26.6 182 0 13.4 30.1 10.0 2.5 4 1 4 4 4
5731.8 -4394.2 -28.2 181 0 25.0 22.2 10.0 2.5 2 0 4 3 3
5396.7 -4222.5 -28.0 2 0 24.8 174.7 12.5 0.0 0 1 5 0 0
3056.4 -3633.0 -19.5 6 0 85.0 6.0 7.5 2.5 2 0 3 0 0
5375.0 -4458.3 -25.5 272 0 13.7 30.2 10.0 2.5 2 1 4 3 3
3329.1 -5075.8 -16.7 180 0 54.9 15.1 14.0 3.5 2 0 4 4 4
5393.5 -4471.2 -25.9 182 0 35.7 13.6 10.0 0.0 0 0 4 2 2
3976.1 -4978.9 -19.9 180 0 61.4 13.8 10.5 3.5 2 0 3 5 5
5624.2 -4376.3 -28.6 93 0 63.1 19.8 5.0 2.5 2 0 2 1 1
-193.8 -4520.3 -18.5 275 0 36.3 94.8 15.0 0.0 0 1 6 0 0
4789.9 -5243.4 -20.7 6 0 88.3 30.1 14.0 0.0 0 0 4 0 0
3985.3 -5132.8 -20.9 180 0 59.9 15.9 10.5 3.5 2 0 3 3 3
5346.5 -4460.3 -25.2 272 0 22.0 37.1 12.5 0.0 0 1 5 2 2
-246.2 -4515.2 -18.2 275 0 37.7 96.2 10.0 0.0 0 1 4 4 4
4417.4 -3529.1 -19.5 272 0 27.7 52.9 12.5 0.0 0 1 5 2 2
3994.2 -5232.8 -21.3 90 0 15.6 64.6 10.5 3.5 2 1 3 5 5
4614.0 -2072.9 -16.2 180 0 87.0 19.3 10.0 0.0 0 0 4 3 3
4497.2 -3542.4 -19.2 272 0 29.8 40.5 10.0 2.5 2 1 4 2 2
3329.8 -5144.7 -16.1 180 0 53.7 13.9 14.0 3.5 2 0 4 5 5
3399.6 -5295.8 -17.0 272 0 53.4 14.6 14.0 3.5 4 0 4 1 1
1038.9 -4208.1 -13.8 234 0 12.3 15.2 2.5 2.5 2 1 1 4 4
3300.7 -5082.0 -16.4 360 0 58.0 12.9 14.0 3.5 2 0 4 4 4
3287.4 -5151.3 -16.0 179 0 62.2 14.0 14.0 3.5 2 0 4 2 2
3605.4 -5239.5 -18.3 359 0 65.7 14.0 14.0 3.5 2 0 4 0 0
3470.9 -5277.8 -17.3 90 0 14.3 94.4 14.0 3.5 2 1 4 1 1
3378.5 -5270.8 -16.5 90 0 13.8 66.5 14.0 3.5 2 1 4 5 5
3419.2 -5277.5 -16.9 90 0 13.5 93.9 14.0 3.5 2 1 4 4 4
3555.7 -5278.7 -18.0 90 0 12.5 78.3 14.0 3.5 2 1 4 4 4
3461.6 -5127.5 -16.6 270 0 12.0 43.5 14.0 3.5 4 1 4 0 0
6127.4 -5514.6 -22.7 271 0 60.4 25.1 10.0 2.5 2 0 4 2 2
5154.1 -5457.0 -21.1 101 0 14.3 76.2 10.0 2.5 2 1 4 0 0
3551.4 -5122.1 -17.4 270 0 14.3 54.8 14.0 0.0 0 1 4 3 3
5098.0 -5519.2 -21.4 99 0 13.1 76.1 5.0 2.5 2 1 2 5 5
5632.4 -4312.9 -29.9 92 0 19.7 31.5 7.5 0.0 0 1 3 0 0
5597.4 -4309.8 -29.8 92 0 19.8 30.7 7.5 0.0 0 1 3 1 1
4274.0 -4094.0 -22.9 6 0 25.9 40.2 10.0 0.0 0 1 4 5 5
5562.6 -4308.3 -29.6 92 0 19.3 31.9 7.5 0.0 0 1 3 4 4
5527.7 -4307.2 -29.1 92 0 20.2 31.0 7.5 0.0 0 1 3 2 2
5110.8 -5436.8 -20.7 100 0 12.2 61.6 7.5 2.5 2 1 3 3 3
5492.6 -4306.0 -28.7 92 0 20.0 31.1 12.5 0.0 0 1 5 1 1
5837.9 -5169.6 -21.7 4 0 22.6 13.8 7.5 2.5 2 0 3 4 4
5066.3 -5391.1 -20.9 190 0 79.2 13.5 10.0 2.5 2 0 4 4 4
5826.0 -5128.8 -22.0 221 0 5.3 17.8 7.5 2.5 2 1 3 2 2
3792.6 -5128.9 -19.4 270 0 13.6 59.6 14.0 3.5 2 1 4 5 5
5426.2 -4304.4 -28.0 92 0 26.7 31.7 10.0 0.0 0 1 4 2 2
5148.4 -5273.0 -20.3 274 0 14.8 76.0 7.5 2.5 2 1 3 5 5
5102.8 -5265.7 -20.6 273 0 14.3 76.4 10.0 2.5 2 1 4 2 2
3423.5 -5128.0 -16.3 271 0 12.2 43.5 14.0 3.5 2 1 4 5 5
-1400.9 -3846.7 -6.5 120 0 18.8 58.4 12.5 2.5 2 1 5 3 3
-1763.8 -3613.6 -2.1 211 0 120.6 27.8 10.0 0.0 0 0 4 2 2
-1577.3 -3795.0 -2.0 121 0 28.0 65.2 10.0 0.0 0 1 4 1 1
318.5 -5826.4 -17.8 90 0 13.7 92.4 15.0 2.5 2 1 6 5 5
1172.8 -4106.5 -12.0 16 0 14.7 13.0 7.5 2.5 2 0 3 2 2
-1545.6 -3493.5 -3.5 31 0 95.3 28.4 12.5 0.0 0 0 5 2 2
-1614.0 -3774.3 -0.9 121 0 28.6 65.8 15.0 0.0 0 1 6 1 1
-1590.3 -3817.0 -2.0 301 0 28.7 119.4 15.0 0.0 0 1 6 3 3
-1275.2 -3711.6 -7.2 31 0 125.4 48.2 15.0 0.0 0 0 6 4 4
1324.9 -1967.5 -15.0 307 0 73.0 57.9 10.0 0.0 0 0 4 2 2
-1628.7 -3793.7 -0.8 301 0 28.8 118.9 12.5 0.0 0 1 5 0 0
966.3 -4185.4 -10.4 11 0 15.0 11.6 2.5 2.5 2 0 1 5 5
346.0 -5609.7 -17.5 270 0 13.6 84.6 12.5 2.5 2 1 5 1 1
986.0 -4281.3 -15.7 45 0 12.8 18.6 5.0 2.5 2 1 2 5 5
-1555.7 -3844.5 -2.1 301 0 27.8 113.4 15.0 0.0 0 1 6 0 0
-1667.3 -3544.6 -2.5 210 0 59.4 28.7 7.5 0.0 0 0 3 4 4
358.6 -5589.2 -15.3 76 0 13.5 49.7 10.0 2.5 2 1 4 3 3
-1661.9 -4023.1 -0.7 120 0 27.9 78.4 10.0 0.0 0 1 4 0 0
855.7 -3971.3 -7.6 358 0 23.9 16.0 10.0 2.5 2 0 4 0 0
-1339.9 -3788.9 -6.8 31 0 24.3 31.7 5.0 0.0 0 1 2 5 5
-1492.9 -3544.9 -2.8 211 0 120.7 69.4 10.0 0.0 0 0 4 1 1
1020.1 -4224.4 -13.7 325 0 15.7 13.4 7.5 2.5 2 0 3 3 3
1002.6 -4178.0 -11.0 135 0 17.6 13.9 2.5 2.5 4 0 1 4 4
-1715.9 -3551.0 -2.7 119 0 13.5 47.3 10.0 2.5 2 1 4 5 5
806.4 -3947.7 -7.3 167 0 25.3 15.6 10.0 0.0 0 0 4 5 5
-1255.1 -6078.1 -7.1 261 0 19.3 162.7 7.5 0.0 0 1 3 3 3
-1557.7 -3652.0 -1.9 211 0 103.3 69.7 10.0 0.0 0 0 4 3 3
1004.5 -4206.0 -12.1 323 0 16.4 13.0 2.5 2.5 4 0 1 4 4
-1576.7 -3420.1 -3.7 301 0 29.1 94.8 15.0 0.0 0 1 6 0 0
-1519.1 -3866.8 -1.3 301 0 27.7 114.4 10.0 0.0 0 1 4 5 5
-1653.4 -3429.6 -4.1 211 0 95.8 27.8 10.0 0.0 0 0 4 5 5
-1439.3 -3824.7 -5.3 120 0 16.9 60.3 10.0 2.5 2 1 4 0 0
1178.3 -4087.0 -11.8 13 0 14.2 12.8 7.5 2.5 2 0 3 4 4
-1778.2 -3615.5 -1.8 31 0 54.9 19.9 7.5 2.5 2 0 3 0 0
950.5 -4205.3 -11.1 190 0 16.2 14.1 5.0 2.5 2 0 2 5 5
-1489.1 -3822.4 -4.4 121 0 30.9 97.0 10.0 0.0 0 1 4 3 3
971.9 -4164.6 -10.2 14 0 14.7 11.7 5.0 2.5 2 0 2 5 5
-1671.1 -3774.6 0.2 301 0 42.3 190.6 7.5 0.0 0 1 3 0 0
553.1 -2814.1 -16.6 98 0 31.6 342.4 12.5 0.0 0 1 5 2 2
852.7 -4007.4 -7.7 2 0 27.7 14.5 7.5 2.5 2 0 3 3 3
975.1 -4134.0 -10.0 285 0 13.1 16.3 5.0 2.5 2 1 2 4 4
-1404.6 -3768.3 -5.3 120 0 14.1 32.9 7.5 2.5 2 1 3 2 2
1032.3 -4243.4 -15.6 329 0 15.2 13.9 7.5 2.5 2 0 3 3 3
-1535.2 -3550.9 -2.2 301 0 42.0 90.8 12.5 0.0 0 1 5 1 1
273.9 -3965.0 -6.3 75 0 6.9 18.6 5.0 2.5 2 1 2 5 5
-1730.7 -3935.9 -0.3 210 0 72.8 28.6 7.5 0.0 0 0 3 0 0
1029.8 -4196.5 -12.0 48 0 14.0 17.0 5.0 2.5 4 1 2 0 0
834.5 -5992.0 -21.6 183 0 30.0 59.0 10.0 0.0 0 1 4 3 3
-1332.3 -3564.7 -5.2 300 0 96.9 168.9 10.0 0.0 0 1 4 2 2
-1698.1 -3997.6 -0.5 121 0 28.5 72.6 10.0 0.0 0 1 4 1 1
840.0 -3927.2 -7.5 256 0 16.7 24.7 12.5 0.0 0 1 5 3 3
302.0 -5619.5 -17.0 270 0 12.9 90.5 10.0 2.5 2 1 4 0 0
-1742.0 -3696.1 -1.8 121 0 28.9 120.2 10.0 0.0 0 1 4 1 1
-1527.4 -3799.4 -3.2 121 0 31.0 102.7 10.0 0.0 0 1 4 5 5
-823.6 -3718.7 -17.5 270 0 14.4 40.6 15.0 0.0 0 1 6 0 0
272.3 -5610.6 -14.4 75 0 13.5 50.0 7.5 2.5 2 1 3 2 2
315.8 -5599.6 -14.9 75 0 13.5 49.6 7.5 2.5 2 1 3 5 5
258.2 -5631.1 -16.4 270 0 12.8 82.3 12.5 2.5 2 1 5 5 5
-524.7 -4331.1 -10.6 264 0 17.1 71.0 12.5 2.5 2 1 5 2 2
582.3 -4082.7 -6.0 161 0 27.4 14.3 7.5 2.5 2 0 3 1 1
141.9 -5644.3 -13.1 75 0 13.6 49.3 10.0 0.0 0 1 4 0 0
857.9 -4589.0 -16.2 88 0 14.4 16.1 7.5 2.5 2 1 3 4 4
838.1 -4080.8 -7.8 331 0 7.5 8.1 7.5 2.5 2 1 3 5 5
719.2 -4551.0 -16.7 359 0 15.0 14.7 10.0 2.5 2 0 4 2 2
185.1 -5633.1 -13.6 76 0 13.8 50.5 7.5 2.5 2 1 3 5 5
1095.7 -4304.0 -16.9 341 0 14.2 15.0 10.0 2.5 2 1 4 1 1
853.8 -4550.2 -16.3 268 0 14.0 15.8 7.5 2.5 2 1 3 1 1
905.6 -4143.3 -9.2 108 0 13.1 14.9 5.0 0.0 0 1 2 3 3
704.1 -4573.6 -16.6 178 0 15.0 14.7 7.5 2.5 2 0 3 2 2
1077.8 -4279.7 -16.8 249 0 14.2 14.9 5.0 2.5 2 1 2 0 0
791.8 -4551.2 -16.5 359 0 16.9 14.1 5.0 2.5 2 0 2 2 2
857.2 -4188.9 -9.3 192 0 15.3 14.2 5.0 2.5 2 0 2 3 3
611.9 -4031.4 -6.3 251 0 13.5 27.0 10.0 2.5 2 1 4 5 5
808.8 -4579.4 -16.3 168 0 15.6 15.9 7.5 0.0 0 1 3 5 5
873.7 -4123.5 -8.7 198 0 16.2 14.6 10.0 2.5 2 0 4 4 4
-1055.6 -1643.6 -10.4 5 0 67.2 12.1 10.0 2.5 2 0 4 1 1
886.6 -4589.8 -16.1 84 0 15.6 15.5 7.5 2.5 2 0 3 0 0
674.4 -4570.5 -16.8 347 0 15.4 15.5 7.5 2.5 2 1 3 1 1
-1671.6 -6492.6 -10.3 349 0 37.6 10.4 12.5 0.0 0 0 5 5 5
607.2 -4117.3 -5.7 59 0 15.2 20.6 7.5 2.5 2 1 3 3 3
679.0 -4521.9 -16.9 153 0 15.3 14.5 2.5 2.5 2 0 1 0 0
718.9 -4530.5 -16.9 6 0 15.2 12.3 5.0 2.5 4 0 2 2 2
1046.4 -4285.5 -16.7 251 0 11.3 15.2 5.0 0.0 0 1 2 4 4
-497.3 -1773.7 -8.4 325 0 36.9 16.5 5.0 0.0 0 0 2 4 4
98.5 -5655.2 -12.7 75 0 13.6 49.3 7.5 0.0 0 1 3 3 3
-64.0 -5741.1 -11.8 270 0 13.2 67.2 7.5 2.5 4 1 3 1 1
617.4 -4435.0 -13.1 343 0 15.4 15.0 5.0 2.5 2 0 2 4 4
1220.9 -4596.8 -15.1 175 0 15.6 13.4 5.0 0.0 0 0 2 1 1
60.7 -5770.6 -13.3 351 0 55.5 19.4 7.5 2.5 2 0 3 5 5
658.0 -4527.4 -16.9 335 0 15.1 15.9 5.0 2.5 2 1 2 5 5
-1677.3 -6582.8 -8.6 104 0 14.7 32.7 7.5 2.5 2 1 3 4 4
228.9 -5622.4 -14.0 76 0 13.3 51.3 10.0 2.5 2 1 4 5 5
610.3 -4412.3 -10.9 342 0 17.0 14.4 5.0 2.5 2 0 2 5 5
1216.6 -4253.8 -16.9 345 0 15.9 11.8 5.0 2.5 2 0 2 4 4
793.8 -4576.8 -16.4 349 0 16.8 13.5 5.0 2.5 2 0 2 4 4
1085.0 -4857.5 -14.4 355 0 119.6 11.1 12.5 2.5 2 0 5 1 1
-10.4 -5781.2 -12.9 172 0 68.0 19.9 10.0 2.5 2 0 4 0 0
917.5 -4108.3 -9.0 290 0 13.1 15.8 2.5 2.5 4 1 1 4 4
667.3 -4548.2 -16.9 342 0 15.0 15.7 2.5 2.5 4 1 1 1 1
1210.4 -4233.6 -16.9 340 0 15.1 12.7 5.0 2.5 2 0 2 5 5
806.7 -4554.8 -16.4 178 0 17.1 14.0 5.0 2.5 2 0 2 0 0
861.6 -4167.2 -9.1 195 0 15.7 14.4 5.0 0.0 0 0 2 1 1
866.9 -4145.6 -8.9 196 0 15.9 14.7 7.5 2.5 2 0 3 2 2
892.6 -4559.4 -16.2 355 0 18.5 15.0 7.5 2.5 2 0 3 4 4
1278.0 -5604.8 -19.1 77 0 8.3 27.6 7.5 2.5 2 1 3 1 1
-29.8 -5796.8 -12.2 360 0 21.9 14.2 7.5 2.5 2 0 3 4 4
-1675.8 -6454.3 -10.2 348 0 33.1 14.3 10.0 2.5 2 0 4 5 5
880.9 -4101.7 -8.5 200 0 16.4 14.9 5.0 2.5 2 0 2 2 2
589.3 -4385.5 -9.7 252 0 14.2 17.4 5.0 0.0 0 1 2 1 1
1023.0 -4452.1 -16.5 84 0 14.7 17.7 10.0 2.5 2 1 4 5 5
631.4 -4090.8 -5.9 71 0 14.5 27.9 7.5 2.5 2 1 3 0 0
-2431.8 -6058.1 5.3 346 0 26.1 31.9 12.5 0.0 0 1 5 5 5
-1099.6 -9450.8 -16.3 180 0 11.2 21.2 7.5 2.5 2 1 3 5 5
-1864.3 -9699.3 -16.2 156 0 49.7 11.6 7.5 0.0 0 0 3 4 4
-2533.0 -7720.3 -14.4 348 0 42.0 54.4 7.5 0.0 0 1 3 4 4
-1245.5 -9321.3 -13.2 270 0 13.0 29.9 10.0 2.5 2 1 4 2 2
-1809.5 -9715.8 -15.7 77 0 13.0 51.4 10.0 2.5 2 1 4 5 5
-1893.2 -9633.7 -15.7 156 0 43.6 12.5 10.0 2.5 2 0 4 4 4
-1195.7 -9796.5 -21.5 268 0 13.7 36.0 12.5 2.5 2 1 5 3 3
-2273.2 -4683.3 -4.0 346 0 44.9 10.5 10.0 2.5 2 0 4 0 0
-1548.6 -6223.5 -8.5 350 0 17.4 42.0 5.0 0.0 0 1 2 3 3
-1769.0 -9710.9 -14.6 81 0 13.1 60.5 10.0 2.5 2 1 4 5 5
-1903.5 -10175.2 -16.7 91 0 13.5 50.2 7.5 2.5 2 1 3 5 5
-1948.8 -9549.0 -15.8 167 0 6.3 39.6 5.0 2.5 2 1 2 5 5
-2044.7 -10173.2 -17.6 90 0 12.0 49.6 10.0 2.5 4 1 4 0 0
-1430.4 -6087.9 -7.2 261 0 14.6 27.7 10.0 2.5 2 1 4 2 2
-2436.7 -6122.1 9.8 345 0 25.3 32.0 12.5 0.0 0 1 5 3 3
-2145.7 -5838.5 -2.0 261 0 58.8 16.4 7.5 2.5 2 0 3 3 3
-1226.9 -9682.4 -22.5 267 0 14.7 39.1 10.0 2.5 2 1 4 2 2
-2203.8 -6379.7 0.3 166 0 18.1 19.0 12.5 2.5 4 1 5 0 0
-1342.4 -9603.0 -24.1 88 0 53.6 12.5 12.5 2.5 2 0 5 5 5
-1087.8 -9411.6 -16.2 270 0 32.4 9.9 7.5 2.5 2 0 3 4 4
-1135.4 -9109.3 -17.8 179 0 58.1 38.8 10.0 0.0 0 0 4 3 3
-2436.8 -6489.6 -2.2 253 0 32.3 26.2 10.0 0.0 0 0 4 3 3
-1857.7 -9536.9 -16.5 262 0 11.2 47.7 12.5 2.5 2 1 5 2 2
-2445.1 -6476.5 -0.9 74 0 13.0 54.8 12.5 2.5 2 1 5 4 4
-2158.2 -5622.9 -0.3 80 0 17.1 18.5 15.0 0.0 0 1 6 0 0
-2116.1 -6372.0 -0.2 77 0 19.5 17.4 10.0 2.5 2 0 4 5 5
-2914.1 -7257.4 -3.7 86 0 9.9 42.1 7.5 2.5 4 1 3 1 1
-1501.4 -6176.2 -8.1 171 0 36.5 64.7 10.0 0.0 0 1 4 0 0
-2131.1 -5500.9 0.4 350 0 38.3 11.3 10.0 2.5 4 0 4 2 2
-2223.6 -5735.8 -1.3 170 0 100.3 12.0 10.0 2.5 2 0 4 3 3
-2180.1 -5794.2 -1.5 81 0 49.7 14.2 7.5 2.5 2 0 3 4 4
-2009.3 -10173.5 -17.4 90 0 12.5 49.9 10.0 2.5 2 1 4 3 3
-1559.8 -6162.3 -7.6 351 0 14.1 35.4 10.0 2.5 2 1 4 2 2
-2403.7 -6173.4 10.8 344 0 24.0 31.3 12.5 0.0 0 1 5 0 0
-1893.5 -9569.0 -15.2 163 0 47.5 11.7 10.0 2.5 2 0 4 3 3
-2142.2 -5639.4 -0.6 261 0 50.5 12.4 7.5 2.5 2 0 3 1 1
-2186.5 -5679.1 -1.1 260 0 13.1 59.5 10.0 2.5 2 1 4 2 2
-1975.3 -10174.4 -17.2 91 0 11.9 50.4 7.5 2.5 2 1 3 0 0
-1301.8 -10223.9 -17.3 271 0 13.5 25.5 7.5 2.5 2 1 3 4 4
-1135.7 -9321.7 -14.9 270 0 10.1 44.5 10.0 2.5 2 1 4 0 0
-1325.1 -9763.7 -22.5 89 0 21.0 31.8 10.0 0.0 0 1 4 5 5
-2142.3 -6241.8 3.8 260 0 37.2 31.0 12.5 0.0 0 0 5 1 1
-2874.3 -8110.0 -12.9 259 0 89.4 90.9 5.0 0.0 0 1 2 5 5
-1369.9 -6198.6 -8.5 81 0 74.4 46.4 7.5 0.0 0 0 3 3 3
-2144.6 -5476.4 0.9 350 0 13.0 38.7 10.0 2.5 2 1 4 0 0
-1222.6 -9154.1 -16.8 0 0 20.1 17.2 10.0 2.5 2 0 4 1 1
-2818.5 -7220.4 -3.6 351 0 59.4 78.4 7.5 0.0 0 1 3 1 1
-2116.7 -6284.1 2.7 259 0 7.6 12.4 7.5 2.5 4 1 3 1 1
-2092.0 -6156.0 -1.5 350 0 65.0 12.7 7.5 0.0 0 0 3 2 2
-1135.4 -9167.6 -15.1 179 0 32.6 12.0 12.5 2.5 2 0 5 2 2
-3067.7 -7239.0 -6.2 175 0 133.5 122.5 12.5 0.0 0 0 5 0 0
-1202.7 -9862.1 -20.3 88 0 9.5 18.1 2.5 0.0 0 1 1 5 5
-2210.4 -8023.4 -16.3 158 0 40.0 34.5 7.5 0.0 0 0 3 5 5
-2916.9 -7158.3 -1.9 266 0 14.4 47.3 15.0 2.5 2 1 6 0 0
-1490.2 -6245.0 -9.0 170 0 18.9 66.3 12.5 2.5 2 1 5 0 0
-1925.4 -9583.7 -15.9 156 0 46.0 11.8 10.0 2.5 2 0 4 3 3
-2129.6 -5788.5 -1.5 80 0 16.6 19.6 10.0 2.5 2 1 4 3 3
-1300.9 -6124.1 -8.4 261 0 61.4 58.2 12.5 0.0 0 0 5 0 0
-1954.0 -8751.9 -17.3 87 0 13.0 72.7 10.0 2.5 2 1 4 4 4
-1940.2 -10162.2 -16.9 91 0 13.2 38.1 15.0 0.0 0 1 6 5 5
-2034.9 -6407.0 -2.7 78 0 13.3 46.3 10.0 0.0 0 1 4 2 2
-1337.8 -9697.4 -23.3 268 0 55.8 11.3 7.5 2.5 2 0 3 2 2
-1344.9 -9721.6 -23.0 179 0 19.9 36.0 10.0 0.0 0 1 4 1 1
-1867.5 -10125.2 -16.2 271 0 13.3 50.1 7.5 2.5 2 1 3 0 0
-2155.3 -10098.7 -19.5 91 0 13.5 73.1 7.5 2.5 2 1 3 3 3
-1876.6 -6815.4 -2.7 353 0 52.2 11.0 10.0 2.5 2 0 4 1 1
-2030.3 -6336.1 -0.3 347 0 17.0 19.1 10.0 2.5 2 1 4 2 2
-1382.9 -6116.7 -7.7 261 0 75.8 23.8 7.5 0.0 0 0 3 0 0
-2082.4 -10093.8 -19.2 90 0 13.4 72.4 10.0 2.5 2 1 4 2 2
-1785.7 -9598.6 -15.6 262 0 10.6 33.9 7.5 2.5 2 1 3 4 4
-3045.3 -7356.5 -8.0 82 0 17.3 44.4 12.5 2.5 2 1 5 1 1
-1280.2 -6248.9 -8.5 81 0 61.9 58.7 10.0 0.0 0 0 4 0 0
-2179.6 -6448.6 -2.2 77 0 12.7 53.6 10.0 2.5 2 1 4 4 4
-2332.3 -6287.1 5.1 347 0 44.0 57.6 10.0 0.0 0 1 4 4 4
-1251.4 -9744.1 -22.8 357 0 58.6 13.5 10.0 2.5 2 0 4 3 3
-1848.6 -9697.4 -16.0 156 0 48.5 11.4 7.5 2.5 2 0 3 0 0
-2110.0 -6422.5 -2.2 77 0 12.0 40.0 12.5 2.5 2 1 5 5 5
-1232.4 -9863.5 -20.1 89 0 9.7 17.8 5.0 2.5 2 1 2 3 3
-2118.8 -5851.5 -2.7 260 0 13.7 76.9 7.5 2.5 2 1 3 4 4
-2910.4 -7335.8 -6.4 82 0 8.8 35.3 7.5 2.5 2 1 3 0 0
-2058.9 -6209.6 0.9 260 0 12.3 77.3 10.0 2.5 2 1 4 0 0
-1840.1 -9658.1 -14.9 81 0 11.1 50.3 7.5 2.5 2 1 3 0 0
-1162.0 -9822.9 -21.6 357 0 57.7 19.2 17.5 2.5 2 0 7 0 0
-1553.7 -6191.6 -8.0 350 0 17.0 40.4 10.0 2.5 2 1 4 3 3
-2358.5 -6230.4 8.6 77 0 32.6 24.4 10.0 0.0 0 0 4 2 2
-1125.9 -9662.9 -21.7 86 0 43.6 14.0 12.5 2.5 2 0 5 5 5
-1954.2 -8635.1 -17.2 357 0 64.7 13.1 10.0 2.5 2 0 4 0 0
-2003.3 -6295.7 0.8 347 0 19.2 18.4 10.0 2.5 2 0 4 1 1
-1103.2 -9789.9 -20.9 267 0 19.3 57.3 10.0 2.5 2 1 4 0 0
-2202.9 -6256.0 4.9 257 0 28.9 13.8 10.0 2.5 2 0 4 3 3
-2121.2 -5616.5 -0.4 80 0 16.7 19.5 10.0 0.0 0 1 4 0 0
-1813.0 -9595.4 -14.9 262 0 11.0 47.1 10.0 2.5 2 1 4 2 2
-1101.7 -10274.1 -17.3 270 0 36.1 15.3 10.0 2.5 2 0 4 4 4
-2245.1 -6355.1 1.9 166 0 17.3 19.2 12.5 0.0 0 1 5 5 5
-1335.6 -10236.4 -17.3 180 0 25.5 13.1 10.0 2.5 2 0 4 3 3
-1249.8 -9159.7 -17.0 90 0 12.7 15.1 5.0 2.5 2 1 2 0 0
-1027.7 -9762.8 -20.7 89 0 13.1 63.5 10.0 2.5 2 1 4 0 0
-2404.9 -6434.8 -0.7 344 0 55.4 12.9 10.0 2.5 2 0 4 5 5
-1065.0 -9176.0 -14.8 0 0 19.3 54.1 10.0 2.5 2 1 4 0 0
-1830.1 -6389.7 -6.2 234 0 35.5 29.8 10.0 0.0 0 0 4 4 4
-1132.9 -9790.9 -21.2 266 0 16.0 62.8 10.0 2.5 2 1 4 0 0
-2086.1 -5773.2 -1.5 350 0 19.4 16.8 5.0 2.5 4 0 2 2 2
-2611.2 -4340.3 -2.7 256 0 13.2 47.1 10.0 2.5 2 1 4 3 3
-1102.3 -9590.0 -18.9 89 0 54.1 9.2 7.5 2.5 4 0 3 3 3
-2470.0 -9260.3 -14.6 242 0 20.6 16.2 7.5 2.5 2 0 3 0 0
-2602.4 -4253.2 -1.7 347 0 40.8 12.4 10.0 2.5 2 0 4 4 4
-2695.1 -4312.7 -1.8 347 0 40.3 12.6 12.5 2.5 2 0 5 3 3
-2385.1 -4627.7 -5.2 167 0 46.7 10.9 12.5 2.5 2 0 5 1 1
-2356.1 -5468.6 2.3 79 0 13.1 53.5 10.0 2.5 4 1 4 4 4
-2663.2 -4260.9 -1.3 165 0 39.7 13.0 10.0 2.5 2 0 4 5 5
-2397.7 -5464.5 2.4 80 0 12.7 54.1 12.5 2.5 2 1 5 4 4
-2702.2 -4261.7 -0.8 347 0 38.9 12.1 10.0 2.5 2 0 4 0 0
-2665.5 -4440.4 -1.4 347 0 56.3 13.0 7.5 2.5 2 0 3 3 3
-2627.1 -4566.4 -2.6 348 0 22.5 15.6 10.0 2.5 2 0 4 3 3
-1820.6 -3677.6 -0.7 301 0 13.2 56.9 10.0 2.5 2 1 4 3 3
-436.2 -8907.3 -19.5 337 0 71.4 9.1 7.5 2.5 2 0 3 3 3
-2312.1 -4697.3 -3.5 348 0 47.6 10.2 12.5 2.5 2 0 5 4 4
-2681.2 -4374.1 -1.8 347 0 55.4 12.8 7.5 2.5 2 0 3 4 4
-2651.0 -4373.7 -2.3 166 0 46.9 13.4 12.5 2.5 2 0 5 0 0
-2852.5 -3451.6 -4.0 170 0 50.4 9.8 10.5 3.5 4 0 3 2 2
-2642.7 -4330.8 -2.4 77 0 13.8 44.6 12.5 0.0 0 1 5 5 5
-2147.7 -3811.4 -2.9 84 0 12.7 45.5 10.0 2.5 2 1 4 5 5
-2594.0 -4320.5 -2.9 76 0 14.5 36.1 12.5 2.5 2 1 5 0 0
-2478.7 -9777.8 -15.9 0 0 76.5 47.9 10.0 0.0 0 0 4 3 3
-2148.1 -3817.2 -2.6 265 0 11.6 39.5 12.5 2.5 2 1 5 4 4
-2657.5 -4504.1 -2.4 257 0 15.6 49.7 10.0 2.5 2 1 4 2 2
-1919.1 -9905.9 -18.2 86 0 16.9 48.4 7.5 2.5 2 1 3 4 4
-2642.8 -4402.1 -1.7 257 0 13.8 31.8 7.5 2.5 2 1 3 1 1
-2115.2 -3859.6 -2.3 85 0 10.8 47.5 5.0 2.5 2 1 2 0 0
-2517.1 -4338.1 -3.5 256 0 12.8 56.0 5.0 2.5 4 1 2 0 0
-2615.5 -3442.6 -8.7 348 0 20.1 18.8 14.0 3.5 2 0 4 0 0
-2393.4 -5486.8 2.7 260 0 12.9 44.7 10.0 2.5 4 1 4 4 4
-2435.0 -5482.8 3.1 260 0 12.4 44.5 10.0 2.5 4 1 4 5 5
-2857.0 -7928.6 -13.0 256 0 16.9 46.5 12.5 2.5 4 1 5 0 0
-1607.2 -7755.0 -23.7 74 0 14.5 38.6 7.5 2.5 2 1 3 4 4
-2776.9 -3876.2 -3.0 348 0 71.9 15.7 10.0 2.5 2 0 4 1 1
-5630.5 -1992.4 -11.1 90 0 14.1 72.6 14.0 3.5 2 1 4 4 4
-5499.5 -1796.2 -11.3 270 0 13.6 45.9 14.0 3.5 4 1 4 1 1
-5654.4 -1865.1 -11.4 180 0 91.0 9.8 10.5 0.0 0 0 3 5 5
-5630.4 -1794.5 -11.4 270 0 14.8 24.9 14.0 3.5 2 1 4 4 4
-5951.0 -3379.8 -9.1 18 0 85.9 48.2 12.5 0.0 0 0 5 2 2
-5654.8 -1956.3 -11.0 180 0 72.1 10.2 14.0 3.5 2 0 4 2 2
-5543.1 -1795.5 -11.2 269 0 13.5 46.0 14.0 3.5 2 1 4 3 3
-5498.1 -1988.8 -11.2 89 0 13.5 68.7 14.0 3.5 2 1 4 3 3
-5594.1 -1880.3 -11.2 180 0 55.3 14.3 14.0 3.5 2 0 4 5 5
-5587.9 -1794.5 -11.2 270 0 14.3 43.5 14.0 0.0 0 1 4 4 4
-5535.9 -1880.2 -11.2 360 0 57.3 13.3 14.0 3.5 2 0 4 3 3
-4448.3 -4950.4 5.3 259 0 16.4 70.8 10.0 2.5 2 1 4 1 1
-4336.4 -5272.8 7.4 78 0 12.8 108.1 7.5 2.5 2 1 3 1 1
-4957.9 -8263.4 -13.1 350 0 21.6 137.9 10.0 0.0 0 1 4 1 1
-4376.9 -5125.0 6.8 168 0 62.8 16.7 12.5 2.5 2 0 5 0 0
-5637.6 -1870.1 -11.3 180 0 77.5 14.2 14.0 0.0 0 0 4 0 0
-4403.2 -4945.5 4.0 259 0 14.6 63.8 12.5 2.5 2 1 5 1 1
-5307.6 -3274.9 -4.9 357 0 8.5 55.7 7.5 2.5 2 1 3 2 2
-4421.4 -5084.4 6.8 78 0 16.0 54.5 7.5 2.5 2 1 3 4 4
-6919.7 -5306.7 9.9 322 0 28.6 9.1 7.5 2.5 2 0 3 3 3
-4374.9 -5047.2 5.4 349 0 56.1 16.0 10.0 2.5 2 0 4 4 4
-5492.6 -1880.6 -11.3 359 0 57.3 13.5 14.0 3.5 2 0 4 5 5
-5586.5 -1991.7 -11.1 90 0 14.3 72.1 14.0 3.5 2 1 4 2 2
-5543.5 -1986.8 -11.2 90 0 14.0 67.0 14.0 3.5 2 1 4 2 2
-5063.7 -8346.9 -13.4 169 0 16.4 119.8 10.0 0.0 0 1 4 4 4
-5293.1 -6104.5 8.3 7 0 23.4 16.2 10.0 2.5 2 0 4 4 4
-5383.8 -6214.8 9.6 277 0 10.7 31.7 12.5 2.5 2 1 5 1 1
-5283.5 -6212.7 7.1 277 0 10.1 46.7 7.5 2.5 2 1 3 1 1
-5461.3 -3682.2 -5.7 2 0 26.6 14.1 10.0 2.5 2 0 4 3 3
-5099.7 -6150.4 3.6 7 0 62.5 10.8 10.0 0.0 0 0 4 2 2
-5317.0 -6209.3 8.0 277 0 11.0 45.8 7.5 2.5 2 1 3 4 4
-5477.6 -3735.8 -4.9 182 0 37.7 66.4 12.5 0.0 0 1 5 2 2
-5275.8 -6119.1 7.6 187 0 48.2 10.0 10.0 2.5 2 0 4 2 2
-5248.7 -6216.1 6.2 277 0 10.5 47.1 7.5 2.5 2 1 3 2 2
-5782.5 -5908.7 8.6 277 0 11.2 64.9 7.5 2.5 2 1 3 0 0
-4824.0 -5505.2 7.0 90 0 11.3 65.1 12.5 2.5 2 1 5 4 4
-5813.5 -5905.0 8.6 277 0 10.8 64.6 7.5 2.5 2 1 3 4 4
-5182.5 -6224.7 5.1 97 0 10.7 62.6 7.5 2.5 2 1 3 5 5
-5219.8 -6267.9 5.3 97 0 10.4 47.3 7.5 2.5 2 1 3 5 5
-5168.5 -6105.7 5.2 276 0 10.5 47.3 7.5 2.5 2 1 3 1 1
-5438.0 -3264.0 -6.6 266 0 131.3 13.4 10.0 0.0 0 0 4 0 0
-5439.5 -3686.5 -5.3 183 0 59.9 31.8 12.5 0.0 0 0 5 1 1
-5281.9 -6171.9 7.5 187 0 47.6 11.5 10.0 2.5 2 0 4 4 4
-4858.0 -5505.3 7.1 90 0 11.6 64.8 12.5 2.5 2 1 5 4 4
-5134.9 -6109.7 4.4 277 0 11.1 47.2 10.0 0.0 0 1 4 0 0
-5350.0 -6204.6 8.8 277 0 10.6 45.2 5.0 2.5 2 1 2 3 3
-5146.9 -6213.9 4.3 97 0 10.7 46.7 10.0 2.5 2 1 4 2 2
-5040.3 -2215.8 -9.5 90 0 10.3 80.8 14.0 3.5 2 1 4 1 1
-5081.5 -2038.6 -10.6 269 0 11.0 84.4 14.0 3.5 2 1 4 1 1
-4915.9 -1816.3 -10.9 270 0 10.0 97.7 14.0 3.5 2 1 4 5 5
-5033.5 -2019.7 -11.3 90 0 10.4 98.1 14.0 3.5 2 1 4 1 1
-4994.1 -1815.2 -11.8 270 0 10.2 89.8 14.0 3.5 2 1 4 0 0
-4955.2 -2019.3 -10.3 90 0 10.2 82.5 14.0 3.5 2 1 4 2 2
-5032.6 -1815.0 -12.0 270 0 10.4 89.5 14.0 3.5 2 1 4 1 1
-5115.4 -2018.9 -11.6 90 0 13.3 91.8 14.0 3.5 2 1 4 5 5
-5111.2 -1813.1 -12.1 270 0 10.3 98.2 14.0 3.5 4 1 4 3 3
-4994.1 -2019.2 -10.6 90 0 10.7 98.5 14.0 3.5 2 1 4 5 5
-5161.8 -2038.3 -11.0 270 0 11.3 84.7 14.0 3.5 2 1 4 5 5
-5074.5 -2017.9 -11.5 90 0 13.7 91.3 14.0 0.0 0 1 4 3 3
-5121.5 -2038.8 -10.9 270 0 11.1 84.8 14.0 0.0 0 1 4 4 4
-4915.3 -2019.4 -9.5 90 0 10.5 80.6 14.0 3.5 4 1 4 5 5
-5072.2 -1814.4 -12.0 270 0 10.8 97.6 14.0 3.5 2 1 4 2 2
-5120.7 -2218.5 -10.0 90 0 11.3 83.1 14.0 0.0 0 1 4 4 4
-5040.5 -2039.1 -10.0 270 0 11.1 82.8 14.0 3.5 2 1 4 4 4
-5161.7 -2217.8 -10.5 90 0 10.7 82.0 14.0 3.5 2 1 4 2 2
-5443.7 -3629.0 -5.8 93 0 48.8 76.0 7.5 0.0 0 1 3 4 4
-5079.9 -2217.3 -9.8 90 0 11.8 82.1 14.0 3.5 2 1 4 2 2
-4954.6 -1815.6 -11.3 270 0 10.3 97.9 14.0 3.5 2 1 4 3 3
-4067.3 -972.1 -10.4 87 0 27.3 13.9 14.0 3.5 2 0 4 2 2
-4266.1 -885.4 -10.7 91 0 16.9 60.1 10.5 0.0 0 1 3 1 1
-3960.6 -682.9 -11.0 270 0 51.8 13.2 14.0 3.5 4 0 4 0 0
-3697.6 137.2 -13.8 270 0 17.0 31.0 7.5 2.5 2 1 3 3 3
-3617.9 -743.9 -11.0 270 0 15.3 73.4 10.5 3.5 2 1 3 0 0
-3407.5 49.6 -13.7 91 0 24.0 85.7 10.0 0.0 0 1 4 3 3
-3183.7 -18.0 -13.7 91 0 16.0 22.2 7.5 2.5 2 1 3 1 1
-4323.6 -446.7 -12.3 0 0 84.4 16.5 7.5 2.5 2 0 3 0 0
-2345.3 -204.3 -9.3 214 0 12.3 24.0 5.0 2.5 2 1 2 5 5
-4041.7 -894.6 -11.0 88 0 15.4 61.0 14.0 3.5 4 1 4 1 1
-4143.7 -766.8 -11.0 181 0 110.0 17.3 14.0 0.0 0 0 4 5 5
-3556.9 -146.9 -13.1 359 0 103.6 12.1 14.0 3.5 2 0 4 1 1
-2513.2 257.1 -12.7 97 0 20.9 90.0 10.0 0.0 0 1 4 3 3
-4267.5 -948.2 -10.4 90 0 15.3 53.0 10.5 0.0 0 1 3 4 4
-3992.4 -970.6 -10.7 85 0 11.0 62.2 14.0 3.5 4 1 4 1 1
-4079.8 -932.6 -10.7 87 0 6.7 21.7 10.5 0.0 0 1 3 1 1
-3577.7 -926.5 -10.1 271 0 14.8 43.8 14.0 3.5 2 1 4 3 3
-2684.9 101.9 -11.1 88 0 11.1 24.2 7.5 2.5 2 1 3 5 5
-3942.1 -828.6 -11.2 1 0 63.2 16.4 14.0 3.5 2 0 4 2 2
-3687.1 -743.9 -11.3 270 0 16.0 75.0 10.5 3.5 2 1 3 5 5
-2312.0 -200.2 -9.4 33 0 14.7 22.7 7.5 2.5 2 1 3 3 3
-4110.8 -837.7 -10.9 180 0 9.6 32.3 10.5 3.5 2 1 3 1 1
-3896.4 -828.5 -11.3 1 0 63.9 14.8 14.0 0.0 0 0 4 3 3
-4143.1 -869.4 -10.9 179 0 75.1 15.2 14.0 3.5 2 0 4 1 1
-3642.1 -104.5 -13.2 179 0 14.1 45.4 14.0 3.5 2 1 4 0 0
-3638.0 -1304.6 -4.0 180 0 113.5 16.3 12.5 0.0 0 0 5 2 2
-2771.5 45.4 -11.3 215 0 54.0 18.3 7.5 2.5 2 0 3 0 0
-2344.7 -250.2 -9.2 35 0 51.9 16.8 10.0 2.5 2 0 4 0 0
-3653.3 -926.5 -10.3 271 0 15.8 43.0 14.0 3.5 2 1 4 2 2
-4034.7 -971.1 -10.7 87 0 14.5 60.7 14.0 3.5 2 1 4 0 0
-2675.7 177.2 -11.4 278 0 15.3 41.7 7.5 2.5 2 1 3 4 4
-3289.6 -428.0 -10.6 90 0 75.6 8.1 10.5 3.5 2 0 3 0 0
-3193.7 -309.4 -11.0 90 0 13.6 31.2 7.5 2.5 2 1 3 1 1
-4313.3 -948.5 -10.4 90 0 15.1 52.6 10.5 3.5 2 1 3 2 2
-3954.2 -936.2 -11.0 90 0 12.7 63.0 14.0 3.5 2 1 4 3 3
-2135.7 -323.1 -9.0 294 0 16.9 47.8 10.0 2.5 2 1 4 1 1
-3688.9 -867.9 -11.0 180 0 74.4 15.0 10.5 3.5 2 0 3 5 5
-3772.5 -723.5 -11.5 180 0 59.3 26.0 14.0 3.5 2 0 4 4 4
-3849.3 -827.7 -11.4 0 0 63.7 18.2 14.0 3.5 2 0 4 2 2
-3643.5 -84.5 -13.3 179 0 5.4 21.5 10.5 3.5 2 1 3 0 0
-2888.2 139.6 -12.1 305 0 58.1 30.2 12.5 0.0 0 0 5 0 0
-3199.9 -423.0 -10.5 89 0 10.9 37.1 10.5 0.0 0 1 3 1 1
-3515.9 94.0 -13.7 180 0 63.7 13.6 14.0 0.0 0 0 4 1 1
-3848.7 -753.2 -11.4 0 0 63.5 16.8 14.0 3.5 4 0 4 2 2
-2579.3 147.7 -11.3 356 0 21.2 46.6 7.5 2.5 2 1 3 1 1
-3929.3 -961.9 -10.4 90 0 63.2 12.1 14.0 3.5 2 0 4 1 1
-3228.9 106.7 -13.3 181 0 117.3 67.0 10.0 0.0 0 0 4 2 2
-4358.2 -949.3 -10.4 90 0 15.4 52.9 10.5 3.5 2 1 3 5 5
-3913.9 -935.7 -10.9 90 0 12.2 49.7 14.0 3.5 2 1 4 1 1
-3353.9 -909.1 -9.7 89 0 10.6 67.9 5.0 2.5 2 1 2 2 2
-3659.2 -328.8 -12.8 91 0 16.4 35.7 7.5 0.0 0 1 3 4 4
-3872.8 -877.8 -11.0 359 0 12.0 37.6 14.0 3.5 2 1 4 1 1
-4097.5 -973.4 -10.7 85 0 14.8 61.9 14.0 3.5 2 1 4 1 1
-3948.1 -721.8 -11.3 270 0 17.4 63.6 14.0 3.5 2 1 4 1 1
-4320.5 -854.0 -10.9 181 0 62.6 17.3 10.5 3.5 2 0 3 0 0
-3682.5 67.8 -14.7 359 0 64.3 23.1 12.5 2.5 2 0 5 1 1
-4192.6 -856.5 -10.8 0 0 62.6 18.2 10.5 3.5 2 0 3 2 2
-3550.2 -742.5 -10.8 270 0 15.7 72.8 10.5 3.5 2 1 3 0 0
-3605.7 -909.3 -10.6 90 0 14.8 56.8 10.5 0.0 0 1 3 0 0
-4060.3 -683.6 -10.8 270 0 110.1 12.6 14.0 3.5 2 0 4 5 5
-3902.4 -722.6 -11.3 269 0 15.2 63.5 14.0 3.5 2 1 4 1 1
-2807.7 316.9 -12.1 287 0 42.1 22.2 12.5 0.0 0 0 5 3 3
-3592.4 -3.7 -15.4 269 0 23.3 78.6 14.0 0.0 0 1 4 5 5
-2579.2 107.8 -11.1 87 0 10.7 21.5 7.5 2.5 2 1 3 0 0
-4044.0 -711.7 -11.0 271 0 14.1 110.1 14.0 3.5 2 1 4 2 2
-4401.7 -895.8 -10.4 270 0 15.1 53.0 10.5 3.5 2 1 3 1 1
-3397.2 -380.5 -11.5 359 0 58.4 58.8 10.5 0.0 0 1 3 2 2
-3848.3 -701.5 -11.3 360 0 14.4 77.3 14.0 0.0 0 1 4 3 3
-2441.7 25.4 -10.8 195 0 51.7 79.3 7.5 0.0 0 1 3 1 1
-6817.1 7478.2 -17.9 253 0 7.7 33.8 7.5 0.0 0 1 3 2 2
-6648.5 5730.8 -15.5 83 0 11.1 124.8 7.5 2.5 2 1 3 2 2
-6742.9 5850.6 -16.1 263 0 12.2 125.4 12.5 2.5 2 1 5 5 5
-6808.8 5722.8 -15.0 82 0 14.4 97.0 10.0 2.5 2 1 4 1 1
-6624.7 5856.8 -15.5 262 0 12.3 124.8 7.5 2.5 2 1 3 4 4
-6868.5 7477.9 -15.5 252 0 9.7 61.3 7.5 2.5 2 1 3 4 4
-6688.4 5728.3 -15.8 83 0 12.1 125.5 12.5 2.5 4 1 5 3 3
-6913.2 7449.2 -15.9 252 0 6.1 50.3 5.0 2.5 2 1 2 5 5
-6939.0 7377.1 -16.6 251 0 69.5 11.8 7.5 2.5 2 0 3 0 0
-6840.0 7478.0 -16.9 253 0 10.3 56.4 7.5 2.5 2 1 3 0 0
-6843.8 5724.1 -14.6 81 0 13.8 91.4 7.5 2.5 2 1 3 1 1
-6891.0 7460.4 -15.7 252 0 10.2 54.9 10.0 2.5 2 1 4 1 1
-2674.1 -5415.1 2.9 79 0 12.3 42.6 10.0 0.0 0 1 4 1 1
-2256.6 -5482.5 1.7 260 0 16.1 18.0 10.0 2.5 2 1 4 1 1
-2211.9 -5206.7 -0.1 76 0 14.8 17.1 7.5 2.5 2 1 3 4 4
-2498.6 -4703.1 -2.2 257 0 12.2 47.8 10.0 2.5 2 1 4 3 3
-2908.4 -5982.8 1.8 348 0 81.6 13.1 12.5 2.5 2 0 5 5 5
-2583.6 -5444.1 2.7 79 0 12.2 64.1 10.0 2.5 2 1 4 2 2
-2537.3 -6382.9 3.1 343 0 27.4 31.7 10.0 0.0 0 1 4 2 2
-2629.3 -5427.0 3.0 79 0 12.7 32.1 10.0 2.5 2 1 4 4 4
-3002.9 -5778.4 4.1 258 0 12.1 84.6 10.0 2.5 2 1 4 3 3
-2625.9 -5466.7 4.0 259 0 12.5 42.3 10.0 2.5 4 1 4 5 5
-2495.1 -6314.6 6.3 73 0 12.5 40.0 10.0 2.5 2 1 4 1 1
-2070.6 -6149.2 -3.4 170 0 62.2 12.3 12.5 2.5 2 0 5 0 0
-2612.3 -5352.0 2.5 259 0 16.4 18.0 7.5 2.5 2 1 3 4 4
-2572.9 -6351.5 5.4 75 0 12.8 54.4 15.0 0.0 0 1 6 4 4
-2583.6 -5471.0 3.9 259 0 12.3 42.8 10.0 0.0 0 1 4 1 1
-3045.7 -5787.4 3.8 257 0 12.1 85.6 10.0 2.5 2 1 4 4 4
-2418.9 -5378.2 2.1 259 0 16.4 17.6 7.5 2.5 4 1 3 2 2
-2231.1 -6259.5 5.2 257 0 22.3 11.9 7.5 2.5 2 0 3 1 1
-2229.4 -5655.8 -0.4 261 0 16.6 17.4 7.5 2.5 2 1 3 2 2
-2539.9 -5476.0 3.9 258 0 12.6 42.7 12.5 2.5 2 1 5 1 1
-2924.9 -5702.9 5.0 352 0 25.9 48.1 10.0 0.0 0 1 4 0 0
-2277.0 -5520.6 1.6 170 0 18.0 16.5 12.5 2.5 2 0 5 5 5
-2496.7 -5479.7 3.8 259 0 11.8 42.7 10.0 2.5 2 1 4 2 2
-2115.6 -5978.6 -3.5 170 0 16.5 18.5 10.0 2.5 2 1 4 1 1
-2961.4 -5769.4 4.2 258 0 13.1 87.2 7.5 2.5 2 1 3 4 4
-2395.1 -5727.7 0.4 170 0 36.6 12.5 7.5 2.5 2 0 3 4 4
-2392.7 -5652.8 1.1 260 0 31.6 25.5 10.0 0.0 0 0 4 3 3
-2600.2 -6127.0 7.9 253 0 12.5 54.5 7.5 2.5 2 1 3 1 1
-2425.0 -6319.6 5.5 77 0 9.0 24.8 7.5 2.5 4 1 3 5 5
-2351.9 -5810.3 -0.6 80 0 17.1 17.1 7.5 0.0 0 0 3 0 0
-2518.9 -6438.2 0.8 344 0 26.4 32.0 7.5 0.0 0 1 3 3 3
-2531.4 -6339.7 5.6 74 0 12.6 54.1 12.5 2.5 2 1 5 5 5
-2277.0 -4872.9 -2.4 79 0 10.0 49.9 7.5 2.5 2 1 3 4 4
-2334.0 -5467.4 2.7 79 0 7.1 26.4 7.5 2.5 2 1 3 0 0
-2270.2 -5803.1 -1.3 79 0 16.4 18.9 10.0 2.5 2 1 4 1 1
-2311.1 -5806.9 -1.0 79 0 17.0 18.1 7.5 2.5 2 1 3 4 4
-2311.2 -5392.6 1.9 258 0 16.4 18.4 7.5 2.5 2 1 3 3 3
-2989.6 -6038.0 1.7 82 0 12.0 75.4 10.0 2.5 2 1 4 5 5
-2253.8 -5741.2 -1.1 351 0 62.7 12.2 12.5 2.5 2 0 5 4 4
-2382.7 -5383.4 2.1 259 0 16.3 18.4 7.5 2.5 4 1 3 2 2
-2502.2 -6492.8 -0.7 344 0 26.1 33.0 5.0 0.0 0 1 2 3 3
-2295.1 -5779.3 -0.8 81 0 11.7 39.4 7.5 0.0 0 1 3 4 4
-2570.9 -6244.5 7.9 164 0 68.7 12.4 7.5 2.5 2 0 3 3 3
-2928.9 -5930.2 3.0 348 0 14.7 130.9 5.0 0.0 0 1 2 1 1
-2323.6 -6425.5 -0.4 164 0 26.3 31.6 12.5 0.0 0 1 5 2 2
-2685.8 -5344.6 2.8 258 0 15.3 17.4 7.5 2.5 2 1 3 5 5
-2347.4 -5388.6 2.0 258 0 16.6 17.6 5.0 2.5 2 1 2 2 2
-2192.5 -5649.6 -0.6 261 0 16.0 17.1 10.0 2.5 2 1 4 4 4
-2266.2 -5694.9 -0.3 352 0 18.9 55.0 5.0 2.5 2 1 2 5 5
-2892.6 -5983.4 2.0 167 0 77.0 37.8 10.0 0.0 0 0 4 3 3
-3088.3 -5796.6 3.5 258 0 12.5 87.5 12.5 2.5 2 1 5 5 5
-2328.9 -6461.2 -2.4 255 0 31.4 26.1 7.5 0.0 0 0 3 3 3
-2145.1 -5966.7 -3.2 82 0 18.6 16.4 7.5 2.5 2 0 3 3 3
-2620.7 -5883.3 1.1 254 0 12.5 70.3 7.5 2.5 2 1 3 2 2
-2193.6 -5405.7 1.6 276 0 39.3 15.0 7.5 2.5 2 0 3 4 4
-2910.2 -5925.8 2.9 167 0 22.8 26.9 10.0 0.0 0 1 4 3 3
-2042.1 -6019.1 -4.3 350 0 11.2 10.3 2.5 0.0 0 0 1 5 5
-2565.6 -5916.3 0.6 343 0 82.7 12.3 10.0 2.5 2 0 4 4 4
-2648.7 -5349.8 2.6 258 0 15.7 17.2 10.0 2.5 2 1 4 5 5
-2151.7 -5214.1 -0.4 348 0 57.3 11.3 7.5 2.5 2 0 3 0 0
-2353.1 -5700.8 0.1 259 0 13.4 37.3 7.5 2.5 2 1 3 1 1
-2416.1 -5991.5 1.3 256 0 32.7 24.2 12.5 0.0 0 0 5 1 1
-2472.1 -4805.4 -1.0 78 0 11.7 43.4 7.5 2.5 2 1 3 1 1
-2061.2 -5991.8 -3.9 350 0 16.4 18.7 7.5 2.5 2 1 3 3 3
-2419.7 -5590.6 2.0 169 0 25.4 30.7 10.0 0.0 0 1 4 1 1
-2241.0 -4905.5 -3.1 167 0 32.5 15.0 10.0 2.5 2 0 4 3 3
-2532.0 4143.8 -18.3 270 0 47.4 46.3 7.5 0.0 0 0 3 1 1
-2435.1 3818.6 -20.2 91 0 7.4 28.7 10.5 2.5 4 1 3 2 2
-2448.5 3818.7 -20.1 90 0 8.6 27.4 7.0 2.5 2 1 2 3 3
-2462.3 3848.2 -20.0 273 0 8.5 29.7 7.5 2.5 2 1 3 3 3
-2474.6 3846.8 -19.8 271 0 9.4 41.6 7.5 0.0 0 1 3 4 4
-4442.5 956.6 -10.9 85 0 10.5 21.2 14.0 3.5 2 1 4 1 1
-2455.6 4127.5 -18.0 2 0 17.8 24.9 7.5 2.5 2 1 3 2 2
-2512.8 3846.3 -19.5 272 0 19.2 38.1 12.5 0.0 0 1 5 2 2
-4905.3 -2562.2 -8.1 272 0 14.9 57.3 10.0 2.5 2 1 4 4 4
-4613.9 -1944.1 -9.2 19 0 84.9 23.9 10.5 0.0 0 0 3 0 0
-4660.7 -1961.5 -9.1 20 0 31.1 11.9 10.5 3.5 2 0 3 1 1
-4648.3 -1889.6 -9.2 290 0 12.9 31.6 10.5 3.5 2 1 3 0 0
-4699.5 -1882.7 -9.3 289 0 50.8 16.3 10.5 3.5 2 0 3 2 2
-4711.9 -1943.6 -9.2 199 0 13.5 21.8 10.5 3.5 2 1 3 3 3
-4769.1 -2082.4 -8.8 200 0 16.0 31.7 10.5 3.5 2 0 3 4 4
-4741.9 -1980.6 -9.1 199 0 30.5 16.1 10.5 3.5 2 0 3 2 2
-4722.4 -1994.8 -9.1 199 0 33.5 16.4 10.5 3.5 2 0 3 1 1
-4778.0 -2134.7 -8.7 198 0 36.0 19.1 10.5 0.0 0 0 3 4 4
-4790.3 -2193.0 -8.6 201 0 22.2 14.9 10.5 0.0 0 0 3 0 0
-4761.6 -2343.3 -8.3 109 0 8.8 71.2 10.5 3.5 2 1 3 3 3
-4822.7 -2332.0 -8.2 181 0 54.9 15.5 10.0 2.5 2 0 4 4 4
-4787.4 -2592.6 -8.6 1 0 56.9 12.9 10.0 2.5 2 0 4 4 4
-4467.3 -2612.1 -9.0 181 0 125.0 39.9 10.0 0.0 0 0 4 2 2
-5883.0 -8178.4 -7.4 91 0 33.6 50.4 7.5 0.0 0 1 3 3 3
-5960.8 -8111.5 -6.5 91 0 18.6 69.0 7.5 2.5 2 1 3 3 3
-2736.2 3216.8 -18.6 1 0 69.3 22.5 7.5 2.5 2 0 3 3 3
-2760.5 3203.6 -18.0 359 0 8.9 30.9 7.5 2.5 2 1 3 3 3
-2479.1 3526.3 -20.6 89 0 125.6 15.3 7.5 0.0 0 0 3 3 3
-2630.4 3515.2 -19.6 90 0 60.7 52.4 7.5 0.0 0 0 3 2 2
-2751.9 3394.9 -20.2 90 0 17.9 82.1 10.0 2.5 2 1 4 3 3
-2786.1 3397.4 -20.5 91 0 33.0 43.0 7.5 0.0 0 1 3 2 2
-2786.6 3462.2 -20.6 271 0 32.3 11.7 7.5 2.5 2 0 3 2 2
-2599.0 3598.8 -19.8 360 0 28.8 43.4 10.0 0.0 0 1 4 3 3
-2510.4 3171.1 -19.7 360 0 21.6 21.8 12.5 2.5 2 1 5 0 0
-5113.9 657.3 -12.7 89 0 137.3 77.4 17.5 0.0 0 0 5 1 1
-3254.1 2918.6 -14.1 270 0 24.7 48.8 7.5 0.0 0 1 3 3 3
-4386.7 3155.7 -13.7 178 0 20.0 19.5 10.5 3.5 2 0 3 1 1
-3444.9 3142.3 -14.6 270 0 90.0 60.3 25.0 0.0 0 0 10 2 2
-3474.8 3192.5 -14.7 360 0 79.1 36.0 5.0 0.0 0 0 2 5 5
-3490.4 3262.3 -15.2 90 0 24.1 55.6 10.0 2.5 2 1 4 0 0
-3428.1 2686.2 -14.3 180 0 92.3 11.2 10.5 3.5 4 0 3 2 2
-3498.8 2737.1 -14.3 270 0 11.2 92.3 10.5 0.0 0 1 3 0 0
-3507.8 2840.6 -12.4 180 0 92.3 11.2 10.5 3.5 2 0 3 2 2
-3429.0 2851.6 -13.1 180 0 92.3 11.2 12.5 2.5 2 0 5 4 4
-3347.0 2687.8 -14.3 180 0 92.3 11.2 12.5 2.5 2 0 5 4 4
-3501.6 2756.6 -12.1 89 0 16.8 28.1 10.5 3.5 2 1 3 4 4
-3308.3 3113.0 -14.8 360 0 24.8 23.6 7.5 2.5 2 0 3 5 5
-3114.4 3086.8 -15.8 90 0 48.9 72.1 7.5 0.0 0 1 3 0 0
-3097.9 3179.4 -16.0 90 0 19.5 26.6 7.5 2.5 2 1 3 2 2
-3104.6 3368.0 -17.1 263 0 43.9 60.5 7.5 0.0 0 1 3 1 1
-3144.8 3295.6 -16.4 200 0 13.3 27.4 10.0 2.5 2 1 4 0 0
-3119.2 3400.0 -17.1 336 0 18.8 30.7 7.5 0.0 0 1 3 0 0
-3133.4 3428.6 -17.2 324 0 16.9 31.8 7.5 2.5 2 1 3 0 0
-3155.6 3451.1 -17.3 313 0 16.5 29.6 5.0 2.5 4 1 2 2 2
-3182.3 3470.3 -17.3 303 0 16.4 28.9 12.5 2.5 2 1 5 0 0
-5909.0 4323.4 -17.6 180 0 43.0 120.5 14.0 0.0 0 1 4 4 4
-5890.9 4128.5 -18.7 271 0 19.9 62.4 14.0 3.5 2 1 4 1 1
-5792.0 4119.2 -19.6 270 0 43.3 43.5 14.0 0.0 0 1 4 2 2
-5741.4 4121.1 -19.9 270 0 17.3 54.4 14.0 3.5 2 1 4 1 1
-5599.8 4252.8 -20.8 270 0 92.9 73.6 14.0 0.0 0 0 4 5 5
-5633.7 4325.3 -13.2 0 0 46.0 29.4 14.0 0.0 0 0 4 2 2
-5641.1 4050.3 -20.8 90 0 15.2 73.3 14.0 3.5 2 1 4 2 2
-5562.8 4049.6 -21.4 90 0 15.2 73.3 14.0 3.5 2 1 4 2 2
-3636.1 2841.7 -11.3 180 0 56.4 26.2 14.0 3.5 2 0 4 5 5
-3581.5 2840.7 -11.8 0 0 91.1 22.3 14.0 0.0 0 0 4 5 5
-3677.5 2784.1 -11.7 90 0 17.7 54.2 14.0 3.5 2 1 4 2 2
-3743.5 2789.8 -11.6 89 0 20.4 53.6 14.0 3.5 2 1 4 1 1
-3634.9 2676.3 -14.0 180 0 22.0 41.5 14.0 0.0 0 1 4 5 5
-3638.4 3014.7 -13.4 179 0 7.5 82.3 5.0 2.5 2 1 2 4 4
-3651.7 3103.2 -13.6 91 0 16.5 24.9 7.5 2.5 2 1 3 1 1
-3652.4 3151.0 -13.9 90 0 12.9 76.1 5.0 2.5 2 1 2 5 5
-3651.4 3317.2 -14.3 270 0 12.9 76.1 5.0 2.5 2 1 2 5 5
-3605.0 3105.7 -13.8 90 0 30.5 17.8 10.0 2.5 2 0 4 4 4
-3651.4 3359.0 -17.1 90 0 12.9 76.1 12.5 2.5 2 1 5 2 2
-3649.2 3473.8 -16.9 270 0 17.7 23.8 10.0 0.0 0 1 4 0 0
-3647.4 3519.9 -14.8 270 0 17.7 23.8 12.5 2.5 2 1 5 2 2
-3600.8 3363.6 -16.1 91 0 35.2 25.0 10.0 0.0 0 0 4 2 2
-3555.6 3450.9 -17.6 0 0 37.7 10.4 12.5 2.5 2 0 5 2 2
-3777.4 2870.4 -10.5 180 0 11.7 26.6 14.0 3.5 2 1 4 3 3
-3773.4 2893.2 -11.0 179 0 29.4 13.4 14.0 3.5 4 0 4 3 3
-3790.0 2888.3 -10.9 180 0 42.7 12.1 14.0 3.5 2 0 4 4 4
-3782.1 2947.1 -11.7 180 0 18.9 6.6 10.5 3.5 2 0 3 5 5
-3773.2 2925.3 -11.4 179 0 15.9 13.7 14.0 0.0 0 0 4 0 0
-3782.6 2980.1 -12.4 179 0 30.5 7.6 10.5 3.5 2 0 3 3 3
-3751.3 2940.5 -11.6 270 0 5.3 61.9 10.5 3.5 2 1 3 5 5
-3773.9 2992.8 -12.5 180 0 22.2 8.7 10.5 3.5 2 0 3 4 4
3945.7 6169.6 -25.5 355 0 12.7 13.0 5.0 2.5 2 0 2 1 1
3947.2 6152.2 -25.5 356 0 12.8 12.5 5.0 2.5 2 0 2 3 3
3959.8 6153.3 -25.5 354 0 13.2 12.7 2.5 2.5 2 0 1 1 1
3954.6 6119.3 -25.5 355 0 53.5 14.2 10.0 2.5 2 0 4 1 1
3954.5 6060.3 -25.5 357 0 19.2 7.3 7.5 2.5 2 0 3 5 5
4060.2 6157.6 -25.8 3 0 8.3 7.8 2.5 2.5 2 0 1 5 5
4026.5 6123.8 -25.8 92 0 69.3 13.6 10.0 2.5 4 0 4 1 1
4088.0 5919.4 -24.9 178 0 12.1 32.3 10.0 2.5 2 1 4 3 3
