-612.7 -4614.2 4.3 169 0 17.9 9.1 10.5 3.5 2 0 3 1 1
108.3 -9745.2 -1.9 244 0 13.0 47.9 10.0 0.0 0 1 4 0 0
200.2 -9731.8 -3.3 244 0 15.9 19.4 10.0 2.5 2 1 4 0 0
197.1 -9671.9 -3.2 80 0 26.2 27.8 7.5 0.0 0 1 3 2 2
265.1 -9778.0 -5.2 66 0 14.0 20.2 10.0 2.5 2 1 4 3 3
6155.5 -1341.5 -3.5 338 0 24.0 82.2 7.5 0.0 0 1 3 1 1
3620.2 6440.4 -6.3 265 0 12.7 81.8 14.0 3.5 2 1 4 0 0
-751.7 3113.8 -2.8 259 0 12.2 86.6 17.5 0.0 0 1 5 0 0
6560.4 2290.6 -7.5 268 0 24.6 49.8 10.0 2.5 2 1 4 4 4
-732.6 2984.4 -7.3 169 0 82.2 10.9 17.5 3.5 2 0 5 5 5
3701.0 6509.3 -6.1 353 0 15.4 69.9 14.0 0.0 0 1 4 2 2
-677.1 2869.7 -6.7 79 0 15.1 123.0 17.5 0.0 0 1 5 4 4
-703.3 2862.8 -7.3 79 0 11.8 77.6 17.5 3.5 2 1 5 3 3
-724.6 3117.3 -5.4 259 0 14.5 121.8 17.5 0.0 0 1 5 1 1
6535.3 2166.1 -7.4 88 0 14.3 50.7 10.0 2.5 2 1 4 5 5
-3738.6 -8647.3 -2.0 85 0 108.3 85.4 12.5 0.0 0 0 5 5 5
-2633.3 -9875.5 -6.7 180 0 12.6 18.9 7.5 2.5 2 1 3 3 3
-2627.9 -9891.8 -6.8 182 0 12.6 15.5 5.0 2.5 2 1 2 1 1
-2629.8 -9944.4 -7.3 181 0 12.9 18.0 5.0 2.5 2 1 2 0 0
-2630.3 -9910.1 -7.0 181 0 13.4 18.1 7.5 0.0 0 1 3 0 0
-2615.7 -9969.6 -7.3 96 0 14.2 13.9 5.0 2.5 2 0 2 1 1
-2611.4 -9859.3 -6.6 2 0 13.4 14.9 5.0 2.5 2 1 2 3 3
-3331.5 -9450.4 -8.4 331 0 20.5 14.0 10.0 2.5 2 0 4 3 3
-3776.0 -8886.1 -3.3 86 0 12.1 56.6 7.5 2.5 2 1 3 2 2
-3863.3 -8679.8 -1.2 269 0 12.9 58.5 10.0 2.5 2 1 4 5 5
-3814.3 -8889.4 -3.3 86 0 12.2 57.0 7.5 2.5 2 1 3 4 4
-3822.1 -8677.9 -1.2 266 0 11.8 56.8 7.5 0.0 0 1 3 1 1
-3392.1 -9276.9 -6.5 314 0 17.1 17.6 10.0 2.5 2 1 4 5 5
-4072.9 -8803.3 -2.1 88 0 11.5 24.5 10.0 2.5 2 1 4 5 5
-3786.3 -8674.5 -1.1 266 0 12.4 57.5 10.0 2.5 2 1 4 3 3
-3401.0 -9256.6 -6.3 314 0 16.8 18.1 7.5 2.5 2 1 3 5 5
-3083.4 -8193.9 -2.0 264 0 12.9 68.5 12.5 2.5 2 1 5 5 5
-3866.5 -8784.6 -2.3 178 0 58.9 13.6 10.0 2.5 2 0 4 5 5
-3317.6 -9476.2 -8.7 324 0 21.5 14.5 7.5 2.5 2 0 3 0 0
-3451.4 -9240.5 -6.0 280 0 14.2 17.3 10.0 2.5 4 1 4 3 3
-3827.4 -8774.4 -2.0 176 0 43.4 13.2 5.0 2.5 2 0 2 5 5
-3297.0 -9496.1 -9.0 315 0 20.5 13.8 7.5 2.5 2 0 3 3 3
-3778.0 -8777.7 -2.2 356 0 58.8 12.9 10.0 0.0 0 0 4 2 2
-3868.8 -9633.1 -8.4 90 0 13.7 38.9 12.5 2.5 2 1 5 5 5
-3282.8 -9473.0 -8.8 138 0 22.1 12.9 10.0 2.5 2 0 4 5 5
-3825.2 -9688.2 -9.1 90 0 12.7 40.0 10.0 2.5 2 1 4 3 3
-2756.7 -8473.0 -13.9 173 0 108.4 17.8 12.5 0.0 0 0 5 2 2
-270.9 -7748.5 -3.6 259 0 56.1 309.3 14.0 0.0 0 1 4 0 0
-2770.3 -8355.5 -12.3 175 0 106.0 16.7 10.0 0.0 0 0 4 0 0
-3523.7 -9905.4 -12.8 333 0 53.6 18.5 5.0 2.5 2 0 2 0 0
-3348.5 -9422.0 -8.1 332 0 20.9 12.0 7.5 0.0 0 0 3 0 0
-3955.2 -8704.8 -1.8 269 0 12.8 83.3 10.0 0.0 0 1 4 0 0
-3852.5 -8893.2 -3.4 85 0 12.1 56.7 7.5 2.5 2 1 3 3 3
-3890.2 -8741.3 -1.8 359 0 83.6 12.5 12.5 2.5 2 0 5 5 5
-3333.3 -9421.3 -8.1 139 0 22.8 15.0 7.5 0.0 0 0 3 5 5
-3304.2 -9449.1 -8.4 137 0 19.3 14.8 10.0 2.5 2 0 4 4 4
-4875.0 9604.6 -13.5 246 0 23.1 150.0 10.5 0.0 0 1 3 1 1
-4764.9 9381.2 -13.1 67 0 31.6 76.0 10.5 0.0 0 1 3 0 0
-2430.5 10524.8 -11.5 350 0 105.7 32.8 10.0 0.0 0 0 4 4 4
-6056.4 5068.1 -4.1 72 0 18.8 25.8 7.5 2.5 2 1 3 4 4
-5546.4 5584.6 -2.2 255 0 13.1 45.4 15.0 0.0 0 1 6 4 4
-5169.8 5452.6 2.1 79 0 77.4 16.4 17.5 3.5 4 0 5 3 3
-5954.3 5465.1 -5.1 3 0 24.8 18.5 7.5 2.5 2 0 3 2 2
-6056.2 5427.9 -5.5 19 0 25.9 19.2 5.0 2.5 2 0 2 5 5
-5963.8 4991.2 -2.0 85 0 16.2 25.0 10.0 2.5 4 1 4 5 5
-2595.8 5516.8 -5.3 79 0 72.7 180.9 12.5 0.0 0 1 5 0 0
-724.9 6020.7 -4.2 82 0 107.2 151.5 10.0 0.0 0 1 4 4 4
584.0 -4130.1 1.5 352 0 64.6 12.5 12.5 2.5 2 0 5 1 1
-631.4 -5449.1 6.0 3 0 47.1 11.3 10.0 2.5 2 0 4 3 3
269.2 -4320.6 -2.4 82 0 12.4 47.8 12.5 2.5 2 1 5 3 3
517.0 -4250.4 -0.4 83 0 12.0 68.5 12.5 2.5 2 1 5 5 5
3621.5 -5045.5 -2.5 80 0 11.7 14.9 5.0 2.5 2 1 2 5 5
554.9 -4244.9 -0.4 83 0 12.4 67.5 10.0 2.5 2 1 4 3 3
522.9 -3982.3 4.6 263 0 11.9 49.0 7.5 2.5 4 1 3 2 2
695.6 -4046.4 3.1 352 0 68.2 11.7 10.0 2.5 2 0 4 4 4
1531.2 -2765.5 -2.4 172 0 23.1 63.3 10.0 2.5 2 1 4 1 1
444.1 -4259.6 -0.5 82 0 11.9 68.0 17.5 2.5 2 1 7 0 0
627.3 -4235.1 -0.4 83 0 12.1 68.0 10.0 2.5 2 1 4 2 2
371.2 -4269.2 -1.0 83 0 12.3 68.7 10.0 2.5 4 1 4 0 0
373.1 -4280.3 -2.6 263 0 9.6 70.6 7.5 2.5 2 1 3 5 5
239.4 -4380.2 -3.7 84 0 11.6 55.5 10.0 2.5 2 1 4 4 4
629.8 -3972.7 5.2 173 0 57.8 13.1 12.5 2.5 2 0 5 1 1
187.1 -4263.0 -2.1 173 0 78.6 12.0 12.5 0.0 0 0 5 3 3
667.3 -4162.6 1.2 83 0 11.2 73.7 12.5 0.0 0 1 5 5 5
384.4 -4077.7 0.9 262 0 12.0 113.2 10.0 2.5 2 1 4 0 0
416.2 -4073.2 2.3 263 0 11.3 49.1 10.0 2.5 2 1 4 3 3
-644.4 -5397.8 3.9 2 0 50.1 13.5 12.5 2.5 2 0 5 4 4
592.7 -4252.0 -1.6 263 0 12.1 39.7 10.0 2.5 2 1 4 4 4
481.0 -4254.5 -0.3 83 0 12.4 68.3 10.0 2.5 2 1 4 4 4
519.2 -3924.5 5.8 352 0 93.5 11.4 12.5 2.5 2 0 5 3 3
675.5 -3937.7 5.0 263 0 11.9 68.0 15.0 2.5 2 1 6 0 0
295.7 -4257.1 -0.9 83 0 11.9 48.5 10.0 2.5 2 1 4 4 4
704.6 -4157.7 1.2 83 0 12.2 69.1 12.5 2.5 4 1 5 4 4
616.3 -4048.5 3.4 353 0 65.1 12.4 10.0 2.5 2 0 4 4 4
573.8 -4053.9 3.4 353 0 65.2 12.3 7.5 2.5 2 0 3 5 5
407.9 -4264.5 -0.7 83 0 12.1 69.0 15.0 2.5 2 1 6 5 5
187.6 -3327.5 2.6 263 0 15.7 98.3 12.5 2.5 2 1 5 0 0
356.1 -4151.6 0.6 263 0 16.3 43.6 10.0 0.0 0 1 4 1 1
949.0 -2963.3 3.3 262 0 60.0 24.8 17.5 2.5 2 0 7 5 5
307.5 -4291.5 -2.1 353 0 48.4 12.3 15.0 0.0 0 0 6 0 0
555.7 -4255.1 -1.9 264 0 11.7 52.1 10.0 2.5 4 1 4 1 1
518.8 -4260.7 -1.8 263 0 11.8 51.4 12.5 2.5 2 1 5 4 4
591.0 -4240.2 -0.4 83 0 12.4 67.2 12.5 2.5 2 1 5 5 5
222.5 -4266.4 -2.0 173 0 65.0 11.7 7.5 2.5 2 0 3 1 1
3909.7 -4976.0 -2.1 81 0 6.7 10.0 7.5 2.5 2 1 3 0 0
261.8 -4261.8 -1.1 83 0 12.4 50.9 15.0 2.5 2 1 6 4 4
626.8 -4124.7 1.5 353 0 65.2 12.0 12.5 2.5 2 0 5 3 3
449.9 -4068.6 2.5 264 0 12.6 49.0 12.5 2.5 2 1 5 2 2
564.2 -3953.6 5.2 263 0 13.4 56.8 12.5 2.5 2 1 5 0 0
3895.3 -4988.0 -2.2 349 0 14.4 12.4 5.0 2.5 2 0 2 0 0
627.7 -4246.7 -1.6 263 0 11.1 37.8 7.5 2.5 2 1 3 1 1
445.9 -4272.6 -2.0 263 0 12.7 57.5 10.0 2.5 2 1 4 4 4
206.0 -4390.9 -3.5 83 0 13.3 82.0 10.0 2.5 2 1 4 1 1
492.0 -3987.1 4.4 263 0 12.4 48.3 10.0 2.5 2 1 4 5 5
646.1 -4045.2 3.2 173 0 73.3 10.8 10.0 2.5 2 0 4 1 1
482.5 -4266.5 -1.9 263 0 12.3 52.9 10.0 2.5 2 1 4 0 0
3851.3 -5170.2 -4.8 259 0 144.7 90.4 10.0 0.0 0 0 4 4 4
-3595.6 -8545.3 -2.7 176 0 145.3 13.8 10.0 0.0 0 0 4 2 2
467.1 -3838.5 6.1 353 0 52.5 13.6 12.5 2.5 2 0 5 0 0
-3337.7 -9242.7 -6.3 240 0 11.4 13.7 7.5 2.5 2 1 3 0 0
-4070.1 -7807.2 -6.3 266 0 173.7 245.1 10.0 0.0 0 1 4 0 0
-448.7 -4084.0 3.2 344 0 40.8 223.1 10.0 0.0 0 1 4 4 4
422.9 -3936.9 5.3 172 0 94.0 10.0 10.0 2.5 2 0 4 2 2
465.3 -3931.2 5.6 173 0 94.2 9.7 7.5 2.5 2 0 3 2 2
-321.6 -3444.2 3.7 262 0 117.5 69.5 12.5 0.0 0 0 5 4 4
3659.1 -5074.2 -2.8 259 0 14.7 14.7 5.0 2.5 2 1 2 1 1
3776.3 -5052.4 -2.7 258 0 13.4 10.5 5.0 2.5 2 0 2 3 3
3892.7 -5096.7 -3.3 79 0 14.0 17.3 5.0 2.5 2 1 2 5 5
3877.5 -5151.0 -3.8 80 0 12.9 28.2 10.0 2.5 2 1 4 0 0
3683.2 -5070.0 -2.7 259 0 14.7 14.7 5.0 0.0 0 1 2 1 1
3885.8 -5679.7 -9.2 71 0 179.2 30.3 10.0 0.0 0 0 4 2 2
3881.3 -5072.8 -3.0 79 0 12.0 17.6 10.0 2.5 2 1 4 0 0
3915.4 -5105.2 -3.6 260 0 14.7 16.7 7.5 2.5 2 1 3 4 4
3894.1 -5028.5 -2.7 261 0 11.7 14.5 5.0 2.5 2 1 2 2 2
3808.5 -4990.0 -2.2 260 0 11.3 13.9 2.5 2.5 2 1 1 5 5
3636.2 -5078.4 -2.8 259 0 14.7 14.7 5.0 2.5 2 1 2 4 4
2650.7 2363.8 1.0 187 0 9.2 15.4 5.0 0.0 0 1 2 3 3
2658.5 2439.8 1.0 277 0 9.3 15.5 2.5 0.0 0 1 1 1 1
2729.9 2356.5 0.8 1 0 34.9 20.1 7.5 0.0 0 0 3 4 4
1594.6 3217.2 -5.2 349 0 239.0 139.8 10.0 0.0 0 0 4 3 3
1568.4 3344.6 -5.1 349 0 15.5 53.9 10.0 2.5 2 1 4 5 5
4395.4 2380.6 -7.9 347 0 172.0 120.8 12.5 0.0 0 0 5 2 2
2729.7 2439.8 0.8 0 0 19.4 17.8 12.5 2.5 2 0 5 4 4
2805.5 2181.7 0.6 90 0 14.0 50.6 7.5 2.5 4 1 3 2 2
2794.3 1704.5 0.7 360 0 96.2 29.9 10.0 0.0 0 0 4 4 4
1101.3 3545.1 -3.9 349 0 55.2 14.5 7.5 2.5 2 0 3 4 4
2545.0 574.3 4.8 90 0 151.1 101.6 12.5 0.0 0 0 5 4 4
2779.3 2206.4 0.7 360 0 55.3 130.0 7.5 0.0 0 1 3 1 1
5088.8 9786.2 -12.1 85 0 12.0 81.4 17.5 0.0 0 1 5 5 5
1154.1 2944.2 -5.1 259 0 14.6 37.2 12.5 2.5 2 1 5 0 0
2728.6 2289.8 0.8 0 0 75.7 29.4 7.5 0.0 0 0 3 5 5
1440.2 2784.9 -3.4 87 0 70.3 179.0 10.0 0.0 0 1 4 0 0
5013.0 9755.3 -12.6 85 0 12.3 134.9 17.5 0.0 0 1 5 1 1
1237.3 2650.2 -4.2 79 0 70.9 208.3 10.0 0.0 0 1 4 0 0
5050.0 9777.7 -12.3 86 0 11.4 86.7 17.5 3.5 2 1 5 1 1
2644.5 1968.1 0.9 180 0 125.8 48.7 10.0 0.0 0 0 4 1 1
6942.2 897.6 -5.9 256 0 65.5 19.1 10.0 0.0 0 0 4 2 2
2649.3 2291.7 0.9 180 0 71.8 37.7 10.0 0.0 0 0 4 1 1
2395.4 2731.9 1.5 180 0 35.6 17.7 7.5 2.5 2 0 3 1 1
5991.0 8693.3 -10.7 265 0 12.9 77.9 17.5 3.5 2 1 5 4 4
4889.7 8506.7 -6.0 87 0 13.5 43.4 10.0 2.5 2 1 4 4 4
4775.4 8754.4 -8.5 180 0 32.7 13.6 10.0 2.5 2 0 4 1 1
2548.6 2170.2 1.2 90 0 21.3 61.0 10.0 2.5 2 1 4 4 4
5064.7 8555.7 -8.5 356 0 29.4 14.7 7.5 2.5 2 0 3 2 2
4780.6 8524.2 -6.2 175 0 46.1 11.5 10.0 2.5 2 0 4 2 2
2416.4 2231.0 1.5 270 0 22.5 59.6 7.5 2.5 2 1 3 1 1
6040.1 9688.4 -11.5 267 0 13.1 29.1 17.5 3.5 2 1 5 5 5
3370.5 8077.8 -18.4 0 0 13.5 15.2 10.5 3.5 2 1 3 4 4
5778.6 6548.5 -7.9 356 0 133.0 112.4 10.0 0.0 0 0 4 3 3
6051.2 9622.0 -11.5 356 0 59.5 13.0 17.5 3.5 2 0 5 0 0
4933.4 8509.5 -6.0 87 0 13.7 44.1 12.5 2.5 2 1 5 4 4
4781.7 8819.1 -9.7 270 0 13.7 31.9 7.5 2.5 2 1 3 2 2
5644.4 7523.2 -16.9 270 0 18.0 51.0 14.0 3.5 2 1 4 2 2
2389.9 2384.0 1.5 180 0 183.8 10.3 12.5 0.0 0 0 5 3 3
2443.2 2230.9 1.4 271 0 19.0 59.9 7.5 2.5 2 1 3 5 5
5999.7 9719.8 -11.3 266 0 12.3 63.3 17.5 3.5 2 1 5 1 1
5971.8 9588.2 -10.9 86 0 12.5 57.2 17.5 3.5 2 1 5 3 3
4777.4 8588.3 -5.7 175 0 46.6 14.0 10.0 2.5 2 0 4 3 3
3379.3 8100.8 -18.6 181 0 14.3 13.6 10.5 3.5 2 0 3 0 0
2527.0 2247.9 1.1 90 0 126.6 227.3 10.0 0.0 0 1 4 2 2
4776.4 8650.5 -6.1 179 0 48.3 13.6 7.5 2.5 2 0 3 5 5
5686.9 7523.8 -16.6 270 0 17.9 51.1 14.0 3.5 2 1 4 3 3
3393.7 8074.7 -18.9 180 0 14.9 14.1 10.5 3.5 2 0 3 5 5
4775.5 8706.1 -7.3 180 0 32.2 14.3 10.0 2.5 2 0 4 1 1
5960.8 9739.8 -11.1 266 0 12.8 85.8 17.5 3.5 2 1 5 4 4
4977.2 8512.6 -6.6 86 0 14.2 44.1 7.5 0.0 0 1 3 1 1
2439.9 2263.7 1.4 360 0 41.2 49.8 10.0 0.0 0 1 4 0 0
4847.2 8505.0 -6.1 85 0 11.1 46.1 10.0 2.5 2 1 4 5 5
5018.5 8515.6 -7.5 86 0 13.7 44.8 12.5 2.5 4 1 5 5 5
6009.8 9589.2 -11.1 86 0 13.1 59.7 17.5 3.5 2 1 5 2 2
2601.7 1986.2 1.1 0 0 82.0 296.3 10.0 0.0 0 1 4 5 5
4477.5 9997.1 -14.2 90 0 15.9 72.8 15.0 2.5 2 1 6 5 5
4905.8 8654.0 -8.2 356 0 44.0 13.7 12.5 2.5 2 0 5 5 5
3428.7 8139.6 -19.0 197 0 8.9 15.3 10.5 0.0 0 1 3 1 1
4852.5 8801.9 -11.1 179 0 33.3 13.0 15.0 0.0 0 0 6 5 5
3368.7 8143.3 -18.3 197 0 9.1 15.9 10.5 3.5 2 1 3 2 2
5311.5 8806.6 -7.3 86 0 12.4 66.0 17.5 3.5 2 1 5 4 4
5399.1 8746.7 -7.7 78 0 13.1 61.9 17.5 3.5 2 1 5 5 5
4378.1 9966.3 -17.3 180 0 65.8 16.7 10.0 2.5 2 0 4 5 5
3397.4 8130.3 -18.6 198 0 13.3 11.8 10.5 3.5 2 0 3 4 4
5996.2 7250.5 -12.3 183 0 72.1 96.6 14.0 0.0 0 1 4 4 4
3318.1 8155.7 -17.6 198 0 9.1 14.4 10.5 3.5 2 1 3 1 1
4860.7 8594.4 -5.9 356 0 47.4 13.7 7.5 2.5 2 0 3 3 3
3413.0 8177.3 -18.6 198 0 13.8 11.2 10.5 3.5 2 0 3 1 1
4910.3 8594.9 -6.8 356 0 44.6 14.2 15.0 2.5 2 0 6 2 2
5326.3 8718.8 -7.4 78 0 12.8 81.0 17.5 3.5 2 1 5 3 3
3379.3 8173.7 -18.2 198 0 9.2 14.8 10.5 3.5 2 1 3 3 3
4928.9 8717.7 -10.4 360 0 59.0 13.4 17.5 0.0 0 0 7 0 0
3343.0 8118.6 -17.9 109 0 10.8 12.1 10.5 3.5 4 1 3 4 4
4922.9 8793.7 -12.1 0 0 50.1 11.3 10.0 2.5 4 0 4 1 1
4849.6 8679.4 -7.5 267 0 14.6 46.8 10.0 2.5 2 1 4 0 0
5389.1 8847.8 -7.7 355 0 65.1 13.5 17.5 3.5 2 0 5 2 2
3327.7 8114.7 -17.7 359 0 8.9 14.8 10.5 3.5 2 1 3 0 0
4865.3 8708.4 -9.0 179 0 32.7 13.8 12.5 2.5 4 0 5 4 4
3439.8 8170.0 -19.0 196 0 8.9 14.7 10.5 3.5 2 1 3 0 0
4858.3 8755.4 -10.0 179 0 33.1 13.9 12.5 2.5 2 0 5 5 5
5364.1 8732.0 -7.5 78 0 13.3 71.7 17.5 3.5 2 1 5 4 4
5355.3 8843.9 -7.5 356 0 65.2 12.1 17.5 3.5 2 0 5 3 3
6084.8 -2731.9 -1.8 340 0 45.1 13.1 7.5 2.5 2 0 3 0 0
5644.1 8450.1 -8.9 352 0 98.5 13.1 17.5 3.5 2 0 5 2 2
4931.8 8971.2 -14.1 269 0 12.2 31.3 12.5 2.5 2 1 5 5 5
1897.2 3740.9 -2.5 350 0 89.7 50.6 10.0 0.0 0 0 4 0 0
5312.8 8686.8 -7.3 78 0 7.4 120.2 10.5 3.5 2 1 3 2 2
5452.0 7904.4 -9.8 94 0 9.8 20.1 7.5 2.5 2 1 3 2 2
5221.4 9695.3 -11.6 175 0 113.5 11.6 17.5 0.0 0 0 5 2 2
6292.1 9141.9 -12.3 257 0 12.9 47.9 14.0 3.5 4 1 4 1 1
5176.4 8989.3 -9.3 177 0 44.8 14.2 17.5 3.5 4 0 5 1 1
5182.3 8744.9 -8.3 86 0 12.2 37.5 17.5 3.5 2 1 5 2 2
3455.4 8266.2 -18.5 21 0 13.5 13.9 10.5 0.0 0 1 3 0 0
6030.4 8671.2 -10.8 266 0 14.7 52.3 17.5 3.5 2 1 5 0 0
5539.3 8443.1 -8.4 352 0 86.0 11.8 10.0 2.5 2 0 4 3 3
4958.5 9591.7 -15.4 265 0 12.5 44.7 14.0 3.5 2 1 4 1 1
5440.4 7968.6 -9.4 268 0 12.7 35.2 10.0 2.5 2 1 4 3 3
5006.9 8720.1 -11.5 356 0 42.0 15.7 10.0 2.5 4 0 4 0 0
1801.0 3627.9 -3.0 169 0 52.1 145.8 7.5 0.0 0 1 3 0 0
5574.1 10166.0 -10.1 273 0 19.9 57.8 14.0 3.5 4 1 4 1 1
5376.7 8932.5 -7.7 356 0 74.7 14.4 17.5 0.0 0 0 5 4 4
5208.8 9821.0 -12.0 175 0 92.2 12.0 17.5 3.5 2 0 5 5 5
5101.3 9554.0 -13.5 85 0 12.1 64.3 17.5 3.5 2 1 5 2 2
5272.1 8804.5 -7.1 85 0 12.5 65.1 17.5 3.5 4 1 5 4 4
5214.4 8991.7 -8.6 177 0 45.1 14.5 17.5 3.5 2 0 5 3 3
5788.6 8309.5 -9.5 265 0 11.6 123.4 10.0 2.5 2 1 4 0 0
5527.7 10094.7 -9.1 2 0 12.0 55.2 17.5 3.5 2 1 5 4 4
4980.7 9474.9 -15.5 84 0 19.4 24.8 14.0 3.5 2 1 4 2 2
5347.5 8699.0 -7.5 52 0 61.1 7.3 10.5 3.5 2 0 3 5 5
5255.8 9779.6 -11.2 85 0 12.0 92.2 17.5 3.5 2 1 5 4 4
5670.8 7227.9 -14.2 270 0 17.9 50.1 10.0 2.5 2 1 4 2 2
5627.2 8943.3 -8.8 77 0 13.6 74.7 14.0 3.5 2 1 4 4 4
5099.3 8798.1 -10.2 175 0 109.5 14.2 17.5 0.0 0 0 5 2 2
4897.2 9428.1 -16.8 265 0 13.6 78.8 14.0 3.5 2 1 4 4 4
1835.5 3136.0 -2.6 349 0 126.1 48.1 12.5 0.0 0 0 5 0 0
5023.8 9578.5 -14.6 175 0 64.9 13.6 17.5 3.5 2 0 5 0 0
6055.3 8318.6 -10.8 355 0 73.8 14.6 17.5 3.5 2 0 5 1 1
5838.3 8250.4 -9.8 355 0 126.0 13.1 12.5 0.0 0 0 5 2 2
5189.8 8791.4 -8.5 85 0 13.0 70.2 17.5 3.5 2 1 5 3 3
5137.8 9558.3 -12.8 85 0 13.7 63.5 17.5 3.5 2 1 5 1 1
5342.6 9883.6 -10.0 358 0 57.6 13.9 17.5 3.5 2 0 5 2 2
5762.9 8175.7 -9.5 85 0 12.3 100.0 10.0 2.5 2 1 4 5 5
5270.3 5693.5 -1.1 267 0 10.3 27.4 14.0 3.5 2 1 4 5 5
5221.4 6514.4 -10.2 85 0 16.2 65.7 10.5 3.5 2 1 3 4 4
6320.7 9190.6 -12.5 343 0 12.8 30.3 14.0 3.5 2 1 4 4 4
5540.0 10094.6 -9.1 182 0 11.4 43.0 14.0 3.5 2 1 4 4 4
5628.0 7177.2 -14.4 91 0 16.6 50.3 10.0 2.5 2 1 4 3 3
5660.1 8952.1 -9.0 77 0 12.9 73.7 14.0 3.5 2 1 4 3 3
5093.1 8943.7 -10.8 265 0 14.1 73.3 17.5 3.5 4 1 5 4 4
1962.1 3754.0 -2.3 349 0 90.5 51.0 10.0 0.0 0 0 4 1 1
5812.0 8148.0 -10.2 2 0 57.0 13.7 7.5 2.5 2 0 3 2 2
1658.7 3101.1 -3.3 169 0 125.7 47.7 10.0 0.0 0 0 4 0 0
5067.2 9551.0 -14.2 85 0 14.7 63.8 17.5 3.5 4 1 5 5 5
5307.4 8928.8 -7.3 355 0 76.3 12.8 17.5 3.5 2 0 5 4 4
-2437.2 5551.4 -3.5 79 0 73.3 181.6 10.0 0.0 0 1 4 5 5
4960.6 8904.5 -13.5 356 0 38.5 16.7 7.5 2.5 4 0 3 1 1
5208.4 9589.2 -11.6 355 0 69.3 13.0 17.5 3.5 2 0 5 5 5
1896.1 742.4 -0.3 270 0 95.8 155.4 17.5 0.0 0 1 7 1 1
5176.0 6543.6 -10.4 175 0 65.9 16.3 10.5 0.0 0 0 3 1 1
5203.3 9695.8 -12.2 355 0 112.1 9.3 10.5 3.5 4 0 3 3 3
3448.5 8245.7 -18.5 22 0 13.6 14.1 10.5 3.5 2 1 3 4 4
5409.5 7907.9 -9.0 94 0 9.7 20.0 5.0 0.0 0 1 2 5 5
2523.1 1869.6 1.3 0 0 120.6 203.3 10.0 0.0 0 1 4 2 2
4959.3 9335.7 -15.2 86 0 14.0 16.1 14.0 3.5 2 1 4 0 0
3670.0 1827.5 -4.0 76 0 44.9 245.6 14.0 0.0 0 1 4 5 5
5340.2 9816.0 -9.9 358 0 56.0 13.7 17.5 3.5 2 0 5 5 5
5133.4 8945.5 -10.0 265 0 11.8 70.6 17.5 3.5 2 1 5 2 2
5787.6 8091.6 -11.2 181 0 50.9 16.1 10.0 0.0 0 0 4 5 5
5051.2 9722.1 -14.2 265 0 10.5 90.3 17.5 3.5 2 1 5 1 1
5194.7 9819.5 -12.2 355 0 93.3 11.2 17.5 0.0 0 0 5 5 5
6101.7 -2782.9 -1.9 344 0 45.3 13.6 10.0 2.5 2 0 4 4 4
2466.7 1642.8 1.3 90 0 134.4 152.7 10.0 0.0 0 1 4 3 3
5293.0 9780.1 -10.6 85 0 13.1 90.5 17.5 3.5 2 1 5 5 5
5139.6 8819.4 -9.4 175 0 75.4 13.0 17.5 3.5 2 0 5 3 3
5489.6 8210.7 -9.1 278 0 12.2 68.0 14.0 3.5 2 1 4 1 1
5384.5 7931.8 -9.5 184 0 43.8 11.3 10.0 2.5 4 0 4 3 3
4939.0 9426.9 -15.9 265 0 11.3 61.3 14.0 3.5 2 1 4 2 2
6056.2 8254.1 -10.8 356 0 42.8 13.9 17.5 3.5 2 0 5 3 3
5175.4 8949.6 -9.2 265 0 13.3 69.7 17.5 3.5 2 1 5 4 4
5014.6 9738.5 -14.4 265 0 12.6 112.6 17.5 3.5 4 1 5 2 2
5472.1 7902.7 -10.1 94 0 6.8 26.4 5.0 2.5 2 1 2 2 2
6116.4 -2834.1 -1.9 345 0 45.8 13.1 10.0 2.5 2 0 4 3 3
6078.1 9505.6 -11.5 92 0 12.7 55.1 17.5 3.5 2 1 5 4 4
5231.2 8799.9 -7.7 85 0 12.5 64.8 17.5 3.5 2 1 5 5 5
5215.8 9087.9 -9.0 266 0 14.3 67.3 17.5 3.5 2 1 5 1 1
4924.6 9549.8 -15.4 90 0 14.7 41.7 14.0 3.5 2 1 4 2 2
5430.5 7906.1 -9.4 94 0 10.2 19.8 5.0 2.5 2 1 2 5 5
5456.6 8216.3 -9.3 278 0 11.7 74.6 14.0 3.5 4 1 4 0 0
5522.3 7952.3 -10.6 358 0 37.6 16.4 7.5 2.5 2 0 3 2 2
5173.2 9551.7 -12.1 85 0 12.7 69.0 17.5 3.5 2 1 5 3 3
3440.7 8225.4 -18.5 20 0 13.7 13.3 10.5 0.0 0 0 3 2 2
5143.6 8745.3 -9.1 85 0 13.6 29.3 17.5 3.5 2 1 5 0 0
6118.1 9528.3 -11.7 2 0 39.5 12.2 17.5 3.5 2 0 5 5 5
6041.7 8438.4 -10.8 356 0 73.9 15.1 17.5 3.5 4 0 5 0 0
5171.9 9051.8 -9.7 176 0 66.5 14.5 17.5 3.5 2 0 5 0 0
4849.5 9575.5 -15.5 180 0 41.9 14.6 14.0 3.5 2 0 4 5 5
4980.9 9522.2 -15.6 356 0 29.6 12.3 14.0 3.5 2 0 4 1 1
5524.1 8205.8 -9.3 278 0 11.5 67.4 14.0 3.5 2 1 4 0 0
5786.9 9044.6 -9.6 85 0 13.3 72.8 21.0 3.5 2 1 6 1 1
2066.6 3254.5 -2.1 349 0 165.6 49.2 7.5 0.0 0 0 3 4 4
5263.6 8886.1 -7.3 87 0 13.3 25.0 17.5 0.0 0 1 5 0 0
2018.5 2817.9 1.1 90 0 60.4 84.8 10.0 0.0 0 1 4 0 0
5349.3 9726.2 -9.3 358 0 48.4 13.6 17.5 3.5 2 0 5 5 5
1535.3 3852.1 -1.4 170 0 28.3 29.4 10.0 0.0 0 1 4 2 2
5506.7 9756.3 -8.5 269 0 13.5 59.8 14.0 3.5 2 1 4 4 4
5060.2 9203.2 -12.5 175 0 38.0 12.4 17.5 3.5 2 0 5 3 3
5860.7 9062.2 -10.0 86 0 15.7 45.1 21.0 3.5 2 1 6 0 0
2017.8 3005.9 0.3 270 0 59.6 83.8 12.5 0.0 0 1 5 3 3
5100.9 9264.4 -12.2 355 0 61.4 10.7 17.5 3.5 2 0 5 5 5
5717.2 9773.9 -9.5 266 0 12.8 73.3 14.0 0.0 0 1 4 4 4
5218.7 8941.0 -8.3 266 0 13.7 25.6 17.5 3.5 2 1 5 5 5
1507.9 3861.2 -1.6 169 0 87.4 17.2 10.0 2.5 2 0 4 1 1
5754.2 9777.1 -9.7 266 0 11.1 74.0 14.0 3.5 2 1 4 3 3
5821.0 9137.9 -9.9 266 0 13.4 31.8 21.0 0.0 0 1 6 3 3
5554.5 8179.8 -9.2 278 0 12.5 33.0 14.0 3.5 2 1 4 4 4
5518.1 8110.1 -9.7 7 0 36.0 12.7 14.0 3.5 2 0 4 5 5
5447.5 9755.1 -8.2 269 0 13.8 57.3 14.0 0.0 0 1 4 5 5
5055.3 9291.2 -13.0 265 0 10.8 61.6 17.5 3.5 2 1 5 4 4
5286.8 9334.6 -8.7 265 0 13.4 97.6 17.5 3.5 2 1 5 5 5
5807.1 10150.1 -10.8 1 0 80.7 15.0 17.5 3.5 2 0 5 0 0
5565.9 9756.4 -8.8 269 0 13.6 63.6 14.0 3.5 2 1 4 3 3
5440.1 8068.5 -9.4 97 0 11.3 58.6 14.0 3.5 2 1 4 0 0
5646.4 9759.8 -9.2 267 0 13.2 72.9 14.0 3.5 2 1 4 4 4
5296.1 9753.6 -10.3 265 0 11.9 130.1 17.5 0.0 0 1 5 1 1
5607.6 9758.4 -8.9 267 0 12.5 68.0 14.0 3.5 2 1 4 5 5
5490.8 9991.5 -8.4 270 0 21.4 55.0 17.5 3.5 2 1 5 0 0
5543.3 8115.9 -9.4 7 0 16.4 14.1 14.0 3.5 2 0 4 5 5
5335.2 9264.1 -7.6 355 0 47.0 13.4 17.5 3.5 2 0 5 3 3
5259.2 9753.0 -11.0 265 0 12.5 123.2 17.5 3.5 2 1 5 5 5
5221.1 8907.7 -8.1 266 0 13.2 25.3 17.5 3.5 2 1 5 4 4
5685.3 9762.0 -9.3 266 0 13.7 77.5 14.0 3.5 2 1 4 5 5
5806.1 10216.1 -11.4 360 0 35.9 14.3 17.5 0.0 0 0 5 2 2
1962.3 3234.2 -2.4 169 0 166.4 39.9 12.5 0.0 0 0 5 1 1
5100.6 9187.7 -11.9 85 0 14.3 38.3 17.5 3.5 2 1 5 5 5
5351.5 9658.5 -9.0 358 0 68.6 13.1 17.5 3.5 2 0 5 5 5
5541.0 8095.7 -9.6 8 0 16.2 14.4 14.0 3.5 2 0 4 4 4
5379.0 9728.8 -8.5 178 0 52.8 16.1 14.0 3.5 2 0 4 5 5
5501.9 8044.3 -9.9 99 0 12.5 38.8 14.0 3.5 2 1 4 4 4
5785.0 9778.5 -10.0 266 0 10.7 74.1 14.0 3.5 4 1 4 0 0
5321.7 9341.4 -8.0 266 0 12.8 47.4 17.5 3.5 2 1 5 4 4
5253.1 8931.3 -7.5 177 0 25.3 13.6 17.5 3.5 4 0 5 3 3
5474.0 8097.0 -9.5 98 0 12.2 36.3 14.0 3.5 4 1 4 1 1
5908.6 7189.2 -12.1 274 0 16.3 51.9 10.0 2.5 2 1 4 5 5
2356.2 3626.6 -2.2 0 0 32.8 9.4 7.5 2.5 2 0 3 4 4
2270.5 2835.0 1.8 359 0 81.6 18.3 7.5 2.5 2 0 3 1 1
2603.9 3257.0 1.1 360 0 61.0 135.9 5.0 0.0 0 1 2 1 1
2272.0 3912.3 -1.5 0 0 197.3 150.4 10.0 0.0 0 0 4 0 0
2429.3 3734.9 -2.0 0 0 22.5 53.8 10.0 2.5 2 1 4 2 2
2081.9 2911.8 1.4 360 0 52.0 18.5 7.5 2.5 4 0 3 1 1
5833.8 7190.6 -12.6 272 0 12.9 56.4 7.5 2.5 2 1 3 4 4
2520.0 3763.0 -1.7 90 0 135.6 249.9 10.0 0.0 0 1 4 2 2
2076.6 3002.4 0.9 270 0 18.5 45.0 10.0 2.5 2 1 4 0 0
5873.5 7184.7 -12.3 271 0 15.4 19.4 10.0 0.0 0 1 4 3 3
2060.5 3889.6 -1.1 0 0 58.9 29.9 10.0 0.0 0 0 4 3 3
2191.4 2782.9 1.9 91 0 102.4 91.3 10.0 0.0 0 0 4 3 3
2051.8 2508.8 2.3 90 0 15.5 79.6 10.0 2.5 2 1 4 1 1
1958.6 2703.7 2.4 270 0 16.0 24.3 7.5 2.5 4 1 3 2 2
1889.1 2256.7 2.6 179 0 43.1 14.4 7.5 2.5 2 0 3 0 0
1506.9 3667.7 -3.5 349 0 166.0 139.0 12.5 0.0 0 0 5 2 2
2010.1 2510.2 2.3 90 0 48.9 78.3 7.5 0.0 0 1 3 5 5
1932.5 2451.2 2.5 180 0 90.7 13.5 10.0 2.5 2 0 4 1 1
2001.5 2405.6 2.3 90 0 86.4 89.5 7.5 0.0 0 1 3 4 4
2136.6 2320.3 2.1 180 0 57.5 15.6 7.5 2.5 2 0 3 0 0
2012.5 2703.0 2.3 270 0 72.2 23.8 10.0 0.0 0 0 4 2 2
2091.4 2450.5 2.2 1 0 55.0 15.9 7.5 0.0 0 0 3 2 2
1950.0 2610.6 2.5 90 0 32.1 24.3 10.0 0.0 0 0 4 3 3
2246.7 2159.3 1.7 90 0 179.2 49.6 7.5 0.0 0 0 3 2 2
1933.3 2549.2 2.4 180 0 77.6 42.4 12.5 0.0 0 0 5 2 2
2012.3 2611.0 2.3 90 0 71.4 24.5 10.0 0.0 0 0 4 1 1
1844.9 2389.9 2.6 270 0 76.9 162.6 10.0 0.0 0 1 4 0 0
2839.5 3052.5 0.5 90 0 45.7 58.7 10.0 0.0 0 1 4 5 5
2788.7 3052.6 0.6 90 0 36.3 58.2 7.5 0.0 0 1 3 5 5
2879.3 3054.3 0.5 90 0 14.6 57.2 10.0 2.5 2 1 4 4 4
5056.5 8241.1 -8.4 86 0 16.1 46.0 17.5 0.0 0 1 5 3 3
2100.1 1846.7 2.2 0 0 9.2 35.4 7.5 2.5 2 1 3 1 1
2100.2 1785.5 2.2 360 0 90.2 47.5 7.5 0.0 0 0 3 2 2
5088.2 8340.3 -7.9 355 0 94.6 15.9 17.5 3.5 2 0 5 5 5
4634.3 7720.9 -12.8 92 0 9.4 29.9 10.5 3.5 2 1 3 4 4
4940.7 8230.7 -8.5 85 0 16.1 64.7 17.5 3.5 2 1 5 0 0
5306.0 9415.3 -8.8 1 0 39.3 13.5 17.5 3.5 2 0 5 3 3
5496.9 9793.2 -8.3 89 0 13.0 56.9 17.5 3.5 2 1 5 4 4
-787.6 3220.7 -2.9 162 0 114.6 11.7 14.0 3.5 4 0 4 3 3
5100.3 9477.6 -13.2 89 0 11.7 68.6 17.5 3.5 2 1 5 0 0
5291.9 9019.1 -7.3 265 0 13.4 49.8 17.5 3.5 2 1 5 2 2
5250.2 9088.1 -8.3 266 0 13.7 63.4 17.5 3.5 2 1 5 0 0
5489.5 9903.9 -8.4 269 0 12.4 43.9 17.5 3.5 2 1 5 4 4
1628.5 1914.7 3.3 91 0 69.8 34.5 7.5 0.0 0 0 3 3 3
5371.5 9267.7 -7.7 355 0 46.6 13.4 17.5 3.5 2 0 5 2 2
5388.4 9115.9 -7.9 265 0 46.9 70.7 17.5 0.0 0 1 5 2 2
5113.7 9454.0 -12.6 266 0 12.5 46.9 14.0 3.5 2 1 4 2 2
1585.8 2013.6 3.3 90 0 36.4 81.7 7.5 0.0 0 1 3 0 0
1745.1 1979.2 2.6 180 0 145.0 190.1 10.0 0.0 0 1 4 0 0
5599.1 9793.4 -8.8 86 0 13.0 59.3 17.5 0.0 0 1 5 2 2
5286.7 9090.9 -7.6 266 0 13.4 64.2 17.5 3.5 2 1 5 5 5
5454.7 9904.9 -8.2 269 0 14.0 48.3 17.5 3.5 4 1 5 1 1
1628.7 2000.7 3.2 270 0 69.8 34.6 7.5 0.0 0 0 3 3 3
-629.6 2534.4 -7.8 350 0 20.6 16.0 14.0 3.5 2 0 4 2 2
5358.4 9344.0 -7.7 265 0 13.2 47.5 17.5 3.5 2 1 5 0 0
5077.0 9453.6 -13.3 265 0 12.7 49.6 14.0 3.5 2 1 4 0 0
5677.4 10022.9 -9.7 266 0 12.2 72.2 17.5 3.5 2 1 5 3 3
-565.4 3177.7 -0.8 341 0 13.5 67.6 14.0 3.5 4 1 4 3 3
5716.1 8476.6 -9.3 260 0 12.1 66.6 12.5 2.5 2 1 5 1 1
5417.9 9905.5 -8.5 269 0 14.1 49.4 17.5 3.5 2 1 5 0 0
1567.9 1958.1 3.4 180 0 87.9 15.5 15.0 2.5 2 0 6 4 4
1814.6 2897.7 -0.8 357 0 29.7 88.6 7.5 0.0 0 1 3 4 4
-623.6 2491.8 -8.1 350 0 55.0 14.5 14.0 3.5 2 0 4 1 1
1369.1 2780.9 -2.7 88 0 15.1 50.6 10.0 2.5 2 1 4 3 3
-839.8 3503.8 -8.5 253 0 11.2 220.6 14.0 0.0 0 1 4 0 0
1868.7 2092.1 2.6 270 0 44.1 17.5 15.0 2.5 2 0 6 3 3
2228.5 1105.9 4.4 270 0 98.1 21.4 7.5 0.0 0 0 3 0 0
1867.8 1671.4 2.7 90 0 164.6 91.8 7.5 0.0 0 0 3 1 1
5736.4 9952.8 -10.0 85 0 11.5 69.0 17.5 0.0 0 1 5 5 5
1848.6 1605.6 3.0 270 0 84.1 48.4 7.5 0.0 0 0 3 2 2
1978.8 1859.0 2.5 90 0 17.9 65.1 7.5 0.0 0 1 3 1 1
1745.0 2087.2 2.9 181 0 13.2 55.6 10.0 2.5 2 1 4 3 3
2374.1 1001.1 4.3 90 0 33.7 66.6 7.5 0.0 0 1 3 3 3
2092.0 2325.8 2.2 0 0 95.8 61.0 7.5 0.0 0 0 3 2 2
2137.8 2071.2 2.1 180 0 49.3 14.5 12.5 2.5 2 0 5 2 2
5383.6 9815.2 -8.8 179 0 51.9 16.5 17.5 3.5 2 0 5 2 2
5318.9 9093.1 -7.5 266 0 13.3 63.1 17.5 3.5 4 1 5 3 3
2235.6 2096.8 1.8 270 0 78.2 41.8 7.5 0.0 0 0 3 1 1
-837.4 3294.1 -6.5 343 0 98.5 11.1 14.0 3.5 4 0 4 4 4
5041.2 9455.8 -14.0 265 0 13.0 54.7 14.0 3.5 2 1 4 2 2
1666.9 2095.2 3.1 270 0 65.2 18.2 10.0 2.5 2 0 4 0 0
5224.7 9144.2 -9.2 86 0 14.7 38.1 17.5 3.5 2 1 5 3 3
-1278.9 5962.5 -4.1 82 0 143.8 302.2 10.0 0.0 0 1 4 5 5
5376.1 9880.5 -9.2 179 0 52.4 13.8 17.5 3.5 2 0 5 3 3
2235.1 1607.2 1.8 270 0 149.3 46.9 10.0 0.0 0 0 4 1 1
1589.2 1815.5 3.5 90 0 7.9 67.5 7.5 2.5 2 1 3 1 1
4810.3 -6598.6 -1.6 92 0 40.6 11.8 10.0 2.5 4 0 4 2 2
1703.9 2048.0 3.1 1 0 27.3 13.7 10.0 2.5 2 0 4 5 5
5255.3 9146.1 -8.6 86 0 14.6 38.6 17.5 3.5 4 1 5 3 3
5256.4 9308.4 -9.1 265 0 9.9 115.3 10.5 3.5 2 1 3 0 0
1735.2 1072.3 3.0 180 0 142.1 62.3 12.5 0.0 0 0 5 2 2
1796.4 650.2 -0.2 91 0 15.0 38.8 7.5 2.5 2 1 3 5 5
2331.5 1001.0 4.5 90 0 33.8 67.3 7.5 0.0 0 1 3 1 1
5191.5 9180.5 -9.9 266 0 14.0 38.9 17.5 3.5 2 1 5 0 0
2003.9 2389.2 2.3 270 0 31.1 111.1 12.5 0.0 0 1 5 1 1
5236.2 9220.9 -9.1 266 0 10.9 28.9 17.5 3.5 2 1 5 2 2
5454.8 9791.3 -8.1 89 0 15.7 51.7 17.5 3.5 2 1 5 0 0
-927.0 2500.3 -6.6 351 0 28.0 25.9 14.0 0.0 0 0 4 1 1
-858.3 3437.8 -8.3 162 0 115.2 11.8 14.0 0.0 0 0 4 3 3
1945.6 574.0 -0.5 360 0 11.8 96.2 12.5 2.5 2 1 5 3 3
5373.1 9158.3 -7.6 86 0 13.8 74.9 17.5 3.5 2 1 5 5 5
5001.7 8162.7 -9.2 86 0 17.2 62.5 17.5 3.5 2 1 5 2 2
1835.8 1487.7 3.1 90 0 110.7 54.6 10.0 0.0 0 0 4 0 0
2139.8 1310.1 3.4 180 0 61.8 15.8 7.5 2.5 2 0 3 1 1
1755.4 1516.0 3.4 180 0 55.6 10.5 10.0 2.5 2 0 4 5 5
5301.6 9156.4 -7.9 86 0 13.8 71.2 17.5 3.5 2 1 5 1 1
-870.1 3134.5 0.4 83 0 13.3 23.5 14.0 3.5 2 1 4 3 3
5926.4 8190.4 -10.2 265 0 13.5 40.1 7.5 2.5 2 1 3 5 5
2103.7 1969.4 2.2 0 0 50.9 13.4 7.5 2.5 2 0 3 2 2
1500.7 3452.3 -5.1 349 0 181.4 93.1 10.0 0.0 0 0 4 0 0
-636.9 2593.3 -7.5 351 0 23.7 18.4 14.0 3.5 2 0 4 3 3
4999.5 8235.3 -8.4 85 0 16.3 55.5 17.5 3.5 2 1 5 3 3
2139.3 1377.1 3.1 180 0 47.8 14.3 7.5 2.5 2 0 3 4 4
5523.1 9901.9 -8.6 269 0 11.8 46.0 17.5 0.0 0 1 5 3 3
5713.9 9398.6 -9.3 85 0 14.3 46.9 21.0 3.5 2 1 6 5 5
1951.9 1837.8 2.5 1 0 90.2 166.6 10.0 0.0 0 1 4 5 5
5324.3 9022.8 -7.5 266 0 12.8 49.3 17.5 3.5 2 1 5 1 1
5337.4 9159.2 -7.5 85 0 13.6 71.0 17.5 3.5 2 1 5 2 2
5254.2 9016.7 -7.9 266 0 12.7 36.2 17.5 0.0 0 1 5 3 3
5897.3 8147.8 -10.0 91 0 10.4 41.6 7.5 2.5 2 1 3 4 4
2051.3 2011.3 2.2 270 0 43.3 69.6 7.5 0.0 0 1 3 5 5
2315.0 1378.1 2.5 360 0 47.8 144.0 5.0 0.0 0 1 2 5 5
5470.2 9020.0 -8.2 355 0 106.5 40.1 17.5 0.0 0 0 5 3 3
2003.5 1594.2 2.6 270 0 82.5 177.0 7.5 0.0 0 1 3 1 1
2140.5 2004.4 1.9 180 0 45.5 125.7 7.5 0.0 0 1 3 0 0
5792.5 9449.7 -9.7 266 0 14.7 47.3 21.0 0.0 0 1 6 0 0
1661.1 1815.5 3.2 90 0 68.0 82.9 7.5 0.0 0 1 3 0 0
5673.9 9387.6 -9.1 86 0 14.1 54.4 21.0 3.5 2 1 6 1 1
5591.7 9898.9 -8.8 268 0 11.6 33.5 17.5 3.5 2 1 5 1 1
5664.1 8671.1 -9.1 174 0 8.1 33.1 7.5 2.5 4 1 3 2 2
1741.6 1839.2 3.0 180 0 90.1 28.2 10.0 0.0 0 0 4 4 4
2032.9 1860.5 2.3 90 0 41.8 64.5 7.5 0.0 0 1 3 0 0
-919.3 2344.1 -6.4 81 0 21.2 112.1 14.0 0.0 0 1 4 5 5
-1228.5 2251.0 -3.0 170 0 78.8 11.9 10.0 2.5 2 0 4 1 1
-822.8 3329.6 -7.2 162 0 100.0 11.8 14.0 3.5 4 0 4 0 0
5559.0 9900.0 -8.7 268 0 12.2 40.6 17.5 3.5 2 1 5 5 5
5755.2 9400.3 -9.4 85 0 14.8 46.7 21.0 3.5 2 1 6 2 2
5358.8 8976.6 -7.6 86 0 12.9 50.1 17.5 0.0 0 1 5 3 3
5536.8 9433.4 -8.6 265 0 14.0 91.3 10.0 2.5 4 1 4 4 4
2426.3 1034.4 4.2 1 0 65.1 25.4 10.0 0.0 0 0 4 5 5
2065.5 2395.6 2.2 271 0 17.3 18.0 10.0 2.5 2 1 4 0 0
5763.4 8803.1 -9.5 354 0 43.0 20.3 10.0 2.5 2 0 4 3 3
-893.8 3246.7 -3.8 261 0 17.6 41.4 14.0 3.5 2 1 4 3 3
-11.3 3613.9 -2.6 353 0 55.1 172.7 12.5 0.0 0 1 5 2 2
2136.8 1927.2 2.1 180 0 56.9 14.3 7.5 2.5 4 0 3 2 2
2207.2 1897.8 1.9 90 0 72.6 24.2 10.0 0.0 0 0 4 3 3
2259.1 1897.6 1.8 90 0 12.6 70.6 7.5 2.5 2 1 3 0 0
4718.8 9111.9 -15.8 273 0 13.8 41.6 10.0 2.5 2 1 4 3 3
5859.3 8738.3 -9.9 356 0 53.6 16.6 7.5 2.5 2 0 3 1 1
2374.3 1225.6 2.8 90 0 23.7 103.6 10.0 0.0 0 1 4 4 4
4757.8 9110.2 -16.5 273 0 13.5 41.1 15.0 0.0 0 1 6 1 1
6003.0 8264.1 -10.6 174 0 19.6 10.2 17.5 0.0 0 0 5 5 5
6007.9 8205.5 -10.6 175 0 73.1 10.5 17.5 3.5 2 0 5 4 4
2340.7 1225.5 2.9 90 0 23.9 103.7 7.5 0.0 0 1 3 1 1
6038.5 8147.4 -10.7 85 0 13.3 31.9 17.5 3.5 4 1 5 1 1
2240.9 1869.3 1.9 90 0 22.8 17.4 10.0 2.5 2 0 4 2 2
-1187.0 1002.5 -0.4 76 0 23.7 92.8 15.0 0.0 0 1 6 0 0
3213.7 8460.1 -13.8 273 0 11.6 21.4 10.5 0.0 0 1 3 2 2
-2808.3 8851.5 -6.5 74 0 37.4 202.5 10.0 0.0 0 1 4 5 5
-969.0 2390.1 -6.3 170 0 29.1 8.4 10.5 3.5 4 0 3 1 1
3524.8 8425.7 -13.8 200 0 8.7 14.9 10.5 3.5 2 1 3 5 5
3519.8 8410.3 -14.3 197 0 9.2 14.1 10.5 3.5 2 1 3 3 3
3494.1 8331.9 -17.1 200 0 14.4 13.9 10.5 3.5 2 0 3 1 1
-1080.1 2435.3 -5.1 352 0 50.5 15.7 10.0 0.0 0 0 4 3 3
-1123.7 2454.4 -4.5 261 0 26.1 15.7 15.0 0.0 0 0 6 5 5
3500.0 8350.4 -16.5 201 0 14.1 13.9 10.5 3.5 2 0 3 0 0
3463.2 8240.2 -18.9 201 0 16.1 14.2 10.5 3.5 4 0 3 5 5
3509.3 8380.0 -15.4 196 0 8.9 14.8 10.5 3.5 2 1 3 5 5
4955.5 9044.9 -14.2 85 0 13.9 58.4 7.5 2.5 2 1 3 4 4
-2507.0 8935.2 -8.3 7 0 253.9 49.1 10.0 0.0 0 0 4 4 4
-1214.8 1138.4 -1.2 256 0 10.5 41.7 10.0 2.5 2 1 4 1 1
4920.2 9045.3 -14.9 86 0 13.0 59.3 10.0 2.5 2 1 4 1 1
3147.9 8444.1 -14.1 181 0 21.9 12.2 10.5 3.5 2 0 3 4 4
3481.2 8293.3 -18.6 199 0 14.7 14.3 10.5 3.5 2 0 3 5 5
-2914.7 9032.2 -7.7 254 0 37.9 202.2 15.0 0.0 0 1 6 5 5
3145.6 8475.4 -13.1 181 0 21.9 11.2 10.5 3.5 2 0 3 1 1
3213.0 8490.3 -12.6 270 0 11.5 21.1 10.5 3.5 2 1 3 1 1
-2972.5 8912.7 -8.6 164 0 197.4 50.7 12.5 0.0 0 0 5 0 0
3456.0 8220.1 -18.9 200 0 14.6 14.4 10.5 3.5 2 0 3 1 1
3177.8 8443.0 -14.2 182 0 21.2 11.3 10.5 3.5 2 0 3 3 3
3487.4 8312.3 -17.8 199 0 15.1 13.8 10.5 3.5 2 0 3 0 0
3186.7 8484.2 -13.0 277 0 11.6 21.0 10.5 3.5 2 1 3 2 2
6154.2 7317.4 -11.7 273 0 16.1 32.4 14.0 3.5 4 1 4 1 1
-2682.3 8930.9 -3.6 76 0 25.3 78.2 12.5 0.0 0 1 5 1 1
3218.1 8343.4 -15.3 92 0 12.0 21.9 10.5 3.5 2 1 3 3 3
3213.8 8411.1 -14.8 90 0 11.4 21.7 10.5 3.5 2 1 3 0 0
6160.4 7255.2 -11.2 5 0 42.5 16.6 14.0 3.5 2 0 4 4 4
-2607.8 8950.2 -4.4 76 0 24.5 77.8 15.0 0.0 0 1 6 1 1
-2718.1 8922.0 -4.2 76 0 25.1 78.3 12.5 0.0 0 1 5 0 0
3279.3 8472.0 -12.7 270 0 13.9 13.8 10.5 3.5 2 0 3 0 0
3604.8 6257.7 -7.1 76 0 13.8 56.8 14.0 3.5 2 1 4 3 3
3473.3 8451.3 -12.7 197 0 9.2 14.7 10.5 3.5 2 1 3 3 3
-2728.3 9093.8 -4.4 256 0 25.4 77.8 7.5 0.0 0 1 3 4 4
3502.7 8420.9 -13.7 17 0 12.3 11.6 10.5 3.5 4 0 3 2 2
-2759.8 9085.4 -5.0 255 0 26.9 78.3 7.5 0.0 0 1 3 5 5
6091.3 7329.7 -12.2 274 0 14.5 32.8 14.0 3.5 2 1 4 5 5
-2851.6 8577.6 -6.8 74 0 50.3 217.3 15.0 0.0 0 1 6 1 1
3417.4 8440.4 -12.8 110 0 15.7 9.8 10.5 3.5 2 0 3 1 1
3391.0 8291.9 -17.6 359 0 14.2 13.8 10.5 3.5 2 0 3 2 2
3388.3 8408.1 -14.8 269 0 14.0 14.4 10.5 3.5 2 1 3 3 3
3637.2 6269.5 -6.9 86 0 14.3 57.5 14.0 3.5 2 1 4 3 3
3245.4 8454.0 -13.9 273 0 12.0 21.4 10.5 3.5 2 1 3 0 0
3337.5 8454.5 -12.9 0 0 14.5 13.3 10.5 3.5 4 0 3 4 4
3472.4 8320.8 -17.5 20 0 13.9 13.9 10.5 3.5 2 0 3 3 3
3586.7 6435.3 -6.4 265 0 13.6 75.7 14.0 3.5 2 1 4 5 5
3215.2 8382.9 -15.1 88 0 11.3 21.2 10.5 0.0 0 1 3 0 0
3479.0 8341.5 -16.6 20 0 13.8 13.8 10.5 3.5 2 0 3 2 2
3339.6 8476.0 -12.1 359 0 15.3 12.0 10.5 3.5 2 0 3 0 0
-2768.6 8914.6 -5.7 74 0 37.7 162.4 10.0 0.0 0 1 4 2 2
3392.5 8457.8 -12.3 110 0 11.2 12.9 10.5 3.5 2 1 3 2 2
3466.3 8299.5 -18.3 18 0 14.1 14.3 10.5 3.5 2 1 3 2 2
3478.1 8466.9 -12.1 197 0 8.8 15.2 10.5 3.5 2 1 3 2 2
3387.5 8269.5 -17.7 358 0 14.0 14.2 10.5 3.5 2 1 3 5 5
6147.4 7207.6 -10.8 94 0 20.7 17.2 14.0 3.5 2 0 4 3 3
520.0 3730.0 -1.1 343 0 79.0 32.0 10.0 0.0 0 0 4 1 1
3246.7 8486.9 -12.6 273 0 11.6 21.7 10.5 3.5 2 1 3 2 2
-2626.8 9079.7 -3.0 346 0 78.7 25.5 12.5 0.0 0 0 5 0 0
3387.8 8433.0 -13.8 270 0 13.0 14.4 10.5 3.5 4 1 3 1 1
3156.1 8378.5 -14.5 174 0 21.9 11.5 10.5 3.5 2 0 3 0 0
-2874.8 9083.4 -7.1 254 0 38.4 10.2 12.5 2.5 2 0 5 0 0
3280.4 8497.0 -11.9 269 0 15.0 16.7 10.5 3.5 2 1 3 0 0
-2688.2 9104.8 -3.8 256 0 25.7 79.2 5.0 0.0 0 1 2 5 5
3165.7 8340.8 -14.7 85 0 11.6 22.2 10.5 3.5 2 1 3 5 5
-2933.6 9073.4 -8.2 255 0 47.6 16.7 7.5 2.5 2 0 3 2 2
-2739.7 8607.2 -4.8 74 0 37.8 219.1 12.5 0.0 0 1 5 1 1
3481.9 8363.0 -15.8 20 0 13.6 14.0 10.5 3.5 2 1 3 2 2
3153.0 8406.9 -14.3 172 0 21.9 11.0 10.5 3.5 2 0 3 3 3
-2647.0 8940.2 -3.1 76 0 25.2 77.7 10.0 0.0 0 1 4 2 2
3381.3 8487.3 -11.5 199 0 13.0 10.9 10.5 3.5 2 0 3 4 4
3422.4 8457.9 -12.1 110 0 15.6 9.6 10.5 0.0 0 0 3 0 0
-2791.4 8592.2 -5.7 74 0 37.4 219.2 10.0 0.0 0 1 4 3 3
5636.1 9797.1 -9.0 87 0 14.6 99.4 17.5 3.5 2 1 5 1 1
5703.6 9491.0 -9.2 87 0 9.4 66.2 10.5 3.5 4 1 3 2 2
2329.2 2743.0 1.6 270 0 23.4 84.8 7.5 0.0 0 1 3 3 3
5741.0 9492.5 -9.5 87 0 9.2 65.7 10.5 3.5 2 1 3 2 2
5680.9 9805.9 -9.3 86 0 12.6 107.0 17.5 3.5 2 1 5 2 2
3244.6 8404.9 -15.0 91 0 10.9 21.6 10.5 3.5 2 1 3 2 2
3247.2 8344.3 -15.7 92 0 11.3 21.6 10.5 3.5 2 1 3 0 0
3191.1 8370.0 -14.8 85 0 11.8 21.1 10.5 3.5 2 1 3 0 0
3248.5 8375.4 -15.5 81 0 11.6 21.9 10.5 3.5 2 1 3 5 5
3462.6 8470.4 -11.8 18 0 13.5 11.1 10.5 3.5 4 0 3 0 0
3180.3 8408.6 -14.7 173 0 21.3 11.6 10.5 3.5 2 0 3 5 5
3456.2 8451.2 -12.4 18 0 12.7 11.0 10.5 3.5 2 0 3 4 4
3193.7 8342.0 -15.0 85 0 12.5 21.5 10.5 3.5 2 1 3 1 1
-3682.0 -9931.8 -12.2 92 0 23.8 24.0 7.5 2.5 2 1 3 2 2
-3802.3 -9875.0 -11.0 70 0 17.6 52.1 7.5 2.5 2 1 3 2 2
-3666.9 -9823.5 -11.0 2 0 24.1 24.1 7.5 2.5 2 0 3 5 5
-3602.8 -9940.1 -12.7 91 0 7.0 12.4 2.5 2.5 2 1 1 2 2
-3668.0 -9871.5 -11.5 2 0 24.0 24.2 7.5 2.5 2 1 3 5 5
-3653.6 -9674.6 -9.7 2 0 49.9 11.8 10.0 2.5 2 0 4 4 4
-3667.2 -9771.3 -10.4 92 0 11.5 56.0 10.0 2.5 2 1 4 4 4
-3726.3 -9799.1 -10.8 271 0 11.6 34.2 12.5 2.5 4 1 5 4 4
-3849.2 -9741.1 -9.8 270 0 13.7 28.8 12.5 2.5 2 1 5 2 2
-4069.0 -9635.9 -8.1 270 0 13.6 29.4 7.5 2.5 4 1 3 1 1
-4019.2 -9768.4 -9.7 71 0 17.4 51.6 10.0 2.5 2 1 4 5 5
-4009.9 -9628.5 -8.3 90 0 13.7 38.5 12.5 2.5 2 1 5 2 2
-4116.3 -8807.1 -2.2 87 0 11.8 21.2 10.0 2.5 2 1 4 1 1
-4117.9 -8715.5 -1.3 269 0 11.7 32.4 7.5 2.5 2 1 3 4 4
-3983.0 -9570.3 -7.6 90 0 11.7 42.0 7.5 2.5 2 1 3 3 3
-3645.1 -9488.9 -7.9 2 0 54.1 10.7 7.5 0.0 0 0 3 0 0
-4082.1 -9614.3 -7.1 90 0 13.1 38.5 7.5 0.0 0 1 3 0 0
-4084.2 -9470.0 -5.7 270 0 11.6 76.1 10.0 2.5 2 1 4 1 1
-4122.6 -8774.7 -1.9 177 0 21.1 11.9 10.0 2.5 2 0 4 5 5
-4117.8 -9469.5 -5.2 270 0 10.7 75.1 12.5 0.0 0 1 5 5 5
-3687.6 -9460.6 -7.9 272 0 11.3 74.9 10.0 2.5 2 1 4 4 4
-3577.6 -9778.8 -10.8 1 0 12.8 14.8 10.0 2.5 4 1 4 0 0
-3730.5 -9470.4 -7.7 270 0 10.5 55.2 7.5 2.5 2 1 3 0 0
-4243.2 -9555.9 -3.7 88 0 10.8 93.2 10.0 2.5 2 1 4 4 4
-4148.1 -9704.7 -7.7 71 0 18.9 52.5 10.0 2.5 2 1 4 5 5
-4051.0 -9469.4 -5.8 269 0 11.0 56.3 10.0 2.5 2 1 4 1 1
-4069.2 -8715.6 -1.6 268 0 11.7 50.8 12.5 2.5 2 1 5 1 1
-3905.7 -9468.9 -7.7 270 0 10.9 55.7 10.0 2.5 2 1 4 5 5
-4152.1 -9569.0 -6.3 270 0 11.9 61.9 12.5 2.5 2 1 5 3 3
-3949.0 -9531.1 -8.1 270 0 11.5 43.2 7.5 2.5 2 1 3 0 0
-3942.6 -9471.5 -7.3 270 0 11.0 54.6 15.0 0.0 0 1 6 0 0
-3939.2 -9634.1 -8.6 90 0 14.0 39.2 10.0 2.5 2 1 4 4 4
-4204.2 -9549.8 -4.1 88 0 10.9 56.4 10.0 2.5 2 1 4 4 4
-3868.5 -9841.8 -10.5 71 0 16.8 51.6 7.5 2.5 2 1 3 2 2
-4165.4 -9549.2 -4.7 88 0 10.8 73.4 10.0 2.5 4 1 4 2 2
-3949.4 -9803.2 -9.9 70 0 17.5 52.5 10.0 0.0 0 1 4 5 5
-4084.2 -9737.2 -9.2 70 0 19.1 51.6 10.0 2.5 2 1 4 3 3
-3976.7 -9470.1 -6.6 270 0 11.2 39.5 10.0 2.5 2 1 4 1 1
-4010.6 -8793.8 -2.0 88 0 12.9 83.4 12.5 2.5 2 1 5 4 4
-4010.8 -9469.6 -6.3 270 0 10.2 56.1 12.5 2.5 2 1 5 5 5
-4000.1 -9663.8 -9.1 270 0 15.1 28.9 10.0 2.5 2 1 4 1 1
-4017.9 -9571.8 -7.2 91 0 11.2 43.2 10.0 2.5 2 1 4 0 0
-3938.9 -9703.7 -9.2 270 0 14.0 29.2 7.5 2.5 2 1 3 1 1
-3912.0 -9527.8 -8.0 268 0 10.5 43.0 5.0 2.5 2 1 2 1 1
-3870.7 -9469.4 -7.5 270 0 11.8 39.4 12.5 2.5 2 1 5 3 3
-3770.0 -9527.1 -8.0 270 0 11.3 41.5 5.0 2.5 2 1 2 4 4
-3876.8 -9527.5 -7.9 270 0 11.6 41.7 10.0 2.5 2 1 4 5 5
-3797.6 -9469.1 -7.5 270 0 10.6 54.9 7.5 2.5 2 1 3 2 2
-3836.2 -9470.7 -7.5 270 0 10.9 54.8 10.0 2.5 2 1 4 4 4
-3843.2 -9531.6 -7.9 270 0 10.7 41.8 5.0 2.5 2 1 2 2 2
-3735.6 -9530.2 -8.2 270 0 11.3 43.2 12.5 2.5 2 1 5 2 2
-3804.3 -9527.8 -8.0 270 0 10.8 42.4 7.5 2.5 4 1 3 3 3
-3763.7 -9469.5 -7.5 269 0 10.9 39.3 7.5 2.5 2 1 3 5 5
-3564.1 -9349.2 -6.6 2 0 17.3 14.5 7.5 2.5 2 0 3 5 5
-4017.5 -9000.3 -4.8 85 0 171.5 14.1 7.5 0.0 0 0 3 0 0
-3516.7 -9667.0 -10.0 203 0 15.0 17.9 7.5 2.5 2 1 3 3 3
-3540.8 -9709.6 -10.3 360 0 16.4 12.0 5.0 2.5 2 0 2 0 0
-3546.7 -9345.5 -6.7 183 0 15.5 10.9 7.5 2.5 2 0 3 3 3
-3558.1 -9299.3 -6.1 2 0 17.6 14.8 7.5 2.5 2 0 3 3 3
-3525.7 -9717.0 -10.4 178 0 14.8 17.2 7.5 2.5 2 1 3 4 4
-3525.6 -9739.4 -10.7 180 0 15.9 17.5 10.0 2.5 2 1 4 4 4
-3523.6 -9690.4 -10.2 196 0 15.5 17.1 7.5 2.5 2 1 3 0 0
-3562.7 -9324.6 -6.4 2 0 17.5 14.9 7.5 2.5 2 0 3 1 1
-3653.4 -9083.0 -4.7 182 0 192.7 13.9 10.0 0.0 0 0 4 4 4
-2553.9 -9166.6 -3.8 267 0 12.8 24.7 7.5 2.5 2 1 3 2 2
-3492.9 -9248.3 -5.9 253 0 12.3 16.5 10.0 2.5 2 1 4 5 5
-3657.4 -9325.9 -7.0 181 0 219.0 11.9 12.5 0.0 0 0 5 1 1
-3513.9 -9291.2 -6.2 36 0 14.8 16.9 10.0 2.5 2 1 4 2 2
-3762.7 -8977.2 -4.5 85 0 187.3 14.3 12.5 0.0 0 0 5 0 0
-2524.1 -9163.1 -3.7 266 0 14.5 116.8 7.5 0.0 0 1 3 4 4
-3548.0 -9365.1 -6.9 183 0 15.0 10.6 7.5 2.5 2 0 3 0 0
-3540.5 -9730.5 -10.5 0 0 16.6 12.3 5.0 2.5 2 0 2 5 5
-3502.6 -9275.2 -6.0 46 0 15.3 15.7 5.0 2.5 2 1 2 1 1
-3538.7 -9502.5 -8.2 346 0 14.9 17.2 15.0 0.0 0 1 6 5 5
-3515.9 -9567.8 -8.9 338 0 13.8 16.6 5.0 2.5 2 1 2 3 3
-3497.1 -9608.3 -9.4 335 0 15.4 17.2 10.0 2.5 2 1 4 3 3
-3478.2 -9656.0 -9.9 9 0 15.5 17.7 7.5 2.5 2 1 3 5 5
-2376.2 -9507.7 -3.2 63 0 18.5 17.9 7.5 0.0 0 0 3 4 4
-3031.4 -8534.1 -5.9 259 0 12.0 106.8 10.0 2.5 2 1 4 4 4
-3525.1 -9546.7 -8.7 341 0 13.4 16.4 5.0 2.5 2 1 2 0 0
-3532.5 -9524.8 -8.5 347 0 14.5 17.2 7.5 2.5 4 1 3 1 1
-3478.0 -9629.6 -9.7 350 0 14.5 16.6 7.5 2.5 4 1 3 3 3
-3506.8 -9587.9 -9.2 336 0 14.4 16.2 2.5 2.5 2 1 1 4 4
-3280.4 -8836.4 -2.4 79 0 11.5 61.7 7.5 2.5 4 1 3 3 3
-3489.8 -9207.9 -5.5 259 0 11.4 14.0 7.5 2.5 2 1 3 4 4
-3315.9 -8828.7 -2.2 80 0 12.1 56.5 7.5 2.5 2 1 3 3 3
-3420.2 -9215.5 -5.8 283 0 11.7 14.9 5.0 2.5 2 1 2 3 3
-6773.0 -8660.5 -9.0 64 0 22.2 18.9 10.0 2.5 2 0 4 4 4
-3568.5 -9420.3 -7.4 2 0 30.0 11.5 10.0 2.5 2 0 4 2 2
-3368.3 -8685.1 -1.1 260 0 11.9 55.1 10.0 0.0 0 1 4 1 1
-3570.0 -9458.6 -7.7 1 0 30.0 11.3 12.5 0.0 0 0 5 1 1
-3538.7 -9690.2 -10.1 10 0 16.3 14.0 5.0 2.5 2 0 2 0 0
-3335.9 -8681.1 -1.2 260 0 11.3 61.0 10.0 2.5 2 1 4 1 1
-3455.8 -9223.1 -5.7 97 0 11.2 14.5 7.5 2.5 2 1 3 4 4
-3574.5 -9692.4 -10.0 3 0 17.2 14.7 7.5 0.0 0 0 3 1 1
-2897.0 -6380.6 -2.5 1 0 48.7 13.5 10.0 0.0 0 0 4 4 4
-4999.1 -8327.3 -2.3 87 0 26.7 62.6 12.5 0.0 0 1 5 5 5
-3569.7 -9642.4 -9.5 2 0 17.7 14.9 10.0 0.0 0 0 4 0 0
-4752.2 -9431.3 -10.5 190 0 11.3 17.1 7.5 2.5 2 1 3 4 4
-2897.7 -6445.0 -2.5 1 0 46.3 12.9 5.0 2.5 2 0 2 3 3
-3471.8 -9221.8 -5.6 88 0 11.6 14.4 7.5 2.5 2 1 3 4 4
-3520.6 -8669.6 -1.3 97 0 53.8 40.6 7.5 0.0 0 0 3 5 5
-4942.5 -8292.9 -2.5 357 0 62.5 23.6 10.0 2.5 2 0 4 5 5
-3212.0 -8832.9 -2.6 79 0 11.3 81.7 7.5 2.5 2 1 3 4 4
-4758.7 -9493.8 -11.3 191 0 11.0 15.8 7.5 2.5 2 1 3 2 2
-4669.8 -9444.0 -10.6 281 0 12.4 53.0 10.0 2.5 2 1 4 2 2
-3357.8 -8848.2 -2.2 85 0 11.4 82.5 7.5 2.5 2 1 3 1 1
-3544.4 -9463.8 -7.8 3 0 15.6 9.9 7.5 2.5 2 0 3 2 2
-2978.2 -9358.1 -8.7 296 0 12.9 16.2 5.0 2.5 2 1 2 5 5
-3245.6 -8838.1 -2.5 79 0 11.7 76.1 10.0 0.0 0 1 4 2 2
-4898.7 -8290.1 -2.8 358 0 62.4 24.1 10.0 2.5 4 0 4 4 4
-3304.5 -8676.7 -1.5 259 0 10.9 62.0 7.5 2.5 2 1 3 0 0
-6167.2 -8419.5 -10.2 359 0 43.2 11.6 17.5 0.0 0 0 7 1 1
-4603.2 -9463.8 -9.5 281 0 12.6 53.7 7.5 2.5 2 1 3 1 1
-1721.0 -6909.4 2.6 260 0 11.4 74.5 10.5 3.5 2 1 3 0 0
-1675.5 -7431.7 0.5 77 0 210.6 11.1 14.0 0.0 0 0 4 4 4
-1822.7 -7048.5 2.7 80 0 10.8 126.9 10.5 0.0 0 1 3 1 1
-3272.9 -8674.5 -1.5 258 0 11.1 62.9 7.5 2.5 2 1 3 2 2
-4337.0 -9526.1 -2.9 280 0 12.2 72.4 10.0 2.5 4 1 4 0 0
-3492.4 -8859.4 -2.1 86 0 11.8 75.3 10.0 2.5 2 1 4 5 5
-3571.2 -9567.2 -8.8 1 0 17.5 14.5 7.5 2.5 2 0 3 1 1
-3427.8 -8854.2 -2.1 85 0 11.9 56.8 7.5 2.5 4 1 3 2 2
-4426.2 -9625.1 -2.4 101 0 15.3 35.9 7.5 2.5 4 1 3 1 1
-3397.3 -8686.2 -0.9 265 0 11.8 60.3 7.5 0.0 0 1 3 2 2
-3550.5 -9202.3 -5.6 271 0 45.4 39.5 7.5 0.0 0 0 3 0 0
-4689.7 -9544.2 -10.2 100 0 15.7 35.3 10.0 2.5 2 1 4 5 5
-3435.8 -9211.7 -5.7 282 0 11.2 14.5 7.5 2.5 2 1 3 1 1
-3539.3 -9594.6 -9.1 353 0 17.1 12.9 5.0 2.5 2 0 2 1 1
-3526.3 -8855.2 -2.1 86 0 11.3 63.8 12.5 2.5 2 1 5 4 4
-4534.3 -9467.5 -7.8 281 0 12.6 71.0 10.0 2.5 2 1 4 0 0
-4366.9 -8471.1 -0.8 264 0 14.8 90.3 10.0 2.5 2 1 4 0 0
-3382.5 -9250.9 -6.2 134 0 11.9 14.4 5.0 2.5 2 1 2 5 5
-3430.2 -8688.0 -1.0 266 0 11.4 74.6 5.0 2.5 2 1 2 2 2
-6169.4 -8361.9 -10.6 360 0 43.6 11.9 7.5 2.5 2 0 3 5 5
-4293.3 -9667.2 -5.1 100 0 14.5 35.1 12.5 2.5 2 1 5 4 4
-3573.2 -9759.6 -10.7 1 0 12.4 13.6 7.5 2.5 2 1 3 2 2
-1853.5 -7332.5 1.7 262 0 15.1 69.7 14.0 3.5 2 1 4 2 2
-4557.9 -9584.6 -6.1 101 0 14.8 36.2 12.5 2.5 2 1 5 0 0
-3530.0 -9633.2 -9.5 0 0 12.4 16.1 5.0 2.5 2 1 2 5 5
-3394.0 -8851.0 -2.2 85 0 10.5 63.1 7.5 0.0 0 1 3 4 4
-4459.4 -9612.9 -2.8 103 0 25.8 11.6 10.0 2.5 2 0 4 2 2
-4359.1 -9645.2 -3.7 100 0 14.9 35.8 7.5 2.5 2 1 3 5 5
-4590.9 -9573.6 -6.8 100 0 25.3 12.1 10.0 2.5 2 0 4 1 1
-4472.2 -9505.2 -5.4 281 0 11.9 53.5 10.0 2.5 2 1 4 3 3
-3460.4 -8856.5 -2.0 86 0 11.7 63.3 7.5 2.5 2 1 3 4 4
-4491.5 -9604.7 -4.1 101 0 14.3 34.7 12.5 0.0 0 1 5 2 2
-3535.7 -9668.4 -9.9 1 0 12.8 16.4 5.0 2.5 2 1 2 2 2
-3552.6 -9615.6 -9.3 180 0 12.6 16.9 2.5 2.5 2 1 1 0 0
-3498.2 -8701.6 -1.5 266 0 12.1 55.3 5.0 2.5 2 1 2 5 5
-3530.5 -8698.6 -1.6 266 0 11.5 61.6 10.0 2.5 2 1 4 0 0
-1802.2 -6916.6 2.8 260 0 10.4 126.4 10.5 3.5 4 1 3 2 2
-4402.6 -9508.2 -3.8 281 0 12.0 70.9 10.0 0.0 0 1 4 1 1
-3575.0 -9717.5 -10.2 2 0 16.9 14.2 2.5 2.5 2 0 1 5 5
-2998.5 -9353.4 -8.5 297 0 15.2 9.4 7.5 2.5 2 0 3 2 2
-4657.2 -9552.1 -8.8 103 0 26.0 12.2 12.5 2.5 2 0 5 1 1
-3576.1 -8744.8 -1.7 176 0 41.7 11.2 7.5 2.5 2 0 3 2 2
-5096.0 -8149.5 -2.5 267 0 23.3 91.3 10.0 0.0 0 1 4 0 0
-3569.5 -9617.8 -9.3 1 0 17.4 14.9 7.5 2.5 2 0 3 4 4
-3570.6 -9497.1 -8.1 1 0 30.0 11.3 10.0 2.5 2 0 4 5 5
-3572.3 -8827.6 -2.3 177 0 36.6 12.2 7.5 0.0 0 0 3 4 4
-1753.9 -6914.5 2.7 260 0 11.2 78.3 10.5 3.5 2 1 3 0 0
-4327.8 -9654.8 -4.4 100 0 23.9 12.0 15.0 0.0 0 0 6 5 5
-2086.4 -7195.4 3.4 261 0 11.9 65.9 14.0 3.5 2 1 4 5 5
-3570.2 -9535.2 -8.5 1 0 30.9 10.9 7.5 2.5 2 0 3 5 5
-3572.2 -9667.3 -9.8 2 0 17.7 14.6 7.5 2.5 2 0 3 3 3
-3384.8 -9297.8 -6.7 316 0 15.7 17.9 7.5 2.5 2 1 3 5 5
-3542.7 -9444.4 -7.6 3 0 15.7 10.3 7.5 2.5 2 0 3 2 2
-3571.7 -9592.4 -9.0 1 0 17.4 14.5 12.5 2.5 2 0 5 5 5
-4393.1 -9634.1 -3.2 103 0 25.5 13.2 7.5 2.5 4 0 3 5 5
-4623.6 -9564.6 -8.1 100 0 15.2 35.4 15.0 0.0 0 1 6 4 4
-4525.1 -9593.1 -4.8 102 0 26.6 11.5 7.5 0.0 0 0 3 4 4
-1734.4 -7059.4 2.6 81 0 10.6 57.5 10.5 3.5 2 1 3 1 1
-3466.5 -8693.2 -1.5 265 0 11.4 61.5 7.5 2.5 2 1 3 3 3
-3239.7 -8670.5 -1.6 257 0 11.5 62.7 12.5 2.5 2 1 5 1 1
-3392.4 -9366.6 -7.4 163 0 14.3 17.6 10.0 2.5 2 1 4 2 2
-3400.8 -9336.2 -7.1 168 0 15.1 18.2 10.0 2.5 4 1 4 2 2
-3558.2 -8862.2 -1.9 87 0 12.6 15.7 5.0 2.5 2 1 2 1 1
-4784.6 -9496.5 -11.5 11 0 33.5 14.6 10.0 2.5 2 0 4 4 4
-4779.3 -9400.5 -10.7 281 0 16.6 63.7 10.0 2.5 2 1 4 5 5
-6489.7 -8718.5 -4.8 70 0 14.7 59.3 12.5 2.5 2 1 5 3 3
-4829.7 -9500.8 -11.9 108 0 23.6 12.6 12.5 2.5 2 0 5 1 1
-6532.7 -8621.9 -6.9 160 0 58.5 14.6 10.0 2.5 4 0 4 3 3
-4351.1 -8378.7 -3.4 265 0 216.9 22.9 10.0 0.0 0 0 4 1 1
-4628.8 -8119.4 -6.7 268 0 26.3 60.1 10.0 2.5 2 1 4 5 5
-3100.9 -8548.9 -2.4 260 0 14.1 129.4 15.0 0.0 0 1 6 5 5
-4473.5 -8341.6 -3.8 176 0 33.7 84.3 7.5 0.0 0 1 3 3 3
-5052.1 -8147.9 -1.3 267 0 22.8 91.6 7.5 0.0 0 1 3 2 2
-5072.9 -8382.4 1.1 357 0 65.9 17.7 12.5 2.5 2 0 5 1 1
-5033.6 -8297.4 -0.8 357 0 62.7 23.5 15.0 2.5 2 0 6 3 3
-4344.7 -9322.7 -7.9 179 0 57.9 11.1 12.5 0.0 0 0 5 0 0
-3170.6 -8566.3 -1.5 260 0 14.7 157.8 10.0 0.0 0 1 4 3 3
-4337.6 -9432.1 -4.2 270 0 11.7 58.3 12.5 2.5 2 1 5 1 1
-4296.1 -8343.8 -4.8 85 0 143.4 33.4 10.0 0.0 0 0 4 3 3
-3354.5 -9253.3 -6.4 239 0 11.6 17.0 10.0 2.5 2 1 4 1 1
-4352.2 -9110.1 -6.2 89 0 11.3 46.8 10.0 2.5 4 1 4 1 1
-5007.0 -8144.9 -3.0 267 0 26.5 90.8 12.5 0.0 0 1 5 1 1
-4344.3 -9392.0 -6.1 179 0 58.2 11.4 12.5 2.5 2 0 5 4 4
-4623.7 -8251.9 -5.4 88 0 26.3 59.4 15.0 2.5 2 1 6 3 3
-5028.6 -8379.2 -0.5 357 0 64.6 24.2 15.0 2.5 4 0 6 5 5
-3369.4 -9283.4 -6.6 152 0 17.2 14.9 12.5 2.5 2 0 5 1 1
-3704.7 -8126.5 -3.2 360 0 90.3 23.6 7.5 0.0 0 0 3 5 5
-3757.6 -7967.8 -3.4 270 0 23.8 98.5 7.5 0.0 0 1 3 2 2
-4842.8 -9376.3 -10.9 280 0 14.8 51.0 10.0 0.0 0 1 4 0 0
-4859.3 -9491.3 -11.7 101 0 14.7 50.0 7.5 2.5 2 1 3 2 2
-4944.7 -9464.4 -10.8 100 0 15.1 49.2 10.0 2.5 2 1 4 1 1
-3913.9 -7948.1 -4.6 90 0 24.9 161.6 10.0 0.0 0 1 4 1 1
-2953.2 -8569.9 -7.1 261 0 14.0 46.9 10.0 2.5 2 1 4 3 3
-3873.6 -7969.1 -4.3 269 0 25.3 97.7 7.5 0.0 0 1 3 5 5
-3921.0 -8218.9 -5.0 88 0 16.0 20.3 10.0 2.5 2 1 4 4 4
-3794.7 -8172.3 -3.9 90 0 23.3 91.4 12.5 0.0 0 1 5 1 1
-945.1 -7220.5 -1.2 80 0 10.7 50.0 17.5 3.5 2 1 5 0 0
-3758.6 -7785.4 -3.2 270 0 22.8 162.3 12.5 0.0 0 1 5 1 1
-3834.8 -7786.3 -3.8 270 0 23.1 161.7 7.5 0.0 0 1 3 0 0
-4928.1 -9351.3 -12.2 281 0 15.1 48.8 12.5 2.5 2 1 5 3 3
-593.5 -8630.3 -7.2 351 0 11.6 94.9 7.5 2.5 2 1 3 1 1
-3796.1 -7968.2 -3.7 270 0 23.4 98.2 10.0 0.0 0 1 4 3 3
-3832.9 -8172.1 -4.2 90 0 23.3 91.0 5.0 0.0 0 1 2 5 5
-3914.0 -7969.2 -4.6 270 0 24.2 189.8 10.0 0.0 0 1 4 3 3
-695.3 -8926.8 -5.1 342 0 73.6 14.8 7.5 0.0 0 0 3 0 0
-3705.7 -8020.8 -3.1 360 0 91.1 23.7 7.5 0.0 0 0 3 5 5
-3756.6 -8172.4 -3.6 90 0 23.6 91.6 7.5 0.0 0 1 3 4 4
-3796.6 -7786.4 -3.5 270 0 23.5 161.6 10.0 0.0 0 1 4 1 1
-3715.0 -7903.7 -3.0 360 0 56.5 16.2 7.5 2.5 2 0 3 5 5
-3668.4 -9262.2 -5.8 1 0 106.8 14.7 7.5 2.5 2 0 3 0 0
-3874.0 -7787.0 -4.1 270 0 25.3 161.2 7.5 0.0 0 1 3 4 4
-2035.7 -7525.8 1.7 265 0 14.8 82.0 7.5 0.0 0 1 3 0 0
-2890.4 -8547.9 -8.3 261 0 14.2 25.8 12.5 2.5 4 1 5 3 3
-3872.2 -8172.6 -4.6 90 0 25.2 91.5 10.0 0.0 0 1 4 3 3
-905.6 -7212.8 -1.3 79 0 10.8 49.8 17.5 3.5 2 1 5 0 0
-3721.8 -7789.8 -2.9 270 0 18.1 70.6 7.5 2.5 2 1 3 0 0
-3834.1 -7968.8 -4.0 270 0 23.3 97.6 10.0 0.0 0 1 4 0 0
-2743.6 -8557.4 -7.8 162 0 14.2 25.0 7.5 0.0 0 1 3 5 5
-4954.4 -6011.1 0.4 268 0 18.0 42.8 10.0 2.5 2 1 4 0 0
-4554.1 -9324.2 -9.3 180 0 42.9 11.4 7.5 2.5 2 0 3 1 1
-5051.4 -8540.3 0.8 266 0 17.0 63.9 7.5 2.5 2 1 3 1 1
-5565.0 -7053.6 -4.0 174 0 90.5 35.4 10.0 0.0 0 0 4 0 0
-4487.7 -9467.7 -7.4 80 0 11.6 24.9 7.5 2.5 2 1 3 2 2
-4812.4 -8966.7 -4.2 85 0 16.9 65.8 7.5 2.5 2 1 3 1 1
-4623.5 -8939.7 -3.9 85 0 17.8 71.3 10.0 2.5 2 1 4 5 5
-2356.1 -7442.9 3.3 354 0 119.9 12.5 7.5 0.0 0 0 3 4 4
-4570.3 -8863.4 -2.8 86 0 14.8 46.8 10.0 0.0 0 1 4 0 0
-4507.7 -9410.7 -9.5 90 0 11.8 58.2 10.0 2.5 2 1 4 0 0
-5320.3 -6313.4 3.9 178 0 153.9 17.4 12.5 0.0 0 0 5 0 0
-3017.9 -6068.2 -0.9 359 0 125.8 108.9 10.0 0.0 0 0 4 4 4
-3945.2 -8134.3 -5.3 0 0 86.8 38.4 12.5 0.0 0 0 5 5 5
-5301.8 -6568.9 3.4 176 0 99.7 90.9 12.5 0.0 0 0 5 2 2
-5583.2 -6916.8 -4.6 174 0 66.6 12.2 7.5 2.5 2 0 3 5 5
-2341.0 -7443.5 3.1 174 0 126.1 21.3 10.0 0.0 0 0 4 0 0
-2325.5 -6898.6 4.0 92 0 10.4 51.8 10.0 2.5 2 1 4 1 1
-4416.1 -9399.0 -7.6 0 0 43.6 11.3 7.5 0.0 0 0 3 1 1
-4451.1 -9486.8 -6.1 81 0 12.1 24.7 7.5 2.5 2 1 3 3 3
-2281.3 -6899.7 3.8 91 0 10.4 51.6 12.5 2.5 2 1 5 4 4
-2582.4 -9518.3 -6.3 338 0 14.6 17.0 5.0 2.5 2 1 2 3 3
-3169.7 -9306.0 -7.4 104 0 12.1 16.3 5.0 2.5 4 1 2 1 1
-4513.3 -9321.8 -9.2 181 0 39.0 11.3 7.5 2.5 2 0 3 2 2
-4719.3 -8951.9 -4.0 85 0 16.6 70.6 5.0 0.0 0 1 2 2 2
-2326.3 -7711.3 2.3 265 0 12.0 50.7 7.5 2.5 2 1 3 3 3
-5728.2 -7138.5 2.0 264 0 71.8 106.5 10.0 0.0 0 1 4 1 1
-3200.9 -9290.5 -7.1 107 0 12.3 17.1 7.5 2.5 2 1 3 1 1
-4875.0 -8147.2 -5.7 179 0 23.1 75.7 10.0 0.0 0 1 4 0 0
-4911.2 -8978.5 -4.3 85 0 17.9 71.5 10.0 2.5 2 1 4 4 4
-4605.8 -9132.5 -6.4 91 0 11.4 24.5 7.5 2.5 2 1 3 5 5
-2412.4 -6897.1 4.5 92 0 9.9 52.2 7.5 2.5 2 1 3 2 2
-4852.8 -8893.3 -3.2 85 0 17.6 70.0 7.5 2.5 2 1 3 5 5
-2661.8 -9377.5 -6.5 270 0 16.9 15.8 10.0 2.5 4 0 4 4 4
-2779.1 -6055.5 -0.3 177 0 20.2 18.7 7.5 2.5 2 0 3 0 0
-4558.7 -9438.2 -9.8 80 0 12.3 24.6 15.0 0.0 0 1 6 0 0
-3233.4 -9261.5 -6.8 285 0 14.4 9.3 5.0 2.5 2 0 2 0 0
-4380.4 -8825.8 -2.4 85 0 17.1 42.1 10.0 2.5 2 1 4 0 0
-4529.9 -8929.5 -3.7 85 0 16.8 63.0 10.0 2.5 2 1 4 4 4
-5581.2 -7046.4 -4.3 354 0 88.6 28.5 12.5 0.0 0 0 5 2 2
-5704.8 -7392.0 1.0 84 0 59.4 108.6 10.0 0.0 0 1 4 0 0
-5007.9 -6034.3 -0.4 178 0 42.8 18.0 7.5 2.5 2 0 3 4 4
-3154.0 -9314.2 -7.5 118 0 12.1 16.1 5.0 2.5 2 1 2 3 3
-2362.3 -6908.0 3.8 91 0 218.6 6.2 7.5 2.5 4 0 3 1 1
-4475.7 -8852.5 -2.7 85 0 16.8 69.7 10.0 2.5 2 1 4 0 0
-4460.6 -8481.1 -0.2 264 0 14.7 89.9 10.0 2.5 2 1 4 1 1
-4593.5 -9438.2 -10.2 80 0 12.3 24.5 10.0 2.5 2 1 4 0 0
-4415.6 -9483.1 -5.4 82 0 12.0 25.1 10.0 2.5 2 1 4 1 1
-4553.0 -9397.6 -10.0 90 0 11.4 38.5 10.0 2.5 2 1 4 3 3
-4859.0 -8375.2 -1.1 178 0 16.8 68.6 7.5 2.5 2 1 3 3 3
-4522.2 -9444.3 -8.8 79 0 11.8 24.3 7.5 2.5 2 1 3 1 1
-2369.6 -6898.2 4.3 92 0 10.2 52.1 10.0 2.5 2 1 4 2 2
-4374.3 -9399.5 -6.6 0 0 43.4 11.4 10.0 2.5 2 0 4 5 5
-3186.0 -9298.3 -7.3 108 0 12.1 17.1 5.0 2.5 2 1 2 2 2
-2771.5 -6016.5 -0.6 268 0 19.1 19.3 10.0 2.5 2 1 4 1 1
-2456.6 -6895.8 4.7 92 0 10.1 52.2 10.0 2.5 2 1 4 5 5
-4463.6 -9421.3 -8.6 89 0 10.8 43.6 7.5 2.5 2 1 3 3 3
-3933.5 -8182.5 -5.0 181 0 21.0 20.4 7.5 2.5 2 0 3 5 5
-4387.5 -9459.5 -5.4 81 0 12.7 24.5 10.0 2.5 2 1 4 5 5
-3138.5 -9322.2 -7.7 117 0 12.7 16.0 2.5 2.5 2 1 1 0 0
-4434.8 -8920.7 -3.6 85 0 17.4 64.5 12.5 2.5 2 1 5 3 3
-2649.1 -9361.0 -6.2 258 0 15.5 8.8 2.5 2.5 2 0 1 1 1
-4633.6 -8809.7 -2.1 85 0 14.9 64.3 7.5 2.5 2 1 3 0 0
-4398.9 -8557.3 0.4 265 0 13.4 64.3 10.0 2.5 2 1 4 1 1
-4962.6 -8142.6 -4.6 267 0 21.6 91.6 10.0 0.0 0 1 4 0 0
-2635.3 -9407.6 -6.4 0 0 15.9 17.7 10.0 2.5 2 1 4 2 2
-5574.5 -7374.2 0.7 83 0 59.6 111.9 17.5 0.0 0 1 7 2 2
-2953.9 -8180.0 -5.9 263 0 12.8 45.1 7.5 0.0 0 1 3 0 0
-4564.5 -9129.4 -6.4 91 0 11.1 21.6 7.5 2.5 2 1 3 4 4
-2695.5 -9408.8 -7.1 136 0 11.3 12.9 2.5 2.5 2 1 1 2 2
-1548.3 -6758.4 2.1 351 0 53.0 16.2 10.0 2.5 2 0 4 0 0
-2859.3 -8722.3 -2.9 239 0 105.7 19.0 10.0 0.0 0 0 4 2 2
-5129.9 -8826.0 -7.9 175 0 47.6 16.8 12.5 2.5 2 0 5 0 0
-6414.0 -8715.9 -3.4 98 0 14.1 50.9 10.0 2.5 2 1 4 0 0
-4792.7 -9256.5 -8.5 180 0 63.5 16.0 7.5 2.5 2 0 3 4 4
-6458.0 -7156.0 5.1 180 0 101.4 30.1 7.5 0.0 0 0 3 1 1
-5492.0 -6056.3 2.7 1 0 52.4 107.2 10.0 0.0 0 1 4 1 1
-2545.5 -10252.9 -8.2 179 0 7.7 17.6 7.5 2.5 2 1 3 3 3
-5049.0 -8889.7 -6.1 85 0 14.6 42.0 7.5 2.5 2 1 3 4 4
-5353.7 -7349.9 0.0 84 0 38.9 20.3 10.0 0.0 0 0 4 2 2
-3878.8 -6643.9 1.4 86 0 25.2 81.5 10.0 0.0 0 1 4 4 4
-6327.6 -7149.4 5.3 0 0 100.0 30.6 7.5 0.0 0 0 3 1 1
-5011.2 -8969.4 -6.5 85 0 17.1 64.8 10.0 2.5 2 1 4 5 5
-6880.8 -6922.2 4.0 270 0 17.1 62.4 7.5 0.0 0 1 3 3 3
-5384.2 -7315.4 0.8 88 0 24.2 80.9 10.0 0.0 0 1 4 1 1
-6758.7 -7217.1 4.6 360 0 93.1 17.0 7.5 2.5 2 0 3 5 5
-4778.9 -9124.4 -6.3 85 0 15.2 64.7 10.0 0.0 0 1 4 5 5
-4783.3 -9369.6 -9.6 90 0 16.2 64.9 12.5 2.5 2 1 5 2 2
-5093.5 -6222.7 -1.8 268 0 10.7 85.6 12.5 2.5 2 1 5 4 4
-4601.2 -9378.1 -10.0 180 0 39.2 12.0 7.5 2.5 2 0 3 2 2
-5526.8 -6566.7 -4.2 356 0 96.1 82.0 17.5 0.0 0 0 7 2 2
-4784.6 -9142.6 -7.3 270 0 15.6 64.2 12.5 2.5 2 1 5 0 0
-5031.6 -6305.6 -2.7 88 0 11.6 84.9 10.0 2.5 2 1 4 2 2
-4674.0 -9165.9 -7.3 360 0 68.3 11.2 10.0 2.5 2 0 4 3 3
-4594.7 -9324.5 -9.3 180 0 44.0 10.2 10.0 2.5 2 0 4 5 5
-4846.5 -9350.0 -9.3 86 0 15.1 85.5 10.0 2.5 4 1 4 2 2
-6393.7 -7102.3 5.3 270 0 30.7 100.4 7.5 0.0 0 1 3 2 2
-5418.5 -7316.6 1.0 88 0 23.6 79.6 12.5 0.0 0 1 5 5 5
-5338.5 -7273.8 0.7 358 0 80.9 24.7 15.0 0.0 0 0 6 0 0
-378.1 -6245.5 -0.3 265 0 257.3 12.6 21.0 0.0 0 0 6 0 0
-5641.8 -8979.5 0.6 115 0 10.7 71.2 7.5 2.5 2 1 3 1 1
-2381.8 -9570.0 -3.8 2 0 9.1 20.5 7.5 2.5 2 1 3 5 5
-674.8 -7114.6 -2.0 260 0 13.1 44.6 17.5 0.0 0 1 5 1 1
-840.0 -7338.6 -2.0 80 0 10.8 77.5 14.0 3.5 2 1 4 2 2
-693.1 -7257.6 -2.3 259 0 10.9 48.7 14.0 3.5 2 1 4 1 1
-731.0 -7268.3 -2.3 260 0 12.4 46.4 14.0 3.5 2 1 4 3 3
-885.8 -7304.2 -1.8 260 0 10.3 42.7 14.0 3.5 2 1 4 3 3
-748.9 -7172.7 -1.8 80 0 10.0 42.8 10.5 0.0 0 1 3 5 5
-946.2 -7268.5 -1.5 169 0 63.1 13.3 14.0 3.5 2 0 4 3 3
-763.8 -7322.5 -2.2 80 0 11.8 79.0 14.0 3.5 2 1 4 0 0
-784.0 -7116.9 -1.4 80 0 11.4 66.4 10.0 2.5 2 1 4 0 0
-701.3 -7098.8 -1.6 80 0 12.0 68.8 10.0 0.0 0 1 4 4 4
-903.4 -7227.2 -1.6 260 0 12.8 64.4 14.0 3.5 2 1 4 3 3
-802.6 -7330.5 -2.1 79 0 11.0 77.5 14.0 3.5 2 1 4 5 5
-675.3 -7010.2 -0.5 85 0 12.8 54.3 10.0 2.5 2 1 4 2 2
-925.8 -7312.2 -1.7 260 0 10.2 42.8 14.0 3.5 2 1 4 1 1
-619.9 -7133.8 -2.2 350 0 57.0 14.4 17.5 3.5 2 0 5 0 0
-686.8 -7242.1 -2.3 79 0 15.2 63.9 14.0 3.5 2 1 4 2 2
-836.2 -7147.9 -1.6 259 0 12.0 78.6 17.5 0.0 0 1 5 1 1
-850.5 -8246.4 -5.4 357 0 16.1 38.2 7.5 0.0 0 1 3 1 1
-867.1 -7133.8 -1.2 80 0 11.1 63.2 7.5 2.5 2 1 3 3 3
-797.5 -7139.4 -1.7 259 0 11.9 79.5 17.5 3.5 2 1 5 2 2
-716.2 -7122.7 -1.9 260 0 9.7 42.6 10.5 3.5 2 1 3 2 2
-578.8 -7002.4 -1.7 260 0 13.2 46.2 7.5 2.5 2 1 3 3 3
-742.7 -7105.8 -1.5 80 0 11.0 66.6 7.5 2.5 2 1 3 3 3
-654.9 -7170.7 -2.3 260 0 15.0 63.8 14.0 3.5 2 1 4 3 3
-599.9 -7257.2 -2.5 350 0 60.4 14.8 14.0 3.5 4 0 4 5 5
-728.1 -7251.2 -2.1 79 0 13.0 65.0 14.0 3.5 2 1 4 3 3
-875.4 -7156.0 -1.5 259 0 11.6 78.5 17.5 3.5 2 1 5 4 4
-653.1 -7248.8 -2.4 260 0 10.5 49.1 14.0 0.0 0 1 4 5 5
-825.9 -7124.9 -1.3 80 0 11.4 67.3 10.0 2.5 4 1 4 2 2
-1963.3 -3131.8 1.5 354 0 135.4 16.4 12.5 0.0 0 0 5 1 1
-2236.5 -2820.4 1.9 264 0 14.8 170.6 15.0 0.0 0 1 6 5 5
-2304.6 -2959.0 3.4 174 0 80.5 16.1 12.5 2.5 2 0 5 1 1
-2265.2 -3046.2 4.3 174 0 83.1 16.1 7.5 2.5 4 0 3 3 3
-1920.2 -2849.6 2.2 264 0 14.8 104.8 10.0 2.5 2 1 4 3 3
-2000.8 -2825.1 2.0 264 0 14.7 141.7 10.0 0.0 0 1 4 4 4
-2318.5 -3283.4 6.9 175 0 83.0 15.6 10.0 2.5 2 0 4 3 3
-2015.4 -3015.7 3.0 354 0 85.0 16.0 7.5 2.5 2 0 3 4 4
-2163.1 -2823.0 1.7 264 0 13.3 159.6 10.0 0.0 0 1 4 4 4
-2211.7 -3153.8 4.9 174 0 121.2 15.6 12.5 0.0 0 0 5 3 3
-2042.6 -3141.7 3.3 354 0 134.6 17.7 7.5 0.0 0 0 3 4 4
-1886.5 -3124.3 -0.3 353 0 136.2 13.8 12.5 0.0 0 0 5 4 4
-1937.0 -3008.0 1.4 354 0 81.1 15.3 10.0 2.5 2 0 4 1 1
-2104.9 -2985.2 3.4 264 0 15.7 83.1 10.0 2.5 2 1 4 3 3
-2390.5 -2867.0 2.1 174 0 158.9 15.9 12.5 0.0 0 0 5 0 0
-2313.3 -2796.8 1.9 264 0 14.9 105.1 10.0 2.5 4 1 4 4 4
-2083.0 -2822.1 1.6 264 0 16.2 155.0 12.5 0.0 0 1 5 5 5
-2287.7 -3170.9 5.4 174 0 134.1 16.7 12.5 0.0 0 0 5 3 3
-2374.7 -3027.3 4.2 174 0 137.3 15.7 12.5 0.0 0 0 5 4 4
-2136.3 -3143.1 4.4 174 0 137.6 13.5 12.5 0.0 0 0 5 4 4
-2363.9 -3181.5 5.8 174 0 132.6 15.8 15.0 0.0 0 0 6 5 5
-2202.3 -3540.9 5.8 84 0 16.0 79.1 10.0 2.5 2 1 4 5 5
-2292.9 -3508.4 7.6 174 0 82.9 15.8 7.5 2.5 2 0 3 1 1
-2170.9 -3448.5 5.4 84 0 15.2 120.4 10.0 0.0 0 1 4 5 5
-2233.2 -4203.2 -0.6 265 0 61.6 182.8 10.0 0.0 0 1 4 0 0
-2063.3 -4188.5 -0.2 265 0 62.3 181.7 10.0 0.0 0 1 4 1 1
-2148.5 -4195.7 -0.3 265 0 62.2 182.2 12.5 0.0 0 1 5 2 2
-2307.8 -3636.8 8.3 85 0 15.1 82.9 10.0 2.5 2 1 4 0 0
-2342.8 -3394.5 7.9 173 0 134.7 14.8 12.5 0.0 0 0 5 1 1
-2152.0 -3618.6 4.4 84 0 14.9 85.5 7.5 2.5 2 1 3 0 0
-2228.8 -3627.9 6.5 84 0 15.4 82.9 10.0 2.5 2 1 4 2 2
-2262.2 -3386.1 7.2 174 0 134.1 15.4 12.5 0.0 0 0 5 4 4
-2239.2 -3275.5 6.5 174 0 79.4 16.6 10.0 2.5 4 0 4 3 3
-6778.9 -6838.6 4.1 270 0 17.5 69.6 5.0 2.5 2 1 2 1 1
-6779.1 -7433.3 4.9 174 0 5.7 55.2 7.5 2.5 2 1 3 0 0
-6915.7 -6567.2 0.9 359 0 45.1 17.7 12.5 2.5 2 0 5 0 0
-6585.5 -7202.6 4.9 359 0 35.9 68.4 10.0 0.0 0 1 4 2 2
-6741.2 -7203.3 4.7 179 0 36.3 68.9 10.0 0.0 0 1 4 2 2
-6819.8 -7202.4 4.5 360 0 38.2 14.5 7.5 0.0 0 0 3 1 1
-6903.8 -6724.3 3.7 180 0 10.2 9.9 7.5 0.0 0 0 3 2 2
-6619.9 -7137.8 4.8 269 0 68.6 36.3 7.5 0.0 0 0 3 3 3
-6898.2 -7226.0 2.2 180 0 23.5 12.8 10.0 2.5 2 0 4 1 1
-6901.9 -6770.8 3.7 180 0 6.1 12.1 2.5 2.5 2 1 1 4 4
-6636.4 -7294.1 5.0 270 0 124.8 27.9 7.5 0.0 0 0 3 3 3
-6741.1 -7249.8 4.7 179 0 36.2 69.4 10.0 0.0 0 1 4 1 1
-6800.8 -7401.0 4.8 180 0 47.8 13.9 12.5 2.5 2 0 5 1 1
-6563.3 -7163.1 4.8 90 0 12.4 87.0 5.0 2.5 2 1 2 1 1
-6927.9 -7323.5 -2.0 180 0 58.8 49.3 12.5 0.0 0 0 5 0 0
-6902.4 -6747.1 3.7 180 0 29.1 7.8 2.5 2.5 4 0 1 5 5
-6560.2 -7293.4 5.2 270 0 14.0 105.6 10.0 2.5 2 1 4 1 1
-6914.3 -6620.1 0.7 359 0 43.2 19.1 12.5 0.0 0 0 5 0 0
-6817.8 -7417.1 -2.2 0 0 29.2 110.1 10.0 0.0 0 1 4 5 5
-6819.8 -7249.6 4.5 1 0 38.1 14.7 10.0 2.5 2 0 4 5 5
-6578.2 -7367.0 5.1 353 0 63.0 70.5 7.5 0.0 0 1 3 1 1
-6866.6 -6660.4 3.6 359 0 19.9 24.3 10.0 2.5 2 1 4 3 3
-6707.5 -7138.5 4.6 269 0 68.3 36.4 10.0 0.0 0 0 4 5 5
-6928.3 -7378.2 -2.2 180 0 29.2 110.1 10.0 0.0 0 1 4 0 0
-6858.5 -6807.2 3.7 90 0 16.7 60.3 7.5 2.5 2 1 3 5 5
-6585.7 -7248.6 5.0 359 0 36.3 68.1 10.0 0.0 0 1 4 3 3
-6881.1 -6710.8 3.7 270 0 22.7 12.6 7.5 2.5 2 0 3 2 2
-6801.6 -7329.9 4.7 180 0 73.1 17.3 7.5 2.5 2 0 3 0 0
-1693.6 -720.4 7.6 82 0 11.3 25.7 7.5 0.0 0 1 3 5 5
-1705.5 -636.2 7.5 83 0 11.3 25.7 7.5 0.0 0 1 3 0 0
-1404.5 -564.7 8.4 82 0 18.3 20.4 7.5 2.5 2 1 3 5 5
-3048.4 -3968.0 0.6 353 0 62.7 41.1 12.5 0.0 0 0 5 4 4
-2321.9 -5480.4 4.7 357 0 11.3 20.4 14.0 3.5 2 1 4 0 0
-1529.4 -500.1 10.0 263 0 16.4 20.3 10.0 2.5 2 1 4 3 3
-3164.4 -4109.1 3.5 265 0 39.1 7.2 7.5 2.5 2 0 3 4 4
-1220.4 -539.3 4.9 77 0 8.8 48.6 7.5 2.5 2 1 3 1 1
-3337.0 -4196.3 5.0 175 0 16.1 74.6 10.0 2.5 2 1 4 0 0
-3659.8 -3880.5 3.4 267 0 14.2 50.6 10.0 2.5 2 1 4 1 1
-879.6 -915.6 2.8 353 0 36.3 30.8 7.5 0.0 0 0 3 2 2
-1474.2 -1805.1 -0.6 84 0 16.3 84.1 10.0 2.5 2 1 4 1 1
-1629.7 -541.7 8.6 263 0 16.5 20.0 7.5 2.5 2 1 3 0 0
-3434.8 -4665.7 -2.8 268 0 36.3 50.2 10.0 0.0 0 1 4 1 1
-945.1 -693.6 2.9 260 0 30.3 66.0 10.0 0.0 0 1 4 0 0
-2045.7 -4072.4 2.4 354 0 64.7 14.4 7.5 2.5 2 0 3 0 0
-1303.1 -836.3 3.7 83 0 131.0 6.8 7.5 2.5 2 0 3 4 4
-3360.8 -4629.5 -4.1 177 0 65.8 18.6 12.5 2.5 2 0 5 3 3
-1148.8 -1033.0 4.3 79 0 8.2 24.5 5.0 2.5 2 1 2 1 1
-1230.9 -865.1 3.1 265 0 12.9 66.1 10.0 2.5 2 1 4 1 1
-1726.2 -720.9 7.2 82 0 12.4 29.8 15.0 0.0 0 1 6 3 3
-1603.4 -506.2 9.0 263 0 17.2 20.5 7.5 2.5 2 1 3 5 5
-1370.3 -363.9 -0.1 170 0 98.1 6.8 7.5 2.5 2 0 3 1 1
-1271.4 -571.1 6.4 350 0 29.8 24.4 7.5 0.0 0 0 3 5 5
-917.8 -568.5 1.0 327 0 20.4 60.0 10.0 2.5 4 1 4 4 4
-2020.5 -3424.3 2.0 84 0 16.2 131.7 10.0 0.0 0 1 4 5 5
-1326.3 -731.8 5.8 350 0 12.0 9.1 7.5 2.5 2 0 3 2 2
-2767.6 -2556.3 0.5 102 0 30.1 8.8 7.5 2.5 2 0 3 3 3
-1381.1 -832.1 5.6 82 0 11.3 11.0 10.0 2.5 2 0 4 3 3
-1442.2 -569.1 8.9 82 0 16.6 19.7 7.5 2.5 2 1 3 5 5
-914.0 -983.6 3.4 171 0 63.8 30.3 10.0 0.0 0 0 4 2 2
-1121.7 -5204.5 0.7 267 0 9.6 109.3 10.5 3.5 4 1 3 3 3
-2470.4 -3059.4 5.8 265 0 15.5 277.8 10.0 0.0 0 1 4 5 5
-3724.1 -3883.2 4.1 268 0 14.3 50.7 7.5 2.5 2 1 3 5 5
-1726.1 -878.1 7.1 82 0 11.2 69.3 10.0 0.0 0 1 4 0 0
-1516.7 -1811.7 -0.8 84 0 16.2 85.4 5.0 2.5 2 1 2 2 2
-1762.3 -913.2 6.3 82 0 54.2 20.3 10.0 0.0 0 0 4 0 0
-1530.8 -815.6 7.8 83 0 10.7 13.3 5.0 2.5 2 1 2 1 1
-1472.2 -461.4 10.1 261 0 16.3 20.4 7.5 2.5 2 1 3 0 0
-1101.5 -1469.7 6.1 355 0 15.6 72.6 10.0 2.5 2 1 4 5 5
-1913.5 -3238.4 0.1 354 0 81.0 16.5 10.0 2.5 2 0 4 0 0
-1696.7 -685.5 7.6 82 0 8.3 40.5 7.5 2.5 2 1 3 4 4
-1288.4 235.8 3.8 350 0 7.0 33.4 7.5 2.5 2 1 3 1 1
-1701.8 -1598.8 2.5 172 0 24.4 19.6 12.5 2.5 2 0 5 4 4
-1248.8 -568.5 5.6 346 0 23.1 9.1 7.5 2.5 2 0 3 1 1
-1969.7 -3515.6 0.5 84 0 17.0 84.1 7.5 2.5 2 1 3 0 0
-1322.9 -747.0 5.6 351 0 11.5 9.8 7.5 2.5 2 0 3 3 3
-1494.9 -528.9 9.8 262 0 18.0 19.2 12.5 2.5 2 1 5 3 3
-1368.1 -5298.1 0.0 87 0 9.8 68.5 10.5 0.0 0 1 3 5 5
-1566.7 -501.6 9.5 263 0 17.5 20.0 5.0 0.0 0 1 2 3 3
-1320.3 -5352.9 6.6 356 0 31.9 12.0 12.5 2.5 2 0 5 4 4
-1660.7 -485.3 9.0 262 0 17.2 18.4 10.0 0.0 0 1 4 5 5
-3647.1 -3995.1 4.8 358 0 51.0 14.5 7.5 2.5 2 0 3 2 2
-1432.6 -1800.7 -0.3 83 0 16.6 84.6 10.0 2.5 2 1 4 4 4
-1384.3 -468.2 8.4 260 0 9.6 16.2 7.5 2.5 2 1 3 4 4
-990.5 -904.2 3.1 84 0 61.0 181.4 12.5 0.0 0 1 5 2 2
-1309.7 -536.1 7.0 351 0 26.6 19.0 10.0 2.5 2 0 4 5 5
-2096.8 -3445.1 3.7 84 0 13.3 132.0 10.0 0.0 0 1 4 1 1
-1376.1 -880.5 4.3 264 0 11.8 68.6 10.0 2.5 2 1 4 3 3
-979.5 -539.1 1.8 204 0 24.1 12.7 7.5 2.5 4 0 3 1 1
-1949.6 -593.0 6.1 173 0 81.4 14.5 10.0 0.0 0 0 4 2 2
-1590.4 -583.5 9.1 83 0 17.5 17.9 10.0 2.5 2 1 4 0 0
-1158.8 -3129.3 4.2 264 0 19.0 59.5 12.5 2.5 2 1 5 4 4
-1234.5 -3676.4 5.3 175 0 110.3 15.5 7.5 0.0 0 0 3 3 3
-1792.1 -739.3 6.3 262 0 12.4 64.3 10.0 2.5 2 1 4 1 1
-1582.7 -719.0 8.0 263 0 15.3 129.4 10.0 0.0 0 1 4 5 5
-2384.6 -2542.5 0.4 0 0 61.0 54.6 7.5 0.0 0 0 3 1 1
-893.1 -646.8 0.5 351 0 55.7 22.9 10.0 2.5 2 0 4 3 3
-1268.2 -868.8 3.6 265 0 12.8 66.4 10.0 2.5 4 1 4 4 4
-1486.3 -432.9 10.6 261 0 17.7 21.1 7.5 2.5 2 1 3 0 0
-1351.6 -5371.0 6.3 87 0 12.6 32.1 12.5 2.5 2 1 5 1 1
-1642.4 -510.4 8.8 263 0 17.1 20.5 7.5 2.5 4 1 3 3 3
-1224.5 569.0 1.6 259 0 11.7 38.8 7.5 2.5 2 1 3 1 1
-1458.3 -523.1 9.3 263 0 17.9 19.6 7.5 2.5 2 1 3 5 5
-861.6 -3940.5 -3.0 83 0 114.2 71.9 12.5 0.0 0 0 5 4 4
-1330.5 -532.1 7.6 351 0 26.7 10.8 10.0 2.5 2 0 4 4 4
-957.1 -510.0 1.9 139 0 6.8 40.8 7.5 2.5 2 1 3 0 0
-1879.4 -541.4 6.6 263 0 15.3 79.9 10.0 2.5 2 1 4 5 5
-2442.6 -4295.6 -1.1 87 0 22.0 60.2 7.5 2.5 2 1 3 3 3
-1455.7 -488.9 9.6 262 0 16.4 20.4 7.5 2.5 2 1 3 3 3
-1939.0 -3349.6 0.2 354 0 128.6 16.9 10.0 0.0 0 0 4 2 2
-3643.3 -4633.2 1.3 177 0 60.7 24.8 7.5 2.5 2 0 3 5 5
-470.0 -3531.6 3.2 265 0 5.0 7.8 2.5 2.5 2 1 1 5 5
-2007.8 -1777.6 0.9 87 0 25.7 102.4 7.5 0.0 0 1 3 3 3
-1479.7 -575.7 9.4 83 0 16.0 20.1 10.0 2.5 2 1 4 3 3
-1332.8 43.6 1.3 349 0 132.8 40.3 10.0 0.0 0 0 4 1 1
-2356.1 -5540.7 4.4 356 0 23.8 5.4 10.5 3.5 4 0 3 0 0
-1449.0 -428.3 9.9 262 0 17.3 20.4 7.5 2.5 2 1 3 2 2
-1264.2 -645.4 5.7 79 0 6.1 18.9 2.5 2.5 2 1 1 5 5
-2982.9 -3870.5 -1.2 357 0 75.1 54.7 10.0 0.0 0 0 4 3 3
-1416.9 -832.4 6.1 83 0 13.3 9.2 7.5 2.5 4 0 3 1 1
-3188.9 -4745.9 -4.0 87 0 265.7 67.2 10.0 0.0 0 0 4 2 2
-2758.5 -5602.9 3.0 4 0 48.0 23.4 7.5 2.5 2 0 3 0 0
-1022.4 -683.5 2.4 350 0 21.4 22.3 10.0 2.5 2 1 4 0 0
-1493.0 -494.4 10.1 263 0 16.4 19.5 10.0 2.5 2 1 4 0 0
-1467.3 -735.4 7.6 264 0 10.4 13.1 5.0 2.5 2 1 2 2 2
-1339.2 -877.2 3.8 264 0 11.2 68.2 10.0 2.5 2 1 4 4 4
-1927.1 -495.1 7.5 263 0 14.4 41.1 7.5 2.5 4 1 3 2 2
-1165.2 -3532.4 5.1 266 0 14.5 73.8 10.0 2.5 2 1 4 0 0
-1254.8 -1008.5 3.8 84 0 14.0 67.4 7.5 2.5 2 1 3 1 1
-898.9 -789.7 2.6 352 0 36.3 30.5 10.0 0.0 0 0 4 2 2
-1643.7 -1671.2 -0.2 174 0 23.1 86.3 10.0 0.0 0 1 4 1 1
-1515.2 -4790.4 2.1 267 0 10.6 26.4 10.0 2.5 2 1 4 4 4
-1975.5 -1652.9 0.4 356 0 50.7 13.4 10.0 2.5 2 0 4 0 0
-2744.6 -5357.8 5.0 274 0 49.2 82.5 12.5 0.0 0 1 5 0 0
-1522.6 -438.5 10.2 260 0 17.6 20.7 5.0 2.5 2 1 2 1 1
-1859.9 -3341.6 -1.6 354 0 133.0 15.9 15.0 0.0 0 0 6 4 4
-1767.3 -884.3 6.4 82 0 11.4 77.2 7.5 2.5 2 1 3 0 0
-2320.5 -5453.5 5.1 85 0 13.3 32.2 14.0 3.5 2 1 4 2 2
-1395.4 -857.7 5.4 82 0 30.9 14.8 10.0 2.5 2 0 4 1 1
-1117.4 -1112.0 3.6 83 0 18.4 72.9 7.5 2.5 2 1 3 4 4
-1240.3 -653.4 5.3 79 0 23.8 66.5 12.5 2.5 2 1 5 1 1
-1297.4 -545.5 6.6 81 0 8.9 27.9 5.0 2.5 2 1 2 5 5
-1857.7 -486.9 7.9 263 0 15.8 40.9 7.5 0.0 0 1 3 0 0
-3784.6 -4448.1 4.6 82 0 11.9 44.9 10.0 2.5 2 1 4 1 1
-1418.6 -483.7 9.1 262 0 17.7 20.6 12.5 2.5 2 1 5 2 2
-2480.2 -4298.4 -1.1 87 0 24.4 68.8 10.0 0.0 0 1 4 0 0
-1133.7 219.0 2.0 80 0 7.6 49.8 7.5 2.5 2 1 3 4 4
-1157.4 -3612.7 5.4 266 0 15.6 102.4 7.5 2.5 4 1 3 4 4
-897.4 -743.2 3.2 82 0 13.0 54.0 5.0 2.5 2 1 2 0 0
-1664.5 -592.7 8.1 83 0 17.0 18.0 7.5 2.5 2 1 3 4 4
-903.2 -853.2 2.5 352 0 63.6 30.4 10.0 0.0 0 0 4 3 3
-1638.0 -1710.7 -1.5 173 0 23.5 85.3 12.5 0.0 0 1 5 0 0
-1697.2 -508.7 8.5 262 0 16.9 21.9 5.0 2.5 2 1 2 0 0
-1541.2 -4796.3 2.1 266 0 32.4 17.9 10.0 2.5 2 0 4 2 2
-2064.5 -3959.2 3.1 264 0 18.1 71.0 10.0 2.5 2 1 4 0 0
-2290.8 6165.4 -4.3 340 0 84.3 18.6 7.5 2.5 2 0 3 2 2
-2018.7 -1658.7 1.0 267 0 17.5 15.6 10.0 2.5 2 0 4 0 0
-1216.9 -1004.0 3.8 84 0 13.7 67.4 7.5 2.5 2 1 3 2 2
-1228.2 -5286.9 0.3 87 0 10.0 65.8 14.0 3.5 2 1 4 2 2
-1306.4 -602.0 6.6 80 0 23.4 26.3 7.5 0.0 0 1 3 3 3
-1999.0 -3599.7 0.9 84 0 16.7 80.3 7.5 2.5 2 1 3 4 4
-1535.4 -763.3 8.3 264 0 10.7 11.5 2.5 2.5 2 1 1 1 1
-1376.4 -854.0 5.1 173 0 31.0 8.2 7.5 2.5 4 0 3 2 2
-1371.1 -989.3 4.2 174 0 69.1 12.3 5.0 2.5 2 0 2 3 3
-1468.9 -4035.5 6.5 86 0 13.8 73.9 10.0 2.5 2 1 4 5 5
-1014.6 -3467.2 4.9 81 0 51.6 13.4 7.5 2.5 2 0 3 2 2
-1509.0 -467.2 10.3 262 0 16.3 21.0 7.5 2.5 2 1 3 1 1
-459.0 -4179.8 4.1 352 0 88.1 59.4 15.0 0.0 0 0 6 5 5
-1474.6 -708.8 7.9 263 0 9.9 12.8 5.0 2.5 2 1 2 5 5
-1329.6 -5301.6 4.0 267 0 11.6 31.7 12.5 2.5 2 1 5 0 0
-1628.2 -587.8 8.6 83 0 17.0 17.8 7.5 2.5 4 1 3 2 2
-1742.6 -655.7 6.9 82 0 22.3 37.1 10.0 0.0 0 1 4 3 3
-1290.2 -1013.6 3.8 85 0 12.5 67.6 7.5 2.5 2 1 3 5 5
-2293.1 -5273.5 5.9 265 0 31.1 72.3 14.0 0.0 0 1 4 4 4
-1198.5 -5217.6 0.4 267 0 11.6 66.8 14.0 3.5 4 1 4 0 0
-1667.0 -546.0 8.2 263 0 17.4 19.5 5.0 2.5 2 1 2 4 4
-1751.0 -736.3 6.9 262 0 11.7 68.7 7.5 2.5 2 1 3 1 1
-2047.5 -3524.6 2.2 84 0 17.8 83.7 10.0 2.5 4 1 4 0 0
-3403.7 -4582.7 -3.0 357 0 61.4 106.1 10.0 0.0 0 1 4 4 4
-1535.9 -795.9 8.1 83 0 10.6 11.6 2.5 2.5 2 1 1 3 3
-2364.6 -5352.7 7.6 86 0 17.0 31.6 14.0 3.5 2 1 4 3 3
-2308.1 -5262.5 7.8 87 0 16.7 59.1 10.0 2.5 2 1 4 4 4
-2365.5 -5377.7 6.8 266 0 12.4 32.3 14.0 3.5 2 1 4 0 0
-2295.1 -2311.1 1.7 180 0 147.6 21.2 10.0 0.0 0 0 4 2 2
-1981.1 -3947.2 5.7 83 0 16.7 53.3 7.5 0.0 0 1 3 1 1
-3580.1 -3862.8 2.0 174 0 10.0 30.0 5.0 2.5 2 1 2 1 1
-1091.8 -1012.5 3.7 354 0 26.9 12.9 10.0 2.5 2 0 4 5 5
-1723.2 -1082.8 5.1 264 0 17.9 257.1 12.5 0.0 0 1 5 3 3
-564.0 -168.6 4.4 338 0 65.4 21.1 10.0 2.5 2 0 4 0 0
-1743.5 -471.6 8.3 263 0 17.7 65.5 10.0 2.5 2 1 4 5 5
-1162.1 -514.7 4.2 77 0 19.9 25.4 10.0 2.5 2 1 4 0 0
-3716.9 -4023.7 5.4 87 0 14.3 51.2 10.0 2.5 2 1 4 5 5
-1172.0 -5204.5 0.9 356 0 157.7 9.8 10.5 3.5 2 0 3 1 1
-1562.6 -702.7 9.3 83 0 19.0 24.3 10.0 2.5 2 1 4 1 1
-1355.7 -5303.4 3.7 267 0 12.8 31.9 15.0 0.0 0 1 6 5 5
-1439.8 -4771.8 2.4 267 0 12.7 15.0 5.0 2.5 2 1 2 5 5
-2079.0 -3610.9 2.7 84 0 13.5 84.3 10.0 2.5 2 1 4 1 1
-1387.6 -448.7 8.7 260 0 9.4 16.4 2.5 2.5 2 1 1 5 5
-1195.7 -3133.3 4.1 264 0 18.8 59.6 7.5 2.5 2 1 3 1 1
-1789.2 -671.9 6.3 83 0 13.1 46.2 10.0 0.0 0 1 4 4 4
-2371.1 -5277.7 8.5 265 0 16.8 30.5 14.0 3.5 2 1 4 4 4
-2772.0 -2323.7 -1.2 270 0 68.1 138.1 10.0 0.0 0 1 4 5 5
-1385.1 202.5 2.0 257 0 47.6 64.5 10.0 0.0 0 1 4 4 4
-1496.6 -4734.3 2.4 267 0 12.5 37.1 10.0 2.5 2 1 4 5 5
-1401.5 -1642.4 1.2 353 0 23.4 137.9 12.5 0.0 0 1 5 4 4
-1292.0 -664.7 5.8 78 0 33.2 9.8 7.5 2.5 2 0 3 2 2
-1606.4 -1816.6 -1.3 84 0 16.6 79.7 7.5 0.0 0 1 3 3 3
-483.0 -3538.7 2.6 263 0 9.0 29.4 7.5 0.0 0 1 3 1 1
-1632.6 -3119.2 3.1 264 0 10.2 56.4 10.0 2.5 2 1 4 2 2
-1173.6 -433.5 4.8 261 0 25.7 34.1 7.5 0.0 0 1 3 2 2
-2036.6 -3845.2 4.7 263 0 15.9 108.5 10.0 0.0 0 1 4 2 2
-2423.6 -5282.1 8.3 265 0 17.1 76.9 14.0 3.5 2 1 4 4 4
-1410.5 -4777.0 2.5 357 0 15.4 12.1 2.5 2.5 2 0 1 3 3
-1532.1 -533.5 10.0 263 0 17.3 20.1 10.0 2.5 4 1 4 0 0
-1412.5 -1091.3 5.1 354 0 13.3 134.5 10.0 0.0 0 1 4 5 5
-1186.4 -859.5 3.0 265 0 12.6 93.1 12.5 2.5 2 1 5 5 5
-2414.9 -3663.2 8.7 85 0 15.2 287.1 12.5 0.0 0 1 5 3 3
-1737.0 -691.9 7.0 82 0 18.6 36.4 15.0 0.0 0 1 6 1 1
-1337.3 -5227.2 0.2 267 0 10.9 65.9 14.0 3.5 2 1 4 1 1
-1525.9 -4735.4 2.4 267 0 12.3 36.7 5.0 2.5 2 1 2 4 4
-1632.6 -454.5 9.6 262 0 17.2 18.7 12.5 2.5 2 1 5 4 4
-1396.5 -1680.3 -0.9 353 0 23.4 139.6 12.5 0.0 0 1 5 0 0
-1595.7 -3114.6 3.1 264 0 8.8 57.7 7.5 2.5 2 1 3 1 1
-1417.1 -1040.8 4.5 355 0 13.5 135.9 12.5 0.0 0 1 5 4 4
-1398.8 -724.0 6.7 261 0 10.7 13.6 7.5 2.5 2 1 3 5 5
-1613.1 -1576.0 4.1 264 0 86.3 24.4 12.5 0.0 0 0 5 3 3
-1561.6 -533.9 9.6 263 0 12.9 27.5 7.5 2.5 2 1 3 0 0
-1150.4 -3797.6 -2.9 176 0 102.3 15.6 10.0 2.5 2 0 4 0 0
-1474.9 -1599.6 3.3 263 0 139.4 24.6 10.0 0.0 0 0 4 1 1
-1663.1 -1733.8 -1.7 84 0 15.4 35.6 10.0 2.5 2 1 4 2 2
-2130.0 -5579.5 2.9 265 0 12.7 69.7 10.0 2.5 2 1 4 4 4
-2287.1 -5457.9 4.2 85 0 16.1 39.5 14.0 3.5 2 1 4 0 0
-1291.1 -645.0 6.0 76 0 26.1 22.3 10.0 2.5 2 0 4 3 3
-3171.8 -3978.3 1.0 178 0 66.5 20.6 10.0 2.5 2 0 4 0 0
-1457.9 -780.6 7.2 82 0 9.7 12.9 2.5 2.5 2 1 1 3 3
-3211.0 -4838.6 -2.9 87 0 217.6 18.6 10.0 0.0 0 0 4 2 2
-1595.3 -449.5 9.8 261 0 17.7 19.0 7.5 2.5 2 1 3 1 1
-1558.8 -444.1 10.0 261 0 17.5 20.6 7.5 2.5 2 1 3 2 2
-1648.9 -1632.2 1.9 174 0 24.3 85.6 12.5 0.0 0 1 5 1 1
-1983.7 -520.6 7.2 173 0 36.3 25.8 10.0 0.0 0 0 4 0 0
-2068.2 -3254.9 3.6 354 0 82.7 17.9 7.5 2.5 2 0 3 2 2
-1288.7 283.6 2.9 260 0 7.5 25.6 7.5 2.5 2 1 3 4 4
-1183.1 -1038.9 4.4 81 0 8.7 25.9 5.0 2.5 2 1 2 2 2
-1575.2 -3526.0 0.4 354 0 49.2 17.0 10.0 2.5 2 0 4 2 2
-1886.3 -3466.0 -1.3 354 0 80.4 17.3 12.5 2.5 4 0 5 0 0
-1517.0 -579.6 9.8 83 0 17.2 19.9 10.0 2.5 2 1 4 0 0
-1321.4 -761.8 5.4 349 0 12.1 9.1 5.0 2.5 2 0 2 1 1
-2295.8 -5365.5 5.1 265 0 15.0 46.5 14.0 3.5 2 1 4 5 5
-1353.0 -830.3 5.2 83 0 10.4 9.8 2.5 2.5 2 0 1 3 3
-1651.1 -5492.8 3.3 357 0 102.1 20.1 7.5 0.0 0 0 3 2 2
-1213.5 -2769.4 1.5 179 0 47.3 95.3 12.5 0.0 0 1 5 3 3
-1299.4 -1604.6 5.4 83 0 148.6 16.7 10.0 0.0 0 0 4 2 2
-1820.4 -480.0 8.1 263 0 12.2 41.4 5.0 2.5 2 1 2 3 3
-3329.8 -4627.5 -4.2 177 0 66.1 266.7 15.0 0.0 0 1 6 5 5
-2688.1 -3782.9 -1.4 265 0 35.6 159.3 12.5 0.0 0 1 5 1 1
-2252.3 -5360.7 3.4 265 0 14.5 94.3 14.0 3.5 2 1 4 0 0
-1392.7 -253.6 -0.2 170 0 9.6 33.6 5.0 2.5 4 1 2 4 4
-1295.8 -5293.2 0.2 87 0 9.5 68.4 10.5 3.5 2 1 3 3 3
-2063.1 -1696.1 1.4 177 0 19.0 29.8 5.0 2.5 2 1 2 0 0
-3079.0 -4492.8 -2.7 181 0 31.3 74.3 10.0 0.0 0 1 4 2 2
-1484.7 -825.5 7.1 82 0 9.4 13.0 7.5 2.5 2 1 3 2 2
-1283.1 371.4 2.7 86 0 20.6 18.8 7.5 2.5 4 0 3 3 3
-1143.2 217.6 2.1 81 0 6.8 49.9 7.5 2.5 2 1 3 3 3
-1304.3 -872.5 3.7 265 0 11.5 66.6 10.0 2.5 4 1 4 4 4
-1668.2 -459.6 9.3 263 0 18.0 18.5 7.5 2.5 2 1 3 5 5
-1835.4 -674.5 6.1 82 0 12.4 45.1 12.5 2.5 4 1 5 1 1
-1704.4 -478.2 8.9 263 0 16.6 21.4 10.0 2.5 2 1 4 3 3
-2751.7 -5491.1 4.5 3 0 48.3 24.2 10.0 0.0 0 0 4 2 2
-1262.8 -5288.1 0.2 87 0 10.6 64.4 14.0 3.5 2 1 4 4 4
-1920.0 -3592.2 -0.9 84 0 16.5 83.4 12.5 2.5 2 1 5 4 4
-1552.9 -584.8 9.6 83 0 17.9 20.1 10.0 2.5 2 1 4 2 2
-1510.1 -761.0 7.9 264 0 10.9 11.6 5.0 2.5 2 1 2 2 2
-1440.4 101.0 0.2 259 0 20.7 170.8 12.5 0.0 0 1 5 0 0
-1769.6 -546.4 7.3 263 0 12.3 59.9 10.0 2.5 2 1 4 5 5
-1382.2 -5304.7 3.5 267 0 12.3 32.8 12.5 2.5 2 1 5 3 3
-2349.8 -5268.7 8.8 86 0 9.4 68.7 7.5 2.5 2 1 3 4 4
-1030.4 -639.6 1.8 326 0 13.0 5.7 5.0 2.5 2 0 2 3 3
-1023.4 -3448.9 4.6 81 0 36.9 77.9 7.5 0.0 0 1 3 2 2
-1545.7 -472.1 9.9 261 0 15.8 20.5 7.5 2.5 2 1 3 5 5
-1307.1 -1541.6 6.9 264 0 150.2 31.9 15.0 0.0 0 0 6 0 0
-1421.3 -518.2 8.8 262 0 18.4 20.4 7.5 2.5 2 1 3 4 4
-1531.9 -836.8 7.7 82 0 10.3 11.2 7.5 2.5 2 1 3 5 5
-1325.6 -1018.1 3.8 85 0 12.2 67.7 5.0 2.5 2 1 2 0 0
-3174.7 -3896.7 0.0 178 0 40.3 14.3 7.5 2.5 2 0 3 5 5
-989.0 -503.1 2.4 43 0 36.0 8.3 7.5 2.5 2 0 3 1 1
-1990.7 -3246.0 1.9 354 0 83.9 18.1 7.5 2.5 2 0 3 5 5
-2358.9 -5457.0 5.9 86 0 12.8 31.7 14.0 3.5 2 1 4 4 4
-2407.5 -4294.0 -1.1 87 0 19.9 73.2 7.5 0.0 0 1 3 0 0
-1592.1 -537.4 9.1 262 0 17.3 19.7 7.5 2.5 2 1 3 1 1
-1480.2 -1560.8 5.5 263 0 138.8 23.3 10.0 0.0 0 0 4 0 0
-1378.3 -5373.1 6.1 86 0 12.4 32.2 10.0 2.5 2 1 4 2 2
-1130.8 -854.1 3.0 264 0 17.8 92.8 10.0 0.0 0 1 4 3 3
-2089.3 -4106.0 1.9 84 0 36.5 60.6 10.0 0.0 0 1 4 1 1
-2338.7 -5268.4 8.5 87 0 8.0 68.5 7.5 2.5 2 1 3 4 4
-1622.0 -480.3 9.3 262 0 17.1 18.3 10.0 2.5 2 1 4 3 3
-1439.3 -4731.5 2.6 267 0 12.7 28.2 7.5 2.5 2 1 3 0 0
-1810.6 -532.6 7.0 263 0 14.3 80.8 12.5 2.5 2 1 5 1 1
-1050.0 -653.6 2.1 242 0 16.0 8.9 2.5 2.5 2 0 1 3 3
-1706.4 -3138.3 3.1 264 0 10.3 44.9 7.5 2.5 2 1 3 3 3
-848.1 -2770.4 4.7 264 0 33.1 30.5 7.5 0.0 0 0 3 5 5
-1322.3 -4157.5 5.0 86 0 13.8 63.5 15.0 2.5 2 1 6 0 0
-2771.9 -2506.1 -0.4 180 0 60.2 24.4 7.5 2.5 2 0 3 2 2
-3247.7 -4131.6 4.2 264 0 14.9 46.7 10.0 2.5 2 1 4 3 3
-1878.4 -681.5 5.8 83 0 12.5 45.0 7.5 2.5 2 1 3 3 3
-1596.1 -3377.7 2.8 264 0 14.0 57.6 12.5 0.0 0 1 5 5 5
-1435.8 -455.9 9.6 261 0 17.7 20.5 7.5 2.5 2 1 3 4 4
-2755.0 -5546.9 3.7 3 0 47.9 24.1 7.5 0.0 0 0 3 3 3
-1063.4 -691.0 2.7 171 0 21.6 11.8 7.5 2.5 2 0 3 0 0
-1770.9 -729.7 6.5 83 0 11.6 53.1 7.5 2.5 2 1 3 0 0
-1252.2 -126.9 1.8 350 0 167.3 50.8 7.5 0.0 0 0 3 1 1
-3003.5 -4335.1 2.3 0 0 66.8 34.5 7.5 0.0 0 0 3 5 5
-1391.2 -428.6 9.0 260 0 9.9 15.7 5.0 2.5 2 1 2 0 0
-1564.0 -1815.4 -1.1 84 0 16.6 83.7 7.5 2.5 2 1 3 3 3
-1468.2 -4732.5 2.5 268 0 12.8 29.2 10.0 2.5 2 1 4 3 3
-1670.4 -3134.9 3.1 264 0 10.4 44.2 12.5 2.5 2 1 5 1 1
-1584.3 -475.5 9.5 262 0 16.2 18.8 5.0 2.5 2 1 2 3 3
-1521.1 -715.8 8.5 263 0 9.9 13.4 7.5 2.5 2 1 3 2 2
-1394.3 -155.7 0.2 170 0 169.3 71.3 10.0 0.0 0 0 4 0 0
-1608.1 -5138.0 0.2 87 0 14.0 37.9 7.5 2.5 2 1 3 2 2
-451.5 -3854.0 4.0 83 0 14.6 39.6 5.0 2.5 2 1 2 2 2
-1576.6 -5319.2 1.9 267 0 10.4 52.9 14.0 3.5 2 1 4 4 4
-1615.2 -5331.8 2.2 266 0 15.9 40.0 14.0 3.5 4 1 4 3 3
-1223.8 -3801.9 0.5 176 0 110.4 15.2 10.0 0.0 0 0 4 1 1
-486.9 -3814.4 4.1 173 0 6.7 18.0 7.5 2.5 4 1 3 5 5
-2464.2 -5383.5 6.8 265 0 22.1 60.2 14.0 3.5 2 1 4 5 5
-1502.8 -5379.1 4.3 87 0 10.3 39.4 14.0 3.5 2 1 4 3 3
-1445.2 -5302.8 -0.1 87 0 10.8 68.0 14.0 0.0 0 1 4 0 0
-1663.0 -4602.0 2.5 176 0 19.5 10.6 7.5 2.5 2 0 3 2 2
-1547.7 -5044.1 0.6 267 0 10.2 38.2 10.0 0.0 0 1 4 3 3
-1410.2 -5231.2 0.0 266 0 12.0 62.7 14.0 0.0 0 1 4 0 0
-1516.8 -5041.9 0.7 267 0 10.3 38.2 7.5 2.5 2 1 3 4 4
-1665.0 -4576.0 3.0 176 0 20.0 10.0 2.5 2.5 2 0 1 1 1
-1579.2 -4748.6 2.0 267 0 12.5 73.3 10.0 2.5 2 1 4 3 3
-1621.0 -5315.5 -0.5 87 0 6.6 66.9 10.5 3.5 2 1 3 1 1
-1571.7 -4925.7 1.2 267 0 11.1 50.3 7.5 2.5 2 1 3 5 5
-2515.9 -5330.6 7.1 175 0 82.8 56.6 14.0 0.0 0 0 4 1 1
-1307.8 -5139.5 0.4 267 0 9.4 66.0 10.5 3.5 2 1 3 2 2
-1567.3 -5311.7 -0.4 87 0 11.1 65.5 14.0 3.5 2 1 4 4 4
-1543.0 -5134.1 0.3 87 0 9.5 37.9 7.5 2.5 2 1 3 0 0
-1575.3 -5136.0 0.2 87 0 13.8 37.6 7.5 2.5 2 1 3 4 4
-440.1 -3771.4 3.0 263 0 18.9 38.2 10.0 2.5 2 1 4 3 3
-151.3 -3700.1 1.6 353 0 90.3 42.1 12.5 0.0 0 0 5 0 0
-1378.8 -5140.5 0.2 267 0 11.5 69.0 14.0 3.5 2 1 4 2 2
-1531.5 -1417.1 -1.5 355 0 35.6 136.8 12.5 0.0 0 1 5 3 3
-1580.5 -4914.7 1.4 87 0 10.5 82.1 10.0 2.5 4 1 4 3 3
-1525.9 -5308.9 -0.3 87 0 10.7 64.6 14.0 0.0 0 1 4 1 1
-1614.3 -5048.2 0.5 267 0 13.0 38.1 10.0 2.5 2 1 4 0 0
-1447.3 -5127.7 0.5 87 0 11.5 37.4 10.0 0.0 0 1 4 1 1
-1453.3 -5143.7 0.1 267 0 10.4 72.1 14.0 3.5 2 1 4 0 0
-1232.1 -5201.2 0.5 87 0 10.2 65.0 14.0 3.5 2 1 4 5 5
-1578.9 -5046.6 0.6 268 0 11.5 37.4 7.5 2.5 2 1 3 3 3
-1669.8 -4523.3 2.5 175 0 20.7 10.0 2.5 2.5 2 0 1 2 2
-1480.9 -5129.5 0.4 87 0 11.8 38.2 7.5 2.5 2 1 3 2 2
-2331.8 -5369.9 5.9 265 0 12.9 46.6 14.0 3.5 2 1 4 5 5
-1489.3 -5306.6 -0.2 87 0 12.1 69.2 14.0 3.5 2 1 4 1 1
-1667.4 -4549.9 2.8 176 0 19.7 10.1 5.0 2.5 2 0 2 0 0
-1476.2 -5235.6 -0.2 266 0 11.3 23.7 14.0 0.0 0 1 4 1 1
-2099.1 -5194.3 2.5 268 0 19.7 106.4 14.0 0.0 0 1 4 0 0
-2479.4 -4604.0 2.0 267 0 186.7 11.2 10.0 0.0 0 0 4 2 2
-1203.4 -5133.2 0.6 266 0 11.8 66.4 14.0 3.5 2 1 4 3 3
-465.6 -3778.6 3.3 263 0 10.8 33.6 10.0 2.5 2 1 4 0 0
-1512.8 -5131.4 0.4 88 0 11.3 38.0 10.0 2.5 2 1 4 2 2
-2515.7 -5446.0 5.9 355 0 17.6 11.9 5.0 2.5 2 0 2 5 5
-1271.4 -5138.0 0.5 267 0 9.5 66.1 10.5 3.5 2 1 3 3 3
-1524.7 -5221.2 -0.1 87 0 9.9 62.7 10.5 3.5 2 1 3 3 3
-1535.8 -1370.6 -5.1 355 0 35.2 137.3 12.5 0.0 0 1 5 4 4
-1486.5 -5040.6 0.7 267 0 11.1 37.4 7.5 2.5 2 1 3 1 1
-1343.8 -5139.0 0.3 267 0 9.2 69.3 10.5 3.5 2 1 3 5 5
-1414.1 -5142.3 0.2 267 0 14.4 71.3 14.0 3.5 2 1 4 2 2
-1491.2 -5147.7 0.0 267 0 10.7 72.0 14.0 3.5 2 1 4 1 1
-1453.1 -5037.6 0.8 267 0 11.3 38.5 7.5 2.5 2 1 3 0 0
-2406.3 -5378.4 7.6 265 0 12.8 36.1 14.0 3.5 2 1 4 0 0
-2436.3 -5381.6 7.4 265 0 12.1 77.1 14.0 3.5 2 1 4 3 3
-1565.1 -5040.5 0.8 86 0 11.1 50.6 10.0 2.5 2 1 4 2 2
-1540.0 -5315.4 2.1 266 0 13.5 55.0 14.0 3.5 2 1 4 2 2
-1559.3 -5223.3 -0.2 87 0 9.4 63.4 10.5 3.5 2 1 3 1 1
-2307.9 -5366.0 5.4 265 0 7.1 47.4 10.5 3.5 2 1 3 1 1
-2494.4 -5388.0 6.2 265 0 12.1 77.5 14.0 3.5 2 1 4 2 2
-503.4 -3801.0 3.6 173 0 36.2 6.7 5.0 0.0 0 0 2 3 3
3812.1 -5091.5 -2.9 80 0 11.9 20.3 2.5 0.0 0 1 1 3 3
6178.2 -1730.4 -2.8 249 0 12.2 22.6 7.5 2.5 2 1 3 3 3
6557.0 -3325.8 -0.3 342 0 30.8 15.5 10.0 2.5 2 0 4 4 4
6465.3 -3204.5 -0.6 253 0 14.3 36.8 10.0 2.5 2 1 4 5 5
6677.4 -3816.2 -0.3 348 0 15.7 16.3 10.0 2.5 2 1 4 1 1
3666.7 -5118.1 -3.0 80 0 14.8 15.3 7.5 2.5 2 1 3 5 5
3177.6 -5233.5 -4.1 76 0 39.0 89.7 10.0 0.0 0 1 4 3 3
6679.2 -3869.4 -0.2 77 0 11.3 33.1 7.5 2.5 4 1 3 2 2
6219.5 -1719.7 -2.7 249 0 11.5 6.8 7.5 2.5 2 0 3 5 5
6618.6 -3718.1 -0.8 347 0 20.6 13.1 7.5 2.5 2 0 3 4 4
3643.7 -5147.6 -3.2 79 0 14.0 23.4 10.0 0.0 0 1 4 3 3
3605.6 -5473.1 -6.0 68 0 12.4 30.0 10.0 2.5 2 1 4 0 0
6158.7 -2490.7 -1.9 167 0 13.8 33.6 7.5 2.5 2 1 3 4 4
6496.3 -3265.0 -0.5 344 0 43.7 15.2 7.5 2.5 2 0 3 4 4
6538.5 -3406.2 -0.5 347 0 44.5 13.1 7.5 2.5 2 0 3 1 1
3741.3 -5001.7 -2.3 260 0 11.9 14.9 10.0 2.5 2 1 4 0 0
3734.4 -5183.5 -3.6 79 0 14.7 14.7 7.5 2.5 4 0 3 5 5
6594.2 -3725.6 -0.9 348 0 23.6 14.1 5.0 0.0 0 0 2 5 5
6569.2 -3803.8 -0.8 75 0 9.2 20.7 7.5 2.5 2 1 3 4 4
6520.0 -3216.4 -0.5 343 0 43.2 15.5 10.0 2.5 2 0 4 4 4
6550.6 -3455.4 -0.6 348 0 43.8 14.0 7.5 2.5 2 0 3 1 1
3751.9 -5024.1 -2.5 349 0 14.4 12.2 5.0 2.5 2 0 2 2 2
3699.4 -5189.6 -3.8 78 0 15.0 15.1 5.0 2.5 2 1 2 5 5
6104.9 -2884.2 -2.2 345 0 18.6 12.7 10.0 2.5 2 0 4 5 5
4303.9 -4961.9 0.1 273 0 31.2 29.4 7.5 0.0 0 0 3 5 5
6576.6 -3395.3 -0.2 347 0 42.9 14.8 10.0 2.5 2 0 4 5 5
6533.3 -3257.2 -0.4 343 0 27.4 15.5 7.5 2.5 2 0 3 5 5
6131.4 -2887.5 -2.0 344 0 42.0 12.6 7.5 2.5 2 0 3 2 2
2927.7 -4439.6 -1.6 168 0 149.7 39.7 12.5 0.0 0 0 5 0 0
6588.1 -3443.5 -0.3 347 0 44.4 14.7 12.5 2.5 2 0 5 1 1
6545.1 -3290.7 -0.4 342 0 31.3 15.6 7.5 0.0 0 0 3 3 3
6111.3 -2907.8 -2.2 344 0 19.9 12.4 5.0 2.5 2 0 2 1 1
6593.0 -3880.2 -0.6 76 0 12.6 27.7 7.5 2.5 2 1 3 3 3
3708.2 -5008.7 -2.2 259 0 11.3 13.7 2.5 2.5 2 1 1 2 2
3022.6 -4423.6 -1.9 348 0 144.3 12.0 7.5 0.0 0 0 3 0 0
6584.1 -3847.2 -0.7 76 0 12.4 35.8 7.5 2.5 2 1 3 5 5
3119.4 -5110.3 -2.1 257 0 13.7 93.9 12.5 2.5 2 1 5 3 3
3185.0 -5956.5 -10.0 256 0 47.9 52.5 7.5 0.0 0 1 3 2 2
6217.5 -1635.7 -2.9 249 0 19.7 47.8 7.5 2.5 2 1 3 4 4
423.3 -4020.0 4.0 172 0 50.8 13.5 12.5 2.5 4 0 5 5 5
-398.5 -4033.8 3.2 82 0 8.3 26.8 5.0 2.5 2 1 2 0 0
1512.8 -2649.3 0.4 172 0 20.2 63.1 10.0 2.5 2 1 4 3 3
1017.1 -2726.8 4.9 37 0 55.6 23.1 10.0 2.5 2 0 4 1 1
3650.6 -5043.3 -2.4 82 0 11.0 11.0 5.0 2.5 4 0 2 5 5
6725.7 -1209.1 -2.7 159 0 13.7 46.5 10.0 2.5 2 1 4 3 3
6372.9 -1430.1 -3.0 69 0 21.6 86.8 10.0 0.0 0 1 4 5 5
6192.8 -1412.8 -3.2 159 0 45.5 13.7 10.0 2.5 4 0 4 4 4
455.0 -3774.5 1.6 353 0 52.3 13.9 12.5 2.5 4 0 5 0 0
-349.1 -3803.8 2.2 173 0 480.9 69.7 12.5 0.0 0 0 5 0 0
303.0 -4879.2 0.7 83 0 16.8 30.3 14.0 3.5 2 1 4 1 1
3659.1 -5188.4 -3.7 78 0 12.6 13.8 5.0 2.5 2 1 2 5 5
470.7 -3682.4 0.2 263 0 14.1 51.2 10.0 2.5 2 1 4 1 1
3676.4 -5010.9 -2.3 259 0 11.8 17.6 7.5 2.5 2 1 3 3 3
170.0 -3575.7 6.3 82 0 10.5 63.1 10.0 2.5 2 1 4 5 5
6444.3 -1767.4 -2.5 69 0 47.4 77.3 7.5 0.0 0 1 3 4 4
255.0 -3564.6 6.9 83 0 10.4 63.8 12.5 2.5 2 1 5 1 1
553.4 -3505.3 9.5 82 0 11.6 46.0 10.0 2.5 2 1 4 4 4
237.5 -3429.1 8.2 262 0 10.2 63.1 10.0 2.5 2 1 4 3 3
116.3 -4296.1 -2.3 83 0 11.6 64.2 10.5 3.5 2 1 3 1 1
167.1 -4193.9 -0.4 173 0 48.1 9.4 7.5 2.5 2 0 3 2 2
-64.5 -4655.0 0.9 352 0 456.2 18.7 10.5 0.0 0 0 3 1 1
6230.5 -1352.6 -3.2 249 0 68.4 60.7 7.5 0.0 0 0 3 1 1
3732.9 -5095.2 -3.1 169 0 23.7 14.1 7.5 2.5 4 0 3 5 5
3606.6 -5180.6 -3.5 80 0 14.5 16.7 7.5 2.5 4 1 3 4 4
409.9 -3288.3 0.4 262 0 11.1 99.7 10.0 2.5 2 1 4 0 0
198.7 -4165.3 -0.2 263 0 9.1 48.0 7.5 2.5 2 1 3 2 2
510.3 -3511.8 9.8 82 0 11.5 45.3 7.5 2.5 4 1 3 2 2
359.6 -3705.9 -0.1 262 0 10.9 78.5 15.0 2.5 2 1 6 0 0
1594.8 -2800.8 -2.5 81 0 9.3 11.4 2.5 2.5 2 1 1 2 2
6169.0 -1377.7 -3.4 339 0 23.9 82.6 7.5 0.0 0 1 3 2 2
6119.5 -1738.5 -2.9 252 0 5.9 17.7 2.5 2.5 2 1 1 4 4
6392.4 -1207.4 -3.1 159 0 24.7 13.4 10.0 2.5 2 0 4 0 0
503.7 -3424.4 4.7 352 0 67.4 10.8 15.0 2.5 2 0 6 5 5
-236.0 -3954.9 2.8 83 0 36.9 407.6 10.0 0.0 0 1 4 3 3
6094.3 -1688.5 -3.0 249 0 37.9 37.4 10.0 0.0 0 0 4 5 5
-667.9 -4294.2 4.9 261 0 9.7 39.5 7.5 2.5 2 1 3 3 3
71.6 -4238.7 -1.8 263 0 11.6 66.0 10.5 3.5 2 1 3 3 3
492.1 -3769.8 1.4 353 0 52.4 13.0 10.0 2.5 2 0 4 3 3
480.4 -4067.5 2.7 263 0 13.5 47.3 10.0 2.5 4 1 4 2 2
496.4 -3276.1 -0.0 262 0 11.1 100.6 12.5 2.5 2 1 5 2 2
296.2 -4799.1 -0.1 262 0 9.1 36.3 10.5 3.5 2 1 3 4 4
3808.4 -5165.8 -3.7 79 0 8.6 19.6 5.0 2.5 2 1 2 3 3
1631.6 -2914.8 -2.5 352 0 42.4 17.5 7.5 2.5 2 0 3 4 4
3636.4 -5193.5 -3.6 79 0 14.4 21.7 7.5 2.5 2 1 3 2 2
1521.7 -2708.8 -1.0 171 0 20.1 62.5 7.5 2.5 2 1 3 0 0
3754.2 -5120.8 -3.2 260 0 16.8 18.6 7.5 2.5 4 1 3 1 1
351.2 -4617.4 -4.2 82 0 14.8 208.6 10.0 0.0 0 1 4 3 3
259.4 -4867.4 0.7 172 0 36.4 9.0 10.5 3.5 4 0 3 3 3
1613.2 -2957.6 -2.5 81 0 49.8 8.9 7.5 2.5 2 0 3 2 2
3840.3 -5116.3 -3.4 261 0 12.7 14.3 7.5 2.5 2 1 3 1 1
433.8 -3685.8 -0.0 263 0 13.6 52.3 10.0 2.5 2 1 4 4 4
314.9 -4149.8 0.4 263 0 13.2 50.5 10.0 2.5 2 1 4 4 4
-196.6 -3949.9 3.3 83 0 39.2 409.7 5.0 0.0 0 1 2 1 1
6120.6 -1675.8 -3.0 250 0 9.4 44.2 7.5 2.5 2 1 3 4 4
-427.1 -4028.6 3.3 172 0 14.8 13.6 10.0 2.5 2 0 4 3 3
3705.6 -5065.2 -2.9 261 0 12.4 19.6 7.5 0.0 0 1 3 3 3
6382.1 -1672.5 -2.6 158 0 29.7 14.1 7.5 2.5 2 0 3 2 2
253.6 -4824.2 -0.1 172 0 36.7 8.8 10.5 3.5 2 0 3 5 5
3843.5 -5158.9 -3.7 79 0 9.0 19.8 5.0 2.5 2 1 2 5 5
314.7 -4796.6 -0.1 262 0 9.0 80.2 10.5 3.5 2 1 3 5 5
285.8 -3795.4 0.1 82 0 11.4 78.4 10.0 2.5 2 1 4 3 3
6476.0 -1575.8 -2.5 250 0 47.6 70.3 5.0 0.0 0 1 2 5 5
-119.6 -3813.1 3.8 173 0 22.6 41.3 10.0 0.0 0 1 4 2 2
3780.7 -5122.2 -3.3 259 0 14.5 18.9 7.5 2.5 2 1 3 5 5
8.2 -4310.4 -0.9 83 0 11.9 64.3 10.5 3.5 2 1 3 4 4
3707.9 -5102.4 -3.1 349 0 14.4 14.8 2.5 2.5 2 1 1 0 0
-665.0 -4289.9 5.5 82 0 15.6 193.2 10.0 0.0 0 1 4 0 0
212.4 -3570.1 6.6 82 0 10.4 63.8 10.0 2.5 2 1 4 0 0
337.2 -4841.9 -0.2 82 0 10.4 48.5 14.0 3.5 2 1 4 0 0
-72.8 -4334.6 0.6 263 0 9.0 61.5 10.5 3.5 2 1 3 5 5
396.1 -3691.5 -0.3 263 0 13.3 51.5 12.5 2.5 4 1 5 0 0
254.8 -4096.0 1.4 263 0 13.5 49.3 12.5 2.5 2 1 5 4 4
4001.3 -4783.8 1.0 259 0 21.2 66.7 12.5 2.5 4 1 5 3 3
280.1 -3675.1 0.1 353 0 60.6 11.7 17.5 2.5 2 0 7 0 0
368.1 -3294.0 0.7 262 0 10.9 100.0 12.5 2.5 2 1 5 3 3
3611.9 -5083.3 -2.9 259 0 14.4 14.6 5.0 2.5 4 1 2 5 5
462.8 -4181.5 1.2 83 0 10.8 51.3 7.5 2.5 2 1 3 4 4
53.1 -4387.9 -1.3 83 0 10.6 63.3 10.5 3.5 2 1 3 4 4
-89.1 -4339.6 0.8 263 0 9.2 56.5 10.5 3.5 2 1 3 0 0
6178.9 -1377.5 -3.2 160 0 17.3 13.2 7.5 0.0 0 0 3 5 5
6137.8 -1654.0 -3.1 69 0 27.3 46.2 5.0 0.0 0 1 2 3 3
110.4 -3325.7 3.2 262 0 14.1 54.2 12.5 2.5 2 1 5 4 4
260.9 -3580.1 2.7 262 0 11.7 60.2 10.0 2.5 2 1 4 4 4
453.1 -3281.8 -0.1 262 0 11.3 101.2 10.0 2.5 2 1 4 0 0
228.2 -4161.2 -0.1 263 0 9.2 48.1 7.5 2.5 2 1 3 5 5
275.9 -4153.6 0.2 262 0 11.3 51.6 10.0 0.0 0 1 4 2 2
3540.0 -5149.9 -3.3 79 0 12.3 18.0 5.0 2.5 2 1 2 3 3
6159.4 -1602.9 -3.0 159 0 14.3 12.6 7.5 2.5 2 0 3 1 1
6178.5 -3207.2 -2.6 77 0 13.6 20.9 10.0 2.5 2 1 4 1 1
317.5 -3711.9 0.0 262 0 10.8 77.3 12.5 2.5 2 1 5 3 3
1553.8 -2966.4 -2.3 83 0 44.8 8.6 7.5 2.5 2 0 3 4 4
423.7 -4134.5 1.0 263 0 11.6 52.0 12.5 2.5 2 1 5 3 3
90.5 -4382.0 -1.9 82 0 11.5 60.2 10.5 3.5 2 1 3 0 0
1183.6 -2851.1 7.3 37 0 26.5 15.3 7.5 2.5 2 0 3 1 1
35.1 -4245.1 -1.4 262 0 10.9 61.9 10.5 3.5 2 1 3 3 3
545.6 -3417.9 3.9 352 0 67.2 11.1 12.5 2.5 4 0 5 0 0
-88.1 -4277.9 0.6 353 0 33.8 42.6 10.5 0.0 0 1 3 2 2
9.3 -5285.6 1.1 82 0 18.8 332.2 10.5 0.0 0 1 3 3 3
6177.7 -3172.6 -2.6 347 0 19.9 13.9 10.0 2.5 2 0 4 3 3
145.7 -4246.7 -2.1 353 0 90.3 12.6 10.5 3.5 2 0 3 5 5
1504.0 -2587.3 1.8 172 0 30.0 61.2 7.5 0.0 0 1 3 5 5
6750.0 -3296.1 -0.0 345 0 6.4 24.9 7.5 2.5 2 1 3 5 5
3579.7 -5167.1 -3.5 80 0 15.0 16.2 2.5 2.5 2 1 1 3 3
3596.2 -5115.4 -3.0 79 0 16.1 14.8 5.0 2.5 2 0 2 0 0
-408.2 -3970.8 3.4 262 0 9.9 34.0 7.5 2.5 2 1 3 2 2
250.9 -4157.9 0.0 263 0 10.9 50.4 10.0 2.5 2 1 4 1 1
3646.4 -5019.2 -2.3 259 0 11.3 10.9 5.0 2.5 2 0 2 4 4
151.6 -3439.7 7.4 263 0 10.4 64.2 7.5 2.5 2 1 3 2 2
3554.2 -5098.1 -2.9 169 0 19.9 13.4 7.5 2.5 2 0 3 2 2
6320.9 -1403.4 -3.0 159 0 86.0 18.6 10.0 2.5 2 0 4 5 5
3614.9 -5138.3 -3.2 78 0 15.5 17.0 10.0 2.5 2 1 4 2 2
-36.3 -4285.3 -0.4 172 0 61.8 11.6 10.5 3.5 2 0 3 2 2
458.9 -4016.0 4.2 172 0 48.5 12.6 12.5 2.5 2 0 5 3 3
194.2 -3434.0 7.8 263 0 10.0 63.7 7.5 2.5 2 1 3 5 5
504.9 -3833.9 5.9 353 0 52.7 13.7 10.0 2.5 2 0 4 1 1
1298.8 -2752.5 5.6 217 0 18.4 35.1 12.5 0.0 0 1 5 0 0
-28.9 -4924.3 0.9 353 0 60.6 18.5 10.5 3.5 2 0 3 3 3
6171.7 -3146.5 -2.6 347 0 23.3 14.1 10.0 2.5 4 0 4 0 0
30.4 -3829.2 5.1 263 0 16.9 108.9 7.5 0.0 0 1 3 0 0
1375.2 -2798.4 3.1 307 0 35.1 17.6 10.0 0.0 0 0 4 0 0
3811.4 -5109.7 -3.3 260 0 11.4 17.2 7.5 2.5 2 1 3 1 1
388.8 -3858.5 5.1 82 0 6.9 57.0 7.5 2.5 2 1 3 2 2
-652.0 -4417.1 5.0 169 0 20.3 10.0 5.0 2.5 2 0 2 4 4
220.9 -3585.2 2.4 262 0 11.7 60.7 10.0 2.5 2 1 4 5 5
287.0 -3485.3 8.5 83 0 10.3 64.0 10.0 2.5 4 1 4 4 4
21.3 -4220.9 -1.0 262 0 22.7 6.0 10.5 3.5 4 0 3 2 2
325.4 -3299.9 0.7 263 0 11.2 46.1 12.5 2.5 4 1 5 2 2
244.6 -3801.0 0.3 82 0 12.2 78.2 10.0 2.5 2 1 4 1 1
374.2 -3474.2 7.3 82 0 10.6 64.7 15.0 2.5 2 1 6 4 4
946.8 -3372.2 0.1 83 0 18.2 86.5 15.0 2.5 2 1 6 3 3
287.9 -3386.3 4.3 173 0 47.3 10.8 10.0 2.5 4 0 4 1 1
331.0 -3480.2 8.3 82 0 10.5 63.8 7.5 2.5 2 1 3 4 4
467.6 -3517.1 9.5 82 0 9.9 44.4 7.5 0.0 0 1 3 3 3
330.6 -3380.2 3.5 172 0 46.7 11.4 10.0 2.5 2 0 4 1 1
-616.6 -4283.2 4.6 259 0 12.4 51.3 12.5 2.5 4 1 5 4 4
-581.8 -4275.9 4.5 259 0 11.5 52.3 15.0 2.5 2 1 6 5 5
1519.9 -3857.6 3.8 335 0 20.1 6.9 7.5 2.5 2 0 3 3 3
279.9 -3329.4 0.9 173 0 46.1 10.9 10.0 2.5 2 0 4 0 0
56.5 -4216.9 -1.1 262 0 41.3 7.0 10.5 3.5 2 0 3 4 4
-545.6 -4268.9 4.5 259 0 12.4 51.8 10.0 0.0 0 1 4 3 3
384.8 -3528.5 8.8 83 0 9.5 43.8 7.5 2.5 2 1 3 1 1
-623.8 -4537.6 4.0 258 0 10.4 66.9 14.0 0.0 0 1 4 5 5
426.1 -3522.9 9.1 83 0 10.3 44.8 12.5 2.5 2 1 5 3 3
394.9 -3798.8 4.0 82 0 26.8 13.5 10.0 2.5 2 0 4 5 5
228.1 -3682.0 0.3 172 0 60.7 11.7 15.0 2.5 4 0 6 1 1
922.3 -3251.6 -0.5 174 0 50.6 14.1 10.0 2.5 2 0 4 3 3
-209.4 -4520.7 1.0 172 0 149.3 106.5 10.5 0.0 0 0 3 2 2
-442.4 -4248.0 4.7 259 0 12.6 51.4 15.0 2.5 2 1 6 4 4
92.6 -3978.9 4.3 83 0 16.1 66.1 10.0 2.5 2 1 4 1 1
959.5 -3208.7 -0.0 352 0 5.6 41.4 2.5 2.5 2 1 1 3 3
-346.3 -4845.4 3.0 268 0 18.5 107.6 7.5 0.0 0 1 3 1 1
-633.5 -4448.4 5.0 78 0 7.0 22.0 5.0 2.5 2 1 2 0 0
391.5 -3756.0 2.0 262 0 10.0 25.8 7.5 0.0 0 1 3 5 5
1501.9 -3879.8 4.0 63 0 8.2 5.4 5.0 0.0 0 0 2 1 1
459.9 -3462.1 5.6 82 0 10.6 65.2 12.5 2.5 2 1 5 4 4
405.4 -3753.1 1.8 261 0 9.8 26.9 7.5 2.5 2 1 3 0 0
1488.1 -3862.7 3.9 152 0 10.8 5.8 7.5 0.0 0 0 3 5 5
-659.6 -4376.5 4.9 170 0 59.8 12.5 5.0 0.0 0 0 2 4 4
-10.9 -4231.4 -0.8 262 0 12.3 6.3 10.5 3.5 2 0 3 3 3
-509.6 -4261.8 4.5 259 0 13.0 52.2 12.5 2.5 2 1 5 5 5
416.7 -3468.3 6.4 82 0 10.9 65.4 10.0 2.5 2 1 4 2 2
344.2 -3859.9 4.7 83 0 30.5 62.0 12.5 0.0 0 1 5 4 4
-474.2 -4254.8 4.6 259 0 12.3 51.3 12.5 2.5 2 1 5 1 1
422.4 -3853.5 3.9 83 0 9.6 70.4 7.5 2.5 2 1 3 2 2
6271.7 -3274.2 -2.1 164 0 36.8 13.8 7.5 0.0 0 0 3 1 1
6280.3 -3321.4 -2.1 163 0 44.2 13.5 7.5 2.5 2 0 3 0 0
6216.7 -1465.6 -3.1 159 0 47.3 58.0 7.5 0.0 0 1 3 0 0
6293.9 -1459.2 -3.0 69 0 13.7 33.2 7.5 0.0 0 1 3 0 0
6472.6 -1517.5 -2.6 338 0 7.2 6.6 7.5 0.0 0 0 3 3 3
6371.6 -1714.8 -2.6 339 0 18.2 54.2 7.5 2.5 2 1 3 0 0
6445.1 -1676.7 -2.5 159 0 65.9 15.8 7.5 2.5 2 0 3 5 5
6374.8 -1799.1 -2.5 69 0 54.0 15.8 7.5 2.5 2 0 3 4 4
6334.3 -1767.2 -2.5 159 0 47.5 17.5 12.5 2.5 2 0 5 1 1
6327.7 -1630.8 -2.7 248 0 14.3 41.3 7.5 2.5 2 1 3 0 0
6472.1 -1489.2 -2.6 338 0 30.6 7.2 7.5 2.5 2 0 3 4 4
6424.7 -1621.9 -2.6 160 0 37.1 6.3 5.0 2.5 2 0 2 5 5
6461.5 -1563.3 -2.6 69 0 22.8 25.8 7.5 2.5 2 1 3 4 4
6380.7 -1585.7 -3.0 69 0 143.1 100.1 12.5 0.0 0 0 5 0 0
5490.3 8891.4 -8.2 350 0 43.6 13.2 42.0 0.0 0 0 12 4 4
-2164.2 -8388.2 -10.4 166 0 39.0 64.0 10.0 0.0 0 1 4 3 3
-1850.2 -8265.5 -2.0 96 0 21.4 48.3 5.0 2.5 2 1 2 0 0
-1829.9 -8179.1 -1.9 6 0 48.0 18.7 7.5 2.5 2 0 3 5 5
-1867.9 -7967.5 -0.8 261 0 161.7 91.4 7.5 0.0 0 0 3 5 5
287.0 -10532.1 -6.5 90 0 59.7 31.0 10.0 0.0 0 0 4 1 1
450.4 -10181.8 -6.9 64 0 16.2 15.5 10.0 2.5 2 0 4 3 3
127.5 -10406.3 -6.7 89 0 63.1 81.5 7.5 0.0 0 1 3 5 5
-593.1 -10580.1 -5.9 16 0 105.1 58.6 12.5 0.0 0 0 5 5 5
-2547.5 -10190.9 -7.6 179 0 7.7 17.7 7.5 2.5 2 1 3 2 2
-2548.3 -10141.0 -7.2 179 0 7.7 17.7 7.5 2.5 2 1 3 1 1
-2548.5 -10129.8 -7.1 179 0 7.7 17.7 7.5 0.0 0 1 3 1 1
-2548.8 -10109.0 -7.0 179 0 7.7 17.7 7.5 2.5 2 1 3 5 5
-2549.8 -10062.3 -6.6 179 0 7.7 17.7 5.0 2.5 2 1 2 1 1
-2550.4 -10052.2 -6.5 179 0 7.7 17.7 7.5 2.5 2 1 3 2 2
-2551.2 -10002.3 -6.1 179 0 7.7 17.7 5.0 2.5 2 1 2 1 1
-2551.7 -9991.9 -6.0 179 0 7.7 17.7 5.0 2.5 2 1 2 4 4
-2552.2 -9960.4 -5.7 179 0 7.7 17.7 2.5 2.5 2 1 1 1 1
-2552.2 -9949.5 -5.6 179 0 7.7 17.7 7.5 0.0 0 1 3 5 5
-2553.6 -9899.0 -5.2 179 0 7.7 17.7 5.0 2.5 2 1 2 3 3
-2553.8 -9877.9 -5.1 179 0 7.7 17.7 7.5 2.5 2 1 3 2 2
-2554.1 -9856.9 -5.2 179 0 7.7 17.7 2.5 0.0 0 1 1 5 5
-2554.6 -9835.8 -5.4 179 0 7.7 17.7 5.0 2.5 2 1 2 0 0
-2554.9 -9825.4 -5.4 179 0 7.7 17.7 5.0 2.5 2 1 2 2 2
-2524.6 -9760.5 -5.2 179 0 7.7 17.7 7.5 2.5 2 1 3 0 0
-2521.2 -9813.4 -4.9 179 0 7.7 17.7 5.0 2.5 2 1 2 1 1
-2519.8 -9835.0 -4.7 179 0 7.7 17.7 5.0 2.5 2 1 2 5 5
-2518.8 -9845.4 -4.6 179 0 7.7 17.7 5.0 2.5 4 1 2 0 0
-2520.4 -9876.9 -4.5 179 0 7.7 17.7 5.0 2.5 2 1 2 5 5
-2522.0 -9898.2 -4.5 179 0 7.7 17.7 5.0 2.5 2 1 2 4 4
-2519.3 -10001.8 -5.4 179 0 7.7 17.7 7.5 2.5 2 1 3 0 0
-2517.4 -10052.2 -5.8 179 0 7.7 17.7 5.0 2.5 2 1 2 0 0
-2517.4 -10116.8 -6.4 179 0 7.7 17.7 7.5 2.5 2 1 3 3 3
-2516.9 -10137.6 -6.5 179 0 7.7 17.7 5.0 2.5 4 1 2 4 4
-2515.6 -10205.9 -7.1 179 0 7.7 17.7 7.5 2.5 2 1 3 0 0
-2515.6 -10217.1 -7.2 179 0 7.7 17.7 7.5 2.5 2 1 3 0 0
-2515.3 -10247.8 -7.5 179 0 7.7 17.7 2.5 2.5 2 1 1 1 1
6311.6 9272.6 -12.7 170 0 35.9 20.1 14.0 0.0 0 0 4 2 2
-2020.3 5291.1 -3.6 347 0 84.5 15.3 10.0 2.5 2 0 4 2 2
-2004.4 5194.0 -2.5 77 0 9.0 42.6 7.5 2.5 2 1 3 1 1
-2101.0 5273.5 -3.6 164 0 74.4 16.0 10.0 2.5 2 0 4 0 0
-2112.2 5346.3 -4.0 168 0 40.5 16.1 12.5 2.5 2 0 5 0 0
-2121.8 5424.1 -4.2 258 0 15.3 45.6 12.5 2.5 2 1 5 3 3
-2064.1 5442.9 -4.3 257 0 15.4 47.7 7.5 2.5 2 1 3 2 2
-2038.3 5367.7 -4.2 346 0 41.0 16.4 7.5 2.5 2 0 3 1 1
-1939.8 4934.9 -3.4 351 0 58.8 15.6 7.5 2.5 2 0 3 3 3
-2023.7 5054.1 -2.9 259 0 20.5 84.7 12.5 0.0 0 1 5 0 0
-2003.8 4893.2 -3.3 80 0 15.6 63.4 10.0 2.5 2 1 4 3 3
-2050.6 4955.4 -3.4 169 0 134.8 18.7 10.0 0.0 0 0 4 0 0
-2207.6 4832.4 -7.6 351 0 33.0 17.3 15.0 0.0 0 0 6 3 3
-2262.6 4859.7 -6.8 261 0 17.3 33.0 12.5 2.5 2 1 5 0 0
-2296.4 4803.5 -7.3 81 0 17.3 33.0 12.5 2.5 4 1 5 3 3
-2348.0 4845.9 -6.6 261 0 17.3 33.0 10.0 2.5 2 1 4 5 5
-2422.9 4798.9 -6.4 81 0 17.3 33.0 12.5 2.5 2 1 5 0 0
-2379.5 4789.4 -7.2 81 0 17.3 33.0 10.0 2.5 4 1 4 1 1
