-1482.0 -2914.5 -0.3 17 0 14.2 38.2 5.0 2.5 2 1 2 1 1
-1693.1 -2360.0 -4.0 3 0 99.8 149.6 10.0 0.0 0 1 4 4 4
-1664.6 -2409.2 -3.9 183 0 121.0 49.7 5.0 0.0 0 0 2 4 4
-1627.2 -2260.9 -4.1 273 0 60.6 25.7 10.0 2.5 2 0 4 2 2
-1013.3 -4002.3 -0.7 165 0 72.6 24.6 10.0 0.0 0 0 4 0 0
-1716.1 -2738.9 -2.7 182 0 9.3 18.6 5.0 2.5 2 1 2 3 3
-1712.5 -2273.7 -4.1 272 0 47.2 20.1 7.5 2.5 2 0 3 0 0
-1797.3 -2720.4 -3.0 93 0 82.0 59.8 10.0 0.0 0 0 4 4 4
479.3 -4184.5 -0.2 332 0 8.7 33.1 7.5 2.5 2 1 3 3 3
-1914.6 -2299.7 -3.7 273 0 120.3 262.2 7.5 0.0 0 1 3 0 0
-745.5 -2831.3 -2.3 44 0 18.6 65.1 10.0 2.5 4 1 4 5 5
440.5 -4137.7 -0.1 240 0 7.4 51.9 7.5 2.5 2 1 3 1 1
504.9 -4227.8 -0.4 65 0 8.2 84.4 7.5 2.5 2 1 3 3 3
-507.0 -3044.0 -1.0 58 0 12.8 53.2 7.5 2.5 2 1 3 5 5
399.4 -4220.4 -1.1 150 0 20.0 12.6 7.5 2.5 2 0 3 1 1
-440.6 -3089.3 -1.0 58 0 12.7 55.2 7.5 2.5 2 1 3 0 0
-858.7 -3987.2 -0.8 71 0 25.2 52.4 12.5 2.5 2 1 5 3 3
-374.8 -2961.1 -1.1 344 0 53.2 13.8 10.0 2.5 2 0 4 2 2
-548.1 -3403.7 -0.3 254 0 7.2 13.1 7.5 0.0 0 1 3 2 2
-1026.5 -3847.5 0.6 246 0 8.0 37.5 7.5 2.5 2 1 3 4 4
-403.9 -2997.5 -1.2 73 0 14.3 54.3 7.5 2.5 2 1 3 5 5
-262.8 -3066.9 -1.2 169 0 80.9 30.4 10.0 0.0 0 0 4 3 3
-417.1 -3068.4 -0.8 58 0 12.7 50.7 15.0 2.5 2 1 6 5 5
-557.7 -3017.8 -1.1 59 0 12.5 15.9 7.5 2.5 2 1 3 0 0
417.5 -4218.0 -0.7 150 0 7.1 20.0 7.5 2.5 2 1 3 2 2
380.1 -4187.1 -0.8 151 0 46.3 12.9 7.5 2.5 2 0 3 5 5
-348.5 -2990.8 -1.3 343 0 42.7 7.9 5.0 2.5 2 0 2 4 4
-481.4 -3028.4 -0.9 59 0 11.8 53.0 10.0 2.5 2 1 4 3 3
-322.6 -3053.1 -1.3 73 0 12.6 44.2 12.5 2.5 2 1 5 2 2
-515.1 -3087.6 -1.4 58 0 12.7 35.2 10.0 2.5 4 1 4 5 5
-467.5 -3105.3 -1.3 57 0 12.7 55.4 7.5 2.5 2 1 3 5 5
-288.1 -3037.3 -1.5 169 0 12.2 14.8 10.0 2.5 4 1 4 3 3
-537.3 -3050.3 -1.3 58 0 12.2 35.2 7.5 2.5 2 1 3 4 4
-383.0 -3072.8 -0.7 73 0 11.8 45.5 7.5 2.5 2 1 3 0 0
-454.9 -3011.5 -0.7 59 0 13.8 53.4 7.5 2.5 4 1 3 4 4
404.6 -4143.6 0.2 241 0 8.5 47.7 7.5 0.0 0 1 3 0 0
-500.4 -3425.9 -0.1 73 0 5.8 15.9 5.0 2.5 2 1 2 1 1
-353.0 -3063.0 -1.3 74 0 12.5 46.9 7.5 2.5 2 1 3 5 5
-492.7 -3122.1 -1.4 58 0 12.9 34.5 10.0 2.5 2 1 4 5 5
-4434.2 4287.0 -6.6 345 0 79.6 49.5 10.0 0.0 0 0 4 2 2
-3988.1 4533.1 -7.8 257 0 37.2 51.6 5.0 0.0 0 1 2 1 1
-4419.3 4215.6 -6.5 345 0 17.0 12.6 10.0 2.5 2 0 4 5 5
-4265.8 4088.2 -5.6 256 0 48.0 94.1 7.5 0.0 0 1 3 0 0
-4275.7 4104.6 -6.0 76 0 41.2 80.5 7.5 0.0 0 1 3 3 3
-4524.6 4241.8 -6.9 165 0 120.1 39.6 10.0 0.0 0 0 4 0 0
-4562.0 4192.0 -7.2 75 0 46.4 72.5 10.0 0.0 0 1 4 5 5
-4363.2 4130.0 -6.4 166 0 77.2 39.3 10.0 0.0 0 0 4 5 5
-4318.1 4234.6 -6.0 76 0 36.9 60.0 10.0 0.0 0 1 4 0 0
-4481.0 4453.5 -5.8 346 0 27.5 7.5 5.0 2.5 2 0 2 3 3
-4338.4 4617.8 -7.2 256 0 73.8 82.6 7.5 0.0 0 1 3 1 1
-4393.3 4245.1 -6.3 165 0 61.0 36.5 10.0 0.0 0 0 4 5 5
-4416.8 4333.1 -5.7 166 0 75.6 37.0 10.0 0.0 0 0 4 2 2
-3888.5 4157.6 -7.3 72 0 76.3 57.0 10.0 0.0 0 0 4 0 0
-4279.0 4645.2 -7.1 257 0 8.4 24.5 5.0 2.5 2 1 2 0 0
-4062.8 4466.6 -6.6 75 0 13.0 36.7 5.0 2.5 2 1 2 2 2
-4085.6 4460.5 -6.5 76 0 13.8 36.2 10.0 2.5 4 1 4 0 0
-4036.5 4577.5 -7.2 256 0 16.0 50.4 10.0 2.5 2 1 4 2 2
-4044.2 4472.6 -6.7 76 0 13.2 34.7 7.5 2.5 2 1 3 2 2
-4011.4 4474.2 -6.8 76 0 15.9 40.5 7.5 2.5 2 1 3 2 2
-4456.5 4500.9 -6.3 125 0 18.7 42.3 7.5 2.5 2 1 3 3 3
-3952.1 4305.0 -7.9 75 0 36.7 156.3 12.5 0.0 0 1 5 1 1
-4460.5 4110.6 -6.8 76 0 12.5 32.9 7.5 2.5 2 1 3 1 1
-4329.6 4356.7 -5.4 345 0 75.0 37.2 7.5 0.0 0 0 3 4 4
-4294.6 4441.6 -6.4 76 0 75.0 78.2 5.0 0.0 0 1 2 3 3
-4454.6 4197.1 -6.7 76 0 15.1 18.6 10.0 2.5 2 1 4 4 4
-4125.2 4520.8 -7.0 165 0 42.4 72.2 10.0 0.0 0 1 4 5 5
-4451.3 8361.6 -9.4 91 0 20.0 19.4 10.0 2.5 2 0 4 1 1
-4575.3 6404.0 -7.2 2 0 61.9 18.5 10.0 2.5 2 0 4 1 1
-5169.2 6858.5 -8.3 341 0 21.2 13.7 15.0 0.0 0 0 6 1 1
-5215.2 6864.1 -8.3 338 0 17.6 15.7 10.0 2.5 2 0 4 0 0
-4582.4 6166.7 -6.0 1 0 62.2 18.3 10.0 2.5 2 0 4 4 4
-5196.4 6934.7 -8.5 342 0 21.9 13.1 10.0 2.5 2 0 4 3 3
-5231.1 6907.8 -8.4 341 0 17.2 15.6 15.0 0.0 0 0 6 4 4
-5220.6 6994.5 -8.6 255 0 13.5 22.3 10.0 2.5 2 1 4 5 5
-5206.5 6843.1 -8.3 338 0 17.7 16.3 7.5 2.5 2 0 3 1 1
-5258.2 6981.1 -8.6 257 0 16.1 17.0 10.0 2.5 2 1 4 3 3
-3768.6 9617.5 -8.9 65 0 14.4 17.0 7.5 2.5 2 1 3 4 4
-5187.6 6908.6 -8.4 343 0 21.2 13.0 12.5 2.5 2 0 5 1 1
-5203.5 6959.5 -8.5 345 0 21.7 13.5 10.0 2.5 2 0 4 1 1
-5222.9 6885.3 -8.4 340 0 17.9 16.3 7.5 2.5 2 0 3 3 3
-5254.9 6958.1 -8.6 256 0 15.8 17.7 10.0 2.5 2 1 4 5 5
-5238.5 6929.3 -8.5 342 0 18.0 15.7 7.5 0.0 0 0 3 2 2
-5178.6 6883.4 -8.3 341 0 21.9 13.5 7.5 0.0 0 0 3 3 3
1433.3 8967.0 -6.4 4 0 79.9 26.3 5.0 0.0 0 0 2 2 2
-4438.6 4339.6 -5.9 346 0 6.6 59.1 7.5 2.5 2 1 3 5 5
-4546.3 4312.0 -6.3 166 0 6.3 40.1 7.5 2.5 2 1 3 0 0
1232.4 8979.7 -6.5 183 0 99.6 170.3 10.0 0.0 0 1 4 3 3
-6578.5 -6869.3 -4.1 266 0 24.4 82.6 14.0 0.0 0 1 4 2 2
-6749.7 -6664.1 -7.9 356 0 98.0 40.0 14.0 0.0 0 0 4 5 5
-6758.9 -6817.2 -8.1 86 0 40.6 92.2 14.0 0.0 0 1 4 4 4
-6475.4 -6861.6 -3.5 266 0 53.9 81.5 14.0 0.0 0 1 4 1 1
4487.3 10409.0 -13.1 204 0 37.5 12.3 7.5 2.5 2 0 3 0 0
4611.0 10339.4 -13.0 359 0 24.8 16.1 7.5 2.5 2 0 3 3 3
4747.9 10355.7 -13.1 39 0 16.2 29.1 10.0 2.5 2 1 4 2 2
4786.5 10448.8 -13.4 22 0 24.5 16.6 5.0 2.5 2 0 2 4 4
4472.0 10341.3 -12.7 114 0 11.2 32.9 10.0 2.5 2 1 4 2 2
4664.0 10308.2 -13.0 89 0 10.4 33.7 12.5 2.5 2 1 5 5 5
4811.1 10509.0 -13.6 23 0 25.6 15.6 10.0 2.5 2 0 4 3 3
4529.5 10331.8 -12.9 113 0 10.6 32.9 10.0 2.5 2 1 4 5 5
4460.6 10411.2 -13.0 22 0 25.2 15.5 12.5 2.5 2 0 5 2 2
4555.7 10474.5 -13.5 90 0 10.8 33.1 10.0 2.5 2 1 4 3 3
4724.7 10440.7 -13.4 360 0 24.0 15.0 7.5 2.5 2 0 3 2 2
4727.4 10306.5 -13.0 35 0 16.8 27.9 7.5 2.5 2 1 3 1 1
4917.8 10756.3 -14.9 293 0 19.2 19.7 10.0 2.5 2 1 4 3 3
4425.8 6353.6 -6.2 27 0 52.1 16.7 12.5 2.5 2 0 5 3 3
-5261.8 6858.4 -8.4 341 0 18.9 12.2 5.0 0.0 0 0 2 0 0
-5287.1 6965.1 -8.6 263 0 9.2 19.0 5.0 2.5 2 1 2 1 1
-5286.3 6940.8 -8.6 263 0 12.2 19.2 7.5 2.5 2 1 3 3 3
-5253.4 6834.6 -8.3 339 0 19.3 12.7 7.5 2.5 2 0 3 4 4
-5243.8 6811.2 -8.3 338 0 19.5 12.6 5.0 2.5 4 0 2 2 2
-5282.4 6914.8 -8.5 258 0 12.4 19.2 5.0 2.5 2 1 2 4 4
-5277.1 6890.7 -8.4 257 0 11.7 19.5 5.0 2.5 2 1 2 2 2
-6904.6 -6669.6 -7.5 170 0 44.4 66.2 3.5 0.0 0 1 1 5 5
-6900.6 -6614.1 -7.3 169 0 24.8 35.6 3.5 0.0 0 1 1 2 2
-6938.2 -6524.7 -6.9 166 0 41.9 18.1 3.5 3.5 2 0 1 0 0
-6920.0 -6611.1 -7.0 168 0 39.6 12.6 3.5 3.5 2 0 1 5 5
-6899.8 -6523.1 -7.2 173 0 53.6 28.4 3.5 0.0 0 0 1 3 3
-6755.4 -6517.6 -7.8 355 0 45.4 19.7 3.5 3.5 2 0 1 2 2
-6762.1 -6466.2 -7.7 357 0 32.2 77.3 3.5 0.0 0 1 1 0 0
-6785.1 -6520.4 -7.6 355 0 43.9 60.0 3.5 0.0 0 1 1 4 4
-6663.6 -6775.3 -6.9 355 0 58.4 25.1 3.5 3.5 2 0 1 5 5
-6603.7 -6587.9 -6.5 267 0 36.6 40.2 3.5 0.0 0 1 1 5 5
-6649.6 -6724.2 -6.9 176 0 156.5 105.8 3.5 0.0 0 0 1 0 0
-6391.8 -6376.3 -7.8 266 0 19.3 54.2 3.5 3.5 2 1 1 4 4
-6113.3 -6446.1 -7.3 356 0 34.7 18.6 3.5 0.0 0 0 1 5 5
-6140.3 -6468.3 -7.4 357 0 66.7 75.9 3.5 0.0 0 1 1 3 3
-6151.4 -6305.2 -7.4 355 0 58.4 19.4 3.5 3.5 2 0 1 2 2
-6149.8 -6398.5 -7.8 356 0 36.4 105.5 3.5 0.0 0 1 1 1 1
-6287.1 -6262.7 -7.6 265 0 49.4 110.7 3.5 0.0 0 1 1 4 4
-6219.6 -6261.8 -7.6 267 0 51.2 104.1 3.5 0.0 0 1 1 2 2
-6476.5 -6366.8 -7.8 357 0 61.1 52.3 3.5 0.0 0 0 1 1 1
-5822.5 -6962.3 -2.3 357 0 40.4 76.9 3.5 0.0 0 1 1 5 5
-5987.2 -6975.5 -2.1 174 0 37.1 71.1 3.5 0.0 0 1 1 1 1
-6018.2 -6854.4 -1.7 176 0 18.7 229.8 3.5 0.0 0 1 1 4 4
-5793.4 -6733.8 -2.0 87 0 61.4 113.7 3.5 0.0 0 1 1 2 2
-5907.4 -6743.7 -2.2 87 0 62.4 121.0 3.5 0.0 0 1 1 5 5
-5860.9 -6541.1 -3.9 267 0 175.9 75.0 3.5 0.0 0 0 1 5 5
-6024.3 -6551.3 -4.1 267 0 23.5 78.6 3.5 0.0 0 1 1 5 5
-6099.8 -6912.7 -1.4 87 0 14.8 68.9 3.5 3.5 2 1 1 5 5
-6103.0 -6741.2 -1.6 357 0 47.4 114.2 3.5 0.0 0 1 1 1 1
-6458.7 -6748.1 -3.1 356 0 81.5 20.6 3.5 0.0 0 0 1 5 5
-6294.4 -6777.8 -1.6 87 0 119.7 46.9 3.5 0.0 0 0 1 0 0
-6238.0 -6854.5 -2.6 267 0 228.6 86.1 3.5 0.0 0 0 1 5 5
-6298.7 -7470.2 -6.0 353 0 35.8 14.6 3.5 3.5 2 0 1 5 5
-6218.6 -7526.4 -6.9 261 0 29.5 101.0 3.5 0.0 0 1 1 0 0
-6329.6 -7627.2 -7.3 169 0 50.5 13.4 3.5 3.5 2 0 1 2 2
-6340.5 -7568.9 -7.2 169 0 42.3 14.4 3.5 3.5 2 0 1 3 3
-6322.8 -7564.1 -6.7 173 0 29.4 88.9 3.5 0.0 0 1 1 0 0
-6337.6 -7778.2 -6.9 262 0 12.7 55.2 3.5 3.5 2 1 1 4 4
-6402.2 -7778.1 -7.0 262 0 14.1 56.2 3.5 3.5 2 1 1 2 2
-6657.7 -7737.8 -7.3 87 0 6.6 26.4 3.5 3.5 2 1 1 5 5
-6664.7 -7695.4 -7.3 175 0 22.7 10.4 3.5 3.5 2 0 1 1 1
-6606.3 -7734.6 -7.3 81 0 16.4 54.2 3.5 3.5 2 1 1 0 0
-6671.2 -7636.3 -7.4 177 0 74.5 21.7 3.5 0.0 0 0 1 2 2
-6567.3 -7652.3 -7.3 68 0 21.6 50.1 3.5 3.5 2 1 1 2 2
-6471.0 -7589.7 -7.3 261 0 17.2 28.7 3.5 3.5 2 1 1 5 5
-6522.5 -7576.4 -7.3 261 0 18.6 47.0 3.5 3.5 2 1 1 3 3
-6413.5 -7591.4 -7.3 260 0 27.7 52.1 3.5 0.0 0 1 1 1 1
-2473.6 -8729.8 -5.8 43 0 78.5 250.4 3.5 0.0 0 1 1 1 1
-2533.5 -8790.9 -6.4 42 0 69.0 248.7 3.5 0.0 0 1 1 1 1
-2756.6 -8420.4 -6.1 314 0 286.8 71.3 3.5 0.0 0 0 1 4 4
-2940.9 -8411.2 -6.4 224 0 74.2 282.9 3.5 0.0 0 1 1 2 2
-2758.9 -8842.0 -7.2 132 0 240.9 99.9 3.5 0.0 0 0 1 4 4
-2952.4 -8659.6 -7.0 133 0 235.4 97.1 3.5 0.0 0 0 1 4 4
-2796.9 -9928.1 -6.9 147 0 74.3 49.0 3.5 0.0 0 0 1 2 2
-2748.9 -10000.8 -7.3 147 0 75.0 48.1 3.5 0.0 0 0 1 1 1
-2699.9 -10077.7 -7.5 146 0 74.8 48.3 3.5 0.0 0 0 1 2 2
-2583.9 -10047.2 -7.4 56 0 91.3 77.8 3.5 0.0 0 0 1 3 3
-2624.0 -9919.1 -7.4 327 0 72.4 32.5 3.5 0.0 0 0 1 2 2
-2724.4 -9836.2 -6.7 237 0 100.5 73.7 3.5 0.0 0 0 1 5 5
-2467.1 -9668.0 -6.3 323 0 83.3 39.6 3.5 0.0 0 0 1 2 2
-2545.8 -9873.4 -7.3 146 0 91.6 32.0 3.5 0.0 0 0 1 0 0
-2609.6 -9774.7 -6.6 143 0 72.6 105.8 3.5 0.0 0 1 1 3 3
-2396.1 -9791.7 -7.4 325 0 99.7 26.2 3.5 0.0 0 0 1 0 0
-2326.8 -9874.9 -7.3 326 0 57.4 34.0 3.5 0.0 0 0 1 1 1
-2479.4 -9959.3 -7.4 144 0 84.7 112.5 3.5 0.0 0 1 1 1 1
-2497.3 -9828.8 -7.3 145 0 121.9 45.0 3.5 0.0 0 0 1 5 5
-4614.5 -9045.6 -6.2 304 0 59.8 36.8 3.5 0.0 0 0 1 5 5
-4681.4 -9140.7 -6.1 126 0 55.7 36.8 3.5 0.0 0 0 1 5 5
-4653.8 -9005.3 -5.9 306 0 26.6 140.8 3.5 0.0 0 1 1 3 3
-4528.7 -9271.8 -6.6 216 0 196.7 105.9 3.5 0.0 0 0 1 4 4
