1465.7 -5111.0 -1.9 274 0 13.1 62.8 14.0 3.5 2 1 4 5 5
1426.6 -5103.5 -1.9 274 0 13.8 67.3 14.0 3.5 2 1 4 0 0
1508.5 -5148.9 -2.5 4 0 57.9 14.5 14.0 3.5 2 0 4 0 0
1231.4 -5069.4 -3.1 274 0 14.3 87.4 14.0 3.5 2 1 4 2 2
1348.9 -5090.5 -2.5 275 0 13.4 75.7 14.0 0.0 0 1 4 5 5
1309.3 -5083.4 -2.9 275 0 14.3 77.5 14.0 3.5 2 1 4 0 0
-454.7 -5970.3 -2.1 103 0 14.3 73.1 17.5 3.5 2 1 5 5 5
1270.8 -5076.1 -3.1 274 0 12.2 83.6 14.0 3.5 2 1 4 1 1
-402.0 -5947.2 -2.0 14 0 77.1 14.4 17.5 3.5 2 0 5 5 5
1446.3 -4898.7 -0.6 286 0 56.5 8.7 7.5 2.5 2 0 3 1 1
1389.3 -5097.9 -2.0 275 0 12.4 71.0 14.0 3.5 2 1 4 4 4
-409.1 -6836.9 -2.5 270 0 12.6 92.8 17.5 0.0 0 1 5 1 1
-443.0 -6836.8 -2.7 270 0 12.6 92.8 17.5 3.5 2 1 5 4 4
1065.3 -5080.9 -3.7 185 0 77.4 14.5 14.0 3.5 2 0 4 1 1
1025.8 -5083.4 -3.4 185 0 97.8 14.5 14.0 0.0 0 0 4 2 2
-432.5 -5807.5 -2.0 276 0 13.8 76.5 17.5 3.5 2 1 5 4 4
1154.8 -5056.3 -3.1 276 0 13.9 70.3 14.0 3.5 2 1 4 3 3
-543.8 -6776.0 -2.6 90 0 13.5 76.5 17.5 3.5 2 1 5 3 3
-504.0 -6795.9 -2.5 92 0 160.7 11.3 17.5 0.0 0 0 5 1 1
-544.5 -6695.8 -2.5 90 0 16.1 35.0 17.5 3.5 2 1 5 3 3
-457.3 -6778.4 -2.7 91 0 13.4 68.5 17.5 3.5 2 1 5 5 5
-357.4 -6185.7 -2.8 280 0 9.2 26.8 10.5 0.0 0 1 3 1 1
-512.9 -6661.0 -2.6 96 0 13.0 63.0 17.5 3.5 2 1 5 1 1
-456.6 -6706.7 -2.5 91 0 13.3 34.2 17.5 3.5 2 1 5 5 5
1115.0 -5048.8 -3.4 276 0 15.3 74.1 14.0 3.5 2 1 4 5 5
-415.8 -6778.0 -2.6 91 0 13.7 64.4 17.5 3.5 2 1 5 3 3
3433.1 -4260.5 -9.4 270 0 15.1 18.8 7.5 2.5 2 1 3 3 3
4154.0 -5619.6 -5.2 18 0 105.0 62.3 7.5 0.0 0 0 3 0 0
3549.3 -4588.3 -7.8 270 0 49.1 165.1 7.5 0.0 0 1 3 5 5
4051.2 -5649.8 -5.0 99 0 15.0 48.6 7.5 2.5 2 1 3 4 4
3260.0 -5669.8 -3.6 92 0 39.9 201.0 10.5 0.0 0 1 3 1 1
4225.1 -5091.1 -7.0 2 0 208.6 72.3 5.0 0.0 0 0 2 3 3
4220.2 -5259.5 -7.6 1 0 95.6 233.2 12.5 0.0 0 1 5 4 4
3991.5 -5085.2 -6.3 182 0 208.4 60.9 10.0 0.0 0 0 4 3 3
4102.5 -4983.4 -6.4 271 0 72.4 208.9 10.0 0.0 0 1 4 3 3
3343.9 -4309.2 -9.2 179 0 35.1 79.6 10.0 0.0 0 1 4 0 0
4365.3 -3874.6 -9.9 2 0 50.3 113.4 7.5 0.0 0 1 3 5 5
3036.6 -4503.9 -8.1 89 0 86.4 13.7 14.0 3.5 4 0 4 1 1
4251.0 -4135.5 -10.4 270 0 89.3 150.6 10.0 0.0 0 1 4 1 1
4073.4 -4631.6 -7.9 271 0 95.4 318.8 12.5 0.0 0 1 5 2 2
2971.6 -4461.0 -8.3 179 0 57.5 13.1 14.0 3.5 2 0 4 5 5
3345.0 -4272.1 -9.3 179 0 21.1 29.2 12.5 0.0 0 1 5 0 0
4036.5 -4013.6 -10.5 94 0 66.8 70.1 5.0 0.0 0 1 2 4 4
-390.6 -6572.7 -2.4 6 0 58.1 11.6 17.5 3.5 2 0 5 0 0
-499.5 -6776.2 -2.5 91 0 14.7 70.2 17.5 3.5 2 1 5 4 4
2144.5 -6278.9 -4.2 265 0 13.1 82.7 12.5 2.5 2 1 5 1 1
748.1 -5424.4 -2.8 276 0 15.4 64.1 14.0 3.5 2 1 4 2 2
1146.2 -5735.3 -4.9 186 0 56.1 17.5 14.0 3.5 4 0 4 2 2
-215.1 -6734.5 -3.3 89 0 14.3 49.4 17.5 3.5 2 1 5 1 1
-2240.8 -8069.2 -5.0 95 0 50.6 78.8 17.5 0.0 0 1 5 3 3
3237.8 -4818.4 -7.1 89 0 62.8 90.0 10.0 0.0 0 1 4 0 0
-350.7 -6638.1 -2.8 6 0 47.6 13.8 17.5 3.5 2 0 5 2 2
2071.8 -6285.0 -4.2 265 0 13.4 85.5 7.5 2.5 2 1 3 5 5
-424.2 -6566.6 -2.5 7 0 62.0 11.1 17.5 0.0 0 0 5 3 3
2540.5 -6216.4 -3.8 263 0 69.8 16.0 10.5 0.0 0 0 3 4 4
-2159.7 -10104.0 -9.7 95 0 27.7 34.9 14.0 0.0 0 1 4 5 5
3321.9 -2970.9 -8.6 179 0 44.2 14.3 7.5 2.5 2 0 3 2 2
-435.9 -6661.7 -2.4 5 0 15.5 11.9 17.5 3.5 4 0 5 4 4
3107.5 -4748.9 -7.2 180 0 142.6 42.2 10.0 0.0 0 0 4 3 3
-1942.8 -8278.2 -5.7 5 0 90.4 66.2 7.5 0.0 0 0 3 4 4
-396.0 -6633.8 -2.4 7 0 47.1 11.8 17.5 3.5 2 0 5 3 3
-154.6 -7972.5 -5.0 99 0 11.7 67.6 14.0 3.5 2 1 4 4 4
-2115.2 -8151.5 -5.1 275 0 13.5 80.9 14.0 3.5 2 1 4 0 0
3862.1 -3169.7 -8.5 89 0 53.8 168.1 7.5 0.0 0 1 3 2 2
-496.8 -6523.0 -2.5 276 0 11.2 66.6 17.5 3.5 2 1 5 2 2
-191.6 -7921.5 -4.8 189 0 41.1 10.8 14.0 3.5 2 0 4 3 3
3910.3 -3086.0 -8.3 360 0 55.5 15.1 10.0 2.5 2 0 4 4 4
-213.2 -8084.7 -4.9 101 0 10.6 74.5 14.0 3.5 2 1 4 1 1
-243.9 -6769.3 -3.3 90 0 14.7 57.5 17.5 0.0 0 1 5 5 5
2989.1 -3411.2 -10.1 180 0 66.4 41.5 7.5 0.0 0 0 3 5 5
-498.1 -6701.9 -2.5 91 0 15.1 33.7 17.5 3.5 4 1 5 2 2
3743.1 -3490.3 -9.6 359 0 66.7 60.0 7.5 0.0 0 0 3 4 4
-173.2 -8094.0 -4.9 99 0 11.3 54.2 14.0 3.5 2 1 4 4 4
3823.0 -3762.7 -10.3 269 0 48.4 110.0 7.5 0.0 0 1 3 0 0
3550.4 -3179.1 -8.9 89 0 89.6 36.2 10.0 0.0 0 0 4 5 5
753.0 -5346.9 -2.7 276 0 15.8 65.0 14.0 3.5 2 1 4 1 1
-345.0 -6590.5 -2.4 6 0 35.9 17.1 17.5 3.5 2 0 5 2 2
4099.5 -3207.8 -8.6 269 0 165.7 91.8 7.5 0.0 0 0 3 0 0
2107.7 -6282.1 -4.2 265 0 13.0 85.2 10.0 2.5 2 1 4 1 1
-259.1 -6697.5 -3.3 182 0 24.3 14.7 17.5 3.5 2 0 5 2 2
1196.5 -5739.8 -5.3 185 0 56.9 17.7 14.0 3.5 2 0 4 0 0
-2203.2 -7942.8 -4.9 5 0 78.4 50.9 17.5 0.0 0 0 5 1 1
-2158.0 -9293.0 -5.2 276 0 24.9 104.2 10.5 0.0 0 1 3 2 2
-461.9 -6529.9 -2.5 277 0 11.2 64.0 17.5 3.5 2 1 5 5 5
3178.0 -4812.9 -7.0 89 0 37.0 82.9 7.5 0.0 0 1 3 1 1
3418.7 -2951.6 -8.5 360 0 75.0 40.3 12.5 0.0 0 0 5 4 4
-197.9 -7996.7 -5.0 99 0 10.5 41.1 14.0 3.5 2 1 4 3 3
3582.2 -4992.6 -6.7 89 0 113.1 143.6 7.5 0.0 0 1 3 3 3
-296.7 -6697.0 -3.2 182 0 26.7 13.5 17.5 3.5 4 0 5 4 4
2033.3 -6288.2 -4.2 265 0 13.8 85.7 7.5 2.5 2 1 3 1 1
-431.5 -6628.2 -2.4 6 0 45.3 11.2 17.5 3.5 2 0 5 4 4
3999.1 -3271.8 -8.6 179 0 60.0 13.6 7.5 2.5 2 0 3 3 3
3659.4 -5826.8 -6.1 271 0 108.9 128.4 10.5 0.0 0 1 3 3 3
235.0 -7121.4 -4.3 90 0 11.6 87.3 14.0 3.5 2 1 4 1 1
-164.0 -8036.4 -5.1 99 0 11.1 60.4 14.0 3.5 2 1 4 3 3
-2317.0 -10018.9 -9.7 186 0 47.9 179.0 14.0 0.0 0 1 4 5 5
1736.9 -7549.7 -5.3 288 0 32.6 110.6 14.0 0.0 0 1 4 4 4
14.5 -5961.6 -2.9 4 0 79.9 16.5 17.5 3.5 2 0 5 5 5
-211.9 -5950.4 -2.0 185 0 60.7 12.2 17.5 0.0 0 0 5 5 5
714.0 -6908.1 -4.7 274 0 10.7 84.4 17.5 3.5 2 1 5 1 1
-84.4 -5918.7 -2.5 185 0 38.9 11.5 17.5 3.5 2 0 5 4 4
552.9 -6290.8 -5.3 277 0 17.4 78.7 14.0 0.0 0 1 4 1 1
-163.8 -5871.2 -2.0 185 0 64.4 12.1 17.5 0.0 0 0 5 3 3
-149.4 -5708.6 -1.6 184 0 41.3 11.5 17.5 3.5 2 0 5 2 2
65.6 -5880.0 -3.2 2 0 48.5 16.8 17.5 0.0 0 0 5 1 1
-26.5 -5919.0 -2.8 5 0 34.4 15.9 17.5 3.5 2 0 5 1 1
30.9 -6033.5 -2.7 1 0 58.1 13.1 17.5 3.5 2 0 5 2 2
-80.5 -5868.8 -2.4 185 0 45.3 11.8 17.5 3.5 2 0 5 3 3
21.6 -5872.8 -2.9 6 0 34.8 16.7 17.5 3.5 2 0 5 4 4
750.9 -6910.4 -4.3 274 0 11.4 84.8 17.5 3.5 2 1 5 0 0
-170.3 -5949.3 -2.2 184 0 73.3 13.0 17.5 0.0 0 0 5 2 2
-24.6 -6072.1 -2.6 93 0 12.8 71.8 17.5 3.5 2 1 5 0 0
-205.9 -5873.1 -1.9 184 0 77.1 13.7 17.5 3.5 2 0 5 3 3
-147.5 -5657.6 -1.4 184 0 40.1 12.9 17.5 3.5 2 0 5 1 1
-147.6 -5755.9 -1.8 185 0 42.6 24.4 17.5 0.0 0 0 5 1 1
-122.8 -5867.7 -2.2 185 0 54.0 13.6 17.5 3.5 2 0 5 3 3
-84.4 -5994.0 -2.4 94 0 11.6 46.7 17.5 3.5 2 1 5 4 4
-332.0 -5887.5 -1.8 6 0 34.1 12.7 17.5 0.0 0 0 5 4 4
-129.1 -5946.7 -2.3 184 0 85.0 14.0 17.5 3.5 2 0 5 5 5
1678.5 -7778.2 -5.4 100 0 16.5 112.1 14.0 0.0 0 1 4 3 3
-328.7 -5840.4 -1.8 7 0 43.9 13.1 17.5 3.5 2 0 5 3 3
-21.8 -5873.2 -2.7 6 0 43.2 16.8 17.5 3.5 2 0 5 5 5
-29.6 -5970.7 -2.5 5 0 54.8 17.3 17.5 3.5 2 0 5 3 3
-44.1 -6640.1 -3.4 0 0 58.5 13.5 17.5 3.5 2 0 5 3 3
-47.7 -6739.5 -3.6 90 0 13.1 60.4 17.5 3.5 2 1 5 5 5
460.2 -7684.4 -4.5 96 0 10.4 74.9 17.5 3.5 2 1 5 3 3
-8.2 -7178.5 -3.5 270 0 14.1 90.5 17.5 3.5 2 1 5 3 3
962.0 -7282.5 -3.8 281 0 14.1 71.5 14.0 0.0 0 1 4 1 1
-7.6 -6641.6 -3.4 1 0 55.8 13.6 17.5 3.5 2 0 5 0 0
393.3 -7678.3 -4.2 96 0 10.2 55.6 17.5 3.5 2 1 5 4 4
199.2 -5917.5 -2.8 180 0 55.1 13.2 14.0 3.5 2 0 4 0 0
-84.9 -6739.7 -3.5 90 0 13.1 60.7 17.5 3.5 4 1 5 1 1
492.6 -7687.3 -4.8 96 0 10.4 76.0 17.5 3.5 2 1 5 2 2
165.8 -5917.1 -3.1 180 0 53.9 12.7 14.0 3.5 2 0 4 0 0
922.5 -7275.5 -3.7 281 0 12.2 75.3 14.0 3.5 2 1 4 2 2
-9.7 -6739.4 -3.6 89 0 12.7 60.2 17.5 3.5 2 1 5 1 1
358.1 -7675.3 -4.3 96 0 10.1 54.7 17.5 3.5 2 1 5 4 4
1001.3 -7290.4 -3.9 280 0 17.0 68.9 14.0 3.5 2 1 4 2 2
427.3 -7681.4 -4.3 96 0 10.4 57.5 17.5 3.5 2 1 5 1 1
1332.1 -6356.0 -3.3 95 0 12.4 78.1 17.5 3.5 2 1 5 3 3
1139.8 -6271.6 -2.9 270 0 12.6 51.8 17.5 3.5 2 1 5 4 4
1375.6 -6345.1 -3.4 96 0 12.2 63.8 17.5 0.0 0 1 5 5 5
1299.0 -6275.8 -3.2 276 0 15.3 52.7 17.5 3.5 2 1 5 3 3
1181.2 -6275.0 -2.9 270 0 13.8 43.3 17.5 3.5 2 1 5 4 4
-2382.5 -8970.7 -3.8 5 0 158.5 64.3 10.5 0.0 0 0 3 4 4
1416.5 -6334.1 -3.4 95 0 12.8 49.9 17.5 3.5 2 1 5 0 0
-214.2 -7158.6 -3.2 89 0 15.2 36.3 14.0 3.5 2 1 4 4 4
-171.4 -7157.6 -3.4 90 0 15.2 36.3 14.0 3.5 2 1 4 0 0
-129.4 -7156.7 -3.4 89 0 15.2 36.3 14.0 3.5 2 1 4 2 2
-88.9 -7155.6 -3.5 90 0 15.2 36.3 14.0 3.5 2 1 4 4 4
-1417.1 -6818.6 -5.3 272 0 14.5 89.1 17.5 3.5 2 1 5 2 2
-5616.5 -5071.8 4.0 95 0 64.6 27.2 12.5 0.0 0 0 5 4 4
682.6 -7192.1 -3.3 270 0 16.1 77.1 3.5 3.5 2 1 1 0 0
679.6 -7352.2 -3.5 89 0 19.3 64.7 3.5 3.5 2 1 1 5 5
610.4 -7190.4 -3.3 270 0 16.2 59.1 3.5 3.5 4 1 1 3 3
547.4 -7192.0 -3.3 271 0 14.2 45.7 3.5 3.5 2 1 1 4 4
548.0 -7255.6 -3.4 268 0 13.0 35.6 3.5 3.5 2 1 1 1 1
582.8 -7347.3 -3.5 90 0 14.3 58.2 3.5 3.5 2 1 1 3 3
582.5 -7423.2 -3.5 89 0 16.7 58.7 3.5 3.5 2 1 1 0 0
349.6 -7021.2 -4.3 180 0 65.3 8.5 3.5 3.5 2 0 1 5 5
379.2 -7029.3 -4.3 182 0 51.5 11.0 3.5 3.5 2 0 1 5 5
411.9 -7029.8 -4.3 183 0 51.6 11.6 3.5 3.5 2 0 1 1 1
426.5 -7134.7 -4.4 90 0 15.9 68.6 3.5 3.5 2 1 1 2 2
388.9 -7134.3 -4.3 91 0 14.7 67.4 3.5 3.5 2 1 1 0 0
347.5 -7098.8 -4.3 180 0 70.2 15.1 3.5 3.5 2 0 1 3 3
234.0 -7157.2 -4.1 90 0 16.8 26.6 3.5 3.5 2 1 1 2 2
202.6 -7157.0 -4.1 89 0 16.1 26.3 3.5 3.5 2 1 1 2 2
170.6 -7157.4 -4.0 90 0 13.4 26.3 3.5 3.5 2 1 1 0 0
238.9 -7183.0 -3.5 269 0 12.9 49.9 3.5 0.0 0 1 1 3 3
152.6 -7188.0 -3.5 269 0 77.5 76.7 3.5 0.0 0 0 1 0 0
37.1 -7180.3 -3.6 269 0 11.8 41.8 3.5 3.5 2 1 1 1 1
47.6 -7250.5 -3.4 0 0 46.9 9.7 3.5 3.5 2 0 1 1 1
47.1 -7303.8 -3.5 359 0 46.4 13.2 3.5 0.0 0 0 1 5 5
48.7 -7354.8 -3.8 2 0 40.0 9.8 3.5 3.5 2 0 1 4 4
42.7 -7428.6 -4.1 91 0 8.5 49.4 3.5 3.5 4 1 1 5 5
-15.9 -7423.9 -4.0 91 0 12.0 41.1 3.5 3.5 2 1 1 2 2
-9.5 -7376.5 -3.9 89 0 11.1 44.3 3.5 3.5 2 1 1 5 5
-14.5 -7304.2 -3.8 358 0 31.0 14.3 3.5 3.5 2 0 1 4 4
-50.0 -7379.5 -4.0 88 0 13.0 47.1 3.5 3.5 2 1 1 5 5
-58.9 -7422.5 -4.1 88 0 15.2 34.2 3.5 3.5 2 1 1 3 3
-141.7 -7414.7 -4.1 91 0 14.2 44.3 3.5 3.5 2 1 1 1 1
-91.8 -7356.1 -4.1 90 0 13.8 44.3 3.5 3.5 2 1 1 4 4
-107.7 -7257.1 -4.0 271 0 17.0 36.5 3.5 3.5 2 1 1 1 1
-57.5 -7255.2 -3.8 268 0 13.4 30.5 3.5 3.5 2 1 1 1 1
-53.1 -7200.1 -3.5 269 0 14.7 37.9 3.5 3.5 4 1 1 1 1
-268.1 -7074.8 -3.5 179 0 78.5 18.1 3.5 0.0 0 0 1 0 0
-257.0 -7156.7 -3.0 92 0 16.8 35.1 3.5 3.5 2 1 1 4 4
-264.7 -7197.4 -4.1 269 0 19.3 69.7 3.5 3.5 2 1 1 2 2
-230.7 -7200.3 -3.7 267 0 13.0 41.6 3.5 3.5 4 1 1 4 4
-426.4 -7598.9 -4.4 91 0 13.3 42.5 3.5 3.5 2 1 1 2 2
-382.5 -7464.2 -3.6 3 0 52.7 16.1 3.5 3.5 2 0 1 4 4
-334.2 -7460.0 -3.4 359 0 43.4 12.5 3.5 3.5 2 0 1 4 4
-333.5 -7528.6 -3.8 359 0 52.2 13.8 3.5 3.5 2 0 1 1 1
-261.2 -7549.4 -4.0 182 0 37.9 18.8 3.5 3.5 2 0 1 2 2
-208.8 -7611.5 -4.6 93 0 31.8 18.1 3.5 3.5 4 0 1 5 5
-175.3 -7688.2 -4.8 276 0 57.2 6.8 3.5 3.5 2 0 1 2 2
-69.6 -7701.8 -4.0 274 0 63.2 10.8 3.5 3.5 2 0 1 2 2
-97.2 -7715.4 -4.1 275 0 11.8 32.4 3.5 3.5 2 1 1 4 4
-45.6 -7719.7 -4.2 275 0 12.6 33.6 3.5 3.5 4 1 1 2 2
1.8 -7883.7 -4.8 6 0 58.0 9.3 3.5 3.5 2 0 1 4 4
7.3 -7816.1 -4.7 3 0 38.9 14.8 3.5 3.5 2 0 1 5 5
-30.6 -7813.3 -4.8 5 0 35.2 17.1 3.5 3.5 2 0 1 0 0
-82.4 -7871.0 -4.9 5 0 46.4 16.1 3.5 3.5 2 0 1 1 1
-18.4 -7876.6 -4.8 4 0 44.4 16.3 3.5 3.5 2 0 1 3 3
-92.5 -7770.4 -4.7 277 0 14.4 34.9 3.5 3.5 2 1 1 0 0
-155.6 -7700.7 -4.1 276 0 13.2 38.5 3.5 3.5 2 1 1 2 2
-198.2 -7695.6 -4.8 279 0 11.0 44.4 3.5 3.5 2 1 1 5 5
-218.3 -7690.7 -4.7 318 0 19.0 58.4 3.5 3.5 2 1 1 1 1
-290.5 -7804.2 -4.6 196 0 147.9 12.9 3.5 0.0 0 0 1 5 5
-342.5 -7977.0 -4.8 196 0 172.1 14.0 3.5 0.0 0 0 1 1 1
-254.2 -7781.7 -5.0 196 0 71.0 12.5 3.5 3.5 2 0 1 1 1
-279.3 -7851.3 -5.1 196 0 44.7 15.4 3.5 0.0 0 0 1 1 1
-185.2 -7762.9 -4.7 277 0 15.8 40.5 3.5 3.5 2 1 1 5 5
-130.9 -7866.0 -5.0 6 0 41.8 17.7 3.5 3.5 2 0 1 2 2
-209.8 -7854.9 -5.0 185 0 38.5 18.5 3.5 3.5 2 0 1 1 1
-252.0 -7919.6 -4.8 181 0 36.5 17.0 3.5 0.0 0 0 1 5 5
-303.8 -7929.9 -4.8 199 0 70.8 18.4 3.5 3.5 2 0 1 3 3
-336.7 -8063.3 -4.9 106 0 15.8 85.8 3.5 3.5 2 1 1 3 3
-543.9 -8085.2 -5.0 91 0 15.6 26.8 3.5 3.5 2 1 1 1 1
-508.2 -8029.2 -5.0 101 0 16.3 44.7 3.5 3.5 2 1 1 4 4
-425.9 -8038.2 -4.8 20 0 38.4 15.6 3.5 3.5 2 0 1 5 5
-798.5 -6853.2 -3.4 270 0 16.1 59.6 3.5 3.5 2 1 1 2 2
-749.5 -6923.0 -2.3 269 0 13.8 31.9 3.5 3.5 2 1 1 5 5
-753.5 -6961.4 -1.8 269 0 21.7 30.9 3.5 0.0 0 1 1 3 3
-820.6 -6929.9 -3.1 270 0 17.9 56.3 3.5 3.5 2 1 1 3 3
-583.0 -6851.5 -2.3 269 0 14.7 63.7 3.5 3.5 2 1 1 3 3
-502.5 -6972.5 -2.0 269 0 12.0 37.0 3.5 3.5 2 1 1 0 0
-533.3 -6973.7 -1.7 270 0 12.0 38.3 3.5 3.5 2 1 1 5 5
-554.1 -7025.9 -1.5 87 0 16.7 43.0 3.5 3.5 2 1 1 0 0
-562.5 -7087.2 -0.9 91 0 16.1 40.2 3.5 3.5 2 1 1 3 3
-559.6 -7140.5 -0.4 89 0 13.8 39.3 3.5 3.5 2 1 1 4 4
-608.8 -7049.0 -0.8 90 0 11.0 43.9 3.5 3.5 2 1 1 5 5
-631.3 -7052.2 -0.6 90 0 12.9 47.1 3.5 3.5 2 1 1 2 2
-669.9 -7049.0 -0.2 90 0 23.0 37.9 3.5 0.0 0 1 1 5 5
-474.1 -7059.0 -1.9 88 0 15.0 39.3 3.5 3.5 2 1 1 2 2
-513.9 -7061.3 -1.5 88 0 15.4 38.8 3.5 3.5 2 1 1 3 3
-518.1 -7138.1 -1.1 90 0 14.7 70.7 3.5 3.5 2 1 1 3 3
-478.6 -7137.3 -1.5 89 0 13.8 68.4 3.5 3.5 2 1 1 2 2
-439.8 -7138.4 -1.8 88 0 14.4 70.7 3.5 3.5 4 1 1 4 4
-431.5 -6978.1 -2.8 359 0 45.7 16.6 3.5 3.5 2 0 1 0 0
-398.5 -7139.5 -1.9 88 0 11.8 70.2 3.5 3.5 2 1 1 5 5
-361.4 -7138.3 -1.9 88 0 13.5 67.7 3.5 3.5 2 1 1 0 0
-331.8 -7099.4 -2.1 357 0 70.1 7.2 3.5 3.5 4 0 1 5 5
-333.7 -7033.5 -3.2 358 0 44.8 13.2 3.5 3.5 2 0 1 3 3
-269.8 -6997.7 -3.2 179 0 35.1 17.0 3.5 3.5 2 0 1 5 5
-294.3 -6889.3 -2.4 178 0 89.4 8.3 3.5 3.5 2 0 1 5 5
-266.9 -6847.1 -1.9 271 0 10.3 33.3 3.5 3.5 2 1 1 5 5
-340.8 -6972.8 -3.1 358 0 60.1 13.7 3.5 3.5 2 0 1 2 2
-382.2 -6974.1 -2.8 0 0 48.3 15.0 3.5 3.5 2 0 1 0 0
-361.8 -6842.9 -0.9 270 0 27.4 12.9 3.5 3.5 2 0 1 4 4
-367.6 -6858.9 -1.9 271 0 15.4 48.3 3.5 0.0 0 1 1 3 3
-371.6 -6689.2 -2.8 5 0 34.3 15.1 3.5 3.5 2 0 1 1 1
-359.1 -6743.7 -2.6 1 0 48.5 16.6 3.5 3.5 2 0 1 3 3
-404.6 -6195.1 -2.7 275 0 27.4 35.2 3.5 0.0 0 1 1 1 1
-423.1 -6354.1 -3.3 96 0 11.3 63.6 3.5 3.5 2 1 1 3 3
-418.8 -6261.9 -2.9 274 0 25.8 26.4 3.5 0.0 0 1 1 2 2
-431.7 -6380.6 -3.3 94 0 26.3 23.6 3.5 0.0 0 0 1 2 2
-341.8 -6362.8 -3.7 96 0 8.0 62.5 3.5 0.0 0 1 1 2 2
-258.1 -6310.3 -3.8 186 0 59.5 10.9 3.5 3.5 2 0 1 2 2
-253.0 -6432.6 -3.2 275 0 18.0 26.0 3.5 3.5 2 1 1 4 4
-126.5 -6668.1 -3.4 89 0 17.9 60.0 3.5 3.5 2 1 1 4 4
-197.6 -6634.0 -3.3 180 0 70.7 16.6 3.5 3.5 2 0 1 1 1
-246.4 -6523.8 -2.9 187 0 91.1 17.0 3.5 0.0 0 0 1 4 4
-260.5 -6631.0 -3.2 184 0 87.5 18.4 3.5 0.0 0 0 1 3 3
66.8 -6547.6 -3.3 2 0 49.2 13.1 3.5 3.5 2 0 1 2 2
161.8 -6431.5 -3.4 91 0 43.0 31.8 3.5 0.0 0 0 1 5 5
63.8 -6425.2 -4.1 91 0 13.5 67.0 3.5 3.5 2 1 1 0 0
71.4 -6256.6 -4.5 1 0 62.1 16.1 3.5 3.5 2 0 1 0 0
112.7 -6217.1 -4.4 180 0 11.4 71.5 3.5 3.5 2 1 1 0 0
264.6 -6215.9 -2.7 272 0 118.7 10.0 3.5 3.5 2 0 1 5 5
293.9 -6231.7 -2.7 271 0 11.9 37.4 3.5 3.5 2 1 1 3 3
235.8 -6231.3 -2.3 268 0 9.9 35.6 3.5 3.5 2 1 1 0 0
176.6 -6230.2 -3.3 268 0 15.7 33.5 3.5 3.5 2 1 1 0 0
118.0 -6246.7 -4.3 182 0 33.7 12.4 3.5 0.0 0 0 1 1 1
238.4 -6284.1 -2.5 271 0 11.2 30.9 3.5 3.5 2 1 1 3 3
177.0 -6298.2 -3.0 180 0 32.8 15.4 3.5 3.5 2 0 1 3 3
126.9 -6295.3 -3.9 181 0 37.9 15.1 3.5 3.5 2 0 1 0 0
362.7 -6353.7 -4.0 358 0 27.3 9.9 3.5 0.0 0 0 1 3 3
340.0 -6352.5 -3.8 1 0 25.2 13.1 3.5 3.5 2 0 1 1 1
319.6 -6412.6 -4.4 92 0 13.4 32.6 3.5 3.5 2 1 1 5 5
360.4 -6386.0 -4.5 3 0 31.0 12.8 3.5 3.5 2 0 1 1 1
358.7 -6416.5 -4.6 1 0 18.5 11.7 3.5 0.0 0 0 1 5 5
359.6 -6438.2 -4.5 10 0 13.2 19.4 3.5 3.5 2 1 1 2 2
354.3 -6481.8 -4.3 1 0 32.6 13.6 3.5 3.5 2 0 1 1 1
373.3 -6490.1 -4.4 186 0 28.6 16.5 3.5 3.5 2 0 1 2 2
369.9 -6534.9 -4.3 182 0 49.2 12.9 3.5 3.5 4 0 1 0 0
365.4 -6570.0 -4.2 179 0 11.7 21.2 3.5 3.5 4 1 1 5 5
461.8 -6502.5 -4.7 283 0 12.7 52.2 3.5 3.5 2 1 1 2 2
459.3 -6482.5 -4.8 278 0 20.0 11.9 3.5 3.5 2 0 1 2 2
429.1 -6481.4 -4.7 275 0 26.8 9.7 3.5 3.5 2 0 1 0 0
436.5 -6498.9 -4.6 275 0 10.7 76.8 3.5 3.5 2 1 1 2 2
396.6 -6549.0 -4.5 184 0 57.0 9.7 3.5 0.0 0 0 1 5 5
467.6 -6462.5 -4.9 98 0 35.8 6.9 3.5 3.5 4 0 1 5 5
434.6 -6438.0 -5.0 100 0 12.4 56.6 3.5 0.0 0 1 1 1 1
426.9 -6455.7 -4.7 99 0 29.8 10.1 3.5 3.5 2 0 1 0 0
391.7 -6450.2 -4.6 99 0 28.9 14.5 3.5 3.5 2 0 1 3 3
383.3 -6411.1 -4.7 185 0 33.6 10.9 3.5 3.5 2 0 1 5 5
412.4 -6435.0 -5.0 98 0 7.3 39.8 3.5 3.5 4 1 1 2 2
298.3 -6297.8 -3.0 2 0 33.7 12.3 3.5 3.5 2 0 1 5 5
359.1 -6253.0 -3.3 1 0 38.3 11.0 3.5 3.5 2 0 1 5 5
357.0 -6303.2 -3.5 0 0 33.7 16.1 3.5 3.5 2 0 1 1 1
403.7 -6267.8 -3.9 183 0 61.3 9.1 3.5 3.5 4 0 1 3 3
427.1 -6268.1 -4.1 183 0 55.0 12.6 3.5 3.5 4 0 1 5 5
400.2 -6347.8 -4.6 183 0 68.7 9.9 3.5 3.5 4 0 1 0 0
511.2 -6295.9 -4.9 278 0 12.3 40.3 3.5 3.5 4 1 1 5 5
481.6 -6445.9 -5.2 104 0 14.7 59.5 3.5 3.5 2 1 1 0 0
481.1 -6244.6 -4.4 274 0 11.6 44.9 3.5 3.5 2 1 1 0 0
462.7 -6345.9 -5.0 183 0 42.1 17.0 3.5 3.5 2 0 1 1 1
721.7 -6464.0 -4.5 91 0 12.0 47.3 3.5 3.5 2 1 1 3 3
688.4 -6465.8 -4.7 92 0 9.6 58.4 3.5 3.5 2 1 1 0 0
653.5 -6473.1 -4.8 90 0 10.4 70.2 3.5 3.5 2 1 1 1 1
617.0 -6464.2 -5.2 91 0 12.6 75.5 3.5 0.0 0 1 1 4 4
582.9 -6459.4 -5.4 91 0 10.7 84.8 3.5 3.5 2 1 1 1 1
528.8 -6452.5 -5.4 100 0 11.1 75.0 3.5 3.5 2 1 1 4 4
512.8 -6470.9 -5.2 99 0 35.7 10.2 3.5 3.5 2 0 1 5 5
573.1 -6482.1 -5.3 98 0 74.4 10.1 3.5 3.5 2 0 1 3 3
639.0 -6492.3 -5.0 98 0 49.0 10.6 3.5 3.5 2 0 1 0 0
861.7 -6334.1 -4.0 2 0 20.8 10.2 3.5 3.5 2 0 1 0 0
868.9 -6257.7 -3.7 1 0 30.0 7.4 3.5 0.0 0 0 1 5 5
855.2 -6429.9 -3.5 3 0 70.3 15.0 3.5 3.5 2 0 1 2 2
822.3 -6362.1 -4.2 1 0 93.6 33.8 3.5 0.0 0 0 1 0 0
660.1 -6392.0 -5.0 91 0 12.4 45.7 3.5 3.5 2 1 1 3 3
724.7 -6400.5 -4.6 91 0 15.2 50.1 3.5 3.5 2 1 1 5 5
690.6 -6284.7 -4.6 269 0 11.2 21.0 3.5 3.5 4 1 1 1 1
722.3 -6301.9 -4.5 269 0 13.6 18.2 3.5 3.5 2 1 1 3 3
755.8 -6319.3 -4.4 269 0 13.3 27.0 3.5 3.5 2 1 1 0 0
622.3 -6294.8 -5.1 271 0 10.8 47.1 3.5 3.5 2 1 1 1 1
661.0 -6258.2 -4.6 269 0 12.4 24.9 3.5 3.5 2 1 1 3 3
587.9 -6249.9 -4.9 271 0 13.8 39.0 3.5 3.5 4 1 1 0 0
556.9 -6217.8 -4.4 272 0 134.7 12.1 3.5 0.0 0 0 1 5 5
464.3 -6214.2 -3.5 270 0 26.7 17.6 3.5 3.5 2 0 1 0 0
393.0 -6214.1 -3.3 182 0 12.3 49.7 3.5 3.5 4 1 1 0 0
521.8 -6142.3 -3.6 92 0 90.2 14.3 3.5 3.5 2 0 1 2 2
570.7 -6008.7 -3.1 94 0 31.1 12.9 3.5 3.5 2 0 1 2 2
629.8 -6053.4 -3.2 94 0 4.9 52.5 3.5 3.5 4 1 1 2 2
625.5 -6119.2 -3.5 93 0 4.8 53.2 3.5 0.0 0 1 1 1 1
603.7 -6152.1 -3.8 93 0 42.4 20.4 3.5 3.5 2 0 1 3 3
529.9 -6032.4 -3.4 94 0 18.0 44.9 3.5 3.5 2 1 1 1 1
518.7 -6069.6 -3.6 95 0 18.3 26.4 3.5 3.5 2 1 1 5 5
517.6 -6112.8 -3.7 94 0 15.9 37.0 3.5 3.5 2 1 1 5 5
388.4 -5873.0 -3.0 14 0 41.4 11.3 3.5 0.0 0 0 1 1 1
376.0 -5920.1 -3.1 16 0 39.0 10.8 3.5 3.5 2 0 1 0 0
363.1 -5984.3 -2.9 5 0 46.8 13.7 3.5 3.5 2 0 1 4 4
361.3 -6037.4 -2.9 1 0 43.0 15.2 3.5 3.5 4 0 1 4 4
403.3 -6041.0 -3.0 183 0 43.5 14.4 3.5 3.5 2 0 1 0 0
399.6 -6112.0 -2.6 182 0 35.1 16.0 3.5 3.5 2 0 1 4 4
347.7 -6105.0 -2.8 1 0 44.3 18.9 3.5 3.5 2 0 1 5 5
1230.6 -5990.3 -4.0 90 0 9.9 21.0 3.5 3.5 2 1 1 1 1
1229.4 -6020.1 -3.8 92 0 8.7 26.3 3.5 3.5 2 1 1 3 3
1176.1 -5980.8 -4.3 93 0 10.9 28.2 3.5 3.5 2 1 1 2 2
1171.0 -6010.2 -4.1 94 0 10.9 24.8 3.5 3.5 2 1 1 5 5
1140.1 -5922.7 -4.7 182 0 41.6 13.7 3.5 3.5 2 0 1 1 1
1111.0 -5958.9 -4.5 182 0 25.4 12.8 3.5 3.5 2 0 1 5 5
1109.6 -5984.7 -4.3 186 0 20.9 13.1 3.5 3.5 2 0 1 5 5
996.5 -5941.8 -4.1 181 0 26.6 10.4 3.5 3.5 2 0 1 1 1
995.5 -5971.8 -4.1 183 0 26.1 9.9 3.5 3.5 2 0 1 3 3
1059.6 -5947.4 -4.5 181 0 21.0 11.7 3.5 3.5 2 0 1 4 4
1059.0 -5973.6 -4.5 183 0 23.8 10.0 3.5 3.5 2 0 1 5 5
1033.4 -6007.9 -4.4 184 0 22.4 16.0 3.5 3.5 2 0 1 3 3
988.7 -6053.1 -4.1 184 0 50.2 10.9 3.5 3.5 2 0 1 1 1
1114.1 -6140.0 -3.4 91 0 11.9 20.1 3.5 3.5 2 1 1 0 0
1114.3 -6172.7 -3.4 92 0 11.6 28.2 3.5 3.5 2 1 1 0 0
1139.8 -6105.6 -3.7 93 0 25.0 37.0 3.5 0.0 0 1 1 1 1
1163.3 -6149.2 -3.5 89 0 13.8 21.5 3.5 3.5 2 1 1 0 0
1162.5 -6176.7 -3.4 93 0 13.3 23.4 3.5 3.5 2 1 1 4 4
1193.0 -6067.5 -3.6 93 0 12.9 25.4 3.5 3.5 2 1 1 5 5
1126.8 -6040.1 -4.0 90 0 15.2 23.3 3.5 3.5 2 1 1 3 3
1079.2 -6068.0 -4.0 93 0 14.2 24.3 3.5 3.5 2 1 1 2 2
1035.8 -6107.9 -3.9 94 0 11.2 24.5 3.5 3.5 2 1 1 3 3
1066.6 -6166.7 -3.5 92 0 10.8 42.5 3.5 3.5 2 1 1 2 2
940.6 -6058.1 -3.9 185 0 66.8 18.1 3.5 3.5 2 0 1 1 1
1013.3 -6162.1 -3.8 92 0 13.5 45.3 3.5 3.5 2 1 1 1 1
936.3 -6338.1 -2.7 183 0 53.2 13.2 3.5 3.5 4 0 1 2 2
977.2 -6333.6 -2.9 183 0 55.1 11.8 3.5 3.5 2 0 1 5 5
1020.8 -6356.8 -2.8 93 0 14.2 43.9 3.5 3.5 4 1 1 0 0
1062.1 -6262.1 -3.1 270 0 12.4 35.6 3.5 3.5 2 1 1 1 1
1058.8 -6346.3 -2.8 93 0 11.8 35.6 3.5 3.5 2 1 1 4 4
1089.5 -6265.1 -3.0 272 0 11.9 32.3 3.5 3.5 2 1 1 4 4
1087.6 -6347.5 -2.7 93 0 13.2 37.9 3.5 3.5 2 1 1 4 4
1221.6 -6278.0 -2.8 272 0 13.7 33.7 3.5 3.5 2 1 1 5 5
1254.4 -6284.7 -2.8 270 0 13.3 24.5 3.5 3.5 2 1 1 4 4
1205.6 -6162.2 -3.4 96 0 10.0 45.5 3.5 3.5 2 1 1 2 2
1195.6 -6181.9 -3.3 92 0 34.5 8.9 3.5 3.5 2 0 1 5 5
1240.9 -6162.8 -3.4 94 0 13.7 59.7 3.5 3.5 2 1 1 0 0
1191.9 -6253.6 -3.2 274 0 153.1 17.1 3.5 0.0 0 0 1 5 5
1015.3 -6239.4 -3.1 273 0 161.0 12.4 3.5 0.0 0 0 1 2 2
915.4 -6269.5 -3.2 183 0 43.0 11.5 3.5 3.5 2 0 1 1 1
908.3 -6335.7 -3.0 184 0 64.4 12.4 3.5 0.0 0 0 1 4 4
947.0 -6250.6 -3.0 274 0 11.8 43.5 3.5 3.5 2 1 1 4 4
988.8 -6255.2 -2.9 273 0 12.9 38.4 3.5 3.5 2 1 1 4 4
1028.1 -6257.1 -3.1 273 0 16.1 39.3 3.5 3.5 2 1 1 1 1
690.9 -5878.5 -2.9 9 0 26.6 12.7 3.5 3.5 2 0 1 5 5
687.7 -5912.4 -2.9 9 0 28.0 12.9 3.5 3.5 4 0 1 3 3
708.6 -5959.3 -3.0 4 0 26.4 15.3 3.5 3.5 2 0 1 2 2
697.2 -6008.2 -3.0 96 0 14.6 29.7 3.5 3.5 4 1 1 5 5
831.0 -5926.1 -3.3 8 0 21.0 13.3 3.5 3.5 2 0 1 0 0
764.0 -5909.0 -3.1 9 0 38.8 15.0 3.5 3.5 2 0 1 1 1
791.4 -5971.1 -3.2 7 0 23.2 15.9 3.5 3.5 4 0 1 3 3
788.4 -6000.9 -3.2 7 0 26.5 14.3 3.5 3.5 2 0 1 3 3
842.2 -5988.4 -3.3 7 0 34.9 14.4 3.5 3.5 2 0 1 0 0
603.7 -6053.0 -3.2 94 0 18.6 53.3 3.5 3.5 2 1 1 1 1
598.6 -6116.2 -3.7 95 0 17.8 45.9 3.5 3.5 2 1 1 3 3
884.8 -5924.9 -3.4 3 0 46.3 18.7 3.5 3.5 2 0 1 5 5
991.1 -5813.3 -4.6 186 0 84.2 119.3 3.5 0.0 0 1 1 4 4
1127.7 -5830.8 -4.9 184 0 82.4 25.8 3.5 0.0 0 0 1 0 0
1049.2 -5729.2 -4.4 185 0 53.3 39.8 3.5 0.0 0 0 1 4 4
1162.2 -5392.7 -4.7 180 0 27.2 20.2 3.5 0.0 0 0 1 0 0
1186.4 -5436.6 -4.9 186 0 27.8 15.5 3.5 3.5 2 0 1 2 2
1117.1 -5425.5 -4.4 185 0 34.3 21.0 3.5 0.0 0 0 1 2 2
514.7 -5189.0 -2.8 10 0 67.9 15.0 3.5 3.5 4 0 1 1 1
496.8 -5259.1 -2.6 100 0 14.4 26.3 3.5 3.5 2 1 1 3 3
582.0 -5300.2 -2.3 280 0 15.1 25.3 3.5 3.5 2 1 1 4 4
622.5 -5304.5 -2.4 278 0 15.9 23.8 3.5 3.5 4 1 1 3 3
646.5 -5366.5 -2.5 277 0 15.7 38.2 3.5 3.5 2 1 1 2 2
685.7 -5338.6 -2.5 278 0 16.6 20.6 3.5 3.5 2 0 1 4 4
686.9 -5359.7 -2.6 277 0 14.0 26.5 3.5 3.5 2 0 1 5 5
631.5 -5245.7 -2.4 99 0 16.4 33.2 3.5 3.5 2 1 1 1 1
584.6 -5250.5 -2.3 99 0 19.1 44.4 3.5 3.5 2 1 1 3 3
523.0 -5360.2 -2.2 189 0 46.2 13.5 3.5 3.5 2 0 1 0 0
947.2 -5228.3 -3.1 3 0 12.0 34.2 3.5 3.5 2 1 1 0 0
907.6 -5203.8 -3.0 7 0 58.1 17.0 3.5 3.5 4 0 1 4 4
944.6 -5248.3 -3.1 5 0 19.5 20.4 3.5 3.5 2 1 1 0 0
929.8 -5301.4 -3.1 94 0 14.9 37.0 3.5 3.5 2 1 1 0 0
1016.8 -5316.1 -3.6 186 0 42.7 15.5 3.5 3.5 2 0 1 2 2
831.0 -5468.2 -3.0 4 0 61.1 11.2 3.5 3.5 2 0 1 1 1
795.3 -5432.2 -2.9 278 0 13.4 66.6 3.5 3.5 2 1 1 0 0
790.7 -5543.2 -2.9 6 0 69.2 12.2 3.5 3.5 2 0 1 0 0
834.0 -5548.3 -3.0 5 0 65.4 11.0 3.5 3.5 2 0 1 3 3
877.9 -5553.8 -3.2 5 0 63.5 12.7 3.5 3.5 4 0 1 4 4
919.5 -5513.7 -3.2 4 0 45.8 9.8 3.5 3.5 2 0 1 2 2
916.5 -5566.5 -3.3 5 0 46.3 11.1 3.5 0.0 0 0 1 5 5
933.8 -5378.6 -3.2 6 0 42.7 14.4 3.5 3.5 2 0 1 5 5
929.9 -5432.1 -3.2 5 0 45.4 12.7 3.5 3.5 2 0 1 4 4
885.7 -5365.9 -3.1 276 0 13.0 60.8 3.5 3.5 2 1 1 3 3
844.5 -5358.9 -3.0 275 0 16.3 67.2 3.5 3.5 2 1 1 3 3
800.4 -5348.1 -2.8 277 0 15.4 72.1 3.5 3.5 2 1 1 5 5
706.5 -5802.1 -2.9 7 0 33.5 13.8 3.5 3.5 2 0 1 3 3
749.5 -5808.5 -3.0 8 0 31.7 11.4 3.5 3.5 2 0 1 0 0
797.2 -5814.1 -3.1 10 0 34.7 15.6 3.5 3.5 2 0 1 5 5
843.6 -5820.5 -3.2 7 0 36.2 14.5 3.5 3.5 2 0 1 4 4
751.6 -5614.3 -2.9 8 0 51.7 11.1 3.5 3.5 2 0 1 4 4
742.6 -5677.8 -2.9 8 0 56.9 9.7 3.5 3.5 2 0 1 4 4
788.4 -5633.7 -3.0 6 0 81.3 10.6 3.5 3.5 2 0 1 1 1
828.9 -5634.0 -3.1 7 0 82.8 13.6 3.5 3.5 2 0 1 2 2
814.9 -5742.3 -3.1 7 0 75.8 13.2 3.5 0.0 0 0 1 0 0
776.7 -5736.3 -3.0 7 0 77.8 14.7 3.5 3.5 2 0 1 2 2
736.9 -5741.6 -2.9 6 0 53.0 11.6 3.5 3.5 2 0 1 0 0
865.9 -5625.2 -3.2 7 0 43.8 11.9 3.5 3.5 2 0 1 4 4
851.7 -5760.5 -3.2 6 0 45.5 12.8 3.5 3.5 2 0 1 1 1
906.4 -5647.1 -3.3 5 0 67.3 11.8 3.5 3.5 2 0 1 1 1
895.4 -5740.2 -3.3 6 0 58.5 14.2 3.5 3.5 2 0 1 4 4
899.3 -5829.5 -3.4 5 0 35.7 15.5 3.5 0.0 0 0 1 2 2
1678.2 -5665.6 -8.8 186 0 61.3 11.3 3.5 3.5 2 0 1 3 3
1635.9 -5659.6 -8.6 185 0 63.0 13.8 3.5 3.5 2 0 1 4 4
1593.6 -5655.5 -8.4 185 0 60.7 14.9 3.5 3.5 2 0 1 5 5
1561.2 -5578.6 -7.3 184 0 53.7 12.8 3.5 3.5 2 0 1 5 5
1554.9 -5650.4 -8.2 186 0 60.8 13.8 3.5 3.5 2 0 1 5 5
1522.6 -5577.6 -7.2 188 0 54.6 14.5 3.5 3.5 2 0 1 5 5
1518.7 -5645.2 -8.1 187 0 58.6 13.1 3.5 3.5 2 0 1 0 0
1660.9 -5517.2 -6.8 183 0 45.3 16.8 3.5 3.5 4 0 1 2 2
1529.5 -5494.7 -6.3 184 0 61.1 15.6 3.5 3.5 2 0 1 5 5
1334.1 -5627.0 -6.1 5 0 47.8 11.7 3.5 3.5 4 0 1 3 3
1379.0 -5639.4 -6.7 5 0 37.3 11.5 3.5 3.5 4 0 1 5 5
1425.7 -5643.2 -7.3 5 0 36.6 11.8 3.5 3.5 2 0 1 1 1
1467.7 -5583.9 -7.1 4 0 44.9 11.3 3.5 3.5 2 0 1 0 0
1465.4 -5646.0 -7.8 4 0 37.5 11.0 3.5 0.0 0 0 1 1 1
1476.0 -5473.1 -5.6 1 0 22.4 12.0 3.5 3.5 2 0 1 0 0
1474.5 -5504.5 -6.0 5 0 23.9 13.1 3.5 0.0 0 0 1 3 3
1479.4 -5436.7 -5.1 4 0 21.1 12.8 3.5 3.5 2 0 1 0 0
1340.1 -5520.9 -5.5 4 0 91.8 12.7 3.5 3.5 2 0 1 3 3
1249.7 -5405.5 -4.3 4 0 29.9 12.7 3.5 3.5 2 0 1 4 4
1247.5 -5448.1 -4.6 5 0 29.2 10.8 3.5 3.5 4 0 1 4 4
1291.6 -5421.4 -4.1 3 0 60.3 11.9 3.5 3.5 2 0 1 0 0
1290.6 -5331.1 -3.4 1 0 25.6 14.0 3.5 3.5 2 0 1 2 2
1292.3 -5183.0 -3.1 274 0 14.9 48.8 3.5 0.0 0 1 1 5 5
1295.7 -5273.3 -3.1 1 0 36.0 15.7 3.5 3.5 2 0 1 5 5
1358.1 -5183.6 -2.4 272 0 15.4 17.8 3.5 3.5 2 1 1 5 5
1360.0 -5217.3 -2.4 1 0 21.9 10.1 3.5 3.5 2 0 1 5 5
1405.9 -5206.9 -2.4 3 0 42.8 11.2 3.5 3.5 2 0 1 1 1
1448.9 -5209.3 -2.8 5 0 41.3 11.6 3.5 3.5 2 0 1 0 0
1494.6 -5209.1 -2.8 5 0 40.3 12.3 3.5 3.5 2 0 1 0 0
1198.2 -4948.6 -2.8 107 0 12.2 48.3 2.5 2.5 2 1 1 5 5
1181.6 -4876.1 -2.4 283 0 12.2 47.9 2.5 2.5 2 1 1 1 1
1133.6 -4928.1 -2.6 106 0 11.7 45.6 2.5 2.5 2 1 1 5 5
1039.6 -4969.2 -3.3 275 0 16.3 51.4 3.5 3.5 4 1 1 0 0
1105.3 -5248.0 -4.1 184 0 69.9 14.9 3.5 3.5 2 0 1 1 1
1075.8 -5242.3 -3.9 183 0 68.0 11.7 3.5 3.5 2 0 1 3 3
1043.7 -5238.4 -3.7 185 0 69.0 11.4 3.5 3.5 2 0 1 2 2
1026.4 -5172.0 -3.5 186 0 45.0 12.6 3.5 3.5 2 0 1 4 4
1009.9 -5239.8 -3.5 184 0 71.7 14.3 3.5 3.5 2 0 1 4 4
3285.1 -6477.2 -4.5 90 0 11.1 69.7 2.5 2.5 2 1 1 5 5
3294.3 -6361.8 -4.3 0 0 55.4 14.7 2.5 2.5 2 0 1 2 2
3280.1 -6157.8 -3.8 272 0 18.4 57.8 2.5 0.0 0 1 1 1 1
3288.8 -6264.6 -4.1 3 0 55.0 18.9 2.5 2.5 2 0 1 2 2
2960.5 -6178.9 -4.2 270 0 17.9 29.6 2.5 2.5 2 1 1 1 1
2978.9 -6258.6 -4.4 357 0 31.0 11.3 2.5 2.5 2 0 1 5 5
3042.3 -6310.2 -4.5 93 0 14.5 63.3 2.5 2.5 2 1 1 2 2
2972.7 -6338.1 -4.6 91 0 15.6 47.6 2.5 2.5 4 1 1 5 5
2913.8 -6198.3 -4.5 270 0 12.9 73.0 2.5 2.5 2 1 1 0 0
2893.6 -6179.2 -4.0 263 0 52.4 12.8 2.5 2.5 2 0 1 0 0
2827.1 -6184.0 -3.9 265 0 42.0 14.0 2.5 2.5 2 0 1 2 2
2842.2 -6208.5 -4.3 270 0 10.6 57.7 2.5 2.5 2 1 1 3 3
2880.7 -6201.1 -4.4 270 0 9.2 65.6 2.5 2.5 2 1 1 2 2
2903.4 -6338.4 -4.7 98 0 10.8 58.3 2.5 2.5 2 1 1 4 4
2908.5 -6377.3 -4.8 5 0 46.8 13.1 2.5 2.5 2 0 1 0 0
2892.3 -6467.3 -4.9 97 0 11.7 57.7 2.5 2.5 4 1 1 2 2
2841.4 -6478.3 -5.0 96 0 15.2 73.8 2.5 2.5 2 1 1 5 5
2849.9 -6381.4 -4.8 185 0 21.8 11.5 2.5 2.5 2 0 1 4 4
2852.5 -6317.9 -4.7 187 0 66.0 16.1 2.5 2.5 4 0 1 5 5
2798.5 -6241.3 -4.3 182 0 56.9 15.7 2.5 2.5 2 0 1 0 0
2785.7 -6313.6 -4.7 183 0 49.0 13.3 2.5 2.5 2 0 1 3 3
2783.7 -6392.1 -4.9 182 0 75.8 15.3 2.5 2.5 2 0 1 3 3
2785.9 -6475.1 -5.1 89 0 15.6 24.0 2.5 2.5 4 1 1 4 4
2868.7 -6009.1 -3.5 271 0 23.9 78.5 2.5 0.0 0 1 1 2 2
2876.6 -6541.9 -5.1 94 0 13.7 50.9 2.5 2.5 2 1 1 0 0
2965.3 -6423.7 -4.8 2 0 58.2 15.6 2.5 2.5 2 0 1 3 3
2960.3 -6553.3 -5.1 91 0 19.3 43.4 2.5 2.5 2 1 1 4 4
3551.9 -6024.5 -4.5 359 0 18.9 35.0 3.5 0.0 0 1 1 1 1
3474.9 -6021.9 -4.5 178 0 13.8 36.4 3.5 3.5 2 1 1 2 2
3475.0 -6054.3 -4.3 177 0 25.7 34.6 3.5 0.0 0 1 1 1 1
3569.1 -6056.8 -4.6 357 0 13.4 47.5 3.5 3.5 2 1 1 2 2
3589.5 -6000.8 -4.9 1 0 18.0 15.6 3.5 0.0 0 0 1 0 0
3561.6 -5999.1 -4.7 359 0 16.1 71.3 3.5 3.5 2 1 1 4 4
3417.2 -5947.3 -4.3 179 0 39.3 65.7 3.5 0.0 0 1 1 5 5
3368.0 -6151.5 -3.8 272 0 13.8 48.0 2.5 2.5 2 1 1 5 5
3361.1 -6252.6 -4.0 182 0 59.6 15.1 2.5 2.5 2 0 1 0 0
3446.0 -6149.2 -4.0 271 0 14.2 58.2 2.5 0.0 0 1 1 1 1
3506.0 -6154.4 -4.1 2 0 25.0 14.3 2.5 2.5 2 0 1 5 5
3501.4 -6197.4 -4.3 90 0 12.0 23.5 2.5 2.5 2 1 1 4 4
3433.3 -6269.2 -4.2 0 0 28.2 16.6 2.5 2.5 2 0 1 0 0
3428.9 -6335.0 -4.4 1 0 28.6 15.1 2.5 2.5 2 0 1 0 0
3362.0 -6378.8 -4.3 91 0 13.8 42.0 2.5 2.5 2 1 1 0 0
3363.1 -6476.6 -4.6 92 0 14.3 31.4 2.5 2.5 4 1 1 1 1
3396.7 -6401.3 -4.6 182 0 31.9 11.1 2.5 2.5 2 0 1 0 0
3462.4 -6400.5 -5.2 268 0 19.1 26.8 2.5 0.0 0 1 1 3 3
3420.9 -6544.0 -5.3 92 0 13.9 59.6 2.5 2.5 2 1 1 2 2
3481.7 -6539.3 -6.4 88 0 13.8 64.7 2.5 2.5 2 1 1 3 3
-6473.9 -4711.9 -3.6 272 0 44.6 7.2 2.5 2.5 4 0 1 1 1
-6344.6 -6675.3 -2.4 1 0 42.6 94.7 2.5 0.0 0 1 1 1 1
-6400.9 -6625.4 -2.1 1 0 39.0 94.2 2.5 0.0 0 1 1 0 0
-2198.6 -6733.4 -6.1 93 0 12.3 63.1 3.5 3.5 2 1 1 4 4
-2115.7 -6687.3 -5.5 359 0 19.2 13.1 3.5 3.5 2 0 1 5 5
-2169.2 -6632.5 -6.5 2 0 34.0 14.1 3.5 0.0 0 0 1 5 5
-2162.9 -6555.1 -7.0 2 0 36.5 11.4 3.5 3.5 2 0 1 5 5
-2140.4 -6506.9 -7.5 1 0 31.6 12.4 3.5 3.5 2 0 1 3 3
-2106.1 -6600.1 -7.2 3 0 66.6 10.5 3.5 3.5 2 0 1 1 1
-1946.9 -6405.5 -5.9 276 0 12.2 53.2 3.5 3.5 2 1 1 2 2
-1950.0 -6521.8 -6.9 5 0 58.8 13.9 3.5 3.5 4 0 1 1 1
-1975.7 -6585.1 -7.2 5 0 38.0 14.5 3.5 3.5 2 0 1 3 3
-1981.8 -6643.6 -6.4 2 0 32.6 11.9 3.5 0.0 0 0 1 5 5
-1958.2 -6735.0 -5.9 93 0 14.0 55.5 3.5 3.5 2 1 1 2 2
-2014.5 -6733.9 -5.7 93 0 17.1 58.2 3.5 3.5 2 1 1 2 2
-2125.0 -6734.7 -5.1 92 0 11.9 35.1 3.5 3.5 2 1 1 0 0
-2023.4 -6397.3 -8.3 274 0 13.0 56.5 3.5 3.5 2 1 1 4 4
-2041.1 -6510.8 -8.2 182 0 58.2 16.1 3.5 3.5 2 0 1 2 2
-2093.8 -6499.7 -7.9 2 0 47.6 13.8 3.5 0.0 0 0 1 0 0
-2078.1 -6443.3 -8.1 4 0 28.2 15.3 3.5 3.5 4 0 1 4 4
-2126.9 -6428.8 -7.7 3 0 51.8 15.5 3.5 3.5 4 0 1 5 5
-2149.2 -6381.4 -6.6 7 0 47.0 12.6 3.5 3.5 2 0 1 0 0
-2135.4 -6316.3 -5.6 5 0 55.2 13.8 3.5 3.5 2 0 1 1 1
-2101.7 -6267.7 -4.7 4 0 23.0 33.2 3.5 0.0 0 1 1 1 1
-2107.8 -6377.0 -6.8 4 0 37.0 12.5 3.5 3.5 2 0 1 4 4
-2073.3 -6401.8 -7.4 2 0 34.7 13.9 3.5 3.5 2 0 1 0 0
-2069.2 -6327.9 -6.2 5 0 50.5 15.1 3.5 3.5 4 0 1 3 3
-2004.2 -6374.2 -7.0 93 0 12.6 56.9 3.5 3.5 2 1 1 0 0
-1986.5 -6261.7 -5.7 5 0 78.1 16.2 3.5 3.5 2 0 1 3 3
-1910.2 -6252.1 -5.1 190 0 11.8 45.1 3.5 3.5 2 1 1 2 2
-1926.6 -6207.3 -4.6 189 0 45.8 15.1 3.5 3.5 2 0 1 2 2
-1612.4 -6909.6 -3.4 181 0 27.0 12.2 3.5 3.5 4 0 1 2 2
-1616.0 -6958.7 -3.4 181 0 18.2 5.4 3.5 3.5 2 0 1 0 0
-1615.6 -6941.2 -3.4 181 0 11.8 18.2 3.5 3.5 2 1 1 4 4
-1540.9 -6861.0 -3.3 268 0 28.8 52.7 3.5 0.0 0 1 1 3 3
-1957.2 -7011.1 -2.6 3 0 21.7 51.1 3.5 3.5 2 1 1 0 0
-2051.6 -7006.8 -2.4 184 0 64.6 21.6 3.5 0.0 0 0 1 2 2
-2001.9 -6843.5 -4.2 274 0 73.9 131.5 3.5 0.0 0 1 1 1 1
-1970.7 -7386.0 -2.3 2 0 67.7 16.8 3.5 3.5 2 0 1 2 2
-2101.8 -7382.4 -2.1 184 0 57.4 22.1 3.5 3.5 2 0 1 4 4
-2069.9 -7288.4 -2.2 271 0 45.3 34.5 3.5 0.0 0 0 1 2 2
-2117.2 -7650.2 -3.7 184 0 41.8 51.5 3.5 0.0 0 1 1 5 5
-2089.8 -7542.2 -3.6 256 0 9.0 139.1 3.5 3.5 2 0 1 4 4
-2021.1 -7644.7 -3.7 77 0 20.2 71.3 3.5 3.5 2 1 1 1 1
-2136.1 -7790.9 -4.1 184 0 84.3 22.8 31.5 0.0 0 0 9 3 3
-2037.5 -8050.2 -5.1 4 0 34.3 58.5 3.5 0.0 0 1 1 2 2
-2139.9 -8009.8 -5.0 183 0 84.2 19.2 3.5 0.0 0 0 1 4 4
1821.3 -6328.3 -4.4 177 0 29.1 10.1 3.5 3.5 2 0 1 3 3
1824.5 -6377.8 -4.3 177 0 42.1 9.2 3.5 3.5 2 0 1 1 1
1828.6 -6432.4 -4.4 176 0 31.9 8.3 3.5 3.5 2 0 1 5 5
1828.8 -6468.8 -4.5 176 0 29.2 9.2 3.5 3.5 2 0 1 4 4
1832.2 -6515.4 -4.8 176 0 37.0 9.6 3.5 0.0 0 0 1 1 1
1833.2 -6565.4 -5.2 182 0 33.3 11.5 3.5 3.5 2 0 1 1 1
1691.7 -6216.8 -4.9 96 0 92.6 10.0 3.5 3.5 2 0 1 0 0
1595.1 -6208.7 -4.9 96 0 73.1 8.7 3.5 3.5 4 0 1 3 3
1757.3 -6176.2 -6.5 86 0 12.4 30.6 3.5 3.5 2 1 1 0 0
1721.4 -6200.1 -5.6 87 0 13.4 45.8 3.5 3.5 4 1 1 1 1
1672.6 -6194.3 -5.5 93 0 12.5 38.8 3.5 3.5 2 1 1 4 4
1619.3 -6194.8 -5.8 93 0 12.4 39.8 3.5 3.5 4 1 1 2 2
1572.1 -6185.8 -5.8 94 0 13.9 38.4 3.5 3.5 2 1 1 5 5
1557.3 -6301.0 -3.7 94 0 21.3 25.5 3.5 3.5 2 1 1 5 5
-544.2 -7204.7 -0.9 272 0 7.9 39.3 3.5 3.5 2 1 1 0 0
-546.3 -7270.0 -2.3 272 0 9.4 63.5 3.5 3.5 2 1 1 2 2
-550.3 -7354.6 -3.6 275 0 8.6 35.7 3.5 3.5 2 1 1 0 0
-493.6 -7586.7 -4.4 97 0 12.6 38.6 3.5 3.5 2 1 1 5 5
-435.1 -7533.6 -3.8 92 0 9.7 43.4 3.5 3.5 2 1 1 3 3
-472.5 -7477.7 -3.8 91 0 9.0 46.0 3.5 3.5 2 1 1 5 5
-461.9 -7373.7 -4.1 2 0 49.9 11.5 3.5 3.5 4 0 1 5 5
-383.5 -7372.2 -4.0 1 0 51.5 9.9 3.5 3.5 2 0 1 2 2
-482.4 -7203.4 -1.9 271 0 12.2 56.6 3.5 3.5 2 1 1 0 0
-438.8 -7286.9 -2.9 269 0 11.5 51.3 3.5 3.5 2 1 1 1 1
-428.8 -7206.9 -2.7 271 0 8.1 50.6 3.5 3.5 2 1 1 4 4
-375.7 -7203.2 -3.4 270 0 10.4 56.1 3.5 3.5 2 1 1 1 1
-342.6 -7290.6 -3.8 360 0 58.9 9.4 3.5 3.5 2 0 1 3 3
-339.8 -7382.2 -3.8 359 0 42.0 10.8 3.5 3.5 4 0 1 3 3
-554.3 -7504.8 -4.1 95 0 11.6 72.8 3.5 3.5 2 1 1 0 0
-551.8 -7582.3 -4.4 96 0 11.3 61.3 3.5 3.5 2 1 1 1 1
-647.6 -7337.6 -3.1 273 0 17.9 46.7 3.5 3.5 2 1 1 5 5
-696.3 -7435.9 -4.2 95 0 11.4 30.1 3.5 0.0 0 1 1 2 2
-698.9 -7495.7 -4.3 94 0 12.0 51.8 3.5 3.5 2 1 1 0 0
-787.0 -7569.1 -4.6 99 0 11.8 53.2 3.5 3.5 2 1 1 0 0
-708.0 -7581.5 -4.6 96 0 8.0 58.1 3.5 3.5 2 1 1 1 1
-640.6 -7571.6 -4.5 94 0 17.7 49.1 3.5 3.5 2 1 1 4 4
-862.3 -7561.2 -4.6 93 0 15.0 55.0 3.5 3.5 2 1 1 3 3
-873.4 -7488.4 -4.3 96 0 12.3 59.0 3.5 3.5 2 1 1 5 5
-902.2 -7339.3 -3.8 277 0 11.9 55.8 3.5 0.0 0 1 1 2 2
-828.2 -7342.2 -2.8 278 0 14.2 61.6 3.5 3.5 2 1 1 3 3
-774.0 -7493.5 -4.2 96 0 13.2 92.0 3.5 3.5 2 1 1 5 5
-1397.8 -7124.9 -3.7 182 0 10.8 36.4 3.5 3.5 2 1 1 0 0
-1369.2 -7039.9 -3.6 269 0 11.5 76.2 3.5 3.5 4 1 1 4 4
-1370.4 -6941.5 -4.2 269 0 11.9 65.6 3.5 3.5 4 1 1 0 0
-1268.1 -6944.0 -3.9 272 0 9.7 52.7 3.5 3.5 2 1 1 4 4
-1207.1 -7116.0 -4.2 1 0 48.0 13.8 3.5 3.5 4 0 1 1 1
-1290.6 -7089.2 -3.8 270 0 13.3 50.8 3.5 3.5 2 1 1 5 5
-1248.5 -7013.0 -4.1 270 0 12.0 53.6 3.5 0.0 0 1 1 3 3
-2016.1 -7198.7 -2.7 94 0 99.4 131.4 3.5 0.0 0 1 1 0 0
2111.0 -4922.7 -1.5 15 0 20.4 209.1 2.5 0.0 0 1 1 4 4
