-4896.2 2592.6 0.6 268 0 23.7 84.1 14.0 0.0 0 1 4 0 0
-4827.2 2593.5 -0.0 269 0 12.8 33.1 14.0 3.5 2 1 4 4 4
-6848.6 5216.2 -1.8 270 0 14.9 48.5 10.0 2.5 2 1 4 2 2
-4318.5 2725.7 -4.5 89 0 14.9 35.4 10.5 3.5 2 1 3 3 3
-4899.0 8484.1 -8.3 175 0 47.8 58.1 3.5 0.0 0 1 1 0 0
-4898.1 8986.8 -12.2 176 0 128.7 57.0 3.5 0.0 0 0 1 0 0
-4626.5 8842.3 -11.4 356 0 129.3 62.9 3.5 0.0 0 0 1 2 2
-4781.8 9057.2 -12.1 267 0 61.3 129.5 3.5 0.0 0 1 1 2 2
-4629.5 9141.3 -11.7 28 0 19.4 58.9 3.5 3.5 2 1 1 1 1
-4668.3 9085.8 -11.9 85 0 58.6 20.7 3.5 0.0 0 0 1 0 0
-4635.7 9006.4 -11.8 355 0 123.3 63.9 3.5 0.0 0 0 1 1 1
-4548.2 9011.0 -11.6 356 0 124.1 61.9 3.5 0.0 0 0 1 4 4
-4327.9 8229.7 -9.1 84 0 10.7 27.2 2.5 2.5 2 1 1 0 0
-4344.4 8362.6 -8.5 262 0 13.5 56.7 2.5 2.5 2 1 1 0 0
-4548.6 8394.9 -8.0 176 0 87.8 29.8 3.5 0.0 0 0 1 5 5
-4486.6 8390.1 -8.0 355 0 71.8 19.2 3.5 0.0 0 0 1 3 3
-4557.3 8502.8 -7.1 177 0 61.3 59.4 3.5 0.0 0 0 1 0 0
-4641.4 8603.2 -7.3 86 0 59.9 129.2 3.5 0.0 0 1 1 4 4
-4551.7 8609.1 -7.8 87 0 57.9 130.9 3.5 0.0 0 1 1 1 1
-4590.5 8588.2 -6.6 266 0 142.0 20.2 3.5 0.0 0 0 1 1 1
-4914.1 8652.0 -8.0 176 0 132.0 16.2 3.5 0.0 0 0 1 5 5
-4874.0 8653.3 -7.8 177 0 132.8 58.3 3.5 0.0 0 0 1 3 3
-4759.5 8734.1 -7.4 267 0 62.4 139.3 3.5 0.0 0 1 1 4 4
-4816.4 8570.1 -8.0 266 0 176.5 19.8 3.5 0.0 0 0 1 1 1
-4641.5 8413.9 -7.8 266 0 127.2 34.0 3.5 0.0 0 0 1 2 2
1269.1 8675.8 -6.2 350 0 19.3 32.2 2.5 0.0 0 1 1 4 4
1214.0 8596.0 -6.6 83 0 13.9 65.8 2.5 2.5 4 1 1 4 4
1157.9 8662.6 -6.9 260 0 45.0 12.3 2.5 2.5 2 0 1 3 3
1118.1 8622.3 -6.6 82 0 15.1 37.1 2.5 2.5 2 1 1 1 1
1148.4 8443.7 -2.7 83 0 37.1 22.7 2.5 0.0 0 0 1 4 4
595.9 8148.7 -8.2 356 0 37.5 23.5 3.5 0.0 0 0 1 5 5
566.0 8079.5 -8.8 173 0 52.6 53.5 3.5 0.0 0 1 1 5 5
574.8 8228.6 -6.1 262 0 57.2 36.1 3.5 0.0 0 0 1 1 1
