4674.9 3842.2 -2.3 90 0 13.6 27.2 5.0 2.5 2 1 2 0 0
4330.8 -5699.1 -3.2 172 0 45.4 14.3 10.0 2.5 2 0 4 3 3
3244.2 4534.2 -5.8 272 0 51.0 128.3 10.0 0.0 0 1 4 0 0
3202.0 4302.9 -4.2 94 0 22.4 80.0 7.5 0.0 0 1 3 3 3
4863.8 3931.4 -3.4 172 0 45.8 12.6 7.5 0.0 0 0 3 4 4
4400.4 -5581.3 -3.0 263 0 19.5 55.2 7.5 2.5 2 1 3 2 2
4859.9 4010.6 -3.2 262 0 13.1 42.2 10.0 2.5 2 1 4 1 1
4900.7 3041.8 -1.9 94 0 13.8 70.3 7.5 2.5 2 1 3 3 3
3663.0 2689.1 1.0 81 0 32.5 90.4 7.5 0.0 0 1 3 0 0
4863.3 3080.4 -1.8 184 0 68.4 11.2 10.0 2.5 2 0 4 2 2
4883.6 2378.1 0.6 188 0 55.0 10.7 12.5 2.5 2 0 5 1 1
4361.7 -5694.5 -3.2 353 0 44.0 13.8 7.5 2.5 2 0 3 0 0
3940.5 6656.5 -2.7 80 0 5.9 11.9 7.5 2.5 2 1 3 2 2
-6565.0 10806.7 -11.7 76 0 10.7 62.0 7.5 2.5 2 1 3 0 0
-6766.6 10823.3 -12.2 256 0 11.7 52.3 10.0 2.5 4 1 4 5 5
-6645.0 10815.2 -11.9 256 0 11.7 53.5 10.0 2.5 2 1 4 5 5
-6833.9 10762.1 -12.3 96 0 123.1 11.9 15.0 2.5 2 0 6 2 2
-6735.9 10751.3 -12.2 96 0 62.4 12.7 10.0 2.5 2 0 4 1 1
-6685.8 10815.4 -12.0 76 0 12.0 56.3 10.0 2.5 2 1 4 1 1
-6723.6 10811.1 -12.1 255 0 11.7 42.0 12.5 0.0 0 1 5 0 0
-6878.3 10809.2 -12.4 346 0 47.3 12.6 7.5 2.5 2 0 3 2 2
-6848.6 10827.2 -12.4 256 0 12.8 47.3 7.5 2.5 2 1 3 3 3
-6797.2 10808.5 -12.3 346 0 63.6 12.4 10.0 2.5 2 0 4 5 5
-6726.1 10818.5 -12.1 76 0 12.0 42.6 15.0 0.0 0 1 6 1 1
-6906.4 10798.4 -12.4 278 0 12.2 8.6 7.5 2.5 2 0 3 5 5
-6605.4 10811.0 -11.6 256 0 11.2 52.4 10.0 2.5 2 1 4 3 3
-4359.0 9795.6 -9.4 311 0 71.2 17.6 10.0 2.5 2 0 4 3 3
-4422.7 9812.5 -8.8 221 0 19.2 94.8 7.5 0.0 0 1 3 4 4
-1468.6 7388.6 -5.0 279 0 95.9 155.9 10.0 0.0 0 1 4 0 0
-1351.5 7378.1 -5.0 279 0 95.8 165.2 10.0 0.0 0 1 4 0 0
-1577.2 7415.3 -5.0 279 0 78.5 164.3 7.5 0.0 0 1 3 0 0
-1685.6 7307.6 -4.8 189 0 81.8 30.5 7.5 0.0 0 0 3 2 2
-1669.5 7408.1 -5.1 189 0 83.1 31.4 10.0 0.0 0 0 4 1 1
-2469.0 7585.6 -5.5 280 0 12.8 66.4 10.0 0.0 0 1 4 1 1
-1502.7 6916.8 -4.7 189 0 120.4 71.5 10.0 0.0 0 0 4 4 4
-1390.5 7183.5 -4.6 101 0 8.2 22.8 5.0 2.5 2 1 2 5 5
-1375.7 7109.2 -4.5 102 0 18.5 93.6 7.5 0.0 0 1 3 4 4
-2501.3 7401.2 -5.2 99 0 13.4 65.3 10.0 2.5 2 1 4 4 4
-2506.7 7591.9 -5.4 279 0 13.0 49.4 10.0 2.5 2 1 4 3 3
-2538.5 7407.0 -5.2 99 0 13.2 66.0 7.5 2.5 2 1 3 0 0
-2523.4 7484.1 -5.4 99 0 13.5 48.7 5.0 0.0 0 1 2 2 2
4986.2 4149.3 -3.5 81 0 12.0 33.9 5.0 2.5 2 1 2 1 1
4942.2 4161.7 -3.4 170 0 43.0 13.3 7.5 0.0 0 0 3 2 2
4908.1 4188.7 -3.4 82 0 13.2 36.4 7.5 0.0 0 1 3 0 0
4938.2 4230.1 -3.3 261 0 13.6 36.2 7.5 2.5 2 1 3 0 0
5044.3 4232.4 -3.5 262 0 11.2 58.3 10.0 2.5 2 1 4 1 1
5008.8 4236.2 -3.3 261 0 12.4 43.4 7.5 0.0 0 1 3 3 3
5022.2 4141.5 -3.5 81 0 11.2 42.7 10.0 2.5 2 1 4 5 5
4973.2 4236.0 -3.3 261 0 12.1 43.2 7.5 2.5 4 1 3 4 4
4961.9 4068.8 -3.4 81 0 13.3 57.8 10.0 2.5 2 1 4 3 3
4832.5 4342.6 -3.0 253 0 12.3 102.6 7.5 2.5 2 1 3 0 0
4802.4 4332.9 -3.0 252 0 15.9 48.4 7.5 2.5 2 1 3 0 0
4992.7 4104.0 -3.5 81 0 12.4 33.6 10.0 2.5 2 1 4 3 3
4818.9 4281.1 -2.9 252 0 16.4 48.1 10.0 2.5 2 1 4 4 4
4789.3 4272.3 -3.0 253 0 15.9 47.4 10.0 2.5 4 1 4 4 4
4760.8 4237.8 -3.1 163 0 47.4 15.9 7.5 2.5 2 0 3 0 0
4581.4 3551.9 -1.5 271 0 11.8 60.0 5.0 2.5 2 1 2 5 5
4540.6 3460.5 -2.3 91 0 12.0 77.0 10.0 2.5 4 1 4 4 4
4500.9 3458.0 -2.6 91 0 11.7 76.6 10.0 2.5 2 1 4 4 4
5243.9 1824.8 -1.3 356 0 64.7 12.5 7.5 2.5 2 0 3 1 1
4847.9 2891.7 -0.5 20 0 67.7 11.1 7.5 2.5 2 0 3 5 5
4714.7 2937.2 0.0 280 0 13.2 67.4 7.5 2.5 2 1 3 1 1
4809.2 2929.0 -0.3 288 0 11.6 67.1 10.0 2.5 4 1 4 2 2
4760.4 2933.2 -0.1 283 0 11.9 66.4 7.5 0.0 0 1 3 3 3
6946.7 2399.3 -3.8 258 0 60.1 89.0 7.5 0.0 0 1 3 0 0
5018.9 9346.7 -8.0 80 0 41.9 74.9 10.0 0.0 0 1 4 4 4
4963.6 9336.2 -7.9 81 0 48.4 75.1 10.0 0.0 0 1 4 2 2
4874.9 9358.9 -7.8 170 0 74.4 49.5 7.5 0.0 0 0 3 1 1
4802.8 4213.0 -3.1 167 0 6.6 44.6 7.5 2.5 2 1 3 4 4
4872.0 4181.5 -3.5 82 0 12.6 35.4 10.0 2.5 2 1 4 3 3
4837.4 4175.3 -3.4 82 0 13.2 35.3 15.0 0.0 0 1 6 1 1
4906.1 3778.0 -2.9 351 0 115.6 12.4 12.5 2.5 2 0 5 5 5
4801.6 4148.1 -3.3 81 0 14.3 54.9 10.0 2.5 2 1 4 5 5
4942.3 3932.2 -3.1 82 0 11.1 39.8 10.0 2.5 2 1 4 0 0
4936.1 4003.1 -3.3 351 0 44.9 10.7 15.0 0.0 0 0 6 4 4
4893.5 4018.7 -3.2 260 0 12.0 43.8 10.0 2.5 2 1 4 2 2
4911.0 3917.2 -3.1 81 0 10.8 51.3 7.5 2.5 4 1 3 0 0
5132.1 6456.2 -4.7 249 0 50.2 124.9 7.5 0.0 0 1 3 4 4
5188.7 6479.8 -5.0 249 0 35.1 126.0 7.5 0.0 0 1 3 4 4
1883.9 10463.6 -5.5 357 0 78.3 24.6 7.5 0.0 0 0 3 4 4
-2390.0 7872.0 -4.9 102 0 11.2 85.5 10.0 2.5 2 1 4 4 4
-3117.7 6194.8 -3.8 99 0 9.4 80.7 7.5 2.5 2 1 3 4 4
-2351.8 7863.4 -5.0 102 0 12.6 73.6 10.0 2.5 2 1 4 0 0
-1197.7 5433.7 -4.8 195 0 30.4 117.4 10.0 0.0 0 1 4 3 3
-2380.7 7848.0 -4.8 282 0 13.4 42.5 10.0 2.5 2 1 4 3 3
-2316.1 7855.2 -5.1 101 0 12.6 73.8 10.0 2.5 2 1 4 0 0
-1083.6 5326.4 -5.4 106 0 23.8 103.1 7.5 0.0 0 1 3 5 5
-1039.7 5314.0 -5.5 105 0 23.9 103.8 7.5 0.0 0 1 3 3 3
-2626.0 8022.1 -4.5 103 0 12.9 59.3 10.0 2.5 4 1 4 2 2
-1240.0 10518.6 -9.6 284 0 11.6 64.8 12.5 2.5 2 1 5 2 2
-2660.7 8160.7 -4.5 282 0 13.2 60.6 10.0 0.0 0 1 4 5 5
-1773.4 10314.7 -7.1 279 0 27.9 15.5 10.0 2.5 2 0 4 0 0
-1236.4 10396.7 -8.6 104 0 14.7 38.4 10.0 2.5 2 1 4 2 2
-2687.8 8035.5 -4.4 102 0 11.4 59.3 10.0 2.5 2 1 4 0 0
-2656.3 8029.9 -4.4 102 0 12.9 41.7 7.5 2.5 2 1 3 2 2
-3251.3 7352.5 -4.9 282 0 13.0 74.8 7.5 2.5 2 1 3 1 1
-2364.9 7776.5 -5.2 102 0 13.4 28.4 7.5 2.5 2 1 3 5 5
-1160.4 5346.3 -5.1 105 0 117.3 30.2 12.5 0.0 0 0 5 5 5
-2327.4 7784.5 -5.3 12 0 28.9 12.8 7.5 2.5 2 0 3 5 5
-2411.3 7854.5 -4.5 281 0 12.1 37.2 7.5 2.5 2 1 3 0 0
-2029.1 7640.1 -6.3 191 0 79.6 60.7 10.0 0.0 0 0 4 4 4
-2351.2 7841.5 -4.7 282 0 14.1 29.2 5.0 2.5 2 1 2 5 5
-2854.5 7946.2 -4.1 275 0 14.2 58.1 10.0 2.5 2 1 4 2 2
-2323.0 7835.8 -4.8 282 0 13.0 28.7 10.0 2.5 4 1 4 1 1
-2592.4 8016.1 -4.6 102 0 12.9 57.4 12.5 2.5 2 1 5 0 0
-2402.6 7781.9 -5.1 101 0 11.6 11.8 7.5 2.5 2 1 3 2 2
-2462.6 7396.4 -5.2 98 0 13.8 75.2 7.5 2.5 2 1 3 4 4
-2386.5 6105.5 -3.3 210 0 10.1 131.9 7.5 2.5 2 1 3 2 2
-1079.0 10440.0 -8.6 102 0 53.8 15.0 10.0 2.5 2 0 4 5 5
-2551.3 7805.7 -4.4 101 0 13.5 28.2 12.5 2.5 2 1 5 1 1
-1795.8 7402.1 -5.1 99 0 40.6 67.5 7.5 0.0 0 1 3 5 5
-2748.3 7761.4 -4.4 102 0 13.6 58.9 10.0 2.5 2 1 4 3 3
-2566.8 8139.5 -4.7 282 0 11.5 61.2 7.5 2.5 2 1 3 5 5
-2655.0 8017.8 -4.5 281 0 13.0 88.0 7.5 0.0 0 1 3 3 3
-3156.7 7159.1 -4.6 285 0 13.4 121.6 7.5 0.0 0 1 3 5 5
-1864.3 7398.4 -5.0 279 0 165.2 35.7 7.5 0.0 0 0 3 1 1
-1848.3 7778.0 -6.5 99 0 31.3 45.6 10.0 0.0 0 1 4 1 1
-2823.3 7943.9 -4.2 275 0 12.7 59.5 7.5 2.5 2 1 3 0 0
-1824.3 7773.4 -6.5 99 0 5.9 46.6 7.5 0.0 0 1 3 5 5
-2508.3 7875.2 -4.8 281 0 13.2 38.8 7.5 2.5 2 1 3 3 3
-2630.2 8154.0 -4.5 282 0 12.8 60.3 12.5 2.5 2 1 5 0 0
-2802.9 7817.0 -4.3 282 0 7.3 43.2 7.5 2.5 2 1 3 2 2
-2591.5 7606.9 -5.3 279 0 13.1 46.7 7.5 2.5 4 1 3 1 1
-2229.0 7536.6 -5.3 280 0 14.7 59.8 7.5 2.5 2 1 3 0 0
-2781.6 7769.8 -4.3 102 0 13.2 57.4 10.0 2.5 2 1 4 1 1
-2595.2 8005.1 -4.6 282 0 11.3 81.6 7.5 2.5 2 1 3 0 0
-2597.3 8147.0 -4.6 282 0 13.6 59.7 7.5 2.5 2 1 3 2 2
-2349.2 7379.0 -5.1 99 0 15.1 42.0 7.5 2.5 2 1 3 2 2
-2329.7 7562.2 -5.4 280 0 13.3 51.1 7.5 2.5 2 1 3 4 4
-2866.7 7741.2 -4.0 95 0 13.8 73.2 10.0 2.5 2 1 4 3 3
-2375.9 7380.4 -5.1 100 0 14.4 49.8 7.5 2.5 4 1 3 4 4
-2536.0 7880.8 -4.7 281 0 12.9 38.3 10.0 2.5 2 1 4 3 3
-2619.5 7892.5 -4.5 282 0 11.2 73.6 10.0 2.5 2 1 4 2 2
-2401.1 7384.3 -5.1 98 0 14.5 44.7 7.5 2.5 2 1 3 0 0
-2792.9 7496.6 -5.5 99 0 13.4 79.2 10.0 2.5 2 1 4 5 5
-1772.3 6886.1 -5.4 189 0 229.7 112.9 7.5 0.0 0 0 3 1 1
-2730.7 7578.2 -5.4 280 0 10.9 25.0 10.0 2.5 4 1 4 2 2
-2619.0 8009.1 -4.6 282 0 11.9 86.9 7.5 0.0 0 1 3 2 2
-2563.9 7887.1 -4.6 281 0 12.9 42.5 7.5 0.0 0 1 3 0 0
-2523.0 7799.5 -4.6 99 0 13.5 28.6 10.0 2.5 2 1 4 5 5
-2666.0 7773.9 -4.6 12 0 56.5 13.0 5.0 0.0 0 0 2 2 2
-2834.2 7738.1 -4.1 96 0 13.4 60.2 7.5 2.5 4 1 3 2 2
-1714.3 7036.2 -5.1 279 0 40.7 11.9 5.0 2.5 4 0 2 0 0
-2687.7 7571.5 -5.5 279 0 12.9 39.9 5.0 2.5 2 1 2 2 2
-1842.9 6789.2 -5.2 277 0 16.1 14.0 7.5 2.5 2 0 3 3 3
-2370.6 7568.5 -5.4 280 0 11.5 50.4 10.0 2.5 2 1 4 3 3
-2637.9 7778.6 -4.7 13 0 76.3 11.6 12.5 2.5 2 0 5 5 5
-1862.7 7759.4 -6.5 279 0 61.1 46.2 7.5 0.0 0 0 3 3 3
-2849.9 7014.6 -4.6 278 0 106.0 52.3 10.0 0.0 0 0 4 3 3
-1945.7 7296.4 -4.8 99 0 29.3 68.0 10.0 0.0 0 1 4 2 2
-1638.0 7022.8 -5.2 280 0 90.0 25.9 10.0 0.0 0 0 4 1 1
-2578.4 7810.1 -4.3 101 0 12.8 28.4 7.5 2.5 2 1 3 3 3
-1520.4 6917.5 -4.8 9 0 119.3 51.9 7.5 0.0 0 0 3 5 5
-1874.7 7285.1 -4.8 99 0 28.2 68.8 12.5 0.0 0 1 5 3 3
-2699.1 7788.8 -4.5 12 0 71.9 13.8 7.5 2.5 2 0 3 2 2
-1844.0 6841.7 -5.3 9 0 75.2 11.4 10.0 2.5 2 0 4 4 4
-1941.0 7283.0 -4.7 281 0 17.1 9.7 5.0 2.5 2 0 2 2 2
-1636.8 6767.5 -5.0 99 0 49.2 210.8 7.5 0.0 0 1 3 0 0
-2499.4 7974.9 -4.8 200 0 16.4 15.2 7.5 2.5 2 0 3 5 5
-2522.3 7899.9 -4.7 102 0 12.7 45.1 10.0 2.5 2 1 4 3 3
-2657.4 7474.8 -5.3 99 0 12.9 65.8 10.0 2.5 2 1 4 0 0
-1618.0 7230.2 -4.6 103 0 24.7 8.8 2.5 2.5 2 0 1 3 3
-2347.3 7684.7 -5.7 9 0 55.1 12.8 7.5 2.5 2 0 3 4 4
-2968.3 7794.4 -4.2 103 0 6.6 56.2 7.5 2.5 2 1 3 1 1
-2417.1 7702.8 -5.4 272 0 12.1 12.3 5.0 2.5 2 1 2 4 4
-2460.1 7782.8 -5.1 280 0 11.2 23.7 7.5 2.5 2 1 3 2 2
-1960.4 7391.2 -5.0 99 0 7.7 96.7 7.5 2.5 2 1 3 2 2
-1427.3 7079.5 -4.4 102 0 17.5 105.8 7.5 0.0 0 1 3 0 0
-2439.8 7779.2 -5.2 280 0 11.3 23.2 10.0 2.5 2 1 4 0 0
-1803.4 7262.1 -4.7 282 0 9.8 15.0 7.5 2.5 2 1 3 2 2
-2456.8 7706.6 -5.3 269 0 14.5 13.4 5.0 2.5 2 0 2 5 5
-2529.2 7633.2 -5.2 98 0 11.6 23.5 10.0 2.5 4 1 4 2 2
-2439.7 7723.3 -5.3 266 0 11.8 12.8 10.0 2.5 4 1 4 2 2
-2142.7 7060.7 -5.7 9 0 23.9 31.1 12.5 0.0 0 1 5 3 3
-2985.8 7941.9 -4.4 273 0 9.9 23.5 7.5 2.5 2 1 3 4 4
-2974.5 7940.6 -4.4 272 0 8.4 26.6 5.0 2.5 2 1 2 5 5
-2579.2 7641.5 -5.1 99 0 12.9 26.9 7.5 2.5 2 1 3 3 3
-2578.0 7801.0 -4.9 280 0 12.5 41.8 7.5 2.5 2 1 3 1 1
-2998.4 7141.2 -3.8 275 0 9.8 44.9 7.5 2.5 2 1 3 5 5
-2431.9 7741.7 -5.4 269 0 11.8 12.5 5.0 2.5 4 1 2 3 3
-2422.4 7632.8 -5.6 99 0 12.0 23.5 7.5 2.5 2 1 3 2 2
-2552.3 7637.1 -5.2 100 0 11.6 24.2 10.0 2.5 2 1 4 3 3
-2839.4 7277.4 -4.2 276 0 59.0 12.2 7.5 2.5 2 0 3 0 0
-1944.2 7220.4 -4.8 279 0 17.2 18.1 7.5 2.5 2 1 3 5 5
-3017.3 7798.2 -4.4 197 0 9.9 23.0 7.5 0.0 0 1 3 2 2
-3039.3 7603.5 -5.3 199 0 50.0 29.7 5.0 0.0 0 0 2 4 4
-2234.9 6903.9 -5.7 282 0 17.4 71.8 10.0 2.5 2 1 4 3 3
-1907.2 7419.9 -5.0 99 0 36.0 8.1 7.5 2.5 4 0 3 2 2
-2982.8 7734.7 -4.2 95 0 16.4 57.8 7.5 2.5 4 1 3 5 5
-2952.8 7876.3 -4.3 9 0 23.2 9.3 7.5 2.5 2 0 3 0 0
-1905.0 7432.1 -5.1 99 0 36.2 36.8 7.5 0.0 0 1 3 0 0
-2420.0 7776.1 -5.3 279 0 11.5 22.9 10.0 2.5 2 1 4 5 5
-2600.4 7719.5 -4.9 190 0 54.4 12.4 7.5 2.5 2 0 3 5 5
-2107.6 7056.7 -5.6 9 0 5.8 11.9 5.0 2.5 2 1 2 3 3
-2613.4 7467.5 -5.4 99 0 13.1 46.9 15.0 2.5 2 1 6 2 2
-2103.7 7073.9 -5.9 9 0 18.0 11.9 5.0 2.5 2 0 2 4 4
-2939.1 7943.3 -4.2 272 0 13.6 40.4 10.0 2.5 2 1 4 5 5
-2509.6 7630.2 -5.2 98 0 11.9 23.2 7.5 2.5 4 1 3 5 5
-1862.1 7104.7 -4.7 103 0 16.6 36.9 10.0 2.5 2 1 4 1 1
-1741.5 7169.7 -4.6 12 0 42.7 23.7 7.5 0.0 0 0 3 0 0
-3021.6 7760.3 -4.3 185 0 31.9 8.4 7.5 0.0 0 0 3 1 1
-2709.0 8181.0 -4.4 282 0 7.8 33.3 7.5 0.0 0 1 3 4 4
-2549.9 7797.7 -5.0 279 0 13.4 55.0 7.5 2.5 2 1 3 5 5
-2692.1 8177.8 -4.4 283 0 8.3 34.1 7.5 2.5 2 1 3 3 3
-2409.6 7725.0 -5.4 272 0 11.6 11.8 7.5 2.5 4 1 3 0 0
-2757.2 8191.8 -4.3 283 0 11.5 65.9 10.0 2.5 2 1 4 1 1
-2570.5 7715.4 -5.0 189 0 41.7 12.5 7.5 2.5 2 0 3 0 0
-2113.5 7029.8 -5.2 9 0 6.1 5.2 7.5 0.0 0 0 3 1 1
-2608.4 7646.6 -5.0 99 0 13.0 41.4 7.5 2.5 2 1 3 5 5
-3010.1 7858.4 -4.5 194 0 9.1 35.4 7.5 2.5 2 1 3 2 2
-1810.2 7214.8 -4.7 12 0 56.1 8.9 7.5 2.5 2 0 3 2 2
-2969.5 7601.6 -5.4 289 0 8.1 42.9 7.5 2.5 2 1 3 3 3
-1727.7 7236.3 -4.6 13 0 38.8 23.1 7.5 0.0 0 0 3 4 4
-1759.7 7120.4 -4.7 11 0 37.8 16.2 10.0 2.5 2 0 4 0 0
-2528.6 7765.1 -5.1 280 0 11.7 24.0 10.0 2.5 4 1 4 4 4
-2133.9 7023.5 -5.3 279 0 30.5 54.1 7.5 0.0 0 1 3 1 1
-2391.6 7181.5 -5.3 99 0 49.2 14.8 7.5 2.5 2 0 3 5 5
-1852.2 7411.7 -5.1 99 0 53.7 49.1 7.5 0.0 0 0 3 3 3
-2379.2 7675.9 -5.6 8 0 27.7 11.2 7.5 2.5 2 0 3 2 2
-2462.5 7737.8 -5.3 269 0 14.5 14.3 7.5 2.5 2 0 3 2 2
-1950.0 7114.1 -4.9 99 0 17.1 12.4 5.0 2.5 2 0 2 3 3
-2236.1 8338.9 -4.3 100 0 10.5 23.2 7.5 2.5 2 1 3 0 0
-2480.3 7660.4 -5.3 91 0 12.4 13.0 7.5 2.5 2 1 3 4 4
-2752.8 8220.9 -4.2 103 0 11.2 64.2 7.5 2.5 2 1 3 1 1
-2926.8 7182.5 -3.4 98 0 15.0 28.4 10.0 2.5 2 1 4 4 4
-2483.0 7724.9 -5.2 271 0 14.9 14.0 2.5 2.5 2 0 1 2 2
-2337.8 7762.3 -5.7 279 0 12.5 41.0 7.5 2.5 2 1 3 3 3
-3004.4 7954.4 -4.6 285 0 16.1 36.8 10.0 2.5 2 1 4 2 2
-1803.6 7031.5 -5.3 279 0 16.4 58.5 7.5 2.5 2 1 3 5 5
-1902.3 6968.2 -5.5 279 0 36.8 163.4 10.0 0.0 0 1 4 2 2
-1821.7 7542.2 -5.3 100 0 107.2 36.4 7.5 0.0 0 0 3 1 1
-3044.5 7829.0 -4.5 106 0 13.9 44.8 7.5 2.5 2 1 3 0 0
-2955.2 7896.5 -4.4 14 0 9.7 49.4 7.5 2.5 4 1 3 0 0
-2983.6 7105.7 -4.0 5 0 89.8 8.7 7.5 2.5 2 0 3 5 5
-3022.2 7840.5 -4.5 194 0 13.5 42.5 7.5 2.5 2 1 3 1 1
-2329.5 7227.4 -5.3 278 0 12.8 42.4 7.5 2.5 2 1 3 3 3
-2240.6 7632.1 -6.1 279 0 15.8 36.6 7.5 2.5 2 1 3 4 4
-2922.7 7273.5 -4.0 182 0 6.3 51.7 7.5 2.5 2 1 3 3 3
-2834.2 7627.6 -5.0 279 0 12.7 34.7 10.0 0.0 0 1 4 4 4
-1708.7 7242.5 -4.7 192 0 23.9 60.6 7.5 2.5 4 1 3 0 0
-2399.9 7772.9 -5.3 279 0 11.4 23.3 12.5 2.5 2 1 5 2 2
-2430.0 7670.7 -5.4 89 0 11.4 12.9 2.5 2.5 2 1 1 2 2
-2479.6 7786.0 -5.1 279 0 11.4 23.2 7.5 2.5 2 1 3 5 5
-2523.9 7792.8 -4.9 280 0 11.2 23.0 7.5 2.5 2 1 3 3 3
-2489.0 7627.2 -5.3 98 0 12.2 23.0 10.0 2.5 2 1 4 1 1
-2365.8 7767.6 -5.6 279 0 12.8 41.0 5.0 2.5 4 1 2 4 4
-2399.5 7611.9 -5.5 99 0 13.8 41.7 12.5 2.5 2 1 5 2 2
-3031.0 7906.6 -4.6 196 0 31.8 15.3 7.5 2.5 4 0 3 5 5
-2361.4 7627.4 -5.7 9 0 42.2 12.3 7.5 2.5 2 0 3 3 3
-1930.0 7491.6 -5.2 280 0 13.2 36.5 7.5 2.5 2 1 3 1 1
-2934.8 7833.1 -4.2 10 0 22.0 11.7 12.5 2.5 2 0 5 0 0
-1961.1 7358.7 -4.9 9 0 33.2 6.1 7.5 2.5 2 0 3 1 1
-2535.6 7676.2 -5.1 89 0 11.9 12.4 7.5 2.5 2 1 3 0 0
-1716.1 7209.2 -4.6 192 0 23.9 60.7 5.0 2.5 4 1 2 3 3
-2743.0 8189.0 -4.3 282 0 7.7 33.2 7.5 2.5 4 1 3 1 1
-2537.8 7698.8 -5.0 89 0 12.1 11.5 7.5 2.5 2 0 3 5 5
-2999.2 7029.8 -4.3 8 0 48.9 25.3 7.5 0.0 0 0 3 3 3
-2964.8 7832.4 -4.2 13 0 42.1 13.0 7.5 2.5 2 0 3 0 0
-3009.5 7888.7 -4.5 194 0 13.1 35.0 10.0 2.5 2 1 4 5 5
-2725.5 8185.8 -4.3 282 0 7.6 34.2 7.5 2.5 2 1 3 2 2
-2213.2 7072.6 -5.8 189 0 38.3 21.2 10.0 2.5 4 0 4 5 5
-2754.0 7490.4 -5.5 98 0 12.4 30.4 7.5 2.5 2 1 3 2 2
-2709.4 7483.5 -5.5 98 0 12.4 30.4 7.5 2.5 2 1 3 5 5
