638.8 -2020.3 -214.7 357 0 28.6 106.9 7.5 0.0 0 1 3 0 0
-610.3 401.8 -239.6 90 0 168.4 126.8 7.5 0.0 0 0 3 4 4
-676.0 692.9 -236.7 267 0 41.2 115.2 12.5 0.0 0 1 5 0 0
-856.4 710.5 -233.3 180 0 45.9 50.3 7.5 0.0 0 1 3 5 5
-2759.1 9060.7 -252.6 268 0 54.9 306.0 14.0 0.0 0 1 4 5 5
-2817.8 9074.0 -253.3 269 0 21.5 93.7 14.0 0.0 0 1 4 0 0
-2813.0 8764.9 -252.3 180 0 57.9 19.2 14.0 3.5 2 0 4 2 2
-2334.9 9330.6 -257.4 204 0 26.9 29.3 10.0 0.0 0 1 4 5 5
-2269.5 9147.7 -255.8 30 0 24.6 24.4 7.5 0.0 0 0 3 1 1
-2240.6 9198.1 -255.7 29 0 23.4 22.9 10.0 2.5 2 0 4 3 3
54.5 8268.6 -253.9 105 0 82.9 47.6 12.5 0.0 0 0 5 2 2
5548.9 7039.9 -260.9 269 0 19.6 121.7 10.0 0.0 0 1 4 2 2
5844.4 5016.9 -262.4 199 0 23.2 115.7 10.0 0.0 0 1 4 3 3
2113.9 7457.8 -250.1 76 0 20.0 120.5 10.0 0.0 0 1 4 0 0
-5257.6 -612.9 -183.9 110 0 11.6 9.0 5.0 2.5 2 0 2 0 0
-4901.6 137.8 -190.2 157 0 16.8 13.3 5.0 2.5 2 0 2 1 1
-4843.6 78.6 -190.7 71 0 6.1 9.5 2.5 2.5 2 1 1 0 0
-4892.5 116.9 -189.9 162 0 18.1 17.4 10.0 2.5 2 0 4 2 2
-4911.0 172.3 -190.7 249 0 5.2 17.3 5.0 2.5 2 1 2 2 2
-4780.6 56.0 -194.0 333 0 16.2 16.3 17.5 0.0 0 1 7 5 5
-4578.0 -712.4 -201.4 71 0 51.7 29.7 12.5 0.0 0 0 5 2 2
-4812.3 135.4 -189.4 346 0 11.7 8.8 5.0 0.0 0 0 2 3 3
-4886.5 207.4 -190.8 247 0 7.8 16.1 7.5 2.5 2 1 3 5 5
-2211.2 9255.6 -255.1 30 0 24.6 24.4 7.5 0.0 0 0 3 0 0
-2186.7 9314.2 -255.8 30 0 24.6 24.4 12.5 0.0 0 0 5 0 0
-2169.9 9387.7 -256.1 300 0 24.4 24.6 10.0 0.0 0 1 4 0 0
-2238.3 9431.1 -257.9 296 0 92.9 22.4 12.5 0.0 0 0 5 0 0
-3102.4 9288.2 -253.1 240 0 15.7 71.3 12.5 2.5 4 1 5 1 1
-2513.5 9374.2 -259.7 331 0 76.8 16.0 10.0 2.5 2 0 4 5 5
-2529.9 9565.0 -260.7 269 0 38.7 30.2 15.0 0.0 0 0 6 5 5
-2461.7 9531.5 -261.4 269 0 37.4 28.9 10.0 0.0 0 0 4 1 1
-2398.3 9497.9 -260.4 269 0 38.7 34.2 7.5 0.0 0 0 3 2 2
-2813.1 9292.2 -254.1 241 0 17.2 111.7 7.5 0.0 0 1 3 2 2
-2381.6 9410.3 -259.8 0 0 32.2 39.4 7.5 0.0 0 1 3 3 3
-2652.5 9530.2 -259.9 243 0 17.4 88.7 12.5 2.5 2 1 5 4 4
-2634.1 9391.2 -258.6 152 0 28.2 17.5 7.5 2.5 4 0 3 2 2
-3153.8 9126.7 -252.7 85 0 15.1 30.1 10.0 2.5 2 1 4 5 5
-3232.7 9113.6 -252.2 328 0 53.5 16.0 7.5 2.5 2 0 3 0 0
-2574.3 9306.9 -258.1 61 0 18.9 68.7 10.0 2.5 2 1 4 2 2
-2584.6 9417.4 -259.4 332 0 29.7 17.1 7.5 2.5 2 0 3 2 2
-2598.9 9526.7 -260.3 332 0 57.6 17.9 7.5 2.5 2 0 3 1 1
-2686.8 9512.5 -259.1 242 0 18.6 87.8 10.0 0.0 0 1 4 0 0
-3103.3 9101.8 -252.5 84 0 13.3 61.2 10.0 2.5 2 1 4 3 3
-3266.4 9168.4 -252.5 328 0 52.4 16.7 7.5 2.5 2 0 3 3 3
-2539.5 9325.4 -258.9 61 0 20.4 68.1 10.0 2.5 2 1 4 3 3
-2230.7 9592.2 -258.6 205 0 102.6 17.3 12.5 0.0 0 0 5 2 2
-2078.2 9595.0 -256.2 292 0 16.9 113.7 10.0 0.0 0 1 4 3 3
-3688.5 8944.8 -253.8 54 0 13.8 57.3 14.0 3.5 2 1 4 5 5
-3669.2 8976.5 -253.7 56 0 14.5 41.5 14.0 3.5 2 1 4 3 3
-3847.8 8751.6 -253.9 157 0 53.9 15.8 14.0 0.0 0 0 4 3 3
-3649.2 9027.8 -253.7 321 0 28.2 13.8 14.0 3.5 2 0 4 5 5
-3789.8 8779.3 -253.8 343 0 54.9 14.3 14.0 3.5 2 0 4 1 1
-3754.1 8661.3 -253.5 0 0 65.7 14.9 7.5 2.5 2 0 3 0 0
-3673.8 8567.1 -253.0 91 0 15.4 63.0 10.0 2.5 2 1 4 1 1
-3558.0 8562.1 -252.6 64 0 16.7 76.8 12.5 2.5 2 1 5 5 5
-3529.4 8592.2 -252.4 65 0 17.8 54.8 10.0 2.5 2 1 4 5 5
-3872.9 8816.0 -252.9 158 0 60.3 16.3 14.0 3.5 2 0 4 0 0
-3785.5 8818.2 -253.9 70 0 14.2 65.6 14.0 3.5 4 1 4 1 1
-3602.5 8566.7 -252.7 64 0 17.3 60.7 10.0 2.5 2 1 4 0 0
-3835.5 8674.2 -253.9 272 0 14.9 46.3 12.5 2.5 2 1 5 3 3
-3592.3 8724.3 -252.8 244 0 17.1 81.2 7.5 2.5 2 1 3 4 4
-3841.2 8859.9 -253.7 249 0 14.8 58.2 14.0 3.5 2 1 4 3 3
-3533.2 8982.8 -253.1 327 0 61.8 17.0 7.5 2.5 2 0 3 4 4
-3671.4 8691.0 -253.1 271 0 16.7 50.7 10.0 2.5 2 1 4 5 5
-3585.7 8962.7 -253.2 237 0 15.4 37.5 12.5 2.5 2 1 5 3 3
-3602.8 8827.8 -253.1 58 0 15.3 38.0 10.0 2.5 2 1 4 1 1
-3750.4 8833.1 -253.8 69 0 15.3 65.5 14.0 0.0 0 1 4 4 4
-3660.0 8921.7 -253.5 241 0 16.8 48.5 10.0 2.5 2 1 4 3 3
-3844.7 8884.5 -252.9 248 0 38.0 13.8 14.0 3.5 2 0 4 2 2
-3631.5 8709.6 -253.0 244 0 17.9 78.6 10.0 2.5 2 1 4 4 4
-3799.3 8691.9 -253.7 271 0 13.6 48.5 7.5 0.0 0 1 3 0 0
-3592.2 8995.1 -253.3 53 0 17.4 17.0 14.0 3.5 2 0 4 5 5
-3719.4 8568.8 -253.2 92 0 14.5 115.1 7.5 0.0 0 1 3 5 5
-3583.9 9041.6 -253.3 235 0 19.1 17.1 14.0 3.5 4 0 4 1 1
-3498.1 8610.2 -252.4 65 0 15.1 74.5 12.5 2.5 2 1 5 3 3
-3715.9 8844.8 -253.7 67 0 13.3 66.4 14.0 3.5 2 1 4 3 3
-3433.0 8978.7 -252.8 328 0 48.3 15.9 7.5 2.5 2 0 3 0 0
-3784.7 8915.0 -253.9 251 0 72.5 13.9 14.0 3.5 2 0 4 3 3
-3713.1 8915.5 -253.7 52 0 14.1 64.6 14.0 0.0 0 1 4 3 3
-6712.6 7211.4 -244.2 318 0 13.7 44.7 7.5 2.5 2 1 3 0 0
-6747.1 7164.9 -244.3 319 0 11.1 19.6 7.5 2.5 2 1 3 0 0
-1871.5 5088.3 -222.4 35 0 12.0 31.3 10.0 2.5 2 1 4 2 2
-1776.3 5231.3 -226.7 34 0 11.5 31.0 7.5 2.5 2 1 3 5 5
-1895.3 5449.8 -234.3 249 0 14.1 44.2 12.5 2.5 4 1 5 2 2
-1981.2 5273.7 -229.2 69 0 15.7 63.7 10.0 2.5 2 1 4 0 0
-1804.4 5140.3 -220.7 251 0 12.0 50.8 7.5 2.5 2 1 3 5 5
-2062.2 5043.3 -224.2 52 0 14.1 35.6 10.0 2.5 2 1 4 5 5
-1813.9 5173.9 -223.6 33 0 10.9 33.6 15.0 0.0 0 1 6 4 4
-1909.5 5128.3 -221.3 44 0 12.7 63.7 12.5 2.5 2 1 5 5 5
-2129.8 5450.1 -240.8 67 0 14.6 62.4 15.0 0.0 0 1 6 4 4
-1773.8 5539.4 -240.0 250 0 15.5 60.6 10.0 2.5 2 1 4 5 5
-1992.5 5708.6 -242.9 247 0 16.3 110.4 10.0 0.0 0 1 4 4 4
-2188.9 5219.4 -233.3 250 0 16.4 84.3 12.5 2.5 2 1 5 1 1
-1843.9 5131.8 -221.1 34 0 12.1 30.3 10.0 2.5 2 1 4 5 5
-1865.5 5183.6 -224.0 40 0 14.1 62.5 7.5 2.5 2 1 3 2 2
-2252.1 5596.5 -242.0 249 0 15.6 81.8 10.0 2.5 2 1 4 4 4
-2158.4 5429.9 -238.7 248 0 14.4 61.0 12.5 2.5 2 1 5 4 4
-2006.8 5041.1 -222.9 47 0 12.3 65.0 10.0 2.5 2 1 4 5 5
-2070.5 5672.8 -242.3 249 0 15.6 62.7 15.0 2.5 2 1 6 5 5
-1848.5 5074.1 -226.0 252 0 12.1 47.5 12.5 2.5 2 1 5 4 4
-1704.3 5341.6 -232.5 31 0 12.6 29.2 7.5 2.5 4 1 3 0 0
-1829.5 5236.7 -226.9 39 0 13.7 61.7 10.0 2.5 2 1 4 3 3
-2191.9 5424.9 -241.6 68 0 17.3 89.7 10.0 2.5 2 1 4 5 5
-2133.6 5354.9 -235.0 249 0 15.3 50.6 10.0 2.5 2 1 4 5 5
-1958.8 5084.1 -221.1 47 0 13.2 60.4 10.0 2.5 2 1 4 1 1
-2131.9 5645.4 -242.0 248 0 14.9 61.8 7.5 2.5 2 1 3 3 3
-1740.6 5231.2 -226.8 232 0 14.3 59.8 10.0 2.5 2 1 4 2 2
-2076.9 5223.7 -229.4 249 0 14.1 47.5 10.0 2.5 2 1 4 5 5
-1789.5 5286.8 -229.7 40 0 12.5 63.1 12.5 0.0 0 1 5 5 5
-2062.3 5386.0 -233.4 250 0 14.4 53.2 7.5 2.5 4 1 3 5 5
-2038.0 5121.3 -224.2 55 0 13.5 31.5 10.0 0.0 0 1 4 3 3
-2149.4 5516.3 -241.0 68 0 16.4 111.8 12.5 0.0 0 1 5 1 1
-1694.1 5297.6 -230.5 232 0 16.8 70.5 10.0 2.5 2 1 4 4 4
-2115.1 5134.9 -230.0 69 0 13.4 64.4 12.5 2.5 2 1 5 4 4
-1792.2 5377.3 -232.6 220 0 14.2 57.2 15.0 2.5 2 1 6 0 0
-1962.1 5268.4 -225.3 252 0 14.4 26.6 10.0 2.5 2 1 4 0 0
-1715.1 5322.0 -231.5 31 0 10.8 30.6 7.5 0.0 0 1 3 5 5
-1652.0 5372.7 -234.4 214 0 14.4 95.4 12.5 2.5 2 1 5 1 1
-2129.2 5274.6 -234.2 250 0 12.2 65.8 7.5 0.0 0 1 3 4 4
-2189.8 5114.4 -227.4 249 0 14.5 48.2 10.0 2.5 4 1 4 3 3
-1734.2 5418.7 -235.2 220 0 13.1 34.9 12.5 2.5 2 1 5 3 3
-2096.6 5460.9 -238.2 158 0 37.5 12.8 7.5 2.5 2 0 3 1 1
-1763.5 5302.0 -229.6 214 0 11.0 29.0 10.0 2.5 2 1 4 0 0
-1685.3 5366.8 -234.0 34 0 12.8 28.8 7.5 2.5 2 1 3 3 3
-2128.8 5515.6 -240.7 247 0 20.1 11.1 10.0 2.5 2 0 4 2 2
-1789.4 5265.1 -227.6 214 0 11.1 29.4 7.5 2.5 2 1 3 1 1
-1934.6 5434.7 -233.1 249 0 17.4 43.9 15.0 2.5 2 1 6 2 2
-2036.7 5321.1 -230.1 249 0 15.6 63.7 10.0 2.5 4 1 4 2 2
-1783.6 5174.3 -223.3 253 0 13.6 68.2 10.0 2.5 2 1 4 0 0
-1800.4 5195.6 -224.8 33 0 11.8 30.0 10.0 2.5 2 1 4 4 4
-1808.3 5523.9 -238.8 249 0 15.7 60.5 12.5 2.5 2 1 5 1 1
-1947.1 5286.9 -228.6 69 0 15.7 64.7 12.5 2.5 2 1 5 4 4
-2124.4 5064.6 -225.2 228 0 12.7 31.9 5.0 2.5 2 1 2 5 5
-1828.6 5153.1 -222.6 35 0 13.5 30.9 10.0 2.5 2 1 4 3 3
-1887.7 5155.3 -222.6 43 0 13.0 64.1 10.0 2.5 2 1 4 3 3
-2127.7 5443.5 -238.0 249 0 14.6 63.0 12.5 2.5 2 1 5 1 1
-1733.4 5555.3 -241.3 247 0 15.5 73.5 15.0 2.5 2 1 6 0 0
-2020.8 5695.0 -242.9 248 0 16.9 110.6 12.5 0.0 0 1 5 3 3
-1809.1 5060.9 -223.3 70 0 11.1 50.5 12.5 2.5 2 1 5 3 3
-1854.9 5110.2 -220.6 31 0 11.5 33.5 10.0 2.5 2 1 4 4 4
-1847.8 5211.2 -225.4 39 0 15.5 60.0 10.0 2.5 2 1 4 3 3
-2160.2 5438.4 -241.5 68 0 16.8 90.0 10.0 2.5 2 1 4 0 0
-2190.6 5418.5 -239.4 249 0 14.1 60.9 10.0 2.5 2 1 4 3 3
-1984.1 5062.2 -221.9 48 0 13.7 62.8 12.5 2.5 2 1 5 3 3
-2100.7 5660.0 -242.0 250 0 16.4 63.1 10.0 0.0 0 1 4 2 2
-1759.2 5205.0 -225.3 253 0 12.1 65.6 12.5 2.5 2 1 5 0 0
-1808.9 5261.5 -228.3 40 0 13.4 64.5 12.5 2.5 2 1 5 3 3
-2098.3 5370.5 -234.3 250 0 15.1 51.6 12.5 2.5 2 1 5 5 5
-1935.9 5105.6 -221.7 47 0 12.3 63.0 10.0 2.5 2 1 4 5 5
-2120.7 5526.7 -241.3 69 0 14.7 112.8 10.0 0.0 0 1 4 0 0
-1717.9 5266.9 -228.8 235 0 15.6 72.5 10.0 2.5 2 1 4 0 0
-2104.8 5205.5 -229.4 250 0 15.2 47.6 10.0 2.5 2 1 4 3 3
-1768.0 5313.8 -231.2 40 0 12.7 63.1 12.5 2.5 2 1 5 3 3
-2066.5 5403.0 -235.9 68 0 12.6 36.2 10.0 2.5 2 1 4 0 0
-2030.1 5397.9 -232.7 251 0 13.7 52.8 12.5 2.5 4 1 5 4 4
-2062.2 5100.2 -223.8 49 0 13.9 29.9 10.0 2.5 2 1 4 4 4
-2221.2 5608.7 -241.9 248 0 17.4 80.8 12.5 2.5 2 1 5 0 0
-1674.2 5335.5 -232.5 215 0 17.1 82.5 12.5 2.5 2 1 5 0 0
-2154.9 5241.9 -233.3 250 0 13.8 37.2 10.0 0.0 0 1 4 4 4
-2213.8 5179.9 -232.0 250 0 15.7 58.2 15.0 2.5 2 1 6 4 4
-1762.9 5396.1 -233.9 221 0 14.0 43.2 12.5 2.5 2 1 5 5 5
-2002.6 5253.8 -226.3 248 0 16.1 38.8 12.5 0.0 0 1 5 2 2
-1728.6 5303.2 -230.6 35 0 12.5 29.2 10.0 2.5 2 1 4 4 4
-2103.4 5294.8 -232.6 249 0 15.6 64.5 10.0 2.5 4 1 4 4 4
-2138.5 5080.9 -226.9 70 0 17.5 50.5 12.5 2.5 2 1 5 1 1
-1669.3 5390.6 -235.3 36 0 12.1 27.1 7.5 2.5 2 1 3 5 5
-2108.4 5525.2 -240.3 248 0 11.7 40.4 17.5 0.0 0 1 7 5 5
-2041.8 5242.2 -227.7 249 0 15.5 46.5 12.5 2.5 2 1 5 3 3
-1777.3 5281.9 -228.5 214 0 10.8 28.0 7.5 2.5 4 1 3 2 2
-1974.4 5418.6 -231.8 248 0 19.1 43.7 10.0 2.5 2 1 4 2 2
-2069.8 5308.6 -230.9 249 0 15.2 65.6 7.5 0.0 0 1 3 0 0
-1612.8 6490.8 -245.7 297 0 29.8 17.0 5.0 2.5 2 0 2 1 1
-2834.6 10347.5 -256.7 279 0 84.0 11.2 7.5 2.5 2 0 3 3 3
1796.9 9825.0 -260.7 352 0 49.8 10.1 10.0 2.5 2 0 4 2 2
-4731.4 9580.4 -255.6 267 0 27.9 20.3 7.5 2.5 2 0 3 4 4
-4472.4 9207.3 -254.3 12 0 12.1 35.6 7.5 2.5 2 1 3 4 4
-4243.0 -286.0 -206.9 215 0 7.5 61.3 7.5 2.5 2 1 3 4 4
-4774.2 9153.1 -253.8 272 0 46.3 15.1 10.0 2.5 2 0 4 3 3
-3578.3 6120.3 -243.9 66 0 20.4 14.5 10.0 2.5 4 0 4 5 5
-5578.3 9958.8 -256.8 270 0 35.2 24.7 10.0 0.0 0 0 4 5 5
-4425.8 -296.7 -205.5 337 0 31.0 65.2 7.5 0.0 0 1 3 2 2
2520.9 1926.8 -251.4 354 0 70.1 13.9 7.5 2.5 4 0 3 5 5
1131.6 3971.4 -246.9 22 0 96.7 37.3 10.0 0.0 0 0 4 3 3
2757.0 2021.4 -250.3 182 0 49.3 15.3 7.5 2.5 2 0 3 0 0
911.8 1905.0 -244.7 360 0 93.9 102.2 14.0 0.0 0 1 4 0 0
2509.8 2042.0 -251.8 354 0 69.8 14.4 7.5 0.0 0 0 3 5 5
2463.7 2070.5 -251.8 265 0 14.6 69.5 10.0 2.5 2 1 4 1 1
2480.9 1887.8 -251.4 84 0 14.1 70.0 7.5 2.5 2 1 3 0 0
1447.8 4053.0 -251.4 180 0 67.4 32.5 10.0 0.0 0 0 4 2 2
327.5 2117.6 -242.0 9 0 94.9 14.7 7.5 2.5 2 0 3 2 2
-4924.5 4784.8 -239.0 144 0 146.6 29.9 7.5 0.0 0 0 3 5 5
-5465.7 8440.8 -252.2 241 0 60.1 25.1 12.5 2.5 2 0 5 2 2
-5551.1 8486.3 -253.5 330 0 143.6 178.7 10.0 0.0 0 1 4 4 4
-5253.6 8625.5 -251.5 61 0 39.3 15.7 7.5 2.5 4 0 3 4 4
-2640.1 5212.3 -239.6 50 0 11.7 49.8 7.5 2.5 2 1 3 2 2
2512.9 7194.5 -261.4 347 0 67.4 13.4 12.5 2.5 2 0 5 5 5
349.2 5606.4 -250.6 264 0 16.8 51.9 12.5 2.5 2 1 5 0 0
2589.7 7109.0 -261.8 77 0 13.3 50.7 15.0 2.5 2 1 6 0 0
6923.1 1830.3 -258.9 44 0 13.3 68.7 10.0 2.5 2 1 4 1 1
2527.6 7125.3 -261.9 348 0 47.0 12.8 7.5 2.5 2 0 3 3 3
5306.8 4376.3 -260.6 208 0 77.2 13.1 10.0 2.5 4 0 4 1 1
-2792.8 4910.5 -235.0 229 0 15.6 62.5 7.5 2.5 2 1 3 5 5
5420.1 4441.4 -261.5 296 0 13.0 54.3 7.5 2.5 2 1 3 5 5
2330.8 5243.2 -254.5 12 0 8.5 42.0 7.5 2.5 2 1 3 5 5
521.4 5490.9 -250.4 85 0 16.1 69.1 15.0 2.5 2 1 6 3 3
6117.2 4812.0 -262.9 70 0 17.3 41.3 7.5 2.5 2 1 3 0 0
5387.8 4380.5 -261.4 296 0 12.6 75.9 7.5 0.0 0 1 3 2 2
-2617.8 5231.6 -240.0 50 0 10.8 50.4 7.5 2.5 2 1 3 4 4
388.2 5476.4 -249.1 85 0 15.1 67.7 12.5 2.5 2 1 5 1 1
461.8 5637.2 -251.8 266 0 15.4 66.8 10.0 2.5 2 1 4 1 1
-2723.4 4970.4 -237.0 229 0 16.8 62.1 15.0 0.0 0 1 6 0 0
6623.6 1886.5 -259.6 309 0 107.2 49.5 7.5 0.0 0 0 3 3 3
452.2 5484.1 -249.6 85 0 15.7 66.6 10.0 2.5 2 1 4 1 1
-2758.6 4940.2 -236.3 229 0 16.0 61.0 10.0 2.5 2 1 4 3 3
-2690.2 5002.3 -236.8 230 0 15.9 61.6 10.0 2.5 2 1 4 1 1
1414.7 3537.2 -251.8 270 0 9.5 78.1 7.5 2.5 2 1 3 5 5
-343.2 5902.6 -251.1 101 0 18.9 73.3 10.0 2.5 4 1 4 2 2
6838.0 1789.8 -258.7 133 0 68.5 12.9 7.5 2.5 2 0 3 0 0
1831.6 4140.3 -251.9 90 0 23.4 120.9 10.0 0.0 0 1 4 3 3
2494.5 7274.8 -260.1 346 0 65.0 13.8 15.0 0.0 0 0 6 0 0
-452.4 5992.4 -250.7 201 0 165.3 19.5 10.0 0.0 0 0 4 5 5
-337.8 6072.7 -253.0 279 0 100.7 36.8 12.5 0.0 0 0 5 5 5
511.9 5623.9 -252.1 267 0 16.2 53.3 10.0 2.5 2 1 4 4 4
6086.2 4766.3 -263.0 71 0 13.3 57.1 12.5 2.5 2 1 5 0 0
5360.1 4470.8 -261.1 296 0 12.7 54.7 10.0 2.5 2 1 4 3 3
325.3 5468.7 -249.4 85 0 15.3 67.3 7.5 2.5 2 1 3 3 3
2562.0 7237.8 -262.4 258 0 12.6 64.3 7.5 2.5 4 1 3 5 5
6049.0 4733.5 -263.0 70 0 12.6 68.5 7.5 2.5 2 1 3 4 4
6893.8 1801.2 -258.8 44 0 12.8 69.0 10.0 2.5 2 1 4 4 4
6726.8 578.1 -256.3 274 0 12.8 64.2 7.5 2.5 2 1 3 1 1
6136.0 3266.4 -264.5 300 0 13.6 88.2 12.5 2.5 2 1 5 3 3
6766.4 546.2 -256.8 4 0 70.6 15.3 10.0 2.5 4 0 4 0 0
6719.7 466.9 -255.5 90 0 6.8 39.6 7.5 2.5 4 1 3 4 4
6927.8 1878.1 -258.9 41 0 8.2 40.6 7.5 2.5 2 1 3 5 5
6887.7 716.8 -258.4 332 0 55.4 27.6 15.0 2.5 2 0 6 0 0
6787.7 1845.1 -258.8 130 0 12.0 17.7 5.0 2.5 2 1 2 4 4
6756.6 1895.0 -259.5 219 0 15.1 28.0 10.0 0.0 0 1 4 3 3
6832.2 1910.0 -258.9 218 0 13.4 41.1 10.0 2.5 2 1 4 4 4
6168.6 3246.7 -264.7 300 0 14.1 88.2 12.5 2.5 2 1 5 3 3
3807.1 5167.9 -259.8 129 0 12.5 45.5 7.5 2.5 4 1 3 4 4
1496.5 6091.6 -258.4 13 0 24.5 112.8 15.0 0.0 0 1 6 1 1
5591.1 2112.9 -261.1 120 0 13.1 44.7 5.0 2.5 2 1 2 5 5
6633.2 290.6 -257.5 82 0 12.9 55.6 10.0 2.5 4 1 4 4 4
6058.7 5499.3 -263.1 351 0 34.4 7.7 7.5 2.5 2 0 3 1 1
6421.0 3342.5 -265.1 91 0 11.5 79.4 14.0 3.5 2 1 4 5 5
3733.5 5228.0 -260.0 130 0 12.8 45.6 10.0 2.5 2 1 4 1 1
3836.5 5143.8 -259.8 129 0 11.9 45.2 7.5 2.5 4 1 3 0 0
4057.3 5114.5 -260.0 86 0 12.1 74.0 12.5 2.5 2 1 5 3 3
3821.2 5156.4 -259.8 130 0 12.0 45.4 7.5 2.5 4 1 3 5 5
3792.9 5179.6 -259.9 128 0 12.0 45.3 7.5 2.5 2 1 3 4 4
3802.2 5430.1 -260.6 205 0 44.4 13.0 7.5 2.5 2 0 3 4 4
6341.2 3367.0 -264.3 90 0 12.0 58.5 14.0 3.5 2 1 4 2 2
3922.3 5101.8 -259.8 85 0 12.3 72.7 7.5 2.5 2 1 3 4 4
5678.5 2137.5 -262.2 118 0 12.9 98.7 7.5 2.5 2 1 3 3 3
3778.0 5191.7 -259.9 129 0 12.8 45.1 10.0 2.5 2 1 4 3 3
3824.6 5476.1 -260.7 206 0 43.5 12.7 10.0 2.5 2 0 4 4 4
3941.0 5103.0 -259.8 85 0 13.3 73.4 15.0 2.5 2 1 6 5 5
4900.8 4288.1 -259.2 211 0 18.5 54.0 7.5 2.5 2 1 3 1 1
5760.1 2161.6 -262.7 28 0 83.3 11.5 10.0 0.0 0 0 4 2 2
4910.0 -4211.4 -250.2 331 0 40.9 12.1 7.5 2.5 2 0 3 3 3
4018.6 5110.7 -259.9 86 0 12.1 73.5 10.0 2.5 2 1 4 2 2
6398.8 3468.3 -265.1 269 0 12.9 37.8 14.0 3.5 2 1 4 2 2
3979.2 5107.0 -259.9 86 0 13.1 73.0 7.5 2.5 2 1 3 3 3
3763.1 5203.7 -259.9 129 0 12.6 45.2 10.0 0.0 0 1 4 1 1
4038.0 5112.9 -260.0 85 0 12.2 72.8 10.0 2.5 2 1 4 1 1
3999.5 5109.6 -259.9 85 0 12.3 72.7 10.0 2.5 4 1 4 3 3
3748.2 5215.7 -260.0 130 0 12.7 45.7 10.0 2.5 2 1 4 4 4
5211.6 2391.8 -257.1 91 0 24.1 23.3 7.5 2.5 2 0 3 5 5
4078.4 5120.3 -259.9 86 0 16.4 48.2 10.0 2.5 2 1 4 5 5
3781.1 5384.7 -260.4 204 0 44.4 12.7 7.5 2.5 2 0 3 4 4
6299.7 3466.3 -264.1 270 0 11.6 73.1 14.0 3.5 2 1 4 2 2
3903.7 5099.3 -259.8 85 0 12.3 73.8 10.0 0.0 0 1 4 5 5
3718.0 5239.4 -260.0 130 0 12.6 45.6 7.5 2.5 2 1 3 4 4
5388.3 1371.3 -255.8 102 0 10.0 36.1 14.0 3.5 2 1 4 2 2
3759.7 5338.7 -260.3 206 0 45.6 13.1 7.5 2.5 2 0 3 5 5
6358.4 3469.4 -264.7 269 0 12.1 39.8 14.0 3.5 2 1 4 5 5
5460.4 1400.6 -256.5 281 0 66.3 15.7 14.0 3.5 2 0 4 4 4
3863.5 5539.8 -260.9 296 0 11.8 45.1 7.5 0.0 0 1 3 5 5
6382.7 3352.3 -264.7 90 0 12.1 70.0 14.0 3.5 2 1 4 1 1
3960.1 5105.2 -259.8 85 0 12.5 73.1 7.5 2.5 2 1 3 1 1
6598.3 345.0 -256.1 258 0 12.5 18.9 7.5 2.5 2 1 3 1 1
5960.1 3066.0 -263.5 90 0 15.6 73.8 10.0 2.5 2 1 4 4 4
5953.1 3198.5 -263.4 180 0 74.9 16.2 7.5 2.5 2 0 3 5 5
6835.7 53.9 -260.2 81 0 14.4 18.2 10.0 2.5 2 1 4 2 2
6935.2 74.9 -257.9 1 0 18.9 15.3 10.0 2.5 4 0 4 5 5
6046.5 3183.0 -264.4 270 0 13.5 58.3 10.0 2.5 2 1 4 2 2
6802.9 -79.6 -260.9 347 0 18.2 9.3 2.5 2.5 2 0 1 5 5
6088.7 3159.4 -264.7 271 0 15.8 44.3 12.5 2.5 2 1 5 1 1
6867.5 59.3 -259.4 90 0 15.0 18.8 10.0 2.5 2 1 4 5 5
6131.7 3049.4 -264.1 1 0 54.3 12.7 5.0 2.5 2 0 2 5 5
6892.8 64.2 -258.8 90 0 15.8 18.3 7.5 2.5 2 1 3 1 1
6137.0 3114.1 -264.8 2 0 44.8 15.0 10.0 2.5 2 0 4 4 4
6045.0 3020.6 -264.0 91 0 12.8 67.5 7.5 2.5 2 1 3 4 4
6861.6 1960.8 -259.4 317 0 95.6 12.4 5.0 2.5 2 0 2 5 5
6004.0 3037.2 -264.0 90 0 15.9 82.0 7.5 0.0 0 1 3 5 5
6003.6 3207.4 -263.9 270 0 16.4 60.6 7.5 2.5 2 1 3 2 2
6085.0 3003.6 -264.1 91 0 13.5 80.6 7.5 2.5 2 1 3 5 5
3866.1 5439.1 -260.8 197 0 45.6 12.3 7.5 2.5 2 0 3 0 0
4064.1 5387.8 -260.9 271 0 12.7 30.9 7.5 2.5 2 1 3 2 2
5476.7 4410.2 -261.8 296 0 12.1 52.5 10.0 2.5 2 1 4 4 4
3955.3 5204.6 -260.2 90 0 11.9 45.2 7.5 2.5 2 1 3 3 3
4051.0 5278.2 -260.5 360 0 45.4 12.6 7.5 0.0 0 0 3 4 4
3851.1 5254.8 -260.3 90 0 12.3 45.1 10.0 2.5 2 1 4 4 4
3980.7 5204.8 -260.2 89 0 12.5 44.7 7.5 2.5 2 1 3 5 5
3941.3 5498.9 -261.1 288 0 12.4 27.1 7.5 2.5 2 1 3 5 5
1092.2 3215.5 -251.1 190 0 61.8 16.4 7.5 2.5 2 0 3 3 3
4091.5 5306.4 -260.6 2 0 16.1 13.5 2.5 2.5 2 0 1 5 5
3869.2 5350.9 -260.5 270 0 12.3 45.0 7.5 2.5 4 1 3 5 5
4070.2 5227.1 -260.3 360 0 44.7 12.5 7.5 2.5 2 0 3 4 4
3888.5 5255.2 -260.3 90 0 12.1 44.2 10.0 2.5 2 1 4 2 2
1140.2 2560.1 -246.4 90 0 11.2 83.2 10.0 2.5 4 1 4 3 3
3850.5 5350.9 -260.5 270 0 12.1 45.0 10.0 2.5 2 1 4 0 0
3891.6 5534.6 -261.0 290 0 12.1 45.3 15.0 0.0 0 1 6 4 4
3907.3 5255.3 -260.3 90 0 11.7 44.3 7.5 2.5 2 1 3 0 0
4057.1 5467.8 -261.2 288 0 12.1 33.5 7.5 2.5 2 1 3 0 0
3889.8 5402.1 -260.8 270 0 11.9 45.0 7.5 2.5 2 1 3 3 3
3812.9 5255.0 -260.2 90 0 12.3 45.0 10.0 0.0 0 1 4 1 1
5448.4 4347.3 -261.4 296 0 11.6 74.1 10.0 2.5 2 1 4 0 0
3985.1 5504.2 -261.3 289 0 12.9 45.2 10.0 2.5 2 1 4 5 5
4005.3 5277.9 -260.4 0 0 45.2 12.9 10.0 2.5 4 0 4 0 0
3832.0 5255.4 -260.2 90 0 12.3 44.4 10.0 2.5 2 1 4 1 1
3979.2 5379.2 -260.8 270 0 12.6 73.1 10.0 2.5 2 1 4 2 2
4022.6 5491.6 -261.3 289 0 12.5 45.0 10.0 0.0 0 1 4 1 1
1057.8 3042.2 -249.7 194 0 73.5 14.9 15.0 2.5 2 0 6 2 2
3966.1 5509.9 -261.2 289 0 13.1 45.0 7.5 2.5 2 1 3 5 5
3794.1 5309.2 -260.3 270 0 12.5 45.1 10.0 2.5 2 1 4 2 2
3984.6 5277.9 -260.4 0 0 44.8 13.0 7.5 2.5 2 0 3 1 1
3959.9 5379.8 -260.8 270 0 12.2 73.4 7.5 2.5 2 1 3 0 0
4003.7 5497.7 -261.3 289 0 12.4 45.0 10.0 0.0 0 1 4 5 5
1078.1 3131.0 -250.4 190 0 71.7 15.9 10.0 2.5 4 0 4 2 2
3029.5 864.8 -250.9 90 0 13.3 27.5 12.5 2.5 2 1 5 1 1
3897.2 5452.6 -260.9 289 0 11.4 45.5 10.0 2.5 2 1 4 4 4
3869.6 5255.4 -260.3 90 0 12.6 44.7 10.0 2.5 2 1 4 0 0
1299.6 2573.8 -247.6 91 0 12.8 43.1 7.5 2.5 4 1 3 2 2
3888.0 5350.7 -260.6 270 0 12.7 45.0 7.5 2.5 2 1 3 3 3
3928.8 5522.4 -261.1 289 0 12.4 44.9 10.0 2.5 2 1 4 0 0
3860.3 5218.6 -260.1 90 0 12.2 30.4 7.5 2.5 4 1 3 4 4
4005.1 5417.5 -261.0 288 0 12.1 30.7 10.0 2.5 2 1 4 5 5
3852.4 5401.5 -260.7 270 0 11.6 44.5 10.0 2.5 2 1 4 5 5
3921.9 5380.1 -260.7 269 0 11.8 74.2 10.0 2.5 2 1 4 4 4
3936.8 5204.7 -260.1 90 0 12.2 44.5 7.5 2.5 2 1 3 1 1
1342.5 2604.5 -247.9 1 0 32.1 11.5 7.5 2.5 2 0 3 5 5
3910.1 5528.2 -261.1 290 0 12.6 45.0 10.0 2.5 2 1 4 5 5
3871.0 5401.8 -260.7 270 0 11.8 44.5 7.5 2.5 2 1 3 4 4
3905.0 5351.3 -260.6 269 0 12.3 45.5 10.0 2.5 2 1 4 3 3
4016.9 5380.0 -260.8 271 0 12.5 73.4 7.5 2.5 2 1 3 1 1
3833.3 5401.8 -260.6 269 0 12.6 45.2 12.5 2.5 2 1 5 4 4
4044.3 5351.0 -260.7 270 0 12.5 44.8 10.0 2.5 2 1 4 5 5
3831.8 5350.9 -260.5 270 0 12.2 45.1 7.5 2.5 2 1 3 2 2
4069.6 5278.3 -260.5 360 0 45.3 12.7 10.0 2.5 2 0 4 5 5
4023.4 5278.2 -260.5 0 0 45.6 12.0 7.5 2.5 2 0 3 5 5
3997.7 5379.5 -260.8 270 0 11.9 73.0 7.5 2.5 2 1 3 0 0
4038.1 5474.3 -261.2 289 0 12.1 33.4 7.5 2.5 2 1 3 3 3
4063.4 5351.3 -260.7 270 0 12.7 45.2 10.0 0.0 0 1 4 3 3
4005.7 5227.0 -260.2 359 0 44.1 12.7 7.5 2.5 4 0 3 3 3
3813.3 5350.7 -260.5 270 0 12.3 45.0 10.0 2.5 4 1 4 5 5
4052.6 5227.0 -260.3 360 0 45.0 12.9 7.5 2.5 2 0 3 2 2
4024.7 5227.6 -260.3 359 0 45.0 12.6 10.0 2.5 2 0 4 4 4
3914.5 5446.2 -261.0 288 0 12.6 30.3 10.0 2.5 2 1 4 0 0
3968.8 5428.6 -261.0 289 0 12.5 30.4 10.0 2.5 2 1 4 0 0
3898.9 5204.9 -260.1 90 0 11.9 44.5 7.5 2.5 2 1 3 5 5
1262.7 2577.4 -247.3 91 0 13.4 42.8 5.0 2.5 2 1 2 2 2
3932.6 5440.9 -261.0 288 0 12.5 44.9 7.5 2.5 2 1 3 1 1
3987.9 5406.5 -261.0 18 0 30.8 12.7 10.0 2.5 4 0 4 4 4
1181.0 2553.2 -246.5 90 0 12.7 61.8 7.5 2.5 2 1 3 3 3
3941.2 5379.9 -260.7 270 0 12.1 74.0 10.0 2.5 2 1 4 1 1
3917.9 5204.2 -260.1 90 0 12.5 45.1 10.0 2.5 2 1 4 5 5
3950.6 5434.5 -261.0 288 0 12.7 44.7 7.5 2.5 4 1 3 5 5
3852.4 5458.8 -260.8 197 0 45.2 12.3 15.0 0.0 0 0 6 5 5
3880.1 5204.6 -260.1 90 0 12.3 44.5 7.5 2.5 2 1 3 5 5
1221.6 2558.0 -246.9 90 0 10.7 63.4 5.0 2.5 2 1 2 2 2
4044.8 5401.5 -260.9 271 0 12.1 45.1 10.0 2.5 2 1 4 4 4
-88.8 3897.3 -241.8 329 0 63.3 15.9 12.5 2.5 2 0 5 4 4
-620.1 4473.8 -245.0 242 0 133.1 174.5 12.5 0.0 0 1 5 5 5
1195.4 5207.8 -253.3 60 0 38.2 131.0 7.5 0.0 0 1 3 4 4
1045.0 4389.3 -240.8 334 0 49.4 13.6 10.0 2.5 2 0 4 1 1
1625.1 4339.9 -247.7 90 0 62.8 8.5 7.5 2.5 2 0 3 5 5
1722.6 4338.8 -248.0 90 0 79.8 14.9 7.5 2.5 2 0 3 1 1
1091.9 5377.5 -252.9 243 0 22.9 58.8 7.5 2.5 2 1 3 2 2
-238.9 2169.4 -235.6 89 0 12.3 47.2 12.5 2.5 2 1 5 3 3
6346.4 2812.4 -260.8 300 0 11.9 85.7 7.5 2.5 2 1 3 1 1
4619.8 2813.2 -259.1 0 0 24.1 23.4 7.5 2.5 2 0 3 5 5
6430.4 2690.4 -259.5 214 0 31.2 46.0 10.5 0.0 0 1 3 0 0
6005.3 4709.2 -263.0 71 0 12.9 65.7 10.0 0.0 0 1 4 1 1
5480.6 4144.6 -261.4 270 0 14.8 61.9 7.5 2.5 4 1 3 1 1
6011.5 2877.7 -261.9 91 0 13.6 58.4 7.5 2.5 2 1 3 5 5
-908.7 4378.1 -243.5 62 0 55.3 151.3 10.0 0.0 0 1 4 4 4
5546.7 4001.6 -262.5 91 0 13.8 30.7 10.0 2.5 2 1 4 0 0
6612.0 2666.9 -260.9 299 0 44.4 31.2 10.5 0.0 0 0 3 3 3
6660.0 2340.3 -259.8 97 0 15.1 59.6 14.0 3.5 2 1 4 0 0
5448.1 4053.4 -261.0 90 0 14.4 31.8 10.0 2.5 2 1 4 3 3
5922.1 2984.8 -262.1 271 0 14.8 58.7 7.5 2.5 2 1 3 2 2
5499.7 4031.8 -261.6 90 0 14.4 29.8 7.5 2.5 2 1 3 4 4
4545.2 2860.0 -258.8 180 0 24.1 23.4 5.0 2.5 4 0 2 2 2
6425.7 2622.1 -259.4 123 0 69.2 20.1 10.5 3.5 2 0 3 1 1
5780.6 -2000.9 -255.9 233 0 108.2 19.1 14.0 0.0 0 0 4 1 1
6325.3 2662.5 -259.2 34 0 71.1 12.5 10.0 2.5 2 0 4 4 4
5500.6 4181.6 -261.8 270 0 14.0 29.6 7.5 2.5 2 1 3 2 2
5277.4 4157.8 -260.3 117 0 11.6 53.5 10.0 2.5 2 1 4 0 0
5549.3 4265.6 -262.8 270 0 13.8 30.2 10.0 2.5 2 1 4 2 2
6257.6 2659.2 -259.9 120 0 12.1 71.1 7.5 2.5 2 1 3 3 3
5455.2 4180.1 -261.3 27 0 76.6 13.2 10.0 2.5 2 0 4 5 5
5522.4 4228.0 -262.4 270 0 14.2 46.0 10.0 2.5 4 1 4 1 1
5966.0 2960.8 -262.0 271 0 13.8 58.8 7.5 2.5 2 1 3 0 0
5964.0 2838.6 -261.0 43 0 79.4 11.6 10.0 2.5 2 0 4 1 1
5508.5 4301.1 -262.3 297 0 13.4 76.3 7.5 2.5 2 1 3 2 2
5399.6 4088.4 -261.0 117 0 13.1 53.2 7.5 2.5 2 1 3 4 4
6918.4 3881.5 -263.3 359 0 29.9 13.5 10.0 2.5 4 0 4 0 0
6039.9 4874.3 -262.8 251 0 16.6 40.9 10.0 2.5 2 1 4 5 5
4539.2 2974.7 -257.6 0 0 24.1 23.4 10.0 2.5 4 0 4 4 4
5260.6 4286.5 -260.0 207 0 76.8 12.4 7.5 2.5 2 0 3 5 5
5867.1 2849.8 -261.1 119 0 12.9 78.4 12.5 2.5 2 1 5 2 2
5215.9 4189.3 -259.4 119 0 10.9 53.0 10.0 2.5 2 1 4 3 3
5497.8 4343.9 -262.6 117 0 17.6 47.8 7.5 2.5 2 1 3 4 4
5829.6 2868.5 -261.2 119 0 13.0 76.5 7.5 2.5 4 1 3 4 4
5306.4 4216.1 -260.8 117 0 12.9 78.3 7.5 2.5 2 1 3 2 2
6501.1 2597.9 -259.9 124 0 20.4 59.3 10.5 3.5 2 1 3 0 0
4494.7 2913.3 -258.1 180 0 24.1 23.4 10.0 2.5 2 0 4 5 5
6610.5 2512.6 -260.7 95 0 18.9 92.6 10.5 0.0 0 1 3 2 2
5900.2 2831.0 -261.0 119 0 13.9 78.6 10.0 2.5 2 1 4 4 4
5368.4 4187.6 -261.1 117 0 12.4 72.6 10.0 2.5 2 1 4 1 1
5871.7 2747.7 -259.9 133 0 11.0 79.3 5.0 0.0 0 1 2 1 1
-42.6 4748.8 -247.0 265 0 97.3 137.4 10.0 0.0 0 1 4 4 4
5336.0 4125.8 -261.0 117 0 12.7 52.7 5.0 2.5 2 1 2 0 0
5570.8 4058.1 -262.9 0 0 20.8 18.3 7.5 2.5 2 0 3 4 4
5806.9 4577.2 -263.1 67 0 20.3 42.5 7.5 2.5 2 1 3 1 1
-5682.2 8804.7 -252.3 270 0 15.7 90.7 7.5 2.5 2 1 3 3 3
-5680.3 8857.0 -252.3 180 0 79.5 14.2 7.5 2.5 2 0 3 4 4
-5618.4 8751.6 -252.4 90 0 14.1 66.9 7.5 2.5 2 1 3 4 4
-5556.5 8787.8 -252.7 90 0 13.4 42.9 10.0 2.5 2 1 4 3 3
-5552.0 8844.5 -252.7 90 0 14.1 67.3 7.5 2.5 2 1 3 0 0
-5481.9 8872.4 -253.0 0 0 78.2 13.9 7.5 2.5 2 0 3 2 2
-5511.7 8938.0 -252.9 0 0 52.0 14.3 10.0 2.5 4 0 4 1 1
-5487.5 9042.4 -253.1 270 0 13.8 78.3 5.0 2.5 2 1 2 1 1
-5550.4 9036.1 -252.8 270 0 13.7 72.8 10.0 2.5 2 1 4 5 5
-5583.5 9127.1 -252.7 270 0 14.3 78.4 5.0 2.5 2 1 2 2 2
-5613.4 9043.6 -252.6 270 0 14.6 79.3 7.5 2.5 2 1 3 2 2
-5644.9 8963.4 -252.4 269 0 14.4 52.6 5.0 2.5 2 1 2 2 2
-5609.1 8831.1 -252.5 90 0 13.7 79.8 7.5 2.5 2 1 3 2 2
-5581.5 8963.2 -252.7 270 0 14.8 51.5 7.5 2.5 2 1 3 1 1
-4749.2 9548.5 -255.5 86 0 8.1 43.6 7.5 2.5 4 1 3 4 4
5778.0 4950.6 -262.5 203 0 61.6 88.7 10.0 0.0 0 1 4 4 4
3562.1 -8143.2 -218.2 101 0 12.8 30.6 7.5 0.0 0 1 3 3 3
4823.2 -9432.5 -241.4 14 0 58.1 9.1 7.5 2.5 2 0 3 4 4
3595.2 -8318.4 -218.5 288 0 11.5 53.3 10.0 2.5 2 1 4 5 5
3561.0 -8308.0 -217.8 287 0 11.4 52.6 17.5 0.0 0 1 7 0 0
3524.3 -8297.3 -218.0 287 0 11.4 52.4 12.5 2.5 2 1 5 0 0
6667.5 -1458.0 -258.8 263 0 11.1 72.9 10.5 3.5 2 1 3 5 5
6625.4 -1463.1 -259.2 264 0 11.3 72.8 10.5 3.5 2 1 3 2 2
6794.9 -1444.9 -260.2 263 0 12.6 72.6 10.5 3.5 2 1 3 3 3
6709.4 -1453.5 -259.3 263 0 12.3 74.3 10.5 3.5 2 1 3 1 1
6940.9 -5280.6 -239.1 317 0 17.3 79.7 7.5 2.5 2 1 3 5 5
6861.9 -5148.5 -243.3 287 0 14.5 37.8 12.5 2.5 4 1 5 4 4
6900.8 -5376.6 -239.5 55 0 13.2 47.0 7.5 2.5 2 1 3 4 4
6752.0 -1448.8 -260.0 263 0 13.4 73.0 10.5 3.5 2 1 3 1 1
5892.9 -1738.7 -254.6 268 0 49.3 51.3 14.0 0.0 0 1 4 0 0
3579.1 -8088.6 -215.6 12 0 30.2 13.0 10.0 2.5 2 0 4 5 5
3515.9 -8421.6 -213.7 107 0 11.3 53.9 7.5 2.5 2 1 3 2 2
3620.7 -8034.0 -215.2 282 0 11.7 35.8 12.5 2.5 2 1 5 3 3
3530.4 -8096.9 -213.8 101 0 12.1 30.1 15.0 0.0 0 1 6 0 0
3553.8 -8019.6 -211.2 280 0 11.4 36.3 12.5 2.5 2 1 5 3 3
5853.4 -1731.7 -254.5 358 0 112.0 24.5 14.0 0.0 0 0 4 2 2
3554.2 -8432.5 -214.5 108 0 11.1 53.7 12.5 2.5 2 1 5 4 4
5892.5 -1719.7 -254.5 88 0 49.8 51.0 14.0 0.0 0 1 4 5 5
3586.7 -8024.9 -213.0 282 0 12.1 36.6 10.0 2.5 2 1 4 2 2
4278.7 -5555.5 -230.9 56 0 8.9 30.4 7.5 2.5 2 1 3 0 0
4295.7 -5544.2 -230.8 56 0 9.5 30.9 7.5 2.5 2 1 3 4 4
4525.2 -4203.6 -249.5 244 0 12.7 57.1 15.0 2.5 2 1 6 2 2
4569.4 -4183.9 -249.6 244 0 12.2 57.9 7.5 2.5 2 1 3 4 4
4329.3 -5521.0 -230.5 56 0 9.1 30.5 7.5 0.0 0 1 3 4 4
4261.7 -5567.2 -231.1 56 0 9.4 30.5 7.5 2.5 2 1 3 3 3
5601.9 -6012.8 -213.0 269 0 15.8 54.9 12.5 2.5 2 1 5 3 3
4629.3 -4231.7 -249.7 65 0 13.2 71.9 10.0 2.5 2 1 4 0 0
5602.8 -6093.4 -209.6 269 0 15.5 52.9 15.0 0.0 0 1 6 2 2
4312.5 -5532.1 -230.6 56 0 9.3 30.1 7.5 0.0 0 1 3 5 5
6320.7 6845.7 -267.7 355 0 44.5 15.6 10.0 2.5 2 0 4 1 1
6056.4 7245.9 -263.8 358 0 72.0 16.4 14.0 3.5 2 0 4 2 2
5292.6 7356.2 -269.0 354 0 59.0 14.4 7.5 2.5 2 0 3 4 4
6211.4 7167.2 -265.3 89 0 10.1 43.9 7.5 2.5 2 1 3 0 0
6132.8 6829.8 -266.4 175 0 43.8 15.2 10.0 2.5 2 0 4 0 0
5662.0 7289.5 -264.3 1 0 21.0 10.9 14.0 3.5 2 0 4 1 1
6924.5 7413.6 -264.0 341 0 8.5 34.3 7.5 2.5 2 1 3 4 4
6463.6 7990.3 -263.6 353 0 32.5 96.2 7.5 0.0 0 1 3 4 4
6605.5 7206.4 -265.9 71 0 13.2 49.5 12.5 2.5 2 1 5 0 0
6404.4 7541.6 -264.5 266 0 12.6 61.4 7.5 2.5 2 1 3 5 5
6658.2 7213.5 -266.2 70 0 13.2 48.7 7.5 2.5 2 1 3 0 0
6451.1 8033.0 -263.1 353 0 30.3 36.6 10.0 0.0 0 1 4 1 1
6841.3 7502.4 -264.8 251 0 12.8 65.2 10.0 2.5 2 1 4 5 5
6144.5 6676.6 -267.0 86 0 12.5 62.9 10.0 2.5 2 1 4 5 5
5893.1 7490.8 -265.0 269 0 14.9 47.1 14.0 3.5 2 1 4 1 1
6536.1 7422.7 -264.9 83 0 11.0 61.6 10.0 2.5 2 1 4 5 5
5970.6 7499.5 -263.3 269 0 15.0 47.7 14.0 3.5 2 1 4 3 3
5565.0 7338.5 -262.2 179 0 55.2 11.8 14.0 0.0 0 0 4 0 0
5668.9 7241.8 -263.0 1 0 21.6 10.4 14.0 3.5 2 0 4 1 1
6531.9 7200.9 -265.9 85 0 14.7 39.6 10.0 2.5 2 1 4 4 4
6218.5 6859.4 -267.1 265 0 15.3 43.9 10.0 2.5 2 1 4 5 5
6513.2 7392.8 -265.5 265 0 12.1 57.9 7.5 2.5 2 1 3 5 5
5263.4 8280.3 -262.6 171 0 14.6 85.9 10.0 2.5 2 1 4 3 3
6454.6 7200.9 -266.3 85 0 12.8 72.1 10.0 2.5 2 1 4 5 5
6653.0 7345.1 -265.9 341 0 85.0 14.7 10.0 0.0 0 0 4 0 0
6514.5 7294.4 -265.7 175 0 52.2 16.0 5.0 2.5 2 0 2 5 5
5185.4 7970.2 -258.4 262 0 13.8 48.1 15.0 0.0 0 1 6 5 5
6381.1 7367.3 -265.3 269 0 13.9 79.0 7.5 0.0 0 1 3 1 1
5630.0 8067.6 -265.5 356 0 24.2 12.5 10.0 2.5 2 0 4 0 0
6684.4 7172.6 -266.8 265 0 15.2 56.9 7.5 2.5 4 1 3 3 3
5667.4 7318.9 -264.3 101 0 10.5 21.5 14.0 3.5 4 1 4 5 5
6167.5 6777.5 -266.9 176 0 43.4 14.8 7.5 2.5 2 0 3 2 2
6926.2 7379.1 -263.8 342 0 9.4 24.7 2.5 2.5 2 1 1 0 0
6047.5 7508.8 -263.3 269 0 14.4 48.3 14.0 0.0 0 1 4 0 0
5307.6 8185.0 -262.5 177 0 22.2 62.6 12.5 2.5 2 1 5 0 0
6329.4 6722.5 -268.5 355 0 55.6 12.6 7.5 2.5 2 0 3 0 0
6641.6 7282.2 -265.9 341 0 33.2 12.7 7.5 2.5 2 0 3 1 1
6291.6 6785.3 -267.9 355 0 44.8 15.3 7.5 2.5 2 0 3 2 2
6722.8 7133.2 -266.5 356 0 28.9 15.0 7.5 2.5 2 0 3 4 4
5957.3 7389.5 -262.9 89 0 13.4 44.6 14.0 3.5 2 1 4 0 0
6349.7 7441.4 -264.2 178 0 58.6 11.6 7.5 2.5 2 0 3 4 4
6554.9 7289.0 -265.2 175 0 65.3 12.3 10.0 2.5 2 0 4 1 1
6574.9 7198.6 -265.5 77 0 12.0 49.2 7.5 2.5 2 1 3 2 2
6447.6 7414.7 -265.2 86 0 12.0 60.9 10.0 2.5 2 1 4 3 3
6491.6 7550.3 -264.8 263 0 11.8 62.2 7.5 2.5 2 1 3 3 3
5567.9 7262.3 -263.3 178 0 57.1 12.0 14.0 3.5 2 0 4 3 3
5874.9 7402.1 -263.3 89 0 13.1 28.8 14.0 3.5 2 1 4 5 5
5962.0 7248.7 -263.1 179 0 71.1 16.6 14.0 3.5 4 0 4 3 3
6476.6 6629.2 -269.3 359 0 45.5 13.5 12.5 2.5 2 0 5 3 3
5699.7 7343.6 -264.7 100 0 10.9 21.7 14.0 3.5 2 1 4 2 2
5361.5 8301.7 -263.7 259 0 18.1 126.1 7.5 0.0 0 1 3 0 0
6476.4 6567.6 -269.6 359 0 45.4 13.1 10.0 2.5 2 0 4 3 3
6115.1 7500.7 -263.2 359 0 22.2 14.6 10.0 2.5 2 0 4 5 5
6563.9 7557.7 -264.2 249 0 11.7 58.6 7.5 2.5 2 1 3 0 0
6205.1 6688.3 -267.5 85 0 12.3 56.3 7.5 2.5 2 1 3 4 4
6042.6 7420.1 -262.8 358 0 45.5 13.6 14.0 3.5 2 0 4 0 0
6266.1 6681.9 -268.0 85 0 13.0 63.1 7.5 2.5 2 1 3 5 5
6034.9 7332.0 -263.2 269 0 19.6 22.6 14.0 3.5 2 1 4 5 5
5572.3 7186.5 -263.6 178 0 56.2 11.4 14.0 0.0 0 0 4 4 4
6348.0 7320.2 -264.9 178 0 73.3 9.7 7.5 2.5 2 0 3 0 0
6017.8 7362.1 -262.7 88 0 11.5 23.8 14.0 3.5 4 1 4 5 5
6578.8 7373.0 -264.5 182 0 32.7 14.5 7.5 2.5 2 0 3 4 4
4967.7 7153.3 -263.0 90 0 10.5 34.0 52.5 0.0 0 1 21 0 0
-4154.9 6743.0 -245.3 59 0 51.9 61.9 7.5 0.0 0 1 3 5 5
1490.4 -4860.4 -224.9 179 0 20.6 18.9 10.0 2.5 4 0 4 0 0
1490.6 -4833.3 -225.6 181 0 22.4 19.3 10.0 2.5 2 0 4 2 2
1489.7 -4805.6 -234.5 181 0 23.0 17.2 7.5 2.5 2 0 3 4 4
1521.8 -4861.5 -224.6 181 0 23.2 16.8 10.0 2.5 2 0 4 0 0
1498.4 -4765.0 -235.9 269 0 16.0 23.0 12.5 2.5 4 1 5 2 2
1521.9 -4833.7 -229.5 181 0 23.5 16.1 10.0 2.5 2 0 4 5 5
1522.8 -4804.8 -236.0 180 0 21.5 16.2 12.5 2.5 2 0 5 2 2
1522.4 -4775.8 -236.0 182 0 22.8 18.9 10.0 2.5 2 0 4 4 4
1499.7 -4875.7 -224.9 269 0 21.3 19.3 7.5 2.5 2 0 3 0 0
-6420.5 8606.0 -250.4 94 0 52.0 54.4 10.0 0.0 0 1 4 2 2
447.3 -4015.1 -227.5 101 0 20.3 25.0 7.5 0.0 0 1 3 3 3
438.4 -3999.7 -227.3 10 0 24.8 13.3 10.0 2.5 2 0 4 3 3
-2035.4 5655.3 -242.3 248 0 10.7 26.9 12.5 2.5 2 1 5 3 3
1607.2 -3675.9 -220.5 29 1 13.9 14.2 10.0 0.0 0 1 4 5 5
1561.0 -3717.3 -222.9 67 0 18.0 14.4 7.5 2.5 2 0 3 0 0
1605.2 -3606.8 -218.1 188 0 10.7 8.0 2.5 2.5 2 0 1 3 3
1503.8 -3755.7 -225.7 320 0 23.0 24.3 12.5 2.5 2 1 5 1 1
1532.3 -3731.5 -223.9 56 0 18.0 13.6 10.0 2.5 2 0 4 4 4
1639.3 -3775.3 -226.4 103 0 12.7 23.5 15.0 0.0 0 1 6 1 1
1527.1 -3874.5 -230.4 202 0 19.1 12.2 7.5 2.5 2 0 3 1 1
1781.8 -3779.1 -227.0 185 0 7.2 12.5 7.5 0.0 0 1 3 5 5
2017.9 -3673.0 -222.2 359 0 13.2 18.1 12.5 2.5 2 1 5 3 3
-5502.6 -4481.0 -29.9 242 0 19.7 10.7 2.5 2.5 2 0 1 4 4
-5394.6 -4356.8 -46.4 54 0 12.1 10.1 5.0 2.5 2 0 2 2 2
-5378.8 -4342.4 -52.6 52 0 20.8 15.8 12.5 2.5 4 0 5 5 5
-5301.1 -4389.0 -44.3 240 0 10.0 19.3 5.0 0.0 0 1 2 1 1
-5320.6 -4353.5 -53.6 152 0 11.1 21.5 5.0 2.5 2 1 2 2 2
-5145.2 -4141.1 -81.3 52 0 48.3 13.1 12.5 2.5 2 0 5 5 5
-5165.6 -4208.8 -79.7 145 0 15.1 45.7 10.0 2.5 2 1 4 5 5
-5140.4 -4241.2 -72.9 55 0 16.9 21.5 12.5 2.5 2 1 5 5 5
-5127.1 -4239.6 -62.8 229 0 15.5 19.1 10.0 2.5 2 1 4 2 2
-4988.5 -3982.0 -83.7 12 0 16.3 18.1 10.0 2.5 2 1 4 0 0
-4359.5 -3606.3 -125.2 76 0 23.6 62.0 12.5 2.5 2 1 5 4 4
-1015.1 5506.2 -241.4 68 0 120.1 39.0 12.5 0.0 0 0 5 4 4
-1032.8 5721.4 -245.3 343 0 77.5 115.1 10.0 0.0 0 1 4 1 1
-1003.0 5628.6 -244.0 341 0 69.4 113.6 12.5 0.0 0 1 5 0 0
-1155.3 5537.3 -242.9 72 0 80.7 168.9 10.0 0.0 0 1 4 0 0
-1135.9 5406.3 -241.4 73 0 18.7 82.9 12.5 2.5 2 1 5 0 0
-1188.2 5386.9 -240.5 72 0 34.8 55.5 10.0 0.0 0 1 4 4 4
-1210.6 5453.5 -240.6 70 0 35.2 45.4 7.5 0.0 0 1 3 4 4
-1252.7 5450.6 -240.5 72 0 35.2 48.9 10.0 0.0 0 1 4 3 3
-1246.3 5385.9 -240.1 161 0 78.9 28.7 10.0 0.0 0 0 4 4 4
-1293.8 5548.2 -241.2 161 0 80.5 58.8 7.5 0.0 0 0 3 4 4
-1366.6 5717.1 -242.4 163 0 81.1 101.8 10.0 0.0 0 1 4 0 0
-1196.9 5775.3 -243.2 341 0 86.6 25.7 7.5 0.0 0 0 3 2 2
-1355.4 5864.5 -242.8 253 0 96.9 78.8 7.5 0.0 0 0 3 1 1
-1441.7 5647.9 -242.1 72 0 125.8 75.4 7.5 0.0 0 0 3 5 5
-1558.1 5801.7 -242.7 162 0 59.8 126.9 10.0 0.0 0 1 4 5 5
-1574.4 5852.3 -243.0 161 0 40.8 125.7 7.5 0.0 0 1 3 5 5
-1357.8 5950.8 -244.6 252 0 151.2 59.0 10.0 0.0 0 0 4 2 2
-1330.7 6066.8 -247.2 252 0 182.2 58.8 12.5 0.0 0 0 5 1 1
-1135.9 5866.2 -245.7 341 0 130.5 24.3 12.5 0.0 0 0 5 3 3
-1345.8 5642.7 -241.8 164 0 36.3 89.3 10.0 0.0 0 1 4 5 5
-1332.4 5526.6 -241.1 72 0 37.9 49.2 10.0 0.0 0 1 4 4 4
-1368.4 5470.2 -240.7 72 0 51.7 30.0 10.0 0.0 0 0 4 1 1
-1420.2 5489.7 -240.8 163 0 32.0 9.8 7.5 2.5 2 0 3 1 1
-1451.6 5445.3 -240.7 343 0 69.2 36.1 12.5 0.0 0 0 5 1 1
-1380.6 5614.3 -241.6 72 0 11.8 31.5 10.0 2.5 2 1 4 1 1
-1497.1 5548.2 -241.5 72 0 16.2 56.7 10.0 2.5 2 1 4 4 4
-1545.9 5532.0 -241.5 74 0 19.9 55.0 7.5 2.5 2 1 3 2 2
-1327.2 5397.1 -240.2 161 0 55.3 56.5 10.0 0.0 0 1 4 1 1
-1096.3 5527.9 -242.9 72 0 21.0 20.6 7.5 2.5 2 0 3 0 0
-1129.6 5525.3 -242.1 344 0 11.4 51.4 12.5 2.5 2 1 5 1 1
-1309.7 5455.6 -240.7 72 0 10.5 61.5 7.5 2.5 2 1 3 5 5
-1696.9 5577.8 -241.9 161 0 63.6 64.2 7.5 0.0 0 1 3 4 4
-1552.0 5700.6 -242.2 252 0 15.4 17.5 10.0 2.5 4 1 4 0 0
-1562.6 5734.1 -242.4 254 0 15.7 15.0 5.0 2.5 2 0 2 4 4
-1579.8 5756.9 -242.6 162 0 15.4 16.3 7.5 2.5 2 1 3 3 3
-1588.2 5782.9 -242.8 161 0 15.9 16.6 7.5 2.5 2 1 3 5 5
-1590.9 5820.7 -242.8 252 0 14.4 17.0 2.5 2.5 2 1 1 4 4
-1606.7 5836.5 -242.7 163 0 15.3 17.2 10.0 2.5 2 1 4 0 0
-1585.6 5890.1 -243.3 162 0 29.0 125.3 7.5 0.0 0 1 3 2 2
-1648.8 5933.8 -242.7 159 0 25.1 14.7 7.5 2.5 2 0 3 5 5
-1642.3 5912.3 -242.4 162 0 16.7 9.0 7.5 2.5 2 0 3 0 0
-1503.3 5997.0 -243.8 251 0 33.7 15.9 7.5 2.5 4 0 3 2 2
-1508.6 6016.7 -244.0 253 0 31.4 18.0 7.5 2.5 2 0 3 0 0
-1626.2 5955.8 -242.9 249 0 28.5 15.7 10.0 2.5 2 0 4 1 1
-1614.5 5837.6 -242.8 253 0 8.8 26.7 2.5 2.5 2 1 1 5 5
-1634.7 5796.0 -242.8 160 0 10.9 26.4 7.5 2.5 2 1 3 4 4
-1645.8 5827.7 -242.7 71 0 25.1 11.7 5.0 2.5 2 0 2 3 3
-1676.3 5745.4 -242.7 160 0 19.2 20.0 10.0 2.5 2 1 4 2 2
-5962.3 -4542.7 37.8 179 0 5.5 8.1 5.0 2.5 2 1 2 2 2
-6144.0 -4479.7 77.4 118 0 7.1 7.8 5.0 2.5 2 1 2 1 1
-6175.8 -4481.5 89.9 60 0 7.3 8.3 7.5 2.5 2 1 3 5 5
-6214.5 -4513.0 100.3 317 0 5.4 7.3 7.5 2.5 2 1 3 5 5
-4487.0 -4037.9 -68.2 346 0 17.8 35.4 10.0 0.0 0 1 4 1 1
-5934.1 -4599.2 41.9 226 0 8.5 6.9 5.0 2.5 2 0 2 0 0
-6090.8 -4830.6 159.8 71 0 5.1 10.5 2.5 2.5 2 1 1 2 2
-6129.1 -4832.0 176.5 360 0 6.0 10.0 2.5 2.5 2 1 1 4 4
-6107.1 -5039.6 258.0 283 0 16.1 7.6 5.0 2.5 4 0 2 0 0
-5947.4 -5031.8 179.8 180 0 6.3 10.5 5.0 2.5 2 1 2 1 1
-5983.8 -5058.6 211.1 211 0 6.8 29.9 7.5 2.5 2 1 3 2 2
-5716.3 -4467.3 -13.6 77 0 8.9 13.4 2.5 2.5 2 1 1 3 3
121.5 370.5 -243.7 70 0 15.7 41.9 10.0 2.5 2 1 4 3 3
65.9 355.1 -243.3 93 0 16.0 44.1 10.0 2.5 2 1 4 2 2
85.9 454.7 -244.4 271 0 15.8 44.6 10.0 2.5 2 1 4 4 4
168.0 610.9 -244.1 293 0 16.1 63.6 10.0 2.5 4 1 4 5 5
129.2 541.2 -245.0 269 0 14.3 44.6 10.0 0.0 0 1 4 2 2
106.8 498.3 -245.2 270 0 14.9 45.4 10.0 2.5 2 1 4 5 5
287.9 -3313.9 -215.0 1 0 46.5 18.6 7.5 2.5 2 0 3 4 4
236.5 -3271.6 -214.6 272 0 20.6 77.6 7.5 2.5 2 1 3 1 1
159.5 -3262.1 -214.0 272 0 21.0 78.9 7.5 0.0 0 1 3 4 4
85.2 -3253.4 -213.4 272 0 20.5 78.2 7.5 0.0 0 1 3 4 4
-5530.0 -5110.7 113.0 301 0 7.4 13.1 7.5 2.5 2 1 3 2 2
-5547.8 -5089.0 114.3 298 0 10.0 7.0 2.5 2.5 4 0 1 2 2
-5549.1 -5075.1 113.8 305 0 5.1 9.6 5.0 2.5 2 1 2 3 3
-5616.7 -5200.8 148.1 123 0 20.5 11.1 7.5 0.0 0 0 3 1 1
-5602.9 -5158.5 135.8 212 0 9.7 19.2 5.0 2.5 2 1 2 0 0
