-5858.9 2477.8 -0.7 357 0 31.5 13.4 17.5 3.5 2 0 5 1 1
-5865.7 2543.1 -1.9 352 0 83.6 13.0 17.5 0.0 0 0 5 1 1
-5976.0 2470.8 -2.2 83 0 13.2 110.0 17.5 3.5 2 1 5 1 1
-5470.0 2282.7 1.1 84 0 14.2 86.0 10.0 2.5 2 1 4 1 1
-5878.4 2640.9 -3.2 352 0 82.7 13.0 17.5 3.5 2 0 5 3 3
-5518.2 2364.5 1.1 264 0 14.2 86.1 10.0 2.5 2 1 4 0 0
-5854.6 2426.4 -0.3 357 0 64.9 24.9 17.5 0.0 0 0 5 1 1
-5903.0 2475.7 -1.9 83 0 10.6 103.3 17.5 0.0 0 1 5 5 5
-5940.1 2470.5 -2.0 83 0 10.6 103.3 17.5 3.5 2 1 5 2 2
-6078.3 -3815.4 0.1 296 0 34.7 13.7 14.0 3.5 2 0 4 3 3
-5191.5 -2081.5 0.3 16 0 35.0 25.2 10.0 0.0 0 0 4 5 5
-4637.0 -1471.9 1.1 277 0 116.0 60.9 10.0 0.0 0 0 4 5 5
-6099.9 -345.0 0.8 177 0 28.1 112.7 14.0 0.0 0 1 4 1 1
-5368.6 -1933.0 0.4 8 0 26.9 239.4 7.5 0.0 0 1 3 2 2
-4816.6 528.5 -2.1 88 0 16.3 201.3 14.0 0.0 0 1 4 1 1
-5193.6 -2340.1 0.5 106 0 22.4 153.9 10.0 0.0 0 1 4 5 5
-6755.0 -4632.3 -1.3 288 0 21.1 38.3 7.5 0.0 0 1 3 0 0
-6786.3 -4718.6 -1.7 107 0 20.7 42.1 7.5 2.5 2 1 3 3 3
-5737.8 -1871.5 0.6 277 0 48.3 21.4 10.0 2.5 2 0 4 0 0
-5765.0 2750.9 -3.3 265 0 15.1 55.1 17.5 3.5 2 1 5 3 3
-6825.3 -4662.2 -2.1 198 0 83.5 20.3 7.5 0.0 0 0 3 1 1
-6318.1 -3969.2 -0.6 26 0 50.7 12.1 7.5 2.5 2 0 3 1 1
-5845.9 2664.0 -3.4 172 0 89.6 12.7 17.5 3.5 2 0 5 3 3
-5724.3 2776.2 -3.2 264 0 14.8 55.7 17.5 3.5 2 1 5 2 2
-5929.1 -2840.9 -0.6 204 0 50.4 15.1 7.5 2.5 2 0 3 2 2
-5807.1 2726.5 -3.5 264 0 14.9 53.8 17.5 3.5 2 1 5 1 1
-6347.3 -4027.0 -0.1 27 0 56.6 12.1 7.5 2.5 2 0 3 1 1
-6711.3 -4743.0 -1.3 107 0 11.5 42.4 10.0 2.5 2 1 4 0 0
-6725.0 -4739.1 -1.2 107 0 11.7 41.6 7.5 2.5 2 1 3 5 5
-5219.2 2963.4 1.1 266 0 13.3 73.9 10.0 2.5 4 1 4 1 1
-6619.5 -4607.0 -0.2 270 0 34.8 13.5 10.0 2.5 4 0 4 3 3
-4908.7 910.6 1.7 178 0 23.0 12.4 10.0 2.5 2 0 4 2 2
-6154.1 -3642.9 -1.4 26 0 20.9 79.1 7.5 0.0 0 1 3 2 2
-6667.1 -4734.7 -1.1 18 0 40.8 19.7 10.0 0.0 0 0 4 0 0
-5043.2 1779.6 1.1 303 0 16.7 73.8 17.5 3.5 4 1 5 2 2
-5168.2 2932.9 1.4 356 0 48.9 13.8 10.0 2.5 4 0 4 2 2
-6726.6 -4634.9 -1.3 288 0 19.2 44.2 10.0 2.5 2 1 4 5 5
-4871.0 923.7 2.0 268 0 12.7 22.9 10.0 2.5 2 1 4 4 4
-6109.1 -3471.7 -1.2 295 0 52.1 53.1 12.5 0.0 0 1 5 3 3
-5871.5 -332.2 1.4 357 0 31.2 105.2 14.0 0.0 0 1 4 5 5
-5369.8 2799.3 0.9 265 0 14.3 81.0 10.0 2.5 2 1 4 4 4
-6673.0 -4802.9 -1.0 27 0 33.4 26.3 7.5 0.0 0 0 3 2 2
-5097.9 1678.6 1.0 32 0 73.4 17.7 17.5 3.5 2 0 5 0 0
-6624.1 -4691.6 -0.4 17 0 42.4 22.4 10.0 0.0 0 0 4 0 0
-6150.4 -3451.5 -1.5 297 0 16.8 142.1 7.5 0.0 0 1 3 2 2
-5321.1 2763.0 1.4 355 0 80.6 12.7 7.5 2.5 2 0 3 1 1
-6685.3 -4647.9 -1.2 287 0 18.8 44.6 7.5 2.5 2 1 3 4 4
-6755.5 -4729.2 -1.2 107 0 19.3 42.8 5.0 0.0 0 1 2 2 2
-6107.0 -3572.8 -1.4 26 0 48.4 72.3 7.5 0.0 0 1 3 0 0
-5369.0 -2001.1 0.3 7 0 89.4 21.3 12.5 0.0 0 0 5 0 0
-5386.4 2862.9 1.2 84 0 12.9 37.4 7.5 2.5 2 1 3 4 4
6558.7 -2494.1 -7.4 311 0 26.5 7.5 7.5 2.5 2 0 3 3 3
6542.0 -2456.9 -6.9 311 0 26.5 7.5 7.5 2.5 2 0 3 2 2
6518.3 -2462.1 -7.1 221 0 7.5 26.5 5.0 2.5 2 1 2 5 5
6508.0 -2475.0 -7.5 221 0 7.5 26.5 5.0 2.5 2 1 2 2 2
6485.2 -2497.8 -8.1 221 0 7.5 26.5 7.5 2.5 4 1 3 3 3
6474.6 -2466.3 -7.6 221 0 7.5 26.5 5.0 2.5 2 1 2 4 4
6580.5 -2514.1 -7.5 311 0 26.5 7.5 7.5 2.5 4 0 3 4 4
6603.1 -2563.4 -7.9 41 0 7.5 26.5 5.0 2.5 2 1 2 0 0
6635.1 -2573.7 -7.8 41 0 7.5 26.5 5.0 2.5 2 1 2 3 3
6545.7 -2596.7 -8.8 133 0 16.3 8.8 5.0 2.5 2 0 2 4 4
