-6666.8 -7059.9 -10.3 262 0 53.8 180.5 10.5 0.0 0 1 3 4 4
-3436.2 -8270.1 -4.7 8 0 149.6 83.3 7.5 0.0 0 0 3 2 2
-1477.2 -6936.1 -4.4 296 0 14.1 44.5 5.0 2.5 2 1 2 1 1
-5246.6 -6358.5 -5.4 91 0 120.3 211.3 12.5 0.0 0 1 5 5 5
-6193.8 -7046.3 -7.9 91 0 55.0 139.1 14.0 0.0 0 1 4 4 4
-6459.8 -6962.2 -8.8 1 0 48.0 190.7 14.0 0.0 0 1 4 1 1
-6128.0 -6891.6 -7.6 272 0 54.2 155.5 14.0 0.0 0 1 4 3 3
-6160.7 -9330.0 -7.2 263 0 12.5 92.0 14.0 3.5 2 1 4 2 2
-4129.7 -8525.2 -6.5 93 0 44.9 90.8 14.0 0.0 0 1 4 5 5
-3316.7 -8378.9 -5.9 6 0 106.8 21.0 14.0 0.0 0 0 4 5 5
-5522.8 -6658.5 -7.6 181 0 229.3 58.9 10.5 0.0 0 0 3 2 2
-3293.1 -8498.7 -6.9 11 0 12.8 73.1 14.0 3.5 2 1 4 1 1
-3297.8 -8536.6 -6.8 5 0 62.0 10.7 14.0 3.5 2 0 4 1 1
-4139.2 -8737.9 -6.1 2 0 43.8 13.5 10.0 2.5 2 0 4 5 5
-6330.9 -7166.6 -8.4 181 0 133.0 30.7 10.5 0.0 0 0 3 0 0
-4318.7 -8279.1 -5.6 3 0 15.1 51.4 14.0 0.0 0 1 4 5 5
-6575.1 -6701.3 -9.1 271 0 141.4 223.0 14.0 0.0 0 1 4 4 4
-6081.5 -7380.7 -8.3 187 0 49.1 112.1 14.0 0.0 0 1 4 3 3
-6526.8 -6411.7 -13.4 271 0 203.1 71.6 10.0 0.0 0 0 4 4 4
-6268.3 -6882.3 -7.8 271 0 48.5 130.2 14.0 0.0 0 1 4 0 0
-5257.8 -6885.2 -6.6 181 0 148.3 120.4 14.0 0.0 0 0 4 1 1
-6293.7 -6861.6 -8.1 91 0 13.0 80.5 14.0 3.5 2 1 4 4 4
-3491.4 -8519.5 -6.2 4 0 77.1 36.1 14.0 0.0 0 0 4 2 2
-4190.3 -8522.4 -6.3 92 0 43.8 90.0 14.0 0.0 0 1 4 4 4
-6281.9 -6589.5 -11.9 90 0 71.9 98.1 14.0 0.0 0 1 4 1 1
-3562.3 -7462.3 -5.5 90 0 8.8 29.0 10.5 3.5 2 1 3 5 5
-6393.5 -7308.3 -8.3 1 0 111.5 58.4 10.5 0.0 0 0 3 4 4
-6009.5 -7071.6 -7.7 91 0 40.3 179.6 14.0 0.0 0 1 4 0 0
-6417.7 -9931.5 -6.9 352 0 96.2 13.4 17.5 3.5 2 0 5 3 3
-3960.9 -6923.2 -2.9 96 0 49.3 120.4 14.0 0.0 0 1 4 1 1
-6205.5 -7140.9 -8.1 273 0 24.8 120.0 10.5 0.0 0 1 3 2 2
-3898.1 -6795.5 -2.5 96 0 15.5 110.7 14.0 0.0 0 1 4 5 5
-5406.9 -5737.0 -8.2 91 0 129.8 73.4 5.0 0.0 0 0 2 0 0
-4250.5 -8517.4 -6.1 93 0 49.2 90.1 14.0 0.0 0 1 4 1 1
-4617.7 -7392.0 -6.6 102 0 16.8 79.4 10.5 0.0 0 1 3 2 2
-6314.0 -7304.5 -8.8 186 0 51.0 20.5 10.5 3.5 4 0 3 2 2
-3750.9 -7266.9 -6.1 98 0 30.0 182.2 14.0 0.0 0 1 4 1 1
-3811.8 -7165.4 -6.0 188 0 188.1 26.5 14.0 0.0 0 0 4 5 5
-6308.0 -6604.0 -10.8 271 0 20.3 51.2 14.0 3.5 2 1 4 0 0
-3528.4 -7396.5 -5.5 7 0 14.5 22.8 14.0 3.5 2 1 4 5 5
-3718.3 -7398.9 -5.9 8 0 12.0 49.6 14.0 0.0 0 1 4 5 5
-6004.5 -6770.0 -8.0 271 0 40.0 90.8 14.0 0.0 0 1 4 5 5
-3610.9 -6860.5 -5.4 357 0 60.0 9.7 7.5 2.5 2 0 3 5 5
-5966.2 -6770.4 -7.9 271 0 16.4 90.4 14.0 3.5 2 1 4 2 2
-4687.9 -7938.6 -3.8 92 0 15.7 120.4 10.5 0.0 0 1 3 3 3
-5652.7 -6581.3 -9.5 270 0 20.8 79.7 10.5 0.0 0 1 3 0 0
-6309.8 -6732.9 -9.6 91 0 13.8 62.7 14.0 3.5 2 1 4 2 2
-6013.7 -7201.8 -7.9 270 0 15.2 59.7 14.0 3.5 4 1 4 1 1
-5617.5 -6580.0 -9.1 270 0 15.6 83.0 10.5 3.5 2 1 3 1 1
-5690.5 -6493.6 -8.6 269 0 19.4 52.1 10.5 3.5 2 1 3 5 5
-3830.0 -7799.8 -5.7 98 0 35.5 68.8 14.0 0.0 0 1 4 0 0
-4769.0 -7937.5 -3.8 90 0 16.0 76.0 10.5 3.5 2 1 3 2 2
-3878.6 -7110.7 -4.9 7 0 98.4 23.0 10.5 0.0 0 0 3 2 2
-5083.6 -5711.2 -5.1 84 0 10.4 36.6 10.0 2.5 2 1 4 0 0
-4766.8 -7799.3 -3.5 272 0 15.4 45.7 10.5 3.5 2 1 3 5 5
-3751.9 -7023.9 -5.5 277 0 21.1 45.5 14.0 3.5 2 1 4 0 0
-5820.4 -6790.3 -8.4 181 0 150.5 170.3 10.5 0.0 0 1 3 0 0
-5934.8 -6765.9 -7.9 271 0 15.9 76.9 14.0 3.5 2 1 4 3 3
-3713.2 -7027.5 -5.7 277 0 18.7 48.8 14.0 3.5 2 1 4 3 3
-5623.5 -6758.7 -8.2 1 0 83.0 15.6 10.5 0.0 0 0 3 5 5
-5436.2 -5551.7 -9.3 91 0 71.5 107.3 12.5 0.0 0 1 5 3 3
-4331.6 -8118.8 -6.1 5 0 80.2 18.9 14.0 3.5 2 0 4 1 1
-3461.0 -8465.6 -5.8 191 0 13.9 74.8 14.0 3.5 2 1 4 3 3
-5820.2 -6508.6 -9.3 181 0 71.3 14.8 10.5 3.5 2 0 3 3 3
-4091.9 -6849.8 -2.3 186 0 121.3 96.6 14.0 0.0 0 0 4 3 3
-4336.0 -8216.0 -6.2 6 0 96.9 24.8 14.0 0.0 0 0 4 2 2
-5738.3 -6510.5 -9.0 269 0 60.1 37.3 10.5 0.0 0 0 3 4 4
-5126.5 -5702.1 -5.9 174 0 36.3 15.4 7.5 2.5 2 0 3 3 3
-5374.4 -5557.9 -8.9 90 0 20.8 102.4 7.5 0.0 0 1 3 0 0
-3786.1 -7023.2 -5.1 276 0 12.8 42.9 14.0 3.5 2 1 4 3 3
-5507.6 -6802.3 -7.3 181 0 21.2 14.9 10.5 3.5 2 0 3 4 4
-5949.6 -7072.5 -7.6 91 0 59.9 180.4 14.0 0.0 0 1 4 5 5
-5324.5 -5468.5 -8.3 270 0 20.4 89.5 10.0 0.0 0 1 4 5 5
-4308.9 -8207.8 -6.3 6 0 71.7 12.5 14.0 3.5 2 0 4 1 1
-3405.7 -8549.5 -6.6 94 0 11.7 62.3 14.0 0.0 0 1 4 1 1
-5828.6 -7046.0 -7.5 181 0 78.6 59.8 10.5 0.0 0 0 3 3 3
-1519.2 -6996.6 -4.3 206 0 20.2 53.6 7.5 2.5 2 1 3 0 0
-5771.4 -6632.0 -10.4 180 0 45.7 60.9 10.5 0.0 0 1 3 0 0
-3537.9 -8370.7 -5.1 101 0 14.7 31.0 10.0 2.5 4 1 4 2 2
-6080.0 -7049.3 -7.8 91 0 33.4 60.7 14.0 0.0 0 1 4 0 0
-5384.9 -5789.5 -7.6 271 0 108.1 72.3 7.5 0.0 0 0 3 2 2
-4304.4 -8121.0 -6.2 5 0 80.4 19.0 14.0 3.5 2 0 4 2 2
-3357.0 -8556.6 -6.7 94 0 11.2 61.6 14.0 3.5 2 1 4 0 0
-3461.2 -8506.3 -6.3 184 0 59.9 11.2 14.0 3.5 2 0 4 0 0
-5386.1 -6144.6 -5.9 271 0 119.9 208.3 7.5 0.0 0 1 3 2 2
-3485.4 -8381.2 -4.9 101 0 14.8 31.0 7.5 2.5 2 1 3 1 1
-6191.8 -6884.0 -7.6 272 0 26.3 13.4 14.0 3.5 2 0 4 3 3
-5770.8 -6680.3 -9.1 180 0 21.8 61.0 10.5 3.5 2 1 3 1 1
-5407.5 -6959.0 -7.3 91 0 96.3 433.6 10.5 0.0 0 1 3 5 5
-3844.6 -7425.3 -6.1 187 0 176.3 78.6 14.0 0.0 0 0 4 0 0
-4187.1 -8346.8 -5.6 273 0 159.4 54.4 14.0 0.0 0 0 4 4 4
-5822.8 -8212.7 -8.2 91 0 10.9 71.9 14.0 0.0 0 1 4 0 0
-5780.8 -7920.6 -9.2 91 0 14.2 81.3 14.0 3.5 2 1 4 2 2
-5822.1 -7879.1 -9.0 180 0 80.8 13.3 14.0 3.5 2 0 4 4 4
-6035.5 -6740.4 -8.1 271 0 5.1 15.3 10.5 3.5 2 1 3 4 4
-5662.5 -8081.7 -10.0 181 0 64.9 13.9 14.0 3.5 4 0 4 3 3
-5495.1 -7995.3 -7.9 181 0 12.7 12.3 14.0 3.5 2 0 4 5 5
-5693.9 -8046.8 -9.9 271 0 13.2 64.7 14.0 3.5 2 1 4 0 0
-6581.6 -7359.7 -7.3 182 0 10.0 110.3 10.5 3.5 2 1 3 3 3
-5841.6 -7381.6 -7.4 179 0 132.0 18.3 10.5 0.0 0 0 3 5 5
-6070.5 -6445.0 -10.1 181 0 17.8 13.5 14.0 3.5 2 0 4 1 1
-6183.6 -7258.1 -8.2 90 0 11.4 39.2 10.5 3.5 2 1 3 4 4
-6574.2 -7301.3 -9.3 181 0 99.4 104.8 10.5 0.0 0 1 3 3 3
-6042.0 -6436.9 -11.1 272 0 23.3 102.4 14.0 0.0 0 1 4 1 1
-6698.1 -6786.3 -8.2 181 0 35.1 25.2 14.0 0.0 0 0 4 0 0
-4788.4 -8098.3 -4.5 273 0 23.6 99.3 14.0 0.0 0 1 4 0 0
-5779.6 -7813.6 -8.7 91 0 14.1 79.7 10.5 3.5 2 1 3 2 2
-4228.5 -7219.3 -7.4 97 0 20.5 132.3 14.0 0.0 0 1 4 1 1
-5616.4 -7290.4 -7.0 90 0 18.2 120.3 10.5 0.0 0 1 3 1 1
-5852.8 -7701.0 -7.9 180 0 32.0 12.5 10.5 3.5 2 0 3 3 3
-5810.9 -7937.2 -9.1 271 0 14.5 81.1 14.0 3.5 2 1 4 5 5
-3912.4 -7044.3 -4.1 277 0 17.2 13.1 10.5 3.5 2 0 3 4 4
-5864.1 -7317.4 -7.9 0 0 206.7 7.3 10.5 3.5 2 0 3 5 5
-4381.9 -7996.6 -5.5 274 0 18.4 61.5 14.0 3.5 2 1 4 5 5
-5946.2 -6701.5 -9.3 181 0 66.9 20.5 14.0 3.5 2 0 4 4 4
-5732.2 -8044.0 -9.2 271 0 12.9 65.1 14.0 0.0 0 1 4 2 2
-5974.1 -6556.7 -11.5 270 0 72.4 8.1 10.5 3.5 2 0 3 5 5
-5956.2 -6459.0 -9.4 181 0 30.3 15.0 14.0 3.5 2 0 4 2 2
-6611.4 -7087.2 -9.5 262 0 14.8 38.1 10.5 3.5 2 1 3 2 2
-5857.7 -6530.8 -10.7 1 0 54.2 65.6 14.0 0.0 0 1 4 1 1
-4642.1 -7541.2 -4.8 102 0 23.0 42.1 10.5 0.0 0 1 3 0 0
-4146.8 -7191.6 -7.3 187 0 71.7 18.2 10.5 3.5 2 0 3 0 0
-4429.1 -8076.1 -5.8 274 0 13.9 119.3 14.0 0.0 0 1 4 3 3
-5778.2 -7695.3 -8.3 270 0 13.3 32.9 10.5 3.5 4 1 3 4 4
-4131.6 -7071.4 -6.7 187 0 120.5 23.2 10.5 0.0 0 0 3 4 4
-5699.3 -7281.8 -7.6 89 0 18.3 119.6 10.5 0.0 0 1 3 3 3
-5733.6 -7150.9 -7.5 271 0 18.2 122.7 10.5 0.0 0 1 3 1 1
-5681.5 -7352.5 -6.6 270 0 19.3 16.7 10.5 3.5 2 0 3 0 0
-5799.6 -7313.9 -7.0 269 0 15.2 132.2 10.5 0.0 0 1 3 2 2
-3987.4 -7251.6 -6.9 12 0 8.8 57.1 10.5 3.5 2 1 3 0 0
-4317.5 -8000.3 -5.7 274 0 12.6 61.8 14.0 3.5 2 1 4 3 3
-6026.7 -7122.9 -7.8 276 0 104.1 49.0 10.5 0.0 0 0 3 0 0
-4782.7 -7432.5 -4.8 191 0 19.0 29.7 14.0 3.5 2 1 4 2 2
-5979.2 -6510.3 -11.0 1 0 66.9 32.0 14.0 0.0 0 0 4 5 5
-6111.8 -7391.8 -8.3 271 0 24.8 7.7 10.5 3.5 2 0 3 5 5
-4827.5 -8184.4 -4.5 94 0 15.1 120.7 14.0 0.0 0 1 4 4 4
-5782.4 -7272.4 -7.7 91 0 25.6 120.3 10.5 0.0 0 1 3 3 3
-5943.3 -7289.7 -7.9 180 0 120.4 62.0 10.5 0.0 0 0 3 1 1
-5867.7 -6983.0 -7.5 1 0 179.8 40.1 14.0 0.0 0 0 4 0 0
-4512.6 -7134.5 -9.6 98 0 36.6 150.0 14.0 0.0 0 1 4 0 0
-4294.0 -7180.4 -7.8 187 0 36.1 18.1 14.0 0.0 0 0 4 1 1
-4653.7 -7835.5 -3.6 2 0 31.3 12.6 10.5 3.5 2 0 3 1 1
-5000.8 -8201.1 -3.9 272 0 14.1 62.0 14.0 3.5 2 1 4 5 5
-4617.7 -8323.0 -4.6 2 0 17.2 66.8 14.0 3.5 2 1 4 2 2
-6280.9 -7289.6 -8.7 186 0 11.7 29.6 10.5 3.5 2 1 3 0 0
-4486.7 -7700.4 -3.9 94 0 13.5 39.4 14.0 3.5 2 1 4 3 3
-5866.5 -7436.6 -7.1 1 0 12.7 53.1 10.5 3.5 2 1 3 0 0
-6547.5 -7102.2 -9.4 181 0 13.9 60.2 10.5 3.5 2 1 3 2 2
-4300.6 -7434.4 -6.3 98 0 17.8 86.2 10.5 3.5 2 1 3 3 3
-4260.2 -7202.9 -7.7 97 0 18.1 36.1 14.0 0.0 0 1 4 3 3
-6050.5 -6897.8 -7.5 271 0 10.5 55.1 14.0 0.0 0 1 4 3 3
-4635.4 -8024.2 -4.6 182 0 51.6 17.3 14.0 3.5 2 0 4 5 5
-4474.4 -7584.8 -4.5 274 0 19.4 60.4 14.0 3.5 2 1 4 2 2
-6325.7 -7357.5 -8.1 187 0 36.5 68.8 10.5 0.0 0 1 3 0 0
-5836.9 -7209.0 -7.8 181 0 120.4 24.8 10.5 0.0 0 0 3 5 5
-4611.3 -8265.8 -5.5 94 0 39.2 60.7 14.0 0.0 0 1 4 4 4
-6571.5 -7180.3 -9.1 181 0 99.7 44.3 10.5 0.0 0 0 3 3 3
-4583.8 -7490.7 -5.5 102 0 13.3 38.6 10.5 3.5 2 1 3 1 1
-4554.3 -7146.6 -8.3 97 0 10.8 17.8 14.0 3.5 2 1 4 2 2
-4663.7 -7271.8 -7.4 102 0 116.2 70.7 10.5 0.0 0 0 3 3 3
-4690.2 -8101.7 -4.9 272 0 23.6 100.1 14.0 0.0 0 1 4 2 2
-5943.2 -6747.0 -8.1 181 0 16.0 72.4 14.0 3.5 2 1 4 1 1
-4626.5 -8080.9 -5.0 183 0 14.1 49.2 14.0 3.5 2 1 4 3 3
-4550.4 -8069.4 -5.3 275 0 21.9 96.3 14.0 0.0 0 1 4 0 0
-5821.6 -7774.0 -8.5 181 0 79.5 13.8 10.5 3.5 2 0 3 2 2
-5668.5 -7284.9 -7.6 89 0 22.4 120.3 10.5 0.0 0 1 3 3 3
-4829.8 -7236.4 -7.0 101 0 98.2 70.8 10.5 0.0 0 0 3 3 3
-5782.1 -8177.9 -8.8 0 0 72.1 11.7 14.0 0.0 0 0 4 2 2
-5914.7 -6452.3 -9.3 271 0 15.2 40.7 14.0 3.5 2 1 4 1 1
-4347.3 -7999.1 -5.6 274 0 25.5 61.2 14.0 3.5 2 1 4 2 2
-5941.0 -6650.6 -11.2 90 0 24.2 72.5 14.0 0.0 0 1 4 4 4
-4404.5 -7484.7 -5.2 275 0 14.4 89.1 14.0 0.0 0 1 4 0 0
-4316.5 -8545.1 -6.0 273 0 36.1 68.9 10.5 0.0 0 1 3 1 1
-5989.7 -6650.2 -11.2 90 0 24.7 72.3 14.0 0.0 0 1 4 5 5
-4292.7 -8014.7 -5.7 3 0 26.8 9.5 10.5 3.5 2 0 3 5 5
-6530.4 -6675.0 -11.0 91 0 202.4 66.1 14.0 0.0 0 0 4 0 0
-4862.4 -8187.1 -4.3 94 0 9.0 70.9 10.5 3.5 2 1 3 0 0
-5814.5 -7727.7 -8.1 91 0 13.1 32.5 10.5 3.5 2 1 3 5 5
-5630.4 -7334.6 -6.5 269 0 21.5 152.6 10.5 0.0 0 1 3 2 2
-5779.7 -8019.6 -9.3 91 0 14.7 81.5 14.0 3.5 2 1 4 4 4
-4251.7 -8061.5 -6.3 182 0 110.6 30.3 14.0 0.0 0 0 4 3 3
-4516.6 -8330.5 -4.8 273 0 28.3 47.1 14.0 0.0 0 1 4 4 4
-4062.7 -7396.4 -5.9 10 0 35.9 84.6 14.0 0.0 0 1 4 1 1
-4601.3 -8457.9 -5.1 183 0 90.9 37.2 14.0 0.0 0 0 4 4 4
-5851.8 -7978.3 -9.0 181 0 81.9 14.3 14.0 3.5 2 0 4 0 0
-4410.1 -7265.9 -7.1 282 0 81.5 126.9 10.5 0.0 0 1 3 3 3
-5771.9 -7317.5 -6.8 269 0 25.0 134.2 10.5 0.0 0 1 3 4 4
-3917.2 -7286.1 -6.2 97 0 19.0 113.6 10.5 0.0 0 1 3 3 3
-4270.8 -6981.8 -6.9 6 0 59.8 17.6 10.0 2.5 4 0 4 4 4
-5712.7 -7324.2 -6.4 269 0 22.3 128.5 10.5 0.0 0 1 3 5 5
-5679.8 -7468.0 -5.4 90 0 20.0 29.8 10.5 3.5 2 1 3 3 3
-6079.3 -6905.6 -7.5 273 0 36.0 13.5 14.0 3.5 2 0 4 4 4
-4084.5 -7236.2 -7.0 97 0 46.8 82.0 10.5 0.0 0 1 3 1 1
-4282.4 -7596.3 -4.6 7 0 78.0 23.7 14.0 0.0 0 0 4 3 3
-4339.7 -7427.8 -5.9 102 0 11.8 24.3 10.5 3.5 2 1 3 2 2
-4977.7 -7291.9 -5.5 1 0 75.3 40.4 14.0 0.0 0 0 4 0 0
-6594.9 -7170.1 -9.4 352 0 32.9 8.3 10.5 3.5 4 0 3 3 3
-5968.7 -7321.5 -8.1 7 0 49.1 112.1 14.0 0.0 0 1 4 5 5
-4773.9 -7391.9 -5.3 192 0 31.9 42.6 14.0 0.0 0 1 4 0 0
-5873.7 -6858.3 -7.2 1 0 7.7 71.4 10.5 0.0 0 1 3 4 4
-4925.5 -8189.1 -4.1 91 0 28.4 69.0 14.0 0.0 0 1 4 4 4
-5491.2 -8241.2 -5.5 91 0 37.8 35.5 10.5 0.0 0 0 3 4 4
-6263.1 -7111.0 -8.1 277 0 43.1 13.4 10.5 3.5 2 0 3 4 4
-5948.9 -7393.2 -7.8 180 0 52.1 66.4 10.5 0.0 0 1 3 5 5
-6434.0 -7082.5 -8.3 271 0 24.4 138.3 10.5 0.0 0 1 3 4 4
-4619.5 -8124.5 -5.1 184 0 8.7 39.7 10.5 3.5 2 1 3 1 1
-4300.7 -7247.9 -7.1 282 0 15.1 57.7 10.5 3.5 2 1 3 0 0
-5821.6 -8039.1 -7.6 270 0 11.9 72.9 14.0 3.5 2 1 4 3 3
-4493.2 -8609.2 -6.1 182 0 126.7 140.5 10.5 0.0 0 1 3 1 1
-4587.1 -7996.7 -4.7 272 0 13.1 60.4 14.0 3.5 2 1 4 1 1
-5785.5 -8041.0 -8.2 271 0 11.7 73.3 14.0 3.5 2 1 4 1 1
-6232.1 -7383.7 -8.4 96 0 37.1 101.7 10.5 0.0 0 1 3 1 1
-5235.3 -7318.4 -5.0 283 0 12.4 22.7 10.5 3.5 2 1 3 1 1
-6511.2 -7182.0 -9.2 181 0 100.2 43.9 10.5 0.0 0 0 3 0 0
-5495.0 -8017.3 -7.8 181 0 12.7 12.3 14.0 3.5 2 0 4 3 3
-4474.3 -8071.2 -5.7 274 0 48.5 121.2 14.0 0.0 0 1 4 0 0
-4565.0 -8266.9 -5.5 95 0 21.7 90.4 14.0 0.0 0 1 4 5 5
-5855.7 -8039.5 -7.1 271 0 11.9 82.2 14.0 3.5 2 1 4 3 3
-4403.2 -8516.9 -5.7 92 0 51.4 102.2 14.0 0.0 0 1 4 1 1
-4616.6 -7132.4 -9.4 98 0 40.2 138.6 14.0 0.0 0 1 4 5 5
-5856.3 -8211.8 -7.6 90 0 13.0 79.8 14.0 3.5 2 1 4 1 1
-4326.4 -8522.5 -6.0 92 0 61.5 103.2 14.0 0.0 0 1 4 4 4
-5174.4 -7083.2 -5.8 271 0 13.2 67.6 14.0 3.5 2 1 4 2 2
-5227.3 -7121.1 -5.7 181 0 67.6 18.5 14.0 3.5 2 0 4 2 2
-4688.3 -7128.9 -7.9 95 0 13.1 22.7 14.0 3.5 2 1 4 5 5
-5873.4 -6454.8 -9.0 1 0 7.8 21.9 10.5 3.5 4 1 3 0 0
-5678.1 -7810.7 -9.0 0 0 12.7 11.8 10.5 3.5 2 0 3 0 0
-5707.0 -7811.5 -9.0 1 0 13.5 12.3 14.0 3.5 4 0 4 3 3
-5655.1 -8578.5 -10.7 272 0 11.4 85.2 14.0 3.5 2 1 4 4 4
-5530.6 -7174.0 -6.0 277 0 13.8 15.2 14.0 3.5 2 1 4 3 3
-5886.3 -8553.6 -8.8 91 0 11.0 79.0 14.0 0.0 0 1 4 4 4
-5888.9 -8570.1 -10.1 271 0 11.7 79.3 14.0 3.5 2 1 4 2 2
-5849.4 -8427.7 -9.1 181 0 89.5 11.9 14.0 3.5 2 0 4 2 2
-5720.6 -8578.5 -11.2 271 0 11.6 83.3 14.0 3.5 2 1 4 4 4
-5795.4 -8338.7 -9.5 272 0 11.5 49.5 14.0 3.5 2 1 4 3 3
-4263.8 -7486.4 -5.8 98 0 12.7 84.5 10.5 3.5 4 1 3 0 0
-5800.7 -8489.4 -10.0 92 0 10.5 95.0 14.0 3.5 2 1 4 5 5
-5061.4 -8466.4 -4.0 181 0 91.0 81.0 14.0 0.0 0 0 4 4 4
-5672.4 -7747.3 -8.1 0 0 12.7 11.8 10.5 3.5 2 0 3 4 4
-4940.8 -8072.1 -4.0 181 0 60.0 32.7 14.0 0.0 0 0 4 4 4
-5735.8 -7811.7 -8.9 2 0 12.9 12.7 14.0 3.5 2 0 4 3 3
-5880.2 -8299.3 -7.8 271 0 11.0 79.3 14.0 3.5 2 1 4 0 0
-5785.9 -8577.0 -10.9 272 0 11.7 83.8 14.0 3.5 4 1 4 3 3
-5805.1 -8550.7 -10.2 91 0 10.9 53.2 14.0 3.5 4 1 4 1 1
-4211.0 -7345.0 -6.3 8 0 8.0 47.7 10.5 3.5 2 1 3 1 1
-5507.5 -7879.7 -8.3 1 0 36.6 16.4 14.0 3.5 2 0 4 4 4
-5643.5 -8461.5 -7.6 1 0 55.5 10.1 14.0 3.5 2 0 4 4 4
-4268.0 -7260.7 -6.9 279 0 24.7 80.7 10.5 0.0 0 1 3 4 4
-4204.4 -7557.5 -4.8 191 0 10.4 11.1 14.0 3.5 2 1 4 0 0
-5538.2 -7201.0 -5.8 187 0 15.6 14.1 14.0 3.5 2 0 4 0 0
-5683.3 -8557.8 -9.3 92 0 10.4 55.3 14.0 3.5 2 1 4 4 4
-5794.4 -8300.7 -9.3 271 0 11.8 31.6 14.0 3.5 2 1 4 0 0
-5558.9 -7829.7 -7.8 1 0 19.5 14.0 14.0 3.5 2 0 4 2 2
-5701.9 -7790.0 -8.9 1 0 13.5 12.3 14.0 3.5 2 0 4 4 4
-5743.0 -8557.5 -11.4 92 0 10.1 56.2 14.0 3.5 2 1 4 2 2
-5773.4 -8555.7 -10.8 91 0 9.9 55.5 10.5 3.5 4 1 3 3 3
-5818.2 -8575.6 -10.9 271 0 11.5 83.3 14.0 3.5 4 1 4 2 2
-5711.1 -7856.0 -9.2 1 0 12.2 11.4 14.0 0.0 0 0 4 3 3
-5759.6 -8481.7 -10.7 91 0 10.3 73.1 14.0 3.5 2 1 4 5 5
-5850.7 -8576.3 -10.5 272 0 12.1 83.3 14.0 3.5 4 1 4 3 3
-5846.5 -8553.5 -9.5 91 0 11.8 70.9 14.0 3.5 2 1 4 4 4
-5687.8 -8579.0 -10.9 271 0 11.6 83.6 14.0 3.5 2 1 4 4 4
-5660.1 -7997.5 -10.0 180 0 13.1 12.0 14.0 3.5 2 0 4 3 3
-5839.8 -8301.0 -8.5 272 0 10.6 71.7 14.0 3.5 2 1 4 0 0
-5753.2 -8577.2 -11.3 271 0 11.2 84.1 14.0 3.5 4 1 4 1 1
-4211.2 -7361.1 -6.1 9 0 13.0 27.5 10.5 3.5 2 1 3 2 2
-5646.5 -7872.7 -9.5 180 0 7.3 5.9 10.5 3.5 2 0 3 3 3
-5888.8 -8426.3 -8.3 181 0 82.0 11.4 14.0 3.5 2 0 4 1 1
-5660.2 -8018.6 -10.0 181 0 13.1 12.0 14.0 0.0 0 0 4 4 4
-5682.2 -7854.6 -9.3 0 0 13.1 11.7 10.5 3.5 2 0 3 4 4
-5650.0 -8558.4 -7.4 91 0 10.4 61.1 14.0 3.5 2 1 4 5 5
-4230.1 -7493.7 -5.2 96 0 8.4 30.1 10.5 0.0 0 1 3 5 5
-5564.5 -8017.5 -8.0 0 0 13.2 11.6 14.0 3.5 2 0 4 3 3
-5643.7 -8294.5 -7.9 272 0 9.1 111.5 10.5 0.0 0 1 3 0 0
-5525.8 -7482.7 -5.0 15 0 29.8 11.8 14.0 3.5 2 0 4 3 3
-5672.3 -7725.5 -7.8 0 0 12.7 11.8 10.5 3.5 4 0 3 2 2
-5675.6 -8312.0 -9.8 272 0 10.2 91.6 14.0 3.5 2 1 4 5 5
-5701.4 -7769.4 -8.7 1 0 13.5 12.3 14.0 3.5 2 0 4 1 1
-5673.0 -7788.2 -8.7 0 0 12.7 11.8 10.5 0.0 0 0 3 0 0
-5713.0 -8556.5 -11.1 92 0 9.8 55.1 10.5 3.5 4 1 3 5 5
-4809.1 -7997.7 -3.9 272 0 11.9 47.9 14.0 3.5 2 1 4 3 3
-5705.5 -8470.7 -11.2 0 0 6.5 11.8 10.5 3.5 2 1 3 2 2
-5559.4 -7854.1 -8.5 1 0 19.5 14.0 14.0 3.5 2 0 4 2 2
-5674.8 -8457.9 -9.5 2 0 60.3 10.2 14.0 3.5 2 0 4 0 0
-5563.1 -7934.0 -8.9 0 0 13.2 11.7 14.0 3.5 2 0 4 2 2
-5738.8 -7925.5 -9.3 1 0 13.4 11.9 14.0 3.5 2 0 4 2 2
-5715.9 -8315.4 -10.9 272 0 10.2 79.5 14.0 3.5 2 1 4 2 2
-5656.5 -7750.0 -8.0 182 0 13.1 12.0 14.0 3.5 4 0 4 2 2
-5755.8 -8328.0 -10.2 271 0 11.3 64.8 14.0 3.5 4 1 4 3 3
-5656.1 -7727.7 -7.8 181 0 13.4 11.9 14.0 3.5 2 0 4 5 5
-5498.7 -7210.8 -5.7 97 0 14.6 32.7 14.0 3.5 4 1 4 5 5
-5558.6 -7804.7 -7.4 1 0 19.5 14.0 14.0 3.5 2 0 4 0 0
-5739.6 -7854.3 -9.1 1 0 12.2 11.4 14.0 3.5 2 0 4 1 1
-5659.2 -7953.4 -9.7 180 0 13.1 12.0 14.0 3.5 2 0 4 1 1
-5943.6 -7786.4 -7.9 90 0 13.8 44.7 14.0 3.5 2 1 4 2 2
-5709.1 -7832.2 -9.1 1 0 13.5 12.3 14.0 3.5 4 0 4 5 5
-5578.4 -8291.7 -4.5 271 0 11.9 100.3 14.0 3.5 2 1 4 3 3
-5658.6 -7818.6 -8.9 182 0 13.1 12.0 14.0 3.5 2 0 4 2 2
-5704.5 -8014.1 -9.2 1 0 13.2 12.3 14.0 0.0 0 0 4 2 2
-5669.7 -9158.9 -5.2 360 0 60.8 13.3 14.0 3.5 2 0 4 5 5
-5705.9 -9189.0 -5.2 89 0 13.6 58.9 14.0 0.0 0 1 4 3 3
-5291.6 -7844.8 -5.0 0 0 18.8 13.6 14.0 3.5 2 0 4 4 4
-5335.1 -7869.5 -5.7 90 0 13.6 18.8 14.0 3.5 2 1 4 5 5
-5704.2 -7993.1 -9.1 1 0 12.7 12.3 14.0 3.5 2 0 4 0 0
-5682.6 -7904.5 -9.5 359 0 12.7 11.7 14.0 0.0 0 0 4 1 1
-5720.6 -7947.8 -8.8 181 0 12.8 11.9 14.0 3.5 2 0 4 3 3
-5298.3 -7811.1 -4.7 270 0 13.6 18.8 14.0 3.5 2 1 4 1 1
-5675.1 -7971.6 -9.5 359 0 12.3 12.1 14.0 3.5 4 0 4 3 3
-5679.7 -7948.3 -9.3 0 0 12.5 11.9 14.0 3.5 2 0 4 5 5
-5298.4 -7879.7 -5.4 90 0 13.6 18.8 14.0 3.5 2 1 4 3 3
-5735.5 -9189.1 -5.2 89 0 13.4 58.8 14.0 3.5 2 1 4 4 4
-5341.8 -7835.1 -5.3 180 0 18.8 13.6 14.0 3.5 2 0 4 2 2
-5335.0 -7800.5 -5.0 270 0 13.6 18.8 14.0 3.5 2 1 4 0 0
-5737.4 -7947.6 -9.0 1 0 12.6 12.4 14.0 0.0 0 0 4 4 4
-5558.5 -7703.6 -5.8 0 0 18.7 13.4 14.0 3.5 2 0 4 1 1
-5755.9 -9573.8 -5.9 7 0 60.0 13.5 14.0 3.5 2 0 4 0 0
-5456.6 -7857.6 -7.1 0 0 12.6 11.2 14.0 3.5 2 0 4 2 2
-5177.7 -7234.8 -5.2 91 0 11.7 23.0 14.0 3.5 2 1 4 5 5
-5376.3 -7791.4 -5.4 0 0 18.8 13.6 14.0 3.5 2 0 4 4 4
-5530.8 -8927.7 -7.7 274 0 14.5 26.3 14.0 3.5 2 1 4 3 3
-5290.9 -8309.0 -3.6 271 0 10.8 108.5 14.0 3.5 2 1 4 1 1
-5482.1 -7711.2 -4.5 180 0 18.7 16.8 10.5 3.5 2 0 3 4 4
-5767.4 -9091.9 -5.6 270 0 12.7 27.9 14.0 3.5 2 1 4 4 4
-6090.0 -9576.6 -6.7 354 0 91.2 12.6 14.0 3.5 2 0 4 0 0
-5510.6 -8666.5 -2.4 92 0 14.2 88.9 14.0 3.5 2 1 4 1 1
-5542.7 -7770.3 -6.4 180 0 17.8 16.9 10.5 3.5 2 0 3 1 1
-5202.0 -7937.9 -5.2 271 0 13.7 58.0 7.5 2.5 4 1 3 1 1
-5532.9 -7287.2 -6.4 92 0 12.5 29.6 14.0 3.5 2 1 4 0 0
-6081.5 -10527.1 -7.5 10 0 16.5 13.2 17.5 3.5 2 0 5 1 1
-6378.6 -9309.2 -7.8 264 0 13.3 100.1 14.0 3.5 4 1 4 0 0
-4876.3 -9970.1 -4.6 273 0 8.2 41.9 10.5 3.5 2 1 3 3 3
-5455.7 -8355.9 -3.5 272 0 35.0 51.8 14.0 0.0 0 1 4 0 0
-5919.6 -9764.2 -6.2 84 0 12.0 40.2 14.0 3.5 2 1 4 2 2
-6035.2 -9531.9 -6.8 353 0 186.7 15.0 14.0 0.0 0 0 4 5 5
-4470.2 -8509.0 -5.5 93 0 34.2 91.5 14.0 0.0 0 1 4 1 1
-4999.3 -8315.9 -3.7 267 0 16.2 42.9 14.0 3.5 2 1 4 2 2
-5496.4 -7809.1 -6.9 0 0 18.8 13.6 10.5 3.5 2 0 3 2 2
-4858.8 -10257.6 -5.1 185 0 72.0 11.6 14.0 3.5 2 0 4 3 3
-5441.0 -7995.7 -7.5 181 0 12.7 12.3 14.0 3.5 4 0 4 4 4
-5498.5 -8288.2 -4.5 272 0 113.1 9.4 10.5 3.5 2 0 3 3 3
-6054.4 -9580.4 -6.7 353 0 89.0 13.5 14.0 3.5 2 0 4 5 5
-5503.1 -8305.2 -4.2 271 0 12.2 107.0 14.0 3.5 2 1 4 0 0
-5481.6 -7759.5 -5.4 180 0 18.7 16.8 10.5 0.0 0 0 3 5 5
-5439.3 -7857.9 -6.8 180 0 12.6 11.2 10.5 3.5 4 0 3 0 0
-5009.2 -8386.7 -3.6 182 0 29.0 16.1 14.0 3.5 2 0 4 1 1
-5559.0 -8541.5 -1.6 181 0 33.9 13.7 14.0 3.5 2 0 4 2 2
-6133.3 -10184.1 -7.0 10 0 9.4 105.4 10.5 3.5 2 1 3 3 3
-5707.7 -9091.2 -5.6 270 0 12.7 27.9 14.0 3.5 2 1 4 4 4
-5696.3 -9363.6 -5.3 270 0 10.9 76.8 14.0 3.5 2 1 4 3 3
-5583.6 -8666.5 -6.7 91 0 11.1 91.4 14.0 3.5 2 1 4 1 1
-5538.8 -7222.1 -5.8 178 0 18.0 13.6 14.0 0.0 0 0 4 3 3
-5496.2 -7734.7 -5.3 0 0 18.8 13.6 10.5 3.5 2 0 3 4 4
-6137.3 -9476.3 -7.2 354 0 91.0 12.8 14.0 0.0 0 0 4 4 4
-4952.7 -9480.9 -3.8 279 0 11.2 36.9 7.5 2.5 2 1 3 2 2
-5415.2 -8562.5 -1.6 91 0 9.0 57.0 10.5 3.5 2 1 3 2 2
-4781.9 -8328.5 -4.2 277 0 13.1 30.8 14.0 3.5 2 1 4 1 1
-4889.6 -8407.4 -3.8 80 0 16.3 30.5 14.0 0.0 0 1 4 2 2
-5299.3 -8671.6 -3.2 91 0 13.0 88.6 14.0 3.5 2 1 4 5 5
-6052.8 -9383.1 -6.8 354 0 88.8 14.4 14.0 3.5 4 0 4 5 5
-5250.6 -8628.7 -3.6 1 0 86.7 16.0 14.0 3.5 4 0 4 0 0
-6223.1 -10155.4 -7.4 83 0 11.0 68.3 17.5 3.5 2 1 5 2 2
-5619.7 -9780.0 -5.5 93 0 13.8 67.6 14.0 3.5 2 1 4 0 0
-5540.6 -8304.2 -4.3 271 0 11.7 106.8 14.0 3.5 2 1 4 3 3
-6332.9 -9444.7 -8.0 173 0 50.9 13.4 14.0 3.5 4 0 4 0 0
-4835.6 -8410.3 -3.9 79 0 15.9 32.4 14.0 3.5 2 1 4 1 1
-5736.8 -9276.2 -5.3 269 0 12.6 75.6 14.0 0.0 0 1 4 4 4
-5792.7 -10029.9 -6.4 274 0 11.3 119.1 14.0 3.5 2 1 4 1 1
-6066.6 -10654.6 -7.5 92 0 11.3 66.8 17.5 3.5 2 1 5 1 1
-5460.2 -10425.8 -6.2 6 0 128.4 39.7 14.0 0.0 0 0 4 5 5
-5243.0 -8566.4 -3.4 91 0 11.3 57.9 14.0 3.5 2 1 4 1 1
-3523.3 -10624.8 -6.1 6 0 24.3 54.9 14.0 3.5 2 1 4 5 5
-5542.5 -7745.7 -5.9 180 0 17.8 16.9 10.5 3.5 4 0 3 1 1
-5275.9 -8833.7 -3.6 4 0 64.2 14.0 14.0 0.0 0 0 4 2 2
-5263.9 -8882.0 -6.3 5 0 11.5 83.6 14.0 3.5 2 1 4 5 5
-5770.9 -9363.6 -5.5 269 0 14.5 78.2 14.0 3.5 2 1 4 3 3
-5318.1 -8798.1 -4.2 274 0 12.9 63.7 14.0 3.5 4 1 4 4 4
-5776.4 -10224.1 -7.7 94 0 16.5 53.3 14.0 3.5 2 1 4 0 0
-6042.9 -9751.5 -6.2 84 0 13.5 114.5 14.0 3.5 2 1 4 5 5
-6148.9 -9739.1 -6.6 83 0 11.8 115.2 14.0 3.5 4 1 4 0 0
-6095.7 -10457.3 -7.8 65 0 12.7 15.9 17.5 3.5 2 1 5 3 3
-5008.8 -9452.3 -3.9 279 0 10.7 53.0 7.5 2.5 2 1 3 1 1
-5375.5 -8563.7 -1.9 91 0 14.0 36.6 14.0 3.5 2 1 4 5 5
-6223.3 -10423.5 -7.0 73 0 12.6 53.6 17.5 3.5 2 1 5 1 1
-6162.1 -9568.5 -6.8 353 0 89.9 12.6 14.0 3.5 2 0 4 4 4
-6426.3 -9509.8 -7.6 172 0 64.6 13.9 14.0 3.5 2 0 4 0 0
-6123.6 -10619.2 -7.2 269 0 10.2 39.1 17.5 3.5 2 1 5 1 1
-5326.3 -8308.3 -3.7 271 0 11.3 107.8 14.0 3.5 4 1 4 2 2
-6358.4 -9505.8 -7.4 173 0 58.9 13.9 14.0 3.5 2 0 4 4 4
-6125.0 -9332.7 -7.1 263 0 13.3 91.1 14.0 3.5 2 1 4 2 2
-5440.1 -7976.2 -7.6 180 0 12.6 11.9 14.0 3.5 2 0 4 5 5
-5584.3 -9860.3 -4.8 276 0 147.6 12.1 14.0 0.0 0 0 4 5 5
-5394.8 -8776.3 -2.8 91 0 11.0 89.7 14.0 3.5 2 1 4 5 5
-6199.0 -10071.8 -6.3 83 0 11.0 91.6 17.5 3.5 2 1 5 2 2
-2416.7 -9033.2 -5.2 276 0 17.5 68.0 14.0 3.5 2 1 4 3 3
-5549.2 -7996.4 -8.2 180 0 12.6 11.9 14.0 3.5 4 0 4 3 3
-5300.2 -10076.2 -6.0 272 0 14.3 107.3 14.0 3.5 2 1 4 2 2
-5895.3 -9257.9 -5.9 270 0 13.5 61.1 14.0 3.5 2 1 4 3 3
-5760.4 -10031.8 -6.4 274 0 11.3 119.1 14.0 3.5 2 1 4 2 2
-5486.2 -10029.1 -6.1 94 0 10.8 157.2 14.0 0.0 0 1 4 1 1
-5272.3 -8500.7 -2.5 91 0 11.0 58.8 14.0 3.5 2 1 4 3 3
-5542.3 -7721.5 -5.6 180 0 17.8 16.9 10.5 3.5 2 0 3 2 2
-5306.0 -8566.3 -2.7 92 0 11.2 59.2 14.0 3.5 2 1 4 5 5
-6154.9 -10066.3 -6.0 83 0 10.9 87.4 17.5 3.5 2 1 5 4 4
-5449.4 -8532.0 -1.6 182 0 58.6 11.1 14.0 3.5 2 0 4 4 4
-5849.6 -9332.2 -6.1 269 0 12.8 86.0 14.0 0.0 0 1 4 3 3
-5816.6 -9258.0 -5.9 269 0 10.8 59.3 14.0 3.5 2 1 4 4 4
-6105.3 -10425.3 -7.8 325 0 15.9 13.3 17.5 3.5 2 0 5 0 0
-6234.6 -9668.9 -7.2 82 0 11.5 136.9 14.0 3.5 2 1 4 0 0
-5439.4 -7879.5 -7.1 180 0 12.6 11.2 10.5 3.5 2 0 3 4 4
-6276.9 -9610.8 -7.2 82 0 10.8 74.9 14.0 3.5 2 1 4 5 5
-6121.3 -10407.3 -7.7 315 0 16.8 13.3 17.5 3.5 2 0 5 2 2
-4512.9 -8902.4 -4.4 94 0 22.9 86.1 10.5 0.0 0 1 3 4 4
-4764.5 -8051.8 -4.1 1 0 8.8 26.1 10.5 3.5 2 1 3 5 5
-5335.9 -8499.7 -2.2 91 0 13.0 60.2 14.0 3.5 2 1 4 4 4
-5662.9 -9404.3 -5.3 7 0 76.8 10.5 14.0 3.5 2 0 4 4 4
-4419.9 -8924.0 -3.8 5 0 13.5 105.5 10.5 3.5 2 1 3 2 2
-6196.9 -9609.3 -6.9 83 0 13.4 90.0 14.0 3.5 2 1 4 2 2
-6127.1 -9571.6 -6.8 354 0 90.1 12.0 14.0 3.5 2 0 4 5 5
-6380.8 -9589.4 -7.6 173 0 74.2 14.6 14.0 0.0 0 0 4 0 0
-6183.3 -9734.8 -6.7 84 0 11.7 115.2 14.0 3.5 2 1 4 3 3
-5721.0 -9577.0 -5.8 7 0 60.1 13.0 14.0 3.5 2 0 4 0 0
-6407.2 -10281.2 -6.8 271 0 12.9 47.7 17.5 3.5 2 1 5 2 2
-6163.4 -9865.4 -5.6 266 0 12.4 87.3 17.5 3.5 2 1 5 2 2
-5459.2 -8773.7 -6.5 91 0 11.8 89.8 14.0 3.5 2 1 4 5 5
-6055.0 -10514.3 -7.5 184 0 54.1 14.1 14.0 3.5 2 0 4 2 2
-5436.6 -7747.3 -4.9 0 0 18.8 13.6 10.5 3.5 2 0 3 2 2
-6159.0 -10706.8 -7.9 251 0 15.0 39.9 17.5 3.5 4 1 5 2 2
-5436.6 -7772.5 -5.6 0 0 18.8 13.6 10.5 3.5 2 0 3 5 5
-5304.2 -8499.9 -2.3 91 0 11.1 59.2 14.0 3.5 2 1 4 5 5
-4519.2 -8686.0 -4.8 273 0 14.1 9.5 10.5 3.5 2 0 3 5 5
-5495.8 -7710.1 -4.9 0 0 18.8 13.6 10.5 3.5 2 0 3 2 2
-5493.4 -8466.5 -2.6 180 0 58.8 11.6 14.0 3.5 2 0 4 1 1
-5559.0 -7778.8 -6.9 0 0 18.7 13.5 14.0 3.5 2 0 4 1 1
-6324.5 -9581.5 -7.4 172 0 74.5 15.8 14.0 3.5 2 0 4 4 4
-5694.6 -9670.8 -5.5 6 0 94.8 13.1 14.0 3.5 2 0 4 1 1
-5342.5 -10069.4 -6.3 279 0 9.8 68.6 10.5 3.5 2 1 3 0 0
-5380.9 -7914.3 -6.9 90 0 17.0 18.1 10.5 3.5 2 1 3 4 4
-5337.6 -8567.0 -2.4 91 0 11.6 61.4 14.0 3.5 2 1 4 3 3
-5346.1 -9263.4 -5.1 271 0 50.5 98.7 14.0 0.0 0 1 4 5 5
-4411.3 -8869.5 -4.6 9 0 84.2 23.0 10.5 0.0 0 0 3 2 2
-5482.5 -7807.7 -6.8 180 0 18.7 16.8 10.5 3.5 2 0 3 5 5
-5684.7 -9575.1 -5.7 7 0 67.2 13.4 14.0 3.5 2 0 4 1 1
-6007.2 -10443.9 -7.6 274 0 12.4 36.0 14.0 0.0 0 1 4 5 5
-6422.8 -10403.7 -7.2 91 0 12.5 69.4 17.5 0.0 0 1 5 0 0
-5254.6 -8310.1 -3.5 271 0 11.6 108.8 14.0 3.5 4 1 4 5 5
-5672.6 -9498.2 -5.6 6 0 71.0 11.5 14.0 3.5 2 0 4 3 3
-5852.7 -9206.8 -5.0 89 0 11.0 65.6 14.0 3.5 4 1 4 2 2
-6077.4 -9746.4 -6.3 84 0 12.4 114.5 14.0 3.5 2 1 4 2 2
-5886.9 -9207.0 -5.0 90 0 11.4 65.8 14.0 3.5 2 1 4 3 3
-4509.2 -8693.2 -5.3 184 0 11.4 125.8 10.5 3.5 2 1 3 3 3
-6090.9 -10470.3 -7.7 258 0 13.5 16.5 17.5 3.5 2 1 5 3 3
-4944.8 -8319.9 -3.8 277 0 14.3 31.1 14.0 3.5 2 1 4 5 5
-5542.1 -7696.8 -5.2 180 0 17.8 16.9 10.5 3.5 2 0 3 0 0
-5879.6 -9067.5 -5.8 269 0 12.0 59.0 14.0 3.5 2 1 4 4 4
-4877.3 -10151.4 -4.9 8 0 85.0 15.6 14.0 3.5 4 0 4 5 5
-4960.7 -8130.2 -3.7 1 0 18.7 23.1 14.0 3.5 2 1 4 4 4
-5440.2 -7899.8 -7.4 180 0 12.6 11.2 10.5 3.5 2 0 3 1 1
-5389.1 -7855.6 -6.2 180 0 18.1 17.0 10.5 3.5 2 0 3 2 2
-4858.1 -10046.2 -4.0 10 0 38.3 11.2 14.0 3.5 4 0 4 5 5
-6315.0 -9870.1 -5.8 267 0 11.1 59.4 17.5 3.5 2 1 5 5 5
-6102.2 -10165.9 -6.5 83 0 12.1 101.7 17.5 3.5 2 1 5 1 1
-6261.5 -9499.3 -7.0 173 0 46.9 11.3 14.0 3.5 4 0 4 5 5
-5879.7 -9522.7 -6.3 89 0 12.6 88.5 14.0 0.0 0 1 4 4 4
-6254.5 -9423.1 -7.7 264 0 13.2 45.2 14.0 3.5 2 1 4 5 5
-5972.5 -9260.5 -6.0 270 0 13.8 59.6 14.0 3.5 2 1 4 3 3
-5413.0 -8440.5 -2.3 271 0 9.0 57.0 10.5 3.5 2 1 3 5 5
-6087.9 -10551.1 -7.4 21 0 15.6 12.6 17.5 3.5 2 0 5 2 2
-6426.5 -9293.1 -7.4 262 0 14.8 174.6 14.0 0.0 0 1 4 4 4
-5333.6 -10048.5 -6.5 94 0 13.3 119.5 14.0 3.5 2 1 4 2 2
-5178.1 -8486.4 -3.4 1 0 80.4 15.8 14.0 3.5 2 0 4 1 1
-5920.7 -9207.4 -5.0 89 0 10.9 64.6 14.0 3.5 2 1 4 5 5
-6410.3 -9619.1 -7.8 172 0 113.8 13.7 14.0 3.5 2 0 4 4 4
-5436.6 -7797.5 -6.3 0 0 18.8 13.6 10.5 3.5 2 0 3 1 1
-6219.5 -9425.2 -7.5 263 0 12.8 89.9 14.0 3.5 2 1 4 2 2
-5547.0 -8667.6 -4.6 91 0 13.3 98.6 14.0 3.5 4 1 4 0 0
-5955.0 -9208.2 -4.9 89 0 11.4 65.0 14.0 3.5 2 1 4 3 3
-5670.7 -9103.8 -5.6 360 0 27.9 12.7 14.0 3.5 2 0 4 1 1
-5962.6 -10520.6 -7.1 3 0 53.1 12.0 14.0 3.5 4 0 4 5 5
-4938.7 -10008.8 -5.1 102 0 16.1 48.5 14.0 3.5 2 1 4 2 2
-5422.3 -7771.9 -5.4 180 0 18.1 17.0 14.0 3.5 2 0 4 5 5
-5957.9 -9104.1 -5.7 179 0 51.6 12.2 14.0 3.5 2 0 4 4 4
-6273.5 -9874.4 -5.6 266 0 11.4 60.4 17.5 3.5 2 1 5 1 1
-6065.9 -9484.2 -6.9 354 0 92.1 12.6 14.0 3.5 2 0 4 5 5
-6291.7 -9419.2 -7.9 263 0 13.0 50.1 14.0 3.5 2 1 4 2 2
-5497.4 -9203.9 -5.3 91 0 15.8 53.4 14.0 3.5 2 1 4 5 5
-6147.1 -10423.3 -7.8 224 0 13.2 14.1 17.5 3.5 4 1 5 0 0
-6188.6 -10160.9 -6.8 83 0 12.0 79.2 17.5 3.5 2 1 5 1 1
-5951.9 -9524.3 -6.6 89 0 11.4 89.7 14.0 3.5 2 1 4 2 2
-6292.8 -9501.2 -7.2 173 0 51.5 11.4 14.0 3.5 2 0 4 1 1
-6156.4 -10453.9 -7.8 136 0 12.7 12.8 17.5 3.5 2 1 5 5 5
-4835.9 -8326.3 -4.1 278 0 15.3 31.6 14.0 3.5 2 1 4 2 2
-5725.9 -9504.1 -5.7 0 0 56.5 13.1 14.0 3.5 2 0 4 3 3
-5376.3 -7766.2 -5.1 0 0 18.8 13.6 14.0 3.5 2 0 4 2 2
-5214.9 -8998.6 -6.5 1 0 44.8 26.3 12.5 0.0 0 0 5 2 2
-5773.7 -9279.7 -5.4 269 0 11.4 72.5 14.0 3.5 2 1 4 2 2
-5287.4 -9921.8 -6.4 274 0 14.6 89.5 14.0 3.5 2 1 4 4 4
-5759.8 -9495.0 -5.8 0 0 75.4 13.0 14.0 3.5 2 0 4 2 2
-5240.7 -8442.3 -2.7 271 0 10.7 59.0 14.0 3.5 2 1 4 3 3
-4730.4 -8346.4 -4.3 6 0 30.4 14.2 14.0 3.5 4 0 4 0 0
-5493.1 -7878.6 -7.7 181 0 11.7 11.8 14.0 3.5 2 1 4 3 3
-6142.9 -10169.5 -7.1 83 0 11.1 92.7 17.5 0.0 0 1 5 0 0
-5736.9 -9091.4 -5.6 270 0 12.7 27.9 14.0 0.0 0 1 4 5 5
-4734.1 -8396.9 -4.1 350 0 29.9 13.7 14.0 3.5 2 0 4 4 4
-5732.9 -9363.4 -5.4 269 0 11.6 75.0 14.0 3.5 2 1 4 4 4
-4835.0 -8269.6 -4.6 94 0 12.8 67.1 14.0 3.5 2 1 4 4 4
-5543.3 -7819.0 -7.4 180 0 17.8 16.9 10.5 3.5 2 0 3 0 0
-6341.9 -9309.4 -7.7 264 0 13.1 99.5 14.0 3.5 2 1 4 3 3
-4980.9 -9457.0 -3.9 279 0 9.6 54.3 7.5 2.5 2 1 3 1 1
-5744.3 -8866.5 -8.5 94 0 35.4 9.0 10.5 3.5 2 0 3 4 4
-5448.9 -8323.1 -3.8 272 0 12.4 28.0 14.0 3.5 2 1 4 0 0
-4943.7 -8405.1 -3.7 81 0 15.7 31.7 14.0 3.5 2 1 4 5 5
-6259.6 -9729.0 -6.6 82 0 11.0 44.5 14.0 3.5 2 1 4 3 3
-5474.9 -8666.4 -1.4 91 0 14.1 88.6 14.0 3.5 4 1 4 4 4
-5494.2 -7975.8 -8.0 180 0 12.6 11.9 14.0 3.5 4 0 4 2 2
-5544.8 -9206.4 -5.2 91 0 10.6 61.5 14.0 3.5 2 1 4 3 3
-5863.5 -9716.2 -5.8 2 0 57.2 19.6 14.0 3.5 2 0 4 0 0
-6089.1 -9336.5 -6.9 263 0 13.9 92.1 14.0 3.5 2 1 4 1 1
-6225.4 -9734.4 -6.7 82 0 11.7 55.2 14.0 3.5 2 1 4 1 1
-5577.0 -9203.0 -5.3 91 0 11.6 75.2 14.0 3.5 2 1 4 1 1
-6233.7 -10077.2 -7.1 83 0 11.3 76.9 17.5 3.5 4 1 5 2 2
-5803.8 -9647.4 -6.2 96 0 16.6 107.0 14.0 0.0 0 1 4 3 3
-6323.7 -9504.7 -7.2 172 0 54.0 11.2 14.0 3.5 2 0 4 4 4
-6030.2 -10194.8 -6.4 189 0 14.4 40.4 17.5 3.5 2 1 5 3 3
-5843.5 -9641.1 -6.3 96 0 16.7 100.2 14.0 0.0 0 1 4 1 1
-5433.4 -9894.0 -5.0 274 0 14.6 47.4 14.0 3.5 2 1 4 2 2
-5808.1 -9522.2 -6.0 90 0 14.6 88.4 14.0 3.5 2 1 4 5 5
-5574.5 -8963.3 -7.2 271 0 9.9 54.5 10.5 3.5 2 1 3 1 1
-5696.4 -9314.1 -5.4 360 0 65.0 13.8 14.0 0.0 0 0 4 0 0
-5725.8 -10093.9 -6.6 4 0 119.1 11.2 14.0 3.5 4 0 4 3 3
-5481.8 -7735.7 -5.0 180 0 18.7 16.8 10.5 3.5 4 0 3 2 2
-6037.1 -10673.2 -7.6 2 0 15.6 51.4 17.5 3.5 2 1 5 5 5
-5493.6 -7898.4 -8.0 179 0 12.0 11.0 14.0 3.5 2 0 4 1 1
-5444.2 -10034.2 -6.3 94 0 12.7 86.0 14.0 3.5 2 1 4 2 2
-5845.0 -9523.0 -6.2 90 0 12.5 89.1 14.0 3.5 2 1 4 5 5
-5274.3 -8566.2 -3.1 91 0 10.8 59.1 14.0 0.0 0 1 4 0 0
-5581.2 -9071.8 -6.5 181 0 93.9 11.2 14.0 3.5 2 0 4 0 0
-5486.4 -9126.3 -5.4 2 0 35.7 63.6 14.0 0.0 0 1 4 3 3
-5971.7 -9377.6 -6.6 179 0 84.6 15.3 14.0 3.5 2 0 4 2 2
-6117.3 -10057.4 -6.3 83 0 10.9 65.3 17.5 3.5 2 1 5 1 1
-5812.9 -9331.8 -6.0 269 0 11.3 87.1 14.0 3.5 4 1 4 1 1
-5538.1 -7244.3 -6.1 179 0 17.2 12.7 14.0 3.5 2 0 4 4 4
-5496.2 -7759.9 -5.8 0 0 18.8 13.6 10.5 3.5 4 0 3 1 1
-6050.6 -10459.1 -7.7 274 0 24.4 18.4 14.0 3.5 2 0 4 3 3
-5422.7 -7796.7 -5.9 180 0 18.1 17.0 14.0 3.5 4 0 4 0 0
-6053.2 -10575.0 -7.2 93 0 12.4 21.8 14.0 3.5 4 1 4 1 1
-6094.4 -10399.9 -7.7 94 0 9.5 75.6 10.5 3.5 2 1 3 4 4
-6267.7 -9674.0 -6.7 82 0 11.1 47.4 14.0 3.5 2 1 4 3 3
-6154.9 -10621.1 -7.5 71 0 12.5 50.9 14.0 3.5 2 1 4 5 5
-4783.1 -8411.3 -4.0 83 0 14.8 29.7 14.0 3.5 2 1 4 3 3
-6392.0 -9508.0 -7.5 172 0 62.5 14.3 14.0 3.5 2 0 4 3 3
-6401.1 -10060.1 -8.3 352 0 30.9 17.4 17.5 3.5 2 0 5 3 3
-5470.6 -9081.3 -5.8 271 0 15.1 61.3 14.0 3.5 2 1 4 3 3
-5619.0 -9659.6 -5.4 184 0 85.1 12.2 14.0 3.5 4 0 4 3 3
-5663.9 -10009.4 -5.6 95 0 11.7 139.7 14.0 0.0 0 1 4 0 0
-5383.1 -7825.7 -5.7 90 0 13.6 18.8 14.0 3.5 2 1 4 0 0
-5911.3 -9827.4 -5.1 276 0 11.3 70.4 14.0 3.5 2 1 4 4 4
-5436.3 -7722.7 -4.3 0 0 18.8 13.6 10.5 3.5 2 0 3 1 1
-6258.8 -10387.2 -7.4 341 0 187.7 15.7 17.5 0.0 0 0 5 5 5
-5933.9 -9258.5 -6.0 270 0 11.1 60.6 14.0 3.5 2 1 4 2 2
-6369.5 -9445.8 -8.1 173 0 50.3 12.9 14.0 3.5 4 0 4 0 0
-6252.8 -10272.1 -7.2 4 0 48.1 12.9 17.5 3.5 2 0 5 2 2
-5439.0 -8666.0 -1.8 91 0 14.5 88.1 14.0 3.5 2 1 4 4 4
-5182.0 -9277.8 -5.0 271 0 12.3 88.1 10.0 2.5 2 1 4 1 1
-5442.4 -8437.5 -2.4 270 0 11.4 59.6 14.0 3.5 2 1 4 0 0
-5492.1 -8772.1 -8.3 91 0 12.4 89.2 14.0 3.5 2 1 4 5 5
-5726.5 -9639.3 -5.2 6 0 41.6 12.5 14.0 3.5 2 0 4 0 0
-6298.0 -9709.3 -6.7 82 0 14.3 77.3 14.0 3.5 2 1 4 5 5
-5372.8 -8440.4 -2.2 271 0 13.7 37.1 14.0 3.5 2 1 4 5 5
-5510.4 -7996.4 -8.1 0 0 12.6 11.9 14.0 3.5 2 0 4 1 1
-6408.3 -10008.9 -7.9 352 0 49.3 17.8 17.5 3.5 4 0 5 1 1
-6384.1 -10404.3 -7.4 91 0 12.6 69.4 17.5 3.5 2 1 5 5 5
-6123.5 -9897.9 -5.6 261 0 11.9 58.8 17.5 3.5 2 1 5 2 2
-5287.5 -8732.3 -3.6 181 0 88.9 11.7 14.0 3.5 4 0 4 2 2
-4588.3 -8922.8 -4.3 94 0 12.4 121.2 10.5 3.5 2 1 3 1 1
-5548.7 -7975.0 -8.5 181 0 12.5 11.8 14.0 3.5 2 0 4 0 0
-4573.0 -8563.2 -5.3 2 0 53.4 65.7 10.5 0.0 0 1 3 3 3
-4891.0 -8323.2 -4.0 273 0 13.8 31.1 14.0 3.5 2 1 4 4 4
-5421.9 -7723.5 -4.1 180 0 18.1 17.0 14.0 3.5 2 0 4 4 4
-5975.9 -10612.5 -7.4 94 0 13.5 54.3 14.0 3.5 2 1 4 2 2
-5827.3 -9038.2 -6.2 270 0 13.8 20.2 14.0 3.5 2 1 4 1 1
-5843.7 -9066.7 -5.9 270 0 12.2 59.6 14.0 3.5 2 1 4 0 0
-5496.2 -7784.9 -6.2 0 0 18.8 13.6 10.5 3.5 4 0 3 0 0
-5494.5 -8531.4 -1.7 181 0 58.6 11.7 14.0 3.5 2 0 4 2 2
-4974.9 -8000.7 -4.1 1 0 20.9 15.2 14.0 3.5 2 0 4 2 2
-4498.5 -8705.5 -4.8 274 0 23.3 91.6 10.5 0.0 0 1 3 3 3
-5851.6 -9258.5 -5.9 269 0 11.0 59.6 14.0 3.5 2 1 4 5 5
-2348.8 -9040.4 -5.2 276 0 17.7 68.0 14.0 3.5 2 1 4 4 4
-5256.4 -10084.4 -5.6 273 0 14.4 103.3 14.0 3.5 2 1 4 4 4
-5396.1 -9261.0 -5.0 271 0 21.8 98.9 14.0 0.0 0 1 4 4 4
-5333.2 -8669.8 -2.8 91 0 12.4 88.9 14.0 3.5 2 1 4 2 2
-6184.4 -9429.4 -7.4 264 0 13.1 89.1 14.0 3.5 2 1 4 3 3
-5558.1 -7729.5 -6.2 1 0 19.5 14.0 14.0 3.5 2 0 4 5 5
-5368.6 -8669.8 -2.4 92 0 12.9 90.2 14.0 0.0 0 1 4 1 1
-6113.7 -9742.5 -6.5 84 0 12.3 114.8 14.0 3.5 2 1 4 2 2
-5363.8 -9886.3 -4.9 276 0 92.3 16.6 14.0 3.5 2 0 4 3 3
-5214.6 -8357.4 -2.9 272 0 22.5 58.1 14.0 3.5 2 1 4 2 2
-4614.4 -8798.1 -4.0 274 0 12.4 120.6 10.5 3.5 2 1 3 1 1
-5456.3 -7946.5 -7.9 359 0 12.8 11.3 14.0 3.5 2 0 4 1 1
-6461.0 -10403.6 -7.0 91 0 12.6 69.4 17.5 3.5 2 1 5 3 3
-5427.1 -8775.8 -4.7 91 0 10.7 90.3 14.0 3.5 2 1 4 0 0
-4676.0 -8531.1 -5.0 273 0 45.2 120.4 10.5 0.0 0 1 3 1 1
-5855.0 -9979.7 -5.6 94 0 12.0 71.8 14.0 3.5 2 1 4 1 1
-4393.9 -8761.6 -5.2 10 0 91.1 23.1 10.5 0.0 0 0 3 5 5
-5548.8 -8017.1 -8.0 181 0 12.4 11.6 14.0 3.5 2 0 4 1 1
-5888.7 -9969.5 -5.6 94 0 11.1 67.0 14.0 3.5 2 1 4 1 1
-6196.6 -9325.8 -7.4 263 0 13.1 93.1 14.0 3.5 2 1 4 5 5
-6020.3 -10593.3 -7.2 95 0 13.8 37.3 14.0 3.5 4 1 4 0 0
-5569.6 -9660.0 -5.2 274 0 11.7 46.0 14.0 3.5 2 1 4 4 4
-6231.2 -9323.0 -7.5 264 0 12.4 92.7 14.0 0.0 0 1 4 4 4
-6011.1 -10490.4 -7.4 274 0 13.1 55.0 14.0 3.5 2 1 4 1 1
-5919.1 -9557.5 -6.4 186 0 28.5 38.8 14.0 0.0 0 1 4 0 0
-5809.4 -9066.7 -5.9 269 0 12.2 59.1 14.0 3.5 2 1 4 2 2
-5915.5 -9067.6 -5.8 269 0 12.2 60.5 14.0 3.5 2 1 4 5 5
-4452.2 -8716.5 -4.9 274 0 37.7 77.7 10.5 0.0 0 1 3 5 5
-5389.4 -7880.4 -6.5 180 0 18.1 17.0 10.5 3.5 2 0 3 0 0
-5367.9 -9204.5 -5.4 90 0 20.3 43.2 14.0 3.5 2 1 4 3 3
-6151.7 -10392.4 -7.2 211 0 13.7 16.4 17.5 3.5 2 1 5 5 5
-5482.2 -7783.1 -6.1 180 0 18.7 16.8 10.5 3.5 2 0 3 2 2
-5402.8 -8667.5 -2.0 91 0 13.2 88.5 14.0 3.5 2 1 4 4 4
-5916.2 -9524.1 -6.4 89 0 12.1 89.6 14.0 3.5 2 1 4 4 4
-5543.1 -7794.4 -6.8 180 0 17.8 16.9 10.5 3.5 2 0 3 0 0
-5427.4 -7934.1 -7.6 2 0 12.4 11.8 14.0 3.5 2 0 4 4 4
-6101.7 -9481.3 -7.1 354 0 92.8 12.3 14.0 3.5 2 0 4 0 0
-5163.8 -8561.6 -4.3 2 0 17.0 60.4 14.0 3.5 2 1 4 5 5
-5741.2 -9712.9 -5.7 97 0 13.6 47.6 14.0 3.5 4 1 4 0 0
-6446.1 -10281.6 -7.1 271 0 12.5 46.4 17.5 3.5 2 1 5 5 5
-5921.0 -9949.3 -5.5 94 0 12.1 49.8 14.0 3.5 2 1 4 0 0
-6080.2 -10502.4 -7.5 0 0 16.3 13.2 17.5 3.5 2 0 5 0 0
-5422.1 -7747.9 -4.8 180 0 18.1 17.0 14.0 3.5 2 0 4 5 5
-5917.4 -9972.1 -5.6 95 0 28.7 11.9 14.0 3.5 2 0 4 0 0
-5244.4 -7994.7 -5.7 91 0 13.7 58.0 12.5 2.5 2 1 5 3 3
-6267.8 -9308.6 -7.4 263 0 13.3 95.3 14.0 3.5 2 1 4 3 3
-6305.3 -9309.1 -7.5 263 0 13.1 98.7 14.0 3.5 2 1 4 3 3
-5960.8 -10426.2 -7.5 273 0 9.8 55.8 10.5 3.5 2 1 3 0 0
-5919.6 -9600.8 -6.3 186 0 28.5 38.8 14.0 0.0 0 1 4 4 4
-5283.2 -8294.1 -3.9 271 0 108.0 10.2 14.0 3.5 2 0 4 2 2
-5422.7 -7821.5 -6.1 180 0 18.1 17.0 14.0 3.5 2 0 4 3 3
-5817.9 -9206.1 -5.0 89 0 11.6 65.8 14.0 3.5 2 1 4 5 5
-5558.4 -7754.5 -6.6 1 0 19.5 14.0 14.0 3.5 2 0 4 1 1
-5295.6 -8122.8 -5.7 272 0 15.8 24.3 12.5 0.0 0 1 5 1 1
-5201.4 -8138.2 -4.8 2 0 20.6 15.8 7.5 2.5 2 0 3 5 5
-5253.7 -8124.3 -5.2 272 0 15.8 24.3 7.5 2.5 2 1 3 5 5
-5990.1 -10029.9 -6.2 353 0 58.7 13.8 17.5 3.5 2 0 5 5 5
-4015.6 -7222.3 -6.8 103 0 60.0 22.0 10.5 0.0 0 0 3 0 0
-5381.4 -9592.0 -4.8 271 0 10.4 49.9 14.0 3.5 2 1 4 2 2
-5385.1 -9648.0 -4.9 277 0 10.0 94.5 14.0 3.5 2 1 4 3 3
-6074.2 -10167.5 -6.4 83 0 14.2 57.6 17.5 3.5 2 1 5 5 5
-6487.4 -10101.6 -7.3 83 0 12.5 58.7 17.5 0.0 0 1 5 0 0
-6527.5 -10099.7 -6.5 83 0 12.3 58.4 17.5 3.5 2 1 5 5 5
-6262.2 -10164.4 -7.8 100 0 48.0 11.2 17.5 3.5 2 0 5 4 4
-5618.5 -9873.5 -5.0 276 0 11.7 56.8 14.0 3.5 2 1 4 2 2
-5744.3 -9840.0 -4.8 275 0 59.7 13.7 14.0 3.5 2 0 4 4 4
-5632.5 -10012.4 -5.6 95 0 12.2 70.8 14.0 3.5 2 1 4 4 4
-6540.7 -9985.9 -7.2 264 0 14.0 47.1 17.5 3.5 2 1 5 5 5
-6501.2 -9985.0 -6.3 263 0 12.1 52.7 17.5 3.5 2 1 5 1 1
-5366.3 -10044.1 -7.1 94 0 16.7 117.7 14.0 0.0 0 1 4 3 3
-6203.3 -9880.2 -5.5 266 0 12.6 51.2 17.5 3.5 2 1 5 0 0
-5627.6 -10032.6 -6.1 274 0 12.5 52.0 14.0 3.5 4 1 4 4 4
-6236.8 -9752.8 -6.8 96 0 56.7 14.5 14.0 3.5 4 0 4 5 5
-5566.6 -10019.5 -5.6 96 0 12.0 72.2 14.0 3.5 2 1 4 4 4
-5886.6 -8796.4 -9.6 88 0 9.4 23.9 5.0 2.5 2 1 2 0 0
-5533.4 -10023.0 -5.7 95 0 12.4 71.9 14.0 3.5 2 1 4 2 2
-6357.9 -9865.9 -6.4 266 0 11.2 59.5 17.5 3.5 2 1 5 0 0
-5949.1 -10158.0 -6.8 353 0 126.4 11.4 17.5 3.5 2 0 5 0 0
-5662.8 -10030.2 -6.0 273 0 12.6 52.0 14.0 3.5 2 1 4 3 3
-5540.7 -10049.5 -7.3 274 0 10.6 92.6 14.0 3.5 2 1 4 1 1
-5471.3 -10247.5 -6.4 94 0 12.3 97.6 14.0 3.5 2 1 4 4 4
-5552.2 -9880.6 -5.0 276 0 12.1 56.6 14.0 3.5 2 1 4 1 1
-6017.1 -9894.5 -5.4 353 0 46.2 11.6 17.5 3.5 2 0 5 2 2
-5873.6 -8757.1 -9.8 270 0 7.2 12.8 7.5 2.5 2 1 3 4 4
-5829.4 -10008.2 -6.2 274 0 12.2 95.9 14.0 3.5 2 1 4 1 1
-6299.1 -10147.6 -8.2 83 0 13.2 49.3 17.5 3.5 4 1 5 2 2
-6043.8 -9922.0 -5.6 352 0 60.1 11.9 17.5 3.5 2 0 5 5 5
-6447.9 -9942.9 -6.2 352 0 56.9 12.2 17.5 3.5 2 0 5 3 3
-5243.4 -9733.5 -4.8 98 0 12.4 58.5 14.0 3.5 2 1 4 2 2
-5854.2 -10006.4 -6.2 273 0 12.7 95.5 14.0 3.5 2 1 4 1 1
-5406.8 -9826.6 -4.3 97 0 11.6 77.0 14.0 0.0 0 1 4 0 0
-6070.2 -8773.3 -8.4 267 0 16.3 15.2 5.0 2.5 2 0 2 4 4
-5585.6 -9877.2 -5.0 276 0 12.1 57.2 14.0 3.5 2 1 4 3 3
-5265.7 -9595.7 -4.8 271 0 10.6 63.0 14.0 0.0 0 1 4 1 1
-4480.6 -10422.3 -4.8 189 0 13.5 58.3 14.0 0.0 0 1 4 5 5
-6125.6 -10339.9 -6.8 183 0 21.1 15.2 14.0 3.5 2 0 4 3 3
-6025.8 -8917.4 -7.8 175 0 14.6 19.4 5.0 2.5 4 1 2 2 2
-4397.5 -10442.6 -4.9 100 0 35.9 13.3 14.0 3.5 2 0 4 1 1
-5599.4 -10014.9 -5.6 95 0 12.2 70.5 14.0 3.5 4 1 4 0 0
-5218.8 -9736.5 -4.6 98 0 12.6 58.1 14.0 3.5 2 1 4 0 0
-5778.0 -9708.7 -5.9 97 0 12.4 47.5 14.0 0.0 0 1 4 5 5
-6029.3 -10034.2 -6.2 353 0 58.5 13.6 17.5 3.5 2 0 5 0 0
-5982.3 -9899.4 -5.6 353 0 175.8 11.7 17.5 0.0 0 0 5 0 0
-6355.2 -10007.4 -8.2 173 0 111.0 10.0 10.5 3.5 2 0 3 4 4
-6580.9 -9986.3 -7.9 263 0 12.3 50.3 17.5 0.0 0 1 5 5 5
-6141.7 -10529.8 -7.6 196 0 13.1 13.2 17.5 3.5 2 1 5 3 3
-5963.9 -10042.1 -6.3 352 0 97.4 11.8 17.5 3.5 2 0 5 1 1
-6283.2 -10072.7 -7.7 173 0 25.4 13.7 17.5 3.5 2 0 5 0 0
-6111.1 -10530.1 -7.5 97 0 13.6 13.6 17.5 3.5 2 1 5 4 4
-6316.8 -10077.7 -7.7 173 0 25.3 13.1 17.5 3.5 2 0 5 0 0
-5702.3 -9541.1 -5.7 5 0 5.0 19.9 10.5 3.5 2 1 3 5 5
-5360.0 -9747.0 -5.1 97 0 10.1 92.0 14.0 3.5 2 1 4 5 5
-6044.2 -9822.8 -5.0 263 0 8.7 45.5 10.5 0.0 0 1 3 0 0
-6451.8 -10011.5 -7.1 353 0 55.7 12.9 17.5 3.5 2 0 5 2 2
-6575.6 -10071.6 -7.3 173 0 58.4 11.4 17.5 3.5 2 0 5 5 5
-5400.1 -10033.2 -7.1 94 0 13.7 114.9 14.0 3.5 2 1 4 1 1
-6286.9 -10017.9 -7.5 172 0 77.1 11.5 17.5 3.5 2 0 5 3 3
-6321.0 -10020.8 -7.7 173 0 80.3 11.9 17.5 3.5 2 0 5 2 2
-6010.5 -9944.2 -5.6 353 0 39.3 12.1 17.5 3.5 2 0 5 2 2
-6449.2 -10087.4 -7.9 84 0 13.3 38.1 17.5 3.5 2 1 5 3 3
-6146.9 -9800.8 -5.4 263 0 7.1 19.4 10.5 3.5 2 1 3 0 0
-5491.4 -10053.1 -6.9 274 0 10.9 83.1 14.0 3.5 2 1 4 0 0
-5459.5 -10054.4 -6.7 274 0 10.3 83.6 14.0 3.5 2 1 4 1 1
-5771.8 -9654.9 -5.3 97 0 12.0 41.0 14.0 3.5 2 1 4 0 0
-6088.9 -9896.6 -5.6 263 0 10.7 59.3 17.5 3.5 2 1 5 2 2
-5975.3 -8791.9 -9.3 260 0 7.3 16.0 5.0 2.5 2 1 2 2 2
-5842.4 -10204.8 -7.0 94 0 12.5 94.6 14.0 3.5 2 1 4 5 5
-5806.6 -8850.7 -8.6 270 0 13.5 11.1 14.0 3.5 2 0 4 2 2
-5426.6 -10056.3 -7.3 274 0 13.3 83.3 14.0 3.5 2 1 4 3 3
-5388.7 -10061.5 -7.0 279 0 9.9 68.5 10.5 0.0 0 1 3 5 5
-5304.2 -9594.8 -4.8 271 0 11.0 58.8 14.0 3.5 2 1 4 0 0
-5587.6 -10046.1 -7.0 274 0 10.8 91.2 14.0 3.5 2 1 4 0 0
-5502.9 -10245.7 -6.7 94 0 11.6 97.1 14.0 3.5 2 1 4 0 0
-5559.4 -10156.7 -7.6 94 0 32.5 6.5 10.5 3.5 4 0 3 0 0
-6139.7 -10492.7 -7.7 171 0 14.0 13.6 17.5 3.5 4 0 5 1 1
-3109.1 -10252.7 -6.0 104 0 72.7 25.6 10.5 0.0 0 0 3 5 5
-5985.9 -8856.6 -8.6 356 0 14.5 18.5 10.0 2.5 2 1 4 5 5
-5867.1 -10209.7 -7.0 94 0 13.3 101.6 14.0 3.5 2 1 4 1 1
-5690.5 -8907.2 -7.9 267 0 14.7 9.9 10.5 3.5 2 0 3 2 2
-5227.3 -9596.4 -4.7 271 0 10.8 68.1 14.0 3.5 2 1 4 2 2
-5607.2 -10244.1 -7.6 93 0 10.1 62.0 14.0 0.0 0 1 4 3 3
-6067.5 -10096.8 -6.5 83 0 12.0 105.5 17.5 3.5 4 1 5 4 4
-3989.8 -7032.1 -5.7 277 0 64.6 138.0 10.5 0.0 0 1 3 2 2
-4766.0 -10595.6 -4.4 2 0 64.0 17.5 7.5 2.5 2 0 3 5 5
-4369.8 -10359.2 -5.3 8 0 128.2 12.8 14.0 0.0 0 0 4 0 0
-5213.9 -9916.7 -6.4 271 0 13.1 99.8 14.0 3.5 2 1 4 2 2
-4960.7 -10519.3 -4.8 1 0 57.7 11.0 7.5 2.5 2 0 3 2 2
-4349.3 -10168.4 -5.1 278 0 12.2 120.0 14.0 3.5 2 1 4 1 1
-5245.2 -9917.6 -6.1 271 0 13.4 98.8 14.0 3.5 2 1 4 0 0
-1709.6 9381.8 -12.3 289 0 9.7 161.5 7.5 2.5 2 1 3 3 3
-2631.4 10762.8 -14.6 276 0 71.9 144.9 10.5 0.0 0 1 3 3 3
-1853.4 8955.4 -12.0 109 0 10.3 269.9 7.5 0.0 0 1 3 3 3
-2531.8 10753.8 -14.5 276 0 86.8 144.5 10.5 0.0 0 1 3 2 2
-2331.8 10498.6 -14.5 275 0 80.8 100.1 7.5 0.0 0 1 3 3 3
-6466.9 -10494.6 -7.3 179 0 56.0 14.4 17.5 3.5 2 0 5 5 5
-6309.9 -10527.7 -7.5 78 0 15.7 55.3 17.5 3.5 2 1 5 3 3
-6375.4 -10465.7 -7.1 269 0 12.7 56.5 17.5 0.0 0 1 5 3 3
-6416.9 -10466.7 -7.0 270 0 13.3 56.5 17.5 3.5 4 1 5 5 5
-6331.3 -10610.3 -7.6 89 0 14.3 74.3 17.5 3.5 2 1 5 1 1
-6489.3 -9901.0 -7.0 261 0 12.4 13.3 17.5 3.5 4 1 5 0 0
-6519.0 -9909.2 -7.5 173 0 12.9 12.6 17.5 3.5 2 0 5 1 1
-6367.5 -10615.5 -7.5 89 0 10.2 79.8 17.5 3.5 2 1 5 5 5
-6318.1 -10424.8 -7.0 342 0 36.3 14.4 17.5 3.5 2 0 5 5 5
-5576.7 -9794.5 -5.3 94 0 12.7 78.3 14.0 0.0 0 1 4 0 0
-5443.5 -9782.7 -4.4 186 0 72.9 12.8 14.0 3.5 2 0 4 1 1
-4521.2 -10137.2 -3.4 99 0 12.4 88.8 10.5 0.0 0 1 3 0 0
-6659.0 -9758.5 -11.6 354 0 99.5 14.3 7.5 2.5 2 0 3 3 3
-5512.1 -9723.5 -4.9 274 0 11.9 94.1 14.0 3.5 4 1 4 4 4
-5536.5 -9719.0 -5.0 274 0 12.7 85.6 14.0 3.5 4 1 4 3 3
-4555.9 -10087.4 -3.3 188 0 88.1 13.9 10.5 3.5 4 0 3 4 4
-4465.1 -10055.3 -3.2 278 0 11.6 89.4 10.5 3.5 2 1 3 5 5
-5342.9 -9593.6 -4.8 271 0 11.0 54.1 14.0 3.5 2 1 4 3 3
