-5809.5 -9568.3 -2.0 2 0 30.4 66.3 5.0 0.0 0 1 2 1 1
934.1 7342.5 -10.6 265 0 16.5 75.6 14.0 3.5 2 1 4 0 0
861.7 7336.2 -9.9 265 0 14.4 110.9 14.0 0.0 0 1 4 4 4
-899.9 -59.8 3.5 353 0 87.7 16.4 5.0 2.5 2 0 2 5 5
3988.7 3638.5 -2.4 263 0 13.9 58.1 10.0 2.5 2 1 4 5 5
4004.5 3522.9 -2.8 83 0 14.7 51.0 10.0 2.5 2 1 4 1 1
-2607.3 1958.4 -2.2 355 0 67.3 13.8 7.5 2.5 2 0 3 0 0
4230.7 4154.2 -1.1 353 0 56.8 13.5 10.0 2.5 2 0 4 5 5
-2625.8 2273.4 1.4 266 0 27.3 97.2 12.5 0.0 0 1 5 2 2
4021.0 3641.8 -2.4 263 0 14.1 57.7 7.5 0.0 0 1 3 5 5
-2669.5 2267.8 1.6 266 0 26.5 93.7 5.0 0.0 0 1 2 4 4
-3373.5 5100.2 0.9 88 0 17.2 20.9 12.5 2.5 2 1 5 0 0
-5435.8 5365.1 -3.3 185 0 24.4 73.9 10.0 0.0 0 1 4 4 4
-5734.0 5519.8 0.9 100 0 17.6 113.2 7.5 0.0 0 1 3 0 0
-5431.7 5241.9 -1.7 96 0 22.8 22.9 15.0 0.0 0 1 6 2 2
-4325.3 10744.7 -11.4 68 0 77.3 17.4 7.5 2.5 2 0 3 4 4
-4547.1 10740.3 -11.3 336 0 76.1 17.2 7.5 2.5 2 0 3 3 3
-4395.6 10740.9 -11.3 23 0 17.5 76.4 12.5 2.5 2 1 5 5 5
-3844.4 10715.7 -10.8 258 0 15.0 60.5 12.5 0.0 0 1 5 2 2
-4844.7 9072.6 -9.7 270 0 18.8 145.7 7.5 0.0 0 1 3 0 0
-4857.8 9270.0 -9.4 90 0 8.9 30.8 7.5 2.5 2 1 3 4 4
1049.2 7265.7 -10.3 264 0 13.6 81.9 14.0 3.5 2 1 4 5 5
1000.5 7276.7 -9.2 84 0 13.6 72.1 14.0 3.5 2 1 4 2 2
-1619.3 10185.2 -2.9 353 0 48.6 24.9 12.5 0.0 0 0 5 0 0
-1514.3 8688.1 -10.0 172 0 75.7 51.6 10.5 0.0 0 0 3 3 3
963.1 7245.9 -11.4 265 0 15.5 75.7 14.0 3.5 2 1 4 3 3
-3330.5 10734.7 -11.3 348 0 41.7 13.3 7.5 2.5 2 0 3 0 0
-377.3 7923.8 -6.8 357 0 22.9 32.2 14.0 0.0 0 1 4 3 3
-771.5 10733.6 -11.6 253 0 17.1 48.7 10.0 2.5 2 1 4 2 2
1006.9 7256.8 -10.7 265 0 15.0 73.4 14.0 3.5 2 1 4 5 5
-294.6 9007.3 -5.4 81 0 13.2 28.0 7.5 0.0 0 1 3 3 3
-2599.1 10706.0 -12.4 349 0 426.4 18.1 14.0 0.0 0 0 4 5 5
-745.0 10644.1 -9.9 357 0 56.2 17.1 10.0 2.5 2 0 4 1 1
-442.4 9022.4 -5.1 87 0 30.6 17.3 5.0 2.5 2 0 2 3 3
-69.9 8414.7 -9.7 78 0 17.1 24.5 10.0 2.5 2 1 4 1 1
6183.1 7790.9 -9.2 353 0 50.9 102.7 12.5 0.0 0 1 5 5 5
5919.3 7759.7 -8.8 173 0 53.9 105.4 7.5 0.0 0 1 3 4 4
5817.1 6981.1 -7.7 269 0 45.7 175.7 14.0 0.0 0 1 4 5 5
3615.9 7154.0 -5.0 90 0 13.8 44.6 17.5 3.5 4 1 5 2 2
4006.7 7167.3 -5.1 82 0 16.9 66.1 17.5 3.5 2 1 5 4 4
3552.8 7468.5 -5.7 177 0 91.5 16.3 17.5 3.5 4 0 5 4 4
3777.3 7404.6 -5.6 357 0 46.1 14.3 17.5 0.0 0 0 5 3 3
3658.0 7198.9 -5.1 87 0 14.0 57.8 17.5 0.0 0 1 5 3 3
3795.7 7182.3 -5.0 358 0 37.9 13.7 17.5 3.5 4 0 5 3 3
3708.2 7173.1 -5.0 358 0 27.7 14.5 17.5 3.5 2 0 5 5 5
3690.4 7325.8 -5.4 89 0 14.5 37.6 17.5 3.5 2 1 5 4 4
3907.6 7245.7 -5.3 351 0 49.2 16.5 10.0 2.5 4 0 4 2 2
3607.1 7232.4 -5.1 178 0 44.3 15.2 17.5 3.5 2 0 5 2 2
4332.1 7076.7 -4.7 174 0 125.1 13.8 14.0 0.0 0 0 4 1 1
3683.5 7412.3 -5.6 268 0 15.3 37.7 17.5 3.5 2 1 5 0 0
3746.8 7526.7 -5.8 268 0 11.2 86.1 17.5 3.5 2 1 5 2 2
3600.5 7311.6 -5.4 176 0 42.1 14.4 17.5 3.5 2 0 5 3 3
3778.4 7239.1 -5.2 177 0 56.9 14.9 17.5 3.5 2 0 5 1 1
3671.7 7502.9 -5.7 267 0 9.6 69.2 10.5 3.5 4 1 3 3 3
3981.2 7277.5 -5.3 171 0 65.3 16.2 17.5 3.5 2 0 5 4 4
3659.1 7157.3 -5.0 89 0 14.0 27.5 17.5 3.5 2 1 5 4 4
3731.8 7311.6 -5.4 89 0 15.4 48.6 17.5 3.5 4 1 5 5 5
3706.2 7230.2 -5.2 357 0 60.0 13.8 17.5 3.5 2 0 5 3 3
4432.6 7106.5 -4.7 83 0 49.5 30.0 14.0 0.0 0 0 4 2 2
3729.3 7424.4 -5.6 269 0 16.5 52.4 17.5 3.5 2 1 5 0 0
3780.1 7342.4 -5.5 359 0 56.1 15.2 17.5 3.5 2 0 5 3 3
3594.4 7385.6 -5.5 178 0 52.4 16.2 17.5 3.5 2 0 5 2 2
-6368.1 -10254.5 -2.6 180 0 60.4 16.0 7.5 2.5 2 0 3 1 1
687.7 7523.7 -1.6 175 0 31.4 64.5 14.0 0.0 0 1 4 3 3
797.7 7518.4 -10.3 85 0 64.5 31.3 14.0 0.0 0 0 4 1 1
909.5 7544.7 -13.3 355 0 31.3 64.5 14.0 0.0 0 1 4 2 2
-6559.6 7079.2 -9.7 87 0 6.6 15.5 5.0 2.5 2 1 2 2 2
-6195.4 10020.3 -11.2 24 0 11.7 11.5 5.0 2.5 2 0 2 2 2
-6805.5 8905.7 -11.0 271 0 15.4 71.2 10.0 2.5 2 1 4 2 2
-6856.2 8722.2 -10.6 271 0 6.9 20.9 5.0 2.5 2 1 2 4 4
-5627.6 7098.3 -9.2 104 0 6.7 20.9 7.5 0.0 0 1 3 5 5
-6306.5 7923.7 -10.2 356 0 104.5 18.0 10.0 0.0 0 0 4 2 2
-5625.7 5969.2 0.1 13 0 25.5 11.3 10.0 2.5 2 0 4 4 4
-5806.4 8029.0 -10.0 270 0 12.2 49.7 15.0 2.5 2 1 6 0 0
-5768.8 8028.6 -10.0 269 0 11.8 49.9 7.5 2.5 2 1 3 4 4
-5469.3 8990.4 -10.3 179 0 29.8 10.0 7.5 2.5 2 0 3 1 1
-5728.9 8028.8 -10.0 270 0 12.7 49.6 7.5 2.5 2 1 3 0 0
-5448.1 8929.2 -10.3 89 0 6.7 35.8 7.5 2.5 2 1 3 1 1
-5424.6 8929.4 -10.3 89 0 11.1 77.9 12.5 2.5 2 1 5 5 5
1231.4 8216.0 -5.5 354 0 47.2 15.2 10.0 2.5 2 0 4 3 3
1180.2 8278.3 -5.9 264 0 55.5 26.1 7.5 0.0 0 0 3 3 3
1135.2 8349.1 -5.7 353 0 72.1 16.8 12.5 2.5 2 0 5 4 4
1090.6 8461.6 -4.2 265 0 13.6 58.7 10.0 2.5 2 1 4 1 1
5173.6 8836.5 -10.9 87 0 22.7 16.3 14.0 3.5 2 0 4 5 5
5204.8 8652.6 -8.9 355 0 68.8 13.9 7.5 2.5 2 0 3 3 3
-2769.3 4967.0 2.7 354 0 29.9 18.4 3.5 3.5 4 0 1 5 5
-3122.2 4665.9 2.0 173 0 156.1 14.9 3.5 0.0 0 0 1 5 5
-3110.8 4542.1 2.4 172 0 60.1 28.6 3.5 0.0 0 0 1 3 3
-2962.3 4535.7 2.4 86 0 200.1 132.6 3.5 0.0 0 0 1 3 3
-2996.7 4833.1 2.2 262 0 197.7 136.7 3.5 0.0 0 0 1 0 0
-2636.6 4633.0 3.1 353 0 137.1 193.1 3.5 0.0 0 1 1 0 0
2024.9 7865.7 -9.6 267 0 16.7 75.2 3.5 3.5 2 1 1 2 2
2019.9 7887.4 -10.2 87 0 16.7 56.8 3.5 0.0 0 1 1 1 1
2005.5 8030.0 -10.4 265 0 16.1 61.1 3.5 3.5 2 1 1 3 3
1719.4 8144.0 -8.4 357 0 15.9 56.8 2.5 2.5 2 1 1 5 5
1690.7 8190.6 -8.0 269 0 18.4 35.5 2.5 0.0 0 1 1 1 1
1907.6 8185.3 1.6 358 0 31.1 16.1 2.5 2.5 4 0 1 2 2
1863.4 8155.0 -2.2 176 0 19.6 29.0 2.5 2.5 2 1 1 5 5
1873.5 8235.5 -4.1 358 0 37.1 18.5 2.5 2.5 2 0 1 4 4
1765.0 8218.5 -7.7 175 0 25.7 51.6 2.5 2.5 2 1 1 2 2
1242.6 9335.5 -10.5 347 0 19.9 11.8 3.5 3.5 2 0 1 3 3
1243.6 9295.4 -10.5 75 0 13.3 27.0 3.5 0.0 0 1 1 4 4
1280.8 9283.6 -10.5 255 0 11.8 61.3 3.5 3.5 2 1 1 4 4
1244.1 9277.7 -10.4 256 0 13.7 48.6 3.5 3.5 2 1 1 2 2
1277.5 9145.4 -8.1 255 0 12.0 53.8 3.5 3.5 2 1 1 3 3
1310.5 9018.3 -7.7 75 0 13.3 63.9 3.5 3.5 4 1 1 5 5
1240.2 9135.1 -8.0 255 0 11.6 55.9 3.5 3.5 2 1 1 4 4
1275.5 9003.2 -7.6 75 0 12.2 69.4 3.5 3.5 2 1 1 2 2
1171.6 9266.8 -10.2 75 0 16.4 77.2 3.5 3.5 2 1 1 2 2
1175.0 9245.6 -10.2 257 0 15.6 73.6 3.5 3.5 2 1 1 5 5
1199.7 9101.0 -7.9 165 0 53.2 13.5 3.5 3.5 2 0 1 3 3
1217.1 9034.2 -7.6 165 0 53.7 13.0 3.5 3.5 2 0 1 2 2
1257.1 8965.0 -6.9 343 0 55.8 13.3 3.5 3.5 2 0 1 2 2
1281.1 8835.3 -7.8 75 0 13.3 84.8 3.5 3.5 2 1 1 2 2
1426.0 8738.7 -8.2 83 0 17.2 63.6 3.5 3.5 2 1 1 1 1
1407.4 8854.5 -7.7 264 0 24.2 29.0 3.5 0.0 0 1 1 0 0
1371.1 8729.2 -8.0 83 0 16.8 52.2 3.5 3.5 2 1 1 5 5
1346.4 8827.3 -8.0 261 0 27.7 26.1 3.5 0.0 0 0 1 1 1
