1469.9 -9437.8 -4.0 279 0 9.8 35.9 5.0 2.5 2 1 2 3 3
-6630.6 -9081.6 -3.9 195 0 100.7 134.5 10.0 0.0 0 1 4 5 5
765.2 -9359.3 -1.5 77 0 98.2 35.8 10.0 0.0 0 0 4 4 4
1079.2 -9772.1 -1.6 359 0 49.1 24.9 10.0 0.0 0 0 4 3 3
-6189.1 -9870.4 -6.2 111 0 243.0 170.0 10.0 0.0 0 0 4 4 4
-2578.4 6392.7 -4.2 0 0 247.0 48.3 10.5 0.0 0 0 3 1 1
-6394.5 -9813.3 -5.7 111 0 132.7 132.7 15.0 0.0 0 0 6 3 3
-6844.0 -9864.6 -7.1 21 0 44.7 72.9 7.5 0.0 0 1 3 4 4
-6401.3 -9221.2 -3.4 194 0 136.2 60.1 10.0 0.0 0 0 4 3 3
-6183.7 -9500.2 -5.9 80 0 56.0 67.0 7.5 0.0 0 1 3 4 4
-6086.3 -9631.1 -5.3 291 0 12.8 52.3 10.0 2.5 4 1 4 3 3
-6610.0 -9830.0 -6.6 291 0 49.7 30.6 7.5 0.0 0 0 3 3 3
-6119.3 -9618.3 -5.6 291 0 30.4 51.1 7.5 0.0 0 1 3 2 2
-6273.9 -9001.5 -3.0 331 0 51.6 63.5 7.5 0.0 0 1 3 1 1
-6741.6 -9867.7 -7.4 201 0 64.2 33.6 7.5 0.0 0 0 3 1 1
-6268.5 -9514.5 -6.3 80 0 91.4 66.0 12.5 0.0 0 0 5 3 3
-6718.3 -8624.0 -2.7 287 0 20.7 26.1 7.5 2.5 2 1 3 4 4
-5398.2 -5909.2 -1.5 270 0 56.1 63.8 10.0 0.0 0 1 4 0 0
-6823.3 -8788.4 -3.5 18 0 83.2 18.1 15.0 2.5 2 0 6 4 4
1256.6 -8314.4 -7.6 69 0 14.0 91.0 10.0 2.5 2 1 4 3 3
1177.7 -8162.9 -6.5 249 0 14.3 59.6 10.0 2.5 2 1 4 5 5
-6322.0 -8948.5 -3.0 240 0 29.6 27.4 7.5 0.0 0 0 3 1 1
-5423.5 -6035.6 -1.4 267 0 55.3 240.4 12.5 0.0 0 1 5 5 5
-5294.4 -5972.3 -1.3 90 0 10.8 34.1 10.0 2.5 2 1 4 4 4
-5349.4 -5884.9 -1.5 90 0 113.5 59.7 10.0 0.0 0 0 4 2 2
-5148.1 -5932.8 -1.1 271 0 71.6 36.5 12.5 0.0 0 0 5 3 3
-5214.7 -6295.5 -1.7 88 0 38.1 164.2 12.5 0.0 0 1 5 4 4
-5435.3 -5855.9 -1.6 180 0 59.7 15.0 12.5 2.5 2 0 5 4 4
-5259.6 -5885.3 -1.3 90 0 41.4 60.0 7.5 0.0 0 1 3 2 2
-2124.6 -3490.4 -2.3 266 0 41.7 188.5 10.0 0.0 0 1 4 0 0
-1638.2 -4089.2 -2.9 359 0 81.5 110.0 10.0 0.0 0 1 4 0 0
1316.3 -8451.0 -6.2 94 0 13.4 56.5 12.5 2.5 2 1 5 4 4
1402.7 -8427.4 -5.8 5 0 34.5 14.0 10.0 2.5 2 0 4 3 3
1654.8 -8359.3 -3.9 95 0 12.7 51.3 10.0 2.5 2 1 4 5 5
1117.5 -8714.0 -4.3 249 0 11.5 59.1 10.0 2.5 4 1 4 2 2
1335.6 -8235.0 -7.3 275 0 13.3 70.4 7.5 2.5 2 1 3 0 0
-6108.4 -7758.2 0.3 263 0 12.5 68.9 7.5 2.5 2 1 3 4 4
6241.0 -9845.4 -5.7 358 0 53.7 13.5 5.0 0.0 0 0 2 3 3
1370.8 -8311.4 -6.5 275 0 13.2 73.6 5.0 2.5 2 1 2 5 5
1271.4 -8359.4 -7.4 155 0 56.6 11.2 10.0 0.0 0 0 4 0 0
1026.0 -7944.8 -3.5 244 0 49.8 163.0 10.0 0.0 0 1 4 1 1
1674.3 -8157.2 -4.2 277 0 12.3 141.0 7.5 0.0 0 1 3 5 5
1603.3 -8145.0 -6.0 276 0 13.6 148.1 10.0 0.0 0 1 4 5 5
1583.4 -8355.0 -4.6 96 0 13.3 50.2 10.0 0.0 0 1 4 4 4
1517.3 -8208.1 -5.7 183 0 22.2 14.7 10.0 2.5 2 0 4 2 2
1383.0 -8161.7 -7.0 275 0 14.7 76.4 12.5 2.5 2 1 5 3 3
1815.0 -8386.1 -1.8 286 0 12.6 40.5 10.0 2.5 2 1 4 4 4
1749.0 -8592.0 -2.2 194 0 87.0 13.4 12.5 2.5 2 0 5 0 0
-1388.9 -2705.5 -6.3 104 0 10.4 10.5 5.0 2.5 2 1 2 4 4
1397.7 -8874.3 -3.5 277 0 14.5 58.5 10.0 2.5 2 1 4 4 4
1772.2 -8509.3 -1.4 197 0 74.1 14.1 10.0 2.5 2 0 4 0 0
1790.3 -8451.0 -1.7 197 0 34.4 13.4 10.0 2.5 4 0 4 1 1
5502.4 8266.4 -15.0 90 0 12.9 12.6 5.0 0.0 0 0 2 3 3
5511.6 8281.0 -14.9 180 0 14.5 5.8 7.5 2.5 2 0 3 5 5
5616.0 8422.1 -15.5 158 0 18.4 27.2 10.0 2.5 2 1 4 5 5
5500.6 8353.3 -13.8 271 0 7.3 9.4 5.0 2.5 4 1 2 5 5
5528.1 8357.3 -14.0 181 0 46.1 12.2 10.0 0.0 0 0 4 5 5
5527.2 8297.5 -14.9 181 0 47.7 6.9 7.5 2.5 2 0 3 0 0
5442.6 8366.1 -13.7 0 0 12.1 13.4 5.0 2.5 2 1 2 5 5
5272.7 2070.5 -5.0 79 0 13.8 128.7 12.5 0.0 0 1 5 5 5
4867.9 2978.2 -8.4 167 0 113.3 225.4 14.0 0.0 0 1 4 4 4
-4814.8 -10208.4 -4.9 259 0 101.3 121.8 10.0 0.0 0 1 4 4 4
-6565.0 -10522.7 -7.7 21 0 74.1 334.7 7.5 0.0 0 1 3 2 2
-4792.3 -10442.3 -3.9 258 0 147.0 71.8 12.5 0.0 0 0 5 4 4
-3458.6 -10164.4 -6.2 169 0 216.8 200.5 17.5 0.0 0 0 7 0 0
6376.8 -9718.4 -4.2 359 0 51.1 13.5 10.0 2.5 2 0 4 2 2
3214.7 3948.1 -5.5 3 0 27.9 14.0 10.0 2.5 2 0 4 4 4
3631.4 99.5 -3.4 77 0 20.6 13.6 10.0 2.5 2 0 4 0 0
-2988.5 4819.8 -7.5 90 0 36.9 106.3 17.5 0.0 0 1 7 3 3
-3288.3 4663.3 -9.2 180 0 72.5 20.7 10.0 2.5 2 0 4 3 3
-6748.1 -6134.3 -0.9 271 0 14.0 48.8 7.5 2.5 4 1 3 4 4
-5176.8 -10065.8 -4.4 165 0 94.2 35.3 7.5 0.0 0 0 3 3 3
-5144.7 -10141.7 -4.2 164 0 18.5 24.8 7.5 2.5 2 1 3 4 4
-4610.2 -6969.9 -1.1 91 0 15.7 89.8 15.0 2.5 2 1 6 5 5
-4975.9 -6923.7 -1.0 181 0 88.0 185.5 10.0 0.0 0 1 4 2 2
-4652.1 -6969.6 -1.0 91 0 15.7 90.3 7.5 2.5 2 1 3 3 3
-4562.3 -6925.4 -1.0 1 0 90.8 18.4 12.5 0.0 0 0 5 2 2
3226.8 686.0 -3.0 254 0 12.9 41.2 7.5 0.0 0 1 3 2 2
-4693.5 -6967.9 -1.0 91 0 21.9 91.0 10.0 0.0 0 1 4 2 2
2699.7 538.5 -1.6 164 0 77.0 12.5 10.0 2.5 2 0 4 1 1
1240.6 -3902.3 0.2 262 0 18.0 71.8 10.0 2.5 2 1 4 0 0
3394.1 -3838.9 -6.6 176 0 46.9 30.1 7.5 0.0 0 0 3 5 5
3081.9 1731.5 -6.8 345 0 52.9 15.8 10.0 2.5 2 0 4 4 4
3066.5 659.2 -2.0 255 0 13.1 54.9 10.0 2.5 4 1 4 5 5
3203.9 122.5 -3.8 165 0 54.4 13.4 10.0 2.5 2 0 4 2 2
1042.2 -8713.3 -4.5 270 0 14.0 88.2 10.0 0.0 0 1 4 5 5
1520.7 -8403.4 -4.7 95 0 28.8 40.0 10.0 0.0 0 1 4 4 4
935.8 -7919.4 -1.7 359 0 102.2 36.2 12.5 0.0 0 0 5 2 2
1532.7 -8132.4 -5.8 274 0 13.8 58.1 10.0 2.5 2 1 4 0 0
1403.8 -8057.9 -3.6 68 0 23.5 62.1 10.0 2.5 2 1 4 5 5
2931.2 505.9 -3.8 345 0 74.5 12.4 10.0 2.5 2 0 4 3 3
372.3 -4423.9 -3.3 271 0 46.4 64.5 7.5 0.0 0 1 3 4 4
1428.0 -7985.7 -3.3 247 0 40.2 56.5 12.5 0.0 0 1 5 1 1
1513.0 -8255.3 -5.4 185 0 59.2 14.1 5.0 2.5 2 0 2 4 4
1507.9 -8322.4 -5.3 185 0 50.0 14.5 15.0 2.5 2 0 6 0 0
1335.5 -8088.4 -4.1 68 0 24.1 64.5 10.0 2.5 2 1 4 5 5
1373.2 -8073.0 -3.9 68 0 21.0 65.0 17.5 2.5 2 1 7 2 2
2892.1 619.5 -1.6 254 0 12.8 68.6 7.5 2.5 2 1 3 5 5
4093.5 3243.3 -10.7 66 0 96.1 29.3 14.0 0.0 0 0 4 4 4
4289.8 2038.4 -3.9 157 0 25.6 48.6 14.0 0.0 0 1 4 0 0
4269.4 2835.5 -6.2 63 0 14.9 33.1 10.5 3.5 2 1 3 2 2
3039.7 451.9 -5.8 345 0 77.1 11.4 12.5 2.5 2 0 5 3 3
5119.2 3296.3 -11.8 348 0 108.6 24.8 12.5 0.0 0 0 5 0 0
3456.2 36.1 -3.5 345 0 54.8 11.8 7.5 2.5 2 0 3 1 1
3016.9 541.5 -3.5 345 0 76.3 12.8 10.0 0.0 0 0 4 4 4
4309.5 2729.2 -7.9 146 0 50.0 15.2 10.5 3.5 2 0 3 0 0
4369.8 2161.4 -6.6 68 0 159.3 120.2 14.0 0.0 0 0 4 2 2
2968.8 313.2 -6.4 75 0 13.0 55.9 12.5 2.5 2 1 5 2 2
3275.3 164.3 -3.3 255 0 12.8 41.5 7.5 2.5 2 1 3 1 1
4381.5 2088.8 -3.5 248 0 72.6 139.2 14.0 0.0 0 1 4 4 4
3806.2 567.9 -6.5 344 0 69.3 12.2 10.0 2.5 2 0 4 2 2
3434.0 110.1 -3.1 345 0 53.9 12.1 7.5 2.5 2 0 3 2 2
4015.4 3235.5 -10.4 156 0 47.3 15.1 14.0 3.5 2 0 4 2 2
3114.6 457.5 -6.0 165 0 70.2 13.1 10.0 2.5 2 0 4 0 0
4572.9 2347.0 -8.1 157 0 48.5 9.9 7.5 2.5 2 0 3 5 5
4325.8 2850.9 -7.7 333 0 77.8 39.7 10.5 0.0 0 0 3 0 0
4310.9 2092.5 -3.2 249 0 19.7 13.5 14.0 3.5 2 0 4 4 4
4470.0 2689.9 -11.4 55 0 21.3 69.5 10.5 0.0 0 1 3 1 1
3402.1 221.0 -3.4 74 0 11.8 35.8 10.0 2.5 2 1 4 4 4
2785.7 263.1 -6.6 74 0 13.4 57.4 10.0 2.5 4 1 4 5 5
2953.2 419.9 -5.7 345 0 51.9 12.8 12.5 2.5 2 0 5 1 1
3741.3 999.5 -3.3 168 0 82.6 48.6 10.0 0.0 0 0 4 5 5
4080.9 775.0 -4.3 168 0 54.2 11.7 10.0 2.5 2 0 4 3 3
3261.3 -19.5 -4.6 154 0 43.4 14.7 10.0 2.5 2 0 4 2 2
3060.6 366.0 -6.4 345 0 57.0 14.0 7.5 2.5 2 0 3 1 1
4236.8 2961.1 -11.6 244 0 61.2 81.2 10.5 0.0 0 1 3 2 2
3353.0 48.5 -3.6 74 0 15.3 69.8 7.5 0.0 0 1 3 5 5
2982.1 640.1 -1.5 255 0 12.8 51.8 7.5 2.5 2 1 3 1 1
4206.7 301.6 -8.3 349 0 49.5 13.6 7.5 2.5 2 0 3 3 3
5103.7 3373.9 -7.5 79 0 49.0 117.9 15.0 0.0 0 1 6 1 1
3395.2 -2.8 -3.9 75 0 16.1 42.1 12.5 2.5 2 1 5 4 4
4068.0 879.8 -3.7 258 0 11.8 69.2 10.0 2.5 2 1 4 0 0
4097.3 2857.5 -5.3 335 0 83.2 81.0 10.5 0.0 0 0 3 2 2
2794.7 598.8 -1.4 255 0 14.1 68.2 10.0 2.5 2 1 4 0 0
3341.7 184.6 -2.8 255 0 13.2 40.4 7.5 2.5 2 1 3 1 1
4745.7 2252.1 -6.3 248 0 17.0 43.5 7.5 2.5 2 1 3 4 4
2855.5 395.8 -5.8 345 0 64.9 12.8 15.0 2.5 2 0 6 1 1
3415.1 183.3 -2.6 345 0 54.9 11.5 7.5 2.5 2 0 3 3 3
4665.7 2280.7 -9.0 67 0 66.7 137.4 10.0 0.0 0 1 4 3 3
4402.8 2793.5 -9.0 326 0 51.0 14.9 10.5 3.5 2 0 3 3 3
4371.7 2741.4 -8.5 56 0 58.4 50.6 10.5 0.0 0 0 3 1 1
3335.2 -18.5 -4.3 75 0 15.6 42.9 7.5 2.5 2 1 3 5 5
2722.6 451.9 -3.8 164 0 78.1 9.8 7.5 2.5 4 0 3 3 3
2872.7 315.7 -6.5 345 0 56.8 12.8 10.0 2.5 2 0 4 5 5
5162.6 3385.7 -6.9 79 0 36.9 116.9 10.0 0.0 0 1 4 5 5
2744.2 364.8 -5.9 164 0 65.0 13.1 10.0 2.5 2 0 4 1 1
4227.6 2800.4 -4.7 63 0 16.1 46.5 10.5 3.5 4 1 3 1 1
3089.2 553.2 -3.6 165 0 69.1 12.8 10.0 2.5 2 0 4 4 4
4445.1 1861.0 -3.9 67 0 14.7 76.5 14.0 3.5 4 1 4 5 5
4114.0 657.2 -5.5 78 0 12.8 83.9 15.0 2.5 2 1 6 2 2
3250.4 56.5 -4.1 165 0 69.4 16.0 7.5 0.0 0 0 3 0 0
3149.6 356.0 -6.3 75 0 13.9 56.3 10.0 2.5 2 1 4 5 5
2834.0 485.1 -3.6 345 0 69.0 15.8 12.5 2.5 2 0 5 2 2
3160.9 677.9 -2.6 254 0 12.8 54.7 10.0 2.5 2 1 4 0 0
4455.5 4024.3 -6.6 263 0 20.1 80.1 15.0 0.0 0 1 6 0 0
4343.1 434.6 -7.5 341 0 81.2 11.7 10.0 2.5 2 0 4 1 1
4228.6 3844.2 -3.7 57 0 107.6 36.8 7.5 0.0 0 0 3 3 3
4826.0 3032.1 -3.6 353 0 26.3 12.3 14.0 3.5 2 0 4 3 3
3293.5 705.7 -3.3 254 0 12.6 41.3 7.5 2.5 2 1 3 3 3
4306.4 385.4 -7.8 74 0 11.9 55.5 10.0 2.5 2 1 4 2 2
3363.0 721.5 -3.8 254 0 13.1 40.5 7.5 2.5 2 1 3 3 3
4425.1 4019.3 -6.3 263 0 20.5 79.8 10.0 0.0 0 1 4 5 5
4241.7 2343.2 -7.9 337 0 72.2 18.5 14.0 3.5 2 0 4 4 4
3175.6 609.1 -3.6 253 0 14.0 69.0 12.5 2.5 2 1 5 1 1
4990.8 3265.1 -12.7 349 0 100.5 36.5 12.5 0.0 0 0 5 3 3
-5584.1 -6893.0 -3.2 271 0 15.3 43.3 10.0 2.5 2 1 4 5 5
-5545.1 -6830.5 0.4 90 0 14.2 111.9 15.0 2.5 2 1 6 5 5
-5584.3 -7152.4 -2.8 90 0 14.8 47.6 10.0 2.5 2 1 4 3 3
-6145.5 -7763.0 0.3 264 0 12.1 69.1 12.5 2.5 4 1 5 3 3
-5879.9 -8119.9 1.5 154 0 70.1 16.0 7.5 2.5 2 0 3 2 2
-5165.1 -7346.9 -2.3 90 0 88.7 22.3 10.0 0.0 0 0 4 1 1
-5039.9 -4827.5 -1.3 73 0 13.1 47.9 7.5 0.0 0 1 3 4 4
-5545.1 -6415.2 -1.5 0 0 50.7 25.2 12.5 2.5 2 0 5 3 3
-6082.3 -7060.3 -0.4 278 0 23.6 114.2 7.5 0.0 0 1 3 0 0
-5626.4 -6892.8 -2.9 271 0 15.3 43.3 12.5 2.5 2 1 5 2 2
-5895.9 -6543.1 0.9 248 0 16.6 48.5 10.0 2.5 2 1 4 3 3
-5671.9 -6427.2 -0.7 270 0 13.0 57.3 10.0 0.0 0 1 4 3 3
-5302.2 -7267.9 -2.9 90 0 22.9 46.2 10.0 2.5 2 1 4 5 5
-5923.7 -8273.4 0.8 65 0 16.4 49.4 7.5 2.5 4 1 3 2 2
-5769.4 -6720.5 2.0 180 0 54.7 14.3 10.0 2.5 2 0 4 4 4
-5948.9 -6629.9 1.7 158 0 32.3 15.4 12.5 2.5 2 0 5 5 5
-5756.8 -7058.8 -2.2 180 0 46.5 14.8 7.5 2.5 2 0 3 0 0
-5167.8 -6972.1 -2.2 272 0 15.8 37.5 7.5 2.5 4 1 3 0 0
-6091.0 -7864.4 1.1 348 0 44.4 12.9 10.0 2.5 2 0 4 4 4
-5852.2 -7952.9 2.3 350 0 85.6 14.6 7.5 2.5 2 0 3 5 5
-6075.5 -7946.8 0.4 347 0 68.6 12.1 10.0 2.5 2 0 4 2 2
-5714.7 -6984.5 -2.4 181 0 71.9 13.9 10.0 2.5 2 0 4 3 3
-5585.5 -7085.4 -3.1 90 0 14.8 46.5 10.0 2.5 2 1 4 4 4
-5538.1 -7060.5 -3.1 360 0 46.5 14.8 10.0 2.5 2 0 4 5 5
-5025.0 -5873.7 -0.9 90 0 17.5 40.1 10.0 2.5 2 1 4 2 2
-5938.8 -6823.0 1.7 91 0 16.7 48.8 10.0 2.5 4 1 4 2 2
-5430.4 -7244.3 -2.2 180 0 46.0 23.1 7.5 0.0 0 0 3 2 2
-5737.6 -6315.5 -2.5 89 0 81.8 32.4 7.5 0.0 0 0 3 2 2
-5669.6 -6892.0 -2.6 270 0 14.6 44.7 12.5 2.5 2 1 5 0 0
-5387.0 -5171.2 0.1 87 0 11.8 64.3 7.5 2.5 2 1 3 2 2
-5050.7 -6310.9 -1.9 94 0 21.3 100.8 12.5 0.0 0 1 5 5 5
-5355.5 -6395.9 -0.1 176 0 36.9 13.1 12.5 2.5 2 0 5 4 4
-5043.5 -5365.9 -0.4 175 0 102.7 55.1 17.5 0.0 0 0 7 3 3
-5710.1 -7150.3 -2.8 90 0 14.2 47.8 10.0 2.5 2 1 4 3 3
-5335.5 -5913.9 -1.4 270 0 26.5 62.6 7.5 0.0 0 1 3 5 5
-5886.0 -6761.1 2.1 68 0 15.4 48.3 7.5 2.5 4 1 3 5 5
-5985.7 -7910.0 1.6 259 0 14.9 61.5 7.5 2.5 2 1 3 1 1
-6292.3 -5193.1 -2.1 317 0 63.7 64.3 10.0 0.0 0 1 4 5 5
-5221.3 -7311.2 -3.1 90 0 23.5 46.1 12.5 0.0 0 1 5 5 5
-5965.3 -6736.4 2.1 158 0 33.1 16.6 7.5 0.0 0 0 3 4 4
-5669.5 -7085.6 -2.7 90 0 14.8 46.5 10.0 2.5 2 1 4 1 1
-5628.7 -6949.2 -2.8 270 0 14.8 71.8 5.0 2.5 2 1 2 4 4
-5719.8 -6597.2 1.2 270 0 14.8 88.6 10.0 2.5 2 1 4 2 2
-5894.4 -5497.2 -2.1 173 0 130.6 108.4 10.0 0.0 0 0 4 5 5
-5546.3 -6529.5 0.5 0 0 50.9 25.5 10.0 0.0 0 0 4 5 5
-5361.0 -7154.8 -2.6 270 0 22.6 46.1 7.5 2.5 2 1 3 1 1
-5711.8 -6892.4 -2.4 270 0 14.6 44.7 7.5 2.5 2 1 3 2 2
-5953.4 -6073.0 -3.9 270 0 30.1 71.7 14.0 0.0 0 1 4 4 4
-5235.4 -6967.8 -2.6 274 0 6.7 39.9 7.5 0.0 0 1 3 0 0
-5280.6 -5501.6 -0.3 270 0 65.0 16.8 10.0 2.5 4 0 4 5 5
-5800.6 -7124.1 -2.2 180 0 47.4 13.5 7.5 2.5 4 0 3 0 0
-6161.8 -7107.3 -0.2 188 0 114.6 41.9 15.0 0.0 0 0 6 0 0
-5537.2 -6982.9 -3.4 360 0 69.8 13.9 7.5 2.5 2 0 3 0 0
-5626.0 -7151.5 -2.9 90 0 14.6 48.1 10.0 2.5 2 1 4 3 3
-6061.7 -7792.9 0.4 356 0 67.9 12.8 7.5 2.5 2 0 3 0 0
-5924.4 -8147.8 1.2 155 0 79.7 14.8 7.5 2.5 2 0 3 4 4
-5991.6 -6072.8 -4.0 270 0 30.2 71.7 14.0 0.0 0 1 4 0 0
-5798.0 -5224.2 -0.3 353 0 17.1 28.7 7.5 2.5 2 1 3 5 5
-5254.2 -6393.1 0.3 356 0 27.0 81.9 7.5 0.0 0 1 3 3 3
-5115.6 -6974.7 -2.1 273 0 67.3 38.0 7.5 0.0 0 0 3 2 2
-6294.2 -5853.9 -4.5 180 0 32.1 9.4 10.5 3.5 2 0 3 1 1
-5805.6 -5183.4 -0.3 340 0 25.9 20.8 10.0 2.5 4 0 4 5 5
-5853.4 -8227.6 1.3 65 0 16.7 53.9 5.0 2.5 2 1 2 2 2
-5768.6 -6661.5 1.6 180 0 44.0 13.9 7.5 2.5 2 0 3 2 2
-5447.9 -7506.5 0.4 270 0 13.2 23.6 7.5 2.5 2 1 3 1 1
-5544.4 -6597.2 0.8 270 0 14.9 112.1 15.0 0.0 0 1 6 0 0
-5210.6 -7034.5 -2.6 185 0 25.8 13.1 7.5 2.5 2 0 3 0 0
-5638.3 -5438.6 -0.8 352 0 84.9 47.9 10.0 0.0 0 0 4 4 4
-5042.7 -6021.2 -1.4 270 0 25.8 39.5 7.5 0.0 0 1 3 0 0
-5757.3 -6984.4 -2.1 181 0 71.8 14.9 5.0 2.5 2 0 2 0 0
-5627.7 -7085.6 -3.0 90 0 14.8 46.5 12.5 2.5 2 1 5 4 4
-5158.6 -7158.2 -1.9 270 0 48.6 22.6 12.5 0.0 0 0 5 5 5
-5545.4 -7153.6 -2.4 90 0 13.9 47.7 12.5 2.5 2 1 5 1 1
-6072.8 -8040.7 0.6 76 0 12.2 45.9 7.5 2.5 2 1 3 4 4
-5578.2 -6985.7 -3.1 360 0 70.6 14.2 7.5 2.5 2 0 3 5 5
-5421.8 -7332.8 -2.1 90 0 22.3 45.4 10.0 2.5 2 1 4 0 0
-5875.4 -6624.3 1.6 338 0 32.1 15.7 7.5 2.5 2 0 3 5 5
-5077.1 -6116.3 -1.4 90 0 17.8 35.5 7.5 0.0 0 1 3 0 0
-5996.6 -8318.5 0.3 65 0 16.4 49.4 10.0 2.5 2 1 4 0 0
-6123.0 -7958.1 0.3 165 0 68.3 13.1 10.0 2.5 4 0 4 4 4
-6051.7 -7064.7 -0.6 278 0 22.4 114.4 7.5 0.0 0 1 3 1 1
-5751.1 -7149.0 -2.5 90 0 14.1 48.1 7.5 2.5 2 1 3 3 3
-5733.9 -6016.3 -2.6 269 0 24.6 53.9 7.5 2.5 2 1 3 5 5
-5009.0 -6022.4 -1.3 270 0 15.0 52.1 7.5 2.5 2 1 3 5 5
-5821.3 -8075.9 1.9 336 0 84.8 13.4 10.0 2.5 2 0 4 4 4
-4938.4 -4986.5 -1.4 173 0 32.9 48.8 7.5 0.0 0 1 3 1 1
-5545.7 -6472.4 -0.4 0 0 50.9 25.5 12.5 0.0 0 0 5 0 0
-5420.0 -7154.8 -2.1 270 0 22.8 46.2 7.5 2.5 2 1 3 5 5
-5874.6 -6704.6 2.1 68 0 16.3 47.9 10.0 2.5 2 1 4 1 1
-5633.6 -6385.5 -1.7 270 0 60.7 25.3 10.0 2.5 2 0 4 2 2
-5761.2 -6914.8 -2.2 180 0 44.7 14.6 7.5 2.5 2 0 3 2 2
-5076.7 -6020.5 -1.4 270 0 17.0 53.1 10.0 2.5 2 1 4 3 3
-5302.4 -7334.9 -2.1 90 0 23.6 46.0 7.5 0.0 0 1 3 5 5
-5955.6 -6549.3 1.1 248 0 17.2 48.1 10.0 2.5 2 1 4 0 0
-5707.1 -7085.8 -2.5 90 0 14.8 46.5 7.5 2.5 2 1 3 5 5
-6136.0 -7878.7 0.2 168 0 68.2 11.6 12.5 2.5 4 0 5 3 3
-6041.1 -7941.8 0.9 347 0 67.9 12.0 10.0 2.5 2 0 4 2 2
-5670.5 -6950.4 -2.5 271 0 14.7 72.0 12.5 2.5 2 1 5 3 3
-5667.7 -7150.9 -2.9 90 0 14.7 47.9 7.5 2.5 2 1 3 5 5
-5198.1 -5902.9 -1.2 1 0 130.5 12.6 7.5 0.0 0 0 3 5 5
-4993.7 -5854.2 -0.8 360 0 40.1 14.3 10.0 2.5 2 0 4 2 2
-5872.0 -6818.1 1.5 91 0 16.6 48.8 10.0 2.5 2 1 4 2 2
-4991.5 -6244.9 -0.8 4 0 37.6 14.6 7.5 2.5 2 0 3 1 1
-5387.8 -5059.5 -0.0 357 0 65.3 10.9 15.0 2.5 2 0 6 0 0
-5753.9 -6597.0 1.2 270 0 13.9 31.9 7.5 2.5 2 1 3 2 2
-5442.3 -7649.1 0.5 90 0 13.9 98.4 7.5 2.5 4 1 3 0 0
-6154.4 -7968.0 0.5 164 0 64.7 11.1 7.5 2.5 2 0 3 3 3
-5737.4 -5409.7 -0.4 262 0 48.4 83.4 10.0 0.0 0 1 4 3 3
-5022.2 -6115.7 -1.4 90 0 24.4 35.9 10.0 0.0 0 1 4 2 2
-5301.8 -7155.0 -3.0 270 0 22.8 46.2 10.0 2.5 2 1 4 0 0
-5962.7 -6677.0 2.2 158 0 32.2 14.6 7.5 2.5 2 0 3 2 2
-5931.7 -7912.0 2.0 261 0 14.4 63.1 10.0 2.5 4 1 4 2 2
-6054.7 -7868.0 1.1 352 0 67.5 11.7 12.5 2.5 2 0 5 1 1
-5792.4 -6957.7 -2.0 180 0 44.7 14.6 10.0 2.5 2 0 4 3 3
-6307.3 -4963.7 -0.9 90 0 16.7 29.0 7.5 0.0 0 1 3 0 0
-5221.2 -7197.5 -3.2 270 0 22.4 46.6 10.0 2.5 2 1 4 3 3
-6023.8 -6699.5 2.2 180 0 95.1 16.5 10.0 2.5 2 0 4 1 1
-5671.4 -6556.2 -0.5 90 0 13.0 57.3 17.5 2.5 2 1 7 4 4
-5169.0 -7080.1 -2.5 95 0 22.8 53.7 7.5 2.5 2 1 3 3 3
-5536.8 -6913.7 -3.4 360 0 43.8 15.1 10.0 0.0 0 0 4 1 1
-6250.7 -6295.3 -0.6 86 0 49.5 139.6 14.0 0.0 0 1 4 5 5
-5022.5 -6349.7 -2.6 269 0 45.4 7.0 7.5 0.0 0 0 3 3 3
-6156.6 -5821.5 -5.9 269 0 190.2 90.9 14.0 0.0 0 0 4 0 0
-5677.3 -6597.1 1.1 270 0 14.3 88.7 12.5 2.5 2 1 5 1 1
-5915.6 -6072.9 -3.6 270 0 30.1 71.7 14.0 0.0 0 1 4 4 4
-5732.6 -6384.9 -1.6 270 0 60.7 25.3 10.0 2.5 2 0 4 3 3
-6024.8 -8005.0 1.1 344 0 44.8 12.6 10.0 2.5 4 0 4 1 1
-5709.8 -5254.6 0.8 82 0 118.9 26.3 10.0 0.0 0 0 4 4 4
-5135.6 -5920.1 -1.0 91 0 71.9 108.4 10.0 0.0 0 1 4 5 5
-4889.3 -5460.5 -0.6 176 0 122.1 60.6 12.5 0.0 0 0 5 0 0
-6098.3 -6732.8 1.6 87 0 24.2 150.3 14.0 0.0 0 1 4 3 3
-1281.9 -3533.1 -5.0 177 0 59.7 100.5 10.0 0.0 0 1 4 5 5
-1484.1 -4111.1 -3.2 88 0 14.8 41.1 10.0 2.5 2 1 4 2 2
-1705.3 -4146.5 -2.9 269 0 14.7 60.3 7.5 2.5 2 1 3 0 0
-5006.4 -5094.7 0.1 354 0 84.5 33.7 12.5 0.0 0 0 5 0 0
-1670.7 -4388.4 -0.6 268 0 15.7 44.1 7.5 2.5 2 1 3 0 0
-1752.8 -4223.0 -3.1 270 0 112.5 81.4 7.5 0.0 0 0 3 0 0
-1161.1 -3973.3 -4.2 357 0 25.2 89.8 7.5 0.0 0 1 3 4 4
-5871.4 -6106.0 -3.3 0 0 45.9 16.0 14.0 3.5 2 0 4 5 5
-1161.7 -3936.5 -4.4 358 0 24.3 14.8 10.0 2.5 2 0 4 2 2
-5646.2 -6088.7 -1.8 360 0 42.9 18.8 10.0 2.5 2 0 4 3 3
-5791.9 -7029.1 -1.8 180 0 38.6 14.8 7.5 2.5 2 0 3 0 0
-1545.2 -4310.0 -1.9 89 0 12.3 19.9 5.0 2.5 2 1 2 3 3
-5139.2 -5001.9 -0.4 353 0 79.7 24.1 12.5 0.0 0 0 5 1 1
-1582.9 -4255.0 -3.3 178 0 36.0 13.2 10.0 0.0 0 0 4 5 5
-5586.1 -6599.7 1.1 270 0 15.0 84.8 7.5 2.5 2 1 3 5 5
-5655.8 -6019.8 -2.0 270 0 18.8 42.9 7.5 2.5 2 1 3 0 0
-5762.0 -6762.8 2.0 180 0 27.7 14.2 10.0 2.5 4 0 4 0 0
-5209.8 -5365.1 0.6 267 0 51.0 71.6 10.0 0.0 0 1 4 5 5
-1847.3 -3724.2 -1.6 89 0 20.6 68.0 10.0 2.5 2 1 4 3 3
-1502.7 -4048.0 -3.1 178 0 24.7 34.7 7.5 0.0 0 1 3 2 2
-1523.6 -4112.9 -3.1 89 0 15.4 41.8 7.5 2.5 2 1 3 1 1
-1283.7 -3847.5 -3.2 359 0 25.5 12.9 7.5 2.5 2 0 3 5 5
-5463.0 -5269.7 0.8 86 0 50.8 98.7 15.0 0.0 0 1 6 2 2
-4916.9 -4798.0 -1.7 172 0 41.3 22.7 12.5 0.0 0 0 5 3 3
-5635.0 -6600.0 1.1 270 0 15.5 84.4 7.5 2.5 2 1 3 4 4
-1601.4 -4440.1 -0.9 88 0 22.1 15.4 7.5 2.5 2 0 3 0 0
-1328.2 -3967.5 -3.4 267 0 99.7 25.5 7.5 0.0 0 0 3 4 4
-1286.4 -3954.5 -3.4 88 0 12.8 24.8 10.0 0.0 0 1 4 5 5
-6268.7 -6437.6 0.3 179 0 75.2 42.2 14.0 0.0 0 0 4 3 3
-1557.7 -4031.1 -2.9 268 0 12.2 30.3 10.0 2.5 2 1 4 3 3
-5043.2 -5017.6 -0.3 264 0 32.0 23.1 7.5 0.0 0 0 3 3 3
-1646.2 -4221.7 -3.1 270 0 49.9 81.8 15.0 0.0 0 1 6 3 3
-4897.6 -5774.9 -0.3 180 0 102.9 25.0 12.5 0.0 0 0 5 5 5
-1639.9 -4385.9 -0.7 268 0 25.4 10.2 10.0 2.5 2 0 4 0 0
-1667.9 -4145.6 -3.0 269 0 16.7 59.9 7.5 2.5 2 1 3 4 4
-5929.7 -6220.6 -3.2 90 0 12.9 40.4 14.0 3.5 2 1 4 1 1
-5077.1 -6130.2 -1.2 270 0 17.4 29.0 10.0 2.5 2 1 4 0 0
-1576.5 -4282.7 -3.3 179 0 11.9 10.8 10.0 2.5 2 0 4 3 3
-5752.6 -6825.4 1.0 90 0 14.1 36.6 10.0 2.5 2 1 4 5 5
-1586.4 -4053.0 -2.9 179 0 19.1 15.2 10.0 2.5 2 0 4 3 3
-1549.8 -4260.0 -3.3 358 0 49.8 8.3 7.5 2.5 4 0 3 0 0
-5148.7 -6112.2 -1.4 90 0 23.6 15.9 10.0 2.5 2 0 4 4 4
-1638.4 -4432.2 -0.4 88 0 25.5 8.8 7.5 2.5 2 0 3 4 4
-2289.1 5217.0 -3.9 270 0 22.3 75.4 10.0 0.0 0 1 4 2 2
-2394.4 6080.3 -5.1 1 0 49.6 26.7 12.5 0.0 0 0 5 2 2
-4012.9 2192.2 -4.7 260 0 19.7 60.4 7.5 2.5 2 1 3 5 5
-3205.5 6326.9 -5.7 271 0 7.4 35.9 10.5 3.5 2 1 3 2 2
-1218.0 6029.6 -7.3 90 0 40.0 66.4 7.5 0.0 0 1 3 3 3
-1145.1 5981.6 -7.3 360 0 56.4 12.0 10.0 2.5 4 0 4 0 0
-2897.1 6328.1 -6.0 270 0 14.8 57.6 10.0 2.5 4 1 4 5 5
-2068.0 5778.8 -9.3 270 0 48.0 124.8 12.5 0.0 0 1 5 5 5
-2919.6 6211.4 -7.0 90 0 12.8 27.6 10.0 2.5 2 1 4 0 0
-3183.0 6526.7 -3.8 0 0 61.0 20.7 10.5 0.0 0 0 3 2 2
-3206.1 4773.0 -10.0 270 0 46.2 204.7 12.5 0.0 0 1 5 4 4
-3222.7 6626.7 -3.6 269 0 7.9 34.8 10.5 3.5 2 1 3 2 2
-2676.4 6602.3 -4.1 90 0 18.8 60.3 10.5 3.5 2 1 3 0 0
-2639.5 6765.9 -3.6 270 0 105.4 26.5 10.5 0.0 0 0 3 3 3
-3957.1 2003.0 -5.2 77 0 57.5 30.9 7.5 0.0 0 0 3 2 2
-3267.4 6414.8 -5.4 73 0 15.7 42.2 10.5 3.5 2 1 3 5 5
-2593.8 6576.0 -4.1 181 0 30.7 13.4 10.5 3.5 2 0 3 1 1
-2711.3 6774.1 -3.7 270 0 13.8 33.8 10.5 3.5 2 1 3 1 1
-4002.6 2078.0 -5.1 169 0 87.4 61.5 12.5 0.0 0 0 5 4 4
-2581.2 6703.1 -3.7 0 0 60.5 36.6 10.5 0.0 0 0 3 0 0
-3287.8 6407.9 -5.4 73 0 14.9 42.7 10.5 3.5 2 1 3 3 3
-2902.0 4873.3 -7.6 180 0 104.2 48.8 12.5 0.0 0 0 5 5 5
-3472.2 5658.9 -2.4 177 0 41.1 12.6 14.0 3.5 2 0 4 1 1
-2333.8 5191.4 -4.6 270 0 48.2 107.2 10.0 0.0 0 1 4 2 2
-2913.2 4741.6 -8.9 1 0 109.4 47.3 12.5 0.0 0 0 5 5 5
-2409.5 5986.1 -5.3 91 0 26.2 49.7 10.0 0.0 0 1 4 3 3
-5087.7 2287.6 -4.5 355 0 28.9 62.9 10.0 0.0 0 1 4 0 0
-3206.9 6202.6 -5.9 91 0 7.8 25.7 10.5 3.5 2 1 3 5 5
-1267.9 6029.7 -7.5 90 0 39.9 66.8 7.5 0.0 0 1 3 5 5
-3261.2 6627.0 -5.3 270 0 48.4 132.8 10.5 0.0 0 1 3 2 2
-2238.8 5217.7 -3.9 270 0 18.7 76.5 10.0 0.0 0 1 4 3 3
-2400.0 5192.9 -4.6 270 0 47.4 108.1 12.5 0.0 0 1 5 0 0
-1218.7 6021.8 -7.7 270 0 40.7 68.3 7.5 0.0 0 1 3 5 5
-2889.1 6234.2 -6.6 360 0 48.8 15.7 12.5 2.5 2 0 5 3 3
-1267.8 6021.1 -7.9 271 0 40.7 67.5 10.0 0.0 0 1 4 5 5
-2367.5 6874.8 -2.6 355 0 46.8 14.9 7.5 2.5 2 0 3 1 1
-2128.1 5779.0 -9.4 270 0 48.8 124.9 12.5 0.0 0 1 5 1 1
-2957.7 6092.2 -6.5 360 0 69.1 43.7 12.5 0.0 0 0 5 0 0
-4579.7 2074.1 -6.3 260 0 16.9 30.7 7.5 2.5 2 1 3 1 1
-1150.3 6028.4 -7.0 91 0 12.1 17.4 5.0 2.5 2 1 2 0 0
-1983.9 5716.2 -10.1 0 0 125.0 48.7 15.0 0.0 0 0 6 5 5
-2786.3 6526.8 -4.8 271 0 15.2 42.7 7.5 2.5 4 1 3 4 4
-2923.9 6271.5 -6.4 181 0 30.4 15.4 7.5 2.5 2 0 3 1 1
-4634.5 2066.4 -6.4 262 0 21.9 70.9 7.5 2.5 2 1 3 3 3
-3205.7 6624.1 -4.0 270 0 14.4 31.8 10.5 3.5 2 1 3 3 3
-2708.9 6613.3 -4.2 180 0 22.1 12.7 10.5 3.5 2 0 3 0 0
-1394.1 6047.0 -7.1 91 0 14.7 46.0 7.5 2.5 4 1 3 4 4
-2831.8 6485.0 -4.9 90 0 14.6 41.8 7.5 2.5 2 1 3 5 5
-2649.6 6732.6 -3.9 270 0 37.1 60.8 10.5 0.0 0 1 3 2 2
-2422.5 5589.3 -1.7 264 0 72.0 56.9 10.0 0.0 0 0 4 3 3
-2622.6 6601.3 -4.0 90 0 19.2 60.8 10.5 3.5 2 1 3 4 4
-2717.2 6703.5 -3.9 181 0 61.3 36.7 10.5 0.0 0 0 3 3 3
-2581.1 6632.0 -4.0 0 0 61.2 19.3 10.5 3.5 2 0 3 0 0
-3258.5 6328.3 -5.6 180 0 13.4 37.6 14.0 3.5 2 1 4 0 0
-3473.9 5791.0 -3.4 180 0 58.3 11.7 14.0 3.5 4 0 4 2 2
-2913.7 4873.0 -7.5 1 0 105.8 48.1 12.5 0.0 0 0 5 0 0
-3463.2 5619.2 -2.7 157 0 29.7 12.1 14.0 3.5 2 0 4 2 2
-2853.1 4741.3 -9.0 0 0 110.1 47.8 12.5 0.0 0 0 5 5 5
-3211.4 6261.7 -5.8 180 0 45.5 27.8 14.0 0.0 0 0 4 0 0
-3525.8 2347.6 -1.1 168 0 34.9 25.6 10.0 0.0 0 0 4 3 3
-6153.0 -6979.5 0.6 275 0 18.8 35.6 10.0 0.0 0 1 4 0 0
-5940.7 -7413.7 -2.6 271 0 9.9 51.8 7.5 2.5 2 1 3 1 1
-5976.9 -7643.7 -0.9 90 0 10.3 39.2 7.5 2.5 2 1 3 5 5
-4811.2 -7223.3 -1.9 1 0 58.4 13.0 5.0 2.5 2 0 2 5 5
-4907.2 -5301.8 0.2 177 0 37.1 18.5 7.5 2.5 2 0 3 4 4
-4454.0 -5443.7 -2.7 77 0 135.3 93.4 7.5 0.0 0 0 3 3 3
-4507.6 -5740.9 -2.9 271 0 49.5 140.3 12.5 0.0 0 1 5 5 5
-4763.7 -5828.4 -0.7 90 0 24.2 104.2 10.0 0.0 0 1 4 4 4
-4626.0 -5593.7 -2.9 356 0 131.3 59.8 12.5 0.0 0 0 5 1 1
-5635.7 -6751.8 1.9 90 0 13.8 55.4 7.5 2.5 4 1 3 5 5
-4757.0 -5887.0 -0.4 0 0 75.3 17.2 10.0 2.5 4 0 4 4 4
-4630.2 -7342.8 -1.7 93 0 19.7 46.9 10.0 2.5 2 1 4 1 1
-6652.1 -8196.2 -0.7 286 0 11.8 55.5 7.5 2.5 2 1 3 0 0
-4795.2 -5630.2 -1.1 176 0 76.9 42.7 7.5 0.0 0 0 3 0 0
-4491.5 -5231.1 -2.4 257 0 110.4 103.8 10.0 0.0 0 0 4 5 5
-5726.8 -6724.4 2.0 180 0 55.7 13.1 10.0 2.5 2 0 4 1 1
-6700.9 -8239.5 -0.7 286 0 12.3 25.3 7.5 2.5 4 1 3 3 3
-4859.1 -6138.8 -1.7 91 0 17.2 67.3 7.5 2.5 2 1 3 5 5
-5924.8 -7894.1 1.8 90 0 12.6 20.8 7.5 2.5 2 1 3 0 0
-4818.7 -4970.6 -2.2 172 0 32.1 86.3 10.0 0.0 0 1 4 3 3
-5907.3 -7414.1 -2.5 270 0 10.2 51.8 7.5 2.5 2 1 3 4 4
-4716.7 -5664.8 -2.0 86 0 26.9 131.0 10.0 0.0 0 1 4 0 0
-5628.5 -6826.4 0.7 90 0 13.5 72.9 15.0 2.5 2 1 6 1 1
-5803.3 -6655.1 1.6 180 0 55.6 13.7 10.0 2.5 2 0 4 5 5
-4936.2 -4939.7 -1.8 173 0 24.7 41.1 10.0 0.0 0 1 4 5 5
-5981.7 -7440.3 -2.4 180 0 51.8 10.8 7.5 0.0 0 0 3 1 1
-5984.4 -7569.1 -1.5 180 0 58.5 9.4 7.5 2.5 4 0 3 0 0
-4851.2 -7191.5 -1.8 1 0 120.6 59.6 15.0 0.0 0 0 6 1 1
-6722.4 -6267.6 -0.7 88 0 12.7 74.2 7.5 2.5 2 1 3 5 5
-4807.6 -7091.0 -1.8 2 0 42.7 22.7 10.0 0.0 0 0 4 0 0
-4853.7 -5280.2 -0.3 266 0 36.9 36.0 10.0 0.0 0 0 4 2 2
-5905.3 -7569.4 -1.3 360 0 58.1 10.1 7.5 2.5 2 0 3 0 0
-5586.3 -6826.0 0.6 90 0 13.5 72.9 12.5 2.5 2 1 5 3 3
-4809.6 -7158.7 -1.8 1 0 52.2 13.5 7.5 2.5 2 0 3 4 4
-4808.6 -5269.1 -0.6 265 0 19.3 44.0 10.0 2.5 2 1 4 1 1
-6665.8 -7703.6 -0.9 90 0 13.1 50.4 7.5 2.5 2 1 3 4 4
-5677.6 -6751.4 2.0 90 0 13.3 55.4 7.5 2.5 2 1 3 0 0
-4690.3 -5904.4 -0.5 0 0 62.5 40.8 10.0 0.0 0 0 4 0 0
-4798.7 -7276.7 -1.9 2 0 19.8 19.5 10.0 2.5 2 0 4 0 0
-4878.6 -5608.8 -0.8 176 0 123.7 60.2 12.5 0.0 0 0 5 3 3
-4898.9 -5695.7 -0.0 180 0 26.8 81.0 10.0 0.0 0 1 4 4 4
-5972.1 -7894.0 1.7 90 0 63.2 20.9 12.5 2.5 2 0 5 4 4
-3856.6 -6347.6 -2.5 269 0 131.2 43.4 10.0 0.0 0 0 4 1 1
-5671.0 -6825.8 0.8 90 0 13.5 72.9 10.0 2.5 2 1 4 0 0
-5099.2 -5023.0 -0.1 264 0 56.5 23.8 12.5 2.5 2 0 5 1 1
-4932.3 -4899.3 -1.9 173 0 24.6 32.8 7.5 0.0 0 1 3 3 3
-5984.5 -7498.0 -2.1 180 0 51.2 10.2 7.5 2.5 2 0 3 2 2
-4991.8 -7187.6 -2.3 181 0 120.2 61.3 7.5 0.0 0 0 3 5 5
-4683.0 -4907.9 -2.8 353 0 17.4 42.5 10.0 2.5 2 1 4 5 5
-5907.3 -7643.4 -0.7 90 0 9.9 38.5 7.5 2.5 2 1 3 3 3
-4383.8 -5741.0 -2.8 270 0 45.4 62.5 5.0 0.0 0 1 2 2 2
-4773.2 -5264.8 -1.0 266 0 18.8 45.6 7.5 2.5 2 1 3 0 0
-6629.6 -7653.5 -0.5 270 0 12.7 50.3 7.5 2.5 2 1 3 5 5
-4551.8 -7210.9 -1.9 1 0 138.7 72.7 10.0 0.0 0 0 4 4 4
-4388.7 -5880.5 -2.9 90 0 36.2 62.2 7.5 0.0 0 1 3 4 4
-4838.1 -7277.6 -1.8 1 0 19.4 19.2 7.5 2.5 2 0 3 1 1
-6575.8 -7722.5 -0.2 354 0 115.4 13.1 7.5 2.5 2 0 3 2 2
-4804.7 -5454.3 -1.7 176 0 120.9 83.6 7.5 0.0 0 0 3 1 1
-5019.0 -5446.9 -0.0 86 0 15.8 19.8 10.0 2.5 2 1 4 0 0
-5712.3 -6825.5 0.9 90 0 13.5 72.9 10.0 2.5 2 1 4 4 4
-4774.4 -5551.1 -1.5 177 0 24.6 17.0 7.5 2.5 2 0 3 1 1
-4649.9 -7139.2 -1.8 271 0 16.4 140.3 7.5 0.0 0 1 3 2 2
-4853.8 -4991.9 -1.6 82 0 34.9 31.5 10.0 0.0 0 0 4 0 0
-6482.2 -8260.3 -0.5 0 0 55.3 13.6 10.0 2.5 2 0 4 0 0
-6849.1 -7935.3 -2.5 280 0 12.8 44.9 7.5 2.5 2 1 3 2 2
-5949.2 -7498.0 -2.1 179 0 52.6 9.8 7.5 2.5 2 0 3 1 1
-6483.5 -8318.3 -0.5 360 0 45.6 12.7 7.5 0.0 0 0 3 3 3
-4988.1 -7046.4 -1.5 181 0 119.9 60.7 5.0 0.0 0 0 2 1 1
-4815.5 -5775.7 -0.4 180 0 105.0 24.9 7.5 0.0 0 0 3 5 5
-4690.1 -4870.1 -2.9 354 0 23.8 39.8 7.5 0.0 0 1 3 2 2
-5941.5 -7643.1 -0.8 90 0 10.4 38.5 10.0 2.5 2 1 4 4 4
-4727.5 -5261.1 -1.1 265 0 37.6 46.1 10.0 0.0 0 1 4 1 1
-4846.2 -7049.9 -1.4 1 0 120.8 61.3 7.5 0.0 0 0 3 3 3
-4636.3 -5442.1 -2.6 356 0 122.7 60.1 15.0 0.0 0 0 6 1 1
-5586.9 -6723.5 1.9 360 0 56.3 13.6 10.0 2.5 2 0 4 4 4
-4801.5 -5549.5 -1.1 177 0 17.6 14.3 7.5 0.0 0 0 3 0 0
-6835.7 -8031.7 -2.4 10 0 61.2 14.8 7.5 2.5 2 0 3 1 1
-6566.2 -8066.6 -0.8 252 0 12.3 25.6 10.0 2.5 2 1 4 0 0
-5905.7 -7498.1 -2.0 0 0 52.3 9.9 7.5 2.5 4 0 3 5 5
-4856.5 -5775.8 -0.3 180 0 104.7 25.1 10.0 0.0 0 0 4 4 4
-5949.5 -7568.9 -1.4 180 0 58.6 9.9 7.5 2.5 2 0 3 3 3
-4653.6 -5276.3 -1.9 355 0 51.2 36.2 7.5 0.0 0 0 3 1 1
-6182.5 -7664.5 -1.2 90 0 9.6 46.4 7.5 0.0 0 1 3 0 0
-6068.6 -7648.9 -1.0 0 0 27.4 14.5 10.0 0.0 0 0 4 3 3
-4178.0 -7380.7 -0.3 93 0 108.3 49.4 10.0 0.0 0 0 4 0 0
-4473.9 -5947.0 -1.9 94 0 15.0 49.4 12.5 2.5 2 1 5 0 0
-4708.2 -6781.0 -1.2 180 0 16.0 18.4 10.0 2.5 2 1 4 0 0
-4444.5 -5880.7 -2.6 90 0 49.2 61.8 7.5 0.0 0 1 3 1 1
-4565.0 -6614.7 0.1 0 0 13.3 17.6 5.0 2.5 2 1 2 0 0
-6905.7 -7928.3 -3.0 270 0 11.9 28.4 7.5 2.5 2 1 3 5 5
-4704.8 -6685.0 -0.6 175 0 19.2 17.3 7.5 2.5 2 0 3 5 5
-4564.6 -6785.7 -1.1 0 0 12.7 17.1 7.5 2.5 4 1 3 4 4
-4610.9 -6819.9 -1.4 0 0 13.3 17.7 5.0 2.5 2 1 2 2 2
-4611.0 -6637.6 0.4 1 0 13.1 17.7 5.0 2.5 2 1 2 3 3
-6600.4 -8145.1 -0.8 106 0 11.9 49.4 7.5 0.0 0 1 3 5 5
-4707.1 -6612.4 -0.4 180 0 26.0 17.6 10.0 2.5 2 0 4 3 3
-4705.9 -6636.5 0.1 180 0 13.1 17.6 2.5 2.5 4 1 1 5 5
-6626.5 -8138.3 -1.3 107 0 12.7 47.5 10.0 2.5 2 1 4 1 1
-4665.0 -6729.0 -0.9 175 0 18.8 17.7 7.5 2.5 2 0 3 1 1
-4932.6 -6294.0 -1.0 90 0 16.6 38.7 10.0 2.5 2 1 4 1 1
-5018.5 -6543.2 -0.6 358 0 42.8 93.5 12.5 0.0 0 1 5 5 5
-3863.9 -6331.2 -3.3 269 0 174.0 8.2 7.5 2.5 2 0 3 2 2
-4741.9 -6729.5 -1.0 180 0 32.2 17.6 7.5 2.5 2 0 3 4 4
-4808.8 -7370.8 -1.8 91 0 20.0 19.6 10.0 0.0 0 0 4 3 3
-4585.5 -6203.1 -3.5 267 0 15.8 36.8 15.0 0.0 0 1 6 3 3
-4100.3 -6832.0 -2.4 182 0 171.2 14.6 12.5 0.0 0 0 5 1 1
-4661.2 -6813.5 -1.4 180 0 27.0 18.7 10.0 2.5 2 0 4 1 1
-3791.6 -6184.7 -2.1 357 0 42.0 161.5 10.0 0.0 0 1 4 4 4
-6836.4 -6223.7 -1.1 360 0 94.3 28.7 10.0 0.0 0 0 4 5 5
-4258.9 -7167.9 -0.1 356 0 36.5 58.6 10.0 0.0 0 1 4 0 0
-4877.2 -5902.3 -0.6 180 0 45.8 37.8 7.5 0.0 0 0 3 4 4
-4739.1 -6756.5 -1.1 179 0 13.2 17.5 2.5 2.5 2 1 1 1 1
-4444.0 -5740.5 -2.9 270 0 48.0 61.7 7.5 0.0 0 1 3 5 5
-4567.3 -6632.6 0.5 0 0 12.8 16.9 5.0 2.5 4 1 2 3 3
-6875.0 -7930.8 -2.7 280 0 12.0 24.4 10.0 0.0 0 1 4 4 4
-4664.7 -6683.5 -0.5 183 0 18.7 17.8 7.5 2.5 2 0 3 0 0
-4565.4 -6820.0 -1.4 0 0 12.7 17.1 10.0 2.5 2 1 4 5 5
-6107.4 -6414.3 0.1 272 0 83.5 89.5 14.0 0.0 0 1 4 2 2
-4611.0 -6655.8 0.0 1 0 16.6 18.1 7.5 2.5 2 1 3 2 2
-4621.7 -5827.2 -2.2 90 0 31.2 35.6 10.0 0.0 0 1 4 3 3
-4706.1 -6655.9 -0.2 181 0 16.8 18.0 10.0 2.5 2 1 4 0 0
-6822.5 -7969.3 -2.3 10 0 48.7 14.5 10.0 2.5 2 0 4 4 4
-4609.8 -6759.5 -1.0 0 0 16.8 18.3 10.0 2.5 2 1 4 1 1
-4564.9 -6802.6 -1.3 1 0 12.7 17.1 5.0 0.0 0 1 2 1 1
-4612.2 -6613.1 -0.2 1 0 27.0 17.4 10.0 0.0 0 0 4 0 0
-4607.7 -6725.4 -0.8 359 0 24.6 17.5 7.5 2.5 4 0 3 4 4
-4851.0 -7370.1 -1.8 91 0 19.4 19.5 10.0 2.5 2 1 4 0 0
-4573.5 -6270.0 -3.5 356 0 38.1 16.7 12.5 2.5 2 0 5 4 4
-4738.9 -6651.6 -0.3 181 0 16.7 18.2 7.5 2.5 2 1 3 2 2
-4683.2 -6816.8 -1.4 179 0 17.4 14.0 5.0 2.5 2 0 2 4 4
-6787.8 -6467.2 -0.9 90 0 28.7 53.6 12.5 0.0 0 1 5 4 4
-4563.7 -6764.5 -1.0 0 0 19.1 18.1 10.0 2.5 2 0 4 1 1
-4596.6 -7343.9 -1.2 93 0 14.2 47.0 5.0 2.5 2 1 2 3 3
-4906.0 -5886.7 -0.5 180 0 76.8 11.2 15.0 0.0 0 0 6 5 5
-4739.4 -6773.7 -1.2 180 0 13.4 18.2 5.0 0.0 0 1 2 5 5
-4346.1 -5667.2 -2.7 268 0 13.3 158.5 10.0 0.0 0 1 4 1 1
-3765.8 -7151.6 -2.3 358 0 34.6 49.4 10.0 0.0 0 1 4 2 2
-4328.6 -5719.6 -2.5 178 0 58.9 28.7 10.0 0.0 0 0 4 0 0
-4567.1 -6653.3 0.2 0 0 19.8 17.4 7.5 2.5 4 0 3 1 1
-4065.6 -7364.4 -0.2 2 0 24.1 53.5 10.0 2.5 4 1 4 0 0
-4662.0 -6655.5 -0.1 180 0 16.7 18.2 7.5 2.5 4 1 3 1 1
-4662.7 -5827.1 -1.8 90 0 24.1 35.4 10.0 0.0 0 1 4 5 5
-4610.1 -6780.6 -1.2 0 0 16.7 18.0 7.5 2.5 2 1 3 3 3
-4888.9 -7354.6 -1.9 92 0 21.6 82.0 7.5 0.0 0 1 3 3 3
-4661.4 -6612.0 -0.3 180 0 27.0 18.1 7.5 2.5 2 0 3 1 1
-4664.2 -6755.9 -1.0 180 0 13.1 18.6 7.5 2.5 2 1 3 1 1
-4813.6 -7020.1 -1.3 2 0 57.7 14.9 7.5 2.5 2 0 3 5 5
-4737.8 -6632.3 -0.0 179 0 13.3 18.3 7.5 2.5 2 1 3 0 0
-4699.1 -6808.8 -1.4 90 0 17.8 15.9 7.5 2.5 2 0 3 0 0
-6720.0 -6530.5 -0.3 90 0 36.6 53.1 10.0 0.0 0 1 4 5 5
-4656.5 -7366.5 -1.7 93 0 15.3 56.7 10.0 2.5 2 1 4 2 2
-4730.1 -6811.7 -1.4 91 0 17.6 26.5 7.5 2.5 2 1 3 2 2
-4629.3 -6139.0 -2.7 90 0 13.5 22.2 10.0 2.5 4 1 4 1 1
-4092.4 -6714.8 -2.0 182 0 36.9 16.0 10.0 2.5 2 0 4 3 3
-4420.2 -5950.8 -2.8 94 0 16.1 43.5 12.5 2.5 4 1 5 2 2
-4303.4 -7405.6 0.2 93 0 13.8 40.4 7.5 2.5 2 1 3 2 2
-4446.8 -5948.8 -2.5 94 0 16.3 43.7 12.5 2.5 2 1 5 4 4
-4708.2 -6759.3 -1.1 180 0 16.1 17.3 10.0 2.5 2 1 4 3 3
-4662.2 -6636.9 0.3 180 0 13.8 17.8 2.5 2.5 2 1 1 0 0
-4689.2 -5809.4 -1.5 0 0 35.1 42.3 7.5 0.0 0 1 3 0 0
-4607.9 -6686.4 -0.5 359 0 24.5 17.6 10.0 2.5 2 0 4 5 5
-6936.3 -7939.9 -3.3 180 0 25.9 11.8 10.0 2.5 2 0 4 0 0
-4705.0 -6727.1 -0.9 185 0 19.1 17.8 7.5 0.0 0 0 3 4 4
-4610.6 -6800.9 -1.3 0 0 17.2 17.9 7.5 0.0 0 1 3 1 1
-4591.5 -6614.3 -0.0 0 0 18.1 13.2 5.0 2.5 2 0 2 1 1
-4988.6 -7308.7 -2.9 182 0 79.4 27.0 7.5 0.0 0 0 3 0 0
-4682.5 -6609.0 -0.3 180 0 20.0 12.7 10.0 2.5 2 0 4 3 3
-4664.1 -6773.0 -1.1 180 0 13.0 18.5 5.0 2.5 2 1 2 4 4
-5358.1 -7052.8 -2.6 270 0 50.7 32.3 7.5 0.0 0 0 3 0 0
-4591.5 -6817.3 -1.4 0 0 18.0 12.4 5.0 2.5 2 0 2 0 0
-4737.3 -6614.2 -0.2 180 0 13.2 18.1 5.0 2.5 2 1 2 1 1
-4708.0 -6819.8 -1.4 180 0 13.3 18.4 7.5 2.5 2 1 3 5 5
-4664.3 -6790.1 -1.3 180 0 13.1 18.8 2.5 2.5 2 1 1 3 3
-3817.9 -6417.3 -1.9 84 0 42.2 17.8 7.5 2.5 2 0 3 4 4
-4741.3 -6681.6 -0.7 181 0 33.2 17.9 7.5 2.5 2 0 3 4 4
-4815.4 -7317.1 -1.8 1 0 36.8 27.2 7.5 0.0 0 0 3 2 2
-4057.7 -6722.5 -2.1 351 0 23.4 14.1 10.0 2.5 2 0 4 3 3
-3809.6 -5028.4 -1.3 344 0 21.4 126.0 7.5 0.0 0 1 3 1 1
-6885.4 -7092.8 -2.7 272 0 11.6 74.2 10.0 2.5 2 1 4 5 5
-4563.4 -6739.0 -0.8 0 0 15.5 23.3 12.5 2.5 4 1 5 5 5
-4622.4 -6432.5 -0.9 7 0 27.3 19.5 7.5 0.0 0 0 3 2 2
-4880.8 -6365.8 -1.6 270 0 16.0 35.9 10.0 0.0 0 1 4 1 1
-4690.9 -5751.9 -1.3 0 0 54.0 42.0 7.5 0.0 0 0 3 0 0
-4987.2 -5444.1 -0.2 85 0 16.5 20.0 7.5 2.5 2 1 3 2 2
-5170.0 -6181.8 -0.8 180 0 15.8 32.7 7.5 2.5 2 1 3 1 1
-4655.7 -6170.9 -2.9 0 0 38.7 15.6 7.5 2.5 2 0 3 0 0
-4710.0 -5853.5 -0.5 0 0 16.6 22.3 7.5 2.5 2 1 3 1 1
-4827.6 -6138.8 -1.8 91 0 17.2 67.0 10.0 2.5 2 1 4 5 5
-5172.3 -6301.5 0.2 179 0 22.1 16.9 7.5 2.5 2 0 3 3 3
-4948.6 -5430.6 0.2 355 0 19.9 15.8 7.5 2.5 4 0 3 1 1
-4824.3 -5886.3 -0.5 179 0 75.5 17.5 7.5 2.5 2 0 3 3 3
-4999.7 -6405.1 -2.6 359 0 63.2 29.5 10.0 0.0 0 0 4 1 1
-5172.8 -6243.6 -0.4 179 0 80.3 17.5 10.0 2.5 2 0 4 0 0
-4609.6 -5128.3 -2.0 168 0 85.4 17.9 10.0 2.5 2 0 4 3 3
-5110.9 -6190.5 -0.7 90 0 24.1 16.6 7.5 2.5 2 0 3 4 4
-5025.8 -6132.9 -1.1 270 0 47.9 57.1 7.5 0.0 0 1 3 3 3
-4627.4 -6365.3 -2.2 271 0 17.9 30.6 10.0 0.0 0 1 4 0 0
-4899.2 -6038.8 -1.8 180 0 32.1 18.0 7.5 2.5 2 0 3 3 3
-4902.4 -6489.0 -0.2 191 0 28.3 17.9 10.0 2.5 2 0 4 1 1
-4712.7 -5964.1 -1.7 359 0 33.4 17.6 12.5 2.5 2 0 5 1 1
887.5 5677.0 -8.2 270 0 48.3 211.3 10.0 0.0 0 1 4 4 4
1206.8 5922.7 -6.3 270 0 90.6 114.5 10.0 0.0 0 1 4 3 3
1559.6 5846.2 -8.4 358 0 78.1 32.4 7.5 0.0 0 0 3 1 1
2055.9 6814.3 -12.1 93 0 62.1 121.2 10.0 0.0 0 1 4 3 3
2009.2 6582.9 -10.2 273 0 102.6 153.1 10.0 0.0 0 1 4 2 2
2105.5 7131.9 -12.5 274 0 62.6 145.2 10.0 0.0 0 1 4 1 1
1144.1 6357.3 -6.1 270 0 73.3 140.7 12.5 0.0 0 1 5 3 3
959.0 6371.8 -6.7 90 0 75.4 102.9 10.0 0.0 0 1 4 5 5
939.1 6118.0 -4.1 270 0 60.1 40.1 5.0 0.0 0 0 2 1 1
-1554.2 -4114.0 -3.1 88 0 12.3 42.5 7.5 0.0 0 1 3 5 5
-2939.0 -4522.3 -1.6 260 0 22.2 58.3 12.5 2.5 4 1 5 2 2
974.5 -3973.9 1.8 82 0 17.3 101.2 7.5 0.0 0 1 3 2 2
-1298.3 -4554.8 -0.3 275 0 19.6 148.5 10.0 0.0 0 1 4 1 1
-2940.2 -4514.6 -1.6 80 0 22.3 58.1 7.5 2.5 2 1 3 2 2
939.4 -3979.2 1.9 81 0 41.5 102.1 7.5 0.0 0 1 3 1 1
-1960.3 -3934.8 -2.2 84 0 92.0 68.6 10.0 0.0 0 0 4 0 0
-1282.9 -3893.6 -3.3 357 0 59.9 99.1 10.0 0.0 0 1 4 5 5
-1262.2 -3893.0 -4.6 177 0 60.4 99.0 12.5 0.0 0 1 5 4 4
-3544.5 -5241.0 -3.6 79 0 69.7 302.6 7.5 0.0 0 1 3 0 0
-1445.6 -3974.8 -3.0 90 0 13.3 46.6 10.0 2.5 2 1 4 2 2
-496.2 -5166.1 -1.2 178 0 55.7 9.0 7.5 2.5 2 0 3 1 1
-2444.5 -4206.4 -2.8 353 0 78.2 195.9 12.5 0.0 0 1 5 0 0
-1466.7 -3975.1 -3.0 90 0 12.4 46.7 7.5 2.5 2 1 3 3 3
-1493.8 -3888.8 -2.9 270 0 18.2 72.6 7.5 2.5 2 1 3 3 3
246.4 -4127.8 -2.9 279 0 51.2 22.2 10.0 2.5 2 0 4 3 3
-1522.6 -3901.1 -2.8 270 0 18.8 60.1 7.5 2.5 2 1 3 1 1
1200.2 -3908.2 0.3 262 0 37.1 71.9 12.5 0.0 0 1 5 2 2
-5594.6 -5220.6 1.1 356 0 36.5 20.0 7.5 0.0 0 0 3 1 1
907.5 -9194.3 -2.1 265 0 16.2 61.6 10.0 2.5 2 1 4 2 2
-4863.3 -4563.8 -1.2 347 0 7.7 35.5 7.5 2.5 4 1 3 4 4
1172.6 -10624.0 -5.3 187 0 59.9 31.8 14.0 0.0 0 0 4 1 1
1315.5 -10424.0 -3.6 261 0 72.9 66.4 10.0 0.0 0 0 4 5 5
-4720.7 -4763.4 -2.5 263 0 16.7 37.8 7.5 2.5 2 1 3 4 4
-3458.2 -5971.3 -4.4 88 0 135.5 274.0 10.0 0.0 0 1 4 1 1
1379.9 -8973.0 -2.3 9 0 45.6 13.0 7.5 0.0 0 0 3 4 4
891.0 -9294.5 -1.9 75 0 18.8 32.1 10.0 0.0 0 1 4 4 4
1322.3 -8836.0 -4.1 94 0 12.0 38.9 7.5 2.5 2 1 3 1 1
2274.4 -5983.2 -2.2 79 0 8.4 30.1 7.5 2.5 2 1 3 0 0
3303.6 -10270.0 -6.4 260 0 66.7 105.8 7.5 0.0 0 1 3 3 3
1396.2 -9054.3 -1.8 99 0 14.1 34.9 7.5 2.5 4 1 3 4 4
2846.0 -8922.2 -2.8 355 0 107.8 47.1 5.0 0.0 0 0 2 3 3
3230.8 -7804.3 1.3 91 0 13.3 40.7 7.5 2.5 2 1 3 1 1
1500.1 -8895.7 -3.2 280 0 15.0 39.3 7.5 2.5 2 1 3 4 4
176.6 -4595.8 -3.2 269 0 35.4 49.4 10.0 0.0 0 1 4 3 3
1194.5 -8773.8 -4.2 69 0 11.6 63.6 7.5 2.5 2 1 3 3 3
1405.3 -8561.7 -4.3 90 0 16.2 73.2 10.0 0.0 0 1 4 2 2
3251.6 -9086.5 -7.5 88 0 39.8 118.5 7.5 0.0 0 1 3 0 0
-1609.2 -5171.4 4.5 99 0 62.1 17.0 7.5 2.5 2 0 3 5 5
-3458.1 -7358.7 -3.5 92 0 12.5 158.1 7.5 0.0 0 1 3 3 3
697.8 -8121.3 -0.3 342 0 29.4 127.8 12.5 0.0 0 1 5 5 5
2165.3 -7052.2 -4.0 96 0 7.4 32.0 7.5 2.5 2 1 3 1 1
1860.0 -6323.2 -5.4 258 0 30.3 78.4 7.5 0.0 0 1 3 1 1
1928.0 -6988.4 -4.3 276 0 25.0 39.0 10.0 0.0 0 1 4 2 2
1934.8 -7221.9 -3.0 87 0 24.9 156.4 12.5 0.0 0 1 5 3 3
1236.0 -8942.0 -2.9 189 0 67.4 14.2 10.0 2.5 2 0 4 4 4
-5559.5 -5602.8 -1.2 352 0 16.9 47.1 7.5 2.5 4 1 3 1 1
1122.2 -8842.3 -4.4 359 0 62.6 13.4 12.5 2.5 2 0 5 4 4
3388.8 -7666.7 -1.0 85 0 24.8 67.3 10.0 0.0 0 1 4 1 1
-5203.5 -5050.3 0.6 174 0 21.7 14.2 12.5 2.5 2 0 5 4 4
-3531.6 -5289.3 -3.4 261 0 21.8 41.5 10.0 0.0 0 1 4 0 0
1391.4 -10535.0 -6.6 359 0 57.5 72.9 12.5 0.0 0 1 5 3 3
-307.8 -4095.4 -1.1 98 0 12.7 91.2 10.0 2.5 2 1 4 0 0
-5914.1 -5212.6 -0.8 161 0 49.3 79.1 10.0 0.0 0 1 4 0 0
-5919.9 -5087.8 -0.8 250 0 80.1 83.2 7.5 0.0 0 1 3 3 3
855.0 -9295.8 -1.8 165 0 46.3 15.8 7.5 2.5 4 0 3 5 5
1035.4 -8988.7 -2.2 180 0 106.1 13.0 10.0 2.5 2 0 4 4 4
-4872.4 -4537.7 -1.1 345 0 29.7 19.3 7.5 2.5 2 0 3 0 0
1365.8 -8843.9 -3.9 94 0 12.1 57.9 7.5 2.5 4 1 3 3 3
1359.8 -9054.5 -1.9 100 0 13.0 44.9 10.0 2.5 2 1 4 4 4
-5109.1 -4824.2 -0.8 162 0 52.5 7.9 7.5 2.5 2 0 3 3 3
2811.1 -8398.5 -6.1 3 0 75.9 14.6 7.5 2.5 2 0 3 3 3
1329.1 -9000.0 -2.6 100 0 12.6 67.4 5.0 2.5 2 1 2 5 5
1796.4 -6406.3 -5.3 171 0 15.6 61.1 15.0 2.5 2 1 6 0 0
-896.1 -5213.8 0.6 274 0 51.8 17.1 7.5 2.5 2 0 3 3 3
1999.4 -6400.1 -5.3 348 0 81.0 33.2 10.0 0.0 0 0 4 3 3
-4678.1 -4547.1 -1.7 80 0 22.0 80.8 7.5 0.0 0 1 3 1 1
2725.1 -9662.4 -7.8 169 0 45.5 96.9 12.5 0.0 0 1 5 0 0
1726.1 -8745.5 -3.3 106 0 20.5 61.0 10.0 2.5 2 1 4 4 4
2675.0 -8293.2 -8.9 267 0 47.0 72.9 10.0 0.0 0 1 4 0 0
3186.0 -10542.7 -2.7 104 0 21.6 116.4 10.0 0.0 0 1 4 5 5
1036.0 -8869.9 -4.2 180 0 90.6 12.4 12.5 2.5 2 0 5 5 5
1197.3 -8951.7 -2.6 10 0 56.9 13.2 10.0 2.5 4 0 4 3 3
1114.5 -8897.6 -3.0 268 0 13.0 61.2 10.0 2.5 2 1 4 1 1
690.8 -9386.7 -1.1 78 0 13.8 44.4 10.0 2.5 2 1 4 1 1
1281.1 -8958.3 -2.9 188 0 90.7 13.6 12.5 0.0 0 0 5 2 2
738.6 -8036.2 0.2 341 0 17.8 56.4 10.0 2.5 2 1 4 2 2
2930.3 -9261.3 -4.3 351 0 68.7 22.0 7.5 2.5 2 0 3 1 1
1198.3 -8844.1 -3.9 281 0 13.5 57.3 7.5 2.5 2 1 3 5 5
1376.8 -9542.1 -3.8 92 0 50.8 100.0 5.0 0.0 0 1 2 0 0
1983.7 -7056.6 -3.3 6 0 25.3 69.1 10.0 0.0 0 1 4 0 0
2354.3 -9071.2 -3.9 258 0 10.9 109.0 10.0 2.5 2 1 4 3 3
3177.4 -10422.0 -2.0 283 0 28.2 98.2 12.5 0.0 0 1 5 5 5
-5626.4 -5622.0 -1.5 84 0 23.3 20.5 7.5 0.0 0 0 3 2 2
1871.9 -7021.5 -3.6 267 0 56.9 180.5 10.0 0.0 0 1 4 1 1
-3361.7 -7074.4 -4.5 272 0 47.8 288.5 10.0 0.0 0 1 4 5 5
-5941.2 -5277.4 -0.6 180 0 56.7 97.2 7.5 0.0 0 1 3 3 3
-5006.7 -4792.7 -1.5 350 0 49.9 29.6 7.5 0.0 0 0 3 4 4
-4126.9 -5362.3 -1.5 347 0 109.6 98.4 10.0 0.0 0 0 4 5 5
1313.8 -10598.0 -6.8 89 0 12.9 23.6 7.5 2.5 2 1 3 4 4
2625.1 -7095.0 -1.3 260 0 10.1 40.4 12.5 2.5 2 1 5 0 0
1518.4 -9003.8 -2.5 100 0 15.5 52.7 7.5 2.5 2 1 3 3 3
1312.4 -8664.1 -3.8 91 0 12.5 27.0 5.0 2.5 2 1 2 3 3
1460.5 -8501.4 -4.3 0 0 34.7 16.5 5.0 0.0 0 0 2 1 1
1705.3 -6562.3 -7.7 258 0 53.1 98.3 10.0 0.0 0 1 4 5 5
1373.3 -8610.2 -3.0 90 0 12.3 40.9 10.0 2.5 2 1 4 3 3
1166.5 -10282.2 -1.2 358 0 18.4 36.4 7.5 0.0 0 1 3 1 1
3078.0 -10611.0 -4.2 113 0 49.3 97.1 10.0 0.0 0 1 4 2 2
1239.1 -8751.2 -4.0 360 0 28.5 17.9 15.0 0.0 0 0 6 5 5
1278.1 -8690.3 -3.9 90 0 13.4 27.8 10.0 2.5 2 1 4 3 3
1086.4 -10119.6 -1.1 248 0 41.8 14.3 7.5 2.5 2 0 3 5 5
1536.6 -8724.1 -3.5 107 0 12.4 44.7 7.5 2.5 2 1 3 5 5
1338.5 -8638.1 -3.4 91 0 14.0 35.9 7.5 2.5 2 1 3 0 0
1533.6 -8590.8 -3.2 285 0 16.3 71.6 12.5 2.5 2 1 5 5 5
2153.1 -8758.4 -0.2 89 0 19.9 25.0 10.0 2.5 2 1 4 0 0
1454.5 -8546.9 -3.4 0 0 34.0 16.4 7.5 2.5 2 0 3 3 3
1136.2 -10329.3 -1.1 90 0 9.6 36.1 7.5 0.0 0 1 3 5 5
1244.9 -8711.6 -3.9 1 0 30.9 17.6 10.0 2.5 2 0 4 2 2
3031.5 -10591.2 -3.7 112 0 48.0 90.3 10.0 0.0 0 1 4 4 4
-4417.0 -6877.5 -1.3 183 0 38.7 29.6 12.5 0.0 0 0 5 0 0
3346.5 656.4 -3.8 255 0 15.7 70.1 7.5 2.5 2 1 3 2 2
3977.7 1056.3 -4.1 348 0 73.5 52.6 15.0 0.0 0 0 6 3 3
4776.3 1960.9 -4.8 68 0 87.0 206.7 10.0 0.0 0 1 4 2 2
3898.4 992.1 -3.8 78 0 52.6 82.3 10.0 0.0 0 1 4 5 5
4305.3 795.5 -4.6 235 0 10.6 33.2 10.0 2.5 2 1 4 4 4
3654.3 185.4 -3.4 345 0 54.1 6.7 7.5 2.5 2 0 3 4 4
4350.1 681.8 -6.0 74 0 10.2 80.8 10.0 0.0 0 1 4 4 4
4133.9 889.2 -4.0 258 0 13.6 69.4 10.0 2.5 4 1 4 1 1
3444.2 548.5 -6.0 345 0 83.8 12.6 10.0 2.5 2 0 4 5 5
4249.5 816.6 -4.3 309 0 18.2 11.3 2.5 2.5 2 0 1 0 0
3389.7 533.9 -5.8 345 0 69.4 16.4 10.0 2.5 2 0 4 4 4
4202.5 887.9 -4.2 258 0 12.5 65.0 12.5 2.5 2 1 5 2 2
3418.8 643.1 -4.2 345 0 82.7 10.7 7.5 2.5 2 0 3 5 5
3467.9 470.3 -6.3 346 0 41.6 15.4 7.5 2.5 4 0 3 0 0
4017.6 1031.9 -4.5 165 0 187.2 18.7 15.0 0.0 0 0 6 4 4
4256.0 653.3 -6.2 75 0 10.1 48.6 10.0 0.0 0 1 4 5 5
4197.4 773.3 -4.4 308 0 16.9 12.7 7.5 2.5 2 0 3 2 2
4222.3 796.7 -4.4 309 0 33.5 12.5 7.5 2.5 2 0 3 0 0
3840.2 1747.1 1.4 254 0 20.2 48.5 7.5 2.5 4 1 3 0 0
4252.4 720.9 -4.8 40 0 10.8 17.7 5.0 2.5 2 1 2 3 3
3594.1 306.1 -5.8 76 0 10.0 34.5 7.5 2.5 2 1 3 2 2
4090.9 30.1 -8.8 76 0 14.7 92.4 10.0 2.5 2 1 4 3 3
4055.1 20.8 -8.5 76 0 14.3 92.5 5.0 2.5 2 1 2 4 4
3620.9 204.2 -3.0 255 0 13.5 51.0 7.5 2.5 2 1 3 0 0
3261.1 633.8 -3.6 255 0 16.5 69.9 10.0 2.5 4 1 4 2 2
4126.6 39.7 -8.8 76 0 14.4 92.1 7.5 2.5 2 1 3 2 2
4148.7 785.1 -4.3 169 0 53.6 12.9 10.0 2.5 4 0 4 1 1
4267.2 760.2 -4.6 307 0 33.9 11.6 12.5 2.5 4 0 5 5 5
5083.1 4295.4 -3.3 259 0 15.1 35.9 7.5 2.5 2 1 3 4 4
4172.2 706.2 -4.7 78 0 11.4 37.7 7.5 2.5 4 1 3 5 5
4951.4 4156.1 -3.1 350 0 132.2 48.7 15.0 0.0 0 0 6 0 0
4320.2 671.5 -6.1 74 0 10.8 80.9 10.0 2.5 2 1 4 4 4
5100.0 4234.7 -3.4 349 0 19.0 12.4 5.0 2.5 2 0 2 5 5
4220.2 643.5 -6.3 74 0 11.1 48.8 12.5 2.5 2 1 5 1 1
4187.5 635.7 -6.3 74 0 10.3 33.3 10.0 2.5 4 1 4 1 1
3315.1 398.2 -6.4 75 0 15.4 56.0 7.5 2.5 2 1 3 2 2
3238.0 384.3 -6.3 75 0 14.5 55.5 10.0 0.0 0 1 4 1 1
3393.1 419.4 -6.3 75 0 16.8 56.5 7.5 2.5 2 1 3 4 4
3305.0 473.8 -5.9 75 0 16.0 69.9 12.5 2.5 2 1 5 0 0
5303.0 2241.5 -6.4 79 0 13.7 40.5 10.0 0.0 0 1 4 5 5
3216.4 450.7 -5.9 75 0 16.0 71.0 12.5 2.5 2 1 5 3 3
3837.2 978.1 -3.6 78 0 52.2 82.5 10.0 0.0 0 1 4 5 5
3610.1 565.5 -6.6 255 0 14.1 85.1 10.0 2.5 2 1 4 4 4
3679.7 520.2 -6.6 255 0 51.1 15.4 10.0 2.5 4 0 4 5 5
4149.0 2700.5 -5.8 327 0 81.0 40.0 10.5 0.0 0 0 3 1 1
4449.7 2134.6 -4.0 247 0 16.6 73.8 14.0 3.5 2 1 4 5 5
4162.6 2343.6 -7.6 247 0 67.5 47.9 14.0 0.0 0 0 4 1 1
4185.8 2424.6 -7.6 58 0 21.8 147.6 10.5 0.0 0 1 3 2 2
4157.5 2588.7 -8.7 327 0 70.8 45.9 10.5 0.0 0 0 3 2 2
4441.3 2869.4 -9.7 334 0 23.0 23.6 10.5 3.5 2 1 3 2 2
4218.8 2449.2 -9.3 58 0 41.1 97.9 10.5 0.0 0 1 3 4 4
4163.0 2255.9 -6.4 157 0 47.6 67.6 14.0 0.0 0 1 4 5 5
4126.8 2394.2 -7.4 58 0 46.5 141.0 10.5 0.0 0 1 3 3 3
4093.5 3445.2 -6.9 337 0 58.6 14.8 12.5 2.5 2 0 5 2 2
4499.2 2022.4 -2.6 337 0 66.2 17.4 14.0 3.5 2 0 4 0 0
3736.7 589.2 -6.4 254 0 16.3 42.7 10.0 2.5 2 1 4 0 0
4481.0 1875.9 -3.6 68 0 36.9 75.4 14.0 0.0 0 1 4 2 2
4526.1 1894.9 -3.3 68 0 36.0 74.7 14.0 0.0 0 1 4 2 2
4254.9 2113.0 -5.3 67 0 48.1 124.5 14.0 0.0 0 1 4 3 3
4020.7 3462.7 -6.2 156 0 108.9 33.6 10.0 0.0 0 0 4 3 3
3759.3 524.9 -6.5 74 0 74.1 15.5 7.5 2.5 2 0 3 4 4
-4791.8 -4866.6 -2.7 263 0 85.9 27.3 7.5 0.0 0 0 3 4 4
-5556.6 -4326.6 0.4 266 0 16.1 38.0 10.0 2.5 2 1 4 0 0
-5520.7 -4169.1 -0.0 354 0 42.3 13.3 10.0 2.5 2 0 4 3 3
475.9 -3282.9 -1.6 102 0 18.0 24.0 14.0 0.0 0 1 4 5 5
-616.6 -5199.1 -0.7 355 0 44.4 15.0 7.5 2.5 2 0 3 4 4
332.9 -3135.6 -1.3 190 0 34.6 20.1 14.0 0.0 0 0 4 5 5
-675.6 -5098.3 0.1 87 0 22.0 35.9 10.0 0.0 0 1 4 4 4
676.1 -4310.6 -3.3 359 0 60.7 15.6 7.5 2.5 2 0 3 2 2
101.6 -1319.3 -0.9 178 0 19.1 243.0 12.5 0.0 0 1 5 3 3
-4766.1 -4431.4 -1.1 350 0 46.0 8.3 7.5 2.5 2 0 3 4 4
-5239.8 -4280.5 0.5 263 0 19.8 90.9 7.5 0.0 0 1 3 2 2
-5130.4 -4906.7 -1.1 264 0 17.9 55.8 7.5 2.5 4 1 3 5 5
-4741.1 -4914.0 -2.6 353 0 24.1 86.6 7.5 0.0 0 1 3 5 5
-4741.5 -4659.5 -2.0 69 0 85.4 49.4 10.0 0.0 0 0 4 0 0
-4695.7 -4393.0 -1.3 259 0 14.2 56.6 7.5 2.5 2 1 3 1 1
-6551.5 1988.7 -2.7 180 0 42.4 22.2 7.5 0.0 0 0 3 3 3
-5647.5 -3543.8 -1.5 264 0 12.5 129.9 10.0 0.0 0 1 4 0 0
-4927.6 -4550.6 -1.1 256 0 17.3 35.8 7.5 0.0 0 1 3 0 0
-5895.7 -2840.3 3.3 3 0 84.0 44.4 12.5 0.0 0 0 5 3 3
-5871.1 -2819.5 4.7 2 0 42.1 15.5 10.0 2.5 2 0 4 1 1
-5172.3 -4431.5 0.2 75 0 13.5 59.9 12.5 2.5 2 1 5 2 2
-5154.3 -4425.7 0.2 79 0 13.5 44.6 7.5 2.5 2 1 3 0 0
-5135.0 -4398.7 0.2 348 0 41.6 13.3 10.0 2.5 2 0 4 0 0
-289.9 -116.4 -6.7 261 0 63.2 204.7 10.0 0.0 0 1 4 1 1
-5693.8 -3568.2 -1.6 264 0 67.2 110.0 10.0 0.0 0 1 4 2 2
-5889.3 -4790.3 0.3 330 0 68.6 12.3 7.5 2.5 2 0 3 0 0
-5205.4 -4262.6 0.5 263 0 91.3 8.7 7.5 2.5 4 0 3 5 5
-4863.6 -4920.9 -2.0 263 0 33.3 20.5 12.5 0.0 0 0 5 1 1
-5187.1 -4274.6 0.5 263 0 40.7 89.2 10.0 0.0 0 1 4 3 3
-5161.8 -4914.6 -0.9 264 0 23.7 40.7 10.0 0.0 0 1 4 1 1
-4868.6 -4876.4 -2.2 263 0 33.3 24.6 10.0 0.0 0 0 4 1 1
-5853.7 -4850.4 0.4 329 0 48.1 14.0 10.0 2.5 2 0 4 4 4
-5527.4 -4404.8 0.6 85 0 51.8 20.1 7.5 2.5 4 0 3 5 5
-4928.5 -4651.2 -1.3 70 0 13.5 53.3 10.0 2.5 2 1 4 0 0
-1565.8 -3763.6 -2.4 270 0 40.8 41.9 10.0 0.0 0 1 4 2 2
-1489.4 -3756.1 -2.6 270 0 83.4 13.2 7.5 2.5 2 0 3 3 3
-1451.6 -3782.2 -2.6 0 0 18.1 79.9 10.0 2.5 2 1 4 5 5
-1528.9 -3337.6 -2.1 360 0 50.4 15.5 7.5 0.0 0 0 3 4 4
-1927.8 -3674.9 -1.4 270 0 15.1 39.3 10.0 0.0 0 1 4 1 1
-1295.4 -3492.8 -4.4 358 0 12.8 24.9 7.5 2.5 2 1 3 3 3
-1956.6 -3488.7 -0.9 270 0 58.8 14.4 7.5 2.5 2 0 3 2 2
-1302.2 -3534.7 -4.2 357 0 59.1 99.9 10.0 0.0 0 1 4 3 3
-1964.0 -3575.4 -1.0 89 0 15.4 65.6 7.5 2.5 2 1 3 3 3
-1582.1 -3935.4 -2.8 180 0 97.0 36.7 7.5 0.0 0 0 3 5 5
6014.8 -9980.8 -7.2 89 0 20.3 30.8 10.0 0.0 0 1 4 5 5
610.6 8205.7 -11.8 271 0 11.8 87.2 12.5 2.5 2 1 5 0 0
644.7 8207.1 -11.5 271 0 14.2 88.7 12.5 2.5 2 1 5 2 2
644.0 8221.1 -12.5 91 0 14.6 60.0 10.0 2.5 2 1 4 1 1
1479.9 5945.3 -7.5 269 0 12.9 25.7 7.5 2.5 2 1 3 0 0
1433.2 5803.4 -7.6 88 0 63.1 132.0 7.5 0.0 0 1 3 0 0
961.8 6268.5 -4.6 270 0 61.5 76.5 7.5 0.0 0 1 3 1 1
1520.4 5917.3 -7.8 88 0 11.9 27.9 10.0 2.5 2 1 4 4 4
586.1 8034.0 -10.4 90 0 32.3 54.6 7.5 0.0 0 1 3 5 5
1372.0 5942.8 -7.5 268 0 21.6 142.3 7.5 0.0 0 1 3 2 2
1521.2 6110.2 -7.7 270 0 49.9 53.9 10.0 0.0 0 1 4 3 3
1498.4 5944.5 -7.7 268 0 11.0 19.3 5.0 2.5 2 1 2 4 4
1494.1 5883.2 -8.1 268 0 42.6 77.7 10.0 0.0 0 1 4 2 2
576.7 8223.2 -12.8 91 0 11.7 48.5 10.0 2.5 4 1 4 5 5
1511.8 6043.1 -7.9 270 0 67.4 72.5 7.5 0.0 0 1 3 5 5
609.8 8223.1 -12.7 91 0 12.2 58.3 7.5 2.5 2 1 3 2 2
1426.2 5631.7 -8.4 268 0 164.5 41.0 10.0 0.0 0 0 4 3 3
1381.0 6042.6 -6.7 270 0 12.5 72.4 5.0 2.5 2 1 2 4 4
757.0 5670.9 -7.2 270 0 17.4 59.7 10.0 2.5 2 1 4 5 5
1424.0 6084.1 -6.9 181 0 53.6 23.9 10.0 2.5 2 0 4 5 5
1428.7 6042.1 -7.3 270 0 61.0 71.9 7.5 0.0 0 1 3 4 4
1472.0 6111.2 -7.2 270 0 24.0 55.3 10.0 2.5 2 1 4 4 4
1389.0 5755.0 -8.0 178 0 53.0 110.5 10.0 0.0 0 1 4 3 3
731.5 5442.5 -8.2 90 0 32.2 89.6 10.0 0.0 0 1 4 3 3
842.4 5605.3 -7.5 0 0 64.8 15.8 10.0 2.5 2 0 4 2 2
6462.1 10235.3 -18.1 240 0 10.7 47.4 7.5 2.5 2 1 3 4 4
5152.8 10224.9 -15.5 277 0 31.9 23.4 7.5 0.0 0 0 3 1 1
6127.1 9240.7 -16.8 166 0 14.6 5.7 7.5 2.5 4 0 3 2 2
6274.1 9896.9 -17.4 248 0 7.1 23.2 7.5 2.5 2 1 3 1 1
5728.6 10281.7 -16.2 339 0 84.3 15.8 12.5 2.5 4 0 5 2 2
6306.0 10321.6 -17.4 271 0 6.9 15.0 5.0 0.0 0 1 2 1 1
6141.6 9999.5 -17.0 246 0 7.4 31.8 7.5 2.5 2 1 3 3 3
6200.4 10036.7 -17.1 231 0 7.0 19.8 5.0 2.5 2 1 2 2 2
6272.1 10287.2 -17.3 272 0 8.8 25.1 5.0 2.5 2 1 2 2 2
6218.8 7408.7 -16.8 266 0 32.2 60.6 10.0 0.0 0 1 4 0 0
6313.8 10245.1 -17.4 83 0 7.2 14.1 7.5 2.5 2 1 3 1 1
6155.4 9795.1 -17.0 64 0 8.9 26.3 7.5 2.5 2 1 3 2 2
5965.2 7582.3 -16.0 360 0 53.3 97.1 10.0 0.0 0 1 4 2 2
6265.9 9820.9 -17.4 244 0 5.6 12.0 2.5 2.5 2 1 1 3 3
6172.9 7405.2 -15.9 266 0 30.9 59.7 10.0 0.0 0 1 4 1 1
6477.7 10243.9 -18.1 240 0 14.5 47.2 10.0 2.5 2 1 4 4 4
6013.7 9894.7 -16.5 68 0 8.0 42.4 5.0 0.0 0 1 2 1 1
5965.8 7517.9 -15.2 359 0 52.9 97.4 10.0 0.0 0 1 4 5 5
5677.3 10351.7 -16.5 249 0 6.9 29.8 7.5 2.5 4 1 3 4 4
5518.2 10406.1 -17.2 340 0 53.5 12.7 10.0 2.5 2 0 4 2 2
5608.4 10393.8 -16.9 342 0 5.7 51.4 7.5 2.5 2 1 3 1 1
6225.9 10060.8 -17.2 227 0 6.8 22.3 7.5 0.0 0 1 3 1 1
6505.2 10156.4 -18.1 61 0 15.1 38.1 7.5 2.5 2 1 3 5 5
6020.7 9943.9 -16.5 248 0 7.0 21.0 2.5 2.5 2 1 1 5 5
5751.4 7515.3 -14.3 179 0 52.9 97.7 10.0 0.0 0 1 4 5 5
5200.4 10572.4 -18.6 248 0 7.3 17.8 5.0 2.5 2 1 2 1 1
6262.5 10010.7 -17.3 58 0 7.0 30.9 5.0 2.5 2 1 2 1 1
5778.6 10614.7 -18.9 344 0 37.2 17.5 5.0 2.5 2 0 2 1 1
5445.0 10407.7 -17.0 250 0 6.6 52.9 7.5 2.5 2 1 3 0 0
6417.8 10242.4 -17.8 241 0 8.1 16.3 2.5 2.5 2 1 1 0 0
6234.5 10350.1 -17.1 56 0 12.7 21.4 15.0 0.0 0 1 6 2 2
5662.1 10345.6 -16.4 248 0 7.3 30.0 5.0 0.0 0 1 2 4 4
6270.2 9904.3 -17.4 68 0 5.4 9.1 2.5 2.5 2 1 1 1 1
5492.5 10636.7 -19.1 340 0 23.4 12.7 7.5 2.5 2 0 3 3 3
6093.2 9840.6 -16.9 244 0 5.5 43.6 7.5 2.5 2 1 3 2 2
5799.3 7607.1 -14.6 269 0 97.0 53.3 10.0 0.0 0 0 4 2 2
5734.9 10550.5 -18.8 74 0 32.5 70.0 7.5 0.0 0 1 3 1 1
6441.4 10206.4 -17.9 62 0 10.2 17.9 7.5 2.5 2 1 3 1 1
6378.0 10141.9 -17.7 70 0 26.8 10.6 7.5 2.5 4 0 3 4 4
6202.3 10387.1 -17.0 329 0 16.9 7.6 7.5 2.5 2 0 3 5 5
6085.3 9456.1 -16.9 252 0 7.4 19.4 5.0 2.5 2 1 2 0 0
6112.6 7303.3 -16.0 177 0 60.0 41.1 10.0 0.0 0 0 4 5 5
6518.4 10105.4 -18.2 340 0 17.5 19.3 10.0 2.5 2 1 4 2 2
5454.2 10645.7 -19.3 161 0 47.3 10.4 10.0 2.5 2 0 4 2 2
6269.7 10114.0 -17.4 235 0 9.2 41.1 7.5 0.0 0 1 3 1 1
5564.5 10622.3 -18.9 255 0 9.7 26.5 7.5 2.5 2 1 3 2 2
5999.4 9714.1 -16.4 60 0 7.2 37.8 7.5 2.5 2 1 3 3 3
6343.9 9881.2 -17.6 337 0 17.4 6.3 7.5 2.5 2 0 3 4 4
5738.1 10388.4 -17.0 69 0 5.1 29.3 2.5 2.5 2 1 1 1 1
6040.1 10510.2 -17.9 149 0 22.1 8.6 5.0 2.5 2 0 2 4 4
5148.8 10663.8 -19.5 77 0 12.8 11.5 7.5 2.5 2 0 3 2 2
6212.8 10362.1 -17.0 59 0 7.7 15.3 5.0 2.5 2 1 2 0 0
6181.4 7277.3 -15.7 87 0 31.3 60.3 7.5 0.0 0 1 3 0 0
6074.9 9452.1 -16.9 251 0 5.7 19.0 5.0 0.0 0 1 2 3 3
6471.8 10173.3 -18.1 151 0 60.3 7.9 7.5 2.5 2 0 3 3 3
5451.4 10688.6 -19.5 162 0 10.8 9.9 7.5 2.5 2 0 3 1 1
6018.3 9725.4 -16.5 61 0 7.3 18.5 5.0 2.5 2 1 2 3 3
5694.9 10228.0 -15.6 153 0 36.2 22.8 10.0 0.0 0 0 4 2 2
6314.6 9912.7 -17.6 248 0 14.3 49.2 10.0 2.5 2 1 4 1 1
5715.1 10378.4 -16.9 69 0 6.6 30.2 2.5 2.5 4 1 1 0 0
6090.3 9406.3 -17.1 70 0 5.8 24.0 7.5 2.5 2 1 3 5 5
6136.1 9789.5 -16.9 63 0 18.5 5.6 7.5 2.5 2 0 3 4 4
6279.2 10239.2 -17.3 82 0 7.8 19.4 2.5 2.5 2 1 1 4 4
5978.1 9702.4 -16.4 60 0 8.0 34.8 7.5 2.5 2 1 3 2 2
6124.0 9969.5 -16.9 157 0 41.9 7.4 7.5 2.5 2 0 3 5 5
6279.3 10031.7 -17.3 54 0 6.8 23.7 7.5 2.5 2 1 3 5 5
6531.7 8512.1 -17.4 267 0 7.1 11.5 7.5 2.5 2 1 3 2 2
6094.0 10455.1 -17.4 61 0 15.3 6.6 5.0 2.5 2 0 2 3 3
5980.2 9314.2 -17.1 160 0 52.6 5.9 7.5 2.5 2 0 3 2 2
6163.7 10379.6 -16.9 150 0 43.0 6.7 5.0 2.5 2 0 2 4 4
6229.6 10499.1 -17.8 357 0 36.6 14.7 7.5 2.5 2 0 3 5 5
5447.2 10710.4 -18.7 252 0 9.1 5.7 7.5 2.5 2 0 3 1 1
5539.7 10435.4 -17.7 341 0 108.5 12.4 10.0 2.5 2 0 4 4 4
6278.1 10224.6 -17.4 239 0 7.5 24.2 2.5 2.5 2 1 1 5 5
6131.1 9995.7 -16.9 248 0 12.8 5.6 7.5 2.5 2 0 3 3 3
6335.6 9603.0 -17.7 65 0 5.7 35.2 7.5 2.5 2 1 3 2 2
6189.0 10526.9 -17.9 248 0 6.3 32.9 7.5 2.5 2 1 3 5 5
6247.0 10236.4 -17.2 151 0 20.3 7.8 7.5 2.5 2 0 3 0 0
6197.7 9408.5 -17.6 72 0 7.3 31.9 7.5 2.5 2 1 3 5 5
6401.4 9894.0 -17.8 68 0 6.1 25.6 7.5 2.5 2 1 3 3 3
5821.0 10517.1 -18.0 173 0 17.0 7.1 2.5 2.5 2 0 1 0 0
6307.6 9879.9 -17.5 247 0 4.3 19.5 5.0 2.5 2 1 2 1 1
6411.5 9961.4 -17.9 69 0 21.2 4.1 2.5 2.5 2 0 1 5 5
6190.8 9960.2 -17.1 65 0 6.7 27.4 7.5 2.5 2 1 3 4 4
5590.7 10273.8 -16.1 160 0 60.5 19.6 7.5 2.5 2 0 3 0 0
6236.5 10256.8 -17.2 149 0 18.6 6.7 5.0 2.5 2 0 2 2 2
6411.6 9897.8 -17.9 70 0 9.7 4.9 7.5 2.5 2 0 3 0 0
6389.6 9952.2 -17.8 69 0 9.3 5.7 5.0 2.5 2 0 2 3 3
6560.1 8807.3 -17.9 181 0 8.6 29.6 7.5 0.0 0 1 3 4 4
6507.6 8752.8 -17.4 3 0 73.9 4.7 7.5 2.5 2 0 3 1 1
6166.3 10011.1 -17.0 241 0 6.6 19.4 5.0 2.5 2 1 2 3 3
6195.1 10431.1 -17.3 59 0 11.5 28.6 7.5 2.5 2 1 3 2 2
5758.8 10189.7 -15.5 254 0 8.5 27.4 2.5 2.5 2 1 1 0 0
6028.5 9553.5 -16.6 68 0 7.0 4.8 2.5 2.5 4 0 1 2 2
5774.6 10027.5 -15.6 344 0 50.3 34.3 10.0 0.0 0 0 4 0 0
5688.6 10475.8 -17.6 249 0 10.5 15.0 5.0 2.5 2 1 2 4 4
6166.5 9490.1 -17.1 67 0 7.1 37.1 7.5 2.5 2 1 3 5 5
5667.2 10478.2 -17.6 248 0 8.8 55.0 7.5 2.5 2 1 3 1 1
5717.8 10650.9 -19.2 256 0 51.1 12.8 10.0 2.5 2 0 4 4 4
5576.7 10352.8 -16.6 161 0 21.4 10.6 7.5 2.5 2 0 3 4 4
5626.4 10315.3 -16.2 341 0 7.4 20.6 7.5 2.5 2 1 3 1 1
5609.3 10664.8 -19.3 255 0 12.1 6.7 7.5 2.5 2 0 3 2 2
6131.7 10522.2 -17.9 249 0 7.3 13.1 2.5 2.5 2 1 1 1 1
5625.4 10633.2 -19.1 345 0 36.1 13.1 10.0 2.5 2 0 4 0 0
5987.3 10492.8 -17.8 168 0 25.3 8.1 7.5 2.5 2 0 3 0 0
5817.9 9390.8 -16.2 148 0 34.1 6.1 7.5 2.5 2 0 3 4 4
5633.7 10572.2 -18.6 75 0 14.6 22.2 7.5 2.5 2 1 3 3 3
5734.8 10215.8 -15.4 71 0 7.4 12.6 5.0 2.5 2 1 2 5 5
5718.0 10369.4 -16.6 248 0 7.7 34.1 7.5 2.5 2 1 3 5 5
6208.5 10443.2 -17.4 71 0 8.9 26.8 5.0 2.5 2 1 2 0 0
5763.2 10228.7 -15.5 341 0 8.2 14.9 2.5 2.5 2 1 1 4 4
1424.8 6149.2 -6.7 270 0 11.9 23.1 12.5 2.5 2 1 5 3 3
1476.8 5552.7 -8.5 358 0 38.8 14.2 10.0 2.5 2 0 4 1 1
1454.9 5484.6 -8.6 270 0 23.2 7.4 5.0 2.5 2 0 2 3 3
1348.1 5682.0 -7.5 186 0 14.7 12.5 5.0 2.5 2 0 2 2 2
133.3 -271.9 -6.7 78 0 16.1 125.9 10.0 0.0 0 1 4 4 4
540.6 5562.3 -8.2 270 0 24.1 122.3 10.0 0.0 0 1 4 4 4
1217.4 6193.7 -5.8 90 0 13.0 57.0 5.0 2.5 2 1 2 4 4
1286.9 5864.0 -6.7 0 0 41.2 15.3 15.0 2.5 4 0 6 0 0
1322.3 6195.1 -5.6 90 0 8.7 86.9 7.5 2.5 4 1 3 5 5
1257.0 6332.4 -6.5 270 0 30.3 74.7 12.5 0.0 0 1 5 2 2
1297.1 6195.3 -5.6 90 0 13.0 56.4 7.5 2.5 2 1 3 3 3
1298.9 6349.9 -6.6 270 0 18.7 91.8 10.0 0.0 0 1 4 1 1
512.5 5425.3 -8.2 90 0 13.5 21.6 12.5 2.5 2 1 5 5 5
2166.9 7018.2 -11.3 3 0 72.4 17.7 7.5 2.5 4 0 3 3 3
1319.3 6347.4 -6.4 270 0 15.8 54.1 10.0 2.5 2 1 4 2 2
2158.8 7074.2 -11.5 94 0 14.3 53.6 7.5 2.5 2 1 3 3 3
1382.7 5636.9 -7.8 88 0 54.0 6.7 7.5 2.5 2 0 3 2 2
1276.1 6365.5 -6.6 270 0 102.6 15.4 12.5 2.5 2 0 5 0 0
112.7 15.0 -7.2 337 0 26.4 53.3 10.0 2.5 2 1 4 2 2
1465.9 6165.0 -7.0 271 0 12.7 38.9 12.5 2.5 2 1 5 2 2
1429.1 5530.4 -8.3 88 0 51.1 40.9 7.5 0.0 0 0 3 2 2
1444.8 5426.0 -8.6 90 0 33.6 24.6 10.0 0.0 0 0 4 2 2
2105.6 6972.2 -12.1 93 0 98.9 11.4 10.0 2.5 2 0 4 3 3
1414.7 3846.4 -3.9 82 0 9.4 34.7 7.5 2.5 2 1 3 4 4
1215.9 6364.2 -6.6 270 0 15.5 107.8 10.0 0.0 0 1 4 0 0
469.7 5256.2 -9.3 180 0 33.4 8.4 7.5 2.5 2 0 3 1 1
596.6 5562.3 -8.2 270 0 48.1 122.4 5.0 0.0 0 1 2 5 5
2644.0 6392.8 -5.2 179 0 109.2 11.1 7.5 0.0 0 0 3 3 3
129.2 259.5 -5.5 339 0 39.7 30.5 10.0 0.0 0 0 4 5 5
1350.2 5660.9 -7.4 182 0 20.4 5.5 5.0 2.5 4 0 2 3 3
1445.3 6157.5 -6.8 271 0 12.1 31.9 10.0 2.5 2 1 4 3 3
1392.6 6121.7 -6.5 91 0 16.2 16.3 2.5 2.5 2 1 1 2 2
-207.8 6617.3 -4.8 273 0 16.2 89.8 10.0 2.5 2 1 4 1 1
2830.8 6446.1 -7.1 271 0 98.1 36.5 12.5 0.0 0 0 5 5 5
1050.8 5674.3 -8.5 270 0 23.9 247.4 10.0 0.0 0 1 4 3 3
1040.0 6372.4 -6.0 90 0 16.2 87.2 7.5 2.5 2 1 3 5 5
2231.9 6838.1 -9.8 2 0 64.2 20.9 10.0 0.0 0 0 4 3 3
-167.2 6578.6 -4.2 272 0 60.4 43.8 5.0 0.0 0 0 2 1 1
976.1 5674.2 -8.5 270 0 47.6 246.6 10.0 0.0 0 1 4 4 4
771.1 5949.6 -5.6 90 0 30.8 120.9 12.5 0.0 0 1 5 4 4
2188.4 6808.0 -10.2 93 0 21.3 64.2 10.0 2.5 2 1 4 0 0
428.7 6379.0 -4.0 91 0 6.6 51.2 7.5 2.5 2 1 3 1 1
785.0 6352.3 -5.8 270 0 42.5 136.2 10.0 0.0 0 1 4 1 1
1271.9 5676.7 -7.6 270 0 24.2 121.7 7.5 0.0 0 1 3 2 2
780.9 6373.4 -5.7 90 0 48.6 120.6 10.0 0.0 0 1 4 3 3
2830.8 6341.2 -5.9 90 0 97.6 36.8 12.5 0.0 0 0 5 4 4
902.7 5428.6 -8.3 90 0 14.2 29.8 10.0 2.5 2 1 4 2 2
535.8 6415.2 -3.7 90 0 30.2 68.9 10.0 0.0 0 1 4 0 0
1189.9 5555.1 -8.2 90 0 48.4 121.3 10.0 0.0 0 1 4 4 4
882.3 6368.1 -6.5 90 0 48.6 138.3 12.5 0.0 0 1 5 3 3
870.2 6009.3 -6.1 0 0 120.1 30.8 10.0 0.0 0 0 4 0 0
1271.8 5540.3 -8.3 270 0 24.2 121.6 7.5 0.0 0 1 3 0 0
-946.1 2160.6 -3.5 270 0 33.5 64.0 10.0 0.0 0 1 4 3 3
715.3 5712.1 -6.6 90 0 36.1 96.9 7.5 0.0 0 1 3 5 5
869.4 5428.9 -8.3 90 0 14.8 29.3 10.0 2.5 4 1 4 2 2
486.7 5841.9 -6.0 180 0 57.8 35.6 7.5 0.0 0 0 3 3 3
1189.7 5541.0 -8.5 270 0 48.9 122.0 7.5 0.0 0 1 3 1 1
330.6 6524.6 -4.1 273 0 16.4 156.2 12.5 0.0 0 1 5 4 4
363.0 5956.7 -5.3 270 0 74.1 31.4 7.5 0.0 0 0 3 3 3
383.7 6518.0 -3.9 272 0 50.7 70.2 10.0 0.0 0 1 4 5 5
703.8 5897.6 -6.0 270 0 13.4 52.5 10.0 2.5 2 1 4 4 4
477.4 6312.1 -4.1 180 0 96.9 15.9 12.5 2.5 2 0 5 1 1
1116.4 5418.7 -8.4 90 0 48.6 122.3 10.0 0.0 0 1 4 1 1
1116.9 5555.6 -7.4 90 0 48.2 121.2 7.5 0.0 0 1 3 1 1
467.0 2880.4 -9.7 2 0 10.7 15.1 7.5 2.5 4 1 3 3 3
