-6421.7 -9860.9 -4.2 356 0 31.1 273.4 14.0 0.0 0 1 4 0 0
3235.2 -8588.5 -3.0 92 0 19.7 161.0 17.5 0.0 0 1 5 4 4
3155.9 -4694.0 -2.3 83 0 19.9 148.6 17.5 0.0 0 1 5 0 0
3262.9 -2797.1 -2.3 93 0 19.7 161.0 14.0 0.0 0 1 4 0 0
3626.3 -1114.2 -4.3 76 0 19.8 161.0 7.5 0.0 0 1 3 2 2
3857.9 560.3 -2.8 242 0 160.6 19.8 14.0 0.0 0 0 4 1 1
5011.1 1350.0 -4.7 201 0 149.9 21.4 7.5 0.0 0 0 3 3 3
5394.6 2344.3 -5.7 291 0 21.4 149.9 14.0 0.0 0 1 4 2 2
6093.8 3230.5 -8.4 227 0 149.7 21.4 12.5 0.0 0 0 5 4 4
4627.9 -3477.2 -1.4 96 0 20.0 103.5 10.0 0.0 0 1 4 5 5
4634.1 -3319.7 -1.4 186 0 95.5 23.6 10.0 0.0 0 0 4 4 4
1742.6 -9760.8 -0.9 174 0 129.4 24.7 17.5 0.0 0 0 5 5 5
2442.7 -9842.0 2.0 85 0 11.5 23.3 17.5 3.5 2 1 5 5 5
-384.9 -8106.7 -2.3 270 0 35.8 31.2 17.5 0.0 0 0 5 0 0
2862.6 -6082.8 -0.7 85 0 11.0 62.4 17.5 3.5 2 1 5 0 0
2953.7 -6075.4 -1.0 86 0 11.9 63.0 17.5 3.5 2 1 5 2 2
2977.5 -6344.3 4.5 264 0 20.6 101.8 17.5 0.0 0 1 5 4 4
3059.8 -6316.3 4.7 176 0 65.5 15.7 17.5 3.5 2 0 5 4 4
2916.8 -6077.7 -0.9 85 0 10.9 62.1 17.5 3.5 2 1 5 3 3
3024.5 -6263.1 3.6 264 0 58.5 20.9 17.5 3.5 4 0 5 2 2
2886.1 -6151.3 -0.9 174 0 16.2 20.3 17.5 3.5 2 1 5 3 3
4853.2 392.9 -7.9 90 0 14.6 160.0 10.5 0.0 0 1 3 5 5
4763.0 374.6 -7.6 271 0 13.9 176.2 10.5 0.0 0 1 3 2 2
5035.3 364.4 -7.9 270 0 12.6 56.1 10.5 3.5 2 1 3 1 1
5042.9 517.2 -7.0 358 0 53.6 15.4 10.5 3.5 2 0 3 4 4
5095.8 518.9 -6.6 359 0 54.5 12.1 10.5 3.5 2 0 3 0 0
4665.0 373.0 -5.9 267 0 10.2 178.4 10.5 0.0 0 1 3 4 4
4789.1 622.0 -5.6 269 0 11.7 35.2 10.5 3.5 2 1 3 1 1
4673.9 618.1 -5.2 269 0 44.7 19.2 10.5 0.0 0 0 3 2 2
4915.7 623.6 -6.9 270 0 12.1 122.0 10.5 3.5 4 1 3 1 1
5048.3 247.0 -8.0 0 0 98.0 15.9 10.5 3.5 2 0 3 4 4
4668.1 393.9 -6.0 88 0 9.6 186.2 10.5 0.0 0 1 3 3 3
4980.4 195.3 -8.6 89 0 12.1 100.9 10.5 3.5 2 1 3 2 2
4978.2 363.4 -8.6 269 0 12.4 55.9 10.5 3.5 2 1 3 3 3
4976.7 480.9 -7.1 89 0 12.1 56.2 10.5 3.5 2 1 3 1 1
5086.2 633.1 -6.2 268 0 12.6 74.5 10.5 0.0 0 1 3 0 0
4922.5 204.3 -9.3 89 0 13.0 74.3 10.5 3.5 4 1 3 2 2
4920.8 386.8 -8.3 90 0 12.8 99.4 10.5 3.5 2 1 3 5 5
5101.3 326.0 -7.3 359 0 55.0 12.8 10.5 3.5 4 0 3 4 4
4920.7 367.3 -9.3 269 0 12.8 74.5 10.5 3.5 2 1 3 3 3
4861.8 375.9 -8.2 274 0 12.6 176.4 10.5 0.0 0 1 3 1 1
4732.2 619.3 -5.5 269 0 12.9 35.1 10.5 3.5 2 1 3 2 2
4977.3 389.5 -8.2 90 0 14.0 75.6 10.5 3.5 2 1 3 0 0
5104.2 241.7 -7.3 0 0 89.0 13.6 10.5 3.5 2 0 3 2 2
5565.0 1898.8 -6.9 0 0 96.1 28.3 21.0 0.0 0 0 6 0 0
5438.5 1813.8 -6.4 113 0 29.9 98.2 59.5 0.0 0 1 17 1 1
5637.1 1757.5 -7.5 271 0 19.7 118.5 35.0 0.0 0 1 10 3 3
5633.0 1774.5 -7.8 90 0 29.5 122.3 35.0 0.0 0 1 10 2 2
5664.5 1637.9 -7.3 90 0 18.7 93.5 35.0 0.0 0 1 10 5 5
5698.9 1635.6 -7.2 90 0 17.6 72.4 35.0 3.5 2 1 10 2 2
5731.1 1635.1 -7.3 90 0 18.5 72.0 35.0 3.5 2 1 10 3 3
5771.2 1633.8 -7.3 93 0 18.3 55.2 35.0 3.5 2 1 10 2 2
5806.4 1634.7 -6.5 90 0 17.4 45.4 35.0 0.0 0 1 10 2 2
5806.8 1688.3 -7.5 90 0 18.1 47.7 31.5 3.5 2 1 9 4 4
5840.4 1634.7 -6.7 90 0 20.3 75.0 31.5 3.5 2 1 9 2 2
5722.3 1754.4 -7.7 181 0 47.7 19.7 31.5 3.5 4 0 9 4 4
5690.4 1771.3 -8.1 180 0 49.5 16.7 31.5 3.5 4 0 9 2 2
5660.0 1776.4 -8.3 90 0 18.3 30.5 31.5 3.5 2 1 9 3 3
3710.2 -10151.3 -4.9 360 0 30.0 44.4 17.5 0.0 0 1 5 1 1
-6623.1 -9431.4 -4.1 44 0 58.5 30.6 7.0 0.0 0 0 2 2 2
-6774.5 -9440.2 -3.1 225 0 15.2 54.5 10.5 3.5 4 1 3 5 5
5567.5 2621.5 -6.4 0 0 43.1 25.1 12.5 0.0 0 0 5 3 3
5558.4 2455.5 -6.4 74 0 30.4 36.0 10.0 0.0 0 1 4 1 1
5576.8 2367.3 -6.1 359 0 93.0 128.2 10.5 0.0 0 1 3 4 4
5517.6 2444.9 -6.0 266 0 97.1 28.3 10.5 0.0 0 0 3 5 5
5506.8 2464.2 -6.6 90 0 37.5 81.6 12.5 0.0 0 1 5 5 5
5463.3 1980.7 -6.2 291 0 22.0 107.1 14.0 0.0 0 1 4 3 3
5421.7 1836.4 -6.2 18 0 25.2 63.3 14.0 3.5 2 1 4 0 0
5291.8 1856.5 -5.5 109 0 61.9 13.6 14.0 3.5 2 0 4 1 1
5608.2 2332.5 -6.6 178 0 25.9 16.9 12.5 2.5 2 0 5 1 1
5361.5 1322.2 -7.2 265 0 28.0 88.5 14.0 0.0 0 1 4 0 0
5307.2 1256.6 -7.3 181 0 127.5 25.1 14.0 0.0 0 0 4 1 1
5368.2 1133.1 -7.5 85 0 27.2 92.6 14.0 0.0 0 1 4 1 1
5414.6 1322.7 -7.2 267 0 28.9 87.5 14.0 0.0 0 1 4 0 0
5415.6 1133.5 -7.5 89 0 27.3 90.5 14.0 0.0 0 1 4 3 3
5457.4 1321.3 -7.2 267 0 26.3 76.2 14.0 0.0 0 1 4 2 2
5460.3 1131.9 -7.6 90 0 27.0 72.0 14.0 0.0 0 1 4 1 1
5506.4 1321.9 -7.3 270 0 27.4 88.3 14.0 0.0 0 1 4 5 5
5507.8 1135.1 -7.7 89 0 25.2 88.1 14.0 0.0 0 1 4 3 3
5567.3 1278.9 -7.3 358 0 85.0 28.7 14.0 0.0 0 0 4 3 3
5560.2 1178.1 -7.9 359 0 90.1 22.9 14.0 0.0 0 0 4 0 0
5210.6 1352.6 -6.3 89 0 23.1 57.3 14.0 3.5 2 1 4 3 3
5265.4 1353.1 -6.7 89 0 21.0 63.3 14.0 0.0 0 1 4 0 0
5266.6 1477.4 -6.5 269 0 23.6 49.8 14.0 3.5 2 1 4 3 3
5378.5 1483.8 -6.9 269 0 16.0 39.2 10.5 3.5 2 1 3 2 2
5408.8 1483.3 -6.9 270 0 19.0 37.4 10.5 0.0 0 1 3 5 5
5458.0 1341.9 -6.9 90 0 24.7 64.2 10.5 3.5 2 1 3 4 4
5458.6 1480.7 -7.0 268 0 26.3 64.6 10.5 0.0 0 1 3 3 3
5505.9 1341.6 -6.9 90 0 24.9 64.9 10.5 0.0 0 1 3 3 3
5504.0 1480.9 -6.4 264 0 26.4 64.8 10.5 0.0 0 1 3 3 3
5552.9 1481.5 -6.6 273 0 28.5 66.3 10.5 0.0 0 1 3 0 0
5549.8 1341.4 -7.0 92 0 24.1 65.8 10.5 3.5 2 1 3 5 5
5216.6 1499.2 -6.2 91 0 69.7 19.5 14.0 3.5 2 0 4 1 1
5187.7 1631.6 -5.6 270 0 22.9 60.1 14.0 3.5 2 1 4 0 0
5267.4 1588.1 -6.0 359 0 32.6 19.2 14.0 0.0 0 0 4 2 2
5341.3 1496.8 -6.6 90 0 17.6 30.7 10.5 3.5 2 1 3 0 0
5340.0 1594.5 -6.5 269 0 19.9 58.9 10.5 3.5 2 1 3 1 1
5378.9 1495.5 -6.7 88 0 20.6 56.6 10.5 3.5 2 1 3 2 2
5377.4 1617.0 -6.5 268 0 18.5 53.0 10.5 3.5 2 1 3 1 1
5416.2 1496.4 -6.8 90 0 20.1 56.4 10.5 3.5 2 1 3 1 1
5412.8 1626.4 -6.6 265 0 20.2 61.2 10.5 3.5 2 1 3 5 5
5460.9 1495.9 -7.0 88 0 20.8 65.9 10.5 3.5 2 1 3 4 4
5451.3 1630.0 -6.7 270 0 18.1 55.0 10.5 3.5 2 1 3 2 2
5506.0 1495.5 -6.9 89 0 20.6 65.8 10.5 3.5 2 1 3 4 4
5487.6 1625.9 -6.9 270 0 17.1 54.3 10.5 3.5 2 1 3 5 5
5523.8 1621.3 -7.0 271 0 19.9 50.9 10.5 3.5 2 1 3 4 4
5561.1 1621.5 -7.1 269 0 19.9 50.2 10.5 3.5 2 1 3 1 1
5543.4 1497.3 -7.1 89 0 17.6 64.2 10.5 3.5 2 1 3 4 4
5570.2 1530.7 -7.2 2 0 63.5 11.4 10.5 3.5 4 0 3 0 0
5543.1 1641.6 -6.9 90 0 19.7 77.9 14.0 3.5 2 1 4 4 4
5546.6 1804.4 -7.2 267 0 25.6 74.9 14.0 0.0 0 1 4 4 4
5497.9 1645.7 -7.0 85 0 21.6 74.6 14.0 0.0 0 1 4 1 1
5510.7 1808.7 -7.2 265 0 26.1 76.1 14.0 0.0 0 1 4 3 3
5459.6 1648.0 -7.1 93 0 19.5 74.7 14.0 3.5 2 1 4 0 0
2212.1 532.5 -3.4 333 0 17.3 22.0 10.5 3.5 2 1 3 1 1
3261.1 -1932.5 -1.0 275 0 22.1 26.4 17.5 3.5 2 1 5 3 3
3115.9 -2700.5 -3.2 193 0 22.3 11.0 17.5 3.5 2 0 5 5 5
3318.8 -2614.8 -1.2 181 0 13.3 7.7 10.5 3.5 4 0 3 0 0
5096.4 5375.2 -12.8 358 0 29.7 33.2 7.5 0.0 0 1 3 2 2
5547.1 6436.6 -10.7 133 0 34.0 36.6 14.0 0.0 0 1 4 0 0
-1266.7 -7202.4 -11.4 267 0 23.1 29.0 17.5 0.0 0 1 5 2 2
2723.3 -6441.5 2.0 85 0 30.3 87.9 14.0 0.0 0 1 4 5 5
-1209.3 2242.1 -6.2 20 0 25.5 24.5 10.5 0.0 0 0 3 5 5
2549.0 -6251.4 -0.6 177 0 64.3 60.7 14.0 0.0 0 0 4 0 0
6063.7 -6775.8 -2.8 182 0 53.7 13.7 7.5 2.5 2 0 3 3 3
6100.2 -6760.9 -2.4 272 0 15.3 101.2 7.5 2.5 2 1 3 2 2
2976.5 -9517.7 -1.6 90 0 97.9 14.7 14.0 0.0 0 0 4 4 4
2812.5 -5696.2 -2.6 267 0 62.2 12.8 17.5 3.5 2 0 5 0 0
2828.9 -5857.6 -2.3 85 0 63.5 14.7 17.5 3.5 2 0 5 2 2
3059.0 -5540.9 0.4 86 0 34.5 66.3 17.5 0.0 0 1 5 1 1
2992.2 -5547.1 1.3 87 0 55.9 60.6 17.5 0.0 0 1 5 0 0
3026.6 -5420.1 1.9 176 0 69.1 67.5 17.5 0.0 0 0 5 0 0
3144.8 -5411.0 0.8 356 0 71.4 35.4 17.5 0.0 0 0 5 3 3
3100.8 -5535.6 -0.2 85 0 32.4 63.7 17.5 0.0 0 1 5 5 5
3153.1 -5502.2 -0.9 357 0 60.0 24.3 17.5 3.5 4 0 5 5 5
3144.3 -5593.1 -2.4 357 0 43.9 19.7 17.5 3.5 2 0 5 3 3
3024.1 -5615.2 -1.1 175 0 64.1 14.7 17.5 3.5 2 0 5 3 3
2986.7 -5618.2 -1.1 173 0 61.9 14.0 17.5 3.5 2 0 5 5 5
2827.2 -5502.6 0.2 265 0 32.4 57.0 17.5 0.0 0 1 5 2 2
2690.4 -5520.7 -0.9 266 0 53.9 49.0 17.5 0.0 0 0 5 4 4
2625.4 -5551.2 -1.2 176 0 46.5 29.3 17.5 0.0 0 0 5 5 5
2842.1 -5368.8 4.3 87 0 12.8 60.4 17.5 3.5 2 1 5 0 0
2809.1 -5370.6 3.7 85 0 14.7 59.8 17.5 3.5 4 1 5 2 2
2763.0 -5343.0 3.1 176 0 59.6 14.6 17.5 0.0 0 0 5 0 0
2755.7 -5261.9 2.7 175 0 63.4 14.7 17.5 3.5 2 0 5 5 5
-4981.8 -10502.4 -4.7 272 0 68.5 119.6 17.5 0.0 0 1 5 4 4
-4889.2 -10513.0 -4.6 269 0 51.8 83.5 17.5 0.0 0 1 5 3 3
-4708.8 -10614.2 -5.0 91 0 50.3 80.5 14.0 0.0 0 1 4 2 2
-5618.0 -9945.6 -3.6 156 0 28.9 243.8 10.0 0.0 0 1 4 5 5
-5681.0 -9996.6 -2.1 351 0 5.9 35.8 7.5 2.5 2 1 3 5 5
-6529.1 -9960.2 -4.7 86 0 301.4 23.8 17.5 0.0 0 0 5 4 4
-6735.0 -9819.0 -4.6 177 0 174.1 20.0 17.5 0.0 0 0 5 1 1
72.0 -9122.1 -3.1 87 0 18.1 73.3 12.5 2.5 2 1 5 1 1
-55.6 -9120.4 -2.1 87 0 16.4 65.4 14.0 3.5 2 1 4 0 0
-234.2 -8855.1 -3.1 90 0 28.2 30.5 10.0 0.0 0 1 4 5 5
14.8 -8912.8 -4.4 268 0 16.1 95.4 12.5 0.0 0 1 5 2 2
277.6 -9597.8 -1.3 270 0 35.1 30.1 10.0 0.0 0 0 4 2 2
-1199.2 -9809.1 -0.9 270 0 17.9 59.3 10.0 2.5 2 1 4 0 0
-807.0 -9402.6 -0.7 266 0 31.1 46.8 14.0 0.0 0 1 4 5 5
404.8 -9827.9 -1.0 0 0 75.0 73.3 17.5 0.0 0 0 5 0 0
-678.3 -9801.1 -1.0 359 0 71.0 17.4 7.5 2.5 2 0 3 4 4
-628.0 -9087.8 -0.7 181 0 74.9 15.6 7.5 2.5 2 0 3 4 4
-1194.8 -9944.7 -0.5 89 0 18.8 58.9 7.5 2.5 2 1 3 3 3
-264.0 -8693.1 -2.5 1 0 18.4 11.7 5.0 2.5 2 0 2 0 0
315.6 -9100.6 -2.2 268 0 18.5 66.3 17.5 2.5 2 1 7 3 3
-682.6 -8768.5 -1.7 90 0 52.7 87.6 14.0 0.0 0 1 4 2 2
-220.4 -9413.5 -1.6 81 0 7.4 64.3 7.5 2.5 2 1 3 1 1
117.3 -9122.2 -3.7 89 0 17.7 89.5 12.5 2.5 2 1 5 1 1
-762.4 -9399.6 -0.7 266 0 31.0 46.8 14.0 0.0 0 1 4 3 3
60.2 -8914.0 -4.4 268 0 18.3 70.7 12.5 2.5 2 1 5 0 0
324.9 -9298.6 0.1 87 0 15.2 116.5 7.5 0.0 0 1 3 0 0
-193.3 -8984.9 -2.7 270 0 87.3 36.4 14.0 0.0 0 0 4 1 1
112.1 -8917.7 -4.6 269 0 18.0 89.3 10.0 0.0 0 1 4 1 1
-572.4 -9035.2 -1.2 272 0 16.0 100.7 10.0 0.0 0 1 4 3 3
-946.9 -8414.7 -2.4 277 0 43.5 33.7 14.0 0.0 0 0 4 3 3
49.2 -9553.9 0.4 267 0 13.4 60.5 7.5 2.5 2 1 3 2 2
106.7 -9510.0 0.4 358 0 67.3 12.8 7.5 2.5 4 0 3 5 5
-717.3 -9396.0 -0.5 266 0 31.0 46.8 14.0 0.0 0 1 4 5 5
-934.2 -9370.7 -1.2 176 0 46.4 28.0 17.5 0.0 0 0 5 1 1
96.8 -9614.1 0.3 91 0 19.8 62.8 10.0 2.5 2 1 4 0 0
-117.3 -9115.7 -2.1 91 0 30.2 80.1 14.0 0.0 0 1 4 2 2
253.9 -9150.2 -2.2 89 0 16.1 50.0 12.5 2.5 2 1 5 3 3
-2812.2 7300.5 -12.2 9 0 28.0 12.9 14.0 3.5 2 0 4 3 3
-589.7 4545.5 -8.5 270 0 13.6 103.6 10.5 3.5 2 1 3 5 5
-656.0 4544.3 -8.1 271 0 13.2 103.6 10.5 3.5 2 1 3 2 2
947.8 2586.3 -10.3 326 0 29.6 86.2 7.5 0.0 0 1 3 5 5
-905.2 1870.3 -4.4 163 0 62.9 17.0 7.5 2.5 2 0 3 4 4
-449.2 1989.3 -5.8 162 0 58.8 15.7 7.5 2.5 2 0 3 1 1
-2812.9 7262.2 -11.8 354 0 27.7 13.0 14.0 3.5 2 0 4 2 2
-2.6 2704.0 -9.4 270 0 12.1 102.2 7.5 2.5 2 1 3 5 5
-2621.4 7597.7 -13.7 243 0 17.9 83.9 14.0 3.5 2 1 4 0 0
-2771.9 7351.2 -12.3 185 0 13.3 54.8 14.0 3.5 2 1 4 2 2
-894.1 5034.7 -8.3 87 0 17.9 100.2 14.0 0.0 0 1 4 4 4
697.5 3317.8 -9.2 80 0 16.6 92.3 7.5 2.5 2 1 3 1 1
-912.1 2071.8 -5.3 253 0 14.9 75.1 10.0 2.5 2 1 4 3 3
132.5 2705.4 -10.6 271 0 17.6 47.8 7.5 2.5 2 1 3 3 3
-316.8 1877.2 -5.9 341 0 54.4 36.4 7.5 0.0 0 0 3 3 3
-2940.0 7219.1 -12.0 178 0 26.1 13.1 14.0 3.5 4 0 4 3 3
-2878.7 7201.8 -11.7 81 0 12.8 28.0 14.0 3.5 2 1 4 2 2
-2809.9 7342.4 -12.6 359 0 27.6 13.2 14.0 3.5 2 0 4 4 4
-657.7 4320.6 -4.4 90 0 13.6 101.1 10.5 3.5 2 1 3 4 4
1153.1 3781.1 -8.2 1 0 37.5 12.0 10.0 2.5 2 0 4 3 3
245.2 5803.2 -6.2 182 0 65.7 13.8 7.5 2.5 2 0 3 0 0
-2772.6 7321.5 -12.0 180 0 12.1 27.2 14.0 3.5 2 1 4 3 3
-882.6 1952.2 -4.8 164 0 72.2 13.4 12.5 2.5 2 0 5 2 2
-2767.7 7397.3 -12.9 185 0 54.7 90.6 14.0 0.0 0 1 4 4 4
-2882.6 7241.8 -12.1 99 0 13.0 27.8 14.0 3.5 2 1 4 1 1
-724.9 4318.5 -4.5 90 0 13.4 102.4 10.5 3.5 2 1 3 3 3
-1736.0 6799.9 -9.8 103 0 23.4 40.6 10.0 0.0 0 1 4 5 5
-241.0 3052.2 -10.1 77 0 14.1 67.0 7.5 2.5 2 1 3 3 3
-2646.4 7969.6 -16.6 236 0 23.1 98.7 14.0 0.0 0 1 4 0 0
-794.3 4486.2 -5.1 180 0 88.8 11.7 10.5 0.0 0 0 3 0 0
1153.0 3841.3 -8.6 360 0 56.0 11.9 10.0 2.5 2 0 4 4 4
-724.6 4544.2 -6.4 271 0 13.1 101.1 10.5 0.0 0 1 3 2 2
-793.1 4378.5 -5.5 180 0 92.1 10.7 10.5 3.5 2 0 3 3 3
741.4 3355.4 -9.1 350 0 65.5 12.7 7.5 2.5 2 0 3 5 5
-2929.3 7338.5 -13.1 186 0 26.3 13.7 14.0 3.5 4 0 4 1 1
-2873.4 7344.5 -12.8 260 0 14.7 27.9 14.0 3.5 2 1 4 5 5
-2525.2 8024.9 -16.7 146 0 49.0 45.0 10.5 0.0 0 0 3 5 5
97.2 2705.1 -10.5 271 0 14.4 46.0 7.5 2.5 2 1 3 5 5
-2938.4 7260.2 -12.4 186 0 26.6 13.9 14.0 3.5 2 0 4 1 1
-2869.1 7293.0 -12.4 355 0 27.6 13.5 14.0 0.0 0 0 4 3 3
-1695.0 6977.6 -9.7 283 0 23.9 129.2 12.5 0.0 0 1 5 4 4
-2813.1 7220.4 -11.4 6 0 26.2 13.2 14.0 3.5 2 0 4 5 5
-2932.1 7299.8 -12.7 187 0 25.9 14.7 14.0 3.5 2 0 4 5 5
426.0 5729.3 -6.2 270 0 14.9 120.6 7.5 0.0 0 1 3 4 4
-1276.2 6601.5 -11.9 180 0 73.0 15.6 14.0 3.5 2 0 4 0 0
-2041.6 6606.9 -4.5 103 0 39.1 50.2 14.0 0.0 0 1 4 2 2
-1191.0 6608.3 -11.4 181 0 57.6 14.3 14.0 3.5 2 0 4 3 3
390.4 5397.8 -5.5 263 0 13.4 79.9 10.0 2.5 4 1 4 3 3
126.0 5173.9 -4.4 180 0 5.4 12.9 2.5 2.5 2 1 1 0 0
-195.1 2188.1 -7.1 83 0 25.3 24.6 10.0 0.0 0 0 4 3 3
126.8 5178.0 -4.1 178 0 4.6 10.9 5.0 2.5 2 1 2 2 2
-1223.6 6579.8 -11.0 271 0 32.3 22.7 14.0 0.0 0 0 4 1 1
338.7 6242.8 -9.3 243 0 14.3 44.9 14.0 3.5 2 1 4 1 1
341.1 2617.3 -6.0 271 0 12.5 61.2 7.5 2.5 2 1 3 5 5
163.2 5211.2 -2.9 359 0 13.1 32.8 10.0 2.5 2 1 4 2 2
309.9 6116.9 -8.9 332 0 25.2 32.5 10.5 0.0 0 1 3 1 1
155.0 2650.7 -9.6 271 0 14.4 36.6 5.0 2.5 2 1 2 4 4
347.0 5731.1 -5.2 270 0 14.4 122.0 12.5 0.0 0 1 5 3 3
86.0 5311.2 -1.3 271 0 125.7 44.3 7.5 0.0 0 0 3 2 2
466.5 5725.3 -6.8 270 0 12.3 113.6 10.0 2.5 2 1 4 4 4
118.0 5196.3 -4.0 181 0 34.0 21.0 10.0 0.0 0 0 4 0 0
-815.1 5534.0 -8.7 267 0 9.2 62.8 10.5 3.5 2 1 3 4 4
390.1 5730.5 -5.5 270 0 13.3 121.1 10.0 0.0 0 1 4 0 0
3101.2 5643.3 -8.9 270 0 16.5 84.9 14.0 3.5 2 1 4 0 0
3186.8 5665.4 -10.0 270 0 17.3 106.7 14.0 0.0 0 1 4 4 4
2676.3 4546.2 -6.7 57 0 12.9 58.8 14.0 3.5 2 1 4 0 0
3143.8 5655.3 -9.5 270 0 16.9 96.5 14.0 0.0 0 1 4 4 4
2583.8 4673.1 -7.9 237 0 13.4 72.8 14.0 3.5 2 1 4 3 3
3128.8 5493.7 -9.2 91 0 13.3 49.5 14.0 3.5 4 1 4 3 3
3506.6 -4501.3 -2.7 270 0 9.3 61.7 10.5 3.5 2 1 3 0 0
2952.8 -7142.4 2.2 90 0 15.6 113.6 14.0 0.0 0 1 4 3 3
2912.5 -4132.8 -1.7 180 0 48.8 12.1 14.0 0.0 0 0 4 5 5
2948.4 -8946.3 2.8 262 0 28.1 68.3 14.0 0.0 0 1 4 5 5
2943.9 -4133.1 -1.8 181 0 48.6 11.9 14.0 3.5 2 0 4 4 4
3336.0 -6543.6 -3.4 270 0 16.9 59.9 14.0 3.5 2 1 4 2 2
2908.7 -7143.3 1.9 90 0 14.7 115.3 14.0 0.0 0 1 4 2 2
3513.2 -4424.4 -3.4 270 0 11.2 62.1 17.5 3.5 2 1 5 2 2
2892.8 -4132.0 -1.6 360 0 47.1 11.9 14.0 0.0 0 0 4 4 4
3152.4 -1871.1 0.1 114 0 14.2 53.2 17.5 3.5 2 1 5 0 0
2810.0 -4178.8 -0.8 270 0 44.3 15.6 14.0 3.5 2 0 4 4 4
3337.6 -6612.8 -2.7 270 0 18.4 37.7 17.5 3.5 4 1 5 0 0
5980.5 -8134.5 2.1 89 0 21.3 165.5 17.5 0.0 0 1 5 0 0
3927.2 8749.8 -19.2 360 0 288.1 21.2 14.0 0.0 0 0 4 5 5
3936.7 7199.8 -10.2 87 0 20.9 342.7 14.0 0.0 0 1 4 5 5
2090.6 -8539.1 -1.3 270 0 15.6 90.0 17.5 3.5 2 1 5 3 3
2003.6 -8542.7 2.0 268 0 17.2 88.0 17.5 3.5 2 1 5 1 1
1925.8 -8529.7 4.2 270 0 16.9 88.0 17.5 3.5 2 1 5 1 1
2001.4 -8462.2 0.8 270 0 15.1 58.9 17.5 3.5 2 1 5 3 3
2048.6 -8454.8 -2.2 90 0 15.7 60.3 17.5 3.5 2 1 5 0 0
2117.4 -8526.0 -2.8 93 0 13.6 61.6 17.5 3.5 2 1 5 0 0
2164.3 -8632.2 -4.1 90 0 16.6 66.2 14.0 3.5 2 1 4 3 3
2157.4 -8505.9 -4.0 266 0 18.1 57.3 14.0 3.5 2 1 4 5 5
-5567.6 -10104.5 0.6 156 0 84.1 86.6 17.5 0.0 0 0 5 2 2
-5443.3 -9985.0 -2.3 335 0 49.7 67.2 17.5 0.0 0 1 5 2 2
-5589.3 -10056.2 0.4 336 0 34.0 61.3 17.5 0.0 0 0 5 4 4
2221.0 5560.4 -11.2 91 0 13.0 73.4 10.0 2.5 4 1 4 5 5
2260.9 5573.1 -9.9 91 0 13.0 73.4 12.5 2.5 2 1 5 3 3
-6008.7 -7052.0 -3.2 297 0 13.2 18.1 5.0 2.5 2 1 2 5 5
-6941.8 -7608.1 -5.9 129 0 32.0 18.1 14.0 3.5 2 0 4 3 3
-5445.4 -7939.0 -3.0 245 0 17.3 97.9 14.0 0.0 0 1 4 4 4
-5427.4 -8038.6 -2.5 64 0 21.8 67.3 14.0 3.5 2 0 4 2 2
-5469.4 -7945.6 -2.7 244 0 27.0 34.8 14.0 0.0 0 0 4 2 2
-5361.4 -7970.6 -3.8 340 0 89.3 18.8 14.0 0.0 0 0 4 1 1
-5385.8 -8978.6 -1.7 80 0 17.1 20.3 14.0 3.5 2 1 4 1 1
-5424.7 -8770.0 0.6 169 0 16.4 16.1 14.0 3.5 2 0 4 1 1
-5426.3 -8985.5 -1.9 80 0 17.0 20.2 14.0 3.5 4 1 4 0 0
-5646.6 -8969.0 -1.8 351 0 11.4 21.7 17.5 3.5 2 1 5 5 5
-5651.3 -8938.5 -1.4 351 0 11.3 21.7 17.5 3.5 2 1 5 4 4
-5655.7 -8911.9 -1.0 351 0 11.4 21.7 17.5 3.5 2 1 5 2 2
-5641.7 -8994.9 -2.2 351 0 11.4 21.7 17.5 3.5 2 1 5 5 5
-5646.3 -9026.9 -2.5 81 0 21.7 20.9 17.5 3.5 2 0 5 0 0
-5558.4 -8931.9 -1.4 351 0 11.4 21.7 17.5 3.5 2 1 5 3 3
-5545.5 -9002.3 -2.4 351 0 11.4 21.7 17.5 3.5 2 1 5 4 4
-5395.2 -8842.2 -0.2 351 0 11.4 21.7 14.0 3.5 2 1 4 0 0
-5691.5 -9007.7 -2.2 81 0 21.7 20.9 17.5 3.5 2 0 5 0 0
-5972.7 -9298.7 -6.1 174 0 71.7 22.1 17.5 0.0 0 0 5 3 3
-6057.3 -9345.0 -6.1 82 0 17.7 75.0 17.5 3.5 2 1 5 0 0
-6094.1 -9365.7 -6.8 263 0 18.0 37.0 17.5 3.5 2 0 5 0 0
-6145.9 -9371.5 -6.4 263 0 17.5 37.4 17.5 3.5 2 0 5 1 1
-6128.8 -9369.5 -6.6 264 0 17.1 37.4 17.5 3.5 2 0 5 5 5
-6111.7 -9367.7 -6.8 264 0 17.9 37.2 17.5 3.5 2 0 5 3 3
-6083.7 -9444.4 -7.0 82 0 17.0 37.4 17.5 3.5 2 0 5 3 3
-6101.4 -9446.2 -6.8 86 0 19.0 37.0 17.5 3.5 2 0 5 5 5
-6118.5 -9447.9 -6.7 82 0 16.2 36.9 17.5 3.5 2 0 5 3 3
-6135.2 -9450.2 -6.5 82 0 17.2 37.3 17.5 3.5 2 0 5 5 5
-6152.6 -9452.1 -6.4 85 0 18.2 37.1 17.5 3.5 2 0 5 5 5
-6170.2 -9453.8 -6.2 84 0 17.8 36.9 17.5 3.5 2 0 5 4 4
-6162.6 -9373.5 -6.4 263 0 16.3 37.1 17.5 3.5 2 0 5 5 5
-6179.3 -9375.4 -6.3 264 0 17.5 36.8 17.5 3.5 2 0 5 3 3
-6093.9 -9356.1 -6.2 83 0 18.6 36.9 17.5 0.0 0 0 5 2 2
-6092.0 -9295.6 -5.7 353 0 36.9 18.8 17.5 0.0 0 0 5 4 4
-6122.1 -9280.7 -5.6 263 0 18.8 36.9 17.5 0.0 0 0 5 4 4
-6140.3 -9282.9 -5.6 264 0 17.9 36.8 17.5 3.5 2 0 5 2 2
-6112.6 -9358.3 -6.2 83 0 18.8 36.9 17.5 0.0 0 0 5 5 5
-6130.6 -9360.3 -6.2 84 0 17.7 36.9 17.5 3.5 2 0 5 5 5
-6148.7 -9362.3 -6.2 83 0 18.8 36.9 17.5 0.0 0 0 5 5 5
-6167.1 -9364.4 -6.2 84 0 18.4 36.9 17.5 3.5 2 0 5 5 5
-6185.5 -9366.5 -6.2 83 0 18.8 36.9 17.5 0.0 0 0 5 3 3
-6193.7 -9288.9 -5.6 263 0 17.6 36.5 17.5 3.5 2 0 5 2 2
-6175.6 -9286.7 -5.6 263 0 18.8 36.9 17.5 0.0 0 0 5 0 0
-6157.7 -9284.7 -5.6 264 0 17.9 36.8 17.5 3.5 2 0 5 1 1
-5831.4 -9034.0 -2.7 257 0 19.5 30.1 17.5 3.5 2 1 5 1 1
-5852.4 -9039.0 -2.7 257 0 19.5 30.1 17.5 3.5 2 1 5 0 0
-5879.0 -9045.0 -2.8 257 0 19.5 30.1 17.5 3.5 2 1 5 1 1
-5898.8 -9048.6 -2.8 257 0 19.5 30.1 17.5 3.5 2 1 5 0 0
-6339.8 -9241.4 -4.4 87 0 29.2 33.2 14.0 0.0 0 1 4 0 0
-6738.8 -8800.2 -4.1 180 0 55.6 18.7 14.0 3.5 2 0 4 5 5
-6699.0 -9287.0 -2.8 326 0 60.5 14.4 14.0 3.5 4 0 4 1 1
-6735.9 -9225.7 -2.8 329 0 69.8 14.4 14.0 0.0 0 0 4 0 0
-6858.6 -9203.1 -2.1 310 0 44.4 24.2 7.5 0.0 0 0 3 1 1
-4665.4 -8649.7 -3.9 336 0 15.8 82.5 14.0 3.5 2 1 4 3 3
-4577.8 -7864.7 -4.4 249 0 22.5 8.4 7.5 2.5 2 0 3 5 5
-4468.4 -8041.5 -2.6 342 0 13.3 22.2 10.0 2.5 2 1 4 1 1
-4553.3 -8583.1 -4.4 336 0 31.1 103.5 14.0 0.0 0 1 4 5 5
-4572.9 -8537.0 -3.4 336 0 24.7 103.9 14.0 0.0 0 1 4 1 1
-4595.5 -8490.7 -2.8 336 0 55.2 102.4 14.0 0.0 0 1 4 3 3
-4779.6 -8540.8 -2.8 191 0 128.6 24.4 14.0 0.0 0 0 4 5 5
-4683.2 -8607.1 -3.7 336 0 72.1 84.0 14.0 0.0 0 1 4 4 4
-5418.8 -7930.7 -3.4 244 0 15.6 102.0 14.0 3.5 2 1 4 1 1
-6129.5 -8745.3 -1.6 348 0 17.4 43.5 17.5 3.5 2 1 5 0 0
-6735.6 -8532.5 -5.1 175 0 92.4 39.2 17.5 0.0 0 0 5 2 2
-6670.7 -8555.6 -5.1 81 0 42.0 14.6 17.5 3.5 2 0 5 3 3
-6654.2 -8524.9 -5.1 352 0 14.6 42.0 17.5 3.5 2 1 5 1 1
-6670.1 -8573.9 -5.1 81 0 42.0 14.6 17.5 0.0 0 0 5 3 3
-6618.5 -8568.8 -5.0 81 0 42.0 14.6 17.5 3.5 2 0 5 3 3
-5530.9 -8934.1 -1.6 168 0 15.3 21.2 14.0 0.0 0 1 4 0 0
-5545.9 -8850.7 -0.5 168 0 15.3 21.2 17.5 0.0 0 1 5 0 0
-5526.3 -8961.9 -2.0 168 0 15.3 21.3 14.0 0.0 0 1 4 1 1
-6061.9 -9384.7 -7.0 264 0 14.1 30.3 17.5 3.5 2 1 5 1 1
-6053.1 -9436.9 -7.1 84 0 11.2 21.1 17.5 3.5 2 1 5 5 5
-6051.2 -9356.6 -6.5 264 0 36.9 14.8 17.5 3.5 2 0 5 5 5
-6029.6 -9344.3 -6.2 83 0 17.5 59.1 17.5 3.5 2 1 5 3 3
-5998.9 -9341.0 -6.2 82 0 16.5 6.8 10.5 3.5 2 0 3 3 3
-5927.0 -9343.5 -6.5 263 0 79.8 11.3 17.5 3.5 2 0 5 3 3
-5857.7 -9335.9 -6.8 264 0 17.5 40.7 17.5 3.5 2 1 5 0 0
-5820.9 -9333.3 -6.8 264 0 17.5 40.7 17.5 3.5 2 1 5 3 3
-5813.2 -9416.8 -7.5 84 0 17.5 40.7 17.5 3.5 2 1 5 4 4
-5849.7 -9419.7 -7.5 84 0 17.5 40.7 17.5 3.5 2 1 5 1 1
-5816.9 -9318.3 -6.2 85 0 16.9 33.0 17.5 0.0 0 1 5 1 1
-5822.6 -9249.0 -5.6 265 0 16.9 33.0 17.5 3.5 2 1 5 2 2
-5839.9 -9250.7 -5.6 265 0 16.9 33.0 17.5 3.5 2 1 5 4 4
-5834.0 -9319.2 -6.1 85 0 16.9 33.0 17.5 3.5 2 1 5 3 3
-5869.5 -9305.1 -5.9 85 0 17.0 30.4 17.5 3.5 2 1 5 0 0
-5901.2 -9326.0 -6.1 85 0 16.9 33.0 17.5 3.5 2 1 5 2 2
-5906.5 -9259.4 -5.6 265 0 17.0 31.0 17.5 3.5 2 1 5 0 0
-5918.8 -9327.5 -6.1 85 0 16.9 33.0 17.5 3.5 2 1 5 0 0
-5924.8 -9261.3 -5.6 265 0 16.6 30.6 17.5 3.5 4 1 5 5 5
-5868.3 -9323.6 -6.2 84 0 34.5 18.2 17.5 0.0 0 0 5 5 5
-5873.8 -9256.6 -5.5 264 0 36.9 18.3 17.5 3.5 2 0 5 3 3
-5787.4 -9313.5 -6.1 84 0 30.7 18.6 17.5 3.5 2 0 5 3 3
-5786.1 -9294.6 -5.9 84 0 16.8 28.3 17.5 3.5 2 0 5 3 3
-5792.9 -9248.5 -5.5 265 0 29.7 18.3 17.5 3.5 2 0 5 5 5
-5746.8 -9321.4 -7.0 264 0 12.2 56.0 17.5 3.5 2 1 5 4 4
-5696.0 -9380.8 -7.2 353 0 10.4 51.0 17.5 0.0 0 1 5 4 4
-5699.4 -9342.6 -7.0 348 0 54.3 12.8 17.5 3.5 2 0 5 5 5
-5772.4 -9413.6 -7.5 84 0 54.9 21.4 17.5 0.0 0 0 5 4 4
-5999.8 -9452.2 -7.9 265 0 92.5 12.7 17.5 3.5 2 0 5 2 2
-4764.0 -8713.2 -4.2 66 0 12.3 26.8 14.0 3.5 2 1 4 0 0
-4783.4 -8721.7 -3.7 66 0 12.3 26.8 14.0 3.5 2 1 4 3 3
-4801.5 -8729.5 -3.1 67 0 12.3 26.8 14.0 3.5 4 1 4 3 3
-6129.7 -8745.3 -1.6 348 0 19.3 44.0 17.5 3.5 2 1 5 3 3
-5900.7 -8276.7 1.2 160 0 55.8 15.4 17.5 3.5 2 0 5 4 4
-5879.1 -9031.2 -2.2 78 0 15.3 24.4 17.5 3.5 2 1 5 4 4
3464.1 -4646.6 -1.7 360 0 43.6 20.8 14.0 3.5 2 0 4 5 5
3478.4 -4669.4 -1.5 90 0 16.7 29.1 14.0 3.5 2 1 4 4 4
3542.2 -4795.2 2.6 177 0 19.3 78.4 17.5 0.0 0 1 5 5 5
3360.1 -4569.1 -3.0 88 0 66.8 62.5 14.0 0.0 0 0 4 3 3
6068.6 -7360.2 -3.4 270 0 67.1 120.7 7.5 0.0 0 1 3 1 1
5502.5 -7514.0 -1.5 0 0 59.6 20.9 14.0 3.5 2 0 4 5 5
5977.6 -7360.4 -2.8 270 0 95.2 119.4 10.0 0.0 0 1 4 0 0
5672.1 -2061.5 -5.5 356 0 89.7 16.9 14.0 3.5 2 0 4 4 4
5497.7 -2089.1 -4.0 176 0 88.9 16.8 14.0 3.5 2 0 4 0 0
5631.5 -2122.0 -5.3 86 0 16.3 101.8 14.0 0.0 0 1 4 3 3
6887.9 -10102.6 -3.1 141 0 33.9 28.7 14.0 0.0 0 0 4 4 4
6168.8 -5353.8 -0.8 92 0 21.1 71.3 17.5 3.5 4 1 5 2 2
6178.4 -5114.7 -3.0 272 0 20.6 160.6 17.5 0.0 0 1 5 4 4
6931.9 -5920.4 -1.4 72 0 90.0 168.5 10.0 0.0 0 1 4 0 0
4982.6 -7497.5 -2.1 355 0 67.8 40.3 17.5 0.0 0 0 5 2 2
5588.8 -2126.3 -5.0 86 0 15.8 103.1 14.0 0.0 0 1 4 5 5
5551.1 -2129.4 -4.5 86 0 16.8 101.9 14.0 0.0 0 1 4 3 3
-2823.6 -8478.7 -1.4 80 0 11.6 64.0 10.0 2.5 2 1 4 3 3
-2682.0 -8517.5 -1.9 351 0 64.0 10.3 10.0 2.5 2 0 4 0 0
-2688.1 -8438.2 -0.8 353 0 60.8 12.8 10.0 2.5 2 0 4 3 3
-2698.2 -8358.9 0.5 354 0 60.9 12.9 7.5 2.5 2 0 3 4 4
-2712.1 -8296.0 0.3 354 0 46.2 11.7 10.0 2.5 2 0 4 5 5
-2780.5 -8266.7 0.5 263 0 10.1 64.6 15.0 0.0 0 1 6 2 2
-2761.6 -8366.5 -0.0 354 0 49.0 9.4 7.5 2.5 4 0 3 3 3
-2818.6 -8268.3 1.1 265 0 11.0 65.2 7.5 2.5 2 1 3 5 5
-2858.7 -8282.9 0.6 263 0 9.7 47.9 7.5 2.5 2 1 3 3 3
-2724.2 -8526.5 -1.1 79 0 11.0 47.7 7.5 2.5 2 1 3 0 0
-2770.4 -8499.7 -1.0 77 0 10.0 31.2 12.5 0.0 0 1 5 1 1
-2751.7 -8457.3 -0.4 84 0 11.0 48.1 7.5 2.5 2 1 3 2 2
-2788.8 -8459.3 -0.6 84 0 10.0 48.3 7.5 0.0 0 1 3 5 5
-2802.2 -8393.3 0.3 83 0 10.8 48.2 10.0 2.5 4 1 4 1 1
-2938.6 -8388.3 -1.4 174 0 61.0 10.5 10.0 2.5 2 0 4 3 3
-2853.1 -8404.1 -0.5 83 0 10.3 51.5 10.0 0.0 0 1 4 2 2
6573.4 7062.3 -20.5 234 0 10.5 59.1 14.0 3.5 2 1 4 3 3
6713.8 9635.9 -17.4 245 0 22.3 36.8 14.0 0.0 0 1 4 1 1
6672.3 6971.8 -21.0 54 0 11.0 59.4 14.0 3.5 2 1 4 4 4
6730.6 9573.7 -18.1 65 0 21.1 19.1 14.0 3.5 2 0 4 1 1
6706.2 9650.4 -16.1 336 0 19.1 21.0 14.0 3.5 2 1 4 4 4
6541.0 7038.5 -20.3 234 0 10.9 59.0 14.0 3.5 2 1 4 5 5
6628.0 7065.5 -21.2 324 0 58.9 10.6 14.0 3.5 2 0 4 2 2
6676.4 9598.8 -17.1 155 0 33.2 20.2 14.0 0.0 0 0 4 4 4
6721.2 9559.1 -18.6 245 0 28.6 11.6 10.5 3.5 4 0 3 5 5
6655.3 9646.7 -15.6 155 0 28.1 17.5 14.0 3.5 4 0 4 5 5
6398.7 9186.3 -15.7 4 0 36.3 17.4 14.0 3.5 2 0 4 3 3
6437.7 9237.1 -17.3 55 0 43.6 11.5 14.0 3.5 2 0 4 1 1
6528.1 9245.1 -16.3 233 0 35.0 13.7 14.0 3.5 2 0 4 2 2
6509.2 9624.9 -14.0 243 0 12.6 4.9 10.5 3.5 2 0 3 5 5
-1146.7 -9993.0 -0.7 269 0 15.3 65.6 7.5 2.5 4 1 3 5 5
-1096.6 -10157.4 -0.8 90 0 14.8 65.5 10.0 2.5 4 1 4 3 3
-1192.6 -10175.7 -0.5 90 0 18.7 96.5 7.5 0.0 0 1 3 3 3
-1006.1 -10025.9 -0.4 1 0 52.9 15.6 7.5 2.5 2 0 3 5 5
-1146.0 -10166.2 -0.9 91 0 14.5 78.3 7.5 2.5 2 1 3 5 5
-1031.9 -10153.4 -0.6 89 0 14.8 80.4 7.5 2.5 2 1 3 5 5
-1193.4 -9997.1 -0.3 269 0 16.6 60.1 7.5 2.5 2 1 3 2 2
-1079.0 -9992.4 -0.4 271 0 15.5 79.0 10.0 2.5 2 1 4 3 3
-1148.4 -9935.9 -0.7 90 0 15.2 51.6 7.5 2.5 2 1 3 1 1
-1081.5 -9815.3 -0.1 270 0 16.9 37.7 7.5 2.5 2 1 3 4 4
-1014.4 -9810.2 -0.1 271 0 16.0 37.4 10.0 2.5 2 1 4 1 1
-1016.6 -9945.1 -0.3 90 0 19.3 81.7 7.5 2.5 2 1 3 2 2
-1150.9 -9815.7 -0.6 271 0 15.6 51.3 10.0 2.5 2 1 4 5 5
-1084.6 -9939.6 -0.3 90 0 16.0 65.9 12.5 2.5 2 1 5 5 5
-1140.2 -9793.4 -0.9 89 0 103.5 25.9 17.5 0.0 0 0 5 0 0
-747.8 -9986.0 -0.9 271 0 15.0 70.2 12.5 2.5 2 1 5 5 5
-750.6 -10128.7 -0.9 89 0 15.2 59.7 10.0 2.5 2 1 4 3 3
-899.4 -10128.8 -0.7 91 0 15.4 58.3 12.5 2.5 2 1 5 1 1
-951.8 -10096.1 -0.5 180 0 71.9 16.3 10.0 2.5 2 0 4 1 1
-886.8 -9948.4 -1.1 89 0 15.3 81.7 7.5 2.5 2 1 3 1 1
-937.6 -10025.4 -0.4 179 0 17.8 10.5 7.5 2.5 2 0 3 1 1
-32.6 -9229.6 -0.0 360 0 25.8 78.2 14.0 0.0 0 1 4 4 4
-21.6 -9368.5 -0.4 360 0 41.7 71.0 14.0 0.0 0 1 4 3 3
-28.0 -9318.2 -0.4 0 0 32.8 72.0 14.0 0.0 0 1 4 0 0
-108.2 -9272.7 -0.3 180 0 32.8 76.3 14.0 0.0 0 1 4 3 3
-77.1 -9165.3 0.0 270 0 84.3 29.9 14.0 0.0 0 0 4 3 3
2889.5 4796.0 -6.5 62 0 94.1 55.1 14.0 0.0 0 0 4 2 2
2879.9 4739.8 -6.1 344 0 35.5 32.3 14.0 0.0 0 0 4 1 1
2870.9 4704.1 -7.8 253 0 18.1 105.5 15.0 0.0 0 1 6 1 1
3125.3 5074.7 -9.7 153 0 61.2 12.0 7.5 2.5 2 0 3 4 4
3091.4 5141.3 -10.6 153 0 70.8 12.0 10.0 2.5 2 0 4 0 0
3180.7 5068.1 -10.4 63 0 12.0 61.2 7.5 2.5 2 1 3 0 0
3139.0 5164.5 -11.2 333 0 70.8 12.0 7.5 2.5 2 0 3 2 2
2900.3 5347.0 -8.6 90 0 15.8 34.7 14.0 3.5 2 1 4 2 2
2878.3 5388.5 -7.0 90 0 10.1 66.6 14.0 0.0 0 1 4 2 2
2847.3 5533.2 -5.7 270 0 10.9 63.8 14.0 3.5 2 1 4 5 5
2974.2 5608.4 -7.1 270 0 8.1 38.4 10.5 3.5 2 1 3 1 1
2812.2 5558.5 -5.1 270 0 14.7 28.9 14.0 3.5 2 1 4 1 1
2964.1 5388.2 -8.2 90 0 8.9 67.0 10.5 3.5 2 1 3 4 4
2971.0 5514.4 -7.0 360 0 88.7 12.6 14.0 3.5 2 0 4 0 0
3046.9 5440.9 -8.0 90 0 11.9 103.1 14.0 3.5 2 1 4 0 0
2839.6 5389.0 -6.5 90 0 10.1 66.6 14.0 0.0 0 1 4 2 2
2946.1 5599.4 -6.8 271 0 14.2 28.8 14.0 3.5 2 1 4 3 3
2902.6 5587.3 -6.2 271 0 14.2 28.8 14.0 3.5 2 1 4 0 0
2999.0 5455.8 -7.7 180 0 74.4 16.8 14.0 3.5 2 0 4 4 4
2920.3 5389.1 -7.6 90 0 9.8 66.1 10.5 3.5 2 1 3 1 1
2853.8 5566.7 -5.6 270 0 15.2 22.2 14.0 3.5 2 1 4 0 0
3086.0 5464.3 -8.6 91 0 16.7 81.1 14.0 3.5 4 1 4 4 4
3036.0 5885.7 -7.4 75 0 56.2 29.7 14.0 0.0 0 0 4 1 1
2792.9 5856.2 -10.5 78 0 12.1 128.6 12.5 2.5 2 1 5 3 3
2879.2 5874.5 -10.0 78 0 12.2 128.6 12.5 2.5 4 1 5 2 2
2836.9 5865.7 -10.2 78 0 12.2 128.6 12.5 2.5 2 1 5 2 2
2535.2 4551.7 -9.3 146 0 32.1 38.3 14.0 0.0 0 1 4 2 2
2653.4 4711.9 -6.1 237 0 16.1 67.3 14.0 3.5 2 1 4 0 0
2744.9 4589.4 -5.8 56 0 16.9 66.0 14.0 3.5 2 1 4 4 4
2686.3 4734.8 -6.3 236 0 12.8 70.2 14.0 3.5 2 1 4 2 2
2596.3 4493.1 -8.3 56 0 38.3 32.1 14.0 0.0 0 0 4 1 1
2617.2 4690.1 -6.7 237 0 16.1 67.3 14.0 3.5 2 1 4 5 5
2709.4 4565.7 -6.2 56 0 16.9 66.0 14.0 3.5 2 1 4 4 4
2504.4 4592.1 -10.2 147 0 43.1 51.3 14.0 0.0 0 1 4 4 4
-2287.8 -7485.8 -4.1 269 0 15.6 68.3 7.5 2.5 2 1 3 5 5
-2232.4 -7551.3 -3.6 360 0 86.9 15.2 7.5 0.0 0 0 3 0 0
-2990.5 -7006.8 -5.1 180 0 130.8 22.7 17.5 0.0 0 0 5 5 5
-2883.4 -6775.3 -1.5 360 0 61.4 17.7 17.5 3.5 4 0 5 0 0
-3075.6 -6422.1 -0.9 281 0 15.8 88.8 12.5 2.5 2 1 5 3 3
-2344.2 -7483.2 -4.6 270 0 15.2 65.7 10.0 2.5 2 1 4 3 3
-2345.2 -7738.3 -4.5 90 0 15.1 93.2 10.0 2.5 2 1 4 0 0
-2404.2 -7688.1 -4.9 180 0 93.2 15.1 7.5 2.5 2 0 3 0 0
-2351.8 -7592.6 -4.5 180 0 67.9 15.0 7.5 2.5 2 0 3 4 4
-2404.5 -7529.9 -5.1 180 0 52.5 15.2 10.0 2.5 2 0 4 4 4
-2294.5 -7726.9 -4.0 90 0 15.1 93.2 7.5 2.5 2 1 3 0 0
-2404.6 -7592.8 -5.0 180 0 52.5 15.2 7.5 2.5 2 0 3 4 4
-2279.6 -7585.6 -4.0 360 0 45.3 15.0 7.5 2.5 2 0 3 0 0
-2230.6 -7301.9 -2.6 1 0 58.6 15.5 7.5 2.5 2 0 3 4 4
-2350.2 -7306.7 -3.4 181 0 53.3 15.5 10.0 2.5 4 0 4 0 0
-2399.0 -7238.7 -3.0 181 0 53.3 15.5 10.0 2.5 2 0 4 1 1
-2288.0 -7308.8 -3.1 1 0 58.6 15.5 10.0 2.5 2 0 4 5 5
-2346.4 -7440.4 -4.6 90 0 14.8 90.3 7.5 0.0 0 1 3 0 0
-2233.9 -7237.2 -1.9 0 0 51.9 15.5 10.0 2.5 2 0 4 1 1
-2294.3 -7441.4 -4.2 90 0 14.8 90.3 7.5 2.5 4 1 3 2 2
-2342.0 -7217.4 -2.6 271 0 15.5 53.3 10.0 2.5 2 1 4 1 1
-2404.9 -7384.8 -4.7 180 0 79.5 14.8 7.5 2.5 2 0 3 5 5
-2402.9 -7300.1 -3.6 181 0 53.3 15.5 10.0 2.5 2 0 4 2 2
-2294.8 -7213.5 -2.3 271 0 15.5 56.3 12.5 2.5 4 1 5 5 5
-2192.7 -7656.7 -3.1 180 0 97.7 17.4 7.5 0.0 0 0 3 3 3
-2138.1 -7571.8 -2.5 179 0 49.8 15.0 10.0 0.0 0 0 4 4 4
-1998.5 -7668.1 -2.3 78 0 14.8 71.3 15.0 2.5 2 1 6 3 3
-2190.8 -7542.6 -3.1 180 0 97.7 17.4 7.5 0.0 0 0 3 5 5
-2057.4 -7681.6 -2.6 82 0 15.3 84.9 10.0 2.5 2 1 4 0 0
-2072.5 -7482.5 -2.0 270 0 17.4 97.7 5.0 0.0 0 1 2 1 1
-2118.6 -7675.0 -2.8 83 0 15.3 63.1 10.0 2.5 2 1 4 5 5
-2131.0 -7485.0 -2.6 269 0 14.9 49.7 10.0 2.5 2 1 4 2 2
-2016.5 -7485.5 -1.8 270 0 17.4 97.7 7.5 0.0 0 1 3 2 2
-2062.3 -7211.9 -0.7 270 0 15.4 53.4 7.5 2.5 2 1 3 1 1
-1998.1 -7238.5 -0.3 360 0 50.7 15.4 7.5 0.0 0 0 3 0 0
-2190.8 -7381.1 -3.1 180 0 96.7 16.1 7.5 2.5 4 0 3 1 1
-2060.5 -7443.0 -2.0 90 0 16.2 95.4 10.0 2.5 2 1 4 3 3
-2125.8 -7443.3 -2.6 90 0 16.2 90.3 7.5 2.5 2 1 3 3 3
-2190.3 -7263.9 -2.0 180 0 96.7 16.1 12.5 2.5 2 0 5 0 0
-2055.1 -7302.1 -1.4 0 0 53.4 15.4 7.5 2.5 2 0 3 1 1
-2121.4 -7212.8 -1.1 270 0 15.4 53.4 7.5 2.5 2 1 3 3 3
-1991.3 -7298.9 -0.9 0 0 53.4 15.4 10.0 2.5 2 0 4 2 2
-2128.2 -7304.8 -1.9 180 0 58.4 15.4 10.0 2.5 2 0 4 2 2
-2128.7 -7971.5 -4.4 168 0 48.5 13.0 10.0 2.5 2 0 4 4 4
-1998.9 -7940.1 -3.7 78 0 13.0 48.5 7.5 0.0 0 1 3 1 1
-2009.2 -7822.9 -3.3 258 0 13.0 48.5 10.0 0.0 0 1 4 0 0
-1896.3 -7897.0 -3.2 348 0 48.5 13.0 7.5 2.5 4 0 3 2 2
-1897.5 -7819.3 -2.8 348 0 48.5 13.0 10.0 2.5 2 0 4 2 2
-1942.4 -8002.5 -3.8 78 0 13.1 57.0 10.0 2.5 2 1 4 5 5
-2027.8 -8027.2 -4.3 78 0 13.1 57.0 7.5 2.5 2 1 3 3 3
-1287.4 -6647.7 -6.7 90 0 16.3 102.0 7.5 0.0 0 1 3 2 2
-1248.6 -6660.0 -6.1 90 0 15.7 58.3 7.5 2.5 2 1 3 5 5
-1208.7 -6659.5 -5.5 91 0 15.5 51.7 7.5 0.0 0 1 3 5 5
-997.8 -6596.2 -2.0 360 0 117.4 15.6 15.0 0.0 0 0 6 1 1
-1033.1 -6669.2 -3.0 90 0 49.0 14.3 7.5 2.5 4 0 3 1 1
-1048.4 -6641.8 -2.7 91 0 16.0 58.1 12.5 0.0 0 1 5 4 4
-1038.4 -6551.0 -2.0 360 0 44.4 15.5 7.5 2.5 2 0 3 3 3
-1040.9 -6436.5 -1.0 1 0 58.1 16.0 7.5 2.5 2 0 3 1 1
-1040.2 -6495.7 -1.5 360 0 44.4 15.5 5.0 0.0 0 0 2 1 1
-1081.6 -6495.7 -2.2 360 0 44.4 15.5 10.0 2.5 2 0 4 3 3
-1076.9 -6549.9 -2.6 360 0 44.4 15.5 7.5 2.5 2 0 3 3 3
-1105.5 -6670.4 -4.1 90 0 39.6 14.7 12.5 2.5 2 0 5 3 3
-1084.5 -6655.2 -3.4 91 0 15.2 73.8 10.0 2.5 2 1 4 3 3
-1125.7 -6655.1 -4.1 90 0 16.6 86.7 10.0 2.5 2 1 4 4 4
-1088.9 -6406.1 -1.7 270 0 16.3 59.5 7.5 2.5 2 1 3 5 5
-1129.9 -6407.6 -2.4 270 0 16.1 70.6 10.0 2.5 2 1 4 2 2
-1168.8 -6406.2 -3.1 269 0 16.8 73.9 7.5 2.5 2 1 3 0 0
-1186.7 -6674.0 -5.5 90 0 40.0 14.0 10.0 2.5 2 0 4 3 3
-1208.6 -6598.3 -4.9 91 0 16.2 53.2 10.0 2.5 2 1 4 1 1
-1255.4 -6564.3 -5.5 181 0 58.7 16.4 7.5 2.5 2 0 3 0 0
-1215.7 -6477.7 -4.0 181 0 53.2 16.2 7.5 2.5 2 0 3 5 5
-1207.2 -6406.1 -3.4 270 0 15.5 35.4 12.5 2.5 2 1 5 4 4
-1247.1 -6406.1 -4.6 270 0 16.2 102.0 10.0 0.0 0 1 4 0 0
-1270.5 -6674.4 -6.9 90 0 43.2 14.3 10.0 2.5 2 0 4 0 0
1465.5 -1865.0 -1.4 26 0 35.6 87.5 12.5 0.0 0 1 5 2 2
441.2 7943.5 -12.7 250 0 10.4 63.3 10.0 2.5 2 1 4 2 2
497.1 7792.0 -10.6 69 0 11.5 75.1 10.0 2.5 2 1 4 3 3
439.6 7771.9 -10.6 69 0 11.5 80.9 10.0 2.5 2 1 4 1 1
380.6 7923.5 -13.0 250 0 10.4 63.3 12.5 2.5 2 1 5 3 3
216.0 7695.1 -9.8 70 0 10.4 65.6 10.5 3.5 2 1 3 0 0
157.7 7674.5 -9.6 70 0 10.4 63.7 10.5 3.5 2 1 3 3 3
276.1 7714.2 -10.0 69 0 10.4 70.0 10.5 3.5 2 1 3 0 0
100.2 7655.7 -9.7 69 0 12.2 68.2 10.5 3.5 4 1 3 5 5
398.4 7771.4 -11.8 70 0 15.0 112.6 12.5 0.0 0 1 5 5 5
3339.5 1228.1 -2.3 241 0 74.8 15.5 7.5 2.5 2 0 3 1 1
3379.8 1111.0 -1.9 81 0 17.5 38.7 12.5 2.5 2 1 5 4 4
-3587.2 -10679.9 -6.2 90 0 14.9 123.5 10.0 0.0 0 1 4 0 0
-3525.8 -10679.7 -6.3 90 0 14.4 122.3 12.5 0.0 0 1 5 5 5
6048.7 6047.5 -11.9 250 0 17.2 52.5 52.5 3.5 2 1 15 5 5
4740.7 5276.6 -9.5 81 0 12.7 86.2 14.0 3.5 2 1 4 5 5
4974.3 5429.0 -11.1 83 0 16.1 63.7 10.0 2.5 2 1 4 4 4
4501.3 5335.1 -10.7 171 0 57.0 13.2 12.5 2.5 4 0 5 2 2
4803.0 5408.1 -10.5 81 0 11.2 86.7 14.0 3.5 2 1 4 3 3
5120.4 5892.8 -10.1 241 0 14.0 60.1 12.5 2.5 2 1 5 3 3
4964.2 5557.6 -11.8 262 0 16.3 50.8 7.5 2.5 2 1 3 5 5
4835.0 5476.8 -11.1 351 0 57.7 13.6 14.0 3.5 2 0 4 5 5
5015.9 5589.5 -13.2 245 0 12.5 57.7 12.5 0.0 0 1 5 4 4
4822.1 5386.8 -9.1 266 0 13.7 53.4 5.0 2.5 2 1 2 2 2
5149.1 5656.7 -13.9 246 0 59.2 40.0 10.5 0.0 0 0 3 5 5
4887.3 5409.8 -9.3 261 0 15.3 85.0 12.5 2.5 2 1 5 5 5
4615.3 5416.1 -11.4 261 0 15.2 102.0 12.5 2.5 2 1 5 2 2
5124.9 5779.9 -11.9 155 0 80.4 22.4 10.0 0.0 0 0 4 2 2
4578.6 5400.3 -11.7 261 0 11.4 87.8 10.0 2.5 2 1 4 0 0
4710.1 5461.1 -10.2 261 0 12.1 87.1 14.0 3.5 2 1 4 2 2
4608.8 5214.8 -9.2 81 0 15.1 68.7 7.5 2.5 2 1 3 4 4
4920.6 5547.5 -10.7 263 0 15.9 50.6 15.0 2.5 2 1 6 4 4
5081.0 5900.1 -10.5 245 0 22.0 80.0 12.5 0.0 0 1 5 1 1
4870.5 5469.4 -10.8 170 0 103.8 15.4 10.0 0.0 0 0 4 5 5
4981.2 5328.4 -11.3 170 0 14.3 70.0 7.5 0.0 0 1 3 3 3
4541.5 5384.4 -11.5 261 0 11.5 88.2 10.0 2.5 2 1 4 3 3
4931.4 5420.9 -10.0 82 0 16.1 63.9 10.0 2.5 2 1 4 5 5
4846.8 5388.5 -9.3 267 0 12.7 53.3 7.5 2.5 4 1 3 1 1
5018.0 5435.1 -12.1 83 0 15.7 63.7 7.5 0.0 0 1 3 4 4
4668.1 5392.3 -10.7 351 0 76.8 14.9 5.0 2.5 2 0 2 4 4
4749.9 5476.2 -10.1 260 0 12.3 88.8 14.0 0.0 0 1 4 4 4
4777.0 5304.4 -8.6 177 0 51.9 15.8 10.0 2.5 2 0 4 5 5
4889.0 5536.8 -10.6 245 0 19.7 9.8 5.0 2.5 4 0 2 3 3
5066.5 5482.8 -13.2 343 0 72.7 12.6 10.0 2.5 2 0 4 5 5
4992.7 5659.1 -11.3 336 0 32.5 19.3 14.0 0.0 0 0 4 2 2
-6510.8 1646.8 -16.0 144 0 13.7 15.2 14.0 3.5 4 1 4 5 5
-6423.7 1917.0 -15.6 264 0 17.0 15.3 14.0 3.5 2 0 4 3 3
-6199.9 1423.4 -13.2 82 0 12.5 16.5 14.0 3.5 2 1 4 1 1
-6481.0 1664.1 -15.9 45 0 14.1 14.6 14.0 3.5 2 1 4 2 2
-6412.0 1832.2 -15.4 270 0 16.6 16.5 14.0 3.5 2 0 4 0 0
-6468.0 1681.0 -15.8 33 0 13.8 14.7 14.0 3.5 2 1 4 0 0
-6635.5 1952.3 -16.8 265 0 14.2 15.0 14.0 0.0 0 1 4 4 4
-6607.6 1954.7 -16.9 264 0 14.7 14.9 14.0 3.5 2 1 4 2 2
-6438.2 1972.1 -15.8 264 0 13.8 13.5 14.0 3.5 2 0 4 3 3
-6420.3 1895.0 -15.5 264 0 16.7 16.1 14.0 0.0 0 0 4 5 5
-6661.4 1853.0 -16.8 174 0 13.5 13.7 14.0 0.0 0 1 4 5 5
-6164.8 1430.9 -12.9 82 0 15.2 15.9 14.0 3.5 2 1 4 5 5
-6417.2 1874.1 -15.5 264 0 16.5 15.5 14.0 3.5 2 0 4 1 1
-6576.8 1935.2 -16.9 264 0 13.4 15.2 14.0 3.5 2 1 4 4 4
-6550.6 1960.1 -16.8 264 0 15.2 13.7 14.0 0.0 0 0 4 4 4
-6466.5 1970.7 -16.0 265 0 14.1 14.5 14.0 3.5 2 1 4 2 2
-6414.7 1851.5 -15.4 265 0 17.1 14.9 14.0 3.5 2 0 4 1 1
-6520.5 1940.9 -16.5 263 0 14.0 14.3 14.0 3.5 2 1 4 0 0
-6548.4 1936.8 -16.8 264 0 14.9 13.4 14.0 3.5 2 0 4 4 4
-6667.6 1898.0 -16.7 174 0 14.2 14.2 14.0 3.5 2 1 4 4 4
-6464.8 1947.8 -16.0 264 0 14.5 14.1 14.0 3.5 2 0 4 2 2
-6661.6 1875.6 -16.8 175 0 14.6 14.2 14.0 3.5 2 0 4 4 4
-6493.8 1966.5 -16.3 264 0 14.6 13.5 14.0 3.5 4 0 4 2 2
-6579.4 1958.5 -17.0 265 0 13.2 15.4 14.0 3.5 2 1 4 5 5
-6409.5 1976.1 -15.5 264 0 13.6 14.9 14.0 3.5 2 1 4 1 1
-6204.4 1462.8 -13.1 261 0 18.0 16.6 14.0 3.5 2 0 4 0 0
-6491.5 1944.7 -16.2 263 0 14.4 14.4 14.0 3.5 2 1 4 0 0
-6407.8 1954.9 -15.4 265 0 14.1 15.5 14.0 3.5 2 1 4 4 4
-6447.0 1569.0 -15.4 15 0 20.0 13.6 14.0 3.5 4 0 4 4 4
-6411.1 1808.5 -15.3 270 0 17.3 16.1 14.0 3.5 2 0 4 2 2
-6411.6 1769.0 -15.3 90 0 17.9 16.9 14.0 3.5 2 0 4 1 1
-6420.8 1733.7 -15.3 104 0 15.9 22.6 14.0 3.5 2 1 4 2 2
-6643.1 1719.3 -17.0 163 0 15.0 15.5 14.0 3.5 2 1 4 5 5
-6592.2 1837.2 -17.0 177 0 14.9 14.5 14.0 3.5 2 0 4 3 3
-6534.9 1545.4 -16.2 106 0 17.1 15.6 14.0 3.5 2 0 4 4 4
-6559.5 1687.2 -16.6 210 0 16.3 14.2 14.0 3.5 4 0 4 0 0
-6621.7 1656.9 -17.1 159 0 13.5 15.4 14.0 0.0 0 1 4 5 5
-6466.5 1630.2 -15.7 42 0 24.3 15.8 14.0 3.5 2 0 4 0 0
-6632.9 1932.0 -16.8 265 0 13.9 15.8 14.0 3.5 2 1 4 2 2
-6653.8 1765.9 -16.9 174 0 14.8 14.1 14.0 3.5 2 0 4 2 2
-6623.1 1782.4 -17.0 176 0 14.5 16.5 14.0 3.5 4 1 4 5 5
-6658.7 1810.3 -16.9 178 0 14.9 14.4 14.0 3.5 2 0 4 4 4
-6531.5 1597.5 -16.2 193 0 15.2 14.6 14.0 3.5 2 0 4 2 2
-6254.9 1412.2 -13.8 77 0 12.5 17.9 14.0 3.5 2 1 4 0 0
-6569.9 1582.4 -16.5 193 0 14.1 15.7 14.0 3.5 2 1 4 0 0
-6596.2 1683.7 -16.9 160 0 14.0 18.1 14.0 3.5 2 1 4 5 5
-6430.1 1682.4 -15.4 24 0 22.0 15.2 14.0 3.5 2 0 4 0 0
-6448.9 1767.9 -15.6 91 0 14.9 14.6 14.0 3.5 2 0 4 3 3
-6446.5 1654.3 -15.6 39 0 23.6 14.7 14.0 3.5 4 0 4 2 2
-6565.1 1904.7 -16.9 262 0 18.5 14.6 14.0 3.5 2 0 4 4 4
-6611.6 1727.3 -17.1 160 0 13.7 18.0 14.0 3.5 2 1 4 5 5
-6626.8 1826.7 -17.0 176 0 15.1 15.1 14.0 3.5 2 1 4 0 0
-6598.3 1619.4 -16.9 151 0 13.8 14.9 14.0 3.5 2 1 4 3 3
-6596.0 1860.0 -17.0 176 0 14.1 14.5 14.0 3.5 2 1 4 2 2
-6537.1 1576.4 -16.2 195 0 14.8 16.1 14.0 3.5 2 1 4 1 1
-6625.4 1804.4 -17.0 175 0 15.2 14.6 14.0 3.5 2 0 4 5 5
-6610.4 1638.7 -17.0 153 0 14.6 13.9 14.0 3.5 2 0 4 4 4
-6649.8 1742.1 -17.0 169 0 15.0 14.7 14.0 3.5 2 0 4 4 4
-6567.9 1763.0 -16.7 213 0 14.4 18.2 14.0 3.5 2 1 4 5 5
-6636.9 1902.0 -16.8 175 0 15.5 17.1 14.0 0.0 0 1 4 5 5
-6547.9 1516.9 -16.3 104 0 15.9 23.5 14.0 3.5 2 1 4 5 5
-6546.8 1698.9 -16.5 127 0 14.9 13.6 14.0 3.5 2 0 4 4 4
-6628.6 1679.2 -17.1 162 0 14.8 14.5 14.0 3.5 2 0 4 4 4
-6657.3 1786.9 -16.9 176 0 14.6 14.5 14.0 3.5 2 0 4 1 1
-6584.3 1735.8 -16.9 144 0 17.3 15.3 14.0 3.5 2 0 4 2 2
-6619.8 1759.8 -17.0 174 0 15.1 17.8 14.0 3.5 2 1 4 2 2
-6263.5 1450.8 -13.7 257 0 18.3 12.7 14.0 3.5 4 0 4 2 2
-6576.5 1561.0 -16.5 195 0 13.7 15.5 14.0 3.5 2 1 4 5 5
-6519.5 2067.3 -16.7 85 0 9.1 25.4 2.5 2.5 2 1 1 5 5
-6429.3 1704.2 -15.4 108 0 15.9 22.9 14.0 3.5 2 1 4 4 4
-6586.1 1660.7 -16.8 158 0 16.0 16.2 14.0 3.5 2 1 4 5 5
-6447.1 1803.1 -15.6 269 0 14.6 13.1 14.0 3.5 2 0 4 1 1
-6660.3 1830.3 -16.8 178 0 14.3 14.2 14.0 3.5 2 0 4 5 5
-6232.9 1460.2 -13.4 259 0 11.9 18.7 14.0 3.5 2 1 4 3 3
-6558.3 1882.9 -16.8 265 0 17.4 15.0 14.0 3.5 2 0 4 4 4
-6603.5 1704.9 -17.0 160 0 14.5 17.6 14.0 3.5 2 1 4 5 5
-6627.4 1849.6 -16.9 175 0 14.3 17.7 14.0 0.0 0 1 4 1 1
-6226.7 1419.9 -13.5 76 0 14.6 16.1 14.0 3.5 2 1 4 0 0
-6636.9 1697.3 -17.1 163 0 14.2 15.7 14.0 3.5 2 1 4 2 2
-6453.5 1872.3 -15.8 262 0 14.4 13.7 14.0 3.5 2 0 4 4 4
-6593.4 1889.9 -17.0 267 0 13.4 15.3 14.0 3.5 2 1 4 4 4
-6478.8 1804.4 -16.0 271 0 14.6 15.6 14.0 0.0 0 1 4 1 1
-6487.6 1773.9 -15.9 184 0 14.1 14.7 14.0 3.5 2 1 4 2 2
-6259.5 -1868.8 -9.9 82 0 14.7 64.9 14.0 3.5 2 1 4 3 3
-6484.9 1890.6 -16.1 266 0 14.7 14.3 14.0 3.5 2 0 4 0 0
-6487.6 1914.3 -16.2 264 0 13.2 14.6 14.0 3.5 2 1 4 1 1
-6557.9 1808.7 -16.7 181 0 13.3 19.0 14.0 3.5 2 1 4 5 5
-6512.8 1842.1 -16.3 269 0 14.6 13.8 14.0 3.5 4 0 4 3 3
-6491.9 1746.3 -16.0 194 0 13.4 14.4 14.0 3.5 2 1 4 3 3
-6560.6 1786.8 -16.7 189 0 15.3 17.9 14.0 3.5 4 1 4 0 0
-6518.3 1811.8 -16.3 179 0 13.2 15.0 14.0 3.5 2 1 4 0 0
-6525.6 1745.5 -16.3 195 0 13.6 14.9 14.0 3.5 4 1 4 0 0
-6554.5 1862.6 -16.8 262 0 17.4 13.1 14.0 3.5 2 0 4 3 3
-6530.7 1658.4 -16.3 122 0 17.3 15.3 14.0 3.5 2 0 4 1 1
-6516.4 1887.2 -16.4 266 0 13.4 14.1 14.0 3.5 2 1 4 3 3
-6533.2 1715.2 -16.4 121 0 14.4 14.1 14.0 3.5 2 0 4 1 1
-6520.7 1679.3 -16.2 130 0 14.8 15.1 14.0 3.5 2 1 4 3 3
-6559.1 1831.1 -16.7 176 0 14.5 18.0 14.0 3.5 2 1 4 0 0
-6513.7 1863.4 -16.4 266 0 14.0 12.6 14.0 3.5 2 0 4 2 2
-6589.7 1818.3 -17.0 173 0 13.7 14.8 14.0 3.5 4 1 4 5 5
-6479.6 1846.9 -16.0 268 0 14.3 14.5 14.0 3.5 4 1 4 4 4
-6520.2 1769.9 -16.2 187 0 13.6 15.0 14.0 3.5 2 1 4 3 3
-6589.5 1795.2 -17.0 175 0 14.3 14.8 14.0 3.5 2 1 4 4 4
-6499.0 1725.5 -16.0 200 0 14.5 14.8 14.0 3.5 2 1 4 4 4
-6519.1 1911.0 -16.5 262 0 14.5 13.9 14.0 3.5 2 0 4 4 4
-6479.4 1825.3 -16.0 269 0 15.0 14.8 14.0 3.5 2 0 4 3 3
-6201.8 -1853.5 -10.0 258 0 5.6 22.3 10.5 3.5 2 1 3 2 2
-6157.7 -1735.5 -11.5 169 0 39.9 120.2 14.0 0.0 0 1 4 4 4
-5540.7 -1457.0 -13.6 252 0 41.7 65.4 7.5 0.0 0 1 3 3 3
-5893.3 -1346.0 -13.3 260 0 14.1 73.6 10.0 2.5 2 1 4 5 5
-6107.9 -1561.7 -11.6 80 0 13.5 30.7 10.0 2.5 4 1 4 3 3
-5582.3 -2997.5 -11.7 273 0 137.5 202.1 10.5 0.0 0 1 3 3 3
-6216.2 -1505.4 -11.3 171 0 55.5 12.9 7.5 2.5 2 0 3 5 5
-6115.7 -1361.0 -12.1 350 0 13.3 35.3 10.0 2.5 2 1 4 3 3
-5863.9 -1510.9 -13.1 79 0 13.5 73.9 10.0 2.5 2 1 4 5 5
-5912.3 -1515.4 -12.8 80 0 13.7 74.0 10.0 2.5 2 1 4 3 3
-6194.2 -1582.6 -11.1 79 0 13.8 36.6 10.0 0.0 0 1 4 1 1
-6150.4 -1574.5 -11.3 79 0 13.5 36.4 10.0 2.5 2 1 4 1 1
-6260.4 -1512.2 -11.0 175 0 44.4 12.5 12.5 0.0 0 0 5 4 4
-6037.9 -1407.4 -12.5 169 0 65.5 13.7 7.5 2.5 2 0 3 1 1
-5873.5 -1527.5 -13.1 259 0 115.6 71.3 7.5 0.0 0 0 3 3 3
-6077.7 -1427.7 -12.1 350 0 81.6 12.9 10.0 0.0 0 0 4 5 5
-6115.8 -1484.3 -11.7 350 0 49.3 13.4 10.0 2.5 2 0 4 3 3
-6061.5 -1513.3 -11.9 349 0 65.5 13.5 10.0 2.5 2 0 4 1 1
-6290.2 -1707.5 -10.2 169 0 55.2 12.9 14.0 3.5 2 0 4 5 5
-5070.0 -1329.9 -13.9 344 0 70.1 28.2 10.5 0.0 0 0 3 4 4
-6160.5 -1523.2 -11.5 80 0 13.8 55.6 7.5 0.0 0 1 3 4 4
-5689.3 -1499.2 -13.5 252 0 121.6 58.2 7.5 0.0 0 0 3 0 0
-5940.9 -1354.7 -13.0 260 0 14.3 74.7 10.0 2.5 2 1 4 5 5
-5989.2 -1362.9 -12.7 260 0 13.9 75.1 10.0 2.5 2 1 4 1 1
-6183.3 -1399.1 -11.7 259 0 13.1 55.7 7.5 2.5 2 1 3 3 3
-5578.6 -1539.8 -13.5 72 0 51.3 60.3 7.5 0.0 0 1 3 3 3
-6254.6 -1570.9 -10.8 174 0 43.1 12.2 7.5 2.5 2 0 3 0 0
-6302.2 -1664.2 -10.2 167 0 33.5 6.1 10.5 3.5 2 0 3 5 5
-6223.8 -1406.2 -11.4 260 0 13.7 55.5 7.5 2.5 2 1 3 1 1
-6148.0 -1879.2 -10.3 79 0 26.2 10.6 14.0 0.0 0 0 4 4 4
-6266.9 -1446.1 -11.2 174 0 58.1 12.1 10.0 2.5 2 0 4 2 2
-5964.5 -1502.4 -12.5 80 0 14.0 51.8 10.0 0.0 0 1 4 0 0
-6023.4 -1485.8 -12.3 170 0 64.3 13.5 10.0 2.5 2 0 4 4 4
-6138.3 -1397.7 -11.9 260 0 13.5 49.5 7.5 2.5 2 1 3 3 3
-6201.2 -1622.6 -11.4 259 0 175.7 74.2 14.0 0.0 0 0 4 0 0
-450.3 5848.8 -5.1 176 0 33.8 14.2 10.0 2.5 2 0 4 0 0
-1007.6 8645.6 -11.0 156 0 12.3 18.1 2.5 0.0 0 1 1 2 2
-693.4 5998.7 -7.6 271 0 13.8 28.0 14.0 0.0 0 1 4 4 4
-952.1 5809.0 -9.5 91 0 15.4 36.7 14.0 3.5 2 1 4 2 2
-1743.0 7139.4 -7.2 96 0 101.5 89.8 14.0 0.0 0 0 4 0 0
-993.2 8633.2 -10.8 155 0 21.0 11.4 5.0 2.5 2 0 2 4 4
-912.9 5962.8 -10.2 275 0 13.9 28.5 14.0 0.0 0 1 4 1 1
-821.5 5937.5 -9.4 274 0 14.8 25.6 14.0 3.5 2 1 4 0 0
-691.8 5964.8 -7.8 271 0 13.9 27.5 14.0 3.5 2 1 4 2 2
-784.4 5943.3 -8.9 270 0 15.1 25.6 14.0 3.5 2 1 4 2 2
-882.7 5945.1 -10.0 275 0 15.5 26.2 14.0 3.5 2 1 4 2 2
-819.7 5978.9 -9.2 275 0 15.3 36.5 14.0 3.5 2 1 4 2 2
-872.2 5865.2 -10.2 91 0 15.7 34.2 14.0 0.0 0 1 4 2 2
-723.2 5963.5 -8.1 270 0 14.7 25.7 14.0 3.5 2 1 4 3 3
-942.5 8664.5 -10.7 331 0 27.4 12.3 10.0 2.5 2 0 4 0 0
252.5 5957.5 -7.9 182 0 73.6 13.3 10.0 2.5 2 0 4 1 1
-85.4 5594.7 -2.9 83 0 54.0 12.4 14.0 3.5 2 0 4 1 1
-724.5 5993.8 -8.0 271 0 13.8 24.8 14.0 3.5 2 1 4 4 4
249.1 5877.9 -7.0 183 0 66.0 13.3 10.0 2.5 4 0 4 3 3
-786.3 5984.8 -8.8 270 0 14.2 36.7 14.0 3.5 2 1 4 0 0
-840.4 5859.1 -9.8 91 0 14.5 33.5 14.0 3.5 2 1 4 2 2
-985.5 8595.4 -11.2 154 0 32.2 17.9 10.0 2.5 2 0 4 2 2
-956.3 8591.7 -11.1 64 0 8.6 37.8 7.5 2.5 2 1 3 1 1
-98.8 5608.6 -3.3 90 0 32.6 44.5 14.0 0.0 0 1 4 1 1
-479.7 5843.4 -5.8 177 0 34.4 9.8 7.5 0.0 0 0 3 5 5
-903.7 5907.9 -10.5 271 0 14.5 41.6 14.0 3.5 4 1 4 3 3
-851.7 5940.4 -9.7 276 0 14.6 27.8 14.0 3.5 2 1 4 0 0
-808.6 5857.7 -9.5 91 0 14.3 33.5 14.0 3.5 2 1 4 0 0
-753.1 5954.2 -8.5 269 0 13.9 20.9 14.0 3.5 2 1 4 4 4
-2459.7 6338.2 -6.0 103 0 6.4 21.4 5.0 2.5 2 1 2 2 2
-936.5 5858.6 -10.6 90 0 14.4 41.3 14.0 3.5 2 1 4 0 0
-850.5 5974.0 -9.5 277 0 13.9 27.1 14.0 0.0 0 1 4 0 0
-939.3 8601.0 -11.1 64 0 9.0 32.1 7.5 2.5 2 1 3 3 3
-754.8 5989.0 -8.3 270 0 13.6 27.7 14.0 3.5 2 1 4 3 3
-982.7 5812.1 -9.6 91 0 13.7 27.2 14.0 3.5 2 1 4 4 4
-882.6 5970.2 -9.8 276 0 15.1 20.3 14.0 3.5 2 1 4 2 2
-776.4 5860.5 -9.1 91 0 14.2 33.1 14.0 3.5 2 1 4 4 4
-716.4 5907.7 -8.4 269 0 12.7 21.6 14.0 3.5 2 1 4 3 3
-686.5 5850.9 -8.2 91 0 16.2 22.0 14.0 3.5 4 1 4 2 2
-686.2 5880.4 -8.0 89 0 16.3 22.7 14.0 0.0 0 1 4 3 3
-746.0 5909.8 -8.7 269 0 13.5 22.1 14.0 3.5 2 1 4 3 3
290.4 -7222.8 -1.4 268 0 69.6 63.7 17.5 0.0 0 0 5 5 5
4575.4 2743.8 -6.4 183 0 43.6 18.5 14.0 3.5 2 0 4 4 4
2893.9 -6244.5 2.7 265 0 16.2 81.2 21.0 3.5 4 1 6 1 1
2862.3 -6311.7 3.3 356 0 14.4 23.1 17.5 3.5 2 1 5 1 1
2779.1 -6020.0 -1.0 355 0 98.1 96.6 14.0 0.0 0 0 4 4 4
2699.6 -6073.1 -0.6 267 0 16.1 50.6 14.0 0.0 0 1 4 5 5
2721.1 -5678.2 -2.0 84 0 54.6 59.6 17.5 0.0 0 1 5 3 3
2807.4 -6179.1 -0.8 355 0 70.0 14.6 14.0 3.5 2 0 4 3 3
2672.8 -6544.2 0.7 84 0 45.7 32.3 7.0 0.0 0 0 2 5 5
2857.7 -6122.3 -0.8 356 0 26.1 35.9 17.5 0.0 0 1 5 3 3
2660.9 -6400.8 1.5 175 0 105.5 24.1 14.0 0.0 0 0 4 1 1
2827.3 -6389.1 3.2 355 0 70.4 16.8 14.0 3.5 2 0 4 5 5
2621.7 -6130.5 -0.5 177 0 58.6 16.5 14.0 3.5 2 0 4 2 2
2779.2 -6265.8 2.2 355 0 32.8 32.0 14.0 0.0 0 0 4 0 0
2809.5 -6261.4 2.8 354 0 28.1 18.2 14.0 3.5 2 0 4 4 4
2858.0 -6242.2 0.1 354 0 98.3 18.6 17.5 0.0 0 0 5 5 5
2817.0 -6060.1 -0.6 176 0 48.4 11.1 17.5 0.0 0 0 5 4 4
2342.0 -8510.9 -4.7 274 0 51.7 42.2 17.5 0.0 0 0 5 3 3
2297.4 -8646.9 -5.3 275 0 120.5 54.8 17.5 0.0 0 0 5 3 3
221.1 -10497.2 -1.6 340 0 56.3 59.6 14.0 0.0 0 1 4 1 1
3789.4 705.9 -2.0 6 0 96.2 24.8 14.0 0.0 0 0 4 3 3
4191.8 -1758.8 -2.2 179 0 77.0 20.9 17.5 0.0 0 0 5 2 2
4188.1 -1659.1 -3.5 180 0 52.0 20.5 17.5 3.5 2 0 5 4 4
4340.2 -1831.5 -1.4 360 0 32.4 28.9 17.5 0.0 0 0 5 0 0
4341.3 -1768.8 -1.6 360 0 31.4 30.4 17.5 0.0 0 0 5 5 5
4340.4 -1702.9 -3.6 359 0 32.7 29.9 17.5 0.0 0 0 5 3 3
4325.8 -1625.8 -4.0 269 0 30.5 33.6 17.5 0.0 0 1 5 5 5
2057.8 -3261.0 -1.8 355 0 54.2 24.4 3.5 3.5 4 0 1 2 2
-806.3 8221.2 -12.3 156 0 44.8 23.9 14.0 0.0 0 0 4 5 5
-694.0 7734.4 -12.5 163 0 35.6 8.0 10.5 3.5 2 0 3 0 0
-930.7 8207.1 -12.6 65 0 19.9 42.4 14.0 3.5 2 1 4 1 1
-771.1 7629.0 -10.8 162 0 19.1 54.3 14.0 3.5 2 1 4 5 5
-1099.6 7672.7 -11.6 76 0 8.9 47.0 10.5 3.5 2 1 3 0 0
-384.4 8275.4 -11.9 160 0 48.0 13.7 10.5 3.5 2 0 3 4 4
-460.3 8312.3 -11.6 160 0 21.7 10.3 10.5 3.5 2 0 3 5 5
-376.0 8170.7 -11.9 167 0 57.5 47.3 14.0 0.0 0 0 4 5 5
-906.5 8144.4 -12.8 248 0 19.9 61.7 14.0 3.5 2 1 4 2 2
-684.2 7699.5 -12.5 164 0 19.8 40.1 10.5 3.5 4 1 3 4 4
-432.6 8248.6 -11.4 69 0 7.8 51.0 10.5 3.5 2 1 3 5 5
-654.7 7600.2 -10.2 163 0 11.5 58.4 10.5 3.5 2 1 3 0 0
-1085.7 7725.1 -12.0 254 0 24.5 25.3 14.0 0.0 0 1 4 5 5
-262.9 8232.2 -12.9 169 0 57.5 13.7 14.0 3.5 4 0 4 4 4
-560.1 7625.4 -12.1 71 0 25.1 60.0 10.5 3.5 2 1 3 0 0
-422.0 8277.4 -11.5 340 0 42.3 7.7 10.5 3.5 4 0 3 1 1
-907.6 8175.0 -12.8 339 0 52.9 20.2 14.0 0.0 0 0 4 4 4
-397.7 8406.6 -11.9 252 0 71.4 7.6 10.5 3.5 2 0 3 4 4
-670.7 7654.9 -12.0 164 0 54.5 23.0 10.5 0.0 0 0 3 4 4
-441.9 8386.8 -11.9 250 0 17.0 88.6 10.5 3.5 2 1 3 0 0
-1052.1 7722.4 -12.2 344 0 25.3 6.3 10.5 3.5 2 0 3 4 4
-777.2 7656.6 -11.6 168 0 19.1 64.4 14.0 0.0 0 1 4 4 4
-855.1 7649.7 -10.3 253 0 11.6 60.5 14.0 3.5 2 1 4 1 1
-789.6 7399.9 -4.6 260 0 13.6 28.8 10.5 3.5 2 1 3 3 3
-825.5 7385.2 -5.1 259 0 24.2 102.2 10.5 0.0 0 1 3 4 4
-472.6 8345.2 -11.7 160 0 45.1 12.4 10.5 3.5 2 0 3 0 0
-743.5 7456.8 -5.0 342 0 22.2 32.4 14.0 0.0 0 1 4 0 0
-745.3 7542.6 -10.1 163 0 158.9 55.4 14.0 0.0 0 0 4 5 5
-487.8 8386.7 -11.1 66 0 15.2 57.8 10.5 3.5 2 1 3 4 4
-708.9 7686.9 -11.9 253 0 15.5 208.0 14.0 0.0 0 1 4 1 1
-312.1 8341.1 -12.8 348 0 60.9 13.9 14.0 3.5 2 0 4 0 0
223.2 8407.4 -17.0 90 0 15.1 55.2 12.5 2.5 4 1 5 2 2
221.1 8491.1 -16.8 180 0 16.3 32.0 12.5 2.5 2 1 5 1 1
-1239.0 7780.6 -12.4 163 0 9.0 61.2 10.5 3.5 2 1 3 1 1
-554.0 7689.9 -12.4 251 0 9.1 60.3 10.5 3.5 2 1 3 5 5
-642.7 7884.2 -12.2 252 0 20.4 82.9 10.5 0.0 0 1 3 4 4
-626.5 7725.6 -12.4 254 0 8.3 57.3 10.5 3.5 2 1 3 3 3
-707.4 8131.7 -11.8 66 0 8.9 94.0 10.5 3.5 2 1 3 0 0
-431.9 8535.8 -9.9 253 0 16.5 54.8 10.5 3.5 2 1 3 4 4
-514.4 7576.6 -10.7 71 0 7.9 59.0 10.5 0.0 0 1 3 4 4
-465.2 7549.2 -8.6 71 0 10.4 8.1 10.5 3.5 2 0 3 2 2
-512.5 7753.6 -12.2 251 0 15.4 88.9 10.5 3.5 2 1 3 3 3
-547.0 8652.2 -9.2 73 0 13.5 36.6 10.0 2.5 2 1 4 4 4
-655.8 8137.4 -11.9 155 0 81.1 9.0 10.5 3.5 2 0 3 0 0
-394.2 7696.3 -12.6 251 0 75.2 52.6 10.5 0.0 0 0 3 3 3
-400.1 8541.9 -10.1 252 0 16.2 56.6 10.5 0.0 0 1 3 0 0
-555.0 7613.7 -10.6 71 0 30.2 11.9 10.5 0.0 0 0 3 2 2
-346.7 7559.2 -9.2 250 0 27.0 59.1 14.0 3.5 2 1 4 3 3
-302.5 7635.0 -11.5 340 0 7.5 15.7 10.5 3.5 4 1 3 1 1
-594.2 7745.6 -12.2 73 0 16.7 36.6 10.5 3.5 4 1 3 3 3
-289.8 7639.5 -11.7 341 0 7.0 12.5 10.5 0.0 0 1 3 0 0
-405.1 7577.0 -10.7 71 0 10.5 47.2 10.5 3.5 2 1 3 4 4
-224.3 8268.8 -13.1 349 0 43.2 6.0 10.5 3.5 2 0 3 2 2
-708.0 8261.8 -11.9 245 0 11.1 23.7 14.0 3.5 4 1 4 3 3
-774.1 8072.4 -12.6 337 0 35.5 5.9 10.5 3.5 2 0 3 2 2
-586.8 7615.4 -11.7 71 0 18.4 59.1 10.5 0.0 0 1 3 0 0
-805.9 8078.1 -12.6 247 0 6.2 66.6 10.5 3.5 2 1 3 0 0
-847.7 7996.5 -12.5 68 0 20.5 92.5 14.0 0.0 0 1 4 0 0
-632.1 8021.8 -12.4 160 0 59.0 8.0 10.5 0.0 0 0 3 4 4
-293.3 7612.6 -11.4 71 0 20.4 9.9 10.5 3.5 2 0 3 1 1
-1158.6 7966.8 -12.6 68 0 11.9 80.4 14.0 3.5 2 1 4 2 2
-440.8 7679.0 -12.4 250 0 10.8 49.6 10.5 3.5 2 1 3 1 1
-674.0 8190.2 -11.7 65 0 11.8 26.8 14.0 3.5 2 1 4 1 1
-795.1 8083.0 -12.6 247 0 6.3 36.1 10.5 3.5 2 1 3 2 2
-323.9 7566.4 -9.5 250 0 10.8 57.6 14.0 3.5 2 1 4 0 0
-1195.8 8073.3 -7.7 248 0 25.6 26.3 14.0 0.0 0 1 4 1 1
-762.7 8077.1 -12.6 336 0 35.6 6.1 10.5 3.5 2 0 3 2 2
-574.8 8622.7 -9.7 69 0 14.0 101.3 10.0 2.5 2 1 4 3 3
-683.7 7330.3 -3.1 343 0 12.1 12.1 10.5 3.5 2 1 3 5 5
-431.4 7907.1 -12.1 251 0 53.6 96.8 10.5 0.0 0 1 3 1 1
-630.0 7681.6 -12.4 163 0 81.5 10.0 10.5 3.5 2 0 3 0 0
-408.0 7930.5 -12.1 71 0 14.9 51.5 10.5 0.0 0 1 3 4 4
-211.8 8414.4 -13.7 169 0 103.7 6.8 10.5 3.5 2 0 3 2 2
-701.9 7290.6 -3.4 80 0 8.4 80.0 10.5 3.5 2 1 3 1 1
-459.4 7579.6 -12.0 71 0 77.1 84.2 10.5 0.0 0 1 3 0 0
-519.9 8480.3 -10.5 154 0 53.3 17.7 10.5 3.5 4 0 3 5 5
-210.9 8197.2 -13.2 349 0 8.3 33.2 10.5 3.5 2 1 3 0 0
-471.6 7891.7 -12.1 251 0 12.8 95.8 10.5 3.5 2 1 3 2 2
-857.4 8080.6 -12.6 248 0 7.0 73.1 10.5 3.5 2 1 3 3 3
-676.9 7284.4 -2.9 72 0 11.7 31.1 10.5 3.5 2 1 3 0 0
-550.8 7735.4 -12.6 251 0 6.1 28.3 10.5 3.5 2 1 3 2 2
-289.5 8429.9 -12.3 78 0 11.5 30.4 10.5 3.5 2 1 3 1 1
-384.6 8448.3 -11.8 162 0 69.3 11.0 10.5 3.5 2 0 3 3 3
-1213.3 8170.4 -12.9 63 0 17.0 33.7 14.0 3.5 2 1 4 2 2
-552.1 7866.8 -12.2 250 0 20.1 97.2 10.5 0.0 0 1 3 2 2
-668.3 8348.8 -11.3 334 0 20.6 8.5 10.5 3.5 2 0 3 3 3
-950.2 8186.4 -12.8 248 0 19.9 116.4 14.0 0.0 0 1 4 0 0
-747.6 8699.0 -10.7 57 0 18.2 20.0 7.5 0.0 0 1 3 0 0
-250.7 8803.6 -6.8 88 0 33.5 13.5 14.0 0.0 0 0 4 1 1
-399.0 7911.7 -12.0 251 0 6.0 91.9 10.5 3.5 2 1 3 1 1
-567.5 7699.4 -12.6 253 0 23.2 11.9 10.5 3.5 2 0 3 4 4
-829.6 9862.8 -16.0 9 0 18.2 19.4 14.0 3.5 4 1 4 4 4
-1139.4 7837.4 -12.5 73 0 124.1 14.1 14.0 0.0 0 0 4 1 1
-276.3 8281.8 -12.6 174 0 5.2 17.1 10.5 3.5 2 1 3 3 3
-996.2 8164.8 -12.8 248 0 20.4 49.9 14.0 3.5 2 1 4 4 4
-879.0 8305.9 -12.1 61 0 12.4 24.0 14.0 3.5 2 1 4 4 4
638.3 10333.7 -13.5 181 0 44.0 6.8 10.5 3.5 2 0 3 3 3
-153.4 8516.4 -11.9 85 0 37.5 56.4 10.5 0.0 0 1 3 0 0
-339.3 8518.2 -10.3 260 0 12.8 18.6 10.5 3.5 2 1 3 2 2
-872.0 7989.4 -12.5 68 0 20.3 89.1 14.0 0.0 0 1 4 0 0
-473.8 7789.3 -12.0 71 0 56.9 30.5 10.5 0.0 0 0 3 2 2
-903.2 9723.2 -16.0 19 0 48.6 43.4 14.0 0.0 0 0 4 3 3
-454.9 8096.0 -11.0 337 0 7.4 19.5 10.5 3.5 2 1 3 4 4
-972.4 8175.5 -12.8 249 0 20.4 51.4 14.0 3.5 2 1 4 3 3
-467.9 8540.7 -10.1 259 0 32.7 6.5 10.5 0.0 0 0 3 0 0
-203.5 8805.6 -6.5 90 0 29.5 15.0 14.0 3.5 2 0 4 3 3
-774.5 8336.0 -11.7 153 0 20.6 8.4 10.5 3.5 2 0 3 0 0
-930.9 7928.8 -12.4 163 0 15.5 44.6 14.0 3.5 2 1 4 3 3
-416.6 8550.9 -9.7 259 0 58.7 6.6 10.5 3.5 2 0 3 5 5
-734.3 8367.4 -11.6 242 0 8.0 20.9 10.5 3.5 2 1 3 1 1
-451.4 7513.1 -7.4 250 0 10.0 51.2 14.0 3.5 2 1 4 0 0
-718.9 8337.4 -11.5 243 0 8.4 21.1 10.5 3.5 4 1 3 2 2
-738.7 8316.1 -11.6 154 0 21.3 8.4 10.5 3.5 4 0 3 4 4
-689.6 8339.9 -11.4 333 0 21.0 8.5 10.5 3.5 2 0 3 4 4
-1183.5 7957.6 -11.9 68 0 12.6 58.8 14.0 0.0 0 1 4 5 5
-367.7 7609.7 -11.3 70 0 7.1 30.7 10.5 3.5 2 1 3 0 0
-1231.1 7938.6 -9.2 68 0 13.2 56.4 14.0 3.5 2 1 4 1 1
-346.4 7594.0 -11.5 71 0 10.9 51.0 10.5 0.0 0 1 3 4 4
-1097.7 7941.9 -12.6 246 0 15.6 47.6 14.0 3.5 2 1 4 5 5
-1061.9 7930.2 -12.5 335 0 47.4 12.0 14.0 3.5 2 0 4 1 1
-1070.8 8389.1 -12.3 233 0 22.7 44.1 14.0 0.0 0 1 4 2 2
-724.2 7990.4 -12.4 343 0 36.1 18.2 14.0 0.0 0 0 4 4 4
-1145.5 7898.1 -12.5 156 0 53.9 14.5 14.0 3.5 2 0 4 3 3
-326.3 7599.9 -11.8 71 0 11.3 52.7 10.5 0.0 0 1 3 3 3
-351.2 7495.2 -7.7 71 0 23.8 15.8 14.0 3.5 2 0 4 0 0
-755.9 7953.9 -12.4 73 0 16.9 44.4 14.0 3.5 2 1 4 5 5
-430.2 7528.9 -8.1 249 0 43.1 5.1 10.5 3.5 2 0 3 4 4
-388.0 7543.9 -8.5 250 0 10.3 58.2 14.0 3.5 2 1 4 1 1
-1252.2 8047.1 -5.8 245 0 7.1 34.1 10.5 3.5 2 1 3 1 1
-406.5 7475.0 -6.7 70 0 43.7 7.1 10.5 3.5 2 0 3 2 2
-1182.4 8175.9 -12.3 246 0 9.8 76.4 10.5 3.5 2 1 3 4 4
-1254.8 7929.1 -7.9 68 0 12.9 55.7 14.0 3.5 2 1 4 1 1
-1123.8 7929.6 -12.6 246 0 15.0 47.2 14.0 3.5 4 1 4 1 1
-396.4 7538.4 -8.3 250 0 6.9 56.1 10.5 0.0 0 1 3 4 4
-1206.4 7948.2 -10.6 68 0 12.8 57.8 14.0 3.5 2 1 4 3 3
-386.4 7577.1 -11.0 71 0 12.1 55.1 10.5 3.5 2 1 3 4 4
1451.0 7054.4 -10.2 89 0 7.0 8.9 10.5 3.5 2 1 3 3 3
3252.2 6180.3 -10.5 68 0 15.5 43.4 15.0 2.5 2 1 6 0 0
1400.7 7161.6 -11.1 79 0 8.3 30.6 10.5 3.5 2 1 3 0 0
1226.2 7504.9 -9.3 277 0 15.7 53.5 14.0 3.5 2 1 4 3 3
1425.5 7157.6 -11.2 78 0 18.8 49.2 14.0 3.5 2 1 4 4 4
1169.1 7269.5 -11.9 279 0 11.1 42.4 10.0 2.5 2 1 4 2 2
-602.5 5414.4 -8.0 267 0 14.6 60.5 7.5 2.5 4 1 3 5 5
2196.8 6379.8 -14.1 360 0 27.3 37.2 7.5 0.0 0 1 3 1 1
1380.3 7157.2 -11.1 78 0 8.5 30.1 10.5 3.5 2 1 3 0 0
1467.8 7082.1 -10.4 79 0 7.3 29.3 10.5 0.0 0 1 3 0 0
1334.4 7505.3 -8.1 98 0 7.0 49.4 10.5 3.5 2 1 3 3 3
1343.3 7463.8 -9.2 2 0 30.6 105.0 14.0 0.0 0 1 4 2 2
1142.4 7252.3 -12.0 188 0 41.8 12.3 10.0 2.5 2 0 4 4 4
1359.4 7153.3 -11.2 79 0 8.9 30.2 10.5 3.5 2 1 3 2 2
1339.6 7142.7 -11.1 80 0 8.2 29.8 10.5 3.5 2 1 3 5 5
-566.9 5415.7 -7.9 268 0 13.5 55.6 7.5 2.5 4 1 3 3 3
1420.7 6857.9 -12.6 311 0 65.2 17.6 12.5 2.5 4 0 5 2 2
-1304.4 6383.1 -9.7 10 0 32.8 16.4 10.0 2.5 2 0 4 5 5
1370.4 7202.5 -11.3 259 0 24.5 5.2 10.5 3.5 2 0 3 1 1
-673.4 5788.3 -8.4 89 0 16.0 22.4 14.0 3.5 2 1 4 4 4
1404.0 7525.5 -8.2 98 0 37.2 84.0 14.0 0.0 0 1 4 4 4
1005.9 6858.9 -10.9 69 0 9.3 26.4 10.5 3.5 2 1 3 2 2
-718.7 5613.0 -8.6 356 0 91.9 8.4 7.5 2.5 2 0 3 0 0
-1184.4 6559.3 -10.6 360 0 5.7 22.9 10.5 3.5 2 1 3 1 1
-1201.8 6538.1 -10.5 92 0 31.4 7.8 10.5 3.5 2 0 3 5 5
807.9 7261.4 -12.9 281 0 20.6 71.6 7.5 2.5 2 1 3 4 4
2912.5 6289.0 -12.5 289 0 19.9 28.2 7.5 2.5 2 1 3 4 4
2850.9 6278.6 -12.7 289 0 19.9 28.2 7.5 2.5 2 1 3 0 0
6644.7 8730.4 -9.0 229 0 65.1 19.2 12.5 2.5 2 0 5 2 2
-1735.7 8071.1 -10.1 60 0 53.2 13.3 10.5 3.5 2 0 3 0 0
-2324.3 7867.5 -15.8 153 0 50.9 60.3 10.5 0.0 0 1 3 3 3
-1699.9 7583.8 -11.1 252 0 14.1 16.8 14.0 3.5 2 1 4 5 5
-2376.9 8023.4 -16.1 243 0 18.5 129.4 10.5 0.0 0 1 3 0 0
-1516.7 8161.3 -11.7 240 0 13.3 34.1 14.0 3.5 2 1 4 1 1
-2030.0 8056.5 -12.8 245 0 47.6 74.5 14.0 0.0 0 1 4 5 5
-1427.1 8116.2 -11.1 61 0 9.9 42.2 10.5 0.0 0 1 3 4 4
-1357.5 8145.9 -11.1 154 0 10.0 6.7 10.5 3.5 2 0 3 2 2
-1466.2 8003.0 -4.3 65 0 11.6 15.4 2.5 2.5 2 1 1 3 3
-1355.5 8095.2 -9.5 156 0 46.1 16.2 14.0 3.5 2 0 4 1 1
-1467.4 8098.5 -9.9 60 0 11.4 33.4 14.0 3.5 2 1 4 4 4
-2276.9 7325.5 -10.1 4 0 60.6 89.9 14.0 0.0 0 1 4 4 4
-2080.5 7917.1 -13.6 65 0 29.9 70.1 14.0 0.0 0 1 4 2 2
-1622.5 7533.5 -10.5 334 0 11.9 10.3 14.0 3.5 2 0 4 5 5
-1436.3 8208.7 -12.9 240 0 9.3 38.5 10.5 3.5 2 1 3 2 2
-2312.6 6967.3 -6.6 189 0 80.3 23.9 14.0 0.0 0 0 4 5 5
-1411.1 8125.3 -11.6 61 0 9.2 42.2 10.5 0.0 0 1 3 2 2
-1976.0 8096.1 -13.6 245 0 72.1 22.8 14.0 0.0 0 0 4 5 5
-1398.3 8229.2 -12.8 241 0 26.6 87.0 14.0 0.0 0 1 4 3 3
-2064.8 8029.5 -12.2 246 0 12.0 48.9 14.0 0.0 0 1 4 2 2
-1424.0 8213.8 -12.9 240 0 8.8 36.4 10.5 0.0 0 1 3 1 1
-1320.0 8165.4 -11.9 331 0 10.3 6.5 10.5 3.5 2 0 3 5 5
-1482.5 8178.3 -12.5 240 0 8.4 33.9 10.5 3.5 4 1 3 2 2
-1961.4 8006.0 -12.0 65 0 24.7 53.3 14.0 3.5 2 1 4 2 2
-1443.0 8106.8 -10.7 61 0 9.1 42.4 10.5 3.5 2 1 3 1 1
-1923.9 8067.7 -12.2 336 0 24.3 45.9 14.0 0.0 0 1 4 3 3
-1554.6 8171.7 -13.0 63 0 87.2 13.9 10.5 3.5 2 0 3 4 4
-1312.3 8089.0 -9.9 66 0 18.8 41.4 14.0 3.5 2 1 4 2 2
-1652.2 7599.0 -11.2 254 0 12.1 12.7 14.0 0.0 0 1 4 0 0
-1858.4 7900.4 -10.1 60 0 15.2 53.8 14.0 3.5 2 1 4 5 5
-1502.3 8097.3 -9.2 150 0 33.1 11.1 14.0 3.5 2 0 4 1 1
-6442.5 -1192.4 -11.6 263 0 175.5 49.5 14.0 0.0 0 0 4 5 5
-4972.8 -1143.5 -13.6 344 0 152.0 97.0 10.5 0.0 0 0 3 0 0
-4540.2 -1882.6 -13.5 346 0 51.1 35.1 10.5 0.0 0 0 3 4 4
-6077.4 -3247.7 -10.1 85 0 108.6 181.8 10.0 0.0 0 1 4 3 3
-4906.2 -3525.1 5.1 2 0 51.8 228.8 12.5 0.0 0 1 5 0 0
-4219.3 -3868.3 -7.2 172 0 51.0 39.5 7.5 0.0 0 0 3 0 0
-4084.1 -3789.5 -6.8 82 0 19.9 61.9 7.5 2.5 2 1 3 5 5
-4139.1 -3734.3 -6.8 262 0 19.9 61.8 10.0 2.5 2 1 4 1 1
-4187.8 -3741.7 -6.9 262 0 19.9 61.8 7.5 2.5 2 1 3 3 3
-2519.2 1.6 -6.4 169 0 73.0 50.8 14.0 0.0 0 0 4 4 4
-2078.5 -129.2 -5.2 351 0 91.6 34.3 10.0 0.0 0 0 4 5 5
-2729.7 -473.0 -7.3 160 0 63.8 231.6 10.0 0.0 0 1 4 5 5
-3595.8 -1752.1 -4.1 137 0 53.4 17.4 10.0 2.5 2 0 4 3 3
-3035.1 -808.3 -6.8 45 0 74.7 31.2 14.0 0.0 0 0 4 3 3
-4301.5 -117.9 -5.9 79 0 57.6 409.5 14.0 0.0 0 1 4 4 4
-4938.0 -299.6 -6.1 258 0 19.6 103.5 14.0 0.0 0 1 4 0 0
-3463.9 9140.9 -14.0 246 0 7.9 29.5 10.5 3.5 2 1 3 5 5
-3426.5 8589.3 -16.0 138 0 24.5 14.3 10.5 3.5 2 0 3 5 5
-2684.4 7708.5 -15.2 333 0 18.7 59.2 14.0 3.5 2 1 4 0 0
-2832.4 8743.6 -11.4 226 0 6.2 25.4 10.5 3.5 2 1 3 4 4
-3200.9 8166.3 -15.1 325 0 14.4 4.9 10.5 3.5 2 0 3 0 0
-2484.2 7395.5 -11.3 181 0 32.7 83.3 14.0 0.0 0 1 4 5 5
-3386.4 9061.0 -13.6 241 0 28.0 65.2 14.0 0.0 0 1 4 3 3
-3031.3 7769.0 -13.6 5 0 7.1 13.1 10.5 3.5 4 1 3 5 5
-3353.3 9078.9 -13.1 241 0 28.0 59.7 14.0 0.0 0 1 4 0 0
-3535.4 9095.3 -14.9 155 0 19.2 6.5 10.5 3.5 2 0 3 2 2
-3362.4 8646.7 -16.3 228 0 14.5 90.3 10.5 3.5 4 1 3 3 3
-3470.4 8985.1 -14.8 233 0 34.9 7.9 10.5 3.5 2 0 3 4 4
-3053.7 7774.4 -13.6 274 0 12.4 30.7 14.0 3.5 2 1 4 2 2
-3354.5 8453.5 -16.1 148 0 108.6 4.1 10.5 0.0 0 0 3 3 3
-3457.9 7818.8 -8.0 3 0 19.9 6.5 10.5 3.5 2 0 3 1 1
-3199.1 8072.3 -13.4 4 0 19.1 11.3 14.0 3.5 2 0 4 5 5
-3426.0 7988.1 -10.0 185 0 30.1 17.5 14.0 3.5 2 0 4 0 0
-3159.2 8708.1 -14.7 48 0 14.1 89.9 10.5 3.5 2 1 3 0 0
-3335.4 8569.1 -16.1 47 0 9.3 9.1 10.5 3.5 2 0 3 3 3
-3445.6 9146.0 -13.8 246 0 7.8 27.0 10.5 3.5 2 1 3 2 2
-3437.1 8624.2 -16.0 229 0 10.2 5.5 10.5 3.5 2 0 3 1 1
-2665.1 7708.8 -15.2 333 0 36.2 11.9 14.0 3.5 2 0 4 3 3
-2822.3 8752.9 -11.2 226 0 6.1 26.0 10.5 3.5 2 1 3 0 0
-3390.1 8110.6 -12.6 5 0 37.9 16.4 14.0 3.5 2 0 4 1 1
-3006.8 7928.7 -12.8 235 0 11.0 21.1 14.0 3.5 2 1 4 5 5
-3500.1 9013.9 -14.6 142 0 8.7 40.4 10.5 3.5 2 1 3 0 0
-3396.3 9157.1 -13.2 241 0 5.3 15.7 10.5 3.5 2 1 3 2 2
-3231.6 8084.3 -13.2 275 0 14.4 19.1 14.0 3.5 4 1 4 5 5
-3452.9 9004.8 -14.2 62 0 7.7 26.3 10.5 3.5 2 1 3 5 5
-2775.4 7690.3 -16.0 153 0 35.4 18.6 14.0 0.0 0 0 4 2 2
-3528.7 9081.9 -14.8 157 0 7.4 31.7 10.5 3.5 2 1 3 1 1
-3419.2 9043.0 -14.1 241 0 27.3 65.9 14.0 0.0 0 1 4 0 0
-3298.6 8702.9 -16.3 227 0 14.0 89.6 10.5 3.5 2 1 3 4 4
-2884.8 7741.9 -16.1 145 0 46.9 13.9 14.0 0.0 0 0 4 5 5
-3568.4 8729.7 -15.8 47 0 14.3 33.9 14.0 3.5 2 1 4 2 2
-2614.6 8116.3 -16.1 325 0 33.7 16.2 14.0 3.5 2 0 4 5 5
-2583.5 9132.6 -5.4 142 0 70.1 20.7 14.0 0.0 0 0 4 1 1
-3318.6 8685.0 -16.4 227 0 14.0 89.4 10.5 3.5 2 1 3 1 1
-3548.7 8920.7 -16.1 233 0 16.5 55.2 14.0 0.0 0 1 4 3 3
-3178.7 8690.7 -15.1 48 0 14.4 89.2 10.5 3.5 2 1 3 2 2
-3466.9 7701.6 -9.1 4 0 49.0 79.8 14.0 0.0 0 1 4 0 0
-3341.5 8576.5 -16.1 49 0 9.9 20.7 10.5 3.5 2 1 3 2 2
-3461.7 8198.7 -13.5 143 0 41.6 8.6 10.5 3.5 2 0 3 3 3
-3447.3 8929.1 -15.0 53 0 6.6 12.7 10.5 3.5 2 1 3 5 5
-3411.4 9060.6 -14.0 60 0 54.3 60.7 14.0 0.0 0 1 4 5 5
-3508.0 9134.7 -14.6 245 0 7.5 43.2 10.5 3.5 4 1 3 4 4
-2810.9 8763.0 -11.1 226 0 10.5 26.3 14.0 3.5 2 1 4 1 1
-3379.1 8536.2 -16.1 138 0 24.6 14.3 10.5 3.5 4 0 3 0 0
-2433.2 8877.7 -7.5 66 0 16.8 7.4 10.5 3.5 2 0 3 1 1
-3488.4 9133.2 -14.3 246 0 7.6 33.1 10.5 3.5 2 1 3 5 5
-3585.0 8865.6 -15.9 229 0 7.7 7.3 10.5 0.0 0 0 3 3 3
-3402.5 8562.7 -16.1 137 0 24.0 14.5 10.5 3.5 2 0 3 0 0
-2454.2 8877.9 -7.5 156 0 7.5 9.4 10.5 3.5 4 1 3 2 2
-3013.5 7756.0 -14.1 5 0 30.6 15.6 14.0 3.5 2 0 4 4 4
-3510.3 8954.0 -15.5 233 0 7.7 58.5 10.5 3.5 2 1 3 4 4
-3105.8 7764.2 -13.0 274 0 12.9 21.5 14.0 3.5 2 1 4 3 3
-3439.3 9032.4 -14.5 331 0 157.2 20.0 14.0 0.0 0 0 4 1 1
-3534.1 9110.5 -14.8 156 0 5.5 23.9 10.5 3.5 2 1 3 4 4
-3520.5 9168.6 -14.6 232 0 7.1 35.9 10.5 3.5 2 1 3 1 1
-3578.9 8871.4 -15.9 136 0 16.1 41.1 14.0 3.5 2 1 4 5 5
-3461.2 7778.6 -8.3 3 0 15.8 14.1 14.0 3.5 2 0 4 5 5
-2408.7 8609.3 -10.2 54 0 11.9 15.2 2.5 2.5 2 1 1 4 4
-2865.9 7768.3 -15.8 324 0 22.5 10.1 14.0 3.5 2 0 4 5 5
-3574.3 8844.4 -16.0 142 0 19.4 50.5 14.0 3.5 2 1 4 5 5
-3458.0 8919.3 -15.2 53 0 7.9 4.5 10.5 0.0 0 0 3 4 4
-2982.9 7944.7 -13.0 235 0 11.1 21.6 14.0 3.5 2 1 4 4 4
-3459.6 7798.0 -8.2 3 0 16.0 47.8 14.0 3.5 2 1 4 1 1
-3532.7 8972.9 -15.3 232 0 5.3 8.4 10.5 3.5 2 1 3 0 0
-3465.4 9000.3 -14.4 151 0 6.8 8.2 10.5 3.5 2 1 3 4 4
-3421.0 9144.0 -13.5 246 0 5.9 15.4 10.5 0.0 0 1 3 1 1
-3486.8 8981.3 -14.8 53 0 7.5 39.3 10.5 3.5 4 1 3 5 5
-2734.8 7740.4 -15.8 234 0 65.1 37.0 14.0 0.0 0 0 4 0 0
-3408.4 9150.3 -13.4 244 0 4.8 15.2 10.5 3.5 2 1 3 1 1
-3080.6 7760.8 -13.4 275 0 17.1 21.0 14.0 3.5 2 1 4 2 2
-3338.6 8667.5 -16.4 228 0 14.5 89.7 10.5 3.5 2 1 3 4 4
-3500.2 8962.0 -15.3 233 0 6.9 58.5 10.5 3.5 2 1 3 1 1
-3016.7 7716.3 -14.4 4 0 32.9 93.5 14.0 0.0 0 1 4 4 4
-3198.6 8672.6 -15.4 48 0 14.0 89.7 10.5 3.5 2 1 3 5 5
-3539.7 8931.7 -16.0 233 0 7.6 58.8 10.5 3.5 2 1 3 2 2
-3278.8 8721.2 -15.9 228 0 14.5 89.5 10.5 3.5 2 1 3 1 1
-3190.7 8800.2 -14.3 228 0 14.3 89.3 10.5 3.5 4 1 3 5 5
-3485.5 7780.5 -8.0 3 0 15.6 13.5 14.0 3.5 2 0 4 0 0
-3201.1 8042.9 -13.0 4 0 34.2 40.5 14.0 0.0 0 1 4 5 5
-3409.0 8138.2 -12.7 184 0 6.2 8.8 10.5 3.5 2 1 3 5 5
-3857.9 8593.0 -10.1 84 0 8.1 44.2 7.5 2.5 2 1 3 4 4
-2624.3 8167.2 -15.5 145 0 27.1 10.3 14.0 3.5 2 0 4 4 4
-3504.0 8273.6 -14.3 234 0 8.0 53.7 10.5 3.5 2 1 3 2 2
-4047.5 7433.2 -10.9 266 0 35.8 56.7 12.5 0.0 0 1 5 5 5
-2554.6 7744.7 -15.2 64 0 14.6 50.0 14.0 3.5 2 1 4 4 4
-2888.0 7962.1 -14.3 236 0 14.2 42.2 14.0 3.5 2 1 4 3 3
-2627.7 7837.9 -16.1 154 0 21.7 15.4 14.0 3.5 2 0 4 0 0
-2527.9 7736.2 -15.1 64 0 16.3 64.5 14.0 0.0 0 1 4 3 3
-2690.5 7656.5 -14.8 62 0 59.3 19.2 14.0 3.5 2 0 4 5 5
-2484.5 7701.5 -14.4 65 0 12.0 46.7 14.0 3.5 2 1 4 5 5
-2656.4 7802.4 -16.1 153 0 55.7 10.3 14.0 3.5 4 0 4 5 5
-2596.3 7813.6 -15.8 154 0 49.0 14.0 14.0 3.5 2 0 4 0 0
-2572.8 7876.1 -16.0 244 0 15.5 65.8 14.0 3.5 2 1 4 2 2
-2604.3 7778.8 -15.8 154 0 104.6 16.0 14.0 0.0 0 0 4 3 3
-2554.1 7883.8 -16.0 244 0 15.8 64.1 14.0 3.5 2 1 4 3 3
-2619.6 7681.5 -14.6 332 0 18.5 19.1 14.0 0.0 0 1 4 2 2
-2634.7 7808.3 -16.0 154 0 65.3 13.3 14.0 0.0 0 0 4 0 0
-4006.8 7435.4 -8.0 266 0 36.7 55.7 12.5 0.0 0 1 5 5 5
-2678.1 7767.2 -15.6 332 0 8.3 24.3 10.5 3.5 2 1 3 4 4
-2707.5 7912.9 -16.5 146 0 23.8 24.8 14.0 3.5 2 1 4 3 3
-4756.4 7255.0 -9.5 266 0 36.8 180.4 12.5 0.0 0 1 5 3 3
-2401.2 7740.2 -14.5 334 0 91.8 15.5 14.0 3.5 2 0 4 2 2
-2536.3 7893.5 -16.1 244 0 15.4 65.2 14.0 3.5 2 1 4 4 4
-2764.9 7663.9 -15.2 152 0 14.7 5.1 10.5 3.5 2 0 3 0 0
-2467.4 7710.8 -14.4 64 0 12.1 46.2 14.0 3.5 2 1 4 5 5
-2596.3 7745.5 -15.1 154 0 37.8 6.6 10.5 0.0 0 0 3 1 1
-3937.2 7413.9 -7.8 356 0 56.3 38.3 15.0 0.0 0 0 6 0 0
-2528.9 7589.2 -13.4 61 0 13.8 24.7 14.0 3.5 2 1 4 2 2
-4406.6 7743.4 -13.2 356 0 39.9 5.4 10.5 3.5 2 0 3 3 3
-2682.0 7835.3 -16.6 146 0 25.6 34.3 14.0 0.0 0 1 4 4 4
-2450.6 7720.0 -14.4 64 0 11.8 44.8 14.0 3.5 2 1 4 3 3
-2508.9 7744.8 -15.1 64 0 15.7 65.3 14.0 3.5 2 1 4 2 2
-2591.2 7866.6 -16.1 244 0 16.3 65.2 14.0 3.5 2 1 4 0 0
-2479.4 7795.4 -15.2 333 0 65.2 15.9 14.0 3.5 2 0 4 3 3
-2715.3 7783.9 -16.0 235 0 10.2 20.8 14.0 3.5 2 1 4 1 1
-2490.1 7753.8 -15.1 63 0 15.9 65.2 14.0 3.5 2 1 4 2 2
3841.3 -2633.1 -3.7 340 0 98.6 20.9 63.0 0.0 0 0 18 0 0
3693.3 -10070.5 -5.2 88 0 118.1 180.9 17.5 0.0 0 1 5 4 4
3910.8 -2648.1 -3.6 267 0 19.9 60.3 17.5 3.5 2 0 5 0 0
3947.6 -2637.5 -3.4 78 0 15.4 49.6 14.0 3.5 2 0 4 5 5
3996.7 -2675.0 -3.2 353 0 49.3 18.6 17.5 3.5 2 0 5 1 1
3892.8 -2575.4 -3.7 84 0 187.2 25.5 17.5 0.0 0 0 5 5 5
3941.4 -2771.6 -3.2 86 0 20.1 54.5 17.5 3.5 2 0 5 3 3
3845.4 -2917.1 -3.4 181 0 77.9 21.2 7.5 0.0 0 0 3 0 0
3867.5 -2806.3 -3.2 264 0 16.4 53.5 12.5 2.5 2 0 5 1 1
3913.2 -2860.0 -3.2 266 0 16.4 52.2 10.0 2.5 2 0 4 1 1
3954.6 -2804.5 -3.1 269 0 19.8 51.8 10.0 2.5 2 0 4 1 1
3997.3 -2891.9 -3.0 0 0 59.9 17.1 7.5 2.5 2 0 3 2 2
3970.5 -2950.6 -3.0 356 0 53.8 17.2 7.5 2.5 2 0 3 2 2
3910.8 -2648.1 -3.6 267 0 19.9 60.3 17.5 3.5 2 0 5 0 0
3947.6 -2637.5 -3.4 78 0 15.4 49.6 14.0 3.5 2 0 4 5 5
3996.7 -2675.0 -3.2 353 0 49.3 18.6 17.5 3.5 2 0 5 5 5
3941.4 -2771.6 -3.2 86 0 20.1 54.5 17.5 3.5 2 0 5 0 0
3845.4 -2917.1 -3.4 181 0 77.9 21.2 10.0 0.0 0 0 4 0 0
3867.5 -2806.3 -3.2 264 0 16.4 53.5 10.0 2.5 2 0 4 3 3
3913.2 -2860.0 -3.2 266 0 16.4 52.2 7.5 2.5 2 0 3 3 3
3954.6 -2804.5 -3.1 269 0 19.8 51.8 5.0 2.5 2 0 2 0 0
3997.3 -2891.9 -3.0 0 0 59.9 17.1 12.5 2.5 2 0 5 4 4
3970.5 -2950.6 -3.0 356 0 53.8 17.2 10.0 2.5 2 0 4 5 5
4252.5 -2448.8 -3.1 83 0 144.0 22.7 14.0 0.0 0 0 4 2 2
3836.4 -3000.8 -4.0 180 0 57.1 22.3 10.0 0.0 0 0 4 2 2
3845.0 -3091.0 -4.3 82 0 19.3 47.7 10.0 2.5 2 1 4 1 1
3921.7 -3089.9 -4.1 87 0 22.8 53.2 10.0 2.5 2 1 4 0 0
3982.8 -3085.2 -3.7 90 0 20.2 44.0 7.5 2.5 2 1 3 3 3
4076.2 -3089.2 -3.3 89 0 20.6 50.9 10.0 0.0 0 1 4 1 1
4131.9 -3090.1 -3.0 88 0 14.2 45.4 5.0 2.5 2 1 2 2 2
3835.2 -3137.8 -4.5 260 0 29.0 47.0 10.0 0.0 0 1 4 0 0
3793.0 -3211.4 -5.2 194 0 48.0 22.6 7.5 2.5 2 0 3 2 2
4049.5 -2998.8 -2.9 180 0 61.1 20.8 10.0 2.5 2 0 4 4 4
4047.4 -2911.7 -2.9 180 0 72.0 21.7 7.5 2.5 2 0 3 1 1
4094.1 -3000.4 -2.7 184 0 65.1 18.4 10.0 2.5 2 0 4 0 0
4106.8 -2913.2 -2.7 180 0 66.1 22.0 10.0 2.5 2 0 4 4 4
4065.1 -2806.2 -2.9 267 0 22.6 53.5 10.0 2.5 4 1 4 4 4
4152.7 -2805.4 -2.7 271 0 24.1 70.8 7.5 0.0 0 1 3 3 3
4234.5 -2800.4 -2.7 267 0 21.6 70.8 7.5 2.5 2 1 3 0 0
4150.1 -3033.7 -2.6 89 0 20.7 67.5 7.5 2.5 2 1 3 5 5
4085.9 -3142.7 -3.4 269 0 24.1 86.7 10.0 0.0 0 1 4 3 3
3134.3 -2653.6 -2.9 181 0 31.8 57.6 17.5 0.0 0 1 5 4 4
2624.5 -3368.4 -2.8 83 0 56.7 121.2 14.0 0.0 0 1 4 0 0
4142.5 -2527.8 -3.0 271 0 20.3 50.5 7.5 0.0 0 1 3 0 0
4041.7 -2725.5 -3.1 177 0 55.9 25.5 10.0 2.5 2 0 4 0 0
3924.7 -3145.2 -4.1 268 0 17.4 45.9 7.5 2.5 2 1 3 0 0
4199.7 -2922.0 -2.6 0 0 69.3 13.5 10.0 2.5 2 0 4 3 3
4201.6 -2999.9 -2.5 360 0 69.8 14.9 10.0 2.5 2 0 4 2 2
4194.7 -3085.9 -2.6 89 0 14.7 41.9 5.0 2.5 2 1 2 5 5
4173.6 -3133.1 -3.1 267 0 18.8 91.1 7.5 0.0 0 1 3 0 0
4120.1 -3262.1 -4.0 177 0 45.9 19.0 10.0 2.5 2 0 4 1 1
4201.2 -3256.8 -3.4 354 0 46.6 13.6 10.0 2.5 4 0 4 0 0
4152.6 -2647.6 -3.0 358 0 101.0 25.5 10.0 0.0 0 0 4 3 3
4101.2 -2534.5 -3.1 265 0 46.7 16.2 10.0 2.5 2 0 4 0 0
4063.6 -2541.2 -3.1 268 0 16.4 49.5 12.5 2.5 2 1 5 2 2
4045.8 -2627.3 -3.1 182 0 50.1 16.4 7.5 2.5 2 0 3 4 4
4128.0 -2764.4 -3.0 92 0 17.6 47.4 7.5 0.0 0 1 3 5 5
4185.4 -2692.4 -2.7 176 0 69.5 19.2 10.0 2.5 2 0 4 3 3
4185.4 -2605.6 -2.9 179 0 91.7 18.1 12.5 0.0 0 0 5 0 0
4208.1 -2516.7 -2.9 268 0 20.8 31.7 7.5 0.0 0 1 3 0 0
4195.1 -2763.3 -3.0 87 0 19.4 27.6 7.5 2.5 2 1 3 5 5
4235.3 -2760.8 -2.9 91 0 18.3 27.5 7.5 2.5 2 1 3 0 0
4241.1 -2725.9 -2.6 86 0 17.4 46.8 7.5 2.5 2 1 3 4 4
4266.5 -2644.4 -2.6 0 0 49.1 18.0 10.0 2.5 2 0 4 0 0
4240.9 -2559.1 -2.7 268 0 17.4 50.9 5.0 2.5 2 1 2 2 2
4298.3 -2535.8 -2.7 0 0 51.4 26.3 7.5 0.0 0 0 3 3 3
4325.1 -2616.7 -2.5 10 0 69.5 24.0 7.5 0.0 0 0 3 3 3
4309.6 -2695.9 -2.4 13 0 65.4 19.1 10.0 2.5 2 0 4 0 0
4286.2 -2760.2 -2.7 90 0 16.2 27.9 7.5 2.5 2 1 3 4 4
3966.5 -2708.5 -3.1 180 0 11.5 38.1 17.5 3.5 2 1 5 3 3
3755.4 -3315.0 -4.8 189 0 25.7 40.1 7.5 0.0 0 1 3 1 1
3898.0 -3196.0 -4.7 270 0 22.5 47.6 10.0 2.5 4 1 4 4 4
4006.2 -3223.1 -4.0 0 0 45.2 21.1 10.0 0.0 0 0 4 5 5
3602.8 -3713.7 -4.4 199 0 100.6 21.3 7.5 0.0 0 0 3 4 4
3645.6 -3606.2 -4.8 202 0 105.7 20.2 7.5 0.0 0 0 3 0 0
3701.2 -3496.0 -5.5 284 0 23.9 58.7 5.0 2.5 2 1 2 3 3
3703.3 -3742.4 -4.1 91 0 24.3 69.6 10.0 0.0 0 0 4 3 3
3745.1 -3743.4 -4.1 91 0 21.2 72.2 12.5 2.5 2 0 5 3 3
3795.6 -3709.5 -3.9 0 0 70.0 17.9 10.0 2.5 2 0 4 3 3
3693.3 -3613.6 -4.9 192 0 43.2 32.8 7.5 2.5 2 0 3 4 4
3184.7 -990.3 -3.6 354 0 110.6 84.6 10.0 0.0 0 0 4 4 4
2909.2 -1538.4 0.7 81 0 25.9 81.2 17.5 0.0 0 1 5 0 0
2887.2 -1419.2 1.1 174 0 63.5 21.3 17.5 3.5 2 0 5 2 2
2890.0 -1298.7 1.0 267 0 23.1 80.4 17.5 0.0 0 1 5 5 5
2969.5 -1504.7 0.2 353 0 52.3 23.1 17.5 3.5 2 0 5 5 5
2960.9 -1445.1 0.7 351 0 49.4 19.7 17.5 3.5 2 0 5 0 0
2955.2 -1383.8 0.8 355 0 50.3 18.7 17.5 3.5 2 0 5 3 3
2936.9 -1298.5 0.8 262 0 18.1 52.2 17.5 0.0 0 1 5 4 4
2929.2 -1823.4 1.2 80 0 21.7 64.2 12.5 2.5 2 1 5 2 2
2903.1 -1709.0 0.3 175 0 65.5 21.2 12.5 2.5 2 0 5 4 4
2903.0 -1590.5 -0.0 264 0 21.6 64.6 7.5 2.5 2 1 3 1 1
2985.5 -1819.3 0.7 83 0 22.4 102.9 7.5 0.0 0 1 3 0 0
2979.2 -1639.5 0.2 354 0 101.2 25.5 7.5 0.0 0 0 3 0 0
4026.7 1924.5 -3.8 273 0 17.1 55.2 12.5 2.5 2 1 5 0 0
4060.7 1923.2 -3.9 272 0 20.0 59.2 7.5 2.5 2 1 3 4 4
4099.7 1917.8 -4.0 273 0 21.1 57.3 7.5 2.5 2 1 3 5 5
4146.0 1887.5 -4.1 6 0 55.6 17.5 7.5 2.5 2 0 3 0 0
4144.7 1841.2 -4.1 8 0 19.7 15.0 10.0 2.5 2 0 4 4 4
4104.8 1821.2 -4.0 1 0 62.6 13.9 12.5 2.5 2 0 5 1 1
4053.5 1823.5 -3.9 182 0 64.4 13.2 5.0 2.5 2 0 2 4 4
4146.1 1789.7 -4.1 3 0 62.7 12.8 12.5 2.5 2 0 5 1 1
4144.4 1738.7 -3.0 359 0 13.8 15.4 7.5 0.0 0 1 3 5 5
4142.9 1711.2 -2.4 7 0 21.0 16.0 10.0 0.0 0 0 4 4 4
4140.4 1683.8 -2.7 6 0 16.4 15.6 10.0 2.5 2 0 4 2 2
2580.0 -3019.5 -1.7 263 0 20.6 77.5 17.5 3.5 2 1 5 2 2
-519.7 -3647.8 0.2 78 0 74.8 34.7 17.5 0.0 0 0 5 3 3
1918.0 -1656.1 -0.8 175 0 35.9 88.3 14.0 0.0 0 1 4 3 3
-948.8 1872.9 -4.3 165 0 70.8 17.1 7.5 2.5 2 0 3 5 5
-997.0 2036.7 -5.0 162 0 76.1 17.1 10.0 2.5 4 0 4 4 4
-923.3 1948.2 -4.8 165 0 76.4 18.3 7.5 2.5 2 0 3 3 3
-955.7 2070.8 -5.2 244 0 21.0 77.9 10.0 0.0 0 1 4 1 1
-831.5 2000.9 -3.9 249 0 24.1 56.3 10.0 2.5 2 1 4 1 1
-787.7 2085.0 -3.9 250 0 24.4 123.3 10.0 0.0 0 1 4 1 1
-713.7 2022.6 -4.1 251 0 26.3 40.1 7.5 0.0 0 1 3 0 0
-740.4 2099.1 -4.2 250 0 22.5 65.2 7.5 2.5 2 1 3 0 0
-693.6 2112.4 -4.5 256 0 28.2 71.5 5.0 0.0 0 1 2 1 1
-672.6 2035.6 -4.3 249 0 25.7 40.6 7.5 0.0 0 1 3 2 2
-606.3 2022.9 -4.6 336 0 64.1 25.6 7.5 0.0 0 0 3 4 4
-654.5 2123.2 -4.7 249 0 25.6 70.3 10.0 0.0 0 1 4 3 3
-614.0 2132.1 -4.9 253 0 21.3 68.8 7.5 2.5 2 1 3 4 4
-566.7 2034.0 -4.8 340 0 57.8 22.7 7.5 2.5 2 0 3 5 5
-534.7 1940.9 -4.9 341 0 75.4 19.7 7.5 2.5 2 0 3 2 2
-507.1 1861.1 -5.0 341 0 70.9 22.2 10.0 2.5 2 0 4 2 2
-477.3 1745.8 -5.0 72 0 22.3 71.5 7.5 2.5 2 1 3 4 4
-519.5 1737.3 -4.8 71 0 24.0 74.9 7.5 0.0 0 1 3 4 4
-546.4 1854.6 -4.8 340 0 76.4 23.0 7.5 0.0 0 0 3 1 1
-574.3 1935.9 -4.5 339 0 77.4 21.1 10.0 0.0 0 0 4 1 1
4056.2 -2477.3 -3.5 88 0 68.3 103.0 17.5 0.0 0 1 5 3 3
207.7 6238.2 -8.2 338 0 111.4 110.3 14.0 0.0 0 0 4 2 2
797.1 5320.1 -9.2 70 0 13.0 20.0 14.0 3.5 2 1 4 4 4
-1742.4 -9812.1 -1.3 344 0 57.5 33.9 14.0 0.0 0 0 4 2 2
3500.3 -9927.7 -4.6 88 0 49.9 130.4 17.5 0.0 0 1 5 2 2
301.9 -10591.1 -0.9 91 0 32.9 34.8 14.0 0.0 0 1 4 2 2
254.0 -10506.4 -1.5 180 0 37.2 33.2 14.0 0.0 0 0 4 0 0
251.0 -9858.5 -1.6 360 0 45.9 46.5 77.0 0.0 0 0 22 4 4
133.0 -9881.9 -1.6 90 0 46.5 46.1 77.0 0.0 0 0 22 4 4
-2363.1 -4044.6 -4.0 269 0 93.6 16.4 17.5 3.5 2 0 5 5 5
-2463.1 -7918.5 -5.4 262 0 11.6 33.6 17.5 3.5 4 1 5 5 5
-2446.7 -7985.6 -5.7 351 0 48.9 10.9 17.5 3.5 2 0 5 1 1
-2503.8 -7917.5 -5.6 262 0 10.9 49.7 17.5 3.5 2 1 5 0 0
-2501.7 -8002.8 -5.8 170 0 47.9 12.7 17.5 3.5 2 0 5 1 1
-2528.3 -8038.1 -6.0 70 0 13.5 48.7 17.5 3.5 2 1 5 4 4
-2543.1 -7921.1 -5.8 269 0 13.2 49.2 17.5 3.5 2 1 5 4 4
-2578.7 -7917.0 -6.1 279 0 12.8 51.4 17.5 3.5 2 1 5 0 0
-2470.7 -7846.4 -5.2 263 0 10.9 49.8 17.5 3.5 4 1 5 3 3
-2510.8 -7842.8 -5.6 262 0 11.9 49.9 17.5 3.5 2 1 5 2 2
-2544.5 -7897.5 -6.0 83 0 11.5 49.4 17.5 0.0 0 1 5 1 1
-2617.0 -7918.1 -6.4 279 0 11.1 49.9 17.5 0.0 0 1 5 1 1
-2661.0 -7917.0 -5.3 270 0 12.4 50.1 17.5 0.0 0 1 5 5 5
-2587.2 -7838.4 -6.3 271 0 10.4 49.9 17.5 3.5 2 1 5 1 1
-2627.1 -7839.1 -6.7 271 0 11.7 50.3 17.5 3.5 2 1 5 0 0
-2668.0 -7839.3 -6.5 271 0 10.9 49.9 17.5 3.5 2 1 5 2 2
-2707.1 -7839.7 -5.4 270 0 13.7 59.9 17.5 3.5 2 1 5 1 1
-2702.2 -7915.5 -4.2 263 0 14.4 76.7 17.5 3.5 2 1 5 5 5
-2455.1 -8033.3 -5.6 253 0 11.9 37.5 12.5 2.5 2 1 5 3 3
-2488.4 -8043.3 -5.5 253 0 12.3 36.9 7.5 0.0 0 1 3 5 5
-2425.1 -8132.0 -5.3 74 0 12.8 59.6 7.5 2.5 2 1 3 5 5
-2456.7 -8140.5 -5.2 73 0 15.2 59.1 10.0 2.5 2 1 4 3 3
1699.3 -10615.3 4.8 359 0 95.1 13.5 17.5 3.5 2 0 5 4 4
-174.0 -8548.1 -1.4 0 0 97.7 78.0 14.0 0.0 0 0 4 5 5
-1275.4 -9891.6 -1.4 90 0 28.3 126.8 17.5 0.0 0 1 5 2 2
-1278.8 -10665.7 -13.7 84 0 19.7 58.5 17.5 3.5 2 1 5 4 4
-1279.8 -10565.2 -10.5 354 0 59.6 18.8 17.5 3.5 4 0 5 4 4
-2030.4 -10480.2 -2.0 56 0 122.5 21.4 17.5 0.0 0 0 5 2 2
4947.9 -10230.3 -3.7 1 0 50.7 37.0 17.5 0.0 0 0 5 4 4
5016.3 -10194.7 -3.8 90 0 25.1 60.7 17.5 3.5 2 1 5 2 2
4978.0 -10193.5 -3.8 90 0 35.3 54.5 17.5 0.0 0 1 5 3 3
4983.7 -10672.8 -6.2 90 0 15.6 83.8 17.5 3.5 2 1 5 2 2
5007.8 -10546.1 -6.2 90 0 14.4 80.8 14.0 3.5 2 1 4 1 1
4945.5 -10547.9 -6.1 90 0 14.7 78.0 14.0 3.5 2 1 4 0 0
4878.2 -10475.5 -5.7 269 0 14.6 68.5 14.0 3.5 2 1 4 3 3
4930.8 -10194.1 -3.9 90 0 33.8 54.2 17.5 0.0 0 1 5 0 0
4896.7 -10292.9 -3.3 90 0 98.5 29.3 17.5 0.0 0 0 5 3 3
4786.8 -10291.6 -3.6 90 0 104.2 25.7 17.5 0.0 0 0 5 1 1
4475.9 1710.6 -3.8 86 0 69.7 51.4 7.5 0.0 0 0 3 0 0
1072.8 4413.4 -6.1 89 0 15.2 55.3 10.0 2.5 2 1 4 5 5
736.4 4490.8 -9.2 90 0 131.4 21.7 10.0 0.0 0 0 4 1 1
4338.0 7769.5 -16.5 178 0 89.5 61.4 14.0 0.0 0 0 4 5 5
3718.2 7642.2 -14.4 358 0 161.6 127.2 10.5 0.0 0 0 3 1 1
4318.4 8250.8 -19.4 179 0 90.5 67.2 14.0 0.0 0 0 4 3 3
3926.8 6663.0 -16.1 269 0 44.3 197.4 10.0 0.0 0 1 4 4 4
1695.9 -6509.9 0.4 359 0 85.9 20.1 14.0 0.0 0 0 4 1 1
1694.1 -6404.4 -0.5 359 0 88.8 20.6 17.5 0.0 0 0 5 1 1
1749.5 -6503.5 -0.2 179 0 78.4 21.0 17.5 0.0 0 0 5 3 3
1748.9 -6409.4 -0.2 180 0 92.4 19.3 17.5 0.0 0 0 5 5 5
1679.8 -6203.8 -0.3 270 0 22.4 85.3 17.5 0.0 0 1 5 2 2
1692.6 -6139.5 -0.2 0 0 95.1 24.4 17.5 0.0 0 0 5 5 5
1831.8 -6249.7 -0.4 1 0 63.4 20.1 14.0 3.5 2 0 4 3 3
1828.7 -6130.1 0.1 360 0 66.2 17.6 14.0 3.5 2 0 4 1 1
1856.7 -6297.7 -0.5 90 0 19.8 76.3 17.5 3.5 4 1 5 3 3
1897.5 -6300.1 -0.5 90 0 18.1 81.7 17.5 3.5 2 1 5 1 1
1935.6 -6299.7 -0.6 90 0 15.8 82.6 14.0 3.5 2 1 4 0 0
1856.4 -6162.4 0.1 91 0 16.7 88.0 14.0 3.5 2 1 4 2 2
1897.1 -6072.4 0.2 271 0 20.1 86.6 14.0 0.0 0 1 4 0 0
1935.6 -6075.0 0.1 271 0 18.7 82.5 14.0 3.5 2 1 4 0 0
1963.4 -6243.4 -0.5 179 0 84.6 20.8 14.0 0.0 0 0 4 2 2
1974.0 -6081.1 -0.3 270 0 20.9 94.1 17.5 0.0 0 1 5 0 0
1319.9 -10018.6 -1.3 90 0 17.0 124.9 7.5 0.0 0 1 3 4 4
1318.7 -9760.4 -0.4 270 0 17.2 116.1 7.5 0.0 0 1 3 0 0
1241.9 -9761.4 -2.1 269 0 16.8 112.9 10.0 0.0 0 1 4 1 1
1162.0 -9829.1 -1.8 181 0 95.0 16.9 17.5 0.0 0 0 7 2 2
1366.4 -10324.5 -2.9 90 0 82.1 15.5 7.5 2.5 2 0 3 3 3
1328.5 -10201.9 -2.4 270 0 15.4 102.9 10.0 2.5 2 1 4 1 1
1407.1 -10195.4 -2.8 270 0 16.7 106.1 7.5 0.0 0 1 3 5 5
1174.9 -10199.9 -1.5 270 0 15.4 107.6 10.0 0.0 0 1 4 4 4
1212.2 -10324.7 -2.3 90 0 80.4 16.2 10.0 2.5 4 0 4 2 2
1252.1 -10197.5 -2.0 271 0 15.7 107.2 7.5 0.0 0 1 3 0 0
1448.7 -10205.5 -2.5 180 0 294.1 248.1 14.0 0.0 0 0 4 0 0
1449.8 -9879.1 -1.7 180 0 285.2 242.9 17.5 0.0 0 0 5 1 1
4042.0 -10502.4 -6.7 270 0 48.3 75.6 17.5 0.0 0 1 5 1 1
3976.9 -10489.1 -3.3 180 0 22.9 16.7 17.5 3.5 2 0 5 2 2
3908.4 -10457.3 -6.7 270 0 91.6 120.9 14.0 0.0 0 1 4 1 1
3975.9 -10624.2 -6.2 180 0 58.4 88.6 14.0 0.0 0 1 4 1 1
1619.8 -9091.7 2.6 358 0 33.8 36.7 10.0 0.0 0 1 4 2 2
1467.6 -9176.9 -2.6 180 0 70.5 20.2 15.0 2.5 2 0 6 5 5
1512.9 -9185.2 -2.3 183 0 60.5 19.0 15.0 2.5 4 0 6 1 1
1494.8 -9130.4 -2.6 181 0 16.3 51.4 12.5 2.5 2 1 5 2 2
1577.1 -9184.5 -1.2 2 0 72.6 19.0 15.0 2.5 2 0 6 4 4
1624.4 -9190.3 -0.8 1 0 87.1 16.6 15.0 2.5 4 0 6 1 1
1453.2 -9279.7 -1.1 183 0 92.8 20.0 15.0 0.0 0 0 6 1 1
1522.9 -9293.1 -1.1 92 0 19.7 63.3 15.0 2.5 2 1 6 1 1
1566.3 -9290.6 -1.2 93 0 20.0 59.3 15.0 2.5 2 1 6 0 0
1608.9 -9288.8 -0.9 91 0 17.2 47.4 10.0 2.5 2 1 4 1 1
3208.1 4831.9 -6.2 216 0 84.9 41.9 14.0 0.0 0 0 4 2 2
2630.5 3378.7 -7.9 51 0 86.8 25.8 10.0 0.0 0 0 4 0 0
3371.8 3119.3 -1.6 180 0 23.1 55.7 14.0 3.5 2 1 4 0 0
5255.1 4959.9 -13.6 268 0 57.6 109.6 14.0 0.0 0 1 4 5 5
4637.2 9757.6 -13.0 86 0 21.3 42.3 14.0 0.0 0 1 4 1 1
4661.4 9776.7 -13.1 173 0 35.0 17.4 14.0 3.5 4 0 4 3 3
-5362.4 -10560.1 -4.6 90 0 33.8 46.3 7.5 0.0 0 1 3 5 5
-1207.3 -9796.0 -1.1 90 0 4.0 12.3 10.5 3.5 2 1 3 0 0
