4822.9 -6685.6 -0.0 137 0 23.7 83.4 5.0 0.0 0 1 2 0 0
5570.9 -4130.5 -2.4 95 0 11.4 158.6 10.0 0.0 0 1 4 0 0
5378.5 -8491.5 -10.4 180 0 23.4 88.8 5.0 0.0 0 1 2 1 1
4074.2 -7593.1 -0.2 77 0 12.8 99.9 14.0 3.5 2 1 4 2 2
3783.9 -7221.2 -2.7 327 0 14.6 292.3 14.0 0.0 0 1 4 1 1
4936.8 -7925.4 -4.4 347 0 91.8 114.3 12.5 0.0 0 1 5 2 2
4776.0 -7784.6 -2.1 76 0 115.6 79.3 10.0 0.0 0 0 4 2 2
4034.9 -7639.1 -0.7 346 0 60.4 12.9 14.0 3.5 4 0 4 5 5
4011.4 -7524.6 0.9 257 0 12.4 59.6 14.0 0.0 0 1 4 2 2
4049.8 -7703.5 -1.4 347 0 52.1 12.4 14.0 3.5 2 0 4 5 5
2152.9 4586.3 2.3 14 0 38.3 11.7 10.0 2.5 2 0 4 2 2
-568.1 8953.5 -3.7 8 0 29.6 13.9 10.0 2.5 2 0 4 4 4
1564.4 10413.0 -13.7 357 0 47.9 167.7 17.5 0.0 0 1 7 5 5
-2591.3 10032.5 -17.4 245 0 15.0 144.1 10.0 0.0 0 1 4 3 3
-2782.8 9933.0 -16.0 240 0 15.2 58.4 7.5 2.5 2 1 3 2 2
775.7 9977.0 -15.2 270 0 15.9 42.6 10.0 2.5 4 1 4 3 3
262.9 10327.7 -12.1 6 0 96.2 157.1 12.5 0.0 0 1 5 2 2
977.6 10645.1 -15.7 277 0 14.2 50.7 15.0 2.5 2 1 6 5 5
1224.3 10695.5 -14.8 90 0 14.4 37.7 12.5 2.5 2 1 5 4 4
-3445.2 9525.2 -13.9 338 0 98.8 24.4 10.0 0.0 0 0 4 4 4
1283.8 10566.2 -15.9 0 0 24.2 42.8 12.5 0.0 0 1 5 3 3
864.8 10298.9 -16.0 0 0 137.7 92.5 10.0 0.0 0 0 4 3 3
10.1 9754.3 -14.5 95 0 16.8 22.0 10.0 2.5 2 1 4 1 1
736.8 10527.7 -15.5 0 0 154.8 47.9 12.5 0.0 0 0 5 1 1
-3761.9 9739.4 -12.4 67 0 8.4 41.1 7.5 0.0 0 1 3 0 0
-452.2 8984.1 -8.1 91 0 13.9 30.6 12.5 2.5 2 1 5 1 1
1032.7 10638.2 -15.9 276 0 14.2 50.0 10.0 2.5 2 1 4 5 5
407.6 10233.2 -14.8 6 0 25.0 33.8 10.0 0.0 0 1 4 1 1
1284.8 10483.7 -15.1 1 0 13.2 37.3 10.0 2.5 2 1 4 5 5
86.5 10269.1 -9.4 186 0 18.5 60.1 10.0 2.5 2 1 4 2 2
743.6 9954.9 -14.3 179 0 85.3 12.9 10.0 2.5 2 0 4 5 5
-2793.5 9666.6 -16.1 171 0 44.4 13.8 7.5 2.5 2 0 3 5 5
-440.7 9080.2 -10.0 7 0 73.9 13.5 12.5 2.5 2 0 5 5 5
678.1 10615.7 -15.9 1 0 21.1 18.0 10.0 2.5 2 0 4 0 0
197.7 10130.2 -14.5 95 0 63.3 129.7 10.0 0.0 0 1 4 1 1
314.4 10123.1 -16.0 6 0 10.6 57.3 10.0 2.5 2 1 4 1 1
-483.3 9108.3 -9.4 97 0 13.3 75.1 10.0 2.5 2 1 4 3 3
-488.1 8970.0 -6.8 92 0 14.0 30.5 12.5 0.0 0 1 5 0 0
1285.4 10529.2 -15.5 0 0 22.7 36.8 10.0 0.0 0 1 4 0 0
361.3 10169.8 -16.1 96 0 18.9 54.2 10.0 2.5 2 1 4 0 0
-1.4 10032.2 -4.1 97 0 9.4 28.6 7.5 2.5 2 1 3 3 3
79.2 10194.4 -12.2 185 0 106.6 61.9 15.0 0.0 0 0 6 4 4
-567.2 9073.3 -7.9 99 0 12.6 74.7 12.5 2.5 2 1 5 0 0
-430.5 9160.6 -10.1 7 0 75.3 14.0 5.0 0.0 0 0 2 0 0
1288.4 10438.0 -14.8 360 0 48.4 37.3 5.0 0.0 0 0 2 3 3
142.9 9479.2 -14.4 273 0 18.0 56.3 15.0 2.5 2 1 6 4 4
210.4 10735.3 -14.8 277 0 71.2 207.6 10.0 0.0 0 1 4 0 0
1395.3 10464.2 -14.2 177 0 47.9 167.7 12.5 0.0 0 1 5 0 0
-526.2 9090.5 -8.9 98 0 12.2 75.4 10.0 2.5 2 1 4 2 2
-617.1 8960.2 -3.5 90 0 13.6 60.6 12.5 0.0 0 1 5 4 4
-2135.7 9717.3 -15.2 341 0 79.3 14.0 10.0 2.5 2 0 4 1 1
1212.8 10508.2 -15.7 181 0 65.2 25.1 10.0 0.0 0 0 4 0 0
1672.6 9975.8 -13.5 360 0 82.3 305.5 12.5 0.0 0 1 5 5 5
-2665.3 9917.4 -16.1 245 0 13.8 65.2 10.0 2.5 2 1 4 3 3
1229.4 10412.1 -14.7 91 0 6.5 25.9 5.0 2.5 2 1 2 2 2
-2853.3 9895.7 -15.5 242 0 14.8 58.9 10.0 2.5 2 1 4 1 1
-2119.6 9883.6 -17.9 71 0 136.1 99.8 10.0 0.0 0 0 4 1 1
-1979.2 9731.2 -16.7 161 0 21.6 125.5 14.0 0.0 0 1 4 5 5
-2819.2 9914.8 -15.8 241 0 14.2 58.9 7.5 2.5 2 1 3 2 2
842.1 9934.7 -15.5 90 0 16.0 42.6 5.0 2.5 2 1 2 3 3
865.8 10491.5 -14.8 270 0 11.9 42.2 12.5 2.5 4 1 5 5 5
-2523.2 9985.1 -17.5 335 0 143.9 13.5 12.5 0.0 0 0 5 1 1
-2748.3 9953.4 -16.3 241 0 14.1 58.9 7.5 2.5 2 1 3 1 1
-2887.7 9876.9 -15.2 241 0 12.9 56.2 7.5 2.5 2 1 3 4 4
-2134.0 10093.8 -14.9 157 0 101.7 39.9 10.0 0.0 0 0 4 1 1
-2695.5 9982.8 -16.7 245 0 14.1 59.7 10.0 0.0 0 1 4 0 0
-501.4 9834.9 -18.0 97 0 11.8 66.0 12.5 2.5 2 1 5 0 0
-443.3 9906.5 -17.1 275 0 13.7 73.9 10.0 2.5 2 1 4 5 5
-539.7 9906.9 -18.3 276 0 13.0 65.4 12.5 2.5 2 1 5 2 2
757.1 10674.0 -16.0 180 0 94.5 59.9 10.0 0.0 0 0 4 2 2
723.1 10626.2 -16.0 90 0 47.3 131.4 10.0 0.0 0 1 4 3 3
827.2 10691.6 -16.0 180 0 130.2 46.9 12.5 0.0 0 0 5 3 3
3921.8 -7579.3 -0.5 238 0 12.2 91.1 14.0 3.5 2 1 4 4 4
3948.8 -7563.1 -0.2 238 0 11.9 78.9 14.0 0.0 0 1 4 2 2
1038.0 36.8 -1.2 87 0 36.0 88.9 12.5 0.0 0 1 5 4 4
610.5 -651.3 1.1 358 0 50.3 12.2 10.0 2.5 2 0 4 3 3
1218.5 949.5 -0.2 267 0 22.3 127.8 12.5 0.0 0 1 5 1 1
990.4 28.7 -1.2 87 0 17.2 93.9 10.0 0.0 0 1 4 5 5
1054.3 499.9 2.3 264 0 156.7 49.8 7.5 0.0 0 0 3 4 4
858.7 -406.6 0.3 172 0 111.3 62.7 7.5 0.0 0 0 3 1 1
94.9 -980.8 -0.4 268 0 215.7 241.5 10.0 0.0 0 1 4 4 4
938.2 826.0 0.6 177 0 129.3 80.2 10.0 0.0 0 0 4 4 4
917.3 -921.2 2.0 88 0 24.4 117.4 10.0 0.0 0 1 4 3 3
962.1 609.3 1.7 357 0 51.5 16.6 7.5 2.5 2 0 3 5 5
373.6 -1218.2 -1.6 89 0 234.3 240.7 12.5 0.0 0 1 5 5 5
656.0 -273.6 1.2 262 0 61.5 84.3 12.5 0.0 0 1 5 5 5
959.0 -740.8 1.3 268 0 14.6 59.0 7.5 0.0 0 1 3 4 4
939.4 -380.9 0.1 351 0 83.6 9.0 7.5 2.5 2 0 3 3 3
708.5 -427.3 1.1 352 0 111.1 60.5 10.0 0.0 0 0 4 4 4
-6395.1 1703.2 -5.7 357 0 100.4 27.5 14.0 0.0 0 0 4 5 5
-6567.1 1338.5 -1.8 191 0 21.4 135.3 14.0 0.0 0 1 4 5 5
-5916.3 1676.2 -1.9 91 0 16.3 96.9 10.5 3.5 2 1 3 4 4
-6684.7 1368.0 -6.2 265 0 97.4 106.7 14.0 0.0 0 1 4 2 2
-6409.0 1268.9 -0.8 109 0 30.0 48.5 14.0 0.0 0 1 4 2 2
-6172.6 1397.6 -1.1 352 0 56.1 13.8 14.0 3.5 2 0 4 3 3
-6191.3 1489.0 -2.2 354 0 61.9 20.3 14.0 3.5 2 0 4 4 4
-6370.7 2098.1 -6.2 256 0 114.3 47.4 14.0 0.0 0 0 4 1 1
2945.0 9826.8 -9.8 301 0 23.3 75.1 10.0 0.0 0 1 4 0 0
2895.2 9820.6 -8.1 120 0 12.4 30.1 12.5 2.5 2 1 5 3 3
2922.8 9906.0 -6.9 292 0 12.0 43.0 7.5 2.5 2 1 3 2 2
2880.6 9921.4 -7.6 292 0 11.3 43.2 7.5 2.5 4 1 3 2 2
2834.0 9864.7 -8.2 212 0 31.5 12.5 15.0 0.0 0 0 6 3 3
-1527.3 9644.6 -6.3 340 0 76.9 17.9 14.0 3.5 2 0 4 2 2
6639.8 9172.3 -10.9 263 0 15.6 67.4 14.0 3.5 2 1 4 1 1
-1328.8 9496.5 -4.1 163 0 30.4 7.2 10.5 3.5 4 0 3 2 2
6626.8 9005.9 -10.7 84 0 14.3 81.8 14.0 3.5 2 1 4 0 0
4812.5 -7553.4 0.8 77 0 14.7 49.1 10.0 2.5 2 1 4 0 0
4239.4 -7949.5 -4.2 242 0 17.6 20.1 14.0 3.5 2 1 4 4 4
4707.5 -7399.2 -3.7 76 0 150.0 74.3 12.5 0.0 0 0 5 1 1
4344.2 -7860.6 -3.3 243 0 24.2 34.8 14.0 0.0 0 1 4 2 2
4989.1 -7844.5 -3.0 166 0 61.4 15.4 10.0 2.5 2 0 4 2 2
4389.1 -7844.3 -3.2 243 0 21.5 45.2 14.0 3.5 2 1 4 3 3
4197.9 -7088.1 -5.4 237 0 9.1 86.8 10.5 3.5 2 1 3 4 4
5044.4 -7863.7 -2.9 77 0 15.6 62.0 7.5 2.5 2 1 3 0 0
4189.7 -7210.2 -4.4 236 0 11.0 47.4 10.5 3.5 2 1 3 5 5
4370.4 -7195.2 -6.8 332 0 75.1 13.3 10.5 3.5 2 0 3 3 3
4483.5 -7948.3 -4.9 257 0 12.4 87.8 14.0 3.5 2 1 4 3 3
5181.5 -7939.7 -3.9 347 0 19.7 8.4 5.0 2.5 2 0 2 2 2
4322.6 -7277.3 -4.8 56 0 12.5 73.2 10.5 3.5 2 1 3 0 0
4640.1 -7896.3 -3.3 77 0 12.1 85.4 14.0 3.5 2 1 4 3 3
4316.4 -8012.5 -4.8 62 0 24.7 55.7 14.0 0.0 0 1 4 2 2
4220.2 -7189.6 -5.3 236 0 11.0 46.2 10.5 3.5 2 1 3 4 4
5046.9 -6726.4 -1.7 47 0 49.3 198.5 10.0 0.0 0 1 4 1 1
4317.0 -7187.2 -5.9 242 0 13.3 75.4 10.5 3.5 2 1 3 0 0
4485.0 -7735.1 -2.2 257 0 12.5 80.1 14.0 3.5 2 1 4 4 4
4256.2 -7311.1 -2.9 56 0 11.0 61.8 10.5 3.5 2 1 3 2 2
4541.9 -8041.7 -5.3 167 0 43.1 12.1 14.0 3.5 2 0 4 1 1
5080.4 -8025.3 -5.1 167 0 72.1 60.3 7.5 0.0 0 0 3 3 3
4519.5 -7925.2 -3.7 77 0 12.3 52.9 14.0 3.5 2 1 4 4 4
4269.0 -7184.2 -5.7 326 0 47.5 12.1 10.5 3.5 4 0 3 3 3
4285.9 -8028.6 -5.0 62 0 25.2 56.1 14.0 3.5 2 1 4 3 3
4668.7 -7889.7 -3.2 77 0 9.5 87.4 10.5 3.5 2 1 3 1 1
5176.2 -7329.6 -0.8 161 0 43.0 17.3 10.0 2.5 2 0 4 1 1
4288.6 -7293.6 -3.8 56 0 11.1 66.4 10.5 3.5 2 1 3 5 5
4447.9 -7778.9 -2.3 167 0 68.3 12.4 14.0 3.5 2 0 4 5 5
4521.8 -7726.7 -2.2 257 0 12.0 81.7 14.0 3.5 2 1 4 5 5
4172.1 -7303.4 -1.8 75 0 14.8 24.9 10.5 3.5 2 1 3 3 3
5125.2 -7939.4 -4.0 257 0 18.3 25.1 10.0 2.5 2 1 4 3 3
4561.0 -7915.1 -3.6 76 0 12.1 53.0 14.0 3.5 2 1 4 1 1
4408.0 -7277.8 -4.1 61 0 12.2 32.5 10.5 0.0 0 1 3 2 2
4596.0 -7709.3 -1.9 257 0 11.3 81.7 14.0 3.5 2 1 4 0 0
5263.9 -7220.8 -1.7 341 0 47.9 83.0 7.5 0.0 0 1 3 3 3
4250.0 -7094.5 -5.4 328 0 38.2 14.4 10.5 3.5 2 0 3 5 5
4658.5 -6849.8 -3.8 240 0 15.6 51.4 10.0 2.5 2 1 4 1 1
4559.8 -7717.7 -2.0 257 0 12.0 81.9 14.0 3.5 2 1 4 4 4
4475.0 -7713.4 -1.4 257 0 101.1 10.6 14.0 3.5 4 0 4 4 4
4705.9 -6881.8 -3.2 60 0 15.9 51.2 10.0 0.0 0 1 4 5 5
4754.4 -7399.0 -1.0 257 0 76.1 66.2 15.0 0.0 0 0 6 5 5
4189.2 -8002.1 -4.8 152 0 37.4 47.4 14.0 0.0 0 1 4 2 2
5083.1 -7217.1 -1.7 161 0 43.4 175.5 12.5 0.0 0 1 5 2 2
4566.0 -7848.1 -2.8 76 0 8.9 23.8 10.5 3.5 2 1 3 5 5
4518.9 -7858.9 -2.9 77 0 9.1 24.6 10.5 3.5 4 1 3 5 5
-6761.1 1796.8 -5.5 82 0 15.2 67.5 14.0 0.0 0 1 4 4 4
-6710.9 1883.6 -6.3 82 0 15.6 68.0 14.0 3.5 2 1 4 2 2
-6762.0 1992.4 -5.6 352 0 49.3 11.6 14.0 3.5 2 0 4 3 3
-6742.7 1534.8 -5.3 354 0 38.8 11.9 14.0 3.5 2 0 4 1 1
-6876.8 913.5 -2.4 353 0 36.2 18.4 7.5 0.0 0 0 3 0 0
-6754.0 1911.9 -5.9 172 0 67.5 15.9 14.0 0.0 0 0 4 1 1
-6722.1 2023.4 -6.4 262 0 11.8 50.3 14.0 3.5 2 1 4 1 1
-6616.7 1705.9 -6.9 172 0 198.2 24.2 14.0 0.0 0 0 4 2 2
-6095.7 1612.7 -3.0 281 0 11.7 29.0 14.0 3.5 2 1 4 0 0
-6729.7 1432.0 -5.3 354 0 24.9 10.0 14.0 3.5 2 0 4 5 5
-6652.5 1456.1 -5.9 83 0 71.0 109.3 14.0 0.0 0 1 4 3 3
-6769.5 1908.9 -5.4 352 0 67.6 15.5 10.5 3.5 2 0 3 4 4
-6651.0 1446.2 -6.0 263 0 71.3 19.2 14.0 3.5 2 0 4 3 3
-6678.2 1923.2 -6.8 352 0 68.2 15.4 14.0 3.5 2 0 4 2 2
-6741.2 1488.2 -5.2 355 0 40.0 9.0 10.5 3.5 2 0 3 5 5
-6634.9 1831.1 -7.1 172 0 24.4 148.4 14.0 0.0 0 1 4 4 4
-6122.4 1544.6 -2.6 187 0 69.4 11.6 14.0 3.5 4 0 4 3 3
-6119.0 1468.7 -1.7 8 0 49.5 12.2 14.0 3.5 2 0 4 1 1
-6175.6 8558.6 -9.8 68 0 13.0 72.6 14.0 3.5 2 1 4 2 2
-6279.1 8518.4 -10.5 68 0 17.0 73.1 14.0 3.5 2 1 4 0 0
-6173.9 8629.5 -9.8 337 0 14.9 12.8 14.0 3.5 4 0 4 1 1
-6244.3 8532.5 -10.3 68 0 17.1 73.1 14.0 3.5 2 1 4 0 0
-6328.1 8499.3 -11.2 68 0 47.7 102.8 14.0 0.0 0 1 4 4 4
-6209.1 8546.4 -10.1 68 0 17.8 72.6 14.0 3.5 2 1 4 0 0
-6502.5 1264.6 -0.9 199 0 47.9 30.3 14.0 0.0 0 0 4 1 1
-6202.7 1104.1 2.0 105 0 12.2 23.4 14.0 3.5 2 1 4 0 0
-6291.4 1228.4 0.1 110 0 13.5 53.5 14.0 3.5 2 1 4 2 2
-6302.6 1614.9 -3.7 264 0 16.6 56.4 14.0 3.5 2 1 4 2 2
-6378.9 1197.0 0.0 109 0 30.6 48.5 14.0 0.0 0 1 4 1 1
-6573.8 1303.1 -1.4 174 0 14.7 6.7 10.5 3.5 2 0 3 5 5
-6443.8 1776.5 -6.5 352 0 66.2 39.5 14.0 0.0 0 0 4 3 3
-6321.2 1177.0 1.0 198 0 9.1 93.6 10.5 3.5 2 1 3 5 5
-6563.1 1273.6 -1.1 198 0 30.6 59.5 14.0 0.0 0 1 4 0 0
-6067.5 1409.2 -0.5 279 0 14.3 105.9 17.5 3.5 2 1 5 1 1
-6405.6 1594.1 -3.8 268 0 24.4 66.3 14.0 0.0 0 1 4 0 0
-6448.1 1628.9 -4.6 83 0 11.3 29.7 14.0 3.5 2 1 4 1 1
-6494.1 1562.8 -3.9 267 0 85.0 109.7 14.0 0.0 0 1 4 0 0
-6359.7 1252.4 -0.5 109 0 30.9 47.7 14.0 0.0 0 1 4 3 3
-6335.1 1587.4 -3.4 264 0 15.4 33.0 14.0 3.5 2 1 4 1 1
-6284.6 2077.2 -7.0 167 0 24.2 58.1 10.5 3.5 2 1 3 2 2
-6162.6 1147.7 1.7 9 0 47.0 11.7 14.0 3.5 2 0 4 3 3
-6355.0 1192.2 0.3 108 0 10.8 42.0 14.0 3.5 2 1 4 2 2
-6232.0 1231.1 0.5 19 0 42.6 20.8 14.0 3.5 2 0 4 3 3
-6211.9 1187.7 1.3 288 0 11.3 39.5 14.0 3.5 2 1 4 2 2
-6307.4 1177.9 0.7 109 0 12.0 39.8 14.0 3.5 2 1 4 3 3
-6191.8 1293.6 0.3 279 0 12.3 39.3 14.0 3.5 2 1 4 5 5
-6554.1 1236.3 -0.6 198 0 21.3 161.9 14.0 0.0 0 1 4 0 0
-6279.1 1292.5 -0.4 19 0 15.8 48.1 14.0 3.5 2 1 4 2 2
-6266.5 1164.2 1.0 109 0 11.3 38.7 14.0 3.5 2 1 4 0 0
-6428.0 1214.1 -0.3 109 0 30.4 47.7 14.0 0.0 0 1 4 1 1
-6187.3 1216.1 0.8 19 0 42.9 19.7 14.0 3.5 2 0 4 0 0
-6337.6 1246.2 -0.3 109 0 10.7 52.5 14.0 3.5 2 1 4 2 2
-6301.9 2149.9 -6.2 166 0 27.3 58.4 10.5 3.5 2 1 3 3 3
-6293.5 2112.8 -6.6 167 0 24.2 58.3 10.5 3.5 2 1 3 0 0
-6187.8 1178.4 1.5 285 0 6.8 29.8 10.5 3.5 2 1 3 4 4
-6251.8 1520.1 -2.4 265 0 9.0 59.6 10.5 3.5 2 1 3 3 3
-5959.4 1770.5 -2.5 271 0 16.9 41.1 10.5 3.5 2 1 3 1 1
-6233.3 1531.7 -2.4 265 0 15.2 67.2 14.0 3.5 2 1 4 1 1
-6318.8 1370.4 -1.3 358 0 18.6 47.6 14.0 3.5 4 1 4 2 2
-6176.0 1175.2 1.6 284 0 8.7 45.0 10.5 3.5 2 1 3 3 3
-6627.0 1978.0 -5.5 83 0 14.6 59.4 14.0 0.0 0 1 4 0 0
-5959.2 1670.7 -2.3 90 0 16.3 34.1 10.5 3.5 2 1 3 0 0
-6566.2 1909.7 -6.6 353 0 85.0 19.4 14.0 0.0 0 0 4 5 5
-5999.8 1769.2 -3.1 272 0 17.4 40.8 10.5 3.5 2 1 3 1 1
-6299.8 1406.1 -1.9 358 0 49.2 108.7 14.0 0.0 0 1 4 3 3
-6211.8 1325.6 -0.3 8 0 25.3 11.3 14.0 3.5 2 0 4 3 3
-6032.8 1669.6 -3.4 93 0 12.8 103.2 10.5 3.5 2 1 3 1 1
-6427.3 1455.8 -2.4 268 0 15.6 28.8 14.0 3.5 2 1 4 5 5
-6338.3 1509.9 -2.7 267 0 65.3 79.1 14.0 0.0 0 1 4 0 0
-6573.9 1977.0 -5.4 83 0 18.4 72.3 14.0 3.5 2 1 4 1 1
-6045.9 1200.8 1.7 283 0 70.2 16.4 7.5 0.0 0 0 3 3 3
-6001.8 1670.4 -3.0 91 0 17.2 41.5 10.5 3.5 2 1 3 5 5
-6600.6 1973.1 -5.3 83 0 16.6 72.5 14.0 3.5 2 1 4 0 0
-6274.8 1524.5 -2.5 265 0 19.0 78.2 14.0 0.0 0 1 4 4 4
-6757.6 -6265.9 3.9 341 0 67.6 16.3 7.5 2.5 2 0 3 5 5
895.7 9740.4 -14.4 160 0 134.3 7.3 7.5 2.5 4 0 3 1 1
-6545.7 -562.4 -3.6 263 0 25.7 51.1 12.5 0.0 0 1 5 3 3
-2505.9 9863.5 -16.5 335 0 76.2 14.8 10.0 0.0 0 0 4 3 3
-2474.7 9880.7 -16.5 335 0 74.2 14.3 7.5 2.5 4 0 3 5 5
-6922.5 8470.8 -11.4 165 0 61.6 18.9 7.5 2.5 2 0 3 2 2
899.3 9563.5 -11.8 338 0 33.1 104.3 10.0 0.0 0 1 4 2 2
-6616.0 -637.0 -2.8 262 0 25.6 111.8 10.0 0.0 0 1 4 1 1
-6576.0 -631.2 -3.2 262 0 25.5 111.9 7.5 0.0 0 1 3 5 5
-2575.0 9835.5 -16.3 335 0 77.8 15.4 10.0 2.5 4 0 4 5 5
-2631.1 9939.5 -16.4 245 0 13.7 69.6 10.0 0.0 0 1 4 0 0
-6583.0 -575.0 -3.2 263 0 25.4 43.9 12.5 0.0 0 1 5 5 5
-2623.1 10020.1 -17.2 245 0 14.2 144.3 12.5 0.0 0 1 5 4 4
-6658.7 -699.4 -2.4 172 0 111.9 24.9 7.5 0.0 0 0 3 4 4
-2536.3 9850.9 -16.4 335 0 77.3 15.8 7.5 2.5 2 0 3 0 0
-6622.4 -585.3 -2.8 263 0 25.4 38.8 7.5 0.0 0 1 3 2 2
-2661.3 10003.7 -17.0 245 0 13.8 59.2 7.5 0.0 0 1 3 3 3
-5574.6 -939.0 -1.7 356 0 124.9 44.5 12.5 0.0 0 0 5 5 5
-6517.6 -679.3 -3.5 352 0 111.1 25.4 10.0 0.0 0 0 4 2 2
-2634.8 9849.5 -16.3 246 0 15.0 78.8 7.5 2.5 2 1 3 1 1
-2227.5 10069.8 -14.4 64 0 11.0 44.5 10.0 2.5 2 1 4 2 2
-2145.0 10019.4 -18.1 251 0 24.1 10.9 7.5 2.5 2 0 3 0 0
-2569.4 9726.4 -17.0 336 0 63.8 13.8 10.0 0.0 0 0 4 5 5
-2818.9 9736.6 -15.6 152 0 51.2 13.5 5.0 2.5 2 0 2 1 1
-2300.8 9505.4 -11.0 350 0 25.8 21.0 10.0 2.5 2 0 4 0 0
-2186.1 10072.0 -17.7 244 0 9.2 48.2 7.5 2.5 4 1 3 1 1
-2222.6 9653.3 -13.7 64 0 13.9 34.1 7.5 2.5 4 1 3 5 5
-2496.1 9648.2 -17.0 65 0 13.2 59.5 17.5 2.5 2 1 7 3 3
-2531.7 9626.9 -16.9 66 0 13.4 64.6 10.0 2.5 2 1 4 2 2
1127.6 9625.3 -10.4 68 0 24.8 111.5 10.0 0.0 0 1 4 0 0
-2853.4 9814.6 -15.1 241 0 14.2 50.7 10.0 2.5 2 1 4 1 1
-2219.7 10054.9 -18.0 244 0 11.1 57.6 12.5 2.5 2 1 5 2 2
-2532.7 9742.9 -17.1 335 0 64.4 13.3 10.0 2.5 2 0 4 4 4
-2749.6 9871.3 -15.5 241 0 13.6 64.0 7.5 2.5 2 1 3 0 0
-2751.8 9792.6 -15.9 241 0 12.6 59.0 10.0 2.5 2 1 4 3 3
-2620.6 9677.3 -16.7 73 0 14.4 49.6 10.0 2.5 4 1 4 1 1
-2265.7 10032.8 -18.0 244 0 21.1 60.0 7.5 2.5 2 1 3 0 0
-2468.9 9584.6 -15.3 65 0 13.3 56.3 10.0 2.5 2 1 4 0 0
-2243.2 10044.2 -17.8 244 0 10.7 58.0 12.5 2.5 2 1 5 4 4
-2425.4 9598.4 -15.5 66 0 13.6 69.5 7.5 2.5 2 1 3 5 5
-2750.5 9672.9 -16.4 163 0 59.9 13.1 7.5 2.5 2 0 3 3 3
-2292.0 9954.0 -17.3 154 0 7.6 24.3 5.0 2.5 2 1 2 5 5
-721.9 9596.0 -9.8 7 0 65.2 14.9 10.0 2.5 2 0 4 4 4
-2200.0 10063.5 -18.1 244 0 11.4 56.7 10.0 2.5 4 1 4 1 1
-2714.3 9890.4 -15.7 242 0 13.3 63.0 10.0 2.5 2 1 4 2 2
-2288.1 10022.3 -17.9 245 0 14.8 59.8 7.5 2.5 2 1 3 0 0
-2574.0 9544.3 -15.4 82 0 12.8 57.0 12.5 2.5 2 1 5 1 1
-2714.0 9807.5 -16.0 241 0 13.6 65.0 7.5 2.5 2 1 3 1 1
-2195.2 10086.0 -12.3 62 0 6.7 43.0 7.5 2.5 2 1 3 3 3
-2675.8 9695.6 -16.6 163 0 58.3 14.4 12.5 2.5 2 0 5 0 0
-2452.5 9747.8 -16.5 335 0 125.6 15.1 7.5 0.0 0 0 3 5 5
-2678.7 9826.3 -16.1 241 0 13.8 66.3 10.0 2.5 2 1 4 4 4
-2176.3 10088.8 -11.8 62 0 7.8 33.1 7.5 2.5 2 1 3 2 2
-2713.1 9684.7 -16.5 164 0 59.0 13.5 7.5 2.5 2 0 3 5 5
-2324.8 10008.7 -17.7 244 0 6.3 65.2 7.5 2.5 2 1 3 0 0
-354.3 9862.3 -17.5 7 0 72.6 11.6 15.0 0.0 0 0 6 0 0
-2582.2 9613.7 -16.9 82 0 13.3 50.7 10.0 2.5 2 1 4 2 2
-2281.4 9522.4 -11.9 254 0 12.2 20.7 10.0 2.5 4 1 4 5 5
-2791.2 9781.4 -15.8 241 0 12.7 60.2 7.5 2.5 2 1 3 1 1
-2400.9 9616.4 -15.7 66 0 15.0 69.4 15.0 2.5 2 1 6 5 5
-2422.4 9761.2 -16.6 335 0 126.7 13.0 10.0 0.0 0 0 4 4 4
-2291.4 10040.8 -18.0 65 0 9.3 39.0 7.5 0.0 0 1 3 0 0
1160.7 9738.5 -11.3 249 0 63.3 78.1 10.0 0.0 0 1 4 1 1
-2819.5 9833.4 -15.2 241 0 14.0 50.0 10.0 2.5 2 1 4 3 3
-2505.9 9567.9 -15.1 65 0 13.5 50.7 10.0 2.5 2 1 4 1 1
-2785.0 9852.1 -15.3 241 0 12.5 58.7 10.0 2.5 2 1 4 2 2
5338.1 9175.7 -15.0 85 0 11.9 51.9 10.5 3.5 2 0 3 4 4
5337.5 9263.1 -14.2 355 0 45.3 12.8 10.5 3.5 4 0 3 5 5
5323.6 9348.5 -13.4 265 0 10.8 47.4 10.5 3.5 2 1 3 2 2
5305.3 9168.2 -15.1 75 0 55.5 12.5 10.5 3.5 2 0 3 3 3
5244.3 9151.6 -15.1 74 0 41.6 14.1 10.5 3.5 2 0 3 5 5
4962.1 9175.3 -10.5 169 0 52.5 15.4 10.5 3.5 2 0 3 1 1
4953.7 9260.4 -10.3 259 0 15.2 48.7 10.5 3.5 2 0 3 0 0
5019.6 9098.1 -11.5 76 0 53.3 15.3 10.5 3.5 2 0 3 5 5
5090.9 9114.5 -13.5 77 0 60.8 15.3 10.5 3.5 2 0 3 3 3
4877.2 9240.8 -11.6 261 0 14.6 61.7 14.0 3.5 2 0 4 2 2
-6450.6 -553.0 -4.4 354 0 51.8 14.3 7.5 2.5 2 0 3 5 5
-6507.4 -3800.2 5.6 86 0 8.2 24.7 7.5 0.0 0 1 3 1 1
-6465.8 -754.3 -3.9 352 0 51.8 15.8 10.0 2.5 2 0 4 2 2
-6484.2 -631.7 -3.9 353 0 51.5 15.6 7.5 2.5 4 0 3 0 0
-6514.1 -800.1 -3.5 82 0 25.0 51.6 10.0 2.5 2 1 4 3 3
-6550.6 -813.0 -3.2 82 0 25.1 58.3 7.5 2.5 4 1 3 5 5
-6501.2 -543.4 -4.0 263 0 14.5 51.2 12.5 2.5 2 1 5 3 3
-6475.3 -690.3 -3.9 353 0 50.6 15.3 7.5 2.5 4 0 3 4 4
-6589.0 -828.9 -2.8 82 0 24.9 69.0 7.5 0.0 0 1 3 2 2
-5654.2 -2524.2 -2.1 70 0 24.0 6.2 5.0 2.5 2 0 2 4 4
-5635.9 -2490.6 -1.1 340 0 18.3 9.8 7.5 2.5 2 0 3 5 5
-5675.3 -2531.7 -2.7 71 0 25.5 44.1 10.0 2.5 2 1 4 3 3
992.8 9544.3 -8.0 69 0 55.4 11.9 7.5 2.5 2 0 3 1 1
1052.5 9644.1 -6.7 339 0 37.6 12.9 10.0 0.0 0 0 4 4 4
1245.4 8989.1 -6.4 160 0 15.4 55.9 10.0 2.5 2 1 4 1 1
988.6 9653.6 -6.5 248 0 14.3 58.3 10.0 2.5 2 1 4 4 4
1268.4 9013.8 -6.4 71 0 15.6 21.2 10.0 2.5 2 1 4 2 2
350.1 9817.4 -6.4 185 0 15.6 41.1 12.5 2.5 2 1 5 2 2
366.2 9767.9 -7.5 96 0 41.5 16.1 15.0 2.5 2 0 6 5 5
1044.3 9565.7 -7.5 69 0 53.4 12.0 5.0 2.5 2 0 2 3 3
1015.9 9663.8 -7.0 248 0 14.5 58.0 10.0 2.5 2 1 4 2 2
-415.7 9684.5 -14.5 96 0 15.5 40.4 10.0 2.5 4 1 4 4 4
6541.4 -9049.0 -8.9 360 0 125.1 40.6 12.5 0.0 0 0 5 4 4
4280.7 -7941.8 -4.1 241 0 33.5 7.0 10.5 3.5 4 0 3 1 1
5487.1 -7689.6 -5.3 166 0 47.8 12.2 10.0 2.5 2 0 4 0 0
4618.6 -7992.3 -4.5 77 0 16.3 17.7 14.0 3.5 2 1 4 4 4
4476.4 -7667.2 -0.6 77 0 26.4 11.6 14.0 3.5 2 0 4 1 1
5498.5 -7735.0 -6.0 166 0 24.9 12.1 7.5 2.5 2 0 3 3 3
4493.8 -8143.7 -6.4 151 0 24.2 22.7 14.0 3.5 2 0 4 2 2
4344.3 -7932.5 -3.8 63 0 18.0 30.6 14.0 3.5 2 1 4 2 2
4468.1 -7389.7 -0.3 347 0 57.5 14.3 14.0 0.0 0 0 4 4 4
5015.8 -7104.6 -0.1 167 0 39.3 12.7 10.0 2.5 2 0 4 2 2
4771.9 -8705.0 -11.0 1 0 6.6 20.2 2.5 2.5 2 1 1 3 3
4380.5 -7317.5 -1.5 257 0 13.0 53.8 14.0 3.5 2 1 4 0 0
4489.4 -7524.9 1.1 167 0 17.9 14.0 14.0 3.5 2 0 4 5 5
4675.7 -7736.0 -1.5 166 0 25.0 9.1 2.5 2.5 4 0 1 4 4
4479.9 -7426.6 0.0 257 0 12.4 69.2 14.0 3.5 2 1 4 3 3
4421.5 -7304.0 -2.2 257 0 16.4 57.6 14.0 3.5 2 1 4 5 5
4463.8 -7502.0 -0.2 77 0 12.9 69.2 14.0 3.5 2 1 4 1 1
4412.7 -7403.2 -0.2 166 0 57.2 13.5 14.0 3.5 2 0 4 0 0
4727.8 -8660.4 -10.7 261 0 9.0 29.3 7.5 2.5 2 1 3 4 4
4928.9 -8062.4 -5.7 347 0 76.2 16.3 10.0 2.5 2 0 4 2 2
4431.2 -7509.5 -0.3 76 0 13.7 69.2 14.0 3.5 2 1 4 4 4
5525.7 -7709.4 -6.0 166 0 62.2 51.5 12.5 0.0 0 0 5 1 1
4711.6 -8708.6 -10.9 170 0 6.1 28.7 2.5 2.5 2 1 1 2 2
4570.8 -7575.5 -0.1 256 0 13.2 57.5 14.0 3.5 2 1 4 5 5
4743.5 -8637.6 -10.6 261 0 7.1 34.0 7.5 2.5 2 1 3 0 0
4868.7 -7791.4 -2.8 257 0 54.7 67.0 7.5 0.0 0 1 3 5 5
5047.3 -7163.6 -0.6 166 0 16.6 66.3 7.5 2.5 2 1 3 4 4
4547.2 -7640.5 -0.3 77 0 12.5 57.0 14.0 3.5 2 1 4 3 3
4646.1 -8928.1 -9.3 354 0 10.7 12.3 7.5 2.5 2 1 3 1 1
4605.3 -7293.9 -4.9 167 0 73.6 104.4 10.0 0.0 0 1 4 4 4
5334.0 -7236.4 -2.3 349 0 44.3 7.9 7.5 0.0 0 0 3 5 5
5139.0 -7120.7 -1.0 347 0 54.9 21.7 7.5 2.5 2 0 3 3 3
5192.6 -7814.5 -2.7 347 0 18.6 90.7 7.5 0.0 0 1 3 4 4
4826.6 -7837.3 -2.9 256 0 11.6 31.8 7.5 2.5 2 1 3 1 1
4400.0 -7517.0 -0.2 77 0 10.1 69.2 14.0 3.5 2 1 4 4 4
4370.3 -7523.8 -0.0 77 0 10.5 68.9 14.0 3.5 2 1 4 2 2
4796.7 -7843.2 -3.0 257 0 12.3 33.9 7.5 2.5 2 1 3 2 2
4185.1 -8222.1 -6.2 254 0 7.1 17.8 2.5 2.5 4 1 1 3 3
4600.8 -7905.8 -3.4 77 0 12.2 52.9 14.0 3.5 2 1 4 5 5
4339.9 -7531.5 0.1 77 0 10.7 70.5 14.0 3.5 2 1 4 2 2
4528.7 -7500.8 0.7 257 0 12.5 68.9 14.0 3.5 2 1 4 0 0
4654.5 -7623.0 -0.1 77 0 19.9 48.7 7.5 2.5 2 1 3 0 0
5098.2 -7065.4 -0.9 258 0 24.9 30.9 10.0 0.0 0 1 4 4 4
4929.3 -8772.8 -11.9 257 0 4.1 8.7 7.5 2.5 2 1 3 5 5
4360.3 -7694.4 -1.3 77 0 199.9 15.4 14.0 0.0 0 0 4 0 0
5552.5 -7596.3 -3.4 75 0 32.4 39.4 7.5 0.0 0 1 3 0 0
4480.8 -7574.0 0.2 167 0 61.1 14.0 14.0 3.5 2 0 4 1 1
4559.4 -8118.6 -6.0 80 0 31.5 40.2 14.0 0.0 0 1 4 1 1
4301.0 -7403.4 -0.5 78 0 12.9 12.4 14.0 3.5 2 0 4 0 0
4673.5 -6812.1 -3.5 241 0 58.3 9.3 7.5 0.0 0 0 3 1 1
4654.4 -8669.7 -10.6 351 0 19.9 9.9 5.0 2.5 2 0 2 0 0
4289.2 -7380.5 -0.4 168 0 11.8 13.2 14.0 3.5 2 1 4 3 3
4444.7 -7152.2 -7.4 327 0 54.3 18.1 10.0 2.5 2 0 4 1 1
4830.0 -7048.2 -0.4 244 0 15.1 56.1 10.0 2.5 4 1 4 0 0
4285.3 -7346.4 -0.6 256 0 13.1 16.7 14.0 3.5 2 1 4 0 0
4333.1 -7330.8 -0.8 257 0 13.3 18.1 14.0 3.5 4 1 4 4 4
4708.4 -8643.2 -10.7 261 0 9.8 49.0 7.5 2.5 2 1 3 5 5
4879.2 -7025.7 0.2 244 0 67.3 54.2 7.5 0.0 0 0 3 3 3
4636.5 -6862.7 -3.9 240 0 16.7 123.0 10.0 0.0 0 1 4 5 5
4342.0 -7365.5 -0.4 77 0 13.2 12.1 14.0 3.5 2 0 4 3 3
5627.4 -7592.4 -4.7 255 0 144.4 49.8 10.0 0.0 0 0 4 4 4
1765.4 -10090.2 -6.6 61 0 12.9 45.0 10.0 0.0 0 1 4 4 4
1580.6 -9885.2 -6.9 57 0 6.8 14.9 7.5 2.5 2 1 3 5 5
1381.4 -10221.2 -5.9 68 0 49.9 116.5 10.0 0.0 0 1 4 4 4
1559.3 -9906.0 -6.8 340 0 36.6 10.6 10.0 2.5 2 0 4 2 2
1910.4 -10124.1 -6.6 333 0 30.0 8.6 7.5 2.5 2 0 3 0 0
1096.6 -10280.2 -4.8 88 0 6.2 37.0 2.5 2.5 4 1 1 2 2
1618.9 -9870.4 -6.9 236 0 6.9 45.0 7.5 2.5 2 1 3 1 1
1585.6 -9893.0 -6.8 237 0 7.0 33.6 2.5 2.5 2 1 1 4 4
1870.3 -10056.5 -6.7 327 0 15.6 5.6 5.0 2.5 2 0 2 5 5
1562.7 -9948.1 -6.7 66 0 32.9 14.8 7.5 2.5 2 0 3 0 0
1545.8 -9930.7 -6.8 70 0 11.6 37.0 10.0 2.5 2 1 4 0 0
1146.0 -10278.2 -4.9 88 0 6.6 35.9 7.5 2.5 2 1 3 1 1
1726.9 -9848.8 -7.2 319 0 22.4 6.4 7.5 2.5 2 0 3 5 5
1854.6 -10491.6 -5.6 77 0 5.9 23.5 7.5 2.5 2 1 3 3 3
1647.4 -9871.2 -7.0 325 0 10.1 17.0 5.0 2.5 2 1 2 0 0
1078.6 -10244.1 -4.7 268 0 6.6 36.9 7.5 2.5 2 1 3 3 3
1667.9 -9812.3 -7.2 228 0 6.6 77.6 7.5 2.5 2 1 3 5 5
1113.0 -10279.8 -4.8 88 0 6.2 36.8 5.0 2.5 2 1 2 0 0
1638.2 -9842.3 -7.1 229 0 6.2 61.7 7.5 0.0 0 1 3 2 2
1129.4 -10279.3 -4.8 88 0 6.3 36.4 5.0 2.5 2 1 2 4 4
1650.7 -9824.0 -7.1 229 0 6.3 75.3 7.5 2.5 2 1 3 5 5
1162.7 -10277.2 -4.9 88 0 6.5 35.7 5.0 0.0 0 1 2 3 3
1646.4 -10420.0 -5.3 91 0 7.0 46.5 7.5 2.5 4 1 3 2 2
1300.9 -10281.5 -5.0 353 0 35.3 16.2 10.0 2.5 4 0 4 5 5
1721.7 -10422.0 -5.4 90 0 6.5 47.9 7.5 2.5 2 1 3 0 0
1323.8 -10241.4 -5.6 67 0 16.7 108.4 7.5 0.0 0 1 3 4 4
1695.1 -10221.7 -6.0 152 0 53.7 13.6 7.5 0.0 0 0 3 2 2
1635.5 -10103.7 -6.1 240 0 12.6 48.6 7.5 2.5 2 1 3 4 4
1691.8 -10074.2 -6.3 240 0 7.8 35.7 7.5 2.5 2 1 3 0 0
1230.7 -10297.0 -4.9 159 0 59.5 9.4 7.5 0.0 0 0 3 5 5
1740.7 -10422.7 -5.2 90 0 20.6 7.3 7.5 2.5 2 0 3 0 0
1611.4 -10115.8 -6.1 241 0 13.3 48.5 10.0 2.5 2 1 4 2 2
1193.0 -10113.8 -6.0 158 0 60.8 157.0 7.5 0.0 0 1 3 0 0
1453.8 -10288.3 -5.2 270 0 12.8 36.3 7.5 2.5 2 1 3 1 1
1701.2 -10414.6 -5.4 90 0 28.8 40.4 5.0 0.0 0 1 2 4 4
1700.2 -10422.2 -5.2 90 0 25.7 6.5 5.0 2.5 2 0 2 0 0
1268.3 -10279.5 -5.0 173 0 26.4 10.5 7.5 2.5 2 0 3 0 0
1762.4 -10377.3 -5.4 0 0 7.3 31.4 2.5 2.5 2 1 1 5 5
1760.6 -10422.6 -5.4 90 0 16.1 38.7 7.5 2.5 2 1 3 1 1
1665.3 -10421.3 -5.3 91 0 13.5 48.3 7.5 2.5 2 1 3 4 4
1840.6 -8477.0 -3.9 350 0 109.2 42.0 12.5 0.0 0 0 5 3 3
1393.4 -8385.7 0.6 237 0 6.1 65.1 7.5 2.5 4 1 3 1 1
1704.7 -9539.6 -8.1 120 0 12.5 6.9 5.0 2.5 4 0 2 1 1
1693.5 -9507.6 -7.8 211 0 6.7 17.4 7.5 0.0 0 1 3 4 4
1936.2 -9027.2 -7.4 222 0 6.2 17.0 2.5 2.5 2 1 1 5 5
1590.8 -9750.7 -7.3 226 0 7.2 21.6 5.0 2.5 2 1 2 1 1
1924.1 -9325.3 -7.8 11 0 22.0 6.1 5.0 2.5 4 0 2 4 4
1709.9 -9505.3 -7.8 211 0 8.6 5.6 5.0 2.5 2 0 2 5 5
1725.6 -9540.7 -8.2 118 0 4.5 9.4 2.5 2.5 2 1 1 1 1
1630.5 -9801.3 -7.3 48 0 5.7 32.8 5.0 2.5 2 1 2 4 4
1093.0 -9914.7 -6.0 70 0 13.6 77.9 7.5 2.5 2 1 3 5 5
1494.8 -9526.9 -6.3 54 0 5.8 31.5 5.0 2.5 2 1 2 4 4
1871.1 -9563.2 -8.4 207 0 6.8 25.8 5.0 2.5 2 1 2 3 3
1949.6 -9095.1 -7.5 90 0 14.4 30.7 10.0 2.5 2 1 4 5 5
1149.7 -9892.0 -6.4 69 0 10.0 55.8 7.5 2.5 2 1 3 0 0
716.1 -8964.7 -5.5 329 0 71.0 25.0 12.5 0.0 0 0 5 5 5
1917.6 -9351.7 -8.0 12 0 14.0 5.6 2.5 2.5 2 0 1 4 4
1744.7 -9530.0 -8.2 31 0 6.7 18.2 5.0 2.5 2 1 2 2 2
1618.6 -9737.9 -7.4 316 0 19.8 6.6 5.0 2.5 2 0 2 5 5
1856.5 -9074.7 -7.3 154 0 14.8 71.0 7.5 2.5 2 1 3 3 3
1119.1 -9812.1 -6.2 250 0 10.3 25.2 10.0 2.5 2 1 4 5 5
1656.1 -9797.6 -7.4 47 0 6.4 47.8 7.5 2.5 2 1 3 5 5
1690.6 -9531.0 -7.9 122 0 14.9 6.9 5.0 0.0 0 0 2 3 3
1113.1 -9905.3 -6.3 70 0 22.7 78.3 7.5 0.0 0 1 3 0 0
580.1 -9588.8 -8.0 239 0 75.7 57.8 12.5 0.0 0 0 5 1 1
589.9 -9223.3 -9.3 151 0 49.4 16.3 10.0 2.5 2 0 4 1 1
635.2 -9289.8 -10.5 62 0 15.9 49.7 15.0 2.5 2 1 6 4 4
401.2 -9102.9 -5.7 66 0 6.8 12.8 2.5 0.0 0 1 1 3 3
669.0 -9159.4 -8.4 331 0 20.1 43.0 10.0 2.5 2 1 4 4 4
712.1 -9088.2 -7.1 58 0 10.6 12.8 7.5 2.5 2 1 3 2 2
109.7 -9356.4 -2.5 348 0 59.3 19.7 5.0 2.5 4 0 2 5 5
454.5 -8868.8 -4.5 249 0 48.9 120.4 15.0 0.0 0 1 6 1 1
389.0 -9107.9 -5.5 67 0 6.5 12.3 5.0 2.5 2 1 2 4 4
698.7 -9021.1 -6.3 238 0 7.6 29.9 7.5 2.5 2 1 3 4 4
87.3 -9300.1 -2.2 78 0 19.2 60.1 10.0 2.5 2 1 4 3 3
671.5 -9273.3 -10.4 61 0 14.9 111.6 10.0 0.0 0 1 4 2 2
164.0 -8844.6 -3.0 261 0 25.6 20.2 10.0 2.5 2 0 4 2 2
719.5 -9270.7 -10.1 331 0 6.1 12.4 5.0 2.5 2 1 2 4 4
369.5 -9027.5 -5.1 255 0 9.9 55.9 7.5 2.5 2 1 3 2 2
104.0 -8893.8 -3.3 171 0 16.6 100.4 12.5 0.0 0 1 5 2 2
713.3 -9239.8 -10.4 332 0 20.4 42.9 7.5 2.5 2 1 3 3 3
608.5 -9212.6 -9.2 151 0 48.7 15.7 7.5 2.5 2 0 3 5 5
653.7 -9279.3 -10.4 62 0 15.9 49.4 12.5 2.5 4 1 5 3 3
2070.6 -8537.2 -4.2 261 0 5.7 10.1 7.5 2.5 2 1 3 5 5
90.1 -8895.8 -3.4 261 0 14.3 173.4 10.0 0.0 0 1 4 2 2
1151.3 -9904.1 -6.0 249 0 15.3 7.9 2.5 0.0 0 0 1 4 4
858.0 -10349.6 -4.0 263 0 6.7 35.5 7.5 2.5 2 1 3 1 1
892.9 -10374.9 -4.1 76 0 5.2 42.9 5.0 2.5 4 1 2 4 4
1043.3 -10316.2 -4.4 358 0 20.5 113.9 7.5 0.0 0 1 3 4 4
2043.1 -8607.0 -5.0 174 0 7.2 26.8 7.5 0.0 0 1 3 1 1
1111.2 -9919.3 -5.9 250 0 20.2 6.6 2.5 2.5 2 0 1 3 3
1468.4 -9604.1 -7.1 248 0 7.2 33.6 7.5 2.5 2 1 3 4 4
608.6 -9946.8 -4.5 51 0 6.0 37.6 5.0 2.5 2 1 2 5 5
1095.0 -9925.7 -5.9 249 0 6.3 43.9 7.5 2.5 2 1 3 2 2
2078.7 -8577.1 -4.8 353 0 49.5 7.1 7.5 2.5 2 0 3 2 2
887.6 -10298.4 -4.2 251 0 5.5 22.4 7.5 2.5 2 1 3 3 3
877.4 -10080.3 -4.9 340 0 5.3 8.6 5.0 0.0 0 1 2 3 3
1173.4 -10222.7 -5.0 346 0 17.0 9.0 5.0 2.5 2 0 2 3 3
615.4 -9088.9 -6.4 65 0 7.3 48.0 7.5 2.5 2 1 3 0 0
827.4 -9773.6 -3.6 250 0 5.7 23.7 5.0 2.5 2 1 2 5 5
864.5 -10087.8 -5.0 68 0 6.5 14.9 7.5 2.5 2 1 3 0 0
592.8 -9110.0 -6.9 66 0 65.8 9.6 7.5 2.5 2 0 3 2 2
284.9 -9029.3 -3.0 78 0 20.7 54.9 12.5 2.5 2 1 5 4 4
1408.1 -9784.3 -6.9 252 0 6.9 12.1 7.5 2.5 2 1 3 0 0
1499.6 -9430.1 -5.6 339 0 28.5 5.9 7.5 2.5 2 0 3 4 4
567.4 -9149.2 -8.1 332 0 70.9 19.1 12.5 2.5 2 0 5 1 1
1054.2 -10251.9 -4.6 268 0 6.8 29.8 5.0 2.5 2 1 2 2 2
1009.9 -9882.6 -5.8 70 0 16.3 22.5 7.5 2.5 2 1 3 0 0
1368.7 -9827.4 -6.7 156 0 17.1 6.8 2.5 2.5 4 0 1 2 2
866.1 -10054.8 -5.0 334 0 10.5 5.1 5.0 2.5 2 0 2 1 1
632.8 -9103.8 -7.0 243 0 6.0 9.5 2.5 2.5 2 1 1 1 1
-351.0 -9040.8 -2.5 19 0 16.0 32.6 12.5 0.0 0 1 5 2 2
289.8 -10013.9 -4.9 58 0 5.9 14.3 5.0 0.0 0 1 2 0 0
1052.3 -10207.8 -4.8 269 0 7.4 30.6 2.5 2.5 2 1 1 5 5
845.0 -10103.2 -4.9 66 0 4.8 11.4 7.5 2.5 2 1 3 2 2
804.9 -9792.1 -3.5 244 0 5.9 14.2 5.0 2.5 2 1 2 4 4
1750.8 -9289.5 -6.0 209 0 12.1 10.2 7.5 2.5 2 0 3 4 4
812.7 -9779.0 -3.6 250 0 8.4 23.7 5.0 2.5 2 1 2 4 4
1935.0 -9322.1 -7.9 101 0 12.4 6.2 2.5 2.5 2 0 1 4 4
83.5 -9418.1 -3.0 75 0 7.0 20.1 7.5 2.5 2 1 3 4 4
1356.3 -9798.2 -6.8 160 0 33.9 6.4 5.0 2.5 2 0 2 1 1
1558.4 -10263.8 -5.5 269 0 43.1 69.4 7.5 0.0 0 1 3 0 0
541.9 -9120.5 -6.7 65 0 15.6 66.2 7.5 2.5 2 1 3 0 0
1723.8 -9282.3 -5.4 116 0 6.0 58.7 7.5 2.5 2 1 3 3 3
1443.5 -9881.0 -6.6 156 0 12.7 6.1 5.0 2.5 2 0 2 2 2
1518.5 -9935.4 -6.7 73 0 8.3 28.6 7.5 2.5 2 1 3 1 1
1446.2 -9913.6 -6.5 158 0 4.3 8.1 7.5 2.5 2 1 3 1 1
1452.4 -9942.0 -6.7 66 0 6.1 65.2 7.5 2.5 2 1 3 2 2
934.0 -9995.3 -6.5 65 0 6.6 14.9 7.5 2.5 2 1 3 2 2
956.8 -9985.3 -5.6 67 0 11.4 6.1 2.5 2.5 2 0 1 4 4
1776.3 -9232.6 -5.5 112 0 9.2 5.4 2.5 2.5 2 0 1 1 1
920.7 -10001.8 -6.5 64 0 5.6 14.6 5.0 2.5 2 1 2 1 1
1502.4 -9863.9 -6.8 262 0 7.9 28.5 5.0 2.5 2 1 2 2 2
1619.5 -9770.9 -7.3 319 0 5.0 6.6 5.0 0.0 0 1 2 2 2
1492.0 -9983.5 -6.4 67 0 27.9 7.0 2.5 2.5 4 0 1 0 0
1467.9 -9940.4 -6.5 157 0 9.0 5.7 7.5 2.5 2 0 3 4 4
1427.9 -9681.8 -7.8 243 0 6.5 40.1 7.5 2.5 4 1 3 3 3
1747.5 -9262.3 -4.9 28 0 5.5 7.5 7.5 0.0 0 1 3 4 4
1567.7 -9890.5 -6.8 341 0 11.0 5.0 2.5 2.5 2 0 1 1 1
944.3 -9989.3 -6.6 66 0 7.2 14.8 7.5 2.5 2 1 3 5 5
1455.8 -9741.1 -7.8 150 0 47.8 6.5 7.5 2.5 4 0 3 0 0
1633.7 -9734.7 -7.4 317 0 6.2 10.1 5.0 2.5 2 1 2 5 5
1493.6 -9807.2 -6.9 345 0 5.7 10.7 5.0 2.5 2 1 2 2 2
1483.5 -9751.3 -7.1 333 0 5.8 9.0 5.0 2.5 2 1 2 3 3
1732.0 -9286.9 -5.3 118 0 7.9 4.7 2.5 2.5 2 0 1 1 1
1440.1 -9867.4 -6.7 158 0 6.5 7.4 2.5 2.5 2 1 1 3 3
-2107.8 -8878.2 0.9 98 0 15.0 25.7 7.5 0.0 0 1 3 5 5
-1655.2 -9663.8 -6.6 271 0 8.9 18.7 5.0 2.5 2 1 2 5 5
-2211.6 -9149.4 -5.9 182 0 50.4 149.7 12.5 0.0 0 1 5 4 4
-2140.6 -9648.2 -7.1 97 0 6.0 42.6 7.5 2.5 2 1 3 0 0
-1567.8 -10120.8 -7.2 90 0 15.0 33.5 7.5 0.0 0 1 3 4 4
-1488.7 -9521.8 -6.7 1 0 89.8 12.7 10.0 2.5 2 0 4 5 5
-898.0 -9057.9 -4.5 98 0 7.2 36.8 7.5 2.5 2 1 3 2 2
-1925.5 -9736.4 -7.0 98 0 36.3 5.6 7.5 0.0 0 0 3 0 0
-1829.1 -9758.5 -6.9 271 0 7.7 37.1 7.5 2.5 2 1 3 5 5
-509.0 -9247.5 -6.4 271 0 18.2 28.5 5.0 2.5 4 1 2 4 4
-2699.3 -10004.9 -8.2 79 0 20.5 33.7 15.0 0.0 0 1 6 3 3
-724.4 -9775.4 -5.0 79 0 18.9 47.2 10.0 2.5 2 1 4 0 0
-1504.0 -9558.6 -6.8 1 0 15.5 37.2 10.0 2.5 2 1 4 0 0
-1803.7 -9596.6 -6.6 91 0 14.9 29.7 10.0 2.5 2 1 4 2 2
-1572.1 -9562.4 -6.6 181 0 6.1 16.0 7.5 2.5 2 1 3 2 2
-1619.6 -9723.1 -6.6 92 0 7.1 23.9 5.0 2.5 2 1 2 3 3
-885.0 -9770.6 -7.0 90 0 5.7 83.4 7.5 2.5 2 1 3 3 3
-2833.9 -9640.7 -7.6 74 0 8.7 25.3 5.0 2.5 2 1 2 0 0
-2109.2 -9631.1 -7.0 187 0 42.3 15.4 10.0 2.5 2 0 4 1 1
-1588.4 -9660.7 -6.3 273 0 7.5 30.8 7.5 2.5 2 1 3 5 5
-2160.7 -9577.5 -7.6 277 0 35.6 10.7 7.5 2.5 2 0 3 5 5
-1617.4 -9658.8 -6.5 272 0 7.1 31.3 7.5 2.5 2 1 3 4 4
-1818.1 -9588.9 -6.6 181 0 14.6 6.2 5.0 2.5 2 0 2 0 0
-1596.9 -9565.3 -6.5 272 0 10.8 27.4 10.0 2.5 4 1 4 5 5
-767.1 -9757.8 -5.6 170 0 39.0 8.8 7.5 0.0 0 0 3 5 5
-1531.9 -9604.3 -6.4 0 0 5.2 47.9 7.5 2.5 2 1 3 3 3
-1748.3 -9625.1 -6.6 271 0 25.1 47.8 5.0 0.0 0 1 2 0 0
-1713.3 -9666.4 -6.6 271 0 9.1 14.6 7.5 0.0 0 1 3 2 2
-1855.6 -9714.7 -6.9 1 0 27.0 6.3 2.5 2.5 2 0 1 4 4
-1788.7 -9623.1 -6.7 271 0 42.4 54.8 7.5 0.0 0 1 3 0 0
-763.9 -9629.2 -2.5 270 0 8.2 33.8 7.5 2.5 4 1 3 2 2
-1342.7 -9765.6 -6.2 91 0 26.7 12.2 7.5 2.5 2 0 3 4 4
172.5 -9807.8 -5.7 328 0 9.8 7.9 5.0 2.5 2 0 2 4 4
-1543.1 -9697.9 -6.2 2 0 7.6 39.7 7.5 2.5 4 1 3 1 1
-1675.6 -9746.8 -6.8 92 0 87.5 13.6 7.5 2.5 2 0 3 2 2
-2233.0 -9505.4 -8.9 91 0 12.9 45.7 10.0 2.5 2 1 4 4 4
-1668.5 -9784.1 -6.8 275 0 16.5 36.3 12.5 2.5 4 1 5 5 5
-1255.0 -9749.0 -6.6 91 0 54.9 15.8 12.5 2.5 2 0 5 1 1
-1141.3 -9765.5 -7.1 90 0 6.6 48.2 5.0 2.5 2 1 2 1 1
-2027.5 -8817.0 1.4 155 0 13.0 32.7 10.0 2.5 4 1 4 0 0
-1507.0 -9514.5 -6.7 1 0 19.6 59.9 12.5 0.0 0 1 5 5 5
-2764.5 -9629.1 -8.2 344 0 69.7 12.3 10.0 2.5 4 0 4 5 5
-486.8 -10043.6 -5.2 160 0 51.9 8.7 7.5 2.5 2 0 3 3 3
-1731.0 -9747.4 -6.8 92 0 19.9 6.1 5.0 2.5 2 0 2 3 3
-1629.9 -9683.7 -6.6 272 0 14.9 6.3 5.0 2.5 2 0 2 4 4
-1823.2 -9479.2 -5.8 181 0 13.8 5.6 7.5 2.5 4 0 3 4 4
-1919.6 -9157.2 -7.0 270 0 36.1 97.0 12.5 0.0 0 1 5 4 4
-702.5 -9747.0 -4.2 349 0 48.1 7.8 7.5 2.5 4 0 3 0 0
-1177.2 -9739.7 -6.9 2 0 23.0 35.8 7.5 0.0 0 1 3 1 1
-832.9 -9771.3 -6.8 91 0 9.8 39.1 7.5 2.5 2 1 3 3 3
-540.1 -9248.9 -6.7 271 0 14.9 59.3 7.5 2.5 2 1 3 2 2
-1700.4 -9666.5 -6.6 271 0 8.9 14.9 5.0 2.5 4 1 2 3 3
-1056.9 -9766.4 -7.1 90 0 5.2 16.6 5.0 0.0 0 1 2 1 1
-2121.1 -9555.1 -7.6 187 0 8.1 77.4 7.5 2.5 2 1 3 1 1
-1695.9 -9591.8 -6.5 91 0 9.1 28.3 7.5 2.5 2 1 3 2 2
-1692.2 -9600.8 -6.5 181 0 5.9 24.0 5.0 0.0 0 1 2 0 0
-763.2 -9561.3 -7.1 271 0 7.8 59.6 7.5 2.5 2 1 3 3 3
-925.9 -9710.5 -6.1 90 0 12.7 30.1 7.5 2.5 2 1 3 4 4
-1527.9 -9595.1 -6.7 91 0 8.5 28.0 7.5 2.5 2 1 3 5 5
-1583.9 -9728.5 -6.6 92 0 28.4 10.4 7.5 2.5 2 0 3 0 0
-1579.2 -9532.3 -6.7 181 0 20.0 6.6 5.0 2.5 2 0 2 4 4
-1711.3 -9783.7 -6.8 272 0 30.6 43.0 10.0 0.0 0 1 4 3 3
-1118.1 -9765.9 -6.9 90 0 36.5 7.8 7.5 2.5 2 0 3 2 2
-1486.5 -9788.7 -6.7 2 0 14.4 113.9 12.5 0.0 0 1 5 0 0
-1710.8 -9836.6 -6.9 92 0 33.6 8.1 7.5 2.5 2 0 3 3 3
-2802.4 -9521.5 -7.4 254 0 12.9 68.8 7.5 2.5 2 1 3 4 4
-2086.6 -9654.9 -7.0 97 0 15.8 10.6 5.0 2.5 2 0 2 3 3
-1696.7 -9771.1 -6.8 272 0 65.8 7.3 7.5 2.5 2 0 3 5 5
-469.4 -10085.3 -5.0 161 0 21.9 6.2 5.0 2.5 4 0 2 1 1
-1752.4 -9746.4 -6.8 92 0 6.3 8.1 7.5 0.0 0 1 3 1 1
-1869.7 -9173.1 -5.7 0 0 32.0 12.5 7.5 2.5 2 0 3 3 3
-2068.7 -9713.0 -7.1 97 0 47.3 13.9 10.0 2.5 2 0 4 4 4
-1664.8 -9663.4 -6.6 271 0 5.7 19.1 7.5 2.5 2 1 3 1 1
-710.3 -9748.8 -4.5 349 0 47.6 8.8 7.5 0.0 0 0 3 3 3
-352.5 -9873.0 -4.4 66 0 31.5 40.7 10.0 0.0 0 1 4 3 3
-1553.4 -9727.0 -6.3 92 0 18.8 5.7 2.5 2.5 2 0 1 5 5
-1853.5 -9524.3 -7.0 4 0 60.6 12.1 10.0 2.5 2 0 4 4 4
-903.8 -9080.1 -4.7 98 0 11.8 10.8 5.0 0.0 0 0 2 1 1
-1736.9 -9581.8 -6.5 90 0 22.7 14.2 10.0 2.5 2 0 4 4 4
-1220.3 -9761.7 -7.1 92 0 12.7 78.6 15.0 2.5 2 1 6 4 4
-1972.8 -8822.5 0.7 91 0 22.9 20.4 10.0 2.5 2 0 4 5 5
-1674.4 -9563.8 -6.4 271 0 17.4 28.2 10.0 2.5 2 1 4 4 4
-1766.8 -9604.0 -6.6 91 0 17.7 54.7 7.5 2.5 2 1 3 1 1
-1141.6 -8736.8 -1.6 180 0 44.3 12.6 7.5 0.0 0 0 3 1 1
-902.4 -9735.9 -6.9 90 0 25.9 75.3 10.0 0.0 0 1 4 0 0
-920.5 -9771.0 -7.3 90 0 44.7 8.8 7.5 2.5 4 0 3 2 2
-1351.6 -9624.5 -6.9 271 0 7.7 51.5 7.5 2.5 2 1 3 3 3
-1482.7 -9586.1 -6.8 1 0 34.7 11.7 10.0 2.5 2 0 4 2 2
-1610.8 -9693.7 -6.6 272 0 8.0 29.4 7.5 2.5 2 1 3 5 5
-1135.8 -9748.1 -7.0 180 0 15.6 25.2 10.0 2.5 2 1 4 4 4
-504.7 -9341.6 -7.2 1 0 50.5 13.1 10.0 2.5 2 0 4 0 0
-2161.8 -9561.1 -7.9 187 0 30.3 20.5 7.5 0.0 0 0 3 0 0
-606.0 -9649.8 1.8 353 0 11.9 18.8 5.0 2.5 2 1 2 5 5
167.0 -9094.7 -2.6 81 0 16.2 101.1 12.5 0.0 0 1 5 3 3
-1740.8 -9722.5 -6.8 92 0 13.4 6.0 7.5 2.5 2 0 3 3 3
-1337.9 -9741.5 -6.3 91 0 36.0 9.0 7.5 2.5 2 0 3 2 2
-1531.1 -9743.9 -6.1 92 0 4.4 28.8 5.0 2.5 2 1 2 2 2
-1271.8 -9731.9 -6.9 91 0 90.7 37.2 7.5 0.0 0 0 3 1 1
-793.5 -9682.9 -3.2 1 0 6.3 38.8 5.0 2.5 2 1 2 2 2
-1513.2 -9755.8 -6.1 92 0 40.0 10.7 7.5 2.5 2 0 3 2 2
-1192.7 -9682.5 -7.1 271 0 31.5 17.3 12.5 2.5 2 0 5 4 4
-2178.9 -8932.4 -1.3 182 0 53.1 15.3 12.5 2.5 2 0 5 5 5
-2002.3 -8880.0 -0.3 2 0 92.7 31.8 10.0 0.0 0 0 4 0 0
-1630.6 -9565.7 -6.3 270 0 8.5 27.8 7.5 0.0 0 1 3 2 2
-1828.7 -9732.3 -6.9 182 0 14.5 43.2 10.0 2.5 2 1 4 1 1
-578.0 -9249.0 -7.4 271 0 20.9 117.0 12.5 0.0 0 1 5 2 2
-1533.8 -9939.2 -6.9 269 0 9.5 66.1 7.5 2.5 2 1 3 4 4
-943.6 -9075.1 -4.7 98 0 15.9 60.6 10.0 2.5 4 1 4 3 3
-1712.1 -9602.5 -6.5 91 0 8.0 39.2 7.5 2.5 2 1 3 4 4
-2081.8 -9696.6 -7.1 97 0 18.7 39.8 10.0 2.5 2 1 4 1 1
-1601.7 -9691.6 -6.5 272 0 8.2 32.4 7.5 2.5 2 1 3 3 3
-1002.2 -9770.8 -7.2 90 0 42.2 8.4 7.5 2.5 2 0 3 0 0
-804.3 -9143.5 -5.3 89 0 16.3 40.0 10.0 2.5 2 1 4 1 1
-1652.8 -9774.5 -6.7 272 0 13.3 5.0 5.0 2.5 2 0 2 1 1
184.8 -9091.8 -2.4 81 0 16.5 100.7 10.0 0.0 0 1 4 5 5
-1355.8 -9704.5 -6.6 181 0 53.8 13.2 7.5 0.0 0 0 3 2 2
-2185.4 -9555.4 -8.0 278 0 8.1 29.4 5.0 2.5 2 1 2 1 1
-792.6 -9709.3 -4.0 0 0 21.7 11.5 2.5 2.5 2 0 1 5 5
-1484.1 -9709.4 -6.0 2 0 27.7 6.9 5.0 2.5 2 0 2 0 0
-788.1 -9655.8 -3.0 0 0 37.0 4.5 7.5 2.5 2 0 3 0 0
-1504.9 -9532.2 -6.7 1 0 14.5 51.0 7.5 2.5 4 1 3 5 5
-546.6 -9476.5 -7.7 90 0 37.1 98.1 12.5 0.0 0 1 5 0 0
-1118.8 -8787.2 -2.3 106 0 25.5 65.2 12.5 0.0 0 1 5 1 1
-924.8 -9021.6 -4.2 188 0 11.4 23.7 7.5 2.5 2 1 3 4 4
-1043.0 -9770.9 -7.6 90 0 18.0 96.5 10.0 0.0 0 1 4 1 1
-1607.3 -9735.5 -6.6 92 0 17.4 11.2 7.5 0.0 0 0 3 2 2
-1573.2 -9661.4 -6.1 272 0 10.1 30.3 7.5 2.5 4 1 3 0 0
-1447.9 -9728.9 -6.2 182 0 13.5 71.6 7.5 2.5 4 1 3 2 2
-2186.7 -8887.5 -0.4 335 0 5.8 32.6 7.5 2.5 2 1 3 5 5
-1506.1 -9570.2 -6.8 1 0 5.7 14.8 2.5 2.5 2 1 1 0 0
-1768.1 -9743.0 -6.8 92 0 8.7 58.2 7.5 2.5 2 1 3 2 2
-1533.1 -10101.7 -7.1 88 0 15.7 89.3 10.0 2.5 2 1 4 3 3
-1603.7 -9659.9 -6.5 272 0 12.6 30.9 7.5 2.5 2 1 3 3 3
-2240.1 -9624.7 -7.5 184 0 29.9 12.5 5.0 2.5 2 0 2 0 0
-2068.8 -9657.4 -7.0 97 0 15.4 42.2 7.5 2.5 2 1 3 2 2
-1755.1 -9768.3 -6.9 274 0 32.8 13.5 7.5 2.5 2 0 3 1 1
-1886.5 -9667.7 -6.9 2 0 13.4 114.7 7.5 2.5 4 1 3 5 5
-1918.2 -9730.9 -7.0 98 0 48.2 5.4 7.5 0.0 0 0 3 4 4
-762.1 -9553.7 -7.9 90 0 7.3 30.5 7.5 2.5 2 1 3 1 1
-1580.9 -9750.6 -6.6 92 0 71.3 20.0 7.5 2.5 2 0 3 1 1
-1869.3 -9582.8 -6.7 1 0 41.7 10.6 7.5 2.5 2 0 3 4 4
-1729.3 -9690.4 -6.7 224 0 19.6 33.5 7.5 2.5 2 1 3 4 4
-2026.7 -9656.6 -7.0 92 0 9.9 88.2 7.5 0.0 0 1 3 2 2
-2059.1 -9524.6 -7.8 277 0 42.3 19.4 10.0 2.5 2 0 4 4 4
-760.6 -8837.7 -2.5 181 0 144.0 30.2 10.0 0.0 0 0 4 3 3
-2354.1 -9008.8 -3.4 356 0 47.0 6.0 7.5 2.5 2 0 3 4 4
-2860.2 -9448.3 -6.0 75 0 5.8 38.1 7.5 2.5 2 1 3 5 5
-2839.8 -9400.8 -6.0 254 0 8.2 40.4 7.5 2.5 4 1 3 1 1
-1345.5 -9102.5 -4.9 90 0 8.1 29.9 2.5 2.5 2 1 1 5 5
-2883.6 -9414.3 -5.9 254 0 9.0 39.1 7.5 2.5 2 1 3 5 5
-1129.7 -8677.7 -0.7 196 0 47.7 24.7 10.0 0.0 0 0 4 5 5
-1814.6 -8994.3 -3.2 180 0 43.4 16.8 7.5 2.5 2 0 3 0 0
-2856.4 -9406.2 -6.0 254 0 14.0 38.8 7.5 2.5 2 1 3 3 3
-1854.2 -8691.2 -2.4 257 0 22.6 24.3 7.5 2.5 2 1 3 4 4
-1912.9 -8725.0 -1.2 258 0 6.5 9.5 5.0 2.5 2 1 2 5 5
-2899.8 -9419.4 -5.8 254 0 8.2 38.6 5.0 2.5 2 1 2 4 4
-1084.5 -8666.2 -1.1 286 0 24.2 47.2 10.0 0.0 0 1 4 0 0
-1696.0 -8761.3 -2.2 181 0 204.4 13.8 15.0 0.0 0 0 6 2 2
-1647.6 -8646.6 -0.2 271 0 91.3 12.5 7.5 2.5 2 0 3 1 1
-1265.6 -8627.9 -1.8 284 0 16.6 30.2 10.0 2.5 2 1 4 0 0
-2034.8 -9085.8 -4.8 2 0 49.8 149.5 10.0 0.0 0 1 4 2 2
-2929.0 -9461.7 -5.8 165 0 12.4 27.4 7.5 2.5 4 1 3 1 1
-1536.8 -8812.3 0.2 91 0 32.6 146.6 12.5 0.0 0 1 5 5 5
-2714.9 -9365.2 -6.4 253 0 7.6 34.5 5.0 2.5 2 1 2 4 4
-945.2 -8873.2 -2.8 282 0 13.2 12.9 5.0 2.5 2 0 2 2 2
285.9 -8920.5 -2.3 347 0 97.4 21.8 10.0 0.0 0 0 4 0 0
-973.1 -8829.1 -2.3 106 0 37.5 65.7 7.5 0.0 0 1 3 3 3
-1466.4 -8657.0 1.0 1 0 12.3 117.9 12.5 0.0 0 1 5 5 5
124.4 -9108.2 -2.3 81 0 13.3 40.0 5.0 2.5 4 1 2 0 0
-2212.5 -9080.2 -4.9 182 0 50.2 12.9 10.0 2.5 2 0 4 0 0
-1913.5 -8805.1 -1.3 90 0 35.2 15.4 10.0 2.5 2 0 4 3 3
272.8 -8869.3 -2.0 350 0 8.0 51.5 7.5 0.0 0 1 3 5 5
-1010.3 -8818.8 -2.1 105 0 11.2 65.1 7.5 2.5 2 1 3 2 2
-1771.6 -8985.5 -4.5 181 0 60.6 41.3 7.5 0.0 0 0 3 5 5
-1907.1 -8766.7 -1.6 163 0 7.8 17.2 2.5 2.5 2 1 1 5 5
-1234.2 -8627.5 -1.8 284 0 26.0 21.0 10.0 2.5 2 0 4 2 2
-2753.1 -9418.6 -6.4 74 0 12.4 39.7 7.5 2.5 2 1 3 0 0
147.1 -9105.2 -1.8 81 0 24.4 8.3 5.0 2.5 2 0 2 0 0
-2810.4 -9393.2 -6.2 254 0 9.3 39.5 7.5 2.5 2 1 3 2 2
-2398.4 -8986.0 -3.2 254 0 49.6 28.7 15.0 0.0 0 0 6 5 5
-2198.2 -9070.6 -4.5 182 0 30.7 12.1 7.5 2.5 2 0 3 3 3
-2443.1 -9040.4 -3.1 166 0 14.0 77.1 12.5 2.5 2 1 5 1 1
-2161.3 -9696.7 -7.2 187 0 6.8 12.1 5.0 2.5 2 1 2 3 3
-2815.0 -9435.6 -6.1 74 0 8.3 38.9 7.5 2.5 2 1 3 4 4
-1687.4 -8635.6 -0.1 271 0 11.4 9.6 5.0 0.0 0 0 2 5 5
-2137.7 -9703.3 -7.2 96 0 20.3 53.4 10.0 2.5 4 1 4 0 0
-1881.1 -8722.1 -2.4 255 0 12.7 39.0 7.5 2.5 2 1 3 2 2
-477.9 -9010.8 -3.1 90 0 24.4 77.1 12.5 0.0 0 1 5 3 3
-2237.3 -9299.3 -7.2 181 0 18.7 7.3 5.0 2.5 2 0 2 4 4
-1911.7 -8780.1 -1.4 181 0 4.7 16.9 7.5 2.5 2 1 3 4 4
-2239.7 -9394.2 -8.7 181 0 22.1 6.1 2.5 2.5 2 0 1 0 0
-1497.9 -9294.6 -6.3 2 0 65.2 139.7 7.5 0.0 0 1 3 1 1
-2214.4 -9318.9 -8.0 271 0 12.4 36.0 5.0 2.5 2 1 2 1 1
-1029.8 -8813.4 -2.1 105 0 25.2 66.5 7.5 0.0 0 1 3 4 4
-1688.1 -9152.1 -5.6 268 0 6.0 23.6 2.5 2.5 2 1 1 3 3
-905.5 -8848.0 -2.4 107 0 23.5 65.8 10.0 2.5 2 1 4 4 4
-1281.3 -8845.3 -2.3 92 0 46.4 10.2 10.0 2.5 4 0 4 5 5
-1773.0 -8857.3 -3.4 181 0 16.0 55.8 10.0 2.5 2 1 4 0 0
-1415.8 -8839.6 -2.9 92 0 11.2 7.3 2.5 2.5 2 0 1 0 0
-1985.7 -9037.0 -2.8 272 0 43.5 19.9 7.5 2.5 2 0 3 1 1
-2181.8 -9646.5 -7.2 5 0 59.9 12.0 7.5 2.5 2 0 3 4 4
-862.8 -9086.1 -4.8 96 0 9.2 7.0 5.0 2.5 2 0 2 2 2
-2224.8 -9016.8 -3.6 182 0 37.6 9.9 7.5 2.5 2 0 3 2 2
-1067.4 -8802.1 -2.2 106 0 24.9 65.5 7.5 0.0 0 1 3 3 3
-1842.0 -8832.7 -2.7 1 0 6.2 38.2 7.5 2.5 2 1 3 3 3
-789.9 -8947.3 -3.5 8 0 23.4 42.1 10.0 0.0 0 1 4 5 5
-1773.9 -8892.7 -3.7 181 0 23.7 19.2 7.5 2.5 2 0 3 1 1
-2165.1 -9630.4 -7.1 97 0 29.4 12.3 10.0 0.0 0 0 4 0 0
-2235.1 -9450.7 -9.5 90 0 6.4 29.9 5.0 2.5 2 1 2 2 2
-1937.6 -9487.9 -7.0 274 0 13.4 29.7 7.5 2.5 2 1 3 5 5
-1624.1 -8969.2 -2.9 91 0 7.5 42.7 7.5 0.0 0 1 3 2 2
-1923.9 -9584.3 -6.7 1 0 28.0 11.3 10.0 2.5 2 0 4 2 2
-1964.2 -9486.6 -7.6 274 0 11.6 6.5 7.5 2.5 2 0 3 5 5
-2095.0 -9683.3 -7.1 95 0 5.4 18.1 7.5 2.5 2 1 3 2 2
-1842.0 -8846.6 -2.6 1 0 6.2 38.7 5.0 2.5 2 1 2 1 1
-1870.6 -9331.7 -5.6 1 0 13.2 45.3 12.5 2.5 2 1 5 4 4
-2170.1 -9638.7 -7.1 4 0 15.3 10.4 7.5 2.5 2 0 3 2 2
-1939.8 -9519.4 -7.1 274 0 13.4 21.2 7.5 2.5 2 1 3 0 0
-1593.4 -8859.0 -2.4 1 0 14.4 75.3 12.5 0.0 0 1 5 5 5
-1906.7 -9591.7 -6.7 1 0 41.9 14.3 10.0 2.5 2 0 4 2 2
-1978.3 -9485.7 -6.8 274 0 7.9 59.8 7.5 2.5 2 1 3 3 3
-1426.4 -8635.8 0.4 181 0 10.3 89.8 15.0 2.5 2 1 6 0 0
-1835.7 -8715.1 -2.4 346 0 5.7 19.7 5.0 2.5 2 1 2 4 4
-2221.9 -8981.0 -2.8 182 0 29.5 33.3 10.0 0.0 0 1 4 2 2
-1951.7 -9487.4 -6.9 274 0 12.0 60.0 7.5 0.0 0 1 3 1 1
-1724.8 -9050.2 -4.8 92 0 8.9 60.1 7.5 2.5 2 1 3 1 1
-2005.2 -9477.7 -6.0 184 0 7.2 17.4 7.5 2.5 2 1 3 2 2
-1174.8 -8689.1 -0.4 15 0 15.2 29.8 15.0 0.0 0 1 6 3 3
-1731.6 -9098.3 -5.1 182 0 81.1 30.9 7.5 0.0 0 0 3 5 5
-1613.4 -9441.8 -6.6 181 0 24.3 96.7 12.5 0.0 0 1 5 1 1
-1205.3 -8843.6 -2.7 3 0 10.2 47.2 10.0 2.5 4 1 4 0 0
-252.4 -8995.5 -3.3 17 0 20.2 12.8 10.0 2.5 2 0 4 5 5
-294.1 -7635.7 -2.1 234 0 10.7 45.6 7.5 2.5 2 1 3 3 3
-721.2 -9713.1 -2.5 350 0 9.5 6.6 5.0 2.5 2 0 2 4 4
-746.7 -9227.1 -6.2 90 0 19.2 95.9 7.5 0.0 0 1 3 5 5
-2071.5 -9360.1 -9.0 272 0 76.4 10.9 12.5 2.5 2 0 5 4 4
-314.5 -7605.2 -1.7 235 0 7.6 34.1 5.0 0.0 0 1 2 5 5
-1980.8 -9569.6 -6.8 271 0 18.4 42.0 7.5 0.0 0 1 3 5 5
-2158.6 -8946.2 -0.9 182 0 24.9 73.4 7.5 0.0 0 1 3 1 1
-1025.5 -9612.9 -7.5 270 0 18.1 51.2 7.5 2.5 2 1 3 3 3
-2191.2 -9736.0 -7.3 270 0 36.5 85.0 7.5 0.0 0 1 3 1 1
-1986.7 -9656.0 -6.9 91 0 8.3 36.9 7.5 2.5 2 1 3 4 4
-2127.4 -9515.7 -8.3 97 0 6.6 11.6 7.5 0.0 0 1 3 1 1
-622.2 -8874.2 -1.5 180 0 71.1 24.6 12.5 0.0 0 0 5 3 3
-2210.2 -9303.5 -7.3 91 0 12.2 30.7 10.0 2.5 2 1 4 2 2
-1222.4 -8657.9 -1.4 282 0 6.1 20.3 5.0 2.5 2 1 2 4 4
-1675.2 -9069.2 -4.6 2 0 15.8 9.0 7.5 2.5 4 0 3 2 2
-1145.8 -8832.0 -2.6 180 0 69.2 6.3 7.5 0.0 0 0 3 3 3
-1478.1 -9399.3 -6.5 1 0 24.1 7.0 5.0 2.5 4 0 2 4 4
-1583.1 -8845.3 -1.1 2 0 41.8 7.7 7.5 2.5 2 0 3 1 1
-2230.5 -9395.4 -8.7 181 0 9.1 6.3 5.0 2.5 4 0 2 1 1
-1494.6 -9217.9 -6.2 2 0 65.5 122.1 7.5 0.0 0 1 3 5 5
-1838.3 -8750.4 -2.7 1 0 23.9 23.4 7.5 2.5 2 0 3 1 1
-2083.8 -8836.9 1.1 245 0 17.9 6.3 5.0 2.5 2 0 2 4 4
244.9 -8978.0 -2.0 83 0 20.9 97.0 7.5 0.0 0 1 3 4 4
-1100.8 -8805.2 -2.6 286 0 25.1 75.7 12.5 0.0 0 1 5 5 5
-2185.3 -9869.6 -7.5 271 0 13.5 19.8 10.0 2.5 2 1 4 1 1
-2169.8 -9616.7 -7.5 97 0 56.2 18.1 10.0 2.5 2 0 4 1 1
-1509.3 -9384.7 -6.5 270 0 7.7 24.1 5.0 2.5 2 1 2 2 2
-813.1 -9484.0 -7.7 352 0 4.9 10.2 5.0 2.5 2 1 2 5 5
-2231.0 -8981.9 -2.8 182 0 27.2 8.1 5.0 2.5 2 0 2 5 5
-2127.9 -9521.9 -8.1 277 0 7.0 17.0 7.5 2.5 2 1 3 4 4
-2238.1 -9413.4 -9.0 181 0 4.3 15.4 5.0 2.5 2 1 2 1 1
-849.9 -8995.0 -4.0 7 0 31.7 8.1 7.5 2.5 2 0 3 3 3
-2236.0 -9262.1 -6.5 181 0 8.3 10.6 5.0 0.0 0 1 2 1 1
-1542.4 -8930.6 -1.9 1 0 15.4 53.5 12.5 2.5 2 1 5 5 5
-697.1 -9660.0 -1.1 352 0 7.8 60.1 7.5 2.5 2 1 3 4 4
-1585.8 -8896.7 -2.8 1 0 23.5 79.4 12.5 0.0 0 1 5 1 1
-814.2 -9473.8 -7.7 352 0 5.0 10.5 2.5 0.0 0 1 1 2 2
-1357.6 -8841.2 -3.0 92 0 94.5 10.1 10.0 2.5 2 0 4 0 0
-485.9 -8883.7 -1.4 0 0 52.7 48.0 12.5 0.0 0 0 5 4 4
-1465.6 -8747.0 -0.0 1 0 136.2 45.9 10.0 0.0 0 0 4 4 4
-205.9 -7621.4 -2.8 323 0 8.3 23.5 5.0 2.5 4 1 2 5 5
-1172.8 -8736.8 -1.5 0 0 65.7 9.5 7.5 2.5 2 0 3 0 0
-1736.1 -9217.9 -5.5 182 0 83.9 44.0 7.5 0.0 0 0 3 1 1
-1569.8 -9145.6 -5.5 272 0 113.7 12.9 10.0 2.5 2 0 4 2 2
-1304.2 -8688.4 -1.7 182 0 8.6 60.6 7.5 2.5 4 1 3 1 1
-850.5 -8966.3 -3.6 98 0 9.7 31.3 7.5 2.5 2 1 3 5 5
-265.3 -7618.6 -2.1 324 0 8.5 23.9 7.5 2.5 4 1 3 0 0
-1922.9 -9489.8 -7.3 274 0 12.7 59.9 7.5 2.5 2 1 3 2 2
-1616.0 -8980.4 -4.2 1 0 20.5 111.4 12.5 0.0 0 1 5 3 3
-1608.0 -8873.8 -1.8 1 0 10.7 10.4 2.5 2.5 2 0 1 3 3
-2157.1 -9640.3 -7.1 187 0 12.3 5.3 2.5 2.5 2 0 1 2 2
-250.3 -7659.9 -2.3 54 0 23.7 8.7 7.5 2.5 2 0 3 3 3
-1847.9 -8791.6 -2.8 1 0 15.1 46.4 10.0 2.5 4 1 4 5 5
-2114.0 -9681.4 -7.1 92 0 12.2 24.0 10.0 2.5 2 1 4 5 5
469.9 -3533.3 -4.4 254 0 132.5 203.8 10.0 0.0 0 1 4 5 5
315.1 -3967.7 -4.6 75 0 18.3 82.6 10.0 2.5 2 1 4 2 2
274.5 -3461.6 6.3 257 0 14.1 70.2 10.0 2.5 2 1 4 1 1
1160.5 -3911.8 0.0 173 0 35.8 18.5 10.0 0.0 0 0 4 1 1
268.1 -3534.8 6.1 77 0 14.1 69.8 7.5 2.5 2 1 3 0 0
457.0 -3825.9 -4.1 165 0 17.7 12.3 5.0 2.5 2 0 2 1 1
227.6 -3448.6 5.8 257 0 6.1 20.9 7.5 2.5 2 1 3 1 1
111.6 -3566.2 5.8 252 0 8.8 28.4 2.5 2.5 2 1 1 0 0
21.5 -3525.2 5.4 255 0 5.3 8.5 5.0 2.5 2 1 2 4 4
92.2 -3574.8 4.5 252 0 5.7 63.7 7.5 2.5 2 1 3 4 4
126.0 -3562.4 5.9 252 0 9.5 27.3 7.5 2.5 4 1 3 2 2
580.9 -3504.9 -0.8 255 0 12.2 43.0 10.0 2.5 2 1 4 4 4
136.6 -3498.5 5.8 256 0 18.7 28.9 10.0 0.0 0 1 4 4 4
1087.0 -3827.9 0.4 352 0 36.4 17.5 7.5 2.5 2 0 3 4 4
291.4 -3767.1 -2.3 165 0 7.2 31.3 2.5 2.5 2 1 1 1 1
320.2 -3730.0 -2.3 254 0 6.6 31.0 5.0 2.5 4 1 2 4 4
174.7 -3703.4 1.3 72 0 57.6 52.6 10.0 0.0 0 0 4 1 1
297.7 -3456.6 6.4 257 0 13.5 70.0 12.5 2.5 2 1 5 1 1
367.7 -3715.6 -3.3 255 0 6.8 32.3 7.5 2.5 2 1 3 5 5
499.1 -4555.2 -0.1 74 0 21.3 49.5 7.5 2.5 2 1 3 0 0
549.0 -4562.0 -1.0 162 0 136.0 64.6 10.0 0.0 0 0 4 2 2
517.8 -4560.8 -0.4 253 0 49.8 67.6 5.0 0.0 0 1 2 0 0
1480.5 10068.9 -12.5 90 0 155.8 285.3 7.5 0.0 0 1 3 5 5
