3450.5 -5339.5 -2.1 96 0 49.9 23.3 5.0 2.5 2 0 2 5 5
3290.3 -5182.1 -2.0 270 0 20.0 51.1 10.0 2.5 2 1 4 2 2
3277.6 -5246.9 -1.6 181 0 18.4 36.6 7.5 0.0 0 1 3 0 0
3521.3 -5164.1 -4.0 229 0 61.5 41.9 10.0 0.0 0 0 4 5 5
3378.3 -5191.3 -2.2 91 0 97.3 18.8 7.5 0.0 0 0 3 0 0
3902.8 -5160.9 -9.4 360 0 65.3 31.9 12.5 0.0 0 0 5 1 1
3370.4 -5129.6 -2.6 180 0 18.6 57.3 7.5 2.5 2 1 3 1 1
3450.9 -5120.5 -2.4 270 0 16.2 62.3 7.5 0.0 0 1 3 5 5
3687.6 -5167.3 -8.5 180 0 64.7 168.7 12.5 0.0 0 1 5 1 1
3766.5 -5228.0 -9.3 270 0 274.0 88.8 7.5 0.0 0 0 3 5 5
-4028.2 -4220.8 0.9 180 0 33.6 41.6 17.5 0.0 0 1 5 1 1
-4300.7 6987.4 -12.5 356 0 22.9 25.3 7.5 2.5 2 1 3 2 2
-6087.5 10728.9 -20.6 201 0 73.5 106.0 12.5 0.0 0 1 5 1 1
-5963.9 10681.7 -20.1 201 0 74.0 37.0 17.5 0.0 0 0 7 1 1
-6000.6 10587.5 -19.8 201 0 71.9 36.6 10.0 0.0 0 0 4 1 1
-5139.4 -4470.9 3.0 359 0 66.9 13.4 10.0 2.5 2 0 4 0 0
-3250.0 3304.3 -11.5 0 0 120.8 49.9 12.5 0.0 0 0 5 3 3
-3194.6 3365.4 -11.5 271 0 12.8 43.1 7.5 2.5 2 1 3 5 5
-3079.8 2072.3 -8.3 267 0 12.3 86.3 10.0 2.5 2 1 4 0 0
-813.1 -5586.0 -5.3 150 0 43.9 26.3 12.5 0.0 0 0 5 0 0
-6179.6 9944.7 -18.8 179 0 147.8 258.5 17.5 0.0 0 1 7 0 0
-6422.5 10452.4 -21.4 102 0 130.2 55.9 5.0 0.0 0 0 2 3 3
-6367.9 10403.2 -20.9 11 0 40.2 126.7 10.0 0.0 0 1 4 3 3
-3262.4 2042.2 -7.3 272 0 13.8 100.3 12.5 2.5 2 1 5 0 0
-3135.9 1863.0 -4.3 91 0 13.0 86.7 12.5 2.5 2 1 5 1 1
-3069.5 1881.0 -4.4 88 0 11.6 72.0 12.5 2.5 2 1 5 0 0
-2845.2 1964.1 -4.8 270 0 7.1 43.0 7.5 2.5 2 1 3 0 0
2373.1 2328.4 -5.9 349 0 53.8 12.3 10.0 2.5 2 0 4 5 5
-3199.3 2056.9 -7.8 269 0 12.7 43.5 12.5 2.5 2 1 5 4 4
-2808.7 1939.1 -4.6 359 0 35.9 14.1 12.5 2.5 4 0 5 4 4
-3473.1 847.6 -1.5 94 0 13.1 56.1 10.0 2.5 2 1 4 0 0
-3289.0 2653.2 -4.1 175 0 211.8 52.9 12.5 0.0 0 0 5 3 3
-3132.6 2062.3 -8.0 269 0 13.1 86.1 10.0 2.5 2 1 4 0 0
2318.3 2303.2 -6.1 85 0 7.8 33.5 7.5 2.5 2 1 3 2 2
1120.7 1900.8 -6.3 85 0 21.0 163.4 12.5 0.0 0 1 5 0 0
2396.6 2287.4 -5.9 299 0 10.7 59.9 10.0 2.5 2 1 4 0 0
2605.1 2979.5 -6.4 355 0 14.7 70.5 7.5 2.5 2 1 3 2 2
-3465.5 969.5 -1.8 273 0 13.2 55.9 10.0 2.5 2 1 4 5 5
5938.5 10180.3 -19.3 179 0 116.4 16.8 15.0 0.0 0 0 6 0 0
5949.2 10057.3 -20.6 89 0 17.6 47.5 12.5 2.5 2 1 5 0 0
-4462.5 8727.2 -16.3 280 0 9.4 29.2 5.0 0.0 0 1 2 0 0
-4329.4 8247.3 -12.8 278 0 15.8 19.2 5.0 2.5 2 1 2 4 4
-4444.8 8724.9 -17.1 279 0 15.9 48.5 10.0 0.0 0 1 4 1 1
-4647.7 8238.5 -13.1 255 0 11.8 103.8 10.0 0.0 0 1 4 4 4
-4423.7 8723.4 -17.8 280 0 8.9 55.0 7.5 2.5 2 1 3 1 1
-4332.0 8503.6 -15.6 282 0 48.5 47.7 12.5 0.0 0 0 5 1 1
-4268.0 8150.7 -13.0 96 0 13.8 62.9 10.0 0.0 0 1 4 5 5
-4868.0 8883.5 -16.2 262 0 51.3 133.2 12.5 0.0 0 1 5 2 2
-6271.2 10387.3 -21.0 11 0 80.9 26.5 10.0 0.0 0 0 4 0 0
-6345.6 10412.4 -21.2 191 0 101.1 36.6 7.5 0.0 0 0 3 0 0
2052.1 -6834.0 -4.3 180 0 21.8 50.3 7.5 2.5 2 1 3 1 1
105.3 -3899.0 1.7 177 0 78.0 34.4 5.0 0.0 0 0 2 5 5
-109.5 -7789.9 -2.2 262 0 42.5 21.4 10.0 0.0 0 0 4 2 2
247.4 -4169.1 -0.1 267 0 24.8 97.5 10.0 0.0 0 1 4 4 4
-82.5 -4775.2 -0.8 90 0 15.4 43.7 7.5 2.5 2 1 3 2 2
275.0 -3727.5 0.4 87 0 19.4 102.3 7.5 0.0 0 1 3 2 2
1805.9 -4513.1 1.0 263 0 11.9 59.1 7.5 0.0 0 1 3 1 1
1549.7 -4563.5 -0.7 263 0 10.6 87.6 10.0 0.0 0 1 4 4 4
1945.2 -7019.8 -4.6 352 0 47.3 22.5 10.0 2.5 2 0 4 5 5
310.2 -7208.7 -1.7 353 0 16.5 56.6 14.0 3.5 2 1 4 4 4
243.8 -3729.0 0.7 87 0 19.4 102.3 5.0 0.0 0 1 2 1 1
1600.9 -6877.8 -4.1 270 0 40.2 29.6 10.0 0.0 0 0 4 4 4
26.2 -4723.8 -0.9 0 0 112.4 13.3 12.5 2.5 2 0 5 4 4
-1432.4 -7842.2 -2.5 345 0 57.8 26.6 10.0 2.5 2 0 4 0 0
201.2 -4369.6 0.0 87 0 36.1 84.7 10.0 0.0 0 1 4 0 0
-168.7 -4544.3 -1.1 271 0 13.9 98.9 15.0 2.5 2 1 6 4 4
866.8 -4334.6 -0.3 354 0 52.3 15.4 10.0 2.5 2 0 4 0 0
2131.3 -5817.2 -2.3 179 0 56.5 15.6 10.0 2.5 2 0 4 4 4
-106.8 -3776.8 1.6 267 0 36.4 156.1 10.0 0.0 0 1 4 1 1
2080.9 -6802.2 -4.0 90 0 46.2 15.8 10.0 2.5 2 0 4 5 5
1772.5 -4517.1 0.7 263 0 11.9 59.1 7.5 2.5 4 1 3 1 1
130.1 -4147.9 1.4 88 0 34.8 190.1 7.5 0.0 0 1 3 2 2
173.6 -4222.7 0.4 176 0 96.8 38.0 7.5 0.0 0 0 3 1 1
-155.0 -4770.6 -1.6 90 0 14.1 100.1 10.0 2.5 2 1 4 4 4
1785.1 -4341.3 2.4 265 0 15.5 67.5 10.0 0.0 0 1 4 0 0
26.4 -4605.9 -0.8 360 0 84.3 15.1 7.5 2.5 2 0 3 5 5
196.8 -7212.3 -1.9 263 0 56.6 16.4 14.0 0.0 0 0 4 0 0
200.2 -3680.1 1.2 177 0 102.3 19.4 10.0 0.0 0 0 4 1 1
209.4 -7286.3 -1.4 173 0 34.9 65.4 14.0 0.0 0 1 4 4 4
-50.6 -4725.4 -1.2 90 0 13.0 72.0 12.5 2.5 2 1 5 5 5
1954.1 -6815.4 -4.2 360 0 55.4 17.4 7.5 2.5 2 0 3 3 3
1340.6 -6480.0 -5.3 176 0 89.3 24.9 10.0 0.0 0 0 4 2 2
114.8 -3760.9 1.3 267 0 34.1 79.3 12.5 0.0 0 1 5 5 5
717.7 -6471.4 -5.0 360 0 85.1 53.7 12.5 0.0 0 0 5 4 4
1605.5 -6570.8 -3.5 356 0 70.1 25.8 12.5 0.0 0 0 5 1 1
1131.2 -8216.2 -10.5 360 0 42.7 27.4 10.0 0.0 0 0 4 3 3
269.3 -4323.3 -0.2 357 0 85.0 25.5 10.0 0.0 0 0 4 5 5
300.5 -3623.8 0.1 267 0 19.4 102.3 7.5 0.0 0 1 3 0 0
845.3 -4868.0 -1.9 270 0 12.0 42.5 10.0 2.5 2 1 4 1 1
1847.3 -4538.2 1.0 353 0 59.1 12.0 10.0 2.5 2 0 4 2 2
-6412.8 -6535.4 2.1 360 0 41.0 26.9 10.0 0.0 0 0 4 3 3
1137.4 -8298.2 -10.7 0 0 70.4 16.5 5.0 2.5 2 0 2 3 3
1610.3 -4554.6 -0.3 354 0 41.1 12.6 15.0 0.0 0 0 6 1 1
1739.0 -4520.3 0.5 263 0 11.9 59.1 7.5 2.5 2 1 3 4 4
128.0 -4371.9 0.8 178 0 60.6 18.0 10.0 2.5 2 0 4 1 1
-172.6 -6728.9 0.1 90 0 51.0 60.9 10.5 0.0 0 1 3 3 3
1022.8 -5866.7 0.7 90 0 45.5 119.9 15.0 0.0 0 1 6 0 0
472.6 -4773.8 0.4 89 0 11.5 55.2 12.5 2.5 2 1 5 2 2
2112.6 -6814.5 -4.3 180 0 57.0 22.9 10.0 2.5 2 0 4 0 0
-6857.9 -8456.3 -2.0 90 0 16.9 80.0 10.0 2.5 2 1 4 3 3
900.6 -7297.0 -4.0 174 0 279.2 72.2 10.5 0.0 0 0 3 0 0
1738.6 -4345.7 2.1 264 0 15.5 67.5 10.0 2.5 2 1 4 4 4
-85.6 -4552.6 -1.2 270 0 13.9 88.0 7.5 2.5 2 1 3 1 1
-6028.8 -8748.3 -2.3 349 0 125.3 34.2 7.5 0.0 0 0 3 3 3
-268.3 -4724.2 -4.0 180 0 113.2 12.8 12.5 2.5 2 0 5 2 2
1677.0 -7042.1 -4.6 90 0 42.1 72.1 7.5 0.0 0 1 3 5 5
1911.9 -4635.8 -1.1 178 0 29.6 13.0 10.0 2.5 2 0 4 2 2
1843.8 -4680.2 -1.3 83 0 10.8 43.0 7.5 0.0 0 1 3 4 4
1752.5 -4607.6 -0.3 173 0 26.3 17.4 7.5 0.0 0 0 3 5 5
2275.8 3321.7 -4.8 268 0 25.9 40.6 10.0 0.0 0 1 4 0 0
-1615.4 -3779.1 -0.4 349 0 100.6 36.7 10.0 0.0 0 0 4 0 0
2189.7 3450.3 -4.4 268 0 12.8 73.6 10.0 2.5 2 1 4 2 2
77.9 -3960.0 1.6 267 0 20.0 107.7 12.5 0.0 0 1 5 3 3
508.2 -2757.6 -0.2 264 0 100.0 180.7 10.0 0.0 0 1 4 0 0
-655.1 -4157.3 0.8 358 0 40.1 17.9 7.5 0.0 0 0 3 3 3
-1145.4 -2830.8 -2.3 170 0 66.0 12.1 14.0 3.5 2 0 4 2 2
-1682.9 -3126.7 0.8 53 0 7.6 43.7 7.5 2.5 2 1 3 3 3
95.7 -2918.0 5.3 78 0 14.4 66.6 7.5 0.0 0 1 3 4 4
-209.6 -6217.7 -2.3 270 0 50.0 15.3 14.0 3.5 4 0 4 5 5
31.2 -4175.7 1.6 87 0 17.4 91.0 10.0 2.5 2 1 4 2 2
2102.2 3072.2 -4.8 270 0 13.1 17.9 10.0 2.5 2 1 4 5 5
1422.4 2118.6 -1.5 264 0 25.3 72.6 7.5 0.0 0 1 3 3 3
2248.8 3236.3 -4.9 359 0 60.0 13.3 10.0 2.5 2 0 4 1 1
1456.5 2121.3 -1.7 266 0 25.3 72.0 10.0 0.0 0 1 4 4 4
-194.3 -2982.3 2.5 77 0 16.3 66.1 10.0 2.5 2 1 4 3 3
-287.1 -3800.3 0.2 87 0 12.7 46.5 12.5 2.5 2 1 5 2 2
2148.3 3155.2 -4.7 267 0 12.3 67.4 7.5 0.0 0 1 3 3 3
-1055.8 -5613.4 -1.0 152 0 20.2 36.2 10.0 0.0 0 1 4 1 1
2079.5 -4776.6 -1.2 82 0 12.7 60.5 12.5 2.5 2 1 5 0 0
2050.0 -4564.5 0.7 263 0 6.0 109.2 7.5 2.5 2 1 3 3 3
-1231.3 -3246.6 -1.4 260 0 181.3 96.4 17.5 0.0 0 0 7 5 5
70.1 -2923.6 5.2 78 0 14.4 66.6 10.0 2.5 2 1 4 2 2
1956.4 3303.4 -3.5 3 0 20.3 13.2 7.5 2.5 2 0 3 1 1
602.3 -2793.4 -0.6 354 0 49.2 23.4 7.5 2.5 2 0 3 0 0
-1104.7 -3810.1 -0.3 85 0 229.5 78.2 10.5 0.0 0 0 3 5 5
-171.3 -2976.8 2.8 77 0 16.3 66.1 10.0 2.5 2 1 4 3 3
695.9 -3389.3 1.3 81 0 18.4 62.1 12.5 2.5 2 1 5 5 5
-118.7 -2964.3 3.7 78 0 15.9 66.0 10.0 2.5 2 1 4 0 0
1943.8 -4742.0 -2.1 84 0 11.7 57.4 12.5 2.5 2 1 5 3 3
44.4 -2929.1 5.0 78 0 14.4 66.6 10.0 2.5 2 1 4 3 3
-766.0 -3286.3 -2.8 77 0 85.6 240.3 10.0 0.0 0 1 4 4 4
1151.3 2292.8 -10.4 264 0 48.6 195.8 10.0 0.0 0 1 4 5 5
2200.2 2957.7 -5.5 358 0 74.3 12.4 7.5 2.5 2 0 3 5 5
2024.8 -4591.5 0.6 263 0 10.6 62.1 15.0 0.0 0 1 6 0 0
1383.6 1265.0 -9.5 173 0 26.2 13.9 7.5 2.5 2 0 3 0 0
223.6 -3540.4 0.9 267 0 24.8 72.8 10.0 0.0 0 1 4 1 1
2058.3 3436.2 -4.1 268 0 12.5 74.0 7.5 0.0 0 1 3 3 3
1970.1 2940.7 -5.7 179 0 46.4 13.2 10.0 2.5 2 0 4 3 3
-392.4 -3995.7 0.3 267 0 24.8 64.6 7.5 0.0 0 1 3 5 5
-511.6 -2880.7 -3.1 345 0 85.4 49.0 12.5 0.0 0 0 5 4 4
1095.5 1414.3 -7.7 83 0 18.3 37.0 7.5 2.5 2 1 3 0 0
-691.7 -4243.0 1.1 87 0 51.0 22.5 10.0 2.5 2 0 4 5 5
6.8 -2768.5 2.9 257 0 147.9 55.2 10.0 0.0 0 0 4 1 1
2196.8 2848.4 -6.4 89 0 12.9 59.7 12.5 2.5 2 1 5 0 0
1994.6 -4592.3 0.1 263 0 11.2 65.1 10.0 2.5 2 1 4 2 2
1489.7 2124.7 -2.0 266 0 24.4 72.1 7.5 0.0 0 1 3 1 1
2156.0 2843.2 -6.8 88 0 12.0 62.7 5.0 2.5 2 1 2 2 2
-539.2 -3236.5 -2.5 77 0 84.4 241.4 15.0 0.0 0 1 6 1 1
2277.9 -4606.6 -3.9 263 0 14.1 65.1 12.5 2.5 2 1 5 4 4
1702.9 -4380.4 1.9 173 0 37.9 11.0 7.5 2.5 2 0 3 3 3
2313.9 -5773.5 -2.9 359 0 21.2 44.6 7.5 2.5 4 1 3 0 0
-1789.0 -3786.2 -1.2 349 0 56.3 17.6 12.5 2.5 2 0 5 1 1
2230.2 3454.5 -4.5 268 0 12.4 73.7 10.0 2.5 2 1 4 3 3
1485.5 1130.5 -7.9 84 0 80.1 44.8 7.5 0.0 0 0 3 5 5
1506.2 2140.8 -2.2 85 0 11.3 29.6 10.0 2.5 2 1 4 3 3
122.8 -2911.2 5.5 78 0 14.5 66.6 15.0 2.5 2 1 6 2 2
1958.2 -4596.9 -0.0 263 0 13.0 56.1 7.5 2.5 2 1 3 5 5
-1767.6 -3076.2 1.1 234 0 12.9 37.1 7.5 2.5 4 1 3 4 4
326.1 -4985.3 0.6 90 0 16.0 46.6 10.0 2.5 2 1 4 4 4
1515.1 1225.9 -8.8 354 0 44.8 80.1 7.5 0.0 0 1 3 2 2
21.8 -4329.9 1.3 357 0 47.7 18.3 10.0 2.5 2 0 4 5 5
2042.9 -4744.5 -1.1 83 0 10.7 61.9 12.5 2.5 2 1 5 3 3
-533.7 -2742.0 -2.6 254 0 16.0 75.6 10.0 2.5 2 1 4 2 2
2013.1 -4750.7 -1.5 83 0 11.3 64.9 12.5 2.5 2 1 5 3 3
47.5 -3961.5 1.7 267 0 20.0 107.7 7.5 0.0 0 1 3 5 5
-719.1 -5619.7 -5.1 62 0 36.3 20.4 10.0 0.0 0 0 4 4 4
-1751.1 -3064.3 1.0 233 0 12.2 37.2 10.0 2.5 2 1 4 3 3
1468.4 2136.5 -2.0 85 0 57.9 12.1 10.0 2.5 2 0 4 3 3
-1723.6 -3066.6 1.0 322 0 36.3 7.2 7.5 2.5 4 0 3 4 4
-1058.5 -3315.2 -1.7 80 0 120.4 96.2 5.0 0.0 0 0 2 2 2
2158.4 2953.6 -5.9 358 0 66.0 12.0 5.0 2.5 2 0 2 1 1
-1155.8 -2726.1 -2.1 260 0 13.3 61.7 14.0 3.5 2 1 4 3 3
641.6 -3273.1 1.7 170 0 60.3 19.0 15.0 2.5 4 0 6 0 0
2331.4 3656.1 -4.2 180 0 16.0 32.3 10.0 0.0 0 1 4 0 0
-254.4 -3710.3 0.8 267 0 12.4 40.0 12.5 2.5 2 1 5 2 2
-60.5 -2952.0 4.3 78 0 16.0 66.2 10.0 2.5 2 1 4 3 3
1222.2 1421.7 -9.5 353 0 99.8 30.9 10.0 0.0 0 0 4 3 3
2156.9 3042.1 -4.9 359 0 66.3 12.5 7.5 2.5 2 0 3 1 1
-939.8 -3018.6 -3.2 163 0 70.5 322.8 7.5 0.0 0 1 3 5 5
-24.7 -4230.0 1.6 87 0 13.7 60.1 7.5 2.5 2 1 3 1 1
-89.9 -2957.8 4.1 78 0 15.9 66.0 7.5 2.5 4 1 3 0 0
1440.2 1504.0 -10.7 264 0 83.4 111.2 12.5 0.0 0 1 5 0 0
2103.3 3439.8 -4.2 268 0 12.6 77.8 7.5 2.5 2 1 3 5 5
12.3 -4018.1 1.7 177 0 107.7 20.0 10.0 0.0 0 0 4 0 0
2187.7 3158.8 -4.9 268 0 12.8 74.9 7.5 2.5 2 1 3 0 0
1978.0 -4737.8 -1.4 84 0 11.7 57.4 7.5 2.5 2 1 3 3 3
1900.8 -4718.1 -2.7 174 0 57.4 11.8 10.0 2.5 2 0 4 5 5
17.8 -2935.1 4.8 78 0 14.4 66.6 12.5 2.5 2 1 5 0 0
1352.1 -5147.5 -1.1 180 0 74.6 22.3 12.5 0.0 0 0 5 1 1
500.1 -3056.2 4.3 84 0 35.1 16.8 7.5 2.5 2 0 3 3 3
640.8 -3185.2 1.8 351 0 77.9 46.9 7.5 0.0 0 0 3 4 4
2097.9 3149.9 -4.4 267 0 13.0 61.1 10.0 2.5 2 1 4 5 5
2017.7 3430.5 -4.0 268 0 11.9 72.2 10.0 2.5 4 1 4 2 2
-562.5 -3890.7 -1.0 174 0 43.8 113.6 10.0 0.0 0 1 4 1 1
2560.2 3155.7 -6.0 257 0 14.6 44.3 10.0 2.5 4 1 4 2 2
2111.2 3033.3 -5.1 360 0 19.2 16.8 7.5 2.5 2 0 3 4 4
-867.3 -3310.2 -1.8 77 0 12.2 59.8 10.0 2.5 2 1 4 4 4
-129.3 -6280.3 -1.8 360 0 72.2 108.2 14.0 0.0 0 1 4 0 0
-2224.6 -4060.9 -0.3 272 0 16.0 84.3 7.5 2.5 2 1 3 0 0
2410.6 -2582.8 2.0 164 0 48.5 21.2 10.0 2.5 2 0 4 5 5
-148.1 -2971.2 3.2 77 0 16.2 66.1 7.5 2.5 2 1 3 4 4
2467.2 -2546.8 -0.6 255 0 32.6 42.4 10.0 0.0 0 1 4 3 3
1402.7 2268.1 -2.2 175 0 48.7 62.4 5.0 0.0 0 1 2 3 3
1032.7 1062.7 -7.9 258 0 14.4 102.2 10.0 2.5 2 1 4 1 1
-283.5 -6267.8 -2.3 179 0 98.7 36.5 14.0 0.0 0 0 4 2 2
2197.8 3042.6 -4.8 360 0 58.5 12.0 7.5 2.5 2 0 3 5 5
-1170.8 -2902.1 -2.2 258 0 79.6 120.6 14.0 0.0 0 1 4 3 3
-1342.8 -2944.2 -2.0 84 0 9.4 48.6 10.5 3.5 2 1 3 3 3
-2362.0 -4186.1 0.2 92 0 16.9 103.6 7.5 0.0 0 1 3 4 4
-1361.1 -2950.5 -1.7 84 0 9.1 42.6 10.5 3.5 4 1 3 2 2
2510.8 3023.7 -6.1 180 0 55.3 15.5 10.0 2.5 2 0 4 4 4
756.7 -3341.9 1.8 351 0 73.7 36.3 7.5 0.0 0 0 3 2 2
2418.5 -5769.0 -4.0 265 0 19.0 60.2 7.5 2.5 2 1 3 4 4
-983.2 -3580.2 -1.7 265 0 509.6 96.9 10.5 0.0 0 0 3 4 4
1972.6 -5665.5 -2.1 89 0 82.0 46.5 10.0 0.0 0 0 4 0 0
400.7 -3021.6 4.9 355 0 62.5 13.0 7.5 2.5 2 0 3 0 0
189.2 -3872.1 1.5 357 0 29.0 11.8 10.0 2.5 2 0 4 3 3
1409.4 1212.0 -8.9 173 0 50.4 16.1 10.0 0.0 0 0 4 0 0
-1328.0 -2871.9 -2.5 265 0 17.0 63.7 14.0 3.5 2 1 4 3 3
-600.6 -2860.9 -3.3 254 0 48.6 85.8 10.0 0.0 0 1 4 3 3
2363.5 3741.3 -4.0 270 0 17.3 61.4 10.0 2.5 2 1 4 2 2
-675.2 -3266.7 -3.2 77 0 85.2 240.1 10.0 0.0 0 1 4 3 3
-1155.6 -2686.8 -2.4 227 0 78.9 8.6 10.5 3.5 4 0 3 3 3
1069.5 1725.5 -6.2 263 0 60.3 228.1 12.5 0.0 0 1 5 3 3
2189.7 -4621.7 -0.3 263 0 16.3 57.9 7.5 2.5 2 1 3 0 0
1613.9 -4642.6 -0.7 83 0 11.7 52.3 10.0 2.5 2 1 4 0 0
-899.8 -3793.4 -1.0 85 0 145.3 77.6 10.5 0.0 0 0 3 1 1
1509.6 2129.0 -2.1 266 0 4.9 75.8 7.5 2.5 4 1 3 4 4
-647.1 -3285.1 -1.4 77 0 26.6 13.6 10.0 2.5 4 0 4 5 5
1746.3 -4653.0 -1.4 174 0 31.1 13.7 10.0 2.5 2 0 4 2 2
1384.3 -4976.7 -1.4 90 0 11.9 35.1 7.5 2.5 2 1 3 5 5
1795.0 -4685.9 -1.4 84 0 13.7 45.2 10.0 2.5 2 1 4 1 1
-5706.7 2179.0 -7.2 355 0 101.0 68.0 15.0 0.0 0 0 6 3 3
-5370.5 3388.8 -6.3 168 0 86.2 44.5 10.0 0.0 0 0 4 3 3
-5025.6 5800.4 -10.8 350 0 50.7 100.9 12.5 0.0 0 1 5 1 1
-6395.9 6848.7 -16.6 350 0 107.4 50.2 7.5 0.0 0 0 3 2 2
-5872.7 5839.5 -16.1 346 0 30.8 12.3 7.5 0.0 0 0 3 5 5
-4577.2 4332.1 -12.1 79 0 26.2 87.7 10.0 0.0 0 1 4 3 3
-5231.4 6028.8 -8.5 360 0 68.7 11.0 12.5 2.5 4 0 5 3 3
-6368.7 5672.3 -14.1 167 0 137.6 90.9 10.0 0.0 0 0 4 0 0
-5016.2 5742.3 -10.6 350 0 50.9 100.4 10.0 0.0 0 1 4 4 4
-5180.5 5628.1 -8.8 80 0 102.1 49.7 17.5 0.0 0 0 7 5 5
-5204.7 4464.3 -3.9 258 0 62.8 115.5 10.0 0.0 0 1 4 3 3
-4682.5 4293.9 -11.5 77 0 14.9 37.3 10.0 0.0 0 1 4 5 5
-5388.9 3490.7 -8.0 168 0 85.6 43.2 10.0 0.0 0 0 4 4 4
-5045.0 5858.0 -11.0 351 0 50.6 92.0 12.5 0.0 0 1 5 5 5
-5056.0 5649.5 -10.3 80 0 90.2 49.2 10.0 0.0 0 0 4 4 4
-4765.7 3489.9 -5.1 76 0 113.8 103.9 10.0 0.0 0 0 4 4 4
-5125.3 5931.3 -10.8 261 0 92.6 50.8 15.0 0.0 0 0 6 3 3
-4447.8 4349.9 -10.2 346 0 25.4 95.5 5.0 0.0 0 1 2 3 3
-4864.2 4412.4 -13.6 348 0 76.7 46.5 10.0 0.0 0 0 4 4 4
2391.2 9410.1 -13.4 325 0 17.6 18.6 7.5 2.5 2 1 3 1 1
2276.5 9511.3 -15.8 235 0 17.4 119.9 12.5 0.0 0 1 5 4 4
441.0 10584.1 -18.7 268 0 14.9 60.8 14.0 3.5 2 1 4 0 0
-628.7 10237.9 -18.3 265 0 28.7 95.7 12.5 0.0 0 1 5 3 3
346.1 10578.6 -18.6 263 0 14.7 59.9 14.0 3.5 2 1 4 2 2
-324.7 10168.0 -18.1 100 0 27.3 120.9 10.0 0.0 0 1 4 3 3
1722.2 8075.6 -17.8 175 0 50.6 15.7 10.0 2.5 2 0 4 4 4
-265.0 10303.1 -18.2 281 0 14.6 65.8 7.5 2.5 2 1 3 3 3
-565.0 10007.5 -17.2 85 0 28.7 120.6 12.5 0.0 0 1 5 4 4
706.1 8192.6 -16.3 99 0 24.9 54.8 10.0 2.5 2 1 4 5 5
-477.8 10015.4 -18.0 85 0 24.6 120.9 10.0 0.0 0 1 4 2 2
-366.9 10099.9 -18.1 11 0 6.7 30.1 5.0 2.5 2 1 2 2 2
853.6 8270.9 -16.5 360 0 45.7 91.8 10.0 0.0 0 1 4 2 2
320.1 10411.4 -18.3 83 0 31.3 17.0 14.0 3.5 2 0 4 0 0
-427.0 10055.9 -17.7 190 0 64.5 15.3 10.0 2.5 2 0 4 0 0
-563.1 9989.2 -14.4 266 0 28.6 102.9 12.5 0.0 0 1 5 4 4
-405.5 10183.3 -18.2 101 0 28.3 96.6 10.0 0.0 0 1 4 0 0
-540.1 10252.0 -18.4 265 0 29.1 102.6 10.0 0.0 0 1 4 1 1
-473.4 9996.7 -15.4 265 0 28.5 54.1 12.5 0.0 0 1 5 2 2
485.3 10585.7 -18.7 268 0 14.8 60.7 14.0 0.0 0 1 4 2 2
-364.7 10175.2 -18.1 100 0 28.3 109.1 7.5 0.0 0 1 3 5 5
-608.2 10261.8 -18.3 261 0 71.4 9.5 7.5 2.5 2 0 3 4 4
-520.5 10011.5 -17.7 85 0 29.0 120.7 7.5 0.0 0 1 3 0 0
396.6 10581.7 -18.7 268 0 14.8 59.9 14.0 3.5 2 1 4 5 5
809.3 10203.0 -15.8 178 0 37.0 70.6 14.0 0.0 0 1 4 2 2
-291.2 10161.2 -18.1 101 0 14.1 66.3 10.0 2.5 2 1 4 3 3
-403.9 10145.8 -18.2 191 0 12.3 16.5 7.5 2.5 2 1 3 0 0
8.1 10172.1 -18.0 99 0 46.6 69.2 7.5 0.0 0 1 3 3 3
-609.7 10003.9 -16.8 85 0 28.5 121.0 10.0 0.0 0 1 4 2 2
298.0 10542.3 -18.6 172 0 59.2 15.1 14.0 3.5 2 0 4 2 2
714.5 8329.0 -17.0 188 0 126.6 25.1 12.5 0.0 0 0 5 3 3
296.5 10469.2 -18.5 173 0 55.9 12.2 14.0 0.0 0 0 4 2 2
784.1 8465.8 -16.4 272 0 102.1 61.0 10.0 0.0 0 0 4 0 0
-391.8 10016.5 -17.8 100 0 15.6 65.9 10.0 2.5 2 1 4 5 5
344.9 10444.0 -18.4 83 0 15.1 59.3 14.0 3.5 2 1 4 1 1
-495.2 10255.9 -18.4 265 0 28.6 102.5 10.0 0.0 0 1 4 1 1
-607.3 9985.1 -14.0 266 0 28.4 102.2 10.0 0.0 0 1 4 1 1
543.0 10557.2 -18.6 358 0 60.2 19.2 14.0 3.5 2 0 4 5 5
-445.0 10156.6 -18.2 85 0 28.8 109.1 5.0 0.0 0 1 2 2 2
-584.2 10242.2 -18.2 266 0 28.5 96.5 10.0 0.0 0 1 4 4 4
-518.0 9993.1 -14.9 265 0 29.6 84.6 10.0 0.0 0 1 4 0 0
-3197.4 9731.0 -16.8 350 0 48.1 6.5 7.5 2.5 2 0 3 5 5
-3354.7 9506.4 -16.4 169 0 60.5 21.2 7.5 2.5 2 0 3 0 0
-4409.3 10033.7 -19.0 240 0 40.0 102.5 7.5 0.0 0 1 3 2 2
-4364.3 10059.2 -18.9 241 0 39.6 101.2 7.5 0.0 0 1 3 0 0
-3180.1 9552.3 -16.6 352 0 71.1 128.7 10.0 0.0 0 1 4 2 2
-5782.7 -2429.9 -1.4 91 0 15.1 86.0 17.5 3.5 2 1 5 1 1
-5589.6 -2193.2 -1.9 255 0 15.6 32.3 17.5 3.5 4 1 5 0 0
-5685.4 -2484.0 -1.3 173 0 66.1 12.4 17.5 3.5 4 0 5 4 4
-5902.1 -2327.0 -0.6 166 0 35.2 16.2 17.5 3.5 2 0 5 2 2
-5663.9 -2590.4 -0.7 82 0 12.1 63.8 17.5 3.5 2 1 5 0 0
-5899.1 -2278.4 -0.9 256 0 19.9 27.9 17.5 0.0 0 1 5 3 3
-5765.0 -2275.3 -2.4 346 0 62.5 14.8 17.5 3.5 2 0 5 5 5
-5691.6 -2323.9 -2.1 270 0 15.9 42.9 17.5 0.0 0 1 5 3 3
-5464.6 -2164.6 1.3 256 0 14.2 38.4 17.5 3.5 2 1 5 4 4
-5917.2 -2395.2 -0.0 181 0 73.6 16.4 17.5 3.5 2 0 5 4 4
-5692.6 -2422.3 -2.0 90 0 16.2 43.7 17.5 3.5 2 1 5 3 3
-5865.4 -2433.1 -0.5 91 0 15.8 78.3 17.5 3.5 4 1 5 2 2
-5648.4 -2419.9 -1.7 90 0 16.2 81.5 17.5 3.5 2 1 5 0 0
-5822.3 -2433.2 -1.0 91 0 16.6 81.0 17.5 3.5 2 1 5 5 5
-5605.5 -2415.1 -1.6 90 0 14.9 76.9 17.5 0.0 0 1 5 3 3
-5561.3 -2412.4 -2.0 90 0 14.5 76.0 17.5 0.0 0 1 5 4 4
-5412.8 -2176.1 2.2 344 0 50.1 14.1 17.5 3.5 4 0 5 0 0
-5736.5 -2325.5 -2.0 270 0 15.8 46.2 17.5 3.5 2 1 5 2 2
-5516.1 -2409.8 -2.0 90 0 14.5 77.8 17.5 3.5 2 1 5 3 3
-5549.0 -2181.9 -0.8 254 0 15.6 32.9 17.5 3.5 2 1 5 4 4
-5576.8 -2173.8 -2.5 255 0 145.5 11.1 17.5 0.0 0 0 5 3 3
-5738.7 -2425.7 -1.5 90 0 17.4 46.0 17.5 3.5 2 1 5 2 2
-5897.2 -2268.1 -2.6 165 0 15.7 122.8 17.5 0.0 0 1 5 4 4
-5467.5 -2407.1 -1.7 90 0 12.9 88.6 17.5 3.5 4 1 5 0 0
-5507.1 -2171.5 0.3 255 0 15.2 32.0 17.5 3.5 2 1 5 3 3
-5861.5 -2280.6 -1.3 256 0 16.7 57.9 17.5 3.5 2 1 5 0 0
-5428.4 -2407.6 -1.6 90 0 12.3 89.0 17.5 3.5 2 1 5 5 5
-5626.2 -2579.6 -1.1 83 0 11.7 58.2 17.5 3.5 2 1 5 5 5
-5822.0 -2256.8 -1.9 256 0 14.6 74.7 17.5 3.5 2 1 5 1 1
-5632.8 -2235.3 -2.6 164 0 57.8 11.7 17.5 3.5 2 0 5 2 2
-5635.2 -2477.1 -1.6 351 0 65.9 11.9 17.5 3.5 2 0 5 3 3
-5378.8 -2328.4 -0.4 0 0 18.0 17.7 17.5 0.0 0 0 5 4 4
-5370.9 -2358.3 -1.0 0 0 18.0 17.7 17.5 3.5 2 0 5 5 5
-5370.0 -2396.9 -1.5 81 0 16.2 19.7 17.5 3.5 2 1 5 2 2
-5866.5 -1262.8 1.9 90 0 10.6 28.5 14.0 3.5 2 1 4 1 1
-6186.3 -1120.7 -5.7 180 0 71.3 12.5 14.0 3.5 2 0 4 4 4
-5904.5 -1109.9 -0.7 270 0 12.6 60.7 14.0 3.5 2 1 4 2 2
-6353.3 -1076.5 -7.4 270 0 13.4 69.5 14.0 3.5 2 1 4 2 2
-6014.6 -1104.0 -2.3 269 0 12.4 60.3 14.0 3.5 2 1 4 3 3
-6466.3 -1116.6 -6.0 179 0 59.6 13.1 14.0 3.5 2 0 4 1 1
-6125.8 -1089.6 -4.4 270 0 12.5 72.3 14.0 3.5 4 1 4 3 3
-6240.7 -1079.2 -6.2 270 0 11.9 72.4 14.0 3.5 2 1 4 5 5
-5852.0 -1118.9 0.5 271 0 11.1 44.2 14.0 3.5 2 1 4 0 0
-6292.2 -1076.2 -6.7 269 0 13.0 72.6 14.0 3.5 4 1 4 4 4
-5960.2 -1109.9 -1.6 269 0 12.4 60.1 14.0 3.5 2 1 4 1 1
-6401.5 -1083.6 -7.4 270 0 12.1 42.8 14.0 3.5 2 1 4 2 2
-6069.8 -1095.6 -3.1 270 0 12.8 44.7 14.0 3.5 2 1 4 2 2
5695.7 9049.4 -16.4 178 0 36.0 13.2 7.5 2.5 4 0 3 0 0
5779.8 8931.3 -16.0 358 0 12.0 42.3 7.5 2.5 4 1 3 2 2
5800.9 9062.8 -16.6 268 0 31.1 102.0 7.5 0.0 0 1 3 4 4
5699.4 8974.3 -15.9 177 0 103.8 24.6 7.5 0.0 0 0 3 3 3
5360.6 6878.0 -11.8 168 0 47.4 12.3 7.5 2.5 2 0 3 1 1
6294.2 -4549.7 -4.8 261 0 50.0 79.3 12.5 0.0 0 1 5 4 4
4881.5 3768.9 -10.7 78 0 32.4 65.3 12.5 0.0 0 1 5 5 5
6935.9 -5049.4 -10.8 0 0 89.3 11.7 7.5 2.5 2 0 3 0 0
6274.9 -5343.3 -12.9 90 0 13.3 79.9 7.5 2.5 2 1 3 5 5
4980.3 3732.5 -10.4 79 0 20.7 44.6 7.5 0.0 0 1 3 4 4
6241.0 -4556.2 -5.1 261 0 37.6 96.8 10.0 0.0 0 1 4 0 0
5485.2 2196.7 -15.1 359 0 102.2 55.7 12.5 0.0 0 0 5 4 4
5705.7 -4626.3 -9.3 173 0 195.0 151.9 10.5 0.0 0 0 3 2 2
4820.3 3790.0 -10.8 169 0 65.7 32.3 7.5 0.0 0 0 3 2 2
4960.2 3845.5 -10.8 348 0 118.7 66.7 10.0 0.0 0 0 4 0 0
6942.0 -5180.1 -12.0 0 0 98.1 12.4 10.0 0.0 0 0 4 4 4
6428.8 -4528.8 -6.5 262 0 62.7 81.2 10.0 0.0 0 1 4 4 4
6217.9 -5343.4 -13.0 86 0 12.9 92.4 15.0 2.5 2 1 6 3 3
6265.7 -5140.0 -11.5 271 0 13.0 79.5 10.0 0.0 0 1 4 3 3
6941.5 -5290.2 -12.9 0 0 96.0 12.1 10.0 2.5 2 0 4 1 1
6200.6 -5186.4 -11.8 176 0 92.0 13.3 7.5 2.5 2 0 3 2 2
6935.4 -4945.1 -9.9 360 0 91.7 11.4 10.0 2.5 2 0 4 0 0
6310.1 -5259.2 -11.8 90 0 12.9 35.7 7.5 2.5 2 1 3 5 5
6212.7 -4560.6 -3.4 262 0 8.6 40.1 7.5 2.5 2 1 3 2 2
6373.9 -4537.8 -5.0 261 0 34.6 79.2 7.5 0.0 0 1 3 4 4
6775.0 -5142.4 -11.2 270 0 14.3 42.0 7.5 2.5 2 1 3 2 2
6799.9 -5041.3 -10.4 91 0 12.8 67.2 10.0 2.5 2 1 4 3 3
6487.3 -4616.8 -6.0 81 0 11.2 15.3 7.5 2.5 2 1 3 5 5
6848.6 -4938.3 -9.8 0 0 43.0 13.7 7.5 2.5 2 0 3 4 4
6805.8 -5252.1 -11.9 90 0 12.8 41.3 12.5 2.5 2 1 5 2 2
6753.1 -5092.5 -10.7 91 0 12.6 41.8 7.5 2.5 2 1 3 1 1
6705.8 -5139.1 -12.1 271 0 13.4 40.9 10.0 2.5 2 1 4 3 3
6547.6 -5215.7 -11.8 91 0 12.4 68.1 10.0 2.5 2 1 4 3 3
6444.9 -5340.6 -12.3 89 0 12.8 94.5 7.5 2.5 2 1 3 2 2
6355.5 -5138.3 -11.1 271 0 11.9 76.2 10.0 2.5 2 1 4 4 4
6638.5 -5207.7 -12.6 90 0 12.8 74.2 7.5 2.5 2 1 3 4 4
6503.2 -4556.7 -7.3 352 0 76.1 30.8 10.0 0.0 0 0 4 3 3
6849.0 -5171.3 -11.5 0 0 41.4 13.8 7.5 2.5 2 0 3 5 5
6734.5 -5251.6 -12.4 90 0 13.2 63.6 7.5 2.5 2 1 3 4 4
6362.5 -5345.1 -12.6 90 0 11.4 84.4 10.0 2.5 2 1 4 1 1
6449.4 -5184.5 -11.1 0 0 93.1 12.2 7.5 2.5 2 0 3 0 0
6842.2 -5257.5 -12.0 90 0 16.8 30.6 10.0 2.5 2 1 4 5 5
6834.0 -5035.2 -10.4 90 0 9.9 26.0 7.5 2.5 2 1 3 5 5
-452.2 3968.3 -5.1 338 0 17.7 17.9 10.0 2.5 2 1 4 4 4
-458.8 3984.4 -5.3 339 0 15.7 16.2 10.0 2.5 2 1 4 1 1
-466.9 4007.1 -5.7 339 0 32.0 17.5 5.0 2.5 2 0 2 4 4
-478.5 4037.2 -6.2 339 0 32.5 17.8 10.0 2.5 2 0 4 3 3
-490.4 4067.2 -6.6 338 0 32.1 18.1 7.5 2.5 2 0 3 1 1
-503.0 4098.9 -7.0 338 0 34.3 18.7 15.0 0.0 0 0 6 5 5
-480.7 4122.9 -7.1 250 0 8.3 7.1 5.0 2.5 2 0 2 5 5
-480.5 4127.5 -7.2 248 0 6.3 5.4 2.5 2.5 2 0 1 3 3
-438.5 4000.5 -5.5 160 0 15.5 6.5 5.0 2.5 2 0 2 2 2
-453.4 4034.1 -6.2 157 0 46.6 7.7 7.5 2.5 2 0 3 5 5
-477.6 4086.1 -6.7 159 0 14.0 9.0 5.0 2.5 2 0 2 4 4
-422.6 3986.7 -5.3 158 0 9.9 24.5 5.0 2.5 4 1 2 4 4
-517.1 4234.0 -8.6 336 0 4.1 11.4 5.0 2.5 2 1 2 3 3
-431.8 4032.3 -6.2 160 0 69.1 7.2 7.5 2.5 2 0 3 4 4
-429.4 3997.8 -5.4 163 0 5.3 8.0 2.5 2.5 4 1 1 5 5
-386.9 3968.7 -5.4 83 0 11.0 38.7 7.5 2.5 2 1 3 5 5
-421.0 4022.4 -5.9 161 0 33.9 9.9 7.5 2.5 2 0 3 0 0
-365.9 4090.6 -6.5 339 0 12.8 18.2 2.5 2.5 2 1 1 4 4
-448.8 4104.0 -6.8 250 0 16.2 15.3 2.5 2.5 2 0 1 1 1
-436.9 4107.2 -6.8 248 0 5.2 13.3 5.0 2.5 4 1 2 2 2
-418.1 3936.2 -4.5 260 0 10.6 41.6 10.0 2.5 2 1 4 3 3
-431.2 3891.6 -4.4 78 0 10.5 41.2 7.5 2.5 2 1 3 1 1
-393.8 3898.1 -4.5 78 0 11.7 41.5 7.5 2.5 2 1 3 1 1
-373.9 3901.7 -4.5 76 0 20.5 42.5 10.0 0.0 0 1 4 1 1
-355.3 3905.2 -4.1 86 0 17.9 15.8 7.5 2.5 2 0 3 5 5
-402.4 3752.6 -2.8 350 0 128.0 38.6 12.5 0.0 0 0 5 5 5
-419.5 3849.1 -3.7 350 0 59.8 38.9 7.5 0.0 0 0 3 2 2
-319.6 3742.9 -1.9 348 0 30.0 65.6 7.5 0.0 0 1 3 3 3
-372.0 3763.0 -2.8 78 0 31.8 59.7 7.5 0.0 0 1 3 3 3
-329.9 3801.5 -2.9 349 0 60.0 30.3 10.0 0.0 0 0 4 2 2
-395.2 3884.3 -3.7 259 0 31.4 58.7 10.0 0.0 0 1 4 0 0
-342.4 3863.8 -3.7 348 0 59.9 30.6 10.0 0.0 0 0 4 5 5
-297.5 3873.3 -3.8 349 0 59.0 29.8 10.0 0.0 0 0 4 1 1
-285.1 3810.8 -2.9 349 0 60.4 32.1 10.0 0.0 0 0 4 3 3
-278.2 3772.5 -2.1 347 0 73.6 32.5 7.5 0.0 0 0 3 2 2
-614.0 4192.0 -8.8 174 0 92.4 24.8 10.0 0.0 0 0 4 2 2
-568.9 4113.9 -7.3 73 0 25.0 9.5 2.5 2.5 2 0 1 5 5
-576.7 4140.9 -7.6 73 0 22.6 5.9 5.0 2.5 4 0 2 1 1
-542.3 4193.4 -8.2 342 0 12.3 44.8 10.0 2.5 2 1 4 2 2
-462.6 4182.8 -7.9 248 0 6.6 15.6 5.0 2.5 2 1 2 5 5
-411.5 4196.5 -8.0 254 0 19.6 12.2 7.5 2.5 2 0 3 4 4
-419.2 4200.3 -8.4 80 0 12.8 30.4 7.5 2.5 2 1 3 1 1
-412.8 4246.9 -8.7 348 0 11.4 16.0 5.0 2.5 2 1 2 3 3
-545.1 4380.2 -10.6 249 0 23.5 12.6 10.0 2.5 2 0 4 1 1
-464.7 4298.9 -9.7 75 0 36.6 22.1 10.0 0.0 0 0 4 0 0
-490.4 4374.3 -10.4 258 0 20.6 24.9 10.0 2.5 2 1 4 1 1
-447.9 4342.9 -10.1 348 0 29.3 8.4 5.0 2.5 2 0 2 1 1
-485.4 4388.4 -10.5 261 0 34.3 10.9 7.5 2.5 2 0 3 0 0
-444.6 4368.4 -10.5 347 0 18.6 16.7 10.0 0.0 0 0 4 1 1
-320.2 4113.4 -6.8 340 0 29.8 19.3 12.5 2.5 4 0 5 2 2
-367.0 4132.6 -7.2 161 0 32.9 8.2 5.0 2.5 2 0 2 3 3
-363.0 4159.3 -7.4 252 0 23.7 7.2 5.0 2.5 2 0 2 3 3
-347.6 4088.0 -6.8 75 0 12.1 31.8 10.0 2.5 2 0 4 4 4
-376.1 4165.4 -8.0 82 0 15.1 38.4 7.5 2.5 2 1 3 3 3
-354.1 4170.3 -7.7 75 0 15.5 17.7 7.5 2.5 2 1 3 3 3
-363.1 4207.8 -8.0 256 0 14.8 18.5 10.0 2.5 2 1 4 5 5
-308.9 4072.7 -6.2 165 0 17.1 16.6 10.0 2.5 2 0 4 0 0
-245.4 4011.1 -5.3 348 0 9.3 18.7 5.0 2.5 2 1 2 1 1
-234.9 4019.7 -5.4 168 0 17.9 14.1 5.0 2.5 2 0 2 1 1
-255.9 4109.4 -6.5 258 0 5.8 12.3 2.5 2.5 2 1 1 2 2
-251.0 4109.0 -6.5 170 0 4.3 9.5 5.0 2.5 2 1 2 1 1
-259.3 4116.2 -6.9 79 0 8.5 23.2 2.5 2.5 2 1 1 0 0
-267.8 4142.8 -7.0 166 0 5.0 14.9 5.0 2.5 2 1 2 2 2
-228.6 4080.8 -6.0 258 0 6.7 16.2 7.5 0.0 0 1 3 2 2
-209.8 4059.1 -5.8 347 0 15.6 16.9 15.0 0.0 0 1 6 5 5
-206.3 4042.7 -5.6 346 0 14.6 16.7 7.5 2.5 2 1 3 4 4
-200.6 4026.6 -5.4 349 0 16.1 18.9 7.5 0.0 0 1 3 1 1
-196.9 4008.4 -5.1 351 0 17.1 18.0 10.0 2.5 2 1 4 5 5
-190.3 4011.0 -5.1 168 0 16.6 17.5 7.5 2.5 2 1 3 0 0
-193.5 4027.6 -5.4 164 0 15.1 15.6 5.0 2.5 2 1 2 5 5
-197.2 4044.3 -5.6 156 0 15.2 14.7 2.5 2.5 2 0 1 3 3
-201.7 4060.3 -5.8 166 0 15.1 16.5 5.0 2.5 2 1 2 0 0
-199.3 4087.4 -6.1 255 0 15.1 16.2 2.5 2.5 2 1 1 0 0
-195.5 4094.7 -6.4 77 0 21.0 15.0 10.0 2.5 2 0 4 0 0
-201.2 4124.2 -6.6 261 0 20.6 13.8 15.0 0.0 0 0 6 2 2
-165.4 4015.5 -5.2 170 0 18.4 19.2 10.0 2.5 2 1 4 4 4
-168.9 4033.4 -5.4 170 0 15.9 18.7 7.5 2.5 2 1 3 2 2
-172.5 4049.9 -5.6 170 0 15.6 19.3 7.5 2.5 2 1 3 0 0
-175.3 4066.1 -5.8 168 0 15.4 18.7 10.0 2.5 2 1 4 3 3
-170.2 4093.2 -6.1 262 0 17.1 16.5 7.5 2.5 2 0 3 2 2
-172.0 4099.6 -6.4 76 0 22.4 15.7 12.5 2.5 4 0 5 5 5
-177.8 4130.8 -6.6 257 0 22.2 14.2 7.5 2.5 2 0 3 5 5
-222.2 4160.8 -7.2 166 0 14.9 25.3 10.0 2.5 2 1 4 0 0
-228.3 4176.8 -7.5 163 0 17.0 16.3 10.0 2.5 2 0 4 3 3
-176.6 4137.7 -7.0 76 0 22.3 18.8 7.5 2.5 2 0 3 5 5
-195.2 4192.9 -7.5 258 0 24.7 15.1 7.5 2.5 2 0 3 1 1
-172.8 4172.2 -7.2 350 0 15.1 16.6 7.5 0.0 0 1 3 1 1
-224.2 4201.4 -7.8 78 0 17.3 14.7 5.0 2.5 2 0 2 0 0
-285.8 4224.9 -8.1 253 0 6.2 36.8 2.5 2.5 2 0 1 4 4
-190.9 4207.1 -7.9 68 0 8.1 18.7 2.5 2.5 2 1 1 5 5
-182.5 4233.7 -8.0 351 0 5.0 8.6 5.0 2.5 2 1 2 4 4
-190.8 4248.1 -8.2 253 0 6.9 5.0 5.0 2.5 2 0 2 0 0
-180.0 4208.6 -7.7 78 0 7.7 3.9 2.5 2.5 2 0 1 4 4
-266.1 4314.8 -9.5 164 0 28.5 17.7 10.0 2.5 2 0 4 5 5
-254.5 4285.8 -9.0 162 0 21.3 15.9 12.5 2.5 2 0 5 4 4
-197.5 4257.1 -8.5 78 0 18.7 15.5 10.0 2.5 2 0 4 4 4
-389.6 4293.8 -9.2 254 0 6.6 16.4 2.5 2.5 2 1 1 2 2
-392.6 4311.6 -9.4 256 0 9.2 16.3 5.0 2.5 4 1 2 3 3
-406.7 4316.0 -9.7 72 0 19.1 18.9 7.5 2.5 2 0 3 0 0
-346.2 4377.3 -10.3 339 0 5.1 9.5 5.0 2.5 2 1 2 1 1
-415.7 4340.0 -9.9 160 0 4.9 12.0 5.0 2.5 4 1 2 4 4
-441.1 4306.0 -9.7 71 0 8.2 20.5 5.0 2.5 2 1 2 0 0
-435.8 4308.7 -9.5 160 0 4.7 7.6 5.0 2.5 2 1 2 2 2
-441.4 4356.8 -10.1 339 0 3.6 8.4 5.0 2.5 2 1 2 2 2
-301.6 4354.3 -10.1 71 0 6.8 19.9 5.0 2.5 2 1 2 4 4
-339.1 4381.7 -10.5 159 0 30.7 9.4 7.5 2.5 2 0 3 5 5
-332.1 4398.4 -10.5 166 0 5.3 10.2 2.5 2.5 4 1 1 3 3
-309.0 4385.0 -10.3 344 0 17.6 6.3 5.0 2.5 2 0 2 5 5
-286.9 4392.2 -10.4 161 0 17.2 7.3 2.5 2.5 2 0 1 5 5
-291.5 4409.7 -10.6 163 0 16.0 7.7 5.0 2.5 2 0 2 1 1
-261.0 4383.3 -10.2 72 0 10.8 4.7 5.0 2.5 4 0 2 3 3
-277.8 4422.8 -10.7 251 0 6.8 16.3 2.5 0.0 0 1 1 1 1
-251.0 4398.9 -10.4 347 0 14.5 7.5 2.5 2.5 4 0 1 1 1
-217.2 4378.6 -10.1 81 0 9.5 5.0 5.0 2.5 2 0 2 0 0
-233.9 4409.6 -10.5 259 0 6.8 16.0 5.0 2.5 2 1 2 1 1
-217.8 4410.3 -10.5 339 0 4.5 9.6 5.0 2.5 2 1 2 1 1
-164.1 4214.8 -8.2 168 0 72.2 18.4 10.0 2.5 2 0 4 2 2
-154.4 4157.6 -7.1 169 0 25.8 7.6 5.0 2.5 2 0 2 3 3
-144.5 4157.2 -7.0 169 0 19.6 49.7 7.5 2.5 2 1 3 3 3
-137.7 4237.6 -8.0 260 0 18.6 54.9 7.5 2.5 2 1 3 2 2
-116.9 4249.4 -8.1 262 0 18.4 30.6 7.5 2.5 2 1 3 4 4
-65.0 4160.6 -6.9 78 0 46.9 10.6 10.0 2.5 2 0 4 0 0
-54.6 4191.1 -7.3 353 0 26.3 10.6 7.5 2.5 4 0 3 3 3
-69.2 4255.7 -8.1 262 0 30.5 37.1 7.5 0.0 0 1 3 4 4
-60.8 4212.4 -7.5 347 0 10.6 16.9 5.0 2.5 2 1 2 2 2
-81.6 4320.6 -9.1 354 0 18.8 41.2 10.0 2.5 2 0 4 5 5
-92.7 4337.9 -9.3 347 0 17.5 33.1 7.5 2.5 2 0 3 0 0
-156.9 4273.9 -8.9 81 0 19.2 29.0 10.0 2.5 2 0 4 2 2
-157.9 4306.7 -9.0 171 0 7.0 10.2 2.5 2.5 2 0 1 4 4
-174.1 4324.0 -9.2 172 0 6.2 23.1 2.5 2.5 2 1 1 3 3
-184.3 4336.6 -9.5 169 0 21.8 8.6 2.5 2.5 4 0 1 3 3
-174.5 4339.0 -9.5 167 0 20.0 20.9 5.0 2.5 2 1 2 5 5
-189.7 4376.0 -10.2 171 0 45.6 7.2 7.5 2.5 2 0 3 1 1
-162.0 4374.9 -9.9 348 0 9.8 18.4 2.5 2.5 2 1 1 2 2
-149.2 4379.5 -10.3 82 0 8.6 30.4 7.5 2.5 2 1 3 1 1
-114.8 4361.3 -9.6 257 0 37.7 14.2 10.0 2.5 2 0 4 2 2
-95.6 4381.9 -9.8 261 0 8.6 15.8 5.0 2.5 2 1 2 3 3
-154.6 4415.4 -10.8 80 0 10.1 31.5 7.5 2.5 2 1 3 5 5
-139.4 4418.2 -10.8 83 0 8.8 30.3 7.5 2.5 4 1 3 2 2
-109.1 4453.2 -10.8 261 0 14.9 15.7 2.5 2.5 2 1 1 2 2
-83.0 4443.4 -10.8 359 0 9.6 14.8 2.5 2.5 2 0 1 0 0
428.5 -4962.2 0.7 360 0 46.6 16.0 7.5 2.5 2 0 3 5 5
380.3 -4817.3 0.4 270 0 16.0 46.6 10.0 2.5 2 1 4 4 4
308.2 -4816.0 0.4 270 0 16.0 46.6 7.5 2.5 2 1 3 0 0
224.2 -4814.7 0.4 270 0 16.0 46.6 7.5 2.5 2 1 3 5 5
232.1 -4984.6 0.6 90 0 16.0 46.6 10.0 2.5 2 1 4 5 5
284.3 -4873.4 0.5 270 0 16.0 48.7 7.5 2.5 2 1 3 0 0
158.8 -4898.7 0.5 180 0 47.6 16.0 5.0 2.5 2 0 2 5 5
131.7 -4961.3 0.6 179 0 50.9 15.8 15.0 2.5 2 0 6 5 5
137.7 -4817.1 0.4 270 0 16.4 50.4 7.5 2.5 2 1 3 1 1
405.9 -4899.3 0.5 0 0 48.7 16.0 7.5 2.5 2 0 3 2 2
-3749.2 -2749.5 1.0 77 0 11.7 86.5 21.0 3.5 2 1 6 4 4
-4197.3 -3102.2 3.5 101 0 13.0 50.8 17.5 3.5 4 1 5 3 3
-4104.4 -2569.2 1.8 267 0 11.8 67.5 17.5 3.5 2 1 5 2 2
-3790.7 -2716.7 1.0 347 0 90.6 12.9 21.0 3.5 2 0 6 5 5
-3997.9 -2959.6 0.6 83 0 23.4 66.6 21.0 3.5 2 1 6 5 5
-3595.1 -2764.4 0.7 94 0 14.2 87.1 17.5 3.5 2 1 5 2 2
-3903.3 -2844.4 0.9 78 0 14.5 57.8 21.0 3.5 2 1 6 5 5
-3729.6 -2813.5 0.8 96 0 15.2 42.1 21.0 3.5 2 1 6 0 0
-3805.4 -2573.2 1.5 257 0 14.2 84.9 21.0 3.5 2 1 6 4 4
-3785.7 -2908.6 0.8 80 0 11.9 95.1 21.0 3.5 2 1 6 1 1
-4066.6 -2743.0 1.4 266 0 13.3 57.9 21.0 3.5 2 1 6 3 3
-4064.5 -2651.7 2.2 86 0 12.7 40.4 17.5 3.5 2 1 5 3 3
-3999.9 -2623.0 2.5 44 0 15.2 39.9 17.5 3.5 4 1 5 0 0
-4055.1 -2878.0 1.0 86 0 12.8 68.4 21.0 3.5 2 1 6 3 3
-3921.4 -2610.0 2.0 259 0 12.9 61.9 21.0 3.5 2 1 6 2 2
-4192.1 -2792.6 1.7 266 0 12.8 41.4 17.5 3.5 2 1 5 2 2
-3984.3 -2705.3 1.4 258 0 14.3 97.6 21.0 0.0 0 1 6 0 0
-3558.5 -2766.5 0.8 93 0 15.4 30.9 17.5 3.5 2 1 5 1 1
-3831.7 -2814.3 0.9 80 0 20.5 25.0 21.0 0.0 0 1 6 2 2
-3817.6 -2514.2 1.7 258 0 14.3 46.9 21.0 3.5 4 1 6 1 1
-3743.7 -2604.1 1.1 347 0 82.0 14.9 21.0 3.5 2 0 6 1 1
-3882.1 -2591.3 1.8 257 0 14.3 84.2 21.0 3.5 2 1 6 3 3
-3843.8 -2581.5 1.7 257 0 13.7 84.6 21.0 3.5 2 1 6 5 5
-3941.0 -2694.0 1.4 257 0 14.6 85.1 21.0 3.5 2 1 6 2 2
-4139.2 -2570.9 1.8 266 0 11.8 67.1 17.5 3.5 2 1 5 5 5
-3805.8 -2498.6 1.6 169 0 15.0 42.3 21.0 3.5 2 1 6 3 3
-4143.0 -2801.3 1.3 356 0 56.6 12.8 17.5 3.5 2 0 5 0 0
-4132.3 -2543.7 2.0 266 0 11.9 21.4 17.5 3.5 2 1 5 2 2
-4201.0 -2928.9 1.8 85 0 14.2 93.3 17.5 3.5 2 1 5 0 0
-4064.0 -2711.4 1.6 357 0 12.0 52.2 17.5 0.0 0 1 5 3 3
-4096.1 -2699.3 1.5 87 0 12.1 53.8 17.5 3.5 4 1 5 3 3
-4218.3 -3100.3 3.6 100 0 13.4 52.3 17.5 3.5 2 1 5 5 5
-3704.1 -2394.4 1.4 272 0 13.1 78.6 21.0 3.5 2 1 6 3 3
-4163.3 -2703.5 1.6 86 0 11.6 53.6 17.5 3.5 2 1 5 2 2
-3627.6 -2763.5 0.7 94 0 14.1 80.9 17.5 3.5 2 1 5 5 5
-3722.0 -2699.5 1.0 86 0 11.6 43.5 21.0 0.0 0 1 6 3 3
-3825.3 -2915.8 0.8 80 0 12.2 84.4 21.0 3.5 2 1 6 0 0
-4100.6 -3053.6 0.7 191 0 20.9 14.9 17.5 0.0 0 0 5 1 1
-4241.7 -3044.0 3.3 276 0 38.7 16.8 17.5 3.5 2 0 5 5 5
-3957.0 -2644.5 2.1 259 0 12.9 21.9 21.0 0.0 0 1 6 2 2
-4113.2 -2785.6 1.2 176 0 68.6 13.3 21.0 3.5 2 0 6 4 4
-4103.1 -2540.7 2.2 266 0 11.4 22.9 17.5 3.5 2 1 5 0 0
-3862.7 -2822.7 0.9 78 0 13.9 44.3 21.0 0.0 0 1 6 2 2
-4307.2 -3123.2 5.0 186 0 71.7 24.4 17.5 0.0 0 0 5 3 3
-4106.9 -2862.4 1.0 177 0 69.0 12.9 21.0 3.5 2 0 6 4 4
-3764.1 -2527.9 1.4 348 0 53.4 13.9 21.0 3.5 2 0 6 5 5
-3898.6 -2685.2 1.3 257 0 13.9 85.8 21.0 3.5 2 1 6 4 4
-4173.0 -2573.8 1.8 266 0 11.7 66.9 17.5 3.5 2 1 5 5 5
-3825.3 -2772.6 1.1 77 0 12.5 93.2 21.0 3.5 2 1 6 2 2
-3863.4 -2552.9 1.8 225 0 71.2 15.0 21.0 3.5 2 0 6 3 3
-3858.8 -2484.9 1.2 45 0 54.4 48.1 17.5 0.0 0 0 5 5 5
-326.8 4133.1 -7.0 344 0 9.3 26.7 5.0 2.5 2 0 2 0 0
1809.8 -5275.3 -2.0 270 0 267.6 67.8 10.0 0.0 0 0 4 0 0
-2072.2 -3848.7 -0.8 41 0 8.5 29.0 10.5 3.5 2 1 3 5 5
-6386.2 -8036.7 -5.4 179 0 70.7 68.7 10.0 0.0 0 0 4 5 5
-6303.5 -7816.1 -7.0 270 0 19.0 111.9 10.0 0.0 0 1 4 1 1
-6611.8 -5410.7 -3.3 90 0 12.8 98.8 10.5 3.5 2 1 3 5 5
-6663.2 -5139.4 -7.4 270 0 13.5 84.9 14.0 0.0 0 1 4 3 3
-6889.0 -5098.6 -6.1 89 0 13.6 57.9 14.0 3.5 2 1 4 5 5
-6611.2 -5292.6 -5.3 90 0 12.0 63.4 14.0 3.5 2 1 4 1 1
-6660.6 -5307.5 -5.4 90 0 14.0 66.1 14.0 3.5 2 1 4 0 0
-6784.0 -5083.5 -7.2 179 0 57.9 14.1 14.0 3.5 4 0 4 3 3
-6659.2 -5411.3 -3.3 91 0 13.8 81.3 10.5 3.5 2 1 3 1 1
-6775.3 -5294.6 -7.0 91 0 14.2 66.2 14.0 3.5 4 1 4 5 5
-6565.0 -5408.8 -2.0 90 0 13.4 65.1 14.0 0.0 0 1 4 2 2
-6582.9 -5132.9 -6.6 180 0 37.5 6.5 10.5 0.0 0 0 3 2 2
-6580.0 -5205.8 -6.6 180 0 82.0 15.8 10.5 3.5 2 0 3 4 4
-6775.5 -5166.3 -8.2 90 0 13.7 40.6 14.0 3.5 2 1 4 0 0
-6785.6 -5351.0 -6.4 180 0 76.7 13.3 10.5 3.5 2 0 3 0 0
-6726.0 -5302.0 -6.7 91 0 14.2 88.7 14.0 3.5 2 1 4 1 1
-6884.8 -5331.4 -6.7 271 0 13.8 72.6 14.0 3.5 2 1 4 1 1
-6741.0 -5405.3 -5.4 90 0 13.4 79.2 10.5 3.5 2 1 3 4 4
-6834.0 -5344.0 -8.0 0 0 88.4 14.0 14.0 3.5 2 0 4 5 5
-6700.7 -5411.8 -4.3 90 0 13.4 79.5 10.5 3.5 2 1 3 5 5
-6739.5 -5132.4 -7.8 89 0 13.7 92.8 14.0 3.5 2 1 4 1 1
-6614.4 -5133.2 -6.7 90 0 12.3 93.1 14.0 3.5 2 1 4 4 4
-6828.1 -5591.1 -5.7 359 0 65.2 12.1 14.0 3.5 2 0 4 5 5
-6657.4 -5118.4 -6.5 90 0 13.8 78.6 14.0 3.5 2 1 4 3 3
-6697.2 -5119.1 -6.8 90 0 14.2 79.0 14.0 3.5 2 1 4 2 2
-6617.3 -5181.8 -7.0 180 0 61.1 12.1 14.0 0.0 0 0 4 3 3
-6868.0 -5285.3 -8.2 90 0 16.1 18.5 14.0 3.5 2 1 4 3 3
-6908.0 -5296.0 -5.5 180 0 11.7 16.1 14.0 3.5 2 1 4 5 5
-6899.7 -5126.9 -5.1 269 0 11.7 19.5 14.0 3.5 4 1 4 1 1
-6834.7 -5174.9 -9.1 360 0 19.5 14.8 14.0 3.5 2 0 4 2 2
-6831.0 -5253.1 -8.4 360 0 18.5 16.1 14.0 3.5 2 0 4 1 1
-6868.7 -5145.5 -7.8 270 0 11.7 19.5 14.0 0.0 0 1 4 5 5
-6939.8 -5120.7 -2.4 180 0 19.5 14.8 14.0 3.5 2 0 4 4 4
-6631.3 -4549.7 -1.5 0 0 80.4 52.7 45.5 0.0 0 0 13 2 2
-6767.4 -4568.2 -0.3 0 0 112.4 16.4 21.0 0.0 0 0 6 2 2
-6768.0 -4698.9 0.5 0 0 111.8 15.3 21.0 0.0 0 0 6 1 1
-6703.1 -4953.5 0.3 270 0 21.1 12.6 14.0 3.5 2 0 4 0 0
-6764.7 -4773.4 1.1 270 0 39.6 56.4 10.5 0.0 0 1 3 3 3
-6548.1 -4918.2 2.5 225 0 13.3 16.8 14.0 0.0 0 0 4 2 2
-6398.7 -4945.9 2.2 359 0 37.2 31.8 10.5 0.0 0 0 3 1 1
-6621.0 -4951.7 0.5 179 0 30.9 80.4 14.0 0.0 0 0 4 3 3
-6742.3 -4947.9 0.2 1 0 50.8 43.0 10.5 0.0 0 0 3 3 3
-6723.2 -4828.6 0.9 90 0 18.4 37.2 10.5 3.5 2 1 3 4 4
-6613.1 -4923.7 1.9 180 0 25.2 15.1 14.0 3.5 2 0 4 1 1
-6679.3 -4872.4 4.0 269 0 13.3 27.4 7.0 3.5 2 0 2 0 0
-6669.4 -4865.6 4.6 90 0 22.0 13.2 14.0 3.5 2 0 4 0 0
-6728.9 -4894.9 3.6 359 0 21.4 15.5 10.5 3.5 2 0 3 4 4
-6729.0 -4884.0 1.6 0 0 26.6 16.4 10.5 3.5 2 0 3 5 5
-6750.2 -4882.3 1.6 359 0 60.7 35.8 10.5 0.0 0 0 3 4 4
-6385.8 -4767.9 7.5 0 0 8.4 14.3 3.5 3.5 4 1 1 5 5
-6803.2 -4640.1 0.7 180 0 6.0 10.0 10.5 3.5 2 1 3 1 1
-6737.7 -4712.5 0.6 182 0 5.8 5.7 10.5 3.5 2 0 3 0 0
-6401.0 -4732.6 6.4 179 0 4.4 11.9 10.5 3.5 2 1 3 3 3
-6437.2 -4965.4 2.0 89 0 14.3 18.2 14.0 3.5 2 0 4 1 1
-6785.6 -4436.8 -0.7 270 0 14.1 55.0 14.0 3.5 2 1 4 2 2
-6784.3 -4349.5 -1.2 270 0 12.7 74.5 14.0 0.0 0 1 4 5 5
-6908.9 -4816.1 -3.9 89 0 6.3 56.5 10.5 0.0 0 1 3 1 1
-6866.2 -4539.9 0.7 268 0 6.1 51.0 10.5 0.0 0 1 3 0 0
-6876.7 -4303.7 -0.6 271 0 10.6 56.0 10.5 0.0 0 1 3 3 3
-6906.4 -4433.7 0.4 90 0 6.4 69.6 10.5 0.0 0 1 3 4 4
-6925.0 -4548.4 -1.6 1 0 16.3 6.9 10.5 3.5 2 0 3 3 3
-6747.7 -4437.7 -1.0 270 0 11.6 53.5 14.0 3.5 2 1 4 4 4
-6748.5 -4347.6 -1.5 270 0 9.9 51.0 10.5 3.5 2 1 3 2 2
-6708.9 -4348.5 -1.9 270 0 12.9 142.7 14.0 0.0 0 1 4 1 1
-6665.4 -4346.9 -2.1 271 0 11.4 68.7 14.0 3.5 4 1 4 0 0
-6616.0 -4357.0 -2.2 271 0 9.8 58.6 10.5 3.5 2 0 3 2 2
-6577.7 -4489.9 -2.5 90 0 11.1 76.6 14.0 3.5 2 1 4 1 1
-6676.0 -4262.0 -1.6 270 0 54.7 16.7 14.0 3.5 2 0 4 4 4
-6411.7 -4344.0 -3.0 270 0 27.5 16.6 14.0 3.5 2 0 4 0 0
-6392.5 -4411.4 -3.1 359 0 81.2 8.4 10.5 3.5 2 0 3 0 0
-6511.8 -4346.9 -2.8 269 0 22.2 19.9 14.0 3.5 2 0 4 5 5
-6508.3 -4479.8 -2.8 89 0 16.5 86.0 14.0 3.5 2 1 4 4 4
-6513.4 -4258.7 -3.0 269 0 34.4 19.3 14.0 0.0 0 0 4 3 3
-6507.4 -4316.9 -2.9 87 0 16.2 17.2 14.0 3.5 2 1 4 3 3
-6635.1 -4260.5 -1.7 269 0 29.8 17.5 14.0 3.5 4 0 4 5 5
-6682.5 -4134.9 -1.0 89 0 12.6 60.8 14.0 3.5 2 1 4 3 3
-6676.3 -3928.7 -0.9 270 0 15.3 64.9 14.0 3.5 4 1 4 0 0
-6674.0 -3914.1 -0.9 90 0 16.2 66.3 14.0 0.0 0 1 4 1 1
-6655.2 -3777.9 -0.7 268 0 12.5 57.0 14.0 3.5 2 1 4 5 5
-6590.9 -3709.3 -0.3 269 0 8.3 58.1 10.5 0.0 0 1 3 1 1
-6558.9 -3802.6 -0.2 3 0 58.2 8.0 10.5 3.5 2 0 3 1 1
-6525.7 -3870.9 -0.2 0 0 73.4 11.0 14.0 3.5 2 0 4 2 2
-6543.0 -3954.5 -0.5 2 0 69.9 8.4 10.5 3.5 2 0 3 2 2
-6473.2 -4070.2 -0.7 89 0 15.3 85.1 7.5 2.5 2 1 3 5 5
-6341.1 -3972.3 -0.1 91 0 12.6 73.2 10.0 2.5 2 1 4 3 3
-6298.3 -3935.1 0.0 1 0 70.9 11.2 7.5 2.5 2 0 3 3 3
-6295.5 -3844.8 0.9 2 0 73.4 10.3 12.5 2.5 2 0 5 1 1
-6332.8 -3854.7 0.7 2 0 59.5 12.6 10.0 2.5 2 0 4 3 3
-6477.3 -3845.1 0.1 181 0 72.8 15.8 10.0 2.5 2 0 4 1 1
-6376.1 -3979.9 0.0 91 0 10.5 69.9 7.5 2.5 4 1 3 4 4
-6589.5 -4034.3 -0.9 1 0 53.3 11.5 14.0 0.0 0 0 4 1 1
-6588.9 -3872.2 -0.5 0 0 79.1 11.7 14.0 3.5 4 0 4 2 2
-6823.2 -6012.2 -3.8 359 0 85.4 84.0 12.5 0.0 0 0 5 5 5
-6106.3 -4786.4 0.6 10 0 22.5 28.3 14.0 0.0 0 1 4 5 5
-6101.8 -4758.2 0.7 9 0 25.2 28.5 14.0 0.0 0 1 4 1 1
-6109.8 -4698.9 1.2 280 0 23.8 27.6 14.0 0.0 0 1 4 3 3
-6081.6 -4703.7 0.5 281 0 22.9 27.4 14.0 0.0 0 1 4 1 1
-6095.2 -4837.4 -0.3 11 0 24.3 11.6 14.0 3.5 2 0 4 3 3
-6124.2 -4835.9 0.4 10 0 26.3 7.4 10.5 3.5 2 0 3 1 1
-6084.5 -4875.1 -0.9 9 0 6.0 32.3 10.5 3.5 2 1 3 0 0
-6098.5 -4858.0 -0.4 12 0 10.8 15.9 14.0 3.5 2 1 4 2 2
-6147.4 -4966.7 -0.6 99 0 17.8 18.6 14.0 3.5 2 1 4 2 2
-6119.4 -4970.5 -1.4 102 0 21.1 18.0 14.0 0.0 0 0 4 1 1
-6093.4 -4911.1 -1.2 9 0 51.3 14.0 14.0 3.5 2 0 4 4 4
-6702.9 -5912.9 0.1 268 0 14.1 46.2 10.0 2.5 2 1 4 3 3
-6044.0 -4203.0 0.8 270 0 20.9 8.7 10.5 0.0 0 0 3 1 1
-6281.0 -4370.2 -2.3 270 0 17.7 61.2 14.0 3.5 4 1 4 2 2
-6234.4 -4369.2 -2.1 270 0 16.1 60.8 14.0 3.5 2 1 4 4 4
-6184.7 -5185.6 -3.0 90 0 57.2 37.7 14.0 0.0 0 0 4 5 5
-6117.4 -5084.4 -1.8 0 0 58.5 31.8 14.0 0.0 0 0 4 5 5
-6170.8 -5131.9 -2.6 270 0 16.9 8.7 10.5 3.5 4 0 3 3 3
-6173.1 -5243.5 -2.2 4 0 16.3 35.6 14.0 0.0 0 0 4 0 0
-6110.6 -5226.0 -1.4 271 0 12.8 22.7 14.0 3.5 2 1 4 0 0
-6147.5 -5200.2 -2.3 297 0 9.7 46.9 10.5 3.5 2 0 3 3 3
-6236.5 -5196.2 -3.2 355 0 8.6 5.4 10.5 3.5 2 0 3 1 1
-6243.0 -5134.3 -3.3 354 0 87.9 14.5 14.0 3.5 2 0 4 2 2
-6234.9 -5085.2 -1.5 90 0 25.0 32.4 14.0 0.0 0 0 4 5 5
-6199.1 -5069.3 -1.3 1 0 32.5 23.1 14.0 0.0 0 0 4 3 3
-6183.5 -5118.0 -2.8 360 0 35.3 14.8 14.0 3.5 2 0 4 5 5
-6222.0 -5129.4 -3.0 180 0 25.5 9.5 10.5 3.5 2 0 3 1 1
-6215.2 -5096.8 -2.6 271 0 12.5 20.0 14.0 3.5 2 0 4 5 5
-6130.2 -5322.5 -1.2 90 0 44.1 63.7 14.0 0.0 0 1 4 3 3
-6156.1 -5342.8 0.1 270 0 80.5 42.2 14.0 0.0 0 0 4 5 5
-6555.4 -7932.1 -5.8 91 0 21.5 93.4 10.0 0.0 0 1 4 3 3
-6468.5 -7931.8 -6.8 90 0 20.4 92.9 7.5 0.0 0 1 3 5 5
-6766.5 -8283.5 -3.0 268 0 16.0 75.4 7.5 2.5 2 1 3 4 4
-6764.6 -8442.6 -3.2 88 0 16.0 66.0 7.5 2.5 2 1 3 2 2
-6812.4 -8283.7 -2.4 270 0 16.3 76.6 7.5 2.5 2 1 3 0 0
-6812.8 -8453.3 -2.6 82 0 16.7 74.9 10.0 0.0 0 1 4 0 0
-6913.3 -8283.9 -1.1 272 0 17.6 75.9 10.0 0.0 0 1 4 4 4
-6923.6 -8409.2 -1.2 180 0 72.9 18.1 7.5 2.5 2 0 3 0 0
-6290.1 -1268.2 -4.9 0 0 60.5 12.7 14.0 0.0 0 0 4 0 0
-6290.3 -1189.2 -6.9 0 0 60.9 12.0 14.0 3.5 4 0 4 2 2
-6235.7 -1192.1 -6.3 0 0 60.9 12.0 14.0 3.5 4 0 4 1 1
-6235.8 -1272.4 -5.4 0 0 60.9 12.0 14.0 3.5 2 0 4 3 3
-6355.1 -1155.7 -7.6 270 0 12.0 61.7 14.0 0.0 0 1 4 2 2
-6411.3 -1172.9 -7.4 180 0 76.1 12.8 14.0 3.5 2 0 4 4 4
-6411.4 -1261.8 -4.7 180 0 60.6 12.6 14.0 3.5 2 0 4 5 5
-6355.5 -1308.1 -4.6 90 0 12.3 75.0 14.0 3.5 2 1 4 4 4
-6410.9 -1324.9 -2.2 180 0 43.9 9.8 10.5 3.5 2 0 3 5 5
-6356.3 -1392.8 -1.6 90 0 12.2 73.7 14.0 3.5 2 1 4 5 5
-6293.5 -1383.2 -1.9 90 0 12.2 73.7 14.0 3.5 2 1 4 0 0
-6239.0 -1387.8 -2.3 90 0 12.2 73.7 14.0 0.0 0 1 4 0 0
-6116.3 -1284.0 -5.9 171 0 12.2 21.0 14.0 3.5 2 1 4 2 2
-6132.2 -1199.1 -6.3 180 0 53.0 13.9 14.0 3.5 2 0 4 4 4
-6002.9 -1171.5 -4.2 270 0 12.5 53.4 14.0 0.0 0 1 4 4 4
-6069.7 -1149.3 -5.2 270 0 12.2 70.4 14.0 3.5 2 1 4 3 3
-6186.7 -1197.3 -6.9 180 0 61.3 12.2 14.0 3.5 2 0 4 2 2
-6131.8 -1251.3 -6.7 181 0 31.2 12.8 14.0 3.5 2 0 4 3 3
-6187.9 -1252.9 -6.5 181 0 31.2 12.8 14.0 3.5 2 0 4 5 5
-6188.9 -1291.9 -4.7 179 0 28.6 16.5 14.0 3.5 2 0 4 2 2
-6187.3 -1312.5 -3.5 180 0 10.8 21.1 14.0 3.5 4 1 4 1 1
-6143.5 -1371.8 -1.6 77 0 21.6 9.4 10.5 3.5 2 0 3 4 4
-6103.2 -1366.1 -4.3 79 0 12.8 60.4 14.0 3.5 2 1 4 0 0
-6049.5 -1355.8 -6.2 79 0 13.0 75.5 14.0 3.5 2 1 4 4 4
-5996.1 -1346.3 -6.0 79 0 12.9 75.5 14.0 3.5 2 1 4 1 1
-5943.7 -1297.6 -3.3 351 0 45.0 12.8 14.0 3.5 2 0 4 2 2
-5947.3 -1212.5 -2.9 90 0 13.0 35.1 14.0 3.5 2 1 4 1 1
-5921.2 -1261.1 -1.9 90 0 9.7 28.6 10.5 3.5 2 1 3 4 4
-5891.8 -1212.3 -0.7 91 0 13.2 35.4 14.0 3.5 4 1 4 3 3
-6465.3 -1185.0 -6.1 180 0 60.7 12.3 14.0 3.5 2 0 4 2 2
-6466.4 -1270.4 -4.6 180 0 70.6 13.2 14.0 3.5 2 0 4 3 3
-6465.2 -1338.6 -1.8 180 0 45.1 12.0 14.0 3.5 2 0 4 1 1
-6405.6 -1416.7 -0.3 90 0 12.7 60.6 14.0 3.5 2 1 4 0 0
-6460.3 -1431.1 0.1 89 0 12.6 60.9 14.0 3.5 2 1 4 2 2
-5847.7 -1190.2 0.2 1 0 45.6 19.3 14.0 3.5 2 0 4 5 5
-6314.4 -4960.5 3.3 88 0 17.0 57.2 14.0 3.5 2 1 4 4 4
-6329.0 -4882.2 3.5 180 0 31.4 46.6 14.0 0.0 0 1 4 3 3
-6318.2 -4719.2 4.1 181 0 72.3 15.1 14.0 3.5 2 0 4 1 1
-6160.3 -4770.7 1.9 360 0 35.2 46.1 14.0 0.0 0 1 4 2 2
-6170.4 -4686.4 2.2 269 0 36.6 58.4 14.0 0.0 0 1 4 0 0
-6214.0 -4646.0 1.1 359 0 47.7 15.2 14.0 3.5 2 0 4 2 2
-6221.2 -4559.4 -1.9 270 0 13.0 52.4 14.0 3.5 2 1 4 0 0
-6170.5 -4644.7 1.4 0 0 48.3 13.1 14.0 0.0 0 0 4 1 1
-6176.9 -4558.4 -1.5 271 0 11.8 49.7 14.0 3.5 2 1 4 3 3
-6127.6 -4583.6 -1.1 0 0 51.3 17.3 14.0 3.5 2 0 4 2 2
-3138.5 -2223.0 -3.6 271 0 12.3 54.5 14.0 3.5 2 1 4 5 5
-3224.4 -2299.0 -2.0 271 0 12.3 54.5 17.5 3.5 2 1 5 2 2
-3225.4 -2284.9 -2.6 91 0 12.3 54.5 14.0 3.5 2 1 4 3 3
-3181.8 -2298.1 -2.2 271 0 12.3 54.5 17.5 3.5 2 1 5 2 2
-3180.6 -2226.2 -3.1 271 0 12.3 54.5 14.0 3.5 2 1 4 2 2
-3137.7 -2295.1 -2.5 271 0 12.3 54.5 17.5 3.5 2 1 5 4 4
-3097.0 -2294.3 -2.8 271 0 12.3 54.5 17.5 3.5 2 1 5 2 2
-3103.3 -2247.7 -3.5 181 0 54.5 12.3 14.0 3.5 2 0 4 4 4
-2935.2 -2323.0 -4.3 180 0 49.8 11.9 17.5 3.5 2 0 5 2 2
-2969.6 -2301.8 -3.9 270 0 11.9 49.8 17.5 3.5 2 1 5 3 3
-2971.3 -2293.0 -4.1 90 0 13.1 23.4 14.0 3.5 2 1 4 1 1
-2938.6 -2275.3 -4.1 180 0 23.4 13.1 17.5 3.5 2 0 5 2 2
-3012.0 -2325.2 -3.2 270 0 13.1 23.4 17.5 3.5 2 1 5 5 5
-3051.1 -2351.6 -3.0 89 0 11.9 20.2 17.5 3.5 2 1 5 3 3
-3053.3 -2263.9 -3.7 270 0 11.6 41.4 14.0 3.5 2 1 4 1 1
-3052.8 -2251.5 -3.9 90 0 11.6 41.4 17.5 3.5 2 1 5 4 4
-3009.4 -2246.3 -3.7 89 0 11.6 41.4 17.5 3.5 2 1 5 5 5
-2969.6 -2256.9 -3.8 90 0 12.2 58.0 17.5 3.5 2 1 5 5 5
-2929.1 -2194.4 -3.6 270 0 12.2 58.0 17.5 0.0 0 1 5 3 3
-4851.4 -5008.8 2.2 264 0 12.2 78.9 10.5 3.5 4 1 3 0 0
-4858.8 -4993.1 2.1 83 0 11.8 79.8 14.0 3.5 2 1 4 1 1
-4819.4 -4983.4 1.7 82 0 11.3 78.3 14.0 3.5 2 1 4 1 1
-4788.6 -4896.1 1.5 262 0 11.2 78.6 14.0 3.5 2 1 4 0 0
-4748.6 -4885.8 0.9 262 0 13.7 79.5 14.0 3.5 2 1 4 1 1
-4679.7 -5059.7 1.0 77 0 16.2 45.3 10.5 3.5 2 1 3 1 1
-5092.0 -4791.1 3.4 75 0 13.3 20.1 10.5 3.5 2 1 3 0 0
-5050.0 -4778.7 3.1 74 0 20.4 19.7 14.0 3.5 2 0 4 3 3
-5001.9 -4763.3 2.8 15 0 16.3 27.5 14.0 3.5 2 1 4 2 2
-4965.7 -4779.4 2.6 352 0 26.6 16.3 14.0 0.0 0 0 4 1 1
-4973.6 -4758.3 2.5 74 0 20.3 19.7 14.0 3.5 2 0 4 5 5
-4942.3 -4791.2 2.3 83 0 20.9 19.6 14.0 3.5 2 0 4 3 3
-5534.3 -5010.2 3.7 262 0 43.4 28.0 14.0 0.0 0 0 4 3 3
-5479.5 -4253.6 2.4 90 0 43.5 26.4 17.5 0.0 0 0 5 0 0
-5558.0 -4252.0 1.0 91 0 43.5 26.4 17.5 0.0 0 0 5 3 3
-5614.4 -4238.4 0.7 0 0 26.4 43.4 17.5 0.0 0 1 5 0 0
-6445.8 6469.6 -15.3 76 0 270.3 158.7 10.0 0.0 0 0 4 3 3
-6593.3 6370.7 -14.5 168 0 76.7 269.8 12.5 0.0 0 1 5 2 2
-6641.6 6382.2 -14.1 79 0 47.4 16.4 5.0 2.5 2 0 2 5 5
-4989.2 -5033.0 3.1 82 0 14.4 114.5 14.0 0.0 0 1 4 4 4
-4962.4 -4912.2 2.8 262 0 14.5 114.5 14.0 0.0 0 1 4 3 3
-4922.0 -4906.9 2.5 262 0 14.5 114.5 14.0 0.0 0 1 4 3 3
-5082.1 -5010.3 3.9 175 0 21.3 13.1 10.0 2.5 2 0 4 3 3
-5085.0 -4978.0 3.9 175 0 21.3 13.1 7.5 2.5 2 0 3 0 0
-5035.8 -4956.8 3.6 355 0 21.3 13.1 7.5 2.5 2 0 3 5 5
-5046.2 -4916.3 3.5 265 0 13.1 21.3 5.0 2.5 4 1 2 1 1
-2036.4 1877.7 -0.5 180 0 60.5 7.8 2.5 2.5 2 0 1 0 0
-2033.2 1775.6 -0.5 90 0 8.7 60.7 2.5 2.5 2 1 1 2 2
-2076.6 1905.4 -0.3 271 0 8.9 61.7 2.5 2.5 4 1 1 0 0
-2072.9 1811.2 -0.3 0 0 44.9 10.8 2.5 2.5 2 0 1 1 1
-2129.1 1906.1 -0.6 270 0 8.9 58.0 2.5 2.5 2 1 1 2 2
-2136.1 1815.7 -0.0 181 0 43.3 11.3 2.5 2.5 2 0 1 1 1
-2172.0 1906.9 -0.0 268 0 7.4 67.4 2.5 2.5 2 1 1 1 1
-2177.2 1787.9 0.1 180 0 82.1 11.2 2.5 2.5 2 0 1 5 5
-2239.3 1600.5 -0.2 269 0 8.0 26.5 2.5 2.5 4 1 1 4 4
-2167.9 1702.0 -0.1 0 0 62.6 8.2 2.5 2.5 2 0 1 2 2
-2190.1 1589.1 -0.4 271 0 11.0 26.7 2.5 2.5 2 1 1 4 4
-2167.3 1634.2 -0.3 360 0 54.1 9.8 2.5 2.5 2 0 1 5 5
-2128.5 1762.3 -0.1 179 0 45.8 9.4 2.5 2.5 2 0 1 4 4
-2135.1 1700.0 -0.2 180 0 59.6 8.7 2.5 2.5 2 0 1 1 1
-2143.1 1587.7 -0.6 270 0 10.3 23.7 2.5 2.5 2 1 1 4 4
-2130.6 1602.1 -0.5 90 0 9.6 59.6 2.5 2.5 2 1 1 0 0
-2094.5 1588.1 -0.7 269 0 9.4 24.9 2.5 2.5 2 1 1 4 4
-2078.6 1607.8 -0.6 89 0 7.4 59.4 2.5 2.5 2 1 1 4 4
-2075.0 1707.9 -0.3 1 0 62.4 7.5 2.5 2.5 2 0 1 1 1
-2035.2 1752.9 -0.5 270 0 10.1 42.6 2.5 2.5 2 1 1 3 3
-2039.4 1678.9 -0.6 179 0 45.1 9.4 2.5 2.5 2 0 1 0 0
-2040.6 1624.6 -0.8 180 0 42.3 11.0 2.5 0.0 0 0 1 1 1
-2047.3 1563.6 -0.9 88 0 9.8 28.5 2.5 2.5 2 1 1 3 3
-2057.7 1921.6 -0.9 89 0 68.7 15.8 2.5 0.0 0 0 1 5 5
-2152.8 1922.4 -0.6 91 0 66.4 14.5 2.5 2.5 4 0 1 0 0
-2205.5 1930.0 -0.5 0 0 14.7 13.7 2.5 2.5 2 0 1 2 2
-2230.5 1912.2 -0.2 269 0 11.5 69.7 2.5 2.5 2 1 1 0 0
-2234.6 1803.7 0.4 180 0 57.5 9.6 2.5 2.5 2 0 1 2 2
-2235.3 1737.4 0.3 180 0 58.2 9.8 2.5 2.5 2 0 1 5 5
-2237.1 1663.6 -0.1 181 0 76.4 13.4 2.5 2.5 2 0 1 5 5
-2265.1 1660.0 0.2 360 0 19.5 31.6 2.5 0.0 0 1 1 0 0
-2365.1 1740.1 -0.1 359 0 162.2 17.4 2.5 0.0 0 0 1 3 3
-2425.2 1660.5 0.4 88 0 27.5 21.1 2.5 2.5 4 0 1 2 2
-2419.1 1735.5 0.6 272 0 17.7 34.8 2.5 0.0 0 1 1 4 4
-2467.9 1734.6 0.5 270 0 19.5 70.2 2.5 2.5 2 1 1 0 0
-3767.3 -4886.5 -3.6 350 0 52.8 18.8 2.5 2.5 2 0 1 2 2
-3712.9 -4811.9 -4.6 258 0 22.3 42.8 3.5 0.0 0 1 1 1 1
-3952.2 -5063.6 -0.9 254 0 14.9 27.8 2.5 2.5 2 1 1 0 0
-3911.0 -5111.5 -1.3 346 0 31.8 13.2 2.5 2.5 4 0 1 0 0
-4043.5 -5339.9 -1.6 351 0 41.9 12.2 3.5 3.5 2 0 1 3 3
-4069.7 -5262.0 -1.7 260 0 12.2 38.8 3.5 3.5 2 1 1 5 5
-4111.0 -5606.1 -0.4 75 0 45.0 13.2 2.5 2.5 2 0 1 5 5
-4092.6 -5416.1 -1.2 2 0 34.5 14.7 2.5 2.5 2 0 1 3 3
-4080.5 -5468.0 -0.7 359 0 39.1 11.0 2.5 2.5 2 0 1 3 3
-4067.4 -5544.6 -0.2 359 0 82.8 11.4 2.5 0.0 0 0 1 5 5
-4179.7 -5569.6 -0.5 179 0 94.8 14.6 2.5 2.5 2 0 1 2 2
-4182.6 -5457.8 -1.4 179 0 97.6 15.9 2.5 0.0 0 0 1 4 4
-4186.5 -5348.3 -2.1 180 0 73.6 18.3 2.5 2.5 2 0 1 5 5
-4494.2 -4629.8 -0.9 261 0 25.3 144.8 3.5 0.0 0 1 1 0 0
-4363.2 -4709.3 -0.7 351 0 39.4 47.3 3.5 0.0 0 1 1 2 2
-4356.5 -4765.3 -0.9 353 0 21.9 46.2 3.5 3.5 2 1 1 0 0
-4290.0 -4707.0 -0.9 79 0 9.8 41.2 3.5 3.5 2 1 1 5 5
-4267.5 -4648.8 -1.2 349 0 10.9 43.2 3.5 3.5 2 1 1 4 4
-4275.0 -4619.7 -1.2 349 0 9.7 39.3 3.5 3.5 2 1 1 3 3
-4259.0 -4593.3 -1.6 351 0 26.1 13.3 3.5 3.5 2 0 1 2 2
-4268.2 -4568.0 -1.6 357 0 11.5 11.7 3.5 3.5 4 1 1 5 5
-4297.1 -4579.3 -1.3 259 0 16.4 25.6 3.5 3.5 2 1 1 5 5
-4453.1 -4627.7 -1.0 260 0 39.1 68.6 3.5 0.0 0 1 1 4 4
-4403.8 -4609.3 -0.6 262 0 46.4 82.1 3.5 0.0 0 1 1 1 1
-4603.1 -4561.8 -0.6 85 0 12.5 68.8 3.5 0.0 0 1 1 1 1
-4566.4 -4558.6 -1.0 85 0 14.1 67.5 3.5 3.5 2 1 1 0 0
-4527.3 -4552.9 -0.9 84 0 12.5 68.2 3.5 0.0 0 1 1 5 5
-4535.3 -4470.4 -0.6 85 0 12.1 28.4 3.5 3.5 2 1 1 2 2
-4573.7 -4472.0 -0.9 86 0 14.4 23.8 3.5 3.5 2 1 1 2 2
-4608.8 -4475.9 -1.0 84 0 15.8 27.5 3.5 0.0 0 1 1 0 0
-4644.0 -4564.4 0.0 84 0 12.2 63.4 3.5 3.5 2 1 1 5 5
-4731.4 -4416.1 0.2 180 0 99.2 13.3 3.5 3.5 2 0 1 0 0
-4730.6 -4527.9 0.3 180 0 81.7 14.8 3.5 3.5 2 0 1 4 4
-4700.4 -4359.2 -1.0 181 0 15.9 50.2 3.5 3.5 2 1 1 4 4
-4662.2 -4411.4 -0.9 175 0 53.1 14.5 3.5 0.0 0 0 1 3 3
-4626.5 -4407.8 -0.9 175 0 54.8 14.2 3.5 3.5 2 0 1 0 0
-4636.6 -4354.0 -0.8 180 0 13.1 41.9 3.5 3.5 2 1 1 3 3
-4653.4 -4215.7 -0.5 273 0 14.5 31.3 3.5 3.5 2 1 1 2 2
-4580.7 -4429.1 -0.8 85 0 15.1 52.7 3.5 3.5 2 1 1 1 1
-4539.6 -4429.7 -0.5 85 0 13.9 69.7 3.5 0.0 0 1 1 1 1
-4571.1 -4248.8 -0.3 269 0 27.9 85.1 3.5 0.0 0 1 1 3 3
-4559.8 -4202.7 -0.1 271 0 22.0 44.6 3.5 0.0 0 1 1 0 0
-4621.8 -4198.5 -0.4 268 0 42.8 43.7 3.5 0.0 0 1 1 0 0
-4742.2 -4238.8 -0.9 180 0 43.3 74.7 3.5 0.0 0 1 1 1 1
-4722.3 -4325.8 -0.8 179 0 33.2 77.0 3.5 0.0 0 1 1 1 1
-4702.8 -4423.1 -0.1 179 0 73.2 12.8 3.5 3.5 2 0 1 3 3
-4699.1 -4568.3 0.3 90 0 12.8 84.2 3.5 3.5 2 1 1 3 3
-4469.7 -4544.6 -0.6 81 0 51.3 10.0 3.5 3.5 2 0 1 2 2
-4483.4 -4528.0 -0.5 80 0 13.4 41.3 3.5 3.5 2 1 1 5 5
-4491.2 -4482.6 -0.4 80 0 13.7 43.5 3.5 3.5 2 1 1 5 5
-4440.4 -4471.9 -0.5 81 0 13.6 41.5 3.5 0.0 0 1 1 1 1
-4420.5 -4519.6 -0.5 81 0 15.5 35.7 3.5 3.5 2 1 1 0 0
-4353.0 -4523.4 -1.0 80 0 40.4 8.1 3.5 3.5 2 0 1 2 2
-4286.6 -4497.4 -1.5 350 0 18.7 8.2 3.5 3.5 2 0 1 3 3
-4312.7 -4518.7 -1.5 82 0 34.5 13.7 3.5 3.5 2 0 1 3 3
-4357.9 -4514.1 -0.9 81 0 15.1 32.6 3.5 3.5 2 1 1 5 5
-4330.7 -4447.7 -1.3 350 0 42.1 15.9 3.5 3.5 2 0 1 2 2
-4290.1 -4456.3 -1.5 352 0 60.0 10.2 3.5 3.5 2 0 1 5 5
-4372.8 -4380.3 -1.0 360 0 66.0 13.9 3.5 0.0 0 0 1 4 4
-4418.2 -4382.0 -0.7 359 0 62.8 11.7 3.5 3.5 2 0 1 1 1
-4460.5 -4357.1 -0.4 358 0 13.0 14.2 3.5 3.5 2 1 1 2 2
-4461.4 -4414.9 -0.5 85 0 17.9 16.4 3.5 3.5 2 0 1 5 5
-4495.8 -4423.9 -0.3 84 0 11.8 76.3 3.5 3.5 2 1 1 0 0
-4515.3 -4239.1 -0.2 271 0 10.3 52.5 3.5 3.5 2 1 1 2 2
-4518.5 -4293.9 -0.3 271 0 11.7 40.0 3.5 3.5 2 1 1 4 4
-4471.6 -4240.0 -0.5 271 0 12.6 40.5 3.5 0.0 0 1 1 1 1
-4471.9 -4283.5 -0.4 271 0 12.0 41.9 3.5 3.5 2 1 1 3 3
-4430.9 -4269.0 -0.7 271 0 10.6 64.9 3.5 3.5 2 1 1 3 3
-4394.5 -4201.3 -0.5 270 0 52.2 15.1 3.5 3.5 2 0 1 3 3
-4468.8 -4202.3 -0.6 269 0 62.3 18.2 3.5 3.5 2 0 1 3 3
-4508.2 -4201.2 -0.3 272 0 13.1 25.5 3.5 3.5 2 1 1 2 2
-4429.1 -4199.6 -0.6 269 0 11.4 25.8 3.5 3.5 2 1 1 4 4
-4331.4 -4218.5 -0.1 359 0 32.7 34.4 3.5 0.0 0 1 1 4 4
-4380.4 -4298.9 -0.9 1 0 66.0 13.0 3.5 3.5 2 0 1 3 3
-4325.4 -4257.7 -0.3 348 0 42.5 15.0 3.5 0.0 0 0 1 0 0
-4316.7 -4303.0 -0.6 351 0 41.3 11.8 3.5 3.5 2 0 1 3 3
-4304.6 -4371.1 -1.2 351 0 76.4 12.9 3.5 3.5 2 0 1 2 2
-4240.2 -4250.9 -0.1 170 0 44.6 15.3 2.5 2.5 2 0 1 4 4
-4204.4 -4221.6 -0.1 272 0 37.1 14.5 2.5 2.5 2 0 1 1 1
-4151.8 -4220.6 -0.1 273 0 15.8 53.7 2.5 2.5 2 1 1 3 3
-4064.1 -4220.3 0.7 271 0 16.7 55.5 2.5 2.5 2 1 1 5 5
-3904.1 -4009.6 1.5 284 0 57.3 9.4 3.5 3.5 2 0 1 3 3
-4009.4 -4072.4 1.8 358 0 56.0 10.7 2.5 2.5 2 0 1 0 0
-3950.7 -4007.1 1.6 270 0 15.3 64.4 3.5 3.5 2 1 1 0 0
-3975.6 -3999.0 1.7 270 0 12.4 30.4 3.5 3.5 2 1 1 4 4
-3980.1 -4070.6 1.6 179 0 25.3 11.4 3.5 3.5 2 0 1 2 2
-4005.5 -4008.4 1.2 0 0 47.6 13.5 2.5 2.5 2 0 1 3 3
-4005.6 -3948.1 1.4 1 0 47.4 13.3 2.5 2.5 2 0 1 5 5
-3969.0 -3990.2 1.5 91 0 15.8 85.1 2.5 0.0 0 1 1 1 1
-3937.4 -3995.8 1.7 90 0 13.5 93.4 2.5 0.0 0 1 1 5 5
-3902.7 -4001.1 1.5 90 0 13.3 79.6 2.5 2.5 4 1 1 5 5
-3872.3 -4008.0 1.6 90 0 12.4 87.2 2.5 2.5 2 1 1 5 5
-3829.4 -3959.6 1.1 0 0 113.4 13.7 2.5 0.0 0 0 1 1 1
-3854.3 -4047.6 0.8 180 0 32.2 13.3 2.5 2.5 2 0 1 3 3
-3848.8 -4083.7 0.8 180 0 35.0 10.5 2.5 2.5 2 0 1 4 4
-3802.2 -4055.1 0.8 269 0 11.4 45.8 2.5 2.5 2 1 1 5 5
-3819.2 -4116.5 0.6 92 0 22.2 10.9 2.5 2.5 2 0 1 5 5
-3813.2 -3909.1 1.1 184 0 141.6 31.7 3.5 0.0 0 0 1 4 4
-4024.9 -4538.7 -1.4 50 0 199.2 22.3 2.5 0.0 0 0 1 0 0
-4052.1 -4515.3 -0.5 50 0 14.4 82.5 2.5 2.5 2 1 1 2 2
-4107.4 -4393.9 -0.3 228 0 13.7 32.5 2.5 0.0 0 1 1 3 3
-4027.9 -4387.0 -0.5 230 0 11.2 90.0 2.5 2.5 2 1 1 3 3
-3971.0 -4300.6 0.4 1 0 49.7 19.3 2.5 2.5 2 0 1 0 0
-4060.0 -4339.6 -0.3 78 0 18.6 49.8 2.5 2.5 2 1 1 3 3
-4137.3 -4350.0 -0.2 79 0 17.3 51.1 2.5 2.5 2 1 1 2 2
-4228.6 -4325.9 -0.6 169 0 61.8 17.9 2.5 2.5 2 0 1 1 1
-4202.1 -4408.1 -1.2 263 0 13.8 77.0 2.5 2.5 2 1 1 1 1
-4181.6 -4508.0 -1.5 229 0 13.5 84.3 2.5 2.5 2 1 1 5 5
-6837.8 -3766.8 -0.7 1 0 57.1 9.6 2.5 2.5 2 0 1 2 2
-6896.9 -3785.6 -0.8 1 0 16.1 8.0 2.5 0.0 0 0 1 1 1
-6883.4 -3724.1 -0.6 272 0 11.3 45.6 2.5 2.5 2 1 1 4 4
-6886.7 -3787.1 -0.7 179 0 28.5 11.9 2.5 2.5 2 0 1 3 3
-6931.6 -3765.4 -0.4 181 0 55.9 11.9 2.5 2.5 4 0 1 2 2
-6932.7 -3845.2 -0.5 180 0 70.6 14.0 2.5 2.5 2 0 1 4 4
-6882.8 -3943.8 -1.1 90 0 12.8 28.5 2.5 0.0 0 1 1 0 0
-6841.8 -3943.9 -1.1 89 0 13.8 29.0 2.5 2.5 4 1 1 4 4
-6836.0 -3859.5 -1.0 360 0 81.2 11.4 2.5 2.5 2 0 1 0 0
-6889.3 -3857.5 -1.0 180 0 84.2 13.5 2.5 2.5 2 0 1 0 0
-6933.0 -3922.6 -0.6 179 0 51.5 15.1 2.5 2.5 2 0 1 4 4
-6486.5 -4319.6 -3.1 89 0 14.4 62.8 3.5 3.5 2 1 1 0 0
-6151.5 -3881.9 0.5 0 0 16.1 16.0 3.5 3.5 2 0 1 4 4
-6193.4 -3861.7 0.5 269 0 14.2 16.0 3.5 3.5 2 1 1 3 3
-6234.7 -3855.6 1.0 179 0 14.4 15.6 3.5 3.5 2 1 1 3 3
-6251.5 -3871.7 0.7 1 0 44.6 10.8 3.5 3.5 2 0 1 0 0
-6251.5 -3909.4 0.3 2 0 22.1 12.7 3.5 0.0 0 0 1 3 3
-6174.4 -3706.8 1.8 313 0 17.2 15.6 3.5 3.5 2 0 1 5 5
-6173.1 -3741.4 1.7 318 0 17.7 17.9 3.5 0.0 0 1 1 5 5
-6207.8 -3706.4 1.6 311 0 14.3 18.7 3.5 3.5 2 1 1 4 4
-6204.1 -3738.4 1.5 316 0 17.2 19.1 3.5 3.5 2 1 1 2 2
-6259.0 -3722.5 1.4 182 0 44.2 11.2 3.5 3.5 2 0 1 2 2
-6262.0 -3783.7 1.2 182 0 49.7 11.3 3.5 3.5 2 0 1 2 2
-6336.8 -3767.1 0.9 2 0 53.4 13.2 2.5 2.5 2 0 1 4 4
-6299.7 -3765.8 1.0 2 0 54.8 13.0 2.5 2.5 2 0 1 0 0
-6356.0 -3705.1 0.9 272 0 42.8 18.3 2.5 2.5 2 0 1 4 4
-6217.3 -3606.1 1.8 270 0 25.9 7.8 3.5 3.5 2 0 1 0 0
-6236.0 -3661.3 1.6 92 0 21.5 6.0 3.5 3.5 2 0 1 0 0
-6218.0 -3677.7 1.7 92 0 10.3 32.5 3.5 3.5 2 1 1 5 5
-6255.2 -3609.3 1.6 270 0 6.0 29.5 3.5 3.5 2 1 1 5 5
-6256.1 -3676.4 1.5 93 0 7.8 25.1 3.5 3.5 2 1 1 3 3
-6236.4 -3687.8 1.5 92 0 43.5 7.2 3.5 3.5 2 0 1 1 1
-6208.6 -3557.5 2.0 89 0 6.6 48.3 3.5 3.5 2 1 1 1 1
-6227.4 -3571.1 1.8 89 0 47.4 6.7 3.5 3.5 2 0 1 3 3
-6245.4 -3555.4 1.8 90 0 13.7 62.1 3.5 3.5 2 1 1 0 0
-6280.9 -3438.6 1.7 179 0 31.3 11.0 3.5 3.5 2 0 1 0 0
-6279.4 -3514.1 1.7 180 0 94.6 16.0 3.5 3.5 2 0 1 3 3
-6305.6 -3434.4 1.7 355 0 6.4 10.8 2.5 2.5 2 1 1 5 5
-6300.1 -3468.0 1.7 0 0 52.9 9.6 2.5 2.5 2 0 1 2 2
-6305.6 -3504.3 1.6 353 0 8.4 11.1 2.5 2.5 4 1 1 2 2
-6354.6 -3436.4 1.4 269 0 12.8 57.3 2.5 2.5 2 1 1 4 4
-6395.1 -3466.8 1.2 270 0 10.5 48.3 2.5 2.5 2 1 1 5 5
-6297.0 -3541.7 1.5 0 0 29.7 33.9 2.5 0.0 0 1 1 3 3
-6300.5 -3412.4 1.8 356 0 5.9 12.4 2.5 2.5 2 1 1 5 5
-6379.4 -3415.5 1.3 356 0 8.4 41.3 2.5 2.5 4 1 1 3 3
-6453.7 -3442.0 0.9 268 0 66.5 15.0 2.5 0.0 0 0 1 4 4
-6428.1 -3278.7 0.4 265 0 17.0 11.9 3.5 3.5 4 0 1 2 2
-6445.1 -3385.7 1.2 83 0 32.5 16.2 3.5 0.0 0 0 1 2 2
-6388.9 -3350.1 1.5 356 0 11.7 23.0 3.5 0.0 0 1 1 1 1
-6414.7 -3292.8 0.7 267 0 12.7 52.1 3.5 3.5 4 1 1 1 1
-6457.8 -3332.8 1.3 174 0 21.1 31.8 3.5 0.0 0 1 1 1 1
-6370.2 -3224.6 0.5 0 0 47.9 9.4 3.5 0.0 0 0 1 0 0
-6370.2 -3299.4 0.3 0 0 61.7 8.5 3.5 3.5 2 0 1 5 5
-6340.3 -3231.2 0.7 90 0 11.7 28.8 3.5 3.5 2 1 1 4 4
-6341.8 -3241.2 0.2 271 0 8.7 58.2 3.5 0.0 0 1 1 2 2
-6305.8 -3279.0 0.6 181 0 12.7 27.5 3.5 3.5 2 0 1 5 5
-6295.0 -3357.1 0.3 90 0 22.4 15.2 3.5 3.5 2 0 1 0 0
-6323.2 -3318.0 0.4 180 0 90.2 17.2 3.5 3.5 2 0 1 3 3
-6218.0 -3330.0 0.6 91 0 12.6 51.1 3.5 0.0 0 1 1 4 4
-6265.9 -3275.9 0.7 268 0 16.2 24.6 3.5 3.5 4 1 1 0 0
-6266.3 -3349.4 0.3 91 0 14.5 44.4 3.5 3.5 2 1 1 0 0
-6186.0 -3321.8 0.5 91 0 13.5 32.9 3.5 3.5 2 1 1 3 3
-6157.4 -3257.2 0.4 182 0 17.1 16.0 3.5 3.5 2 0 1 0 0
-6139.3 -3295.8 0.5 90 0 12.8 17.1 3.5 3.5 2 1 1 0 0
-6093.5 -3283.9 0.5 83 0 21.2 22.3 3.5 3.5 2 1 1 1 1
-6115.5 -3297.1 0.5 87 0 16.9 31.1 3.5 3.5 4 1 1 5 5
-6001.7 -3264.4 1.6 102 0 4.1 32.9 3.5 3.5 2 1 1 3 3
-6018.5 -3271.2 1.0 71 0 31.7 4.2 3.5 3.5 2 0 1 3 3
-6021.3 -3257.7 1.4 93 0 18.1 10.4 3.5 3.5 2 0 1 5 5
-6010.1 -3171.6 0.8 273 0 15.7 73.7 3.5 3.5 2 1 1 3 3
-6046.0 -3165.6 0.4 266 0 35.8 20.1 3.5 0.0 0 0 1 5 5
-6086.2 -3207.0 0.6 267 0 15.2 41.2 3.5 3.5 2 1 1 5 5
-6121.4 -3211.0 0.5 270 0 15.3 40.3 3.5 3.5 2 1 1 4 4
-6162.0 -3232.9 0.4 180 0 25.3 16.3 3.5 3.5 2 0 1 5 5
-6168.0 -3188.9 0.4 180 0 37.3 24.7 3.5 0.0 0 0 1 3 3
-6139.0 -3048.2 0.3 86 0 46.6 6.8 3.5 3.5 4 0 1 2 2
-6289.1 -2983.8 1.5 176 0 14.4 28.2 3.5 3.5 2 1 1 4 4
-6299.5 -2929.2 1.3 269 0 15.3 43.5 3.5 0.0 0 1 1 4 4
-6208.6 -3060.2 1.0 87 0 4.8 63.6 3.5 3.5 2 1 1 2 2
-6181.7 -3051.9 0.6 86 0 11.6 49.3 3.5 3.5 2 1 1 5 5
-6223.6 -3054.7 1.2 87 0 13.2 53.2 3.5 3.5 2 1 1 5 5
-6273.3 -3057.6 1.3 89 0 12.0 55.9 3.5 3.5 2 1 1 5 5
6448.3 3174.5 -9.9 270 0 26.2 142.7 3.5 0.0 0 1 1 5 5
-6119.0 6932.3 -17.0 77 0 61.4 25.2 7.5 2.5 2 0 3 3 3
-6490.2 -3760.7 0.2 180 0 55.1 19.5 7.5 2.5 2 0 3 2 2
-6435.4 -3733.4 0.4 270 0 19.5 55.1 10.0 2.5 4 1 4 0 0
-6389.8 -3733.4 0.7 270 0 19.5 55.1 10.0 2.5 2 1 4 1 1
-6496.4 -3711.9 0.3 180 0 21.8 101.9 7.5 0.0 0 1 3 1 1
-6379.6 -3549.7 1.0 0 0 34.3 33.8 10.0 0.0 0 0 4 0 0
-6436.0 -3488.4 1.0 270 0 10.5 48.3 2.5 2.5 2 1 1 1 1
-6506.1 -3595.1 0.5 90 0 19.1 23.2 7.5 0.0 0 1 3 0 0
-6504.7 -3628.2 0.4 90 0 9.1 23.8 7.5 2.5 4 1 3 0 0
-5471.1 3870.1 -12.6 168 0 104.2 88.0 10.0 0.0 0 0 4 5 5
-5319.0 3897.4 -12.6 79 0 76.8 56.5 7.5 0.0 0 0 3 1 1
-5345.1 4049.3 -13.0 257 0 59.4 78.6 10.0 0.0 0 1 4 0 0
-5495.1 3980.1 -10.5 171 0 75.9 88.8 10.0 0.0 0 1 4 1 1
2230.5 3102.2 -5.6 179 0 190.9 55.3 10.0 0.0 0 0 4 3 3
-1992.4 -5917.0 3.9 50 0 9.9 6.7 7.5 2.5 2 0 3 5 5
6427.3 -5089.1 -10.5 90 0 57.1 170.1 10.5 0.0 0 1 3 1 1
201.1 -6027.8 -4.1 2 0 15.0 66.5 10.0 2.5 2 1 4 5 5
-1459.3 -4967.8 1.2 355 0 66.5 18.6 10.5 3.5 4 0 3 1 1
-4804.7 -4885.9 1.4 82 0 10.9 65.1 7.5 2.5 2 1 3 3 3
-4873.8 -4899.7 1.9 82 0 13.4 90.9 7.5 2.5 2 1 3 5 5
-4840.4 -4894.5 1.7 82 0 10.9 65.1 7.5 2.5 4 1 3 4 4
-4768.7 -4877.9 0.8 82 0 11.0 65.1 10.0 2.5 2 1 4 1 1
-4882.7 -4709.9 1.7 257 0 13.8 14.8 7.5 2.5 4 1 3 0 0
-4727.3 -4868.7 -0.1 76 0 13.5 63.5 10.0 2.5 2 1 4 2 2
-5622.6 -1170.0 1.6 87 0 23.6 17.7 3.5 0.0 0 0 1 3 3
-5625.1 -1103.3 0.8 266 0 12.2 38.7 3.5 3.5 2 1 1 1 1
-5665.7 -1101.0 0.9 267 0 13.9 45.9 3.5 3.5 2 1 1 3 3
-5588.3 -1069.4 -0.1 85 0 9.4 32.6 3.5 3.5 2 1 1 3 3
-5556.9 -1093.8 0.6 268 0 13.4 72.7 3.5 3.5 2 1 1 0 0
-5596.8 -1093.2 0.6 269 0 11.2 73.6 3.5 3.5 2 1 1 0 0
-5550.6 -1181.7 1.0 356 0 11.9 91.7 3.5 3.5 2 1 1 1 1
-5365.0 -634.5 -4.4 85 0 12.6 62.1 3.5 3.5 2 1 1 1 1
-5426.4 -581.2 -4.1 265 0 15.2 56.3 3.5 3.5 2 1 1 5 5
-5382.5 -710.7 -4.5 86 0 13.3 62.9 3.5 0.0 0 1 1 5 5
-5422.9 -713.2 -4.1 85 0 10.7 60.5 3.5 0.0 0 1 1 3 3
-5472.6 -624.7 -3.9 176 0 32.1 12.0 3.5 3.5 2 0 1 3 3
-5462.4 -717.6 -3.9 85 0 11.5 61.9 3.5 3.5 2 1 1 3 3
-5354.3 -722.8 -4.7 266 0 8.8 41.3 3.5 3.5 2 1 1 0 0
-5389.0 -725.5 -4.3 266 0 9.8 41.8 3.5 3.5 2 1 1 3 3
-5423.9 -729.8 -3.9 265 0 10.6 40.4 3.5 3.5 2 1 1 4 4
-5462.5 -729.6 -3.6 265 0 8.5 44.8 3.5 3.5 2 1 1 1 1
-5449.0 -821.5 -3.8 354 0 64.3 10.3 3.5 3.5 2 0 1 1 1
-5681.9 -707.3 -2.0 88 0 8.9 45.1 3.5 3.5 2 1 1 2 2
-5717.3 -707.7 -1.7 86 0 11.5 42.7 3.5 3.5 2 1 1 4 4
-5758.0 -712.5 -1.3 87 0 10.2 43.8 3.5 3.5 2 1 1 3 3
-5797.0 -733.7 -0.5 266 0 7.3 20.1 3.5 3.5 2 1 1 0 0
-5797.2 -763.8 -0.7 178 0 12.4 21.3 3.5 3.5 2 1 1 2 2
-5789.6 -782.2 -0.8 174 0 22.7 22.3 3.5 3.5 2 0 1 0 0
-5758.1 -730.6 -0.9 266 0 9.5 30.5 3.5 3.5 2 1 1 0 0
-5746.1 -790.5 -1.0 85 0 9.3 29.1 3.5 3.5 2 1 1 5 5
-5727.7 -730.3 -1.1 266 0 9.8 27.0 3.5 3.5 2 1 1 5 5
-5715.8 -789.5 -1.2 86 0 10.3 30.0 3.5 3.5 4 1 1 3 3
-5684.6 -784.5 -1.5 85 0 10.4 28.9 3.5 0.0 0 1 1 3 3
-5666.0 -722.4 -1.8 265 0 10.2 30.3 3.5 3.5 2 1 1 3 3
-5696.5 -724.1 -1.5 265 0 13.3 28.4 3.5 3.5 2 1 1 5 5
-5636.5 -717.5 -2.1 266 0 9.5 29.8 3.5 3.5 2 1 1 4 4
-5594.4 -777.3 -2.4 84 0 11.8 59.9 3.5 3.5 2 1 1 4 4
-5521.0 -737.0 -3.0 266 0 8.8 43.8 3.5 3.5 2 1 1 5 5
-5558.2 -739.3 -2.6 264 0 7.3 42.5 3.5 3.5 2 1 1 4 4
-5506.0 -821.0 -3.3 356 0 40.6 9.5 3.5 3.5 2 0 1 2 2
-5553.2 -823.5 -3.0 174 0 42.3 9.1 3.5 3.5 2 0 1 0 0
-5555.2 -910.0 -3.1 176 0 31.2 15.4 3.5 3.5 2 0 1 3 3
-5736.5 -917.2 -1.6 87 0 12.9 17.3 3.5 3.5 2 1 1 3 3
-5668.8 -876.6 -2.0 85 0 10.0 21.3 3.5 0.0 0 1 1 3 3
-5704.9 -880.2 -1.8 87 0 10.1 22.3 3.5 0.0 0 1 1 4 4
-5693.2 -916.7 -1.9 84 0 10.7 34.5 3.5 3.5 2 1 1 4 4
-5660.1 -913.0 -2.1 85 0 8.6 33.9 3.5 3.5 2 1 1 5 5
-5624.8 -909.1 -2.4 86 0 9.6 32.3 3.5 0.0 0 1 1 4 4
-5601.9 -949.9 -2.4 355 0 44.1 9.3 3.5 3.5 2 0 1 5 5
-5640.2 -978.0 -2.2 85 0 10.0 46.2 3.5 3.5 2 1 1 3 3
-5678.8 -933.9 -2.0 265 0 9.2 44.1 3.5 3.5 2 1 1 1 1
-5711.5 -959.5 -1.8 174 0 43.7 11.6 3.5 3.5 2 0 1 5 5
-5588.3 -257.9 -1.5 172 0 28.8 20.7 2.5 2.5 4 0 1 0 0
-5540.2 -265.8 -1.7 81 0 11.2 27.7 2.5 2.5 2 1 1 4 4
-5561.7 -148.8 -1.4 261 0 13.6 66.9 2.5 2.5 2 1 1 0 0
-5443.0 -226.7 -1.7 351 0 13.4 53.6 2.5 2.5 2 1 1 3 3
-5393.2 -184.9 -0.6 82 0 20.0 60.6 2.5 2.5 2 1 1 4 4
-5434.9 -99.9 -0.0 353 0 18.0 32.8 2.5 2.5 2 1 1 2 2
-5541.3 -114.6 -0.5 170 0 16.6 23.8 2.5 2.5 2 1 1 4 4
-5497.3 -91.0 -0.3 262 0 46.7 28.1 2.5 0.0 0 0 1 0 0
-6006.4 -633.5 -2.8 173 0 20.6 11.0 3.5 3.5 2 0 1 2 2
-5972.2 -757.8 -2.7 174 0 121.6 8.4 3.5 3.5 2 0 1 5 5
-5878.8 -860.5 -2.1 356 0 49.8 15.1 3.5 3.5 4 0 1 3 3
-5894.7 -723.9 -1.1 355 0 8.0 40.9 3.5 0.0 0 1 1 3 3
-5881.0 -725.7 -0.9 356 0 60.4 9.1 3.5 0.0 0 0 1 0 0
-5954.1 -733.2 -1.7 176 0 59.1 15.6 3.5 0.0 0 0 1 3 3
-5898.4 -671.0 -1.6 354 0 8.6 32.2 3.5 3.5 2 1 1 4 4
-6166.8 -641.2 -4.5 265 0 28.4 40.6 3.5 0.0 0 1 1 5 5
-6095.4 -663.8 -4.1 86 0 83.1 28.2 3.5 0.0 0 0 1 2 2
-6032.5 -623.0 -3.2 267 0 25.4 49.1 3.5 0.0 0 1 1 3 3
-5978.8 -673.3 -2.3 176 0 21.0 24.6 3.5 3.5 2 1 1 5 5
-6047.3 -968.0 -4.1 86 0 26.6 9.3 3.5 3.5 2 0 1 3 3
-6119.7 -926.6 -4.7 267 0 12.2 41.7 3.5 3.5 2 1 1 0 0
-6180.9 -888.2 -5.2 85 0 14.1 25.4 3.5 3.5 2 1 1 1 1
-6140.3 -865.9 -4.7 83 0 22.1 10.4 3.5 3.5 2 0 1 2 2
-6401.8 -826.4 -6.6 174 0 44.9 82.0 2.5 0.0 0 1 1 5 5
-6557.9 -848.0 -2.7 177 0 54.9 18.8 3.5 3.5 2 0 1 1 1
-6502.4 -944.1 -4.1 263 0 10.4 10.6 3.5 3.5 2 0 1 3 3
-6467.9 -937.6 -5.4 264 0 29.5 13.3 3.5 3.5 2 0 1 2 2
-6517.0 -884.3 -3.9 264 0 14.6 61.0 3.5 3.5 2 0 1 3 3
-6582.2 -1021.2 -2.2 85 0 12.3 68.4 3.5 3.5 2 1 1 1 1
-6480.3 -991.4 -6.6 85 0 132.3 29.4 3.5 0.0 0 0 1 4 4
-5331.7 -911.7 -3.4 265 0 8.1 77.1 3.5 0.0 0 1 1 1 1
-5372.6 -917.8 -2.8 264 0 8.3 72.8 3.5 0.0 0 1 1 4 4
-5406.7 -920.7 -2.8 267 0 7.8 74.5 3.5 3.5 2 1 1 5 5
-5445.2 -921.7 -2.9 265 0 8.8 75.1 3.5 3.5 2 1 1 2 2
-3633.6 -1316.2 -0.2 176 0 18.0 16.7 3.5 0.0 0 0 1 4 4
-3567.3 -944.9 -1.9 267 0 113.4 87.1 3.5 0.0 0 0 1 5 5
-4183.7 -446.5 0.7 273 0 56.1 17.3 3.5 3.5 2 0 1 5 5
-4162.7 -427.7 0.7 0 0 12.9 47.2 3.5 3.5 2 1 1 3 3
-4258.6 -414.4 2.5 272 0 30.8 54.8 3.5 0.0 0 1 1 1 1
-4237.6 -562.0 2.4 143 0 76.4 14.7 3.5 3.5 4 0 1 2 2
-4267.2 -497.4 2.3 180 0 28.0 80.2 3.5 0.0 0 1 1 5 5
-4123.9 -410.0 -2.3 271 0 62.9 197.2 3.5 0.0 0 0 1 5 5
-4171.9 -608.9 1.4 90 0 20.1 120.1 3.5 0.0 0 1 1 3 3
-3818.7 38.2 -1.7 270 0 17.0 90.9 3.5 3.5 2 1 1 3 3
-3826.9 146.2 -3.1 270 0 10.6 60.5 2.5 0.0 0 1 1 5 5
-3986.0 75.0 -7.3 88 0 68.3 18.1 2.5 0.0 0 0 1 5 5
-3892.5 160.3 -6.6 270 0 69.6 57.6 2.5 0.0 0 0 1 5 5
-4019.8 -117.9 -4.9 1 0 87.9 22.7 3.5 0.0 0 0 1 2 2
-6741.5 -1119.9 1.3 271 0 9.7 22.6 3.5 3.5 2 1 1 3 3
-6745.0 -1202.8 0.4 180 0 79.6 18.8 3.5 3.5 2 0 1 1 1
-6738.1 -1342.7 0.1 179 0 109.1 15.9 3.5 0.0 0 0 1 4 4
-6909.6 -1140.6 0.3 266 0 36.5 26.7 2.5 0.0 0 0 1 1 1
-6866.8 -1134.2 3.2 267 0 11.4 22.8 2.5 2.5 2 1 1 2 2
-6802.2 -1139.9 2.8 356 0 24.7 34.9 2.5 0.0 0 1 1 5 5
-6814.9 -1263.9 2.4 91 0 14.4 75.2 3.5 3.5 2 1 1 5 5
-6899.6 -1194.2 2.1 269 0 17.3 79.8 3.5 3.5 2 1 1 0 0
