686.0 -5773.2 -328.2 145 0 77.6 55.0 10.5 0.0 0 0 3 0 0
758.0 -5832.7 -327.9 54 0 29.2 40.3 10.5 0.0 0 1 3 1 1
1883.3 -10312.5 418.3 229 0 10.1 17.2 5.0 0.0 0 1 2 5 5
465.3 -5215.2 -341.1 325 0 102.6 52.4 12.5 0.0 0 0 5 4 4
921.6 -3906.2 -360.7 235 0 98.9 77.6 17.5 0.0 0 0 5 0 0
957.6 -3681.8 -356.3 151 0 89.6 23.3 12.5 0.0 0 0 5 2 2
1028.5 -3884.1 -362.8 327 0 75.7 34.6 17.5 0.0 0 0 5 0 0
2328.2 1903.7 -391.7 0 0 61.3 34.2 10.0 0.0 0 0 4 3 3
2234.4 5486.8 -406.8 270 0 55.9 165.4 10.0 0.0 0 1 4 4 4
1980.2 5322.7 -407.6 89 0 32.1 139.4 14.0 0.0 0 1 4 1 1
2142.8 5455.2 -405.3 0 0 15.9 111.6 10.0 0.0 0 1 4 3 3
2175.2 5461.8 -406.8 270 0 45.0 132.2 12.5 0.0 0 1 5 2 2
1965.1 5565.3 -404.6 180 0 97.6 20.7 14.0 0.0 0 0 4 0 0
2015.9 5224.3 -408.6 90 0 8.8 42.2 7.5 2.5 2 1 3 2 2
2026.4 5395.3 -407.3 360 0 134.5 15.8 10.0 0.0 0 0 4 0 0
1997.8 5565.5 -404.3 180 0 95.6 20.4 14.0 0.0 0 0 4 4 4
2086.8 5445.2 -407.3 270 0 111.7 116.2 12.5 0.0 0 1 5 5 5
2016.2 4971.0 -407.5 359 0 43.4 19.4 7.5 2.5 2 0 3 1 1
2217.9 1345.7 -325.2 340 0 37.8 36.5 10.0 0.0 0 0 4 4 4
1355.0 9220.8 -422.4 269 0 45.2 36.2 14.0 0.0 0 0 4 4 4
-1583.2 8725.9 -425.8 0 0 68.7 23.5 10.0 0.0 0 0 4 1 1
-1479.8 8529.3 -424.6 90 0 16.0 74.5 7.5 2.5 2 1 3 2 2
-1403.3 8749.9 -425.7 0 0 68.9 23.7 10.0 0.0 0 0 4 1 1
-1364.7 8749.8 -425.6 0 0 69.4 24.2 10.0 0.0 0 0 4 0 0
-1580.3 8584.4 -424.9 180 0 53.6 24.2 10.0 2.5 2 0 4 0 0
-1455.0 8688.1 -425.2 270 0 23.7 68.9 7.5 0.0 0 1 3 4 4
-1491.1 8755.8 -425.7 270 0 23.8 53.1 10.0 2.5 2 1 4 3 3
-1567.6 8675.9 -425.3 270 0 21.9 59.4 12.5 2.5 4 1 5 5 5
-1364.9 8658.0 -425.1 0 0 70.1 24.8 7.5 0.0 0 0 3 5 5
-1511.4 8648.5 -425.2 360 0 58.7 21.3 10.0 2.5 2 0 4 0 0
-1446.6 8566.3 -424.6 180 0 75.3 16.8 7.5 2.5 2 0 3 4 4
-1476.3 8653.7 -425.2 0 0 68.6 23.4 5.0 0.0 0 0 2 3 3
-1525.1 8762.3 -425.8 270 0 22.7 60.2 12.5 2.5 2 1 5 1 1
-1468.1 8731.8 -425.6 180 0 60.0 22.6 7.5 2.5 2 0 3 3 3
-1603.4 8616.5 -425.0 270 0 22.3 59.7 10.0 2.5 2 1 4 2 2
-1559.5 8760.5 -425.8 270 0 23.7 68.9 10.0 0.0 0 1 4 4 4
-1404.0 8657.7 -425.1 0 0 69.3 24.1 10.0 0.0 0 0 4 4 4
-1602.6 8624.4 -425.3 90 0 24.0 53.3 10.0 2.5 2 1 4 4 4
-1519.4 8529.6 -424.7 90 0 15.3 73.8 10.0 2.5 2 1 4 0 0
-1642.0 8918.7 -426.5 180 0 152.5 57.0 10.0 0.0 0 0 4 5 5
-1537.6 8843.5 -426.3 90 0 64.6 152.9 10.0 0.0 0 1 4 2 2
-1441.1 8775.4 -426.0 2 0 12.0 165.6 7.5 0.0 0 1 3 3 3
-1321.4 8860.1 -426.2 360 0 37.3 78.8 10.0 0.0 0 1 4 1 1
-1342.3 8608.5 -424.5 270 0 14.4 91.6 10.0 2.5 4 1 4 5 5
-1454.0 8830.1 -426.3 90 0 64.4 36.8 7.5 0.0 0 0 3 3 3
-1337.1 8622.9 -425.0 90 0 14.1 91.3 10.0 2.5 4 1 4 2 2
-1326.7 9069.4 -426.8 270 0 26.1 79.5 7.5 0.0 0 1 3 3 3
-1382.3 8610.1 -424.6 271 0 15.5 93.0 7.5 2.5 2 1 3 2 2
-1320.6 8928.1 -426.7 360 0 92.4 25.7 10.0 0.0 0 0 4 0 0
-1468.6 8878.1 -426.4 90 0 26.4 80.8 10.0 0.0 0 1 4 2 2
-5503.9 -7727.2 -333.1 351 0 23.6 24.4 12.5 2.5 2 1 5 2 2
-3494.6 10646.1 -433.4 304 0 77.4 8.5 7.5 2.5 2 0 3 2 2
-6253.3 -3212.0 -361.8 168 0 29.4 22.7 15.0 0.0 0 0 6 2 2
-259.9 -2592.3 -373.2 65 0 61.5 58.4 17.5 0.0 0 0 5 3 3
-53.2 -291.7 -379.3 261 0 21.6 31.8 14.0 0.0 0 1 4 4 4
-1394.0 7108.9 -420.4 0 0 17.4 29.9 7.5 2.5 2 1 3 0 0
-1770.0 7775.8 -422.9 181 0 24.2 23.6 12.5 2.5 2 0 5 1 1
2650.8 10379.1 -424.5 179 0 23.1 38.1 10.5 0.0 0 1 3 5 5
-6115.8 -2996.9 -358.9 258 0 71.4 12.3 7.5 2.5 2 0 3 3 3
-3920.8 6564.9 -411.5 90 0 30.7 25.9 12.5 0.0 0 0 5 5 5
-5855.3 7303.2 -414.8 359 0 36.7 14.5 7.5 2.5 2 0 3 3 3
-5849.0 7331.2 -415.2 359 0 19.5 34.7 10.0 0.0 0 1 4 3 3
-6030.6 7582.6 -418.6 185 0 22.2 29.4 7.5 0.0 0 1 3 2 2
-5973.3 7266.5 -414.4 89 0 63.3 53.8 12.5 0.0 0 0 5 1 1
-5890.3 7271.7 -414.7 62 0 22.6 66.0 12.5 2.5 2 1 5 5 5
-5889.1 7227.9 -413.7 91 0 19.1 32.7 10.0 0.0 0 1 4 3 3
-5963.8 7243.5 -413.2 269 0 17.3 55.9 10.0 0.0 0 1 4 5 5
-5921.8 7165.1 -412.7 90 0 15.5 42.6 10.0 2.5 2 1 4 3 3
-6137.2 7409.3 -415.9 91 0 46.9 51.6 12.5 0.0 0 1 5 1 1
-5828.5 7222.7 -413.5 271 0 18.6 54.7 10.0 2.5 2 0 4 4 4
-5854.1 7262.3 -414.1 28 0 16.5 18.1 7.5 2.5 2 0 3 4 4
-5857.4 7280.1 -414.2 360 0 8.7 8.6 5.0 2.5 2 0 2 0 0
-5818.4 7871.1 -421.2 74 0 28.3 15.3 10.0 0.0 0 0 4 1 1
-5939.0 4086.1 72.0 193 0 15.5 20.1 17.5 0.0 0 1 7 1 1
-5957.6 4113.6 57.1 343 0 27.2 11.7 10.0 2.5 2 0 4 2 2
-6405.5 7927.2 -416.9 351 0 26.7 10.0 10.0 2.5 2 0 4 3 3
-6402.4 7893.4 -416.3 351 0 13.3 9.9 7.5 2.5 2 0 3 4 4
-6266.4 6052.7 -378.5 5 0 30.4 12.5 12.5 2.5 2 0 5 2 2
-2813.3 6460.9 -410.8 183 0 58.6 103.2 12.5 0.0 0 1 5 0 0
-489.6 -2955.4 -368.0 167 0 64.5 67.3 17.5 0.0 0 1 5 4 4
-429.9 5194.7 -411.0 81 0 101.2 121.3 12.5 0.0 0 1 5 3 3
3440.9 5055.0 -405.2 0 0 86.4 32.8 14.0 0.0 0 0 4 0 0
-969.8 10310.1 -427.1 3 0 13.6 16.4 7.5 2.5 2 1 3 0 0
6872.7 -8527.1 -286.2 67 0 32.3 7.8 10.5 3.5 2 0 3 3 3
6608.3 -8617.1 -282.9 244 0 13.6 45.6 10.5 3.5 2 1 3 5 5
918.9 -1990.0 -380.4 151 0 26.8 27.1 17.5 0.0 0 1 5 2 2
4123.7 7050.3 -414.1 90 0 13.2 64.2 17.5 3.5 2 1 5 3 3
4171.6 7051.0 -414.3 90 0 12.9 62.9 17.5 3.5 2 1 5 1 1
4214.1 7052.3 -414.7 90 0 14.6 62.4 17.5 3.5 2 1 5 4 4
4214.2 6962.4 -413.4 359 0 24.1 18.9 14.0 3.5 2 0 4 3 3
3426.9 5260.9 -404.3 91 0 14.2 64.7 14.0 3.5 2 1 4 5 5
1430.0 9196.6 -422.8 349 0 13.8 32.5 14.0 3.5 2 1 4 4 4
1282.9 5568.3 -410.5 90 0 152.1 100.1 10.5 0.0 0 0 3 1 1
1413.9 5529.3 -410.2 181 0 178.4 87.1 14.0 0.0 0 0 4 1 1
1257.1 6733.9 -414.7 180 0 166.9 18.3 10.5 0.0 0 0 3 1 1
3618.4 7204.5 -406.7 179 0 72.7 13.7 17.5 3.5 2 0 5 3 3
3547.1 8987.2 -421.5 89 0 19.7 34.1 17.5 0.0 0 1 5 2 2
3432.8 7804.2 -406.7 180 0 106.9 12.1 14.0 3.5 4 0 4 4 4
3397.5 7738.4 -405.3 91 0 11.8 41.5 17.5 3.5 4 1 5 3 3
3397.7 7789.8 -406.5 91 0 13.8 68.8 17.5 3.5 2 1 5 0 0
4161.4 6961.4 -413.4 90 0 19.1 56.8 14.0 3.5 2 1 4 2 2
3997.3 6949.2 -410.3 91 0 9.8 26.5 10.5 3.5 2 1 3 4 4
4107.4 7269.4 -413.4 360 0 48.7 13.6 17.5 3.5 2 0 5 2 2
4100.0 7377.5 -413.2 270 0 14.1 50.5 17.5 3.5 2 1 5 3 3
4065.9 7395.8 -413.4 90 0 11.0 48.6 17.5 3.5 2 1 5 4 4
4024.1 7485.0 -413.7 269 0 16.9 65.8 7.5 2.5 2 1 3 5 5
4034.3 7379.8 -413.5 359 0 67.3 17.4 10.0 2.5 4 0 4 3 3
-4026.5 7208.7 -422.4 269 0 22.0 20.6 10.0 2.5 2 0 4 1 1
-4031.0 7118.9 -421.2 268 0 17.7 26.6 10.0 2.5 2 1 4 0 0
-4028.5 7127.0 -421.5 90 0 11.3 18.1 7.5 2.5 2 1 3 0 0
-4007.3 7127.5 -421.3 90 0 10.4 18.1 7.5 2.5 2 1 3 1 1
-3986.5 7127.0 -421.2 91 0 10.7 19.1 7.5 2.5 2 1 3 2 2
-3965.7 7127.4 -421.0 89 0 10.9 18.4 7.5 0.0 0 1 3 2 2
-3944.2 7127.7 -420.9 90 0 11.9 18.0 5.0 2.5 2 1 2 5 5
-3938.0 7157.0 -421.2 0 0 18.6 12.0 10.0 2.5 2 0 4 5 5
-4007.1 7118.3 -421.0 269 0 12.8 25.6 7.5 2.5 2 1 3 3 3
-3985.1 7118.5 -420.9 270 0 14.6 25.9 10.0 2.5 2 1 4 0 0
-3963.8 7118.7 -420.7 269 0 13.4 25.4 7.5 2.5 2 1 3 5 5
-3942.5 7118.4 -420.5 269 0 14.2 25.3 12.5 2.5 2 1 5 5 5
-4008.1 7076.8 -420.9 89 0 48.8 12.0 7.5 2.5 2 0 3 2 2
-3956.9 7077.6 -420.4 90 0 39.4 11.0 7.5 2.5 2 0 3 3 3
-4019.5 7032.7 -420.8 97 0 15.0 30.1 7.5 2.5 2 1 3 1 1
-3997.9 7032.7 -420.6 96 0 14.9 30.6 12.5 2.5 2 1 5 3 3
-3976.1 7030.4 -420.5 96 0 14.7 33.2 7.5 2.5 2 1 3 5 5
-3951.7 7064.7 -420.3 275 0 14.6 37.2 7.5 2.5 2 1 3 5 5
-3925.5 7046.3 -420.0 6 0 37.4 14.2 7.5 2.5 4 0 3 1 1
-3936.1 7015.1 -420.0 276 0 13.5 25.5 7.5 2.5 2 1 3 0 0
-3956.2 7017.1 -420.1 275 0 13.6 26.4 7.5 2.5 2 1 3 0 0
-3977.9 7019.4 -420.2 276 0 14.4 25.8 7.5 2.5 2 1 3 2 2
-4001.1 6996.2 -420.2 95 0 13.2 24.8 7.5 2.5 2 1 3 3 3
-4022.9 6998.0 -420.3 96 0 12.9 25.7 7.5 2.5 2 1 3 0 0
-4002.2 6988.9 -419.5 276 0 12.9 24.7 15.0 0.0 0 1 6 4 4
-3980.3 6986.3 -419.2 276 0 13.1 24.9 10.0 2.5 2 1 4 5 5
-3958.7 6984.9 -419.2 275 0 13.5 25.4 7.5 2.5 4 1 3 2 2
-3937.4 6982.5 -419.1 276 0 12.6 26.1 7.5 2.5 2 1 3 4 4
-4024.1 6991.9 -419.8 276 0 14.0 25.3 5.0 0.0 0 1 2 3 3
-4066.6 6994.9 -420.5 276 0 12.2 24.9 5.0 2.5 2 1 2 4 4
-4044.9 6992.9 -420.2 277 0 13.0 25.5 10.0 2.5 2 1 4 3 3
-4065.7 7002.2 -420.5 94 0 11.4 25.9 7.5 2.5 2 1 3 2 2
-4044.8 6999.8 -420.4 96 0 11.0 25.7 7.5 2.5 2 1 3 5 5
-4069.7 6956.6 -420.6 276 0 13.5 25.8 10.0 2.5 2 1 4 5 5
-4047.5 6954.0 -420.3 276 0 13.9 25.6 7.5 2.5 2 1 3 3 3
-4027.0 6952.5 -420.1 276 0 13.1 27.1 7.5 2.5 2 1 3 5 5
-3970.9 6946.0 -419.5 276 0 13.2 25.6 10.0 2.5 2 1 4 0 0
-3949.2 6944.1 -419.1 277 0 12.8 25.5 7.5 2.5 2 1 3 2 2
-4130.7 6990.2 -421.2 181 0 28.0 15.4 7.5 2.5 2 0 3 4 4
-4150.2 6952.3 -421.5 0 0 56.4 15.8 10.0 2.5 2 0 4 5 5
-4184.9 6951.9 -421.8 0 0 57.3 16.0 10.0 2.5 2 0 4 4 4
-4221.4 7143.7 -423.1 1 0 30.4 15.9 10.0 2.5 2 0 4 0 0
-4780.5 6898.4 -418.0 91 0 11.7 57.9 15.0 2.5 2 1 6 2 2
-4744.8 6955.5 -417.8 271 0 15.2 56.6 7.5 2.5 2 1 3 1 1
-4777.0 6721.8 -411.0 7 0 43.6 11.3 12.5 2.5 2 0 5 4 4
-4765.1 6697.7 -410.8 97 0 12.0 44.9 17.5 0.0 0 1 7 0 0
-4744.3 6696.0 -410.6 98 0 10.8 43.8 12.5 2.5 4 1 5 1 1
-4778.5 6644.4 -409.0 98 0 12.7 43.0 10.0 2.5 4 1 4 2 2
-4755.6 6641.5 -408.8 97 0 12.6 43.5 10.0 2.5 2 1 4 3 3
-4730.3 6659.3 -408.5 196 0 46.0 13.5 10.0 2.5 2 0 4 5 5
-4697.3 6724.3 -409.9 285 0 11.6 42.4 12.5 2.5 2 1 5 1 1
-4683.6 6873.9 -414.7 276 0 15.6 109.2 12.5 0.0 0 1 5 2 2
-4663.4 6817.7 -414.4 186 0 108.6 15.4 10.0 0.0 0 0 4 1 1
-4660.3 6730.1 -410.5 96 0 12.1 21.7 7.5 2.5 2 1 3 0 0
-4698.9 6734.5 -410.7 97 0 18.1 15.7 10.0 2.5 2 0 4 2 2
-4704.0 6911.1 -417.0 1 0 55.8 17.0 12.5 2.5 4 0 5 2 2
-4671.4 6913.2 -416.9 2 0 56.1 17.7 10.0 2.5 2 0 4 3 3
-4647.7 6939.5 -416.8 271 0 15.4 57.3 12.5 0.0 0 1 5 5 5
-3749.5 2389.6 -234.4 339 0 36.6 44.0 12.5 0.0 0 1 5 2 2
2404.1 9974.5 -427.3 358 0 105.8 40.0 7.5 0.0 0 0 3 0 0
-376.0 570.9 -375.7 309 0 7.9 26.8 7.5 2.5 2 1 3 2 2
1195.8 6593.2 -412.5 180 0 45.6 11.7 14.0 3.5 2 0 4 2 2
1187.2 6736.8 -413.9 269 0 12.5 18.4 14.0 3.5 2 1 4 4 4
2422.1 2141.0 -389.4 183 0 14.1 24.3 17.5 0.0 0 1 7 5 5
2479.5 2129.8 -390.7 87 0 14.2 24.2 12.5 0.0 0 1 5 0 0
-3887.1 -10685.8 -295.6 61 0 10.9 29.4 10.0 0.0 0 1 4 4 4
-3858.1 -10680.6 -294.3 61 0 9.3 31.6 7.5 2.5 2 1 3 1 1
3061.5 10078.3 -419.1 270 0 39.3 17.7 10.5 3.5 2 0 3 5 5
3030.0 10073.1 -418.7 268 0 23.6 15.5 10.5 3.5 2 0 3 1 1
2979.6 10136.2 -419.3 90 0 28.8 79.1 10.5 0.0 0 1 3 0 0
3045.9 10111.2 -419.2 269 0 14.7 27.9 10.5 3.5 2 1 3 4 4
3010.4 10114.2 -418.9 269 0 13.7 53.8 10.5 3.5 2 0 3 1 1
2836.9 10320.9 -422.4 90 0 14.8 52.3 14.0 3.5 4 1 4 4 4
2872.0 10322.2 -423.0 89 0 13.4 52.9 14.0 0.0 0 1 4 2 2
2909.1 10318.3 -423.1 89 0 16.4 55.6 14.0 3.5 2 1 4 2 2
2940.8 10319.7 -423.2 89 0 17.0 55.7 14.0 3.5 2 1 4 5 5
3009.7 10325.6 -423.8 89 0 16.0 57.5 14.0 3.5 4 1 4 2 2
3048.0 10324.7 -424.0 89 0 17.5 59.7 14.0 3.5 2 1 4 2 2
3726.6 -8575.8 -139.0 1 0 27.9 15.1 12.5 0.0 0 0 5 5 5
3563.5 7163.9 -405.2 90 0 20.9 72.7 17.5 3.5 4 1 5 5 5
3574.1 7293.1 -406.2 359 0 72.7 20.9 17.5 3.5 4 0 5 5 5
3617.7 7292.6 -408.0 179 0 72.7 13.7 17.5 3.5 2 0 5 2 2
3665.1 7110.5 -405.2 1 0 20.9 53.0 17.5 3.5 2 0 5 0 0
3637.6 6992.1 -398.3 270 0 26.7 37.7 17.5 0.0 0 1 5 4 4
3602.6 7107.7 -403.5 90 0 18.8 8.2 10.5 3.5 2 0 3 4 4
1175.7 6475.6 -411.7 1 0 132.0 29.8 14.0 0.0 0 0 4 2 2
1032.9 6478.1 -411.5 358 0 131.0 36.5 10.5 0.0 0 0 3 1 1
982.3 6392.4 -411.3 357 0 73.3 35.8 14.0 0.0 0 0 4 0 0
5027.3 10617.1 -426.6 270 0 16.7 62.3 14.0 3.5 2 1 4 1 1
4976.8 10617.2 -427.5 270 0 16.7 62.3 14.0 3.5 2 1 4 4 4
4927.9 10616.1 -428.1 271 0 16.4 48.0 14.0 3.5 2 1 4 2 2
3562.0 5862.8 -406.4 89 0 33.0 57.6 14.0 0.0 0 0 4 2 2
3622.3 6105.9 -407.6 89 0 24.4 32.8 14.0 0.0 0 1 4 3 3
1363.5 9192.8 -422.3 269 0 25.9 7.2 10.5 3.5 2 0 3 3 3
1363.0 9216.4 -422.3 269 0 25.7 23.5 14.0 0.0 0 0 4 2 2
-5233.8 2103.6 -157.1 223 0 5.9 38.8 2.5 2.5 2 1 1 1 1
-5130.5 2037.1 -156.8 121 0 5.4 10.3 5.0 2.5 4 1 2 0 0
-5144.7 2058.3 -154.8 214 0 3.7 8.6 7.5 2.5 2 1 3 1 1
-5280.3 2045.5 -161.3 229 0 11.5 52.9 10.0 2.5 2 1 4 1 1
-5276.0 1971.2 -149.6 48 0 14.1 40.3 15.0 0.0 0 1 6 4 4
-1738.8 7776.0 -422.8 1 0 17.5 7.6 7.5 2.5 2 0 3 1 1
-3522.6 10634.0 -433.1 303 0 73.5 20.1 7.5 2.5 2 0 3 1 1
-3690.8 10595.6 -432.7 275 0 16.1 56.1 10.0 2.5 2 1 4 4 4
-3742.7 10524.1 -433.2 179 0 127.7 14.9 10.0 0.0 0 0 4 4 4
-3755.1 10621.8 -432.6 182 0 27.5 13.4 15.0 0.0 0 0 6 5 5
-3641.1 10651.4 -433.1 348 0 59.0 15.8 7.5 2.5 2 0 3 4 4
-3945.1 10679.8 -433.2 179 0 103.9 22.7 7.5 0.0 0 0 3 4 4
-3589.2 10172.1 -435.7 176 0 90.0 21.0 10.0 0.0 0 0 4 5 5
-3722.8 10201.9 -433.8 0 0 42.3 14.4 12.5 2.5 2 0 5 4 4
-3722.4 10148.8 -434.0 359 0 47.0 15.4 10.0 2.5 2 0 4 5 5
-3593.4 10237.6 -434.6 171 0 16.2 30.0 7.5 2.5 2 1 3 0 0
-3542.0 10240.7 -436.1 264 0 15.6 102.8 10.0 0.0 0 1 4 3 3
-3698.4 10363.5 -432.8 91 0 12.0 77.8 10.0 2.5 2 1 4 3 3
-3733.5 10364.1 -432.8 88 0 13.0 78.0 10.0 2.5 4 1 4 0 0
-3730.1 10348.6 -433.5 271 0 14.3 76.7 7.5 2.5 2 1 3 0 0
-3699.7 10348.1 -433.5 266 0 14.1 74.8 10.0 2.5 2 1 4 1 1
-3663.0 10309.3 -433.4 177 0 64.1 12.3 7.5 2.5 2 0 3 0 0
-3614.9 10345.0 -433.5 272 0 12.7 65.4 7.5 2.5 2 1 3 3 3
-3573.1 10342.3 -433.4 273 0 15.2 55.4 7.5 0.0 0 1 3 2 2
-3652.9 10524.0 -433.2 270 0 13.9 66.0 7.5 2.5 2 1 3 2 2
-3396.3 10393.9 -432.4 274 0 13.1 41.3 10.0 2.5 2 1 4 5 5
-3396.3 10313.4 -433.0 93 0 10.2 29.9 12.5 0.0 0 1 5 2 2
-3440.9 10295.5 -433.4 91 0 10.2 48.3 10.0 0.0 0 1 4 1 1
-3399.6 10265.9 -434.1 90 0 12.2 43.1 10.0 2.5 2 1 4 3 3
-3365.9 10276.6 -434.0 95 0 9.7 43.3 7.5 2.5 2 1 3 4 4
-3364.9 10395.4 -432.7 268 0 12.4 61.5 7.5 2.5 2 1 3 4 4
-3279.6 10292.2 -433.7 85 0 17.0 49.5 10.0 0.0 0 1 4 2 2
-3287.0 10272.5 -435.2 255 0 15.5 37.9 10.0 2.5 2 1 4 1 1
-3252.6 10275.5 -435.0 262 0 13.8 36.8 10.0 2.5 2 1 4 5 5
-3180.8 10324.1 -432.9 180 0 17.8 23.3 15.0 0.0 0 1 6 2 2
-3253.8 10406.3 -432.7 266 0 12.5 64.7 12.5 2.5 2 1 5 0 0
-3173.6 10648.1 -434.2 266 0 13.2 63.5 7.5 2.5 2 1 3 5 5
-3213.3 10690.2 -433.1 5 0 30.2 11.6 12.5 2.5 2 0 5 0 0
-3313.1 10495.1 -432.3 86 0 9.9 21.6 2.5 2.5 2 1 1 1 1
-3351.5 10538.2 -432.5 274 0 15.5 19.3 7.5 2.5 2 1 3 1 1
-3426.5 10588.7 -432.9 208 0 11.8 43.3 7.5 2.5 2 1 3 5 5
-3196.2 10321.5 -433.4 352 0 47.7 9.7 7.5 2.5 2 0 3 1 1
-3171.4 10402.6 -431.7 49 0 21.5 19.0 7.5 2.5 2 0 3 5 5
-3151.6 10383.4 -431.7 206 0 7.2 54.4 7.5 2.5 2 1 3 1 1
-3216.9 10532.8 -433.8 88 0 14.6 102.4 12.5 2.5 4 1 5 2 2
-3272.5 10697.7 -433.5 272 0 17.1 109.4 10.0 0.0 0 1 4 1 1
2720.7 8919.7 -409.3 84 0 18.3 35.0 17.5 0.0 0 1 5 1 1
2740.6 8901.0 -408.9 87 0 16.6 12.2 14.0 3.5 2 0 4 1 1
28.5 5531.9 -411.1 0 0 65.9 36.8 10.0 0.0 0 0 4 0 0
-1349.2 7002.3 -413.5 3 0 16.2 15.5 17.5 0.0 0 0 7 3 3
909.6 9237.5 -421.8 90 0 15.4 89.8 7.5 2.5 2 1 3 5 5
86.1 5646.7 -412.0 90 0 50.0 159.0 7.5 0.0 0 1 3 0 0
-29.5 5349.2 -412.0 270 0 20.1 39.0 10.0 0.0 0 1 4 0 0
-1500.7 6129.0 -401.5 87 0 14.3 55.1 12.5 0.0 0 1 5 0 0
-94.2 5271.6 -411.6 180 0 39.3 20.8 10.0 0.0 0 0 4 3 3
15.9 5798.3 -411.9 90 0 80.9 19.6 10.0 2.5 2 0 4 3 3
-29.9 5291.5 -412.0 270 0 19.6 49.6 10.0 2.5 2 1 4 0 0
-1423.0 6147.9 -401.5 88 0 17.7 35.7 10.0 2.5 2 1 4 1 1
78.3 5486.2 -411.5 91 0 11.3 62.2 10.0 2.5 2 1 4 0 0
29.6 5298.7 -412.3 270 0 17.2 44.9 10.0 2.5 2 1 4 0 0
-1637.6 6182.6 -388.5 3 0 76.0 13.7 10.0 2.5 4 0 4 5 5
106.6 5486.9 -411.6 90 0 11.7 59.9 5.0 2.5 2 1 2 4 4
-34.1 5585.6 -412.1 0 0 71.2 49.8 10.0 0.0 0 0 4 4 4
837.7 9229.9 -422.4 90 0 15.8 156.4 10.0 0.0 0 1 4 0 0
78.2 5260.9 -412.6 90 0 17.7 38.2 7.5 2.5 2 1 3 3 3
-1600.9 6091.3 -392.0 86 0 13.1 72.8 12.5 2.5 2 1 5 0 0
-1635.9 6317.0 -392.1 273 0 14.1 89.4 12.5 2.5 2 1 5 2 2
-1429.4 6330.9 -402.6 287 0 13.6 86.6 7.5 2.5 2 1 3 0 0
-625.8 5688.7 -412.3 178 0 19.6 16.9 7.5 2.5 2 0 3 0 0
-8.2 5705.6 -412.1 180 0 125.6 36.7 10.0 0.0 0 0 4 2 2
146.7 5358.2 -412.9 270 0 48.8 18.9 7.5 2.5 2 0 3 5 5
-1535.5 6115.6 -398.0 86 0 11.2 60.7 12.5 2.5 2 1 5 0 0
-1668.7 6067.9 -385.7 85 0 13.8 74.2 10.0 2.5 2 1 4 0 0
78.0 5355.1 -412.6 270 0 17.4 42.9 12.5 2.5 2 1 5 0 0
-1455.8 6220.1 -402.8 17 0 29.5 23.7 10.0 0.0 0 0 4 4 4
-1678.5 6255.7 -388.5 188 0 50.2 13.1 12.5 2.5 2 0 5 1 1
-1419.8 7093.3 -420.4 270 0 13.5 20.4 10.0 2.5 2 1 4 4 4
163.3 5250.4 -413.0 90 0 26.0 63.7 7.5 0.0 0 1 3 1 1
-1514.1 6238.1 -402.5 197 0 31.2 24.3 10.0 0.0 0 0 4 1 1
-94.0 5218.6 -411.2 180 0 39.7 20.0 12.5 0.0 0 0 5 5 5
-532.7 5362.0 -411.6 61 0 24.3 29.5 7.5 0.0 0 1 3 2 2
-33.3 5695.6 -412.1 0 0 115.2 48.3 5.0 0.0 0 0 2 0 0
-1467.7 6139.9 -402.7 88 0 15.6 47.7 7.5 2.5 2 1 3 0 0
28.4 5162.7 -411.7 91 0 20.7 67.8 10.0 2.5 2 1 4 1 1
-1459.6 6339.4 -403.0 287 0 18.9 87.2 12.5 0.0 0 1 5 5 5
-1514.0 7662.4 -422.4 272 0 19.5 210.6 10.0 0.0 0 1 4 2 2
659.9 1779.5 -374.0 91 0 10.4 73.7 7.5 2.5 2 1 3 4 4
442.3 1759.6 -352.1 276 0 13.9 49.4 12.5 2.5 2 1 5 2 2
719.8 1640.0 -362.2 350 0 29.3 17.5 12.5 0.0 0 0 5 2 2
790.1 1759.8 -370.0 271 0 10.5 62.4 12.5 2.5 4 1 5 1 1
575.3 2054.8 -380.8 181 0 27.2 20.9 10.0 0.0 0 0 4 4 4
528.4 2024.3 -378.4 183 0 27.6 21.7 10.0 0.0 0 0 4 5 5
398.0 1623.1 -336.9 122 0 14.5 24.3 7.5 0.0 0 1 3 4 4
676.7 1672.7 -363.8 272 0 11.9 33.1 12.5 0.0 0 1 5 1 1
864.8 1807.7 -359.1 179 0 62.8 9.9 7.5 2.5 2 0 3 4 4
700.4 1992.8 -376.0 179 0 170.1 9.1 7.5 2.5 2 0 3 4 4
661.5 1913.7 -374.0 270 0 10.1 54.8 7.5 2.5 4 1 3 0 0
410.4 1729.0 -345.9 271 0 13.8 50.0 12.5 2.5 4 1 5 0 0
552.7 1711.1 -364.0 182 0 99.2 12.1 10.0 2.5 2 0 4 4 4
348.8 1813.3 -351.2 274 0 10.5 35.7 10.0 2.5 2 1 4 0 0
379.9 1705.1 -343.5 182 0 49.4 12.9 10.0 2.5 2 0 4 4 4
838.7 1884.6 -369.4 0 0 64.1 9.7 7.5 2.5 2 0 3 1 1
585.7 1914.3 -376.0 272 0 11.1 54.1 10.0 0.0 0 1 4 5 5
495.8 1753.7 -359.5 91 0 53.4 6.0 7.5 2.5 4 0 3 1 1
927.8 2115.8 -378.1 360 0 11.0 90.7 12.5 0.0 0 1 5 2 2
245.4 1559.2 -347.9 37 0 49.5 12.8 12.5 2.5 2 0 5 1 1
183.0 1575.8 -357.7 128 0 15.3 49.0 12.5 2.5 2 1 5 4 4
676.1 2037.9 -376.6 359 0 54.0 10.8 7.5 2.5 2 0 3 0 0
708.6 1888.4 -372.8 270 0 10.6 47.8 10.0 2.5 2 1 4 5 5
418.3 1792.6 -353.2 300 0 50.2 13.6 15.0 2.5 2 0 6 0 0
325.3 1577.1 -340.9 90 0 12.7 67.1 12.5 2.5 2 1 5 1 1
298.8 1718.3 -351.5 1 0 49.1 11.6 12.5 2.5 2 0 5 4 4
636.2 1820.8 -375.0 1 0 28.8 18.6 7.5 0.0 0 0 3 5 5
629.1 2036.5 -378.2 269 0 10.8 53.9 10.0 2.5 4 1 4 3 3
491.7 1605.3 -345.3 92 0 14.4 32.6 10.0 2.5 2 1 4 2 2
467.3 1966.1 -375.9 235 0 11.2 62.0 17.5 2.5 2 1 7 5 5
371.8 1825.1 -352.0 274 0 11.6 36.2 10.0 2.5 2 1 4 4 4
425.6 1562.7 -338.0 91 0 12.8 18.9 2.5 2.5 2 1 1 1 1
346.5 1578.6 -338.7 90 0 11.1 18.3 2.5 2.5 2 1 1 3 3
195.0 1651.2 -363.2 218 0 33.1 12.8 12.5 2.5 2 0 5 5 5
754.4 1760.3 -371.1 271 0 11.3 63.7 12.5 2.5 4 1 5 0 0
319.0 1739.5 -350.9 182 0 66.3 13.5 17.5 2.5 2 0 7 1 1
357.2 1713.0 -344.1 182 0 67.0 11.9 7.5 2.5 2 0 3 2 2
864.1 1885.1 -359.6 179 0 64.1 10.0 12.5 2.5 2 0 5 3 3
200.6 1562.3 -353.4 127 0 12.1 49.2 10.0 2.5 2 1 4 3 3
834.4 1697.4 -368.6 90 0 10.8 62.7 12.5 2.5 4 1 5 1 1
672.2 1936.6 -376.2 90 0 11.0 63.7 12.5 2.5 2 1 5 4 4
625.3 1913.8 -375.0 270 0 11.1 54.9 10.0 2.5 4 1 4 1 1
436.0 1948.1 -372.1 235 0 11.4 60.8 10.0 2.5 2 1 4 3 3
709.8 1780.0 -372.7 89 0 10.4 47.6 10.0 2.5 2 1 4 0 0
403.1 1927.6 -367.0 235 0 12.2 61.8 15.0 2.5 2 1 6 2 2
154.0 1590.0 -362.8 128 0 12.3 51.2 10.0 2.5 2 1 4 0 0
318.7 1675.2 -343.9 180 0 49.7 12.2 12.5 2.5 2 0 5 3 3
417.6 1750.2 -348.9 29 0 13.7 34.5 12.5 2.5 2 1 5 0 0
838.7 1806.6 -369.0 359 0 64.0 9.9 7.5 2.5 2 0 3 4 4
554.4 1918.0 -376.4 271 0 11.6 63.1 12.5 2.5 2 1 5 1 1
767.4 2131.4 -379.3 180 0 12.7 21.8 15.0 0.0 0 1 6 3 3
251.5 1704.9 -354.8 271 0 11.4 49.9 12.5 2.5 2 1 5 2 2
470.4 1728.4 -351.6 1 0 8.1 15.0 5.0 2.5 2 1 2 5 5
596.4 1955.5 -376.9 89 0 10.8 54.6 12.5 0.0 0 1 5 2 2
518.3 1629.6 -348.6 182 0 17.0 14.5 7.5 2.5 2 0 3 4 4
430.3 1642.4 -339.2 336 0 19.5 6.6 5.0 2.5 2 0 2 5 5
868.7 1728.9 -360.9 180 0 64.0 9.7 7.5 2.5 4 0 3 0 0
278.3 1614.3 -349.0 307 0 12.1 33.8 10.0 2.5 2 1 4 0 0
220.3 1637.6 -358.5 218 0 33.5 14.6 10.0 0.0 0 0 4 2 2
494.8 1984.1 -377.1 235 0 10.9 62.6 12.5 2.5 2 1 5 3 3
461.4 1694.8 -347.9 1 0 18.0 8.1 7.5 2.5 2 0 3 0 0
458.5 1559.9 -339.6 91 0 15.6 50.2 12.5 2.5 2 1 5 3 3
253.9 1632.1 -353.9 307 0 11.4 33.2 10.0 2.5 2 1 4 2 2
681.9 1578.6 -356.5 91 0 7.9 19.9 5.0 2.5 2 1 2 3 3
782.2 1574.8 -354.6 91 0 7.9 19.9 2.5 2.5 2 1 1 4 4
748.4 1574.5 -355.1 91 0 7.9 19.9 7.5 2.5 2 1 3 5 5
715.8 1574.3 -355.6 91 0 7.9 19.9 2.5 2.5 2 1 1 2 2
-974.9 -3954.3 -325.3 81 0 10.2 42.5 14.0 0.0 0 1 4 5 5
-924.9 -4230.6 -326.5 76 0 10.5 40.5 10.5 0.0 0 1 3 3 3
-765.4 -3853.6 -354.3 344 0 73.0 13.1 17.5 3.5 2 0 5 1 1
-795.7 -3706.7 -357.1 345 0 36.6 14.2 17.5 3.5 2 0 5 4 4
-770.6 -3772.0 -356.3 254 0 9.7 20.1 10.5 3.5 2 1 3 3 3
-817.1 -3869.5 -352.3 164 0 67.1 13.5 17.5 0.0 0 0 5 2 2
915.6 -1015.0 -380.8 256 0 12.0 63.9 7.5 2.5 2 1 3 3 3
-1209.9 -3320.3 -349.4 61 0 86.5 20.1 17.5 0.0 0 0 5 1 1
1558.7 -964.0 -383.5 228 0 9.8 93.5 7.5 2.5 2 1 3 0 0
-718.3 -3632.5 -362.1 72 0 9.2 18.4 10.5 3.5 2 1 3 3 3
1644.1 -1010.8 -384.3 47 0 9.8 65.6 7.5 2.5 2 1 3 5 5
-869.9 -3812.8 -352.5 164 0 86.9 13.4 17.5 3.5 2 0 5 2 2
-955.9 -3296.6 -359.1 248 0 10.7 45.7 14.0 0.0 0 1 4 1 1
79.4 -4686.6 -348.6 328 0 66.9 24.1 12.5 0.0 0 0 5 0 0
-851.4 -3884.8 -350.0 165 0 51.6 13.2 17.5 3.5 2 0 5 5 5
-1069.3 -3374.6 -334.9 253 0 12.2 67.9 14.0 3.5 4 1 4 3 3
-987.0 -3431.6 -342.9 345 0 49.1 12.0 14.0 3.5 2 0 4 5 5
769.6 -1049.3 -381.0 257 0 11.9 49.4 10.0 0.0 0 1 4 0 0
-1043.1 -3366.4 -340.1 253 0 10.6 53.8 14.0 3.5 2 1 4 3 3
-861.2 -3252.7 -364.5 65 0 14.6 31.1 17.5 3.5 2 1 5 3 3
1668.2 -989.2 -386.0 47 0 10.0 53.2 7.5 2.5 2 1 3 4 4
-863.4 -3276.8 -363.9 249 0 10.6 61.0 14.0 3.5 2 1 4 5 5
-305.2 -3635.3 -362.8 246 0 8.4 28.1 10.5 3.5 2 1 3 5 5
1236.8 -385.0 -383.8 223 0 48.3 9.7 10.5 3.5 2 0 3 0 0
1701.2 -923.8 -390.3 318 0 53.6 9.9 7.5 2.5 2 0 3 0 0
1238.1 -444.2 -383.0 41 0 12.8 28.2 14.0 3.5 2 1 4 1 1
-1011.6 -3357.9 -346.4 252 0 11.1 39.6 14.0 3.5 2 1 4 3 3
-934.0 -3517.3 -348.3 74 0 12.7 102.7 14.0 3.5 4 1 4 3 3
810.1 -1039.0 -380.9 254 0 11.5 34.9 5.0 2.5 4 1 2 5 5
1369.6 -255.1 -391.2 321 0 12.2 65.7 14.0 3.5 2 1 4 4 4
-1012.3 -3484.1 -335.1 75 0 12.0 38.8 14.0 3.5 2 1 4 0 0
-844.1 -3746.2 -354.3 254 0 14.4 82.9 17.5 3.5 2 1 5 5 5
-990.4 -3352.9 -350.7 247 0 12.8 60.0 14.0 3.5 2 1 4 1 1
853.3 -1027.4 -380.7 256 0 11.7 32.7 7.5 2.5 2 1 3 0 0
-970.7 -3511.6 -340.1 74 0 12.0 49.3 14.0 3.5 2 1 4 2 2
730.3 -1070.1 -381.1 167 0 21.5 12.2 7.5 2.5 4 0 3 1 1
1692.5 -967.0 -388.3 47 0 9.0 53.6 7.5 2.5 4 1 3 2 2
1291.6 -338.4 -385.2 232 0 35.0 23.1 14.0 0.0 0 0 4 1 1
-834.5 -3947.3 -348.1 165 0 55.1 14.2 17.5 3.5 2 0 5 4 4
-833.8 -3639.1 -357.6 360 0 35.0 13.2 17.5 3.5 2 0 5 3 3
-771.5 -3920.0 -350.5 344 0 19.1 9.2 10.5 3.5 2 0 3 0 0
-265.6 -3654.9 -362.6 331 0 9.0 31.1 10.5 3.5 2 1 3 1 1
-902.4 -3236.7 -362.7 331 0 43.4 10.8 17.5 3.5 4 0 5 3 3
-795.3 -3943.7 -349.8 164 0 56.6 13.2 17.5 3.5 2 0 5 5 5
1398.8 -303.5 -389.2 321 0 11.1 118.9 14.0 3.5 2 1 4 3 3
-763.1 -4036.1 -347.9 75 0 12.7 61.9 17.5 3.5 2 1 5 2 2
-1007.6 -3955.0 -311.5 348 0 18.5 9.2 10.5 3.5 2 0 3 5 5
-801.9 -3745.3 -355.9 254 0 14.2 65.3 17.5 3.5 2 1 5 4 4
-828.0 -3580.0 -359.7 0 0 64.9 12.7 17.5 0.0 0 0 5 4 4
-909.2 -3340.8 -360.5 68 0 10.5 45.3 14.0 3.5 2 1 4 2 2
-854.0 -4136.1 -337.8 164 0 9.4 18.8 10.5 3.5 2 1 3 5 5
-806.0 -4027.4 -346.2 75 0 13.7 52.4 17.5 0.0 0 1 5 3 3
-984.6 -4013.0 -318.1 256 0 9.3 17.7 10.5 3.5 2 1 3 2 2
1386.3 -277.7 -390.9 322 0 24.2 83.3 14.0 0.0 0 1 4 3 3
1022.5 -4267.5 -343.8 46 0 11.0 40.2 15.0 0.0 0 1 6 5 5
267.0 -2091.3 -376.2 213 0 27.3 7.6 10.5 3.5 2 0 3 4 4
-1154.5 -3201.4 -356.8 104 0 61.7 13.3 17.5 3.5 2 0 5 3 3
1303.5 -2085.6 -374.3 65 0 16.4 34.4 17.5 3.5 2 1 5 3 3
1402.4 -2193.2 -352.2 250 0 15.0 25.2 17.5 3.5 2 1 5 4 4
631.8 -3711.4 -360.8 242 0 35.6 49.2 17.5 0.0 0 1 5 2 2
-506.2 -3346.5 -367.3 331 0 37.7 26.3 7.5 0.0 0 0 3 1 1
1109.0 -1578.4 -382.7 254 0 15.7 51.8 17.5 3.5 2 1 5 3 3
52.0 -1974.9 -377.2 63 0 13.3 78.9 17.5 3.5 2 1 5 0 0
1390.8 -1727.8 -378.7 54 0 12.5 50.6 14.0 3.5 2 1 4 0 0
1083.8 -1678.7 -381.7 164 0 50.2 15.4 17.5 3.5 2 0 5 2 2
-38.0 -2058.0 -377.3 64 0 13.3 59.2 17.5 3.5 2 1 5 3 3
1088.7 -2012.1 -379.4 262 0 12.1 81.0 14.0 3.5 2 1 4 3 3
1309.5 -1782.9 -379.3 54 0 12.2 26.0 14.0 3.5 2 1 4 1 1
1306.9 -2454.5 -367.3 111 0 7.1 55.8 10.5 3.5 2 1 3 5 5
-197.6 -1366.3 -386.1 259 0 9.5 101.3 7.5 2.5 2 1 3 1 1
112.9 -2122.7 -376.2 241 0 11.3 61.3 17.5 3.5 4 1 5 0 0
1737.4 -1199.3 -382.6 66 0 12.8 40.0 10.0 2.5 2 1 4 0 0
-344.3 -2457.1 -374.9 159 0 18.1 15.0 17.5 3.5 2 0 5 5 5
468.8 -1933.1 -377.5 254 0 16.0 43.1 17.5 3.5 2 1 5 0 0
25.9 -2214.8 -375.9 62 0 12.3 32.3 17.5 3.5 2 1 5 0 0
120.5 -1910.6 -374.6 63 0 13.8 52.7 17.5 3.5 2 1 5 3 3
887.3 -4083.1 -350.1 55 0 14.0 64.3 17.5 3.5 2 1 5 5 5
771.9 -3999.5 -345.6 143 0 25.9 13.9 17.5 3.5 2 0 5 0 0
979.6 -1890.1 -380.1 70 0 13.5 64.4 17.5 3.5 2 1 5 1 1
1357.3 -2352.7 -371.3 31 0 15.7 56.0 17.5 0.0 0 1 5 3 3
-245.0 -2150.8 -375.0 69 0 13.2 45.0 17.5 0.0 0 1 5 4 4
1178.5 -1776.2 -379.5 54 0 12.7 42.3 14.0 3.5 2 1 4 5 5
1476.9 -2332.8 -341.9 336 0 7.8 8.5 2.5 0.0 0 1 1 2 2
1323.0 -2045.8 -375.3 335 0 37.2 11.9 17.5 3.5 2 0 5 1 1
-366.0 -3190.0 -366.0 42 0 13.9 53.1 17.5 3.5 4 1 5 2 2
-465.0 -2134.6 -374.6 247 0 14.2 43.6 17.5 3.5 4 1 5 4 4
151.5 -2035.0 -376.7 242 0 12.5 50.5 17.5 3.5 4 1 5 4 4
1175.0 -2053.5 -378.3 352 0 65.0 12.4 14.0 3.5 2 0 4 0 0
1058.6 -3971.4 -359.0 55 0 26.0 48.0 17.5 0.0 0 1 5 0 0
1210.4 -1603.0 -383.9 75 0 14.9 75.5 17.5 3.5 2 1 5 5 5
1139.0 -1684.3 -382.5 74 0 15.8 50.1 17.5 3.5 2 1 5 4 4
1232.0 -1755.1 -379.5 234 0 12.4 68.1 14.0 0.0 0 1 4 3 3
-20.1 -4167.8 -358.7 59 0 11.9 53.2 7.5 2.5 4 1 3 3 3
87.8 -2136.4 -376.1 242 0 7.0 42.0 10.5 3.5 2 1 3 1 1
1275.5 -2003.4 -376.9 335 0 30.0 20.6 17.5 0.0 0 0 5 2 2
1007.3 -1751.0 -379.8 251 0 12.6 48.9 17.5 3.5 4 1 5 5 5
428.8 -1946.8 -377.3 254 0 16.5 37.2 17.5 3.5 2 1 5 3 3
-180.1 -2031.9 -377.2 247 0 12.8 71.1 17.5 3.5 2 1 5 3 3
190.2 -1873.7 -375.2 63 0 15.2 57.5 17.5 3.5 2 1 5 4 4
903.7 -1786.6 -380.0 251 0 12.7 48.8 17.5 3.5 2 1 5 2 2
1272.4 -2287.1 -376.1 156 0 57.3 15.7 17.5 3.5 2 0 5 4 4
1023.0 -2025.0 -380.3 61 0 13.1 12.5 17.5 3.5 2 0 5 2 2
115.3 -3088.7 -360.7 340 0 27.6 16.0 17.5 3.5 2 0 5 4 4
-407.8 -2539.8 -373.7 350 0 14.2 49.2 17.5 3.5 4 1 5 4 4
-1184.8 -3220.6 -354.6 283 0 26.3 12.5 17.5 0.0 0 0 5 0 0
816.9 -3912.2 -355.7 335 0 46.9 11.5 17.5 3.5 2 0 5 0 0
-499.9 -2472.5 -374.6 260 0 11.3 62.0 17.5 3.5 2 1 5 3 3
-421.4 -3456.7 -365.8 350 0 22.5 41.7 17.5 0.0 0 1 5 0 0
-27.4 -1332.8 -387.9 260 0 18.8 43.0 10.0 2.5 2 1 4 3 3
708.9 -3946.8 -345.5 155 0 48.4 11.4 17.5 3.5 2 0 5 3 3
1277.1 -1639.5 -376.3 51 0 12.8 29.3 14.0 3.5 2 1 4 2 2
361.9 -1858.4 -377.6 170 0 13.0 29.4 17.5 3.5 2 1 5 3 3
1418.0 -2251.3 -352.2 70 0 16.1 32.7 17.5 3.5 4 1 5 3 3
-190.4 -3329.3 -363.0 68 0 33.7 61.1 17.5 0.0 0 1 5 3 3
-412.0 -3227.2 -366.3 76 0 11.1 44.4 17.5 3.5 2 1 5 0 0
-474.0 -2206.7 -375.2 337 0 48.2 12.7 17.5 3.5 2 0 5 0 0
-504.5 -3117.3 -367.5 241 0 10.9 55.5 17.5 3.5 2 1 5 1 1
64.1 -1994.2 -377.2 88 0 33.5 6.5 10.5 3.5 2 0 3 4 4
-919.7 -3154.9 -365.1 93 0 12.3 49.6 17.5 3.5 4 1 5 5 5
104.2 -2222.2 -375.7 162 0 49.2 11.3 17.5 3.5 2 0 5 2 2
-231.2 -1372.9 -385.1 259 0 15.7 101.0 12.5 2.5 2 1 5 5 5
302.2 -1969.9 -376.4 79 0 11.1 62.4 17.5 3.5 2 1 5 1 1
1214.3 -1250.0 -383.1 271 0 15.1 60.0 10.0 2.5 2 1 4 3 3
-166.9 -1464.2 -386.7 80 0 13.1 101.4 12.5 2.5 2 1 5 3 3
-679.4 -2395.5 -374.7 349 0 62.3 10.5 14.0 3.5 2 0 4 1 1
326.3 -5149.5 -341.3 148 0 98.1 17.5 15.0 0.0 0 0 6 2 2
1458.9 -2341.5 -345.1 241 0 5.5 17.4 7.5 2.5 2 1 3 5 5
-34.9 -4071.5 -359.6 329 0 54.3 15.5 7.5 0.0 0 0 3 3 3
1211.5 -1779.0 -379.4 235 0 12.7 48.3 14.0 3.5 2 1 4 3 3
854.0 -4103.9 -347.0 54 0 13.0 52.1 17.5 3.5 4 1 5 0 0
1334.3 -2296.7 -371.5 68 0 16.5 114.3 17.5 0.0 0 1 5 4 4
-224.0 -2033.0 -376.8 248 0 13.3 44.3 17.5 3.5 2 1 5 5 5
1121.9 -1819.4 -378.6 234 0 13.2 17.0 14.0 3.5 2 1 4 3 3
-336.6 -2344.2 -374.7 180 0 39.9 11.6 17.5 3.5 2 0 5 5 5
-81.7 -2277.1 -375.4 252 0 14.4 81.7 17.5 3.5 2 1 5 4 4
1216.3 -1727.2 -378.7 52 0 12.8 48.4 14.0 3.5 2 1 4 5 5
-321.8 -3373.9 -364.3 78 0 27.9 16.1 17.5 3.5 4 0 5 4 4
-300.1 -3143.4 -365.4 41 0 13.6 77.6 17.5 3.5 2 1 5 4 4
997.8 -5271.4 -323.7 71 0 14.2 70.5 14.0 0.0 0 1 4 3 3
213.3 -2240.9 -375.7 43 0 48.2 9.6 10.5 0.0 0 0 3 3 3
299.5 -2181.2 -376.0 62 0 10.6 66.0 17.5 3.5 2 1 5 4 4
-142.8 -1355.3 -387.5 260 0 13.0 90.7 10.0 2.5 4 1 4 1 1
1041.5 -1738.7 -380.2 251 0 12.0 49.6 17.5 3.5 2 1 5 4 4
461.0 -1913.3 -378.2 80 0 11.0 62.4 17.5 3.5 2 1 5 0 0
257.1 -1914.9 -375.7 260 0 11.0 63.7 17.5 0.0 0 1 5 3 3
972.5 -1762.4 -379.8 251 0 12.6 48.2 17.5 3.5 2 1 5 2 2
993.4 -1659.7 -379.9 69 0 12.2 40.4 17.5 3.5 2 1 5 3 3
1278.9 -1684.1 -378.6 233 0 11.8 47.7 14.0 0.0 0 1 4 4 4
827.1 -4012.2 -348.3 144 0 39.5 14.4 17.5 3.5 2 0 5 3 3
1051.5 -1878.6 -379.8 71 0 13.4 77.1 17.5 3.5 2 1 5 4 4
1236.4 -1697.5 -377.9 52 0 13.2 48.6 14.0 3.5 2 1 4 5 5
-200.6 -3659.4 -362.3 254 0 11.5 55.5 17.5 3.5 2 1 5 2 2
774.6 -4058.5 -340.9 144 0 65.6 13.7 17.5 3.5 2 0 5 2 2
-76.3 -1918.2 -377.4 153 0 16.2 45.6 17.5 3.5 2 1 5 2 2
-434.4 -3251.0 -366.6 76 0 10.3 54.6 17.5 3.5 2 1 5 0 0
1194.5 -1983.0 -377.7 171 0 48.3 16.4 17.5 3.5 2 0 5 0 0
429.0 -1935.9 -377.6 252 0 25.5 6.8 10.5 3.5 4 0 3 4 4
-692.2 -2327.4 -375.1 350 0 62.9 10.8 14.0 3.5 2 0 4 0 0
340.7 -2107.0 -376.1 350 0 73.7 10.2 17.5 3.5 2 0 5 1 1
-328.5 -2512.0 -374.3 158 0 50.5 13.0 17.5 3.5 2 0 5 2 2
-503.5 -2589.4 -373.6 78 0 14.4 41.4 17.5 3.5 2 1 5 2 2
119.1 -3406.9 -360.1 322 0 50.9 16.7 7.5 2.5 2 0 3 5 5
-256.0 -3361.0 -363.8 68 0 71.4 32.3 17.5 0.0 0 0 5 4 4
1258.4 -1711.7 -379.1 234 0 12.2 48.1 14.0 3.5 2 1 4 0 0
52.9 -2307.2 -375.1 241 0 13.3 33.1 17.5 3.5 2 1 5 5 5
1344.5 -2169.5 -365.5 336 0 72.5 17.0 17.5 3.5 2 0 5 2 2
-1177.6 -3131.8 -357.6 291 0 11.0 41.6 17.5 3.5 2 1 5 3 3
1097.8 -1541.3 -383.0 165 0 39.0 13.9 17.5 3.5 2 0 5 0 0
-124.3 -1352.5 -387.9 259 0 20.3 83.0 15.0 0.0 0 1 6 3 3
-49.3 -2111.0 -377.0 62 0 15.1 69.2 17.5 3.5 2 1 5 2 2
236.2 -2195.2 -375.8 62 0 9.9 50.1 10.5 3.5 2 1 3 2 2
181.9 -2274.9 -375.7 44 0 10.1 65.4 17.5 3.5 2 1 5 3 3
-2.3 -2039.6 -377.3 62 0 12.3 44.3 17.5 3.5 2 1 5 2 2
-10.8 -2225.3 -375.8 71 0 32.2 12.0 17.5 3.5 2 0 5 0 0
918.2 -1687.6 -380.2 69 0 12.2 40.4 17.5 3.5 4 1 5 5 5
815.3 -3971.1 -348.0 325 0 26.6 14.2 17.5 3.5 2 0 5 1 1
1317.4 -1623.6 -377.4 234 0 12.1 64.4 14.0 3.5 2 1 4 1 1
940.4 -1894.5 -380.1 71 0 12.7 48.3 17.5 3.5 2 1 5 1 1
740.1 -4011.0 -343.0 144 0 26.3 13.1 17.5 3.5 2 0 5 5 5
37.4 -1850.8 -375.7 243 0 120.6 17.2 17.5 0.0 0 0 5 2 2
994.6 -4006.8 -355.7 56 0 29.9 30.6 17.5 0.0 0 1 5 4 4
1170.7 -1628.6 -383.6 75 0 14.9 76.0 17.5 3.5 4 1 5 0 0
-56.4 -1966.0 -377.7 152 0 42.2 15.8 17.5 3.5 2 0 5 5 5
674.3 -3694.1 -362.2 331 0 40.9 11.7 17.5 0.0 0 0 5 0 0
-892.9 -3209.3 -364.2 90 0 10.6 47.2 17.5 3.5 2 1 5 2 2
1164.0 -1978.1 -378.3 352 0 70.5 12.1 14.0 3.5 2 0 4 0 0
95.6 -1954.1 -376.1 64 0 13.1 80.6 17.5 3.5 2 1 5 2 2
1362.9 -1745.6 -378.9 54 0 12.5 32.8 14.0 3.5 4 1 4 1 1
1053.7 -2025.6 -380.1 262 0 12.4 70.8 14.0 3.5 2 1 4 0 0
328.2 -2152.9 -376.1 79 0 11.8 91.0 17.5 0.0 0 1 5 4 4
-206.0 -2364.8 -374.6 157 0 25.9 49.2 17.5 0.0 0 1 5 2 2
996.6 -2079.1 -380.2 61 0 12.7 15.4 17.5 3.5 2 1 5 0 0
128.6 -1926.8 -375.1 40 0 25.6 12.9 17.5 3.5 2 0 5 3 3
20.4 -3312.3 -360.0 304 0 50.1 17.7 7.5 2.5 4 0 3 5 5
787.3 -3930.4 -352.9 335 0 45.8 12.2 17.5 3.5 2 0 5 3 3
1256.8 -1668.8 -377.1 52 0 12.5 41.8 14.0 3.5 2 1 4 4 4
-48.1 -1336.6 -388.3 260 0 20.9 49.9 10.0 2.5 2 1 4 4 4
-364.0 -3032.2 -365.9 312 0 40.0 13.3 17.5 3.5 2 0 5 3 3
-138.8 -2117.5 -376.7 240 0 13.4 72.7 17.5 0.0 0 1 5 2 2
-427.8 -2226.0 -374.6 69 0 14.2 44.3 17.5 0.0 0 1 5 0 0
620.4 -3546.2 -366.8 229 0 29.5 71.2 17.5 0.0 0 1 5 5 5
-536.9 -3135.1 -367.9 242 0 11.4 68.1 17.5 3.5 2 1 5 3 3
-497.7 -2150.9 -375.3 338 0 56.1 13.0 17.5 3.5 2 0 5 4 4
64.8 -2199.9 -376.1 62 0 12.0 48.3 17.5 3.5 2 1 5 0 0
864.2 -1686.1 -380.3 159 0 50.2 11.9 17.5 3.5 2 0 5 2 2
919.0 -4066.6 -351.6 54 0 14.5 75.9 17.5 0.0 0 1 5 3 3
126.1 -2061.6 -376.6 242 0 12.4 37.8 17.5 3.5 2 1 5 4 4
-846.7 -3194.9 -366.0 359 0 36.6 13.1 17.5 0.0 0 0 5 3 3
-254.4 -2442.9 -374.8 337 0 52.5 15.0 17.5 3.5 2 0 5 2 2
-81.7 -4068.4 -359.4 239 0 12.7 52.9 10.0 2.5 2 1 4 4 4
1190.2 -1803.2 -379.6 235 0 12.4 51.1 14.0 3.5 2 1 4 0 0
799.1 -4036.1 -347.0 144 0 51.4 13.4 17.5 3.5 2 0 5 3 3
1308.8 -2376.5 -373.9 120 0 56.1 15.6 17.5 3.5 4 0 5 0 0
1139.8 -1779.6 -379.6 234 0 13.4 30.1 14.0 3.5 2 1 4 5 5
-290.6 -2284.7 -374.5 89 0 12.4 66.6 17.5 3.5 2 1 5 5 5
-166.7 -3699.8 -362.2 74 0 15.6 41.5 17.5 3.5 2 1 5 1 1
1249.0 -2225.9 -376.6 157 0 57.6 15.4 17.5 3.5 2 0 5 2 2
1258.8 -2091.1 -373.2 159 0 17.7 24.5 17.5 3.5 2 1 5 3 3
960.4 -5286.8 -325.9 69 0 12.8 68.8 14.0 3.5 2 1 4 4 4
-460.7 -2496.9 -374.8 350 0 63.7 9.9 10.5 3.5 2 0 3 5 5
1251.1 -1578.3 -382.4 76 0 14.8 72.4 17.5 3.5 2 1 5 2 2
-562.2 -2470.2 -374.7 170 0 11.3 46.5 17.5 3.5 2 1 5 1 1
-541.7 -3396.0 -367.2 170 0 14.7 53.2 10.0 2.5 2 1 4 4 4
386.4 -1930.9 -377.5 80 0 10.0 62.2 10.5 3.5 2 1 3 2 2
1071.2 -1843.0 -379.4 84 0 12.3 49.4 17.5 3.5 2 1 5 2 2
1120.1 -1968.4 -378.8 262 0 12.4 120.5 14.0 3.5 2 1 4 3 3
253.7 -1888.1 -376.0 259 0 10.8 18.7 17.5 3.5 2 1 5 1 1
51.3 -2552.0 -374.0 339 0 80.1 11.1 17.5 3.5 2 0 5 3 3
-286.8 -2410.7 -374.9 339 0 13.6 69.7 17.5 3.5 2 1 5 5 5
979.0 -1597.5 -380.3 340 0 12.0 44.6 17.5 3.5 2 1 5 0 0
235.2 -2062.1 -376.4 256 0 29.8 14.8 17.5 3.5 2 0 5 4 4
511.8 -1926.5 -377.7 253 0 16.3 41.4 17.5 0.0 0 1 5 1 1
-282.0 -1495.7 -385.7 247 0 54.5 41.1 10.0 0.0 0 0 4 2 2
1018.3 -2033.8 -380.3 331 0 13.8 42.6 17.5 3.5 2 1 5 2 2
1262.4 -1271.3 -382.5 358 0 46.3 15.2 10.0 2.5 2 0 4 0 0
831.9 -3946.5 -350.6 234 0 13.8 62.0 17.5 3.5 2 1 5 2 2
153.1 -1887.6 -374.1 63 0 13.2 52.6 17.5 3.5 2 1 5 4 4
-1151.6 -3228.8 -355.1 285 0 27.6 12.8 17.5 3.5 2 0 5 3 3
13.1 -1346.5 -387.7 350 0 41.2 21.0 12.5 0.0 0 0 5 1 1
747.9 -3949.6 -350.8 154 0 50.6 10.3 17.5 3.5 2 0 5 4 4
-280.9 -2059.5 -375.2 249 0 12.3 44.4 17.5 3.5 2 1 5 5 5
-512.2 -3223.6 -367.4 175 0 13.0 55.6 17.5 3.5 2 1 5 0 0
-335.3 -3165.4 -365.7 41 0 14.1 64.5 17.5 3.5 2 1 5 5 5
1261.0 -1941.2 -377.0 246 0 56.5 36.0 17.5 0.0 0 0 5 4 4
-210.2 -1368.9 -385.7 260 0 13.0 100.6 12.5 2.5 2 1 5 0 0
262.5 -2201.7 -375.9 62 0 48.8 10.3 17.5 3.5 2 0 5 4 4
1190.2 -1864.5 -378.1 56 0 12.2 32.8 14.0 3.5 2 1 4 2 2
-339.4 -2276.5 -374.6 179 0 69.5 13.6 17.5 0.0 0 0 5 2 2
-335.8 -2478.5 -374.6 158 0 13.4 17.2 17.5 3.5 2 1 5 0 0
94.9 -2101.7 -376.4 221 0 31.6 16.8 17.5 3.5 4 0 5 4 4
1461.6 -2402.7 -349.4 139 0 7.6 5.3 7.5 2.5 2 0 3 4 4
-132.5 -2055.2 -377.3 157 0 66.5 12.9 17.5 0.0 0 0 5 3 3
938.0 -1774.7 -379.9 251 0 12.9 49.0 17.5 3.5 4 1 5 3 3
159.8 -1803.5 -376.9 334 0 13.5 51.1 17.5 3.5 2 1 5 1 1
-292.3 -3232.8 -364.4 167 0 77.1 14.0 17.5 3.5 2 0 5 2 2
-371.6 -3086.5 -366.3 42 0 13.7 66.8 17.5 3.5 2 1 5 0 0
921.4 -5300.0 -328.4 70 0 12.6 71.1 14.0 3.5 2 1 4 5 5
-99.2 -2012.1 -377.3 242 0 11.7 40.5 17.5 3.5 2 1 5 2 2
-478.6 -2446.8 -375.0 261 0 69.4 13.4 17.5 3.5 2 0 5 4 4
190.8 -2238.0 -375.6 44 0 10.4 47.3 17.5 3.5 2 1 5 2 2
-959.2 -3085.5 -365.4 68 0 13.9 25.2 17.5 3.5 4 1 5 3 3
-161.4 -1359.9 -387.2 260 0 21.0 93.8 10.0 0.0 0 1 4 5 5
424.0 -1925.0 -377.9 80 0 10.5 62.7 17.5 3.5 2 1 5 4 4
-923.6 -2554.4 -374.0 256 0 11.2 76.4 17.5 3.5 2 1 5 2 2
31.4 -2002.0 -377.2 1 0 9.6 21.1 10.5 0.0 0 1 3 1 1
955.9 -1674.1 -380.3 69 0 11.8 41.3 17.5 3.5 2 1 5 3 3
-890.6 -3109.0 -365.5 273 0 11.6 46.5 17.5 3.5 2 1 5 3 3
1363.7 -2378.6 -365.4 33 0 16.3 12.5 17.5 3.5 2 0 5 2 2
1746.3 -1122.3 -382.8 337 0 39.5 16.7 10.0 2.5 2 0 4 4 4
337.1 -1960.4 -377.2 80 0 10.5 61.8 17.5 3.5 2 1 5 4 4
855.6 -1642.9 -380.4 159 0 13.0 75.1 17.5 0.0 0 1 5 3 3
276.0 -2094.8 -376.1 217 0 25.1 7.8 10.5 0.0 0 0 3 5 5
419.3 -2012.7 -376.3 170 0 33.3 9.5 10.5 3.5 2 0 3 4 4
809.8 -4107.6 -336.2 146 0 39.8 13.0 17.5 3.5 4 0 5 1 1
70.7 -3357.3 -360.0 307 0 50.6 16.3 10.0 2.5 2 0 4 0 0
-501.4 -3475.8 -366.4 151 0 13.2 27.7 17.5 3.5 2 1 5 5 5
881.3 -5303.5 -330.7 69 0 12.9 60.8 14.0 3.5 2 1 4 5 5
1204.3 -2051.2 -377.6 172 0 69.0 13.1 17.5 3.5 2 0 5 4 4
213.2 -2214.6 -375.7 44 0 10.3 48.5 17.5 3.5 2 1 5 1 1
6.0 -1979.2 -377.4 63 0 15.6 77.3 17.5 3.5 2 1 5 4 4
1068.1 -1593.1 -381.8 255 0 15.1 50.5 17.5 3.5 2 1 5 3 3
1226.6 -2113.3 -372.9 141 0 8.1 34.6 10.5 3.5 2 1 3 1 1
262.5 -2179.8 -375.9 62 0 10.3 49.2 17.5 0.0 0 1 5 5 5
1335.1 -1764.0 -379.1 55 0 12.4 33.1 14.0 3.5 4 1 4 5 5
1024.0 -2077.7 -380.8 262 0 12.7 21.1 14.0 3.5 2 1 4 3 3
-705.6 -2256.9 -375.1 349 0 63.4 9.9 10.5 3.5 2 0 3 2 2
1448.0 -2343.0 -347.6 239 0 5.4 42.3 7.5 2.5 2 1 3 5 5
375.2 -2163.9 -376.9 352 0 11.6 50.3 17.5 3.5 2 1 5 4 4
-304.0 -2494.4 -374.3 158 0 24.6 15.3 17.5 3.5 4 0 5 4 4
-1231.1 -3156.9 -355.7 212 0 11.5 28.7 17.5 3.5 2 1 5 3 3
-559.7 -2514.0 -374.4 170 0 61.6 11.0 17.5 3.5 2 0 5 4 4
1384.0 -2274.9 -361.5 64 0 16.9 71.5 17.5 3.5 2 1 5 5 5
1325.7 -2116.8 -370.3 336 0 34.8 16.5 17.5 3.5 2 0 5 5 5
1298.2 -1653.3 -378.2 234 0 12.2 64.8 14.0 3.5 2 1 4 0 0
1017.0 -1890.8 -380.0 71 0 12.5 77.5 17.5 3.5 2 1 5 4 4
-104.0 -2097.6 -376.7 240 0 12.4 69.7 17.5 3.5 4 1 5 1 1
1227.2 -2164.9 -376.2 163 0 58.7 16.2 17.5 3.5 2 0 5 2 2
-469.8 -2126.3 -374.6 68 0 12.8 22.7 17.5 0.0 0 1 5 3 3
183.6 -2087.5 -376.3 242 0 11.6 60.7 17.5 3.5 2 1 5 1 1
-320.2 -2953.0 -365.5 252 0 11.1 49.2 21.0 0.0 0 1 6 1 1
148.0 -2104.5 -376.3 242 0 11.8 60.6 17.5 3.5 2 1 5 1 1
-848.8 -3168.4 -366.0 1 0 8.6 35.3 10.5 3.5 2 1 3 5 5
-529.9 -2509.7 -374.5 171 0 62.8 11.5 17.5 3.5 2 0 5 5 5
-186.3 -2121.4 -376.6 68 0 13.5 43.6 17.5 3.5 2 1 5 2 2
313.5 -2047.4 -376.2 315 0 4.0 46.4 10.5 3.5 2 1 3 3 3
-361.1 -3000.8 -366.0 132 0 36.4 16.1 21.0 3.5 2 0 6 3 3
-85.7 -1344.1 -388.2 260 0 42.7 69.7 12.5 0.0 0 1 5 2 2
1410.3 -1659.3 -377.3 328 0 17.6 26.4 14.0 3.5 2 1 4 0 0
-34.3 -2123.3 -376.5 332 0 16.2 16.6 17.5 3.5 2 1 5 5 5
1457.6 -655.1 -389.3 347 0 52.0 14.4 10.5 0.0 0 0 3 1 1
1380.0 -697.6 -387.4 77 0 12.3 52.4 10.5 3.5 4 1 3 3 3
-124.5 -2298.7 -375.0 249 0 12.0 62.9 17.5 3.5 2 1 5 2 2
1415.0 -536.8 -387.4 259 0 12.1 88.9 10.5 3.5 2 1 3 2 2
1503.3 -448.7 -389.9 156 0 53.6 134.7 10.0 0.0 0 1 4 5 5
1418.9 -689.1 -388.3 77 0 12.7 51.9 10.5 0.0 0 1 3 1 1
1333.3 -610.4 -383.9 167 0 64.0 12.1 10.5 3.5 2 0 3 2 2
1452.7 -574.1 -388.9 348 0 87.4 8.9 10.5 0.0 0 0 3 5 5
1377.5 -544.1 -385.2 259 0 12.6 88.6 10.5 3.5 2 1 3 4 4
32.6 -2644.8 -371.2 68 0 14.1 31.2 17.5 3.5 2 1 5 1 1
782.9 -2364.6 -377.5 80 0 11.5 62.8 17.5 3.5 4 1 5 3 3
744.1 -2362.2 -377.2 80 0 14.2 54.2 17.5 3.5 2 1 5 1 1
681.4 -2000.2 -378.3 259 0 12.6 60.8 17.5 3.5 2 1 5 0 0
679.6 -2465.5 -377.1 349 0 65.5 13.9 17.5 3.5 2 0 5 1 1
848.1 -1969.5 -380.0 259 0 12.4 55.6 17.5 3.5 2 1 5 1 1
-281.1 -2165.9 -374.2 68 0 12.5 44.7 17.5 3.5 2 1 5 0 0
-178.3 -3205.1 -362.8 335 0 36.2 12.1 17.5 3.5 2 0 5 1 1
640.5 -2099.4 -378.0 80 0 8.6 39.7 10.5 3.5 2 1 3 2 2
270.1 -3585.9 -360.3 4 0 78.2 12.0 10.0 0.0 0 0 4 3 3
-989.8 -3237.3 -360.0 85 0 7.4 38.0 10.5 3.5 4 1 3 3 3
79.8 -3509.5 -360.7 287 0 28.8 13.7 14.0 3.5 2 0 4 4 4
866.4 -1129.2 -380.6 76 0 12.2 59.2 7.5 2.5 2 1 3 3 3
-426.6 -2120.2 -374.3 248 0 13.5 44.4 17.5 3.5 2 1 5 3 3
837.9 -2056.2 -379.5 62 0 65.0 12.3 17.5 3.5 2 0 5 5 5
-874.4 -3046.9 -368.2 24 0 10.8 42.1 17.5 3.5 2 1 5 0 0
-316.2 -2178.4 -374.3 67 0 12.2 42.7 17.5 0.0 0 1 5 1 1
-988.3 -3275.2 -357.9 312 0 15.0 18.7 14.0 3.5 2 1 4 1 1
393.6 -1951.8 -377.3 260 0 16.1 57.6 17.5 0.0 0 1 5 2 2
711.8 -1984.6 -379.1 80 0 11.6 44.6 17.5 3.5 2 1 5 1 1
-765.1 -2919.0 -370.8 174 0 12.8 58.8 10.0 2.5 2 1 4 0 0
602.5 -2091.4 -377.8 171 0 23.6 17.1 17.5 3.5 2 0 5 2 2
796.3 -2065.9 -378.8 348 0 14.7 66.0 17.5 3.5 2 1 5 2 2
672.2 -2376.2 -376.5 80 0 12.9 43.0 17.5 0.0 0 1 5 5 5
-164.2 -3228.3 -362.6 340 0 10.3 25.8 17.5 3.5 2 1 5 4 4
645.7 -2000.0 -378.5 79 0 11.8 60.9 17.5 3.5 2 1 5 1 1
637.1 -2864.0 -366.5 271 0 11.2 89.3 14.0 0.0 0 1 4 5 5
590.5 -3085.5 -367.7 95 0 15.5 35.0 14.0 3.5 2 1 4 0 0
794.3 -2053.0 -378.8 349 0 10.3 55.0 17.5 3.5 2 1 5 5 5
308.3 -1996.8 -375.4 270 0 7.9 43.2 10.5 3.5 2 1 3 3 3
929.9 -2355.0 -379.4 255 0 13.6 77.2 14.0 3.5 4 1 4 0 0
826.1 -1114.1 -380.7 74 0 11.9 34.0 7.5 2.5 2 1 3 0 0
890.7 -2372.9 -378.7 255 0 13.9 73.0 14.0 0.0 0 1 4 0 0
573.2 -2267.6 -377.0 78 0 15.7 35.3 17.5 0.0 0 1 5 2 2
987.4 -1276.9 -381.4 76 0 14.9 15.4 10.0 2.5 2 1 4 4 4
-742.8 -2820.3 -370.9 262 0 23.2 79.9 7.5 0.0 0 1 3 2 2
-390.4 -2105.3 -374.3 248 0 13.4 44.2 17.5 3.5 2 1 5 0 0
706.9 -2368.3 -377.1 80 0 12.3 113.0 17.5 0.0 0 1 5 3 3
-930.7 -3260.3 -361.7 95 0 29.1 11.4 17.5 3.5 2 0 5 2 2
634.1 -2996.6 -358.2 177 0 65.1 11.7 14.0 3.5 2 0 4 5 5
778.9 -1982.2 -379.3 260 0 11.3 60.1 17.5 3.5 2 1 5 5 5
737.5 -2408.7 -377.2 260 0 14.0 78.3 17.5 3.5 2 1 5 0 0
473.3 -2065.9 -376.7 350 0 67.0 14.1 17.5 3.5 2 0 5 3 3
641.4 -2412.3 -376.8 80 0 12.0 97.1 17.5 3.5 2 1 5 5 5
713.7 -1993.9 -378.7 260 0 12.3 60.7 17.5 3.5 2 1 5 1 1
-180.0 -2760.9 -368.7 338 0 79.8 12.5 10.0 2.5 2 0 4 1 1
247.4 -2009.5 -375.4 169 0 4.2 50.0 10.5 3.5 2 1 3 0 0
-318.1 -2074.9 -374.4 248 0 11.4 44.0 17.5 3.5 2 1 5 4 4
641.5 -2122.5 -378.4 80 0 19.3 15.7 17.5 3.5 2 0 5 5 5
95.3 -2390.4 -375.4 38 0 29.6 15.1 17.5 3.5 4 0 5 4 4
-353.3 -2090.0 -374.2 248 0 11.6 44.4 17.5 3.5 2 1 5 0 0
-388.9 -2209.8 -374.5 67 0 13.4 44.1 17.5 3.5 2 1 5 4 4
615.3 -2016.4 -378.0 349 0 93.3 22.2 17.5 0.0 0 0 5 5 5
647.8 -2006.0 -378.0 260 0 12.3 61.0 17.5 3.5 2 1 5 4 4
1168.5 -1503.0 -383.7 256 0 79.6 15.6 17.5 3.5 2 0 5 4 4
-926.6 -3021.1 -367.7 265 0 10.4 41.4 17.5 3.5 2 1 5 2 2
702.3 -2403.5 -377.1 259 0 13.9 89.8 17.5 3.5 4 1 5 3 3
-445.6 -3069.7 -366.6 222 0 11.8 66.1 17.5 3.5 2 1 5 0 0
613.4 -2291.4 -376.7 169 0 32.9 12.4 17.5 3.5 4 0 5 1 1
572.0 -1956.4 -378.2 170 0 21.0 35.8 17.5 0.0 0 1 5 4 4
347.6 -3641.7 -358.2 98 0 11.8 46.0 12.5 2.5 2 1 5 0 0
971.8 -1983.0 -380.3 63 0 24.6 9.7 10.5 3.5 2 0 3 2 2
-353.3 -2195.0 -374.4 68 0 13.3 44.2 17.5 3.5 2 1 5 2 2
623.3 -2178.4 -377.8 260 0 31.9 10.9 17.5 3.5 4 0 5 4 4
905.4 -2370.6 -379.1 255 0 7.0 36.2 10.5 3.5 2 1 3 5 5
-94.5 -2460.3 -374.5 67 0 13.8 36.2 10.0 2.5 2 1 4 3 3
744.5 -1979.2 -379.4 80 0 11.9 44.9 17.5 3.5 2 1 5 5 5
770.6 -2400.2 -377.3 260 0 14.2 77.9 17.5 0.0 0 1 5 5 5
813.7 -1974.8 -379.7 260 0 15.7 61.2 17.5 3.5 2 1 5 1 1
580.6 -1927.8 -378.2 263 0 11.7 7.5 10.5 3.5 4 0 3 3 3
651.1 -2262.7 -376.9 259 0 12.3 68.1 17.5 3.5 2 1 5 1 1
-470.1 -3100.1 -366.9 221 0 13.2 65.1 17.5 3.5 2 1 5 1 1
653.1 -3048.3 -359.9 356 0 23.5 26.4 14.0 0.0 0 1 4 0 0
679.7 -1994.3 -378.8 79 0 11.9 52.4 17.5 3.5 2 1 5 1 1
747.0 -1988.2 -379.0 260 0 12.5 60.4 17.5 3.5 2 1 5 1 1
937.7 -1251.9 -380.7 257 0 13.9 34.5 10.0 2.5 2 1 4 2 2
-27.8 -3589.5 -361.7 344 0 77.7 35.4 17.5 0.0 0 0 5 3 3
462.9 -1352.7 -379.7 77 0 16.0 30.1 14.0 3.5 4 1 4 3 3
-143.5 -2649.6 -370.1 247 0 13.0 88.0 10.0 0.0 0 1 4 2 2
600.2 -2823.0 -369.7 78 0 9.7 63.2 10.5 3.5 2 1 3 4 4
573.5 -2667.6 -375.5 258 0 11.3 84.0 14.0 3.5 4 1 4 0 0
-300.2 -579.8 -377.6 251 0 16.7 53.8 12.5 2.5 2 1 5 3 3
-236.5 -679.2 -379.8 71 0 17.0 88.8 12.5 0.0 0 1 5 4 4
-291.8 -697.4 -379.7 72 0 16.1 48.3 12.5 2.5 2 1 5 2 2
-1395.3 -1148.7 -370.4 336 0 65.3 11.9 10.0 2.5 2 0 4 5 5
-982.3 -681.3 -371.0 224 0 38.0 14.5 10.5 3.5 2 0 3 0 0
516.4 -2448.0 -377.2 258 0 10.4 87.3 14.0 3.5 4 1 4 2 2
543.1 -2719.0 -375.4 169 0 83.1 10.4 14.0 3.5 2 0 4 4 4
559.9 -2801.2 -371.5 168 0 65.1 10.1 14.0 3.5 2 0 4 3 3
-596.7 -1499.7 -381.9 210 0 81.0 11.7 17.5 3.5 2 0 5 3 3
-825.4 -2661.2 -373.1 92 0 99.1 15.3 17.5 3.5 2 0 5 5 5
605.6 -2534.6 -377.5 79 0 12.5 55.6 14.0 3.5 2 1 4 1 1
-1048.0 -739.1 -370.7 224 0 43.3 13.0 10.5 3.5 2 0 3 2 2
-263.9 -687.9 -379.8 71 0 16.9 54.2 10.0 2.5 4 1 4 1 1
558.3 -2462.8 -377.4 258 0 11.9 68.9 14.0 0.0 0 1 4 2 2
-327.1 -588.8 -377.8 252 0 17.0 61.5 12.5 2.5 2 1 5 3 3
294.4 -1865.1 -376.5 324 0 16.8 20.9 17.5 3.5 2 1 5 5 5
675.0 -1296.4 -381.0 76 0 11.9 73.0 14.0 0.0 0 1 4 2 2
681.6 -1175.1 -381.2 256 0 11.6 116.2 14.0 3.5 2 1 4 2 2
535.0 -1214.1 -380.1 256 0 14.6 85.3 14.0 3.5 2 1 4 0 0
638.4 -1306.4 -380.8 75 0 11.7 73.3 14.0 3.5 2 1 4 5 5
528.5 -1340.6 -379.5 75 0 16.1 32.1 14.0 3.5 2 1 4 4 4
737.8 -1217.0 -381.0 346 0 83.0 11.9 14.0 3.5 2 0 4 0 0
601.1 -1315.7 -380.6 75 0 11.5 87.0 14.0 3.5 2 1 4 5 5
4244.1 -1567.6 -389.2 179 0 57.6 35.3 12.5 0.0 0 0 5 5 5
4565.6 -1158.8 -391.8 89 0 72.0 37.2 7.5 0.0 0 0 3 0 0
5531.3 -2186.0 -379.4 316 0 76.4 13.5 10.0 2.5 2 0 4 5 5
5320.4 -1790.2 -381.3 360 0 82.5 14.0 12.5 2.5 2 0 5 5 5
5258.7 -1843.9 -383.2 90 0 11.8 36.9 7.5 2.5 2 1 3 1 1
4410.4 -1165.1 -392.2 90 0 13.2 37.5 10.0 2.5 2 1 4 2 2
3158.6 -2490.0 -374.9 197 0 47.1 14.7 10.0 0.0 0 0 4 4 4
4218.1 -1659.8 -388.2 88 0 11.9 29.5 7.5 2.5 2 1 3 3 3
3027.2 -2890.7 -368.8 29 0 5.4 53.9 10.5 3.5 2 1 3 2 2
5563.8 -715.7 -390.7 270 0 14.0 54.9 7.5 2.5 2 1 3 5 5
4320.5 -1568.7 -389.6 358 0 87.9 16.6 7.5 2.5 2 0 3 5 5
5644.7 -716.4 -387.9 270 0 14.4 39.7 7.5 2.5 2 1 3 2 2
5726.4 -2123.4 -371.7 218 0 12.9 70.4 10.0 0.0 0 1 4 5 5
3981.4 -1620.2 -389.5 358 0 18.8 9.6 5.0 0.0 0 0 2 0 0
5224.6 -1785.9 -383.5 181 0 36.8 11.1 10.0 2.5 2 0 4 4 4
5260.3 -1732.2 -382.6 271 0 12.2 36.0 10.0 2.5 2 1 4 1 1
4848.5 -1074.4 -390.5 355 0 64.8 14.6 10.0 2.5 2 0 4 3 3
4447.8 -918.2 -392.7 270 0 18.0 59.3 10.0 2.5 2 1 4 3 3
3168.2 -2603.9 -373.7 107 0 13.2 60.3 10.0 2.5 4 1 4 0 0
4500.5 -871.6 -392.0 88 0 12.9 29.6 15.0 0.0 0 1 6 3 3
5319.4 -1874.1 -382.3 360 0 43.2 14.2 10.0 2.5 2 0 4 2 2
4318.1 -1212.7 -391.8 268 0 15.5 65.4 10.0 2.5 2 1 4 2 2
4841.8 -996.1 -390.3 355 0 82.5 14.0 7.5 2.5 2 0 3 0 0
4180.4 -1673.8 -388.0 186 0 12.8 42.7 7.5 2.5 2 1 3 1 1
4314.7 -1443.1 -390.3 268 0 36.4 64.1 10.0 0.0 0 1 4 2 2
5305.8 -1685.2 -383.0 270 0 14.6 32.0 10.0 2.5 2 1 4 1 1
4017.5 -1588.5 -389.8 268 0 45.3 67.7 15.0 0.0 0 1 6 1 1
4138.2 -1072.8 -392.1 180 0 36.0 51.8 7.5 0.0 0 1 3 3 3
4706.5 -1391.4 -389.8 89 0 14.4 37.7 10.0 2.5 2 1 4 5 5
4763.6 -1419.3 -389.2 269 0 12.4 36.6 10.0 2.5 2 1 4 2 2
4686.6 -1225.4 -390.6 269 0 15.2 16.5 7.5 2.5 2 1 3 5 5
3113.8 -2525.1 -372.4 286 0 13.9 58.5 12.5 2.5 2 1 5 3 3
4584.0 -1397.2 -390.2 180 0 71.9 27.6 7.5 0.0 0 0 3 0 0
4162.8 -1492.5 -391.0 178 0 49.3 115.3 12.5 0.0 0 1 5 2 2
4168.7 -1577.3 -389.7 178 0 71.5 58.3 10.0 0.0 0 0 4 0 0
3211.4 -2481.8 -375.6 288 0 15.3 46.0 10.0 2.5 4 1 4 3 3
3133.2 -2593.6 -373.1 106 0 13.3 60.7 12.5 2.5 2 1 5 3 3
4442.4 -1359.2 -390.6 269 0 24.9 99.5 10.0 0.0 0 1 4 5 5
3965.5 -1692.1 -389.3 5 0 13.0 43.3 10.0 2.5 2 1 4 3 3
4676.5 -1288.9 -390.4 178 0 46.5 85.4 10.0 0.0 0 1 4 2 2
4356.6 -1341.3 -391.2 88 0 15.0 50.4 7.5 2.5 2 1 3 5 5
3460.9 6964.6 -403.0 359 0 36.3 13.8 17.5 3.5 2 0 5 3 3
3508.0 6983.1 -402.2 270 0 7.8 37.1 10.5 3.5 2 1 3 0 0
3583.1 7160.2 -405.2 180 0 8.9 26.1 10.5 3.5 2 1 3 1 1
3621.6 7593.3 -410.3 360 0 62.3 42.2 21.0 0.0 0 0 6 5 5
3569.3 7624.8 -408.6 91 0 54.5 42.1 21.0 0.0 0 0 6 2 2
3751.0 7466.9 -416.0 90 0 93.3 40.5 21.0 0.0 0 0 6 4 4
3578.8 7780.8 -410.0 270 0 38.9 57.8 17.5 0.0 0 1 5 0 0
3577.8 7413.9 -407.0 268 0 36.0 67.6 14.0 0.0 0 1 4 2 2
3424.9 7736.1 -405.0 268 0 13.7 34.6 14.0 3.5 2 1 4 3 3
-354.9 6579.5 -417.7 360 0 141.1 15.2 7.5 0.0 0 0 3 4 4
-5296.6 5298.6 -269.1 348 0 17.6 19.1 12.5 2.5 2 1 5 5 5
-5286.8 5315.6 -266.1 348 0 6.6 10.4 5.0 2.5 2 1 2 4 4
-5289.3 5294.0 -261.0 258 0 6.4 7.4 7.5 2.5 2 1 3 5 5
-5327.8 5347.4 -280.1 258 0 10.5 14.2 2.5 2.5 2 1 1 2 2
-5785.2 5544.1 -352.0 359 0 15.7 31.5 12.5 2.5 2 1 5 3 3
-6673.0 5849.1 -376.7 80 0 16.5 32.4 12.5 2.5 2 1 5 5 5
-5896.5 4693.0 -181.4 5 0 10.8 21.2 7.5 2.5 2 1 3 0 0
-5376.2 5244.5 -261.0 165 0 18.0 36.3 10.0 0.0 0 1 4 0 0
-5381.7 5335.3 -281.3 255 0 13.9 8.9 2.5 2.5 2 0 1 5 5
3859.6 -1694.7 -388.5 90 0 43.6 18.3 10.0 2.5 2 0 4 5 5
4143.8 9715.1 -427.1 270 0 15.4 120.2 14.0 0.0 0 1 4 1 1
3902.5 10331.3 -427.1 179 0 47.8 43.4 14.0 0.0 0 0 4 5 5
3980.1 10379.4 -428.2 269 0 105.5 36.7 14.0 0.0 0 0 4 3 3
4149.3 10380.3 -428.8 270 0 180.9 32.8 14.0 0.0 0 0 4 5 5
3902.5 10261.8 -426.7 180 0 58.5 25.1 14.0 3.5 4 0 4 1 1
3901.3 10136.5 -426.4 180 0 56.8 25.0 14.0 0.0 0 0 4 0 0
3915.0 10199.7 -426.7 180 0 53.5 22.9 14.0 3.5 2 0 4 3 3
4221.9 9679.0 -426.8 179 0 64.2 23.1 10.5 3.5 2 0 3 1 1
4324.8 9601.8 -428.1 89 0 25.5 108.2 14.0 0.0 0 1 4 5 5
4391.0 9594.7 -428.3 89 0 59.0 23.7 14.0 3.5 2 0 4 2 2
4376.1 9731.3 -427.4 271 0 19.2 106.4 14.0 0.0 0 1 4 2 2
4439.5 9734.5 -428.3 270 0 20.6 136.9 14.0 0.0 0 1 4 4 4
4742.1 63.9 -393.6 291 0 24.6 56.1 5.0 2.5 2 1 2 0 0
4798.5 43.3 -393.7 289 0 22.9 55.6 7.5 2.5 2 1 3 0 0
1263.1 6134.9 -412.8 180 0 127.4 91.3 14.0 0.0 0 0 4 1 1
3908.9 9499.8 -425.8 180 0 29.5 31.5 14.0 0.0 0 1 4 1 1
4373.4 9545.5 -428.8 269 0 41.8 29.8 14.0 0.0 0 0 4 4 4
4384.9 9463.0 -428.0 90 0 28.1 40.6 14.0 0.0 0 1 4 5 5
4522.0 9488.3 -429.0 179 0 39.4 27.9 14.0 0.0 0 0 4 5 5
4583.9 9275.8 -427.4 360 0 188.0 27.4 14.0 0.0 0 0 4 1 1
4244.8 9126.0 -422.4 180 0 130.7 21.7 14.0 0.0 0 0 4 4 4
4123.4 9065.3 -422.4 90 0 16.9 60.3 17.5 3.5 2 1 5 5 5
4132.0 9168.3 -423.0 360 0 60.3 16.9 17.5 3.5 2 0 5 3 3
4172.4 9095.7 -422.4 360 0 60.3 16.9 17.5 3.5 2 0 5 2 2
4173.3 9166.8 -422.8 360 0 60.3 16.9 17.5 3.5 2 0 5 3 3
4071.9 9080.4 -422.6 89 0 33.6 32.9 17.5 0.0 0 0 5 3 3
3917.4 9331.3 -423.5 270 0 29.8 231.5 17.5 0.0 0 1 5 5 5
4017.8 10172.9 -427.8 90 0 25.1 53.8 14.0 3.5 2 1 4 1 1
4108.8 10172.9 -428.8 90 0 25.1 53.8 14.0 3.5 2 1 4 2 2
4220.4 10197.4 -429.1 0 0 53.8 25.1 14.0 3.5 2 0 4 1 1
3987.9 10097.6 -427.2 89 0 22.3 62.6 14.0 3.5 2 1 4 5 5
4072.5 10096.5 -428.2 89 0 22.3 62.6 14.0 3.5 2 1 4 4 4
4156.3 10098.3 -428.5 89 0 22.3 62.6 14.0 3.5 2 1 4 2 2
4246.7 10129.8 -428.7 359 0 62.6 22.3 14.0 3.5 2 0 4 2 2
4246.6 10263.2 -429.5 359 0 51.1 21.0 14.0 3.5 2 0 4 1 1
4157.2 10331.1 -429.6 271 0 19.8 91.0 14.0 0.0 0 1 4 0 0
4070.8 10333.6 -428.7 271 0 19.8 91.0 14.0 0.0 0 1 4 3 3
3977.2 10260.5 -427.5 180 0 49.0 19.6 14.0 3.5 2 0 4 2 2
3938.3 9655.5 -425.6 271 0 15.9 64.9 14.0 3.5 2 1 4 1 1
3939.8 9667.0 -425.4 90 0 16.5 40.8 14.0 3.5 2 1 4 3 3
3971.6 9655.5 -425.8 271 0 13.8 65.0 14.0 3.5 2 1 4 3 3
3971.8 9666.4 -425.6 91 0 13.9 41.2 14.0 3.5 2 1 4 4 4
4236.5 9743.8 -426.4 90 0 20.8 59.6 14.0 3.5 2 1 4 1 1
4275.7 9745.6 -426.4 90 0 20.8 59.6 14.0 3.5 2 1 4 0 0
4316.6 9743.6 -426.4 90 0 20.8 59.6 14.0 3.5 2 1 4 0 0
4359.6 9745.6 -426.4 90 0 20.8 59.6 14.0 3.5 4 1 4 4 4
4399.4 9746.0 -426.4 90 0 20.8 59.6 14.0 3.5 2 1 4 5 5
4428.9 9775.8 -426.4 180 0 59.6 20.8 14.0 3.5 2 0 4 4 4
4191.5 9615.4 -427.9 180 0 29.6 98.9 14.0 0.0 0 1 4 5 5
4201.8 9721.2 -426.0 89 0 15.8 61.8 14.0 3.5 2 1 4 1 1
4176.4 9724.9 -425.7 90 0 13.3 42.9 14.0 3.5 2 1 4 0 0
3961.5 9723.3 -425.5 90 0 79.4 69.2 14.0 0.0 0 0 4 3 3
3760.7 9817.0 -424.7 180 0 72.0 15.5 14.0 3.5 2 0 4 1 1
3806.1 9818.5 -424.8 0 0 72.0 15.5 14.0 3.5 2 0 4 2 2
3839.0 9819.0 -424.8 0 0 72.0 15.5 14.0 0.0 0 0 4 5 5
3769.8 9938.0 -425.0 270 0 15.5 72.0 14.0 3.5 2 1 4 1 1
3728.0 9901.2 -424.9 180 0 72.0 15.5 14.0 3.5 2 0 4 0 0
3684.4 9764.7 -424.5 270 0 15.5 72.0 14.0 3.5 2 1 4 3 3
3717.3 9763.8 -424.5 270 0 15.5 72.0 14.0 3.5 2 1 4 4 4
3723.7 9600.6 -424.1 90 0 15.5 72.0 14.0 3.5 2 1 4 3 3
3756.7 9769.2 -424.6 270 0 15.1 87.4 14.0 3.5 2 1 4 4 4
3845.9 9719.9 -424.6 0 0 103.6 36.6 14.0 0.0 0 0 4 2 2
3847.3 9880.1 -424.9 1 0 41.4 5.9 10.5 3.5 2 0 3 1 1
3791.2 9736.0 -424.5 360 0 65.0 11.0 14.0 0.0 0 0 4 0 0
3796.6 9603.0 -424.4 90 0 10.8 54.1 14.0 3.5 4 1 4 2 2
3761.4 9601.5 -424.2 90 0 10.9 54.1 14.0 3.5 2 1 4 1 1
3832.5 9602.1 -424.5 90 0 10.8 54.1 14.0 3.5 2 1 4 4 4
3727.8 9821.1 -424.7 180 0 76.1 16.3 14.0 3.5 2 0 4 0 0
4279.0 10132.9 -428.8 180 0 40.6 18.7 10.5 3.5 2 0 3 0 0
4279.2 10193.4 -429.2 179 0 50.4 21.9 10.5 3.5 2 0 3 5 5
4280.5 10245.3 -429.4 179 0 35.3 19.6 10.5 0.0 0 0 3 4 4
4277.4 10303.1 -429.6 179 0 40.7 15.8 10.5 3.5 2 0 3 3 3
4275.8 10352.9 -428.9 179 0 44.8 16.7 10.5 3.5 2 0 3 3 3
4301.6 10387.6 -428.0 270 0 43.8 11.0 10.5 3.5 4 0 3 5 5
4357.1 10387.7 -427.6 270 0 39.1 12.7 10.5 3.5 2 0 3 3 3
4431.6 10382.1 -427.4 269 0 71.2 17.0 10.5 0.0 0 0 3 0 0
4307.5 10307.1 -429.6 179 0 49.3 15.7 10.5 3.5 2 0 3 1 1
4343.7 10369.8 -429.6 269 0 20.1 87.0 10.5 0.0 0 1 3 5 5
4375.6 10330.8 -429.4 269 0 16.7 50.9 10.5 3.5 2 1 3 1 1
4370.8 10372.4 -428.3 269 0 15.7 36.1 10.5 3.5 4 1 3 1 1
4416.0 10359.6 -429.3 271 0 19.4 84.7 10.5 0.0 0 1 3 2 2
4480.6 10387.9 -427.6 269 0 16.7 65.2 10.5 3.5 4 1 3 2 2
4432.5 10235.3 -429.3 359 0 65.2 14.3 10.5 3.5 2 0 3 5 5
4469.4 10236.5 -429.3 359 0 65.2 14.3 10.5 3.5 2 0 3 3 3
4466.2 10296.3 -428.9 0 0 42.5 15.3 10.5 3.5 2 0 3 3 3
4345.6 10146.3 -429.1 89 0 19.6 35.3 10.5 0.0 0 1 3 1 1
4437.1 10150.7 -429.1 89 0 19.6 35.3 10.5 0.0 0 1 3 3 3
4524.1 10097.4 -429.0 89 0 24.5 40.1 10.5 0.0 0 1 3 1 1
-4139.4 10297.9 -432.5 342 0 109.3 44.3 10.0 0.0 0 0 4 4 4
-4538.2 10407.9 -432.8 257 0 72.9 33.7 7.5 0.0 0 0 3 1 1
-4647.1 10390.8 -432.8 257 0 131.4 11.7 7.5 2.5 2 0 3 2 2
-4057.4 10684.1 -433.0 86 0 17.8 53.0 10.0 2.5 2 1 4 5 5
-3999.8 10681.7 -433.2 267 0 16.9 48.9 10.0 2.5 2 1 4 5 5
-3995.9 10566.8 -433.2 87 0 16.9 48.9 10.0 2.5 2 1 4 1 1
-4055.6 10672.5 -433.3 266 0 18.1 53.0 7.5 2.5 4 1 3 3 3
-4047.1 10553.9 -433.4 86 0 17.8 53.0 10.0 2.5 2 1 4 1 1
-4170.5 10556.7 -433.6 167 0 14.7 13.9 10.0 2.5 2 0 4 3 3
-4187.1 10665.0 -433.2 79 0 14.0 13.6 7.5 2.5 2 0 3 1 1
-4614.7 10007.2 -431.5 73 0 15.5 51.6 10.0 0.0 0 1 4 0 0
-4648.8 10093.4 -431.8 163 0 51.6 15.5 10.0 2.5 2 0 4 2 2
-4666.0 10150.1 -431.9 164 0 47.9 14.4 10.0 2.5 2 0 4 2 2
-4570.3 9999.6 -431.7 73 0 15.5 59.9 10.0 2.5 2 1 4 1 1
-4528.8 10004.3 -431.8 73 0 15.4 59.9 10.0 2.5 2 1 4 4 4
-4608.0 10092.8 -431.9 163 0 59.9 15.5 15.0 2.5 2 0 6 3 3
-4548.1 10072.0 -431.9 73 0 15.5 59.9 10.0 2.5 4 1 4 1 1
-4628.5 10159.1 -432.0 163 0 59.9 15.5 7.5 0.0 0 0 3 2 2
-4585.4 10163.3 -432.1 164 0 54.5 15.3 10.0 2.5 2 0 4 4 4
-4547.9 10174.9 -432.2 164 0 54.5 15.6 12.5 2.5 2 0 5 5 5
-4513.4 10091.8 -432.0 73 0 14.5 54.4 10.0 2.5 4 1 4 5 5
-4487.5 10147.2 -432.2 73 0 15.5 65.3 10.0 2.5 2 1 4 3 3
-4472.8 10099.9 -432.1 73 0 15.1 39.3 7.5 2.5 2 1 3 0 0
-4445.2 10150.5 -432.3 74 0 15.5 63.9 7.5 2.5 2 1 3 0 0
-4405.0 10165.5 -432.3 73 0 15.5 59.9 7.5 2.5 2 1 3 3 3
-4387.1 10106.0 -432.3 72 0 14.8 53.4 7.5 0.0 0 1 3 1 1
-4360.1 10029.6 -432.1 73 0 13.9 66.6 7.5 2.5 2 1 3 2 2
-4348.4 10116.9 -432.3 73 0 15.2 54.4 10.0 2.5 4 1 4 5 5
-4319.4 10035.1 -432.2 73 0 15.2 55.8 7.5 2.5 2 1 3 3 3
-4279.2 10046.6 -432.3 73 0 15.4 59.9 10.0 2.5 2 1 4 5 5
-4305.1 10115.1 -432.4 73 0 15.6 69.0 7.5 2.5 2 1 3 1 1
-4569.7 10247.9 -432.1 164 0 54.5 15.6 10.0 2.5 2 0 4 5 5
-4530.3 10289.1 -432.2 254 0 15.6 54.5 7.5 2.5 2 1 3 3 3
-4489.6 10300.0 -432.3 254 0 15.6 54.5 7.5 2.5 2 1 3 5 5
-4449.6 10313.2 -432.3 254 0 15.6 54.5 12.5 2.5 2 1 5 3 3
-4407.5 10319.7 -432.3 254 0 15.6 54.5 5.0 2.5 2 1 2 5 5
-4368.2 10179.6 -432.3 74 0 16.0 58.1 10.0 2.5 2 1 4 4 4
-4607.4 10238.1 -432.1 164 0 54.5 15.6 7.5 2.5 2 0 3 2 2
-4624.6 10327.2 -432.4 254 0 15.6 54.5 12.5 2.5 2 1 5 0 0
-4665.0 10289.5 -432.4 164 0 54.5 15.6 7.5 2.5 2 0 3 0 0
-4648.4 10229.0 -432.1 164 0 54.5 15.6 7.5 2.5 2 0 3 4 4
-4684.5 10213.1 -432.0 164 0 54.5 15.6 10.0 0.0 0 0 4 0 0
-4701.5 10270.9 -432.3 164 0 54.5 15.6 7.5 2.5 2 0 3 0 0
-4720.3 10335.2 -432.5 164 0 54.5 15.6 10.0 2.5 2 0 4 2 2
-4678.3 10371.5 -432.6 256 0 14.8 41.6 10.0 0.0 0 1 4 1 1
-4639.4 10380.3 -432.7 256 0 14.8 41.6 10.0 2.5 2 1 4 3 3
-4598.8 10389.3 -432.7 256 0 14.8 41.6 10.0 2.5 2 1 4 2 2
-4586.8 10334.5 -432.4 255 0 13.7 47.0 7.5 2.5 4 1 3 4 4
-4547.2 10345.5 -432.5 255 0 14.7 49.2 10.0 0.0 0 1 4 5 5
-4508.8 10358.3 -432.5 255 0 14.2 49.1 10.0 2.5 2 1 4 4 4
-4468.7 10377.6 -432.6 255 0 15.0 52.8 7.5 2.5 2 1 3 5 5
-4428.5 10382.6 -432.6 255 0 14.1 55.2 10.0 2.5 2 1 4 5 5
-4444.1 10437.1 -432.8 256 0 14.8 41.6 10.0 2.5 2 1 4 0 0
-4483.4 10427.4 -432.8 256 0 14.8 41.6 7.5 2.5 2 1 3 0 0
-4385.3 10385.0 -432.6 256 0 14.8 41.6 7.5 2.5 2 1 3 2 2
-4404.5 10446.8 -432.9 256 0 14.6 51.8 7.5 2.5 2 1 3 4 4
-4286.4 10236.4 -432.2 343 0 58.7 15.8 10.0 2.5 2 0 4 4 4
-4245.2 10247.6 -432.3 343 0 58.7 15.8 12.5 2.5 2 0 5 3 3
-4203.8 10257.9 -432.3 343 0 58.6 16.2 7.5 2.5 2 0 3 2 2
-4236.0 10351.6 -432.4 343 0 58.6 16.2 10.0 2.5 2 0 4 3 3
-4315.3 10441.0 -432.8 254 0 16.2 58.7 10.0 0.0 0 1 4 5 5
-4356.6 10430.8 -432.8 253 0 15.4 66.3 7.5 2.5 2 1 3 2 2
-4275.5 10451.3 -432.8 253 0 15.4 66.3 10.0 0.0 0 1 4 1 1
-4293.9 10370.7 -432.5 253 0 15.4 66.3 10.0 2.5 2 1 4 4 4
-4332.4 10356.7 -432.4 253 0 15.4 66.3 7.5 2.5 2 1 3 0 0
-4368.3 10332.5 -432.4 254 0 15.4 59.5 7.5 2.5 2 1 3 4 4
-4325.2 10193.5 -432.1 73 0 15.8 58.7 10.0 2.5 2 1 4 1 1
-4262.4 10127.4 -432.5 73 0 16.0 68.5 7.5 2.5 2 1 3 2 2
-4235.2 10048.9 -432.4 73 0 16.0 68.5 7.5 2.5 2 1 3 1 1
-4217.4 10140.4 -432.6 73 0 16.0 68.5 7.5 2.5 2 1 3 4 4
-4152.4 10061.6 -432.5 73 0 15.5 78.2 7.5 2.5 2 1 3 3 3
-4203.0 10077.0 -432.5 75 0 15.4 53.6 7.5 2.5 2 1 3 2 2
-4173.8 10152.4 -432.7 73 0 16.0 68.5 10.0 2.5 2 1 4 3 3
-4126.5 10192.6 -432.8 344 0 58.3 16.1 10.0 2.5 2 0 4 1 1
-4431.5 10102.2 -432.2 73 0 16.2 39.4 5.0 0.0 0 1 2 0 0
-4496.9 10045.4 -432.0 83 0 14.4 34.1 10.0 2.5 2 1 4 2 2
-4456.3 10052.6 -432.0 83 0 14.4 34.1 5.0 2.5 2 1 2 5 5
-4411.7 10057.2 -432.1 80 0 14.2 25.3 10.0 2.5 2 1 4 4 4
-4403.2 10032.6 -432.1 80 0 14.2 25.3 7.5 2.5 2 1 3 3 3
-4446.6 10028.1 -432.0 80 0 14.2 25.3 10.0 2.5 2 1 4 1 1
-4488.8 10020.4 -431.9 80 0 14.2 25.3 10.0 2.5 2 1 4 2 2
-4321.7 10685.1 -433.6 257 0 17.7 42.3 10.0 2.5 4 1 4 0 0
-4225.5 10684.9 -433.3 347 0 42.3 17.7 7.5 2.5 2 0 3 2 2
1785.2 1452.7 -383.5 216 0 20.2 51.6 10.0 2.5 2 1 4 0 0
1798.7 5966.7 -418.7 269 0 185.5 156.3 10.5 0.0 0 0 3 1 1
-3639.4 6039.0 -370.5 245 0 21.6 11.7 12.5 2.5 2 0 5 3 3
-4246.4 10490.7 -433.0 253 0 15.4 66.3 10.0 2.5 4 1 4 2 2
-4209.0 10392.3 -432.6 343 0 66.3 15.4 10.0 2.5 2 0 4 5 5
-4201.4 10492.4 -433.0 253 0 15.4 66.3 10.0 2.5 2 1 4 2 2
-4166.7 10405.3 -432.6 345 0 41.5 15.4 7.5 2.5 2 0 3 3 3
-4336.2 10562.5 -433.5 346 0 51.8 14.3 10.0 2.5 2 0 4 2 2
-4377.8 10523.1 -433.3 76 0 14.3 51.8 12.5 2.5 2 1 5 2 2
-4417.7 10514.8 -433.3 76 0 14.3 51.8 10.0 2.5 2 1 4 4 4
-4349.1 10628.0 -433.8 346 0 51.8 17.5 10.0 2.5 2 0 4 2 2
-4500.2 10587.4 -433.5 254 0 15.0 45.1 7.5 2.5 2 1 3 4 4
-4506.1 10467.9 -433.1 73 0 15.3 44.9 7.5 2.5 2 1 3 2 2
-4541.7 10462.1 -433.1 75 0 15.2 45.1 10.0 2.5 2 1 4 3 3
-4573.7 10454.2 -433.1 75 0 15.4 45.2 7.5 2.5 2 1 3 1 1
-4414.9 10636.0 -433.7 254 0 15.5 45.0 10.0 2.5 2 1 4 2 2
-4625.3 10520.0 -433.3 257 0 15.3 46.4 10.0 2.5 2 1 4 5 5
-4635.0 10435.6 -433.0 75 0 8.4 46.3 7.5 2.5 2 1 3 3 3
-4293.1 10633.0 -433.7 257 0 17.7 42.3 5.0 2.5 2 1 2 1 1
-4246.9 10642.1 -433.6 257 0 17.7 42.3 7.5 0.0 0 1 3 4 4
-4667.5 10426.2 -433.0 75 0 19.0 44.7 10.0 2.5 2 1 4 5 5
-4723.5 10433.6 -432.9 167 0 42.3 17.7 7.5 2.5 4 0 3 5 5
-4663.9 10508.7 -433.3 345 0 44.8 19.0 7.5 2.5 2 0 3 3 3
-4736.9 10484.1 -432.9 164 0 44.6 19.0 10.0 2.5 2 0 4 0 0
-4749.9 10532.4 -432.9 164 0 44.6 19.0 10.0 2.5 2 0 4 1 1
-4705.9 10576.3 -433.5 254 0 19.3 43.1 12.5 2.5 2 1 5 1 1
-4340.1 10501.0 -433.1 75 0 34.4 16.5 7.5 0.0 0 0 3 0 0
-4429.1 9373.8 -430.8 67 0 93.1 116.0 10.0 0.0 0 1 4 1 1
-4221.5 9212.2 -431.2 59 0 123.5 178.6 15.0 0.0 0 1 6 1 1
6299.3 -6340.9 -241.9 238 0 12.1 17.7 2.5 2.5 2 1 1 0 0
6314.6 -6385.3 -244.6 179 0 12.2 16.9 7.5 2.5 2 1 3 3 3
6338.0 -6328.9 -244.3 270 0 12.4 41.6 12.5 2.5 2 1 5 2 2
6309.1 -6520.6 -249.5 90 0 11.9 56.9 10.0 2.5 4 1 4 1 1
6247.4 -6392.8 -242.6 271 0 12.9 40.0 10.0 2.5 2 1 4 5 5
6262.0 -6488.0 -245.8 90 0 12.8 41.8 12.5 2.5 2 1 5 3 3
6353.8 -6502.5 -250.9 90 0 12.7 41.2 12.5 0.0 0 1 5 3 3
1342.0 3847.8 -403.1 161 0 54.6 37.3 7.5 0.0 0 0 3 0 0
1455.8 3847.7 -403.3 341 0 37.4 55.2 10.0 0.0 0 1 4 3 3
1430.3 3888.8 -403.1 340 0 36.5 39.6 7.5 0.0 0 1 3 0 0
-6310.5 6807.8 -400.3 356 0 11.1 16.0 5.0 2.5 2 1 2 3 3
-1583.0 4776.5 -388.8 161 0 26.4 26.3 10.0 0.0 0 0 4 2 2
6740.0 10311.6 -433.5 175 0 32.1 42.9 7.5 0.0 0 1 3 5 5
6826.3 10288.0 -433.5 0 0 76.6 28.3 10.0 0.0 0 0 4 4 4
6741.2 10261.4 -433.1 180 0 59.4 35.7 10.0 0.0 0 0 4 3 3
-5916.5 3998.7 69.5 30 0 5.8 16.4 5.0 2.5 2 1 2 3 3
-6333.4 5303.5 -350.8 73 0 11.7 27.2 10.0 2.5 4 1 4 3 3
6525.1 3973.6 -410.0 209 0 121.8 221.7 10.0 0.0 0 1 4 0 0
1673.8 2734.4 -395.8 180 0 204.1 33.6 12.5 0.0 0 0 5 5 5
3383.3 10272.2 -423.8 90 0 13.9 72.7 14.0 3.5 4 1 4 1 1
4133.1 8796.3 -413.5 271 0 24.1 44.8 17.5 0.0 0 1 5 0 0
4108.2 8796.3 -413.1 271 0 15.1 45.4 17.5 3.5 4 1 5 2 2
4111.6 8693.4 -413.9 262 0 9.9 54.0 10.5 3.5 2 1 3 0 0
4160.7 8700.5 -414.4 270 0 55.4 10.6 17.5 3.5 4 0 5 1 1
4111.5 8569.8 -415.8 90 0 10.2 55.2 17.5 3.5 2 1 5 2 2
4148.9 8569.5 -415.9 91 0 10.8 55.3 17.5 0.0 0 1 5 1 1
4129.8 8570.2 -415.8 90 0 16.2 33.1 17.5 3.5 4 1 5 1 1
4130.0 8625.2 -414.8 271 0 16.6 19.7 17.5 3.5 2 1 5 5 5
4166.2 8827.2 -417.6 91 0 11.0 64.2 17.5 3.5 2 1 5 4 4
3953.0 8822.0 -418.1 91 0 12.5 52.9 17.5 3.5 2 1 5 2 2
3938.7 8625.2 -417.4 180 0 49.9 14.8 17.5 3.5 2 0 5 4 4
3977.0 8625.7 -416.3 180 0 50.2 14.8 17.5 3.5 4 0 5 5 5
3976.8 8556.2 -418.8 179 0 55.6 14.2 17.5 3.5 2 0 5 4 4
3936.8 8555.7 -418.0 180 0 55.6 15.4 17.5 0.0 0 0 5 1 1
1820.7 1682.7 -387.0 89 0 184.1 342.6 10.0 0.0 0 1 4 4 4
-2300.9 -909.9 -369.0 290 0 69.9 43.4 14.0 0.0 0 0 4 0 0
-2541.9 -997.1 -366.0 286 0 16.5 73.1 21.0 3.5 2 1 6 4 4
-2373.1 -927.5 -365.9 109 0 22.2 56.9 21.0 3.5 2 1 6 4 4
3640.6 -8577.6 -131.8 180 0 32.9 12.1 10.0 2.5 2 0 4 1 1
3757.5 -8561.3 -145.3 90 0 9.7 18.0 7.5 2.5 2 1 3 3 3
3776.6 -8576.1 -144.8 1 0 9.7 5.4 7.5 2.5 2 0 3 0 0
3811.2 -8576.3 -149.9 1 0 14.6 3.7 2.5 2.5 2 0 1 1 1
3700.0 -8626.5 -136.4 51 0 8.9 13.5 5.0 0.0 0 1 2 3 3
3728.3 -8467.1 -152.7 69 0 20.5 25.3 10.0 2.5 2 1 4 5 5
3616.0 -8658.2 -128.6 181 0 10.5 7.6 5.0 2.5 2 0 2 0 0
3616.0 -8643.3 -128.7 181 0 10.4 8.2 7.5 2.5 2 0 3 2 2
3613.6 -8626.4 -128.9 180 0 14.9 12.3 2.5 2.5 2 0 1 0 0
3749.6 -8604.3 -141.1 3 0 8.3 94.9 7.5 2.5 2 1 3 2 2
3747.8 -8551.4 -142.9 359 0 10.1 91.5 12.5 2.5 4 1 5 5 5
3638.7 -8627.9 -131.3 181 0 26.2 11.2 12.5 2.5 2 0 5 5 5
3645.1 -8672.0 -131.0 89 0 8.2 28.2 2.5 2.5 2 1 1 0 0
3651.0 -8677.6 -131.2 352 0 9.5 8.1 2.5 2.5 2 0 1 3 3
3669.3 -8629.5 -133.9 89 0 15.4 15.5 2.5 0.0 0 1 1 2 2
3685.0 -8637.2 -135.2 90 0 11.8 6.6 2.5 2.5 4 0 1 4 4
3743.8 -8629.7 -140.8 91 0 7.0 14.9 7.5 2.5 4 1 3 0 0
3733.0 -8636.8 -139.8 86 0 11.1 6.1 5.0 2.5 2 0 2 2 2
3615.7 -8607.3 -128.9 179 0 14.3 9.9 5.0 2.5 2 0 2 1 1
3721.7 -8650.5 -139.0 74 0 18.1 6.3 7.5 2.5 2 0 3 0 0
3669.8 -8475.5 -141.5 107 0 10.2 11.3 7.5 2.5 2 1 3 0 0
3648.8 -8534.7 -132.2 186 0 6.2 7.4 7.5 2.5 2 1 3 3 3
3654.8 -8493.7 -137.0 272 0 7.8 21.1 5.0 2.5 2 1 2 5 5
3685.9 -8516.2 -138.9 268 0 30.4 10.8 7.5 2.5 2 0 3 5 5
3691.9 -8528.4 -137.1 271 0 8.7 16.5 7.5 2.5 2 1 3 3 3
3761.7 -8534.1 -148.1 89 0 20.0 8.2 5.0 2.5 2 0 2 3 3
3771.3 -8496.9 -156.7 3 0 14.9 18.3 10.0 2.5 2 1 4 5 5
4112.6 -8574.2 -193.6 358 0 24.1 13.0 12.5 2.5 2 0 5 2 2
1390.6 10490.4 -425.5 359 0 46.8 43.2 12.5 0.0 0 0 5 4 4
857.0 10477.5 -425.1 92 0 188.1 64.9 12.5 0.0 0 0 5 5 5
-6045.5 6286.6 -389.9 181 0 152.0 153.6 10.0 0.0 0 1 4 0 0
-5426.8 5327.2 -306.0 353 0 56.7 91.9 10.0 0.0 0 1 4 2 2
-5341.8 5506.9 -294.9 89 0 36.7 40.9 15.0 0.0 0 1 6 0 0
1229.9 5178.1 -409.0 179 0 35.2 51.6 55.0 0.0 0 1 22 5 5
1169.7 5183.6 -409.0 85 0 56.8 7.6 5.0 2.5 2 0 2 4 4
3407.4 8921.9 -422.2 263 0 179.1 146.2 17.5 0.0 0 0 5 3 3
4997.0 8659.4 -423.2 0 0 112.6 81.9 5.0 0.0 0 0 2 2 2
3605.5 7552.8 -410.5 275 0 38.1 40.1 14.0 0.0 0 0 4 5 5
