6576.8 526.9 -5.0 91 0 12.9 144.3 14.0 0.0 0 1 4 0 0
6183.5 -2791.8 -4.9 360 0 132.3 99.2 7.5 0.0 0 0 3 0 0
5945.7 -4844.2 -4.1 181 0 78.2 45.6 5.0 0.0 0 0 2 1 1
6182.6 -4523.7 -4.1 271 0 14.5 72.1 10.5 3.5 2 1 3 1 1
6096.4 -4806.3 -4.1 272 0 44.3 79.2 10.0 0.0 0 1 4 3 3
4626.0 854.1 -1.2 348 0 128.8 65.4 12.5 0.0 0 0 5 3 3
6032.2 -4805.9 -4.1 271 0 45.0 78.7 7.5 0.0 0 1 3 3 3
5905.4 -4845.2 -4.1 181 0 79.0 14.7 7.5 2.5 4 0 3 1 1
6462.8 1693.2 -3.6 88 0 12.9 86.6 14.0 0.0 0 1 4 3 3
6792.0 -4940.9 -4.6 272 0 10.7 59.7 10.5 3.5 2 1 3 0 0
6426.0 -4739.7 -4.3 180 0 16.7 13.6 14.0 3.5 2 0 4 1 1
6389.2 1688.6 -2.5 88 0 14.4 68.1 14.0 0.0 0 1 4 3 3
6863.3 -5026.5 -4.9 271 0 18.2 39.3 10.5 3.5 2 1 3 0 0
6388.3 -4658.0 -4.3 89 0 94.8 35.1 14.0 0.0 0 0 4 3 3
4787.9 -2016.1 -2.7 0 0 63.1 73.8 10.0 0.0 0 1 4 2 2
6426.3 1690.8 -2.9 87 0 14.3 78.7 14.0 3.5 2 1 4 3 3
6890.6 -4974.2 -5.1 182 0 59.8 19.1 14.0 3.5 2 0 4 2 2
6817.4 -4942.5 -4.8 271 0 18.2 59.1 10.5 3.5 2 1 3 3 3
6341.3 -4576.9 -4.2 180 0 65.5 94.9 14.0 0.0 0 1 4 5 5
6342.2 1715.3 -2.5 178 0 58.3 14.0 14.0 3.5 2 0 4 5 5
6872.0 -4973.9 -4.9 2 0 60.1 17.5 10.5 3.5 2 0 3 4 4
5980.3 -2913.8 -5.1 359 0 88.2 98.5 12.5 0.0 0 1 5 5 5
6458.3 -4771.0 -4.3 270 0 59.6 101.8 14.0 0.0 0 1 4 5 5
6769.4 -4469.0 -5.2 91 0 28.9 60.5 17.5 0.0 0 1 5 3 3
6414.1 -4823.1 -4.4 360 0 102.6 72.9 14.0 0.0 0 0 4 1 1
6336.8 1805.1 -2.4 69 0 33.9 14.5 10.5 3.5 2 0 3 1 1
6377.8 -4888.2 -4.3 270 0 71.5 48.8 14.0 0.0 0 0 4 2 2
6934.5 -4449.0 -6.2 1 0 26.0 28.6 17.5 0.0 0 1 5 1 1
6379.9 -4491.8 -4.2 270 0 16.3 38.9 14.0 3.5 2 1 4 0 0
6817.8 -4469.4 -5.1 92 0 30.6 60.8 17.5 0.0 0 1 5 4 4
6090.0 -5026.6 -4.3 92 0 44.8 124.2 15.0 0.0 0 1 6 5 5
6603.9 -4671.4 -4.4 271 0 26.9 87.5 10.0 0.0 0 1 4 4 4
6764.5 -4637.1 -5.2 92 0 31.1 147.1 17.5 0.0 0 1 5 0 0
6027.7 -5025.7 -4.2 92 0 45.1 124.2 10.0 0.0 0 1 4 5 5
5966.0 -4558.7 -4.1 2 0 116.1 47.2 10.0 0.0 0 0 4 2 2
6641.1 -4733.8 -4.4 1 0 35.1 14.9 10.0 2.5 2 0 4 0 0
5965.5 -5024.8 -4.2 91 0 46.0 124.2 7.5 0.0 0 1 3 0 0
6435.8 -4499.5 -4.3 0 0 11.8 39.4 14.0 3.5 2 1 4 4 4
5890.2 -4520.0 -4.0 181 0 39.2 24.0 10.0 0.0 0 0 4 3 3
6122.5 -4785.2 -4.2 91 0 126.9 139.4 10.5 0.0 0 1 3 4 4
6225.9 -4518.7 -4.2 359 0 13.9 28.9 10.5 3.5 2 1 3 4 4
6815.5 -4655.5 -5.1 272 0 133.5 119.9 17.5 0.0 0 0 5 1 1
5981.3 -3087.3 -5.1 0 0 233.0 98.6 10.0 0.0 0 0 4 0 0
6377.9 -4752.9 -4.3 90 0 13.2 58.7 14.0 3.5 2 1 4 4 4
4531.6 833.3 -0.1 169 0 54.5 16.9 10.0 0.0 0 0 4 0 0
6875.4 -4857.7 -5.0 2 0 121.3 133.4 17.5 0.0 0 1 5 1 1
5955.7 -4782.4 -4.2 91 0 189.9 141.2 10.5 0.0 0 0 3 0 0
6492.3 1797.0 -3.6 0 0 11.2 21.0 14.0 3.5 2 1 4 4 4
6746.3 -5000.5 -4.6 91 0 14.7 60.0 10.5 3.5 2 1 3 0 0
