6291.2 -2981.8 -3.3 186 0 43.7 13.1 5.0 2.5 2 0 2 1 1
6245.5 -2803.2 -3.2 95 0 12.6 49.9 14.0 3.5 2 1 4 1 1
6185.2 -3416.4 -2.0 96 0 51.7 120.6 10.0 0.0 0 1 4 5 5
6310.0 -2915.3 -3.4 5 0 44.7 12.5 7.5 0.0 0 0 3 4 4
5677.2 -3336.7 0.4 95 0 35.9 68.8 14.0 0.0 0 1 4 4 4
6348.1 -2764.3 -4.0 275 0 12.7 49.3 14.0 3.5 2 1 4 2 2
6293.1 -3097.4 -3.2 96 0 11.7 77.8 10.0 2.5 2 1 4 5 5
5675.4 -3354.2 0.4 276 0 36.0 68.7 14.0 0.0 0 1 4 4 4
5724.7 -3359.6 0.4 275 0 35.4 67.7 14.0 0.0 0 1 4 3 3
5626.8 -3331.9 0.4 96 0 36.4 69.2 14.0 0.0 0 1 4 4 4
5726.9 -3343.5 0.5 96 0 35.7 69.8 14.0 0.0 0 1 4 3 3
5625.1 -3348.5 0.3 275 0 35.9 68.1 14.0 0.0 0 1 4 2 2
6118.4 -2764.9 -2.0 5 0 50.7 12.9 10.0 2.5 2 0 4 1 1
6196.4 -2798.5 -2.7 96 0 12.6 50.5 14.0 3.5 2 1 4 1 1
6119.8 -3409.4 -1.4 95 0 50.2 119.6 7.5 0.0 0 1 3 4 4
6298.9 -2758.0 -3.6 275 0 13.1 50.3 14.0 3.5 2 1 4 3 3
6054.3 -3403.3 -0.8 95 0 50.5 120.6 10.0 0.0 0 1 4 0 0
5608.1 9856.0 -13.3 259 0 15.4 13.3 5.0 2.5 2 0 2 0 0
5619.2 9844.6 -13.4 259 0 17.6 19.1 7.5 2.5 2 0 3 0 0
5764.8 9680.7 -13.9 171 0 10.6 16.0 7.5 2.5 2 0 3 1 1
5759.0 9694.9 -13.9 171 0 19.4 19.5 10.0 2.5 2 0 4 5 5
