121.5 -7677.5 -8.6 348 0 59.7 17.7 10.0 2.5 2 0 4 1 1
1129.2 -8301.6 -3.4 258 0 20.7 107.3 14.0 0.0 0 1 4 0 0
1089.1 -8309.7 -3.6 258 0 42.6 107.3 14.0 0.0 0 1 4 5 5
565.3 -4826.8 -7.9 338 0 103.9 38.6 10.0 0.0 0 0 4 1 1
-622.1 -10139.7 -7.4 349 0 59.5 13.1 7.5 2.5 2 0 3 2 2
423.6 -5197.1 -8.6 68 0 18.4 60.6 10.0 2.5 2 1 4 3 3
-6634.3 7084.9 -7.7 80 0 11.4 30.6 14.0 3.5 2 1 4 4 4
-6593.7 7092.9 -7.9 80 0 11.4 29.9 14.0 0.0 0 1 4 0 0
-6552.6 7099.9 -8.0 79 0 11.5 29.7 14.0 3.5 2 1 4 5 5
-4741.3 6923.5 -7.3 169 0 28.7 166.6 10.0 0.0 0 1 4 2 2
-4422.3 7390.3 -8.2 348 0 80.8 57.0 10.0 0.0 0 0 4 2 2
-4398.3 7241.3 -10.4 79 0 13.8 56.0 10.0 2.5 2 1 4 1 1
-6513.1 7107.4 -8.2 80 0 12.0 29.6 14.0 3.5 2 1 4 0 0
-6509.2 7097.5 -8.2 260 0 12.0 46.3 14.0 3.5 2 1 4 3 3
-4585.9 6997.7 -7.8 349 0 28.7 166.6 10.0 0.0 0 1 4 3 3
-6550.2 7089.3 -8.0 259 0 11.8 45.7 14.0 3.5 2 1 4 4 4
-5654.3 7196.9 -4.6 163 0 43.5 49.3 10.0 0.0 0 1 4 5 5
-4423.8 7195.0 -9.9 78 0 33.7 135.7 10.0 0.0 0 1 4 4 4
-6631.1 7074.6 -7.6 260 0 12.3 49.2 14.0 3.5 2 1 4 1 1
-6591.9 7082.3 -7.8 259 0 11.4 46.5 14.0 3.5 2 1 4 0 0
-6167.3 7183.7 -8.6 263 0 12.6 67.9 10.5 3.5 2 1 3 3 3
-5345.1 7052.9 -10.7 348 0 77.6 72.3 12.5 0.0 0 0 5 0 0
-4872.6 6955.1 -7.8 259 0 13.8 25.0 7.5 2.5 2 1 3 1 1
-5360.2 6550.5 -12.2 258 0 11.3 72.5 7.5 2.5 2 1 3 0 0
-5092.7 6558.5 -9.9 78 0 61.0 168.8 10.0 0.0 0 1 4 0 0
-5012.5 7116.7 -10.5 78 0 17.9 9.4 5.0 2.5 2 0 2 0 0
-4783.6 6925.5 -7.8 349 0 98.3 42.4 10.0 0.0 0 0 4 1 1
-5357.9 6575.3 -11.8 78 0 24.4 129.4 10.0 0.0 0 1 4 1 1
-5531.3 7174.0 -9.0 259 0 29.9 55.1 10.0 0.0 0 1 4 1 1
-4347.5 7036.5 -7.9 349 0 49.2 13.9 15.0 2.5 2 0 6 3 3
-4832.1 6862.9 -7.2 78 0 25.6 56.2 5.0 2.5 2 1 2 2 2
-5378.5 6547.4 -12.1 258 0 12.0 72.4 10.0 2.5 2 1 4 5 5
-5396.0 6543.7 -11.9 258 0 11.9 72.1 7.5 2.5 2 1 3 5 5
-6411.3 6433.1 -8.5 259 0 115.8 12.8 15.0 2.5 2 0 6 5 5
-5203.3 7151.1 -11.7 259 0 36.6 97.6 10.0 0.0 0 1 4 0 0
-4964.7 7027.8 -9.7 168 0 96.4 35.8 12.5 0.0 0 0 5 4 4
-5227.1 7045.4 -11.5 79 0 14.7 38.8 7.5 2.5 2 1 3 4 4
-5007.4 6993.0 -9.0 169 0 43.6 21.3 7.5 2.5 2 0 3 2 2
-5430.4 6991.2 -10.0 78 0 25.3 80.4 10.0 0.0 0 1 4 0 0
-6294.1 6456.6 -9.4 258 0 101.9 11.4 10.0 0.0 0 0 4 0 0
-5327.9 6498.9 -12.2 349 0 30.3 9.1 7.5 2.5 2 0 3 0 0
-5042.9 6595.2 -8.3 348 0 60.1 14.8 7.5 2.5 2 0 3 1 1
-4928.9 6943.1 -7.8 259 0 60.6 97.1 12.5 0.0 0 1 5 5 5
3899.3 -653.2 -5.3 261 0 11.7 47.8 14.0 3.5 2 1 4 3 3
3722.7 -678.1 -6.7 170 0 56.2 11.8 10.5 3.5 4 0 3 1 1
3770.5 -669.2 -6.5 349 0 56.1 12.0 10.5 3.5 2 0 3 0 0
902.3 -4447.3 -4.5 148 0 180.0 197.3 10.0 0.0 0 1 4 2 2
3736.4 -752.0 -6.0 170 0 69.0 11.7 10.5 3.5 2 0 3 0 0
3783.1 -743.1 -6.0 349 0 68.4 10.8 10.5 3.5 2 0 3 0 0
-4274.8 -10703.6 -9.0 113 0 18.3 76.3 10.0 2.5 2 1 4 3 3
-4428.2 -10479.5 -6.6 248 0 76.6 18.5 10.0 2.5 2 0 4 0 0
-4518.6 -10725.1 -8.3 67 0 17.7 115.5 10.0 0.0 0 1 4 1 1
-4245.5 -10551.8 -8.1 339 0 77.5 17.5 10.0 2.5 2 0 4 4 4
-4488.6 -10659.3 -8.3 338 0 76.6 17.1 12.5 0.0 0 0 5 3 3
-3535.6 -8583.0 -3.8 345 0 90.1 54.8 10.0 0.0 0 0 4 5 5
-4499.3 -10545.0 -7.6 204 0 77.2 17.8 10.0 0.0 0 0 4 3 3
-4315.1 -10482.2 -6.9 295 0 75.7 18.1 10.0 2.5 2 0 4 3 3
5951.2 -676.2 -6.0 150 0 42.2 117.2 10.0 0.0 0 1 4 0 0
-4484.1 -10222.6 -1.9 175 0 16.6 24.4 10.0 2.5 2 1 4 3 3
-415.9 -9622.7 -9.9 78 0 125.2 100.2 12.5 0.0 0 0 5 5 5
-4479.4 -10252.6 -2.8 167 0 17.4 24.2 10.0 2.5 4 1 4 3 3
-620.7 -9021.1 -10.1 347 0 59.7 13.0 7.5 2.5 2 0 3 1 1
-75.5 -10050.9 -3.8 348 0 95.9 12.5 5.0 2.5 2 0 2 2 2
-4470.8 -10281.5 -3.4 161 0 17.0 24.3 10.0 2.5 4 1 4 1 1
-4472.3 -10185.4 -2.0 270 0 24.6 17.1 10.0 2.5 2 0 4 1 1
-3906.8 -9661.0 -6.4 327 0 121.9 36.5 10.0 0.0 0 0 4 2 2
-2543.2 -9206.6 -4.4 257 0 22.1 90.3 10.0 0.0 0 1 4 2 2
-3603.3 -9729.0 -2.9 327 0 15.1 75.6 7.5 2.5 2 1 3 3 3
-2484.2 -9240.0 -5.7 348 0 90.1 22.4 12.5 0.0 0 0 5 1 1
-3573.0 -9534.8 -5.7 56 0 119.8 101.7 10.0 0.0 0 0 4 0 0
-3715.2 -9454.3 -6.5 147 0 45.2 217.3 10.0 0.0 0 1 4 4 4
-393.2 -9433.6 -10.4 348 0 100.7 124.3 7.5 0.0 0 1 3 4 4
-857.3 -6870.0 -5.9 351 0 72.0 97.9 10.0 0.0 0 1 4 4 4
117.0 -5322.7 -6.9 159 0 72.7 46.2 10.0 0.0 0 0 4 1 1
-3753.5 -9836.3 -5.0 56 0 75.9 15.2 12.5 2.5 2 0 5 5 5
4137.5 -734.3 -3.8 262 0 12.8 79.8 14.0 3.5 2 1 4 2 2
4078.5 -698.4 -4.1 263 0 12.2 54.2 14.0 0.0 0 1 4 3 3
4223.2 -789.0 -3.5 352 0 79.6 13.3 14.0 3.5 2 0 4 3 3
4043.7 -706.0 -4.4 263 0 12.3 49.8 14.0 3.5 2 1 4 4 4
4185.8 -776.7 -3.7 353 0 59.9 12.4 14.0 3.5 2 0 4 3 3
4145.7 -629.7 -3.6 262 0 15.0 88.8 14.0 3.5 2 1 4 0 0
205.0 -4655.6 -6.5 249 0 11.6 73.3 10.0 2.5 2 1 4 0 0
-558.2 -6019.0 -4.4 159 0 35.8 14.1 10.0 2.5 2 0 4 2 2
1195.9 -4683.5 -5.8 238 0 46.8 189.3 7.5 0.0 0 1 3 3 3
1446.2 -5311.9 -5.2 147 0 166.9 57.9 10.0 0.0 0 0 4 1 1
-641.5 -6527.1 -4.8 158 0 75.2 7.7 5.0 2.5 2 0 2 3 3
107.3 -4900.1 -8.1 69 0 95.4 116.1 15.0 0.0 0 1 6 1 1
-1372.7 -7195.4 -3.5 258 0 73.1 104.2 7.5 0.0 0 1 3 5 5
10.0 -7911.7 -9.2 348 0 107.9 95.5 14.0 0.0 0 0 4 4 4
238.9 -4454.7 -5.1 249 0 49.5 113.3 12.5 0.0 0 1 5 1 1
-321.1 -6281.7 -5.2 338 0 85.2 31.0 7.5 0.0 0 0 3 5 5
1529.8 -5081.3 -4.8 325 0 14.7 43.9 7.5 2.5 2 1 3 4 4
-229.8 -5880.4 -1.4 157 0 64.0 101.7 10.0 0.0 0 1 4 0 0
-521.9 -5818.4 -2.8 159 0 28.0 12.4 7.5 2.5 4 0 3 3 3
789.1 -4780.8 -7.1 249 0 27.6 70.6 10.0 0.0 0 1 4 5 5
1515.1 -4918.8 -4.9 328 0 71.2 35.4 7.5 0.0 0 0 3 2 2
-563.2 -5904.8 -3.9 246 0 25.3 58.9 10.0 2.5 2 1 4 3 3
829.0 -4765.4 -7.0 248 0 24.7 60.3 10.0 2.5 2 1 4 4 4
-530.0 -6262.0 -5.1 338 0 76.2 36.5 7.5 0.0 0 0 3 3 3
-515.0 -5883.5 -3.1 158 0 70.1 30.2 10.0 0.0 0 0 4 2 2
25.4 -5240.2 -8.2 68 0 44.8 135.0 10.0 0.0 0 1 4 4 4
-584.1 -6443.8 -4.7 68 0 48.1 92.1 7.5 0.0 0 1 3 4 4
-345.3 -6217.8 -5.1 338 0 31.8 98.8 7.5 0.0 0 1 3 2 2
-525.6 -6145.0 -4.4 338 0 67.6 19.3 15.0 2.5 2 0 6 3 3
285.8 -4642.9 -6.3 159 0 112.1 50.0 10.0 0.0 0 0 4 2 2
686.4 -4820.4 -7.4 249 0 41.7 97.0 10.0 0.0 0 1 4 1 1
-533.3 -6423.7 -4.7 68 0 23.2 92.6 5.0 0.0 0 1 2 0 0
564.7 -5230.6 -8.1 158 0 79.4 109.4 10.0 0.0 0 1 4 2 2
-478.1 -6113.2 -4.8 232 0 33.4 46.7 7.5 0.0 0 1 3 4 4
-470.7 -6392.4 -4.9 324 0 52.7 36.5 10.0 0.0 0 0 4 1 1
-365.0 -6074.6 -3.9 158 0 120.0 90.5 12.5 0.0 0 0 5 0 0
1428.7 -4843.6 -5.3 328 0 93.3 34.8 10.0 0.0 0 0 4 2 2
-467.4 -6089.8 -4.5 52 0 38.9 51.3 7.5 0.0 0 1 3 0 0
-615.5 -6177.5 -4.9 338 0 79.4 17.6 7.5 2.5 2 0 3 3 3
2034.3 -5206.9 1.9 325 0 91.1 150.6 10.0 0.0 0 1 4 4 4
-556.8 -6078.3 -4.0 339 0 61.3 19.6 7.5 2.5 2 0 3 2 2
-470.7 -6344.3 -5.3 53 0 99.6 51.4 12.5 0.0 0 0 5 4 4
-538.7 -6071.3 -4.4 158 0 60.3 14.0 10.0 2.5 2 0 4 1 1
1541.8 -5466.9 -4.8 145 0 104.3 59.7 15.0 0.0 0 0 6 1 1
-512.3 -6139.5 -4.2 159 0 67.1 15.0 7.5 2.5 2 0 3 0 0
-452.9 -6064.9 -4.2 142 0 20.2 40.1 7.5 0.0 0 1 3 1 1
-593.8 -6103.1 -4.5 338 0 68.0 35.6 10.0 0.0 0 0 4 5 5
-14.8 -5577.7 -4.2 158 0 89.0 24.0 7.5 0.0 0 0 3 1 1
-752.6 -6302.0 -4.3 248 0 42.4 62.8 10.0 0.0 0 1 4 2 2
-561.9 -6180.7 -5.0 338 0 75.5 36.6 10.0 0.0 0 0 4 4 4
1464.9 -5163.6 -5.0 238 0 53.9 17.3 7.5 0.0 0 0 3 5 5
1607.5 -5420.1 -4.6 144 0 103.8 47.7 10.0 0.0 0 0 4 0 0
938.0 -4722.1 -6.6 250 0 72.4 36.8 10.0 0.0 0 0 4 1 1
-330.7 -6170.7 -4.4 158 0 35.6 71.3 15.0 0.0 0 1 6 4 4
1716.8 -5566.5 -0.9 55 0 15.3 64.8 10.0 2.5 2 1 4 3 3
1615.2 -5570.5 -3.4 145 0 109.8 59.6 12.5 0.0 0 0 5 2 2
1564.1 -5169.3 -4.6 235 0 45.2 153.4 10.0 0.0 0 1 4 1 1
650.3 -4894.7 -7.6 159 0 112.3 24.2 7.5 0.0 0 0 3 1 1
57.2 -5653.2 -3.6 158 0 77.9 14.6 10.0 2.5 2 0 4 1 1
872.2 -4748.2 -6.9 249 0 36.4 54.2 7.5 0.0 0 1 3 4 4
-729.0 -6273.6 -4.0 157 0 51.0 17.5 7.5 2.5 2 0 3 2 2
1875.5 -5218.2 1.2 145 0 30.6 21.3 15.0 0.0 0 0 6 5 5
-180.8 -6109.6 -3.3 338 0 35.7 72.1 12.5 0.0 0 1 5 5 5
-220.5 -5542.1 -3.7 338 0 84.1 18.7 7.5 0.0 0 0 3 2 2
1741.9 -5548.6 -1.7 55 0 24.4 110.8 12.5 0.0 0 1 5 4 4
-628.9 -6331.1 -4.5 68 0 48.4 55.7 7.5 0.0 0 1 3 0 0
639.1 -5420.3 -7.5 159 0 67.6 110.9 10.0 0.0 0 1 4 5 5
-322.5 -5676.8 -2.1 157 0 41.7 78.1 12.5 0.0 0 1 5 5 5
-435.5 -6164.1 -4.9 232 0 60.1 36.5 7.5 0.0 0 0 3 2 2
21.1 -5667.7 -3.4 158 0 76.7 24.6 10.0 0.0 0 0 4 4 4
-503.6 -6188.3 -5.1 248 0 43.2 74.1 7.5 0.0 0 1 3 4 4
-68.2 -5005.7 -7.5 248 0 44.5 100.7 10.0 0.0 0 1 4 1 1
174.3 -5564.7 -4.5 338 0 27.0 68.4 10.0 0.0 0 1 4 4 4
1695.2 -5171.0 -4.5 325 0 153.1 45.7 12.5 0.0 0 0 5 1 1
-575.2 -6027.1 -4.1 339 0 35.4 20.7 7.5 0.0 0 0 3 3 3
2017.7 -5352.5 2.8 56 0 77.1 37.1 12.5 0.0 0 0 5 4 4
-301.1 -5844.6 -1.5 247 0 18.2 103.6 7.5 0.0 0 1 3 2 2
-646.0 -6248.8 -4.7 53 0 49.8 18.2 7.5 2.5 2 0 3 1 1
-582.8 -6267.3 -4.9 338 0 60.2 23.5 10.0 2.5 2 0 4 3 3
-288.8 -5583.2 -2.7 248 0 21.2 37.7 10.0 0.0 0 1 4 0 0
-23.4 -5685.3 -3.0 158 0 76.5 36.8 15.0 0.0 0 0 6 0 0
-701.8 -6623.9 -3.1 158 0 20.4 11.0 2.5 2.5 4 0 1 0 0
1982.1 -5137.6 1.8 325 0 38.6 65.0 7.5 0.0 0 1 3 1 1
-595.0 -5989.3 -4.1 339 0 35.0 13.6 10.0 2.5 2 0 4 4 4
1936.4 -5393.4 3.5 144 0 24.1 37.5 10.0 0.0 0 1 4 1 1
-707.0 -6224.9 -4.3 247 0 17.6 51.2 7.5 2.5 2 1 3 0 0
-1287.2 -7334.2 -2.6 349 0 30.9 22.7 10.0 0.0 0 0 4 4 4
1618.6 -3916.5 -0.3 145 0 107.6 38.8 12.5 0.0 0 0 5 3 3
741.4 -4798.5 -7.3 249 0 42.3 96.2 7.5 0.0 0 1 3 0 0
1880.2 -5439.0 2.7 55 0 15.6 48.9 15.0 2.5 2 1 6 2 2
-429.9 -5897.6 -2.8 247 0 18.2 104.7 10.0 0.0 0 1 4 4 4
-305.8 -6392.0 -5.7 270 0 15.1 32.4 10.0 2.5 2 1 4 1 1
1554.0 -3823.9 -2.1 145 0 96.6 34.0 10.0 0.0 0 0 4 1 1
-4782.8 7100.6 -9.8 169 0 30.8 52.5 10.0 0.0 0 1 4 2 2
-4854.3 7214.4 -11.2 348 0 12.2 17.5 5.0 2.5 2 1 2 5 5
-5230.5 7025.2 -11.8 258 0 36.1 97.6 7.5 0.0 0 1 3 1 1
-5132.2 7045.2 -10.7 258 0 36.1 99.2 7.5 0.0 0 1 3 2 2
-4774.5 7061.9 -9.2 169 0 31.0 52.7 10.0 0.0 0 1 4 0 0
-4799.9 7267.8 -10.9 258 0 31.0 80.5 7.5 0.0 0 1 3 0 0
-6022.8 7071.6 -6.4 56 0 122.1 13.1 10.5 0.0 0 0 3 1 1
-4735.7 7025.3 -8.7 78 0 13.1 22.3 7.5 2.5 2 1 3 4 4
-5582.9 7064.5 -8.7 169 0 13.5 17.5 5.0 2.5 2 1 2 5 5
-4734.4 7300.4 -8.2 79 0 7.2 30.8 2.5 2.5 2 1 1 1 1
-4974.2 6844.3 -7.4 168 0 36.7 7.3 7.5 2.5 4 0 3 0 0
-5405.0 6893.4 -10.5 77 0 18.7 90.9 10.0 0.0 0 1 4 4 4
-5120.9 7258.7 -10.9 259 0 30.2 73.3 12.5 0.0 0 1 5 2 2
-5114.2 6908.9 -10.0 259 0 22.2 77.5 7.5 0.0 0 1 3 0 0
-5526.6 7189.6 -6.0 168 0 8.2 16.7 7.5 2.5 2 1 3 2 2
-5318.5 7058.4 -10.9 348 0 77.3 25.8 7.5 0.0 0 0 3 5 5
-5209.1 6846.1 -11.5 348 0 68.8 7.5 7.5 2.5 2 0 3 5 5
-5612.2 7120.0 -8.3 169 0 29.7 12.2 12.5 0.0 0 0 5 3 3
-5468.9 7175.0 -9.7 258 0 37.0 87.5 10.0 0.0 0 1 4 4 4
-5081.7 7055.2 -9.8 259 0 35.7 97.8 7.5 0.0 0 1 3 0 0
-4725.4 7136.2 -10.1 169 0 27.0 29.7 7.5 0.0 0 1 3 2 2
-5077.7 6903.2 -9.3 258 0 11.7 47.6 7.5 2.5 2 1 3 2 2
-4761.3 7140.9 -10.2 168 0 19.8 23.9 12.5 2.5 2 1 5 2 2
-4881.3 7206.2 -11.2 347 0 8.4 31.2 7.5 2.5 2 1 3 1 1
-5047.1 6921.8 -9.0 259 0 30.3 72.1 10.0 0.0 0 1 4 1 1
-5243.3 7101.2 -11.2 78 0 23.9 15.0 7.5 0.0 0 0 3 5 5
-5443.4 6496.4 -11.6 169 0 71.7 15.6 10.0 2.5 2 0 4 3 3
-4759.5 7275.2 -10.9 258 0 30.9 79.7 12.5 0.0 0 1 5 5 5
-4865.2 6998.4 -9.3 79 0 32.5 70.9 7.5 0.0 0 1 3 3 3
-4770.4 7351.2 -6.5 257 0 8.1 14.1 2.5 2.5 2 1 1 5 5
-5227.9 7187.0 -10.7 258 0 96.0 19.4 12.5 0.0 0 0 5 2 2
-4593.7 7220.2 -10.4 348 0 93.7 4.2 7.5 2.5 2 0 3 1 1
-5001.2 7213.9 -10.8 259 0 91.4 10.2 10.0 2.5 2 0 4 5 5
-5438.5 6893.5 -10.2 77 0 16.6 63.2 7.5 2.5 2 1 3 4 4
-4747.3 7361.6 -6.5 260 0 13.4 20.1 7.5 2.5 2 1 3 5 5
-5189.6 6700.7 -10.7 168 0 19.3 28.7 7.5 2.5 2 1 3 4 4
-5116.6 7272.5 -7.5 79 0 15.2 18.0 10.0 2.5 4 1 4 2 2
-4998.5 7275.9 -9.5 169 0 82.7 34.0 12.5 0.0 0 0 5 1 1
-5199.0 7217.3 -9.3 168 0 43.2 13.4 12.5 2.5 2 0 5 5 5
-5015.2 7065.8 -9.8 170 0 9.1 9.8 5.0 2.5 2 1 2 4 4
-4642.8 7328.9 -9.0 349 0 59.8 63.1 12.5 0.0 0 1 5 1 1
-5358.8 7279.2 -6.3 348 0 43.8 7.7 7.5 2.5 2 0 3 3 3
-5316.5 6759.1 -12.1 259 0 23.5 87.7 12.5 0.0 0 1 5 2 2
-5601.6 7061.0 -8.5 169 0 12.5 13.0 2.5 2.5 2 1 1 5 5
-4987.9 6912.1 -7.8 169 0 36.8 6.4 5.0 2.5 2 0 2 5 5
-5417.0 6538.8 -11.8 258 0 18.6 72.3 10.0 2.5 2 1 4 2 2
-4689.1 7030.9 -9.4 79 0 32.4 81.5 12.5 0.0 0 1 5 1 1
-4789.7 7135.0 -10.2 168 0 20.0 20.4 10.0 2.5 2 1 4 1 1
-4767.8 7168.3 -10.5 167 0 7.7 22.8 5.0 2.5 4 1 2 5 5
-4799.8 7047.3 -9.3 348 0 59.3 5.8 7.5 2.5 2 0 3 0 0
-4892.7 6989.5 -9.0 79 0 7.9 53.3 7.5 2.5 2 1 3 5 5
-4843.0 7111.8 -9.9 349 0 6.5 50.3 7.5 2.5 2 1 3 4 4
-4844.1 7163.3 -11.0 348 0 72.8 59.8 7.5 0.0 0 0 3 3 3
-5478.6 7275.2 -4.0 259 0 29.9 17.1 10.0 2.5 2 0 4 4 4
-4691.4 7253.0 -11.1 258 0 23.7 19.0 12.5 2.5 2 0 5 0 0
-4610.8 7046.9 -9.5 78 0 87.8 90.5 12.5 0.0 0 1 5 1 1
-5337.8 7178.3 -9.1 349 0 31.1 71.2 7.5 0.0 0 1 3 4 4
-5785.0 7336.5 -6.8 78 0 10.5 58.2 10.0 2.5 2 1 4 2 2
-4717.3 7293.9 -10.1 169 0 66.3 7.5 7.5 0.0 0 0 3 4 4
-5461.7 6987.3 -9.8 77 0 18.0 74.3 10.0 2.5 2 1 4 1 1
-4634.7 7284.6 -9.7 349 0 8.5 42.7 7.5 2.5 2 1 3 5 5
-5289.7 7178.7 -9.6 261 0 6.5 6.2 7.5 2.5 2 0 3 4 4
-4978.1 7091.9 -10.0 169 0 6.3 28.5 7.5 2.5 4 1 3 0 0
-5327.2 7127.2 -10.5 349 0 28.7 71.1 10.0 0.0 0 1 4 3 3
-5584.6 7125.9 -8.5 169 0 29.5 8.9 7.5 2.5 4 0 3 1 1
-5547.9 7008.0 -9.6 167 0 78.6 59.6 10.0 0.0 0 0 4 2 2
-5543.6 7205.3 -5.4 165 0 8.1 26.9 5.0 2.5 2 1 2 5 5
-5192.9 6851.4 -11.1 168 0 67.1 31.0 7.5 0.0 0 0 3 0 0
-5155.4 6810.4 -10.7 259 0 54.4 81.5 10.0 0.0 0 1 4 1 1
-4793.8 7159.9 -10.5 168 0 14.7 6.4 5.0 2.5 2 0 2 2 2
-5575.8 7164.4 -5.6 348 0 10.1 20.9 5.0 2.5 2 1 2 2 2
-4615.8 7260.3 -11.1 348 0 19.6 25.0 5.0 2.5 2 1 2 1 1
-4732.7 7166.1 -10.4 169 0 13.4 30.8 10.0 2.5 4 1 4 5 5
-5204.4 7250.2 -6.5 168 0 19.2 10.6 5.0 2.5 2 0 2 0 0
-5314.6 6783.8 -11.5 79 0 24.9 83.9 7.5 0.0 0 1 3 5 5
-5282.6 6968.9 -11.4 347 0 89.2 115.1 10.0 0.0 0 1 4 5 5
-5357.6 7233.9 -6.5 348 0 14.0 96.8 7.5 2.5 2 1 3 5 5
-5358.6 6750.1 -11.8 259 0 23.6 86.1 10.0 0.0 0 1 4 5 5
-4671.4 7384.5 -6.0 258 0 19.3 20.7 10.0 2.5 2 1 4 2 2
-5274.4 6767.8 -12.0 258 0 23.6 88.3 5.0 0.0 0 1 2 3 3
-5084.5 6784.6 -9.4 348 0 77.3 12.5 12.5 2.5 2 0 5 0 0
-5452.5 6491.9 -11.4 349 0 64.3 4.5 7.5 2.5 2 0 3 2 2
-4604.4 7213.3 -11.0 348 0 60.2 25.2 10.0 2.5 2 0 4 1 1
-5181.3 7035.3 -11.5 258 0 36.6 98.0 7.5 0.0 0 1 3 1 1
-5502.4 7271.1 -4.0 257 0 6.7 16.1 5.0 2.5 2 1 2 5 5
-5056.2 6817.1 -9.0 78 0 43.7 12.3 7.5 0.0 0 0 3 0 0
-5511.0 6688.8 -10.2 75 0 8.2 33.9 7.5 2.5 2 1 3 2 2
-4759.7 7020.7 -8.7 78 0 13.1 22.3 12.5 2.5 2 1 5 2 2
-4925.0 7071.5 -9.9 168 0 48.7 8.1 7.5 2.5 4 0 3 0 0
-5647.5 7126.7 -8.1 168 0 58.2 11.4 12.5 2.5 2 0 5 5 5
-5145.6 6895.2 -10.5 258 0 29.7 74.2 7.5 0.0 0 1 3 0 0
-5153.7 7161.0 -11.4 259 0 35.4 97.6 10.0 0.0 0 1 4 0 0
-5541.5 7195.3 -5.6 255 0 5.8 8.5 7.5 2.5 2 1 3 3 3
-5035.8 7222.8 -9.7 79 0 35.2 83.2 7.5 0.0 0 1 3 3 3
-5487.8 6877.1 -10.0 77 0 60.8 89.1 7.5 0.0 0 1 3 5 5
-5424.8 7282.9 -5.3 259 0 75.6 9.6 7.5 2.5 4 0 3 3 3
-5246.1 6772.9 -11.8 258 0 9.8 66.2 7.5 2.5 2 1 3 1 1
-5612.9 7050.7 -8.4 78 0 13.5 31.8 7.5 2.5 2 1 3 3 3
-5161.8 7251.6 -11.0 258 0 30.7 73.5 12.5 0.0 0 1 5 3 3
-5347.4 7281.3 -6.4 348 0 44.2 7.2 7.5 2.5 2 0 3 3 3
-4980.6 6878.1 -7.6 168 0 29.9 7.9 5.0 0.0 0 0 2 2 2
-5010.4 6808.7 -8.1 78 0 8.6 29.5 7.5 0.0 0 1 3 4 4
-5349.0 6776.2 -11.3 79 0 24.9 84.1 10.0 0.0 0 1 4 3 3
-4738.7 7015.7 -8.4 77 0 50.9 8.0 7.5 2.5 2 0 3 0 0
-4870.7 7267.3 -10.4 348 0 64.1 72.9 10.0 0.0 0 1 4 3 3
-4638.4 7188.5 -11.0 349 0 95.3 56.8 10.0 0.0 0 0 4 4 4
-4428.7 -10294.9 -3.7 335 0 17.1 24.0 7.5 2.5 2 1 3 5 5
-6573.2 6032.1 -6.2 358 0 66.4 14.3 14.0 3.5 2 0 4 5 5
-6462.7 5946.7 -5.5 88 0 13.3 66.7 7.5 2.5 2 1 3 1 1
-6476.3 6049.5 -5.5 177 0 45.9 12.8 12.5 2.5 2 0 5 1 1
-6514.0 6050.9 -5.7 177 0 42.5 11.8 10.0 2.5 2 0 4 3 3
-6511.7 5977.3 -5.8 176 0 65.4 12.6 12.5 2.5 2 0 5 0 0
-6232.4 6413.4 -9.1 356 0 46.0 10.8 7.5 2.5 2 0 3 0 0
-6277.6 6427.8 -8.8 266 0 11.0 62.4 7.5 2.5 2 1 3 2 2
-6317.9 6417.9 -8.5 266 0 13.7 83.9 7.5 2.5 2 1 3 0 0
-6357.9 6401.3 -8.1 266 0 11.0 87.1 10.0 2.5 2 1 4 2 2
-6393.0 6405.9 -7.9 267 0 11.4 48.5 10.0 2.5 4 1 4 2 2
-6387.6 6305.8 -7.4 87 0 13.1 42.3 7.5 2.5 2 1 3 0 0
-6426.9 6400.0 -7.7 267 0 13.6 44.3 10.0 2.5 2 1 4 0 0
-6424.3 6347.2 -7.2 265 0 13.8 44.9 7.5 2.5 2 1 3 2 2
-6461.7 6392.9 -7.4 266 0 14.1 89.2 7.5 2.5 2 1 3 1 1
-6495.9 6385.7 -7.1 267 0 12.1 85.4 7.5 0.0 0 1 3 3 3
-6534.4 6338.8 -6.8 176 0 83.6 12.8 7.5 2.5 2 0 3 1 1
6122.9 9921.6 -13.9 178 0 29.2 41.3 7.5 0.0 0 1 3 5 5
6679.5 10323.8 -15.2 351 0 28.4 133.5 7.5 0.0 0 1 3 0 0
6106.4 9980.0 -13.9 356 0 148.1 21.6 10.0 0.0 0 0 4 4 4
6333.3 10127.9 -15.6 358 0 192.8 40.5 10.0 0.0 0 0 4 0 0
6340.5 9990.8 -15.5 358 0 41.4 158.5 12.5 0.0 0 1 5 2 2
-6358.8 7076.1 -8.8 83 0 12.7 87.0 7.5 2.5 2 1 3 4 4
-6447.7 7212.6 -8.8 263 0 11.5 75.3 7.5 2.5 2 1 3 4 4
-6262.0 7224.6 -9.6 353 0 64.4 11.1 7.5 2.5 2 0 3 3 3
-6480.2 7170.0 -8.6 172 0 76.0 11.5 10.0 2.5 2 0 4 5 5
-6152.8 7034.2 -8.3 82 0 10.5 74.5 10.5 3.5 2 1 3 0 0
-6454.8 7261.3 -9.0 262 0 13.0 42.5 10.0 2.5 2 1 4 3 3
-6321.9 7084.1 -9.0 83 0 12.7 85.0 5.0 2.5 2 1 2 5 5
-6204.7 7145.8 -8.6 173 0 67.6 11.7 10.5 3.5 2 0 3 1 1
-6108.5 7269.7 -9.3 263 0 12.1 70.7 10.5 0.0 0 1 3 4 4
-6144.0 7269.6 -10.0 263 0 11.6 72.4 10.5 3.5 2 1 3 3 3
-6078.2 7120.3 -7.6 263 0 11.7 45.5 10.5 3.5 2 1 3 1 1
-6308.7 7256.9 -9.5 263 0 10.7 70.0 7.5 2.5 2 1 3 0 0
-6204.2 7061.8 -8.0 172 0 86.5 13.7 10.5 3.5 2 0 3 0 0
-6426.8 7060.8 -8.5 82 0 12.0 68.0 10.0 2.5 2 1 4 2 2
-6250.1 7137.4 -9.3 352 0 82.4 12.5 10.0 0.0 0 0 4 1 1
-6123.1 7155.8 -8.9 352 0 67.8 11.7 10.5 0.0 0 0 3 1 1
-6486.2 7262.5 -8.8 263 0 13.1 47.7 7.5 2.5 2 1 3 3 3
-6112.0 7052.8 -8.4 83 0 10.9 62.0 10.5 3.5 2 1 3 5 5
-6382.1 7256.9 -9.2 263 0 12.0 79.5 7.5 2.5 2 1 3 4 4
-6394.5 7067.4 -8.7 82 0 12.1 91.5 7.5 2.5 2 1 3 5 5
-6178.6 7264.2 -10.0 263 0 11.2 71.5 10.5 3.5 2 1 3 5 5
-6344.2 7256.0 -9.4 262 0 11.3 73.4 7.5 0.0 0 1 3 4 4
-6286.4 7090.1 -9.1 82 0 12.2 83.1 10.0 2.5 2 1 4 2 2
-6374.1 7050.3 -8.3 257 0 50.5 16.4 7.5 2.5 2 0 3 5 5
-6088.4 7160.6 -9.1 352 0 67.3 12.0 10.5 3.5 2 0 3 2 2
-6459.3 7055.8 -8.3 82 0 11.3 69.2 10.0 2.5 2 1 4 2 2
-6420.6 7258.7 -9.1 262 0 11.8 86.4 10.0 2.5 2 1 4 1 1
1537.7 -9928.3 -2.1 262 0 79.1 65.6 3.5 0.0 0 0 1 0 0
1443.6 -9842.3 -4.5 257 0 44.1 14.9 3.5 3.5 2 0 1 0 0
1507.5 -9913.0 -3.1 80 0 24.5 34.7 3.5 0.0 0 1 1 3 3
1585.8 -9664.6 -6.3 259 0 13.3 25.8 3.5 0.0 0 1 1 4 4
1535.9 -9684.0 -5.9 257 0 10.4 32.7 3.5 3.5 2 1 1 4 4
1519.8 -9688.3 -6.0 257 0 10.7 31.7 3.5 0.0 0 1 1 3 3
1502.2 -9693.2 -6.2 257 0 8.3 30.3 3.5 3.5 2 1 1 1 1
1545.0 -9793.0 -5.4 76 0 56.6 59.4 3.5 0.0 0 1 1 0 0
547.9 -8211.0 -6.6 348 0 40.9 48.4 3.5 0.0 0 1 1 2 2
939.3 -8891.3 -2.0 77 0 35.7 36.0 3.5 0.0 0 1 1 0 0
917.1 -8791.0 -2.6 258 0 35.1 36.7 3.5 0.0 0 1 1 3 3
850.1 -8807.8 -2.3 258 0 60.5 33.2 3.5 0.0 0 0 1 0 0
869.6 -8898.7 -1.7 78 0 60.2 25.7 3.5 3.5 2 0 1 2 2
782.6 -8989.9 -0.8 77 0 26.0 48.6 3.5 0.0 0 1 1 5 5
753.6 -8909.5 -1.4 168 0 28.9 52.6 3.5 0.0 0 1 1 5 5
690.7 -8542.6 -4.7 257 0 14.7 56.7 3.5 0.0 0 1 1 4 4
878.6 -8626.7 -3.9 348 0 53.9 143.3 3.5 0.0 0 1 1 3 3
781.3 -8727.3 -3.3 347 0 49.8 42.2 3.5 0.0 0 0 1 1 1
736.3 -8852.0 -2.0 165 0 29.8 61.7 3.5 0.0 0 1 1 0 0
587.7 -8543.9 -5.5 347 0 153.3 78.8 2.5 0.0 0 0 1 0 0
615.2 -8660.4 -4.0 347 0 87.1 90.5 2.5 0.0 0 0 1 1 1
645.7 -8441.6 -5.3 168 0 45.8 18.2 3.5 3.5 2 0 1 1 1
717.5 -8464.1 -4.9 258 0 29.0 28.3 3.5 0.0 0 0 1 5 5
779.9 -8390.8 -4.8 257 0 22.3 82.9 3.5 0.0 0 0 1 2 2
813.1 -8484.9 -4.6 346 0 18.7 59.7 3.5 3.5 4 1 1 0 0
813.3 -8545.7 -4.6 349 0 59.5 85.7 3.5 0.0 0 1 1 3 3
696.9 -8286.3 -6.1 78 0 42.0 123.4 3.5 0.0 0 1 1 0 0
757.5 -8373.2 -5.0 257 0 60.4 22.1 3.5 3.5 2 0 1 2 2
884.6 -8359.4 -4.5 259 0 79.4 123.6 3.5 0.0 0 1 1 3 3
320.2 -8114.3 -7.6 256 0 16.7 30.0 3.5 3.5 2 1 1 3 3
431.1 -8187.0 -6.9 256 0 14.3 34.2 3.5 0.0 0 1 1 3 3
463.6 -8300.2 -6.9 78 0 55.7 72.1 3.5 0.0 0 1 1 5 5
564.0 -8281.4 -6.5 347 0 94.0 50.8 3.5 0.0 0 0 1 2 2
543.3 -8163.5 -6.8 347 0 48.1 64.5 3.5 0.0 0 1 1 0 0
532.6 -8112.4 -6.9 347 0 49.7 29.3 3.5 0.0 0 0 1 5 5
447.6 -8112.0 -7.2 257 0 93.2 46.6 3.5 0.0 0 0 1 4 4
401.7 -8368.8 -6.9 76 0 66.4 74.6 3.5 0.0 0 1 1 3 3
297.9 -8194.5 -7.6 257 0 69.8 66.6 3.5 0.0 0 0 1 1 1
330.6 -8381.3 -6.9 78 0 58.5 72.6 3.5 0.0 0 1 1 2 2
340.9 -7883.6 -8.6 77 0 20.3 82.7 3.5 0.0 0 1 1 3 3
374.5 -7874.6 -8.5 78 0 20.5 84.3 3.5 0.0 0 1 1 2 2
432.6 -7903.1 -7.8 166 0 35.7 23.5 3.5 0.0 0 0 1 1 1
480.3 -7893.5 -7.7 347 0 43.5 13.6 3.5 3.5 2 0 1 3 3
460.6 -7817.1 -8.1 348 0 84.4 30.2 3.5 0.0 0 0 1 0 0
290.3 -7658.8 -8.4 258 0 51.1 118.8 3.5 0.0 0 1 1 2 2
590.0 -7918.8 -7.3 77 0 18.2 56.8 3.5 3.5 2 1 1 3 3
528.9 -7795.9 -7.8 170 0 86.2 113.0 3.5 0.0 0 1 1 3 3
829.4 -7820.7 -6.4 346 0 43.3 60.2 3.5 0.0 0 1 1 2 2
693.2 -7807.7 -7.3 76 0 49.0 85.8 3.5 0.0 0 1 1 1 1
576.3 -7711.2 -7.7 167 0 43.5 121.9 3.5 0.0 0 1 1 2 2
1017.1 -8246.2 -4.3 73 0 32.9 31.8 3.5 0.0 0 0 1 4 4
741.7 -8119.8 -5.8 349 0 37.2 16.2 3.5 3.5 2 0 1 0 0
754.5 -8237.2 -5.6 77 0 19.2 61.6 3.5 3.5 2 1 1 1 1
597.2 -8197.3 -6.2 170 0 52.9 16.3 3.5 3.5 2 0 1 5 5
682.1 -8055.7 -6.2 258 0 25.1 86.2 3.5 0.0 0 1 1 5 5
827.0 -7959.5 -6.0 76 0 55.8 35.2 3.5 0.0 0 0 1 0 0
760.1 -7962.4 -6.7 78 0 30.6 125.9 3.5 0.0 0 1 1 0 0
982.7 -7955.1 -5.2 343 0 43.9 14.6 3.5 3.5 2 0 1 5 5
975.5 -8026.5 -5.0 73 0 13.1 25.9 3.5 3.5 2 1 1 2 2
937.3 -7936.5 -5.3 256 0 24.2 57.5 3.5 3.5 2 1 1 4 4
894.5 -8068.7 -5.5 346 0 115.4 15.3 3.5 0.0 0 0 1 3 3
864.8 -8228.7 -5.3 77 0 53.4 82.8 3.5 0.0 0 1 1 4 4
1486.4 -7757.9 -4.4 258 0 55.4 259.3 3.5 0.0 0 1 1 1 1
1357.9 -7727.5 -5.8 78 0 97.1 251.0 3.5 0.0 0 1 1 4 4
1355.9 -7762.5 -4.5 258 0 89.1 252.8 3.5 0.0 0 1 1 0 0
1218.1 -7759.7 -5.9 80 0 77.2 251.9 3.5 0.0 0 1 1 3 3
1228.2 -7785.7 -4.6 258 0 83.4 173.2 3.5 0.0 0 1 1 4 4
1083.5 -7780.0 -6.5 79 0 87.7 246.2 3.5 0.0 0 1 1 3 3
1094.1 -7815.5 -5.1 260 0 71.7 157.3 3.5 0.0 0 1 1 4 4
893.9 -7698.3 -6.8 168 0 245.0 81.6 3.5 0.0 0 0 1 5 5
774.5 -7520.7 -7.7 349 0 91.5 173.1 3.5 0.0 0 1 1 3 3
434.6 -7584.0 -8.0 169 0 86.2 158.9 3.5 0.0 0 1 1 4 4
751.5 -7417.1 -7.6 350 0 90.0 163.2 3.5 0.0 0 1 1 1 1
363.5 -7489.3 -7.9 169 0 87.6 213.3 3.5 0.0 0 1 1 3 3
717.5 -7271.1 -7.3 349 0 92.7 159.1 3.5 0.0 0 1 1 2 2
393.8 -7335.0 -7.6 170 0 95.6 153.0 3.5 0.0 0 1 1 0 0
218.6 -7362.4 -7.9 170 0 86.7 159.3 3.5 0.0 0 1 1 3 3
589.0 -7133.0 -7.1 260 0 111.8 98.8 3.5 0.0 0 0 1 5 5
436.4 -7163.0 -7.4 259 0 160.1 100.2 3.5 0.0 0 0 1 0 0
140.1 -7270.8 -7.9 170 0 96.8 218.4 3.5 0.0 0 1 1 4 4
1918.5 -4548.9 -3.4 237 0 12.2 14.0 2.5 2.5 2 1 1 4 4
1949.1 -4582.6 -3.3 326 0 14.6 12.4 2.5 0.0 0 0 1 4 4
1971.4 -4609.2 -2.4 324 0 11.1 12.4 2.5 2.5 2 1 1 4 4
1811.7 -5313.3 -2.6 325 0 147.3 93.0 2.5 0.0 0 0 1 5 5
1910.0 -5062.0 -0.8 326 0 96.2 35.5 2.5 0.0 0 0 1 4 4
1808.5 -5130.3 -2.8 145 0 127.8 71.0 2.5 0.0 0 0 1 1 1
1861.3 -4960.9 -3.5 325 0 41.4 93.9 2.5 0.0 0 1 1 0 0
1840.5 -4898.2 -3.5 327 0 40.2 20.5 2.5 0.0 0 0 1 3 3
1783.1 -4907.5 -3.9 237 0 24.6 52.9 2.5 2.5 2 1 1 1 1
1917.1 -4694.4 -3.5 54 0 13.8 48.7 2.5 2.5 2 1 1 1 1
1834.3 -4698.8 -3.7 235 0 56.5 40.1 2.5 0.0 0 0 1 1 1
1723.8 -4656.1 -4.2 324 0 68.2 27.6 2.5 0.0 0 0 1 1 1
1799.3 -4600.2 -3.9 325 0 61.6 27.1 2.5 0.0 0 0 1 1 1
1636.7 -4420.1 -3.3 56 0 59.6 40.9 2.5 0.0 0 0 1 0 0
1546.9 -4478.2 -3.9 59 0 81.2 36.9 2.5 0.0 0 0 1 3 3
1657.9 -4585.2 -4.3 56 0 26.2 85.9 2.5 0.0 0 1 1 0 0
1395.1 -5043.8 -5.4 55 0 33.3 75.2 2.5 0.0 0 1 1 5 5
1440.7 -5018.3 -5.3 58 0 38.6 80.5 2.5 0.0 0 1 1 3 3
1481.5 -4985.0 -5.1 56 0 33.8 73.3 2.5 0.0 0 1 1 1 1
1195.3 -4907.9 -6.0 56 0 8.0 39.5 2.5 2.5 2 1 1 5 5
1145.8 -4838.4 -6.1 145 0 48.9 10.9 2.5 2.5 2 0 1 1 1
1102.8 -4775.3 -6.2 149 0 53.3 18.0 2.5 2.5 2 0 1 4 4
1157.9 -4705.0 -6.0 238 0 22.6 97.4 2.5 0.0 0 1 1 2 2
1254.3 -4644.9 -5.4 239 0 42.9 187.3 2.5 0.0 0 1 1 2 2
1387.4 -4724.9 -5.4 328 0 99.3 31.8 2.5 0.0 0 0 1 5 5
1292.3 -4933.3 -5.6 148 0 97.6 115.9 2.5 0.0 0 1 1 0 0
1243.7 -4541.6 -4.5 60 0 10.2 58.4 2.5 2.5 2 1 1 0 0
1007.2 -4621.1 -5.8 148 0 153.0 222.5 2.5 0.0 0 1 1 3 3
618.4 -4385.3 -3.9 155 0 66.4 25.0 2.5 0.0 0 0 1 4 4
727.7 -4319.3 -3.4 339 0 50.1 73.0 2.5 0.0 0 1 1 3 3
748.5 -4377.1 -4.0 339 0 49.8 73.7 2.5 0.0 0 1 1 4 4
854.8 -4717.2 -6.4 70 0 48.6 29.4 2.5 0.0 0 0 1 2 2
789.2 -4740.0 -6.6 69 0 53.0 112.8 2.5 0.0 0 1 1 2 2
813.1 -4606.8 -6.0 249 0 51.4 75.6 2.5 0.0 0 1 1 4 4
809.9 -4436.7 -4.0 67 0 14.1 48.7 2.5 2.5 4 1 1 3 3
742.9 -4468.3 -4.4 68 0 73.6 47.6 2.5 0.0 0 0 1 0 0
835.1 -4567.4 -5.2 68 0 58.0 97.2 2.5 0.0 0 1 1 5 5
657.2 -4549.2 -5.2 340 0 23.0 10.2 2.5 2.5 2 0 1 4 4
683.7 -4606.0 -5.7 342 0 32.5 15.1 2.5 2.5 4 0 1 4 4
644.0 -4646.2 -5.9 68 0 10.8 31.4 2.5 2.5 4 1 1 4 4
614.2 -4549.2 -5.4 248 0 9.9 46.1 2.5 2.5 2 1 1 3 3
669.8 -4789.1 -7.1 71 0 37.6 118.0 2.5 0.0 0 1 1 0 0
342.2 -4447.6 -4.2 249 0 58.3 16.3 2.5 2.5 2 0 1 3 3
387.6 -4530.1 -5.0 340 0 26.0 36.2 2.5 0.0 0 1 1 1 1
436.2 -4512.4 -4.9 338 0 25.6 37.5 2.5 0.0 0 1 1 1 1
423.5 -4465.4 -4.4 338 0 29.5 17.4 2.5 2.5 2 0 1 4 4
391.5 -4628.4 -6.3 338 0 105.4 35.7 2.5 0.0 0 0 1 4 4
427.9 -4612.6 -6.1 340 0 107.4 24.1 2.5 0.0 0 0 1 4 4
477.6 -4593.8 -6.0 340 0 109.0 40.3 2.5 0.0 0 0 1 0 0
472.1 -4727.8 -7.1 339 0 101.6 25.2 2.5 0.0 0 0 1 0 0
519.8 -4709.5 -7.0 339 0 101.8 38.6 2.5 0.0 0 0 1 4 4
386.0 -4948.0 -8.6 68 0 23.7 96.1 2.5 0.0 0 1 1 0 0
430.6 -4930.9 -8.5 67 0 37.8 91.9 2.5 0.0 0 1 1 2 2
513.1 -4843.8 -8.2 339 0 103.7 75.4 2.5 0.0 0 0 1 4 4
612.0 -4942.9 -8.1 340 0 114.4 39.2 2.5 0.0 0 0 1 2 2
542.4 -5019.0 -8.4 69 0 78.4 104.3 2.5 0.0 0 1 1 3 3
476.3 -5048.2 -8.6 69 0 39.0 108.4 2.5 0.0 0 1 1 2 2
476.7 -5112.7 -8.3 247 0 20.4 57.4 2.5 2.5 2 1 1 3 3
600.1 -5068.2 -7.9 246 0 25.6 82.1 2.5 0.0 0 1 1 5 5
178.9 -4884.7 -8.1 69 0 26.4 98.6 2.5 0.0 0 1 1 3 3
207.4 -4868.6 -8.0 69 0 18.6 95.7 2.5 0.0 0 1 1 4 4
303.8 -4925.1 -8.8 160 0 99.6 35.3 2.5 0.0 0 0 1 4 4
266.9 -5008.2 -9.1 339 0 41.0 11.8 2.5 2.5 2 0 1 3 3
252.2 -5013.8 -9.2 339 0 40.5 63.8 2.5 0.0 0 1 1 0 0
235.4 -5074.9 -9.1 155 0 21.8 18.2 2.5 2.5 2 0 1 1 1
311.3 -5127.3 -9.0 67 0 16.3 52.0 2.5 2.5 2 1 1 2 2
269.7 -5142.5 -8.8 68 0 16.6 49.4 2.5 2.5 2 1 1 3 3
213.8 -5394.6 -6.7 158 0 83.5 66.7 2.5 0.0 0 0 1 1 1
266.0 -5461.6 -6.1 71 0 103.4 28.6 2.5 0.0 0 0 1 4 4
321.5 -5350.3 -7.0 339 0 86.2 37.5 2.5 0.0 0 0 1 4 4
289.9 -5175.6 -8.2 248 0 26.5 87.8 2.5 0.0 0 1 1 5 5
160.8 -5414.0 -6.3 160 0 90.2 47.5 2.5 0.0 0 0 1 5 5
208.6 -5222.2 -7.6 248 0 22.4 71.1 2.5 2.5 2 1 1 3 3
-49.0 -5276.8 -6.8 68 0 90.1 31.7 2.5 0.0 0 0 1 0 0
-82.8 -5140.2 -7.6 249 0 41.2 90.3 2.5 0.0 0 1 1 3 3
76.8 -5298.9 -6.7 338 0 64.9 40.3 2.5 0.0 0 0 1 2 2
0.5 -5292.9 -6.4 248 0 43.1 67.2 2.5 0.0 0 1 1 5 5
-52.3 -5313.1 -6.1 247 0 47.2 66.5 2.5 0.0 0 1 1 1 1
108.5 -5450.7 -5.4 340 0 51.4 98.6 2.5 0.0 0 1 1 0 0
86.8 -5381.7 -5.9 339 0 51.9 103.8 2.5 0.0 0 1 1 5 5
-84.0 -5519.7 -4.6 162 0 45.0 63.9 2.5 0.0 0 1 1 3 3
-105.3 -5459.2 -5.0 157 0 48.1 57.3 2.5 0.0 0 1 1 2 2
-137.7 -5384.9 -5.6 160 0 68.7 38.7 2.5 0.0 0 0 1 2 2
-177.0 -5422.9 -4.9 338 0 80.8 27.4 2.5 0.0 0 0 1 0 0
-162.5 -5515.8 -4.2 70 0 16.1 36.9 2.5 2.5 4 1 1 2 2
-190.8 -5568.8 -3.8 158 0 23.0 76.1 2.5 0.0 0 1 1 2 2
-202.4 -5597.4 -2.9 248 0 23.3 92.1 2.5 0.0 0 1 1 2 2
-57.6 -5759.0 -2.0 339 0 181.3 82.7 2.5 0.0 0 0 1 2 2
5.0 -5902.9 -0.6 338 0 60.3 81.0 2.5 0.0 0 1 1 3 3
278.0 -5838.5 -1.2 340 0 73.2 39.3 2.5 0.0 0 0 1 5 5
220.1 -5898.1 -0.7 69 0 43.6 70.0 2.5 0.0 0 1 1 5 5
165.4 -5921.0 -0.1 71 0 48.0 71.3 2.5 0.0 0 1 1 0 0
75.2 -5918.6 -0.0 159 0 70.8 48.6 2.5 0.0 0 0 1 1 1
86.0 -5775.9 -2.5 159 0 141.3 49.5 2.5 0.0 0 0 1 1 1
27.4 -5800.3 -1.9 158 0 144.8 49.0 2.5 0.0 0 0 1 2 2
236.4 -5718.3 -3.7 339 0 142.9 102.3 2.5 0.0 0 0 1 5 5
342.6 -5615.2 -4.8 159 0 65.6 14.1 2.5 2.5 2 0 1 3 3
398.8 -5731.5 -3.9 67 0 17.6 45.9 2.5 2.5 2 1 1 2 2
430.7 -5430.6 -6.8 339 0 119.6 16.4 2.5 0.0 0 0 1 2 2
420.6 -5620.9 -5.4 68 0 89.3 70.5 2.5 0.0 0 0 1 5 5
1002.7 -6389.8 5.0 160 0 24.3 18.7 2.5 2.5 2 0 1 3 3
990.9 -6349.6 4.7 158 0 24.9 17.0 2.5 2.5 2 0 1 4 4
967.7 -6316.4 4.2 161 0 25.9 20.5 2.5 2.5 2 0 1 5 5
948.7 -6277.9 3.6 160 0 23.5 20.4 2.5 2.5 2 0 1 0 0
991.9 -6219.8 2.7 255 0 34.0 18.8 2.5 0.0 0 0 1 1 1
1065.0 -6375.8 4.9 70 0 15.6 25.4 2.5 2.5 2 1 1 3 3
1058.3 -6421.1 4.3 70 0 20.9 36.6 2.5 0.0 0 1 1 1 1
1193.2 -6456.2 2.4 333 0 12.7 29.3 2.5 2.5 2 1 1 3 3
1131.1 -6481.1 2.6 160 0 18.9 24.9 2.5 2.5 2 1 1 5 5
1182.9 -6425.0 2.7 338 0 40.6 18.9 2.5 2.5 2 0 1 3 3
1147.6 -6342.1 4.3 338 0 25.5 16.2 2.5 2.5 2 0 1 4 4
1119.5 -6334.5 4.8 338 0 17.6 46.2 2.5 2.5 2 1 1 2 2
1120.6 -6399.7 3.5 160 0 46.9 28.2 2.5 0.0 0 0 1 0 0
1229.0 -6221.4 4.9 247 0 16.2 35.4 2.5 2.5 2 1 1 4 4
1278.7 -6310.5 3.2 337 0 38.6 22.3 2.5 0.0 0 0 1 1 1
1221.7 -6048.4 -1.9 54 0 51.9 15.7 2.5 2.5 2 0 1 0 0
1284.5 -6063.2 -1.3 162 0 50.6 16.2 2.5 0.0 0 0 1 2 2
1321.1 -6162.5 2.3 72 0 15.5 54.6 2.5 2.5 2 1 1 5 5
1204.7 -6149.7 -0.5 68 0 23.1 62.7 2.5 2.5 2 1 1 4 4
1380.6 -6034.7 -0.2 342 0 53.7 21.3 2.5 2.5 2 0 1 3 3
1398.4 -6128.4 3.0 72 0 17.4 54.5 2.5 2.5 2 1 1 1 1
1636.6 -5745.8 -1.4 325 0 15.2 99.5 2.5 2.5 2 1 1 4 4
1646.8 -5772.9 0.3 345 0 24.6 20.7 2.5 2.5 2 0 1 4 4
1576.9 -5830.8 -1.0 76 0 20.6 24.2 2.5 2.5 4 1 1 0 0
1431.9 -5890.7 -3.5 145 0 13.2 107.0 2.5 2.5 2 1 1 1 1
1513.7 -5877.1 -2.3 79 0 23.5 24.7 2.5 2.5 2 1 1 1 1
1439.6 -5909.7 -2.7 165 0 22.6 21.1 2.5 2.5 2 0 1 1 1
1279.9 -5981.5 -3.2 230 0 52.3 47.1 2.5 0.0 0 0 1 0 0
1356.4 -5971.0 -3.5 345 0 52.3 16.5 2.5 2.5 2 0 1 1 1
1100.5 -5914.8 -3.5 158 0 16.1 27.8 2.5 2.5 4 1 1 0 0
1157.7 -5950.0 -3.8 69 0 19.2 58.9 2.5 2.5 2 1 1 3 3
1174.4 -5838.4 -4.9 236 0 25.3 30.2 2.5 0.0 0 1 1 0 0
1224.9 -5906.7 -4.5 55 0 31.7 34.2 2.5 0.0 0 1 1 2 2
1245.5 -5840.1 -5.1 239 0 23.8 41.3 2.5 0.0 0 1 1 5 5
1292.4 -5805.2 -5.5 234 0 22.0 38.9 2.5 0.0 0 1 1 1 1
1438.6 -5756.8 -5.1 60 0 13.3 30.1 2.5 2.5 2 1 1 2 2
1367.6 -5643.2 -5.3 236 0 14.5 28.2 2.5 2.5 4 1 1 2 2
1356.5 -5784.4 -5.4 325 0 39.7 22.3 2.5 0.0 0 0 1 3 3
1314.4 -5733.5 -5.4 235 0 24.0 29.6 2.5 0.0 0 1 1 4 4
1159.4 -5697.0 -6.0 148 0 24.5 17.3 2.5 2.5 2 0 1 3 3
1168.6 -5739.5 -5.9 144 0 16.0 19.2 2.5 2.5 2 1 1 5 5
1241.4 -5762.7 -5.8 54 0 16.6 26.7 2.5 2.5 2 1 1 0 0
1271.9 -5741.1 -5.7 51 0 15.5 27.2 2.5 2.5 4 1 1 5 5
1295.0 -5718.6 -5.6 55 0 15.0 23.5 2.5 2.5 2 1 1 0 0
1268.0 -5667.8 -5.6 324 0 19.1 15.0 2.5 2.5 2 0 1 1 1
1240.0 -5689.7 -5.7 327 0 14.3 18.5 2.5 2.5 2 1 1 2 2
1191.6 -5653.3 -5.9 235 0 18.2 24.5 2.5 0.0 0 1 1 3 3
1243.0 -5634.0 -5.7 321 0 22.6 17.1 2.5 2.5 2 0 1 4 4
1559.3 -5678.7 -3.8 57 0 25.3 48.5 2.5 0.0 0 1 1 3 3
1530.8 -5698.3 -4.4 58 0 27.4 49.1 2.5 0.0 0 1 1 1 1
1498.5 -5715.4 -5.0 57 0 25.7 46.4 2.5 0.0 0 1 1 3 3
1469.4 -5736.1 -5.1 57 0 25.2 47.6 2.5 0.0 0 1 1 4 4
1428.1 -5604.3 -5.1 240 0 23.9 51.8 2.5 2.5 2 1 1 4 4
1397.6 -5625.0 -5.2 238 0 25.4 50.0 2.5 0.0 0 1 1 2 2
1459.5 -5587.8 -5.0 239 0 26.7 47.9 2.5 0.0 0 1 1 2 2
1488.9 -5567.4 -4.9 238 0 25.1 49.5 2.5 0.0 0 1 1 1 1
1586.9 -5632.9 -3.1 327 0 46.8 23.8 2.5 0.0 0 0 1 2 2
1541.4 -5562.9 -4.8 328 0 49.6 23.3 2.5 2.5 2 0 1 5 5
1372.4 -5719.7 -5.4 147 0 128.0 17.7 2.5 0.0 0 0 1 5 5
1637.7 -3414.4 -5.3 236 0 23.0 14.2 2.5 2.5 2 0 1 0 0
1616.8 -3430.4 -5.2 232 0 9.5 35.8 2.5 2.5 2 1 1 2 2
1545.1 -3456.3 -8.2 325 0 58.5 48.3 2.5 0.0 0 0 1 0 0
1472.1 -3578.2 -7.7 51 0 20.3 19.5 2.5 2.5 4 0 1 3 3
1420.5 -3508.8 -9.4 232 0 48.5 55.3 2.5 0.0 0 1 1 0 0
1463.8 -3479.2 -9.1 235 0 25.0 19.0 2.5 2.5 4 0 1 1 1
1511.9 -3541.5 -8.6 55 0 24.5 36.9 2.5 0.0 0 1 1 4 4
1559.0 -3517.3 -7.8 52 0 16.2 23.6 2.5 2.5 2 1 1 1 1
1610.2 -3485.1 -6.2 55 0 14.9 34.9 2.5 2.5 2 1 1 1 1
1426.8 -3610.4 -7.5 57 0 17.8 38.3 2.5 2.5 2 1 1 5 5
1731.4 -3933.9 -0.4 327 0 13.9 33.5 2.5 2.5 2 1 1 1 1
1776.4 -3940.7 -0.5 235 0 17.5 71.4 2.5 2.5 4 1 1 5 5
1751.7 -4030.7 -0.5 147 0 15.2 40.2 2.5 2.5 2 1 1 1 1
1717.9 -4018.5 -0.5 234 0 8.2 40.2 2.5 2.5 2 1 1 2 2
1737.2 -4078.8 -0.8 140 0 12.5 28.7 2.5 2.5 4 1 1 5 5
1844.5 -4016.6 -0.7 327 0 35.6 66.4 2.5 0.0 0 1 1 3 3
1870.6 -4058.6 -0.8 325 0 29.4 36.4 2.5 0.0 0 1 1 4 4
1883.2 -4134.5 -1.2 54 0 64.9 34.6 2.5 0.0 0 0 1 0 0
1793.1 -4113.5 -1.1 146 0 49.8 17.0 2.5 2.5 2 0 1 5 5
2628.4 -4827.5 -4.6 146 0 163.7 100.5 2.5 0.0 0 0 1 0 0
2525.6 -4679.5 -6.4 145 0 168.1 101.9 2.5 0.0 0 0 1 3 3
2422.4 -4533.4 -6.1 145 0 160.4 100.7 2.5 0.0 0 0 1 1 1
2256.7 -4574.9 -3.5 235 0 91.5 159.9 2.5 0.0 0 1 1 5 5
2194.0 -4719.7 -2.8 145 0 152.0 51.3 2.5 0.0 0 0 1 1 1
2380.7 -4788.1 -2.6 324 0 114.1 104.2 2.5 0.0 0 0 1 4 4
2432.5 -4875.0 -2.1 323 0 39.5 56.5 2.5 0.0 0 1 1 0 0
2478.9 -5020.0 -2.2 55 0 110.0 94.1 2.5 0.0 0 0 1 1 1
2029.9 -4111.0 -3.2 235 0 112.1 401.9 2.5 0.0 0 1 1 2 2
1989.1 -4386.3 -3.0 145 0 408.1 121.1 2.5 0.0 0 0 1 4 4
1720.5 -4334.3 -2.6 237 0 35.7 16.5 2.5 2.5 2 0 1 2 2
1746.9 -4319.3 -2.5 238 0 16.7 41.4 2.5 2.5 2 1 1 5 5
1782.8 -4479.5 -3.7 233 0 15.6 74.7 2.5 2.5 4 1 1 5 5
6933.8 -6468.5 -9.9 168 0 19.5 64.4 3.5 0.0 0 1 1 5 5
-1727.5 -8478.0 -6.9 166 0 39.5 18.4 2.5 2.5 2 0 1 2 2
-1725.2 -8384.7 -6.0 259 0 23.4 12.7 2.5 2.5 4 0 1 3 3
-1656.7 -8489.9 -6.1 80 0 55.7 100.3 2.5 0.0 0 1 1 3 3
-898.4 -7705.2 0.2 348 0 87.2 54.5 2.5 0.0 0 0 1 2 2
-403.5 -8097.2 -3.1 79 0 59.3 118.9 2.5 0.0 0 1 1 3 3
-586.9 -7836.8 2.8 168 0 73.0 62.5 2.5 0.0 0 0 1 2 2
-564.2 -7896.0 3.1 169 0 26.4 47.3 2.5 0.0 0 1 1 1 1
-526.5 -8061.5 -1.7 168 0 118.9 61.2 2.5 0.0 0 0 1 3 3
-209.0 -7938.0 -4.0 77 0 59.3 39.6 3.5 0.0 0 0 1 2 2
-230.3 -7722.7 -2.2 255 0 21.6 45.3 3.5 3.5 2 1 1 5 5
-206.0 -7781.6 -2.5 350 0 21.8 61.2 3.5 3.5 2 1 1 4 4
-333.5 -7862.1 -1.1 168 0 146.6 31.1 3.5 0.0 0 0 1 4 4
-312.9 -7657.4 1.0 79 0 15.6 47.2 2.5 2.5 2 1 1 3 3
-352.6 -7626.5 0.6 78 0 9.7 67.1 2.5 2.5 2 1 1 4 4
-340.8 -7688.8 1.3 78 0 9.2 59.7 2.5 2.5 2 1 1 0 0
-397.7 -7582.9 0.7 77 0 35.3 13.7 2.5 2.5 2 0 1 0 0
-399.2 -7622.7 0.8 80 0 19.9 37.3 2.5 0.0 0 1 1 4 4
-412.7 -7710.1 1.6 78 0 21.5 46.4 2.5 2.5 2 1 1 5 5
-226.7 -7660.4 -1.6 78 0 38.8 240.2 2.5 0.0 0 1 1 2 2
-147.6 -7621.3 -3.4 77 0 29.9 93.9 2.5 0.0 0 1 1 4 4
-159.6 -7463.1 -2.2 347 0 93.1 37.0 2.5 0.0 0 0 1 5 5
-361.5 -7305.2 -1.9 257 0 35.7 93.6 2.5 0.0 0 1 1 4 4
-340.6 -7412.2 -0.9 259 0 34.9 182.3 2.5 0.0 0 1 1 4 4
-604.6 -7745.9 1.8 79 0 12.6 65.3 2.5 2.5 4 1 1 2 2
-552.1 -7508.6 0.1 258 0 27.9 93.3 2.5 0.0 0 1 1 2 2
-524.5 -7728.2 1.2 78 0 87.2 98.1 2.5 0.0 0 1 1 5 5
-647.3 -7574.5 0.1 168 0 93.0 85.2 2.5 0.0 0 0 1 0 0
-448.8 -7452.7 -0.5 260 0 106.2 108.2 2.5 0.0 0 1 1 3 3
-1127.6 -7507.2 -1.1 258 0 36.1 41.0 2.5 0.0 0 1 1 0 0
-1096.6 -7585.8 -1.0 349 0 65.7 31.5 2.5 0.0 0 0 1 2 2
-1049.5 -7668.7 -0.9 79 0 34.9 161.8 2.5 0.0 0 1 1 2 2
-1192.9 -7590.2 -1.5 167 0 78.9 46.5 2.5 0.0 0 0 1 5 5
-1070.8 -7839.1 -1.1 78 0 36.6 202.2 2.5 0.0 0 1 1 2 2
-1163.8 -7732.1 -1.1 167 0 181.2 39.7 2.5 0.0 0 0 1 2 2
-1698.4 -7679.4 -3.4 167 0 146.9 89.1 2.5 0.0 0 0 1 2 2
-1488.3 -7594.1 -4.2 77 0 109.5 139.8 2.5 0.0 0 1 1 5 5
-1433.1 -7743.6 -2.4 347 0 21.3 86.6 2.5 0.0 0 1 1 5 5
-1532.0 -7895.9 -2.8 78 0 63.1 117.3 2.5 0.0 0 1 1 5 5
-1522.5 -7643.3 -2.1 258 0 41.3 92.7 2.5 0.0 0 1 1 2 2
-1382.2 -7897.3 -1.8 78 0 28.6 166.1 2.5 0.0 0 1 1 1 1
-1399.8 -7975.6 -2.3 347 0 10.1 34.0 2.5 2.5 4 1 1 1 1
-1392.4 -8016.9 -2.4 349 0 65.8 27.8 2.5 0.0 0 0 1 4 4
-1479.1 -7990.6 -2.9 257 0 28.7 114.8 2.5 0.0 0 1 1 1 1
-1524.2 -8114.8 -3.6 78 0 70.7 36.1 2.5 0.0 0 0 1 0 0
-1535.7 -7999.2 -3.3 258 0 57.6 65.5 2.5 0.0 0 1 1 4 4
-1723.4 -8029.4 -4.4 257 0 35.2 69.9 2.5 0.0 0 1 1 3 3
-1618.4 -8015.7 -3.7 258 0 16.2 34.8 2.5 2.5 2 1 1 5 5
-1569.5 -8188.1 -4.0 78 0 14.7 46.2 2.5 2.5 2 1 1 2 2
-1610.9 -8112.0 -3.9 168 0 47.6 19.2 2.5 2.5 2 0 1 5 5
-1673.9 -8149.3 -4.8 350 0 55.0 61.1 2.5 0.0 0 1 1 1 1
-1596.7 -8781.2 -6.4 78 0 92.4 67.6 2.5 0.0 0 0 1 5 5
-1722.5 -8744.0 -4.4 347 0 57.0 110.0 2.5 0.0 0 1 1 0 0
-2054.2 -8980.2 -6.1 258 0 31.7 104.7 2.5 0.0 0 1 1 5 5
-1900.4 -8938.8 -5.6 255 0 79.7 29.2 2.5 0.0 0 0 1 3 3
-1672.8 -9114.9 -6.9 78 0 35.1 205.4 2.5 0.0 0 1 1 2 2
-1492.4 -9137.7 -6.4 258 0 48.3 52.7 2.5 0.0 0 1 1 2 2
-1611.1 -9354.6 0.2 257 0 28.4 112.6 2.5 0.0 0 1 1 3 3
-1575.7 -9205.2 -2.8 257 0 21.8 54.8 2.5 2.5 2 1 1 3 3
-1484.7 -9305.8 -2.2 77 0 70.1 77.7 2.5 0.0 0 1 1 3 3
-1603.5 -9323.0 -3.7 78 0 32.5 139.1 2.5 0.0 0 1 1 5 5
-1711.9 -9306.9 -2.0 169 0 30.6 65.1 2.5 0.0 0 1 1 0 0
-1729.1 -9241.2 -3.8 169 0 70.6 67.5 2.5 0.0 0 0 1 4 4
-3671.3 -9173.4 -5.4 84 0 12.6 22.6 10.0 2.5 2 1 4 5 5
