-5962.0 -8091.7 -6.6 90 0 11.5 63.0 14.0 3.5 2 1 4 5 5
-4035.7 -8765.1 -4.9 344 0 36.6 9.8 10.5 3.5 2 0 3 3 3
-5782.3 -8560.5 -4.8 90 0 16.3 45.6 10.5 3.5 2 1 3 0 0
-6177.8 -8169.0 -6.2 90 0 13.3 85.7 14.0 3.5 2 1 4 0 0
-6216.7 -8258.0 -6.2 90 0 11.2 77.3 14.0 3.5 2 1 4 2 2
-5432.4 -8767.2 -6.8 104 0 15.9 56.2 10.5 3.5 2 1 3 4 4
-5580.5 -8200.3 -6.0 290 0 11.0 77.7 10.5 0.0 0 1 3 1 1
-6047.0 -8265.3 -6.7 90 0 63.8 12.1 14.0 3.5 2 0 4 0 0
-6099.9 -8261.7 -6.5 90 0 12.1 61.5 14.0 3.5 2 1 4 1 1
-5359.3 -8660.4 -6.8 284 0 13.3 56.4 10.5 3.5 2 1 3 2 2
-6023.3 -8197.9 -6.6 89 0 11.8 58.0 14.0 3.5 2 1 4 4 4
-5165.0 -8737.4 -7.6 285 0 13.2 81.9 10.5 3.5 4 1 3 5 5
-5830.7 -8624.5 -4.8 90 0 11.1 53.0 10.5 0.0 0 1 3 4 4
-6009.8 -7969.5 -6.4 270 0 11.4 78.1 14.0 3.5 2 1 4 4 4
-6137.7 -7895.7 -6.0 270 0 9.8 63.8 10.5 3.5 2 1 3 5 5
-5321.1 -8638.3 -6.5 285 0 17.7 25.7 10.5 3.5 2 1 3 2 2
-6304.3 -8124.2 -5.9 181 0 85.2 12.2 14.0 3.5 2 0 4 3 3
-6093.5 -8107.7 -6.3 89 0 12.7 71.9 14.0 3.5 2 1 4 4 4
-6110.8 -8145.4 -6.3 90 0 10.4 39.3 14.0 0.0 0 1 4 4 4
-6264.2 -8124.8 -6.0 180 0 83.2 12.8 14.0 3.5 2 0 4 2 2
-6095.8 -7897.3 -6.1 270 0 11.7 44.3 14.0 3.5 2 1 4 3 3
-5730.6 -8542.9 -5.2 360 0 46.4 16.0 10.5 3.5 2 0 3 4 4
-6223.2 -8026.2 -6.0 180 0 86.4 13.3 14.0 3.5 2 0 4 4 4
-6144.6 -8178.3 -6.3 90 0 11.9 67.7 14.0 3.5 2 1 4 3 3
-6223.4 -8124.3 -6.1 180 0 83.0 13.5 14.0 3.5 4 0 4 0 0
-5584.5 -7827.7 -7.5 90 0 12.8 45.1 10.0 2.5 2 1 4 5 5
-6000.1 -8102.7 -6.5 0 0 69.3 11.4 14.0 3.5 2 0 4 0 0
-6888.0 -7174.7 -1.7 90 0 11.6 86.9 7.5 2.5 2 1 3 5 5
-6179.1 -8257.7 -6.3 90 0 12.7 77.0 14.0 3.5 2 1 4 5 5
-6037.0 -8245.6 -6.7 90 0 12.0 43.1 14.0 3.5 2 1 4 4 4
-6111.0 -8195.2 -6.4 90 0 12.5 43.9 14.0 3.5 2 1 4 5 5
-5833.8 -8530.0 -4.9 180 0 47.0 14.5 10.5 3.5 2 0 3 1 1
-5401.2 -8648.1 -6.5 285 0 13.3 57.6 10.5 3.5 2 1 3 3 3
-5560.2 -7975.0 -7.8 270 0 12.3 84.0 10.5 3.5 2 1 3 3 3
-6049.0 -8128.6 -6.5 90 0 11.7 77.6 14.0 3.5 2 1 4 1 1
-5789.1 -8625.3 -5.1 90 0 11.3 49.0 10.5 3.5 2 1 3 3 3
-6140.2 -7964.8 -6.1 270 0 11.4 67.7 14.0 3.5 2 1 4 2 2
-5318.3 -8702.1 -7.1 15 0 56.2 13.9 10.5 3.5 2 0 3 3 3
-6303.7 -8024.6 -5.8 180 0 80.1 13.6 14.0 3.5 2 0 4 3 3
-6068.3 -8200.8 -6.5 90 0 11.3 71.0 14.0 3.5 2 1 4 3 3
-5618.4 -8189.1 -5.8 291 0 11.1 97.7 10.5 3.5 2 1 3 5 5
-5873.8 -8513.4 -5.6 269 0 15.3 75.9 10.5 3.5 2 1 3 0 0
-6052.6 -7914.3 -6.2 270 0 13.1 58.8 14.0 3.5 2 1 4 2 2
-6262.5 -8025.3 -5.9 180 0 85.9 13.0 14.0 3.5 4 0 4 3 3
-6143.6 -8263.3 -6.4 89 0 12.1 80.0 14.0 3.5 2 1 4 2 2
-6257.1 -8254.2 -6.1 90 0 10.4 73.3 14.0 3.5 2 1 4 5 5
-6142.2 -8069.5 -6.2 179 0 66.8 11.5 14.0 3.5 2 0 4 2 2
-6095.0 -7947.7 -6.1 270 0 11.4 64.4 14.0 3.5 4 1 4 2 2
-5746.6 -8629.4 -5.6 90 0 15.2 47.7 10.5 3.5 2 1 3 1 1
-6297.3 -8254.3 -6.0 89 0 11.5 72.7 14.0 3.5 2 1 4 5 5
-6184.6 -8025.9 -6.0 180 0 86.8 12.5 14.0 3.5 2 0 4 3 3
-5215.6 -8926.3 -8.6 105 0 13.5 83.6 10.5 3.5 2 1 3 0 0
-4083.9 -8946.8 -5.6 190 0 40.5 14.0 14.0 3.5 4 0 4 0 0
-3073.2 -9643.6 -6.2 193 0 77.7 14.5 7.5 2.5 2 0 3 0 0
-4099.9 -9115.2 -7.8 100 0 14.1 65.5 14.0 3.5 2 1 4 0 0
-5335.1 -8766.0 -7.4 15 0 56.0 16.1 10.5 3.5 2 0 3 3 3
-4189.7 -9085.5 -8.2 190 0 58.4 11.9 14.0 0.0 0 0 4 0 0
-3570.9 -7377.4 -1.3 253 0 11.4 47.7 10.0 2.5 4 1 4 5 5
-3008.6 -9784.2 -6.2 103 0 14.8 65.5 12.5 2.5 2 1 5 5 5
-2946.1 -9686.9 -7.1 360 0 62.7 13.2 10.0 2.5 2 0 4 2 2
-3057.2 -9556.6 -6.5 193 0 58.8 14.1 10.0 2.5 2 0 4 1 1
-5204.4 -8726.9 -7.5 285 0 13.0 82.2 10.5 3.5 2 1 3 4 4
-5412.8 -8862.7 -7.4 104 0 16.6 75.8 10.5 3.5 2 1 3 0 0
-3087.2 -7060.3 -2.6 265 0 14.3 88.9 7.5 2.5 2 1 3 4 4
-5099.4 -8956.2 -8.9 105 0 14.2 89.1 10.5 3.5 2 1 3 4 4
-5174.5 -8936.6 -8.7 105 0 14.3 80.6 10.5 3.5 2 1 3 4 4
-3052.6 -9777.9 -6.5 103 0 15.0 68.0 7.5 2.5 2 1 3 2 2
-3029.9 -9653.6 -6.5 193 0 77.3 14.3 10.0 2.5 2 0 4 5 5
-5315.2 -8803.2 -7.8 195 0 63.0 11.3 10.5 3.5 2 0 3 0 0
-3502.0 -7356.2 -1.0 253 0 11.4 46.3 10.0 2.5 2 1 4 3 3
-3663.4 -8594.9 -5.0 3 0 98.2 13.7 14.0 3.5 2 0 4 2 2
-3548.0 -8180.3 -7.3 158 0 23.6 41.3 10.5 0.0 0 1 3 5 5
-4123.0 -8938.5 -5.6 190 0 29.7 10.1 14.0 3.5 2 0 4 3 3
-5278.2 -8815.0 -8.1 195 0 64.0 13.7 10.5 3.5 2 0 3 5 5
-6936.2 -7064.7 -1.4 180 0 58.3 12.9 10.0 0.0 0 0 4 0 0
-5255.8 -8917.0 -8.6 105 0 13.2 83.8 10.5 0.0 0 1 3 2 2
-5376.8 -8754.7 -7.1 14 0 57.3 16.0 10.5 3.5 2 0 3 4 4
-4143.9 -9123.2 -8.1 100 0 11.9 80.8 14.0 3.5 2 1 4 2 2
-4093.8 -9006.0 -6.5 190 0 60.9 11.8 14.0 3.5 2 0 4 2 2
-3604.0 -8248.3 -7.1 158 0 24.4 119.3 10.5 0.0 0 1 3 0 0
-3188.6 -7648.9 -2.3 344 0 46.0 11.9 15.0 0.0 0 0 6 4 4
-3032.8 -9470.5 -6.9 283 0 13.4 40.3 10.0 2.5 4 1 4 4 4
-5244.4 -8714.9 -7.3 285 0 12.3 63.5 10.5 3.5 2 1 3 1 1
-6935.8 -7135.7 -1.5 180 0 57.9 13.3 7.5 2.5 2 0 3 1 1
-5452.6 -8812.2 -7.1 195 0 75.3 15.8 10.5 3.5 4 0 3 5 5
-5296.1 -8729.8 -7.3 195 0 64.4 12.2 10.5 3.5 2 0 3 3 3
-5134.2 -8946.8 -8.8 105 0 13.9 79.5 10.5 3.5 2 1 3 1 1
-3094.9 -9733.2 -6.5 193 0 68.7 14.0 7.5 2.5 2 0 3 0 0
-5047.4 -8533.8 -11.1 19 0 36.3 25.6 10.5 0.0 0 0 3 2 2
-5354.5 -8838.5 -7.6 15 0 73.3 15.9 10.5 0.0 0 0 3 4 4
-3537.0 -7366.6 -1.1 253 0 10.8 46.9 10.0 2.5 2 1 4 2 2
-3926.6 -7331.4 -4.8 182 0 62.8 11.0 7.5 2.5 4 0 3 0 0
-4137.5 -9004.9 -6.7 190 0 71.3 13.1 14.0 3.5 2 0 4 2 2
-3511.7 -8657.0 -5.5 3 0 71.5 13.9 14.0 3.5 2 0 4 4 4
-3767.9 -8611.3 -4.9 272 0 13.6 28.9 14.0 0.0 0 1 4 1 1
-3601.7 -8645.8 -5.1 183 0 84.5 14.1 14.0 3.5 2 0 4 3 3
-3589.6 -8550.0 -5.0 272 0 16.4 46.7 14.0 3.5 2 1 4 4 4
-3754.6 -8545.1 -5.3 272 0 14.3 55.8 14.0 3.5 2 1 4 4 4
-3549.6 -8649.4 -5.2 3 0 85.7 14.0 14.0 3.5 2 0 4 4 4
-3640.6 -8668.0 -5.2 181 0 29.6 14.2 14.0 3.5 4 0 4 5 5
-3641.9 -8609.5 -5.0 182 0 59.3 17.4 14.0 3.5 2 0 4 5 5
-5414.8 -8562.3 -5.8 101 0 14.5 14.8 10.5 0.0 0 1 3 4 4
-5568.7 -8222.3 -6.3 202 0 14.5 47.5 10.5 3.5 2 1 3 0 0
-6895.5 -7008.7 -1.5 306 0 43.3 11.1 7.5 2.5 2 0 3 4 4
-5885.7 -8135.0 -5.7 263 0 14.0 28.1 14.0 3.5 2 1 4 5 5
-6052.6 -7978.6 -6.3 270 0 12.0 57.5 14.0 3.5 4 1 4 5 5
1659.8 -1208.6 -4.3 181 0 64.2 13.3 12.5 2.5 2 0 5 2 2
-6927.1 -7016.6 -1.5 214 0 8.2 43.8 7.5 2.5 4 1 3 0 0
-5244.8 -8555.4 -7.9 198 0 14.9 33.3 10.5 3.5 2 1 3 1 1
-3811.8 -9233.8 -6.5 60 0 10.0 23.1 10.5 3.5 2 1 3 2 2
-3755.6 -8521.0 -6.0 92 0 13.5 57.3 14.0 3.5 2 1 4 5 5
-3409.4 -9334.6 -6.6 273 0 17.4 19.7 14.0 3.5 2 1 4 2 2
-2862.9 -9594.1 -7.7 270 0 14.7 19.5 10.0 0.0 0 1 4 2 2
-3153.0 -9664.8 -6.2 13 0 69.1 16.2 14.0 0.0 0 0 4 2 2
-3453.9 -9373.2 -5.3 272 0 20.7 40.6 14.0 0.0 0 1 4 0 0
-3810.7 -9165.4 -5.3 99 0 13.4 40.2 14.0 0.0 0 1 4 1 1
-4001.6 -8491.2 -7.2 95 0 15.0 68.3 14.0 3.5 2 1 4 1 1
-2863.1 -9646.4 -8.0 91 0 15.1 19.0 7.5 2.5 2 1 3 4 4
-3111.4 -9674.1 -6.4 13 0 69.3 16.3 14.0 3.5 2 0 4 5 5
-3693.6 -9575.1 -6.2 241 0 11.0 44.9 14.0 3.5 2 1 4 3 3
-4158.2 -8912.7 -5.6 185 0 55.0 12.2 14.0 3.5 2 0 4 0 0
-4044.6 -8489.7 -7.4 95 0 13.7 68.5 14.0 0.0 0 1 4 1 1
-3174.8 -9570.2 -5.9 13 0 69.1 15.9 14.0 3.5 2 0 4 5 5
-3499.2 -7657.4 -1.2 254 0 13.1 58.6 10.0 2.5 2 1 4 5 5
-3342.7 -9490.8 -6.3 283 0 15.9 70.8 14.0 0.0 0 1 4 0 0
-2907.9 -9820.5 -7.2 90 0 13.3 65.9 12.5 2.5 2 1 5 0 0
-3871.0 -8540.3 -5.8 272 0 15.3 82.8 14.0 3.5 2 1 4 5 5
-3340.4 -7722.3 -1.3 73 0 14.8 47.5 7.5 0.0 0 1 3 4 4
-4200.7 -8711.3 -5.4 7 0 17.5 7.7 10.5 3.5 2 0 3 1 1
-3617.7 -9189.6 -2.6 96 0 11.7 49.5 14.0 3.5 2 1 4 3 3
-3299.8 -7711.6 -1.6 73 0 14.1 48.7 10.0 2.5 4 1 4 3 3
-3610.4 -7686.2 -2.1 36 0 14.3 13.4 5.0 2.5 2 0 2 3 3
-3844.1 -8518.2 -6.3 92 0 14.8 57.1 14.0 3.5 2 1 4 2 2
-4031.6 -8710.2 -5.4 175 0 59.7 9.9 10.5 3.5 2 0 3 1 1
-3332.0 -7606.1 -0.4 253 0 14.7 49.3 10.0 2.5 2 1 4 2 2
-3277.7 -7076.3 -2.2 175 0 31.6 19.2 5.0 0.0 0 0 2 2 2
-5357.8 -8584.5 -5.9 101 0 9.2 37.1 10.5 3.5 2 1 3 5 5
-3800.9 -8519.6 -6.2 92 0 13.8 58.0 14.0 3.5 4 1 4 2 2
-3421.6 -9375.0 -5.8 273 0 21.2 40.0 14.0 0.0 0 1 4 4 4
-2830.1 -9610.4 -7.6 270 0 14.0 18.6 10.0 2.5 2 1 4 4 4
-3751.5 -8412.4 -6.3 272 0 13.8 42.8 14.0 3.5 2 1 4 0 0
-3420.7 -7719.8 -1.2 344 0 47.7 14.9 10.0 2.5 2 0 4 0 0
-3310.3 -9642.0 -6.1 103 0 14.5 46.0 14.0 3.5 2 1 4 1 1
-3255.1 -9513.4 -6.3 283 0 16.7 70.2 14.0 3.5 2 1 4 1 1
-3951.0 -8510.3 -6.6 92 0 63.4 19.1 14.0 3.5 2 0 4 4 4
-3149.2 -9470.6 -6.0 15 0 9.7 17.1 10.5 3.5 2 1 3 0 0
-2787.6 -9693.5 -7.9 90 0 14.5 91.5 7.5 2.5 2 1 3 5 5
-2856.7 -9698.6 -8.1 359 0 14.5 14.1 10.0 2.5 2 0 4 0 0
-3132.6 -9579.3 -6.2 13 0 69.3 16.1 14.0 3.5 2 0 4 2 2
-3298.2 -9502.3 -6.5 283 0 17.0 70.5 14.0 3.5 2 1 4 3 3
-3101.0 -9438.3 -6.1 289 0 12.0 17.9 14.0 0.0 0 1 4 5 5
-3221.0 -9365.8 -5.8 284 0 15.7 54.6 14.0 3.5 2 1 4 3 3
-2902.3 -9703.0 -7.6 360 0 64.8 13.9 7.5 0.0 0 0 3 3 3
-3566.1 -8831.9 -6.2 92 0 8.1 63.0 10.5 3.5 2 1 3 4 4
-4297.7 -8183.4 -11.5 279 0 120.2 22.3 12.5 0.0 0 0 5 3 3
-3412.4 -7654.7 -0.2 164 0 48.7 14.7 7.5 2.5 2 0 3 3 3
-3142.5 -9401.5 -5.8 284 0 15.9 54.8 14.0 3.5 2 1 4 2 2
-3196.4 -9442.1 -5.8 284 0 16.2 71.4 14.0 3.5 2 1 4 1 1
-3540.5 -7545.8 -0.3 253 0 15.7 42.7 10.0 2.5 4 1 4 4 4
-3541.9 -8832.2 -6.4 92 0 9.8 62.3 10.5 3.5 2 1 3 0 0
-3395.8 -7712.9 -1.3 164 0 48.4 15.2 7.5 2.5 2 0 3 2 2
-4309.6 -8675.7 -7.7 187 0 37.3 13.7 14.0 3.5 2 0 4 3 3
-3830.1 -8676.8 -4.8 182 0 58.9 17.1 14.0 3.5 2 0 4 0 0
-3713.5 -8962.4 -4.5 184 0 59.5 12.2 14.0 3.5 2 0 4 2 2
-3110.4 -9514.9 -5.8 14 0 41.7 15.5 14.0 3.5 2 0 4 5 5
-3475.5 -7753.2 -1.6 164 0 59.2 12.9 7.5 2.5 2 0 3 5 5
-4257.8 -8664.5 -6.7 277 0 15.5 42.0 14.0 3.5 2 1 4 4 4
-3808.8 -8598.7 -5.1 272 0 16.0 39.9 14.0 3.5 2 1 4 3 3
-4104.4 -8646.7 -5.7 279 0 60.8 17.2 14.0 3.5 2 0 4 4 4
-3292.1 -7593.7 -0.6 253 0 14.4 48.9 10.0 2.5 2 1 4 5 5
-3269.7 -7122.0 -1.8 175 0 53.6 15.1 7.5 2.5 2 0 3 2 2
-3786.8 -9458.5 -7.0 57 0 16.0 49.0 14.0 3.5 2 1 4 0 0
-3415.2 -9641.4 -5.1 104 0 15.3 71.1 14.0 3.5 2 1 4 1 1
-3109.6 -9460.4 -5.9 283 0 14.5 16.7 14.0 0.0 0 1 4 3 3
-6095.6 -5594.5 -5.6 92 0 30.0 137.6 10.0 0.0 0 1 4 4 4
-3796.8 -8410.5 -6.5 272 0 14.0 42.2 14.0 3.5 2 1 4 0 0
-3452.0 -7641.5 -0.5 254 0 14.9 47.9 10.0 2.5 2 1 4 0 0
-3370.2 -9635.5 -5.6 104 0 16.8 55.3 14.0 3.5 2 1 4 1 1
-2830.5 -9661.8 -7.9 91 0 13.2 18.1 5.0 2.5 2 1 2 2 2
-3216.8 -9559.7 -6.0 13 0 68.2 16.6 14.0 3.5 2 0 4 1 1
-2951.6 -9800.7 -6.7 90 0 13.3 62.2 10.0 2.5 2 1 4 1 1
-3913.6 -8914.9 -5.0 325 0 80.6 10.5 14.0 3.5 2 0 4 2 2
-3603.6 -9476.6 -4.6 130 0 8.7 32.6 10.5 3.5 4 1 3 2 2
-3231.6 -7574.1 -1.1 254 0 14.2 49.6 12.5 2.5 4 1 5 2 2
-3509.1 -7647.8 -0.8 74 0 14.0 53.1 7.5 0.0 0 1 3 0 0
-3364.2 -9362.9 -6.6 273 0 20.7 56.1 14.0 0.0 0 1 4 0 0
-3580.6 -9445.4 -4.4 193 0 7.1 34.5 10.5 3.5 2 1 3 3 3
-4222.2 -8670.7 -6.0 277 0 11.9 46.3 14.0 3.5 2 1 4 5 5
-3373.2 -7618.2 -0.2 254 0 14.8 48.4 10.0 2.5 2 1 4 3 3
-3181.0 -9376.1 -5.8 284 0 15.4 54.1 14.0 0.0 0 1 4 1 1
-4199.9 -8671.3 -5.6 277 0 7.5 28.4 10.5 0.0 0 1 3 1 1
-3235.3 -9433.1 -5.5 284 0 15.9 71.6 14.0 3.5 2 1 4 3 3
-3380.3 -7596.1 0.6 74 0 39.4 59.4 7.5 0.0 0 1 3 4 4
-3874.2 -8676.8 -5.1 182 0 83.6 15.8 14.0 3.5 2 0 4 5 5
-3991.1 -8374.5 -7.5 276 0 14.6 39.3 14.0 3.5 2 1 4 1 1
-3158.1 -9479.0 -6.0 284 0 12.4 43.1 14.0 3.5 2 1 4 4 4
-4031.0 -8343.5 -7.9 275 0 14.9 66.6 14.0 3.5 2 1 4 4 4
-3835.0 -9086.3 -4.7 180 0 53.6 12.9 14.0 3.5 4 0 4 5 5
-3217.3 -7063.5 -2.4 265 0 53.7 15.7 12.5 2.5 2 0 5 2 2
-2864.1 -9685.6 -8.1 89 0 14.8 22.4 7.5 0.0 0 1 3 0 0
-3091.3 -9588.7 -6.2 13 0 68.3 15.8 14.0 3.5 4 0 4 3 3
-3118.9 -9432.7 -5.9 288 0 11.7 18.0 14.0 3.5 2 1 4 5 5
-1895.1 -10050.9 -6.1 204 0 116.8 13.5 7.5 2.5 2 0 3 0 0
-4035.9 -8672.1 -5.5 164 0 16.0 8.9 10.5 3.5 4 0 3 3 3
-3135.2 -9460.1 -5.7 286 0 14.3 17.6 14.0 3.5 2 1 4 0 0
-6083.0 -5419.2 -5.9 272 0 15.5 35.2 7.5 2.5 2 1 3 3 3
-3194.9 -9654.5 -6.1 13 0 68.6 16.0 14.0 3.5 2 0 4 0 0
-2830.8 -9694.1 -8.2 90 0 12.7 15.8 7.5 2.5 2 1 3 2 2
-3472.0 -7611.3 -0.2 74 0 13.1 26.7 10.0 2.5 2 1 4 4 4
-3260.7 -7699.9 -1.9 73 0 15.1 48.4 12.5 2.5 2 1 5 3 3
6513.6 -5925.8 -12.8 85 0 15.4 62.5 7.5 2.5 2 1 3 4 4
6813.6 -5874.0 -12.6 266 0 20.6 90.4 10.0 0.0 0 1 4 3 3
6695.4 -5414.5 -12.6 88 0 10.4 32.4 10.0 2.5 2 1 4 5 5
6510.3 -5819.6 -12.4 356 0 64.0 15.2 10.0 2.5 2 0 4 5 5
-3370.5 -7319.2 -0.3 254 0 12.4 46.0 12.5 0.0 0 1 5 3 3
-3405.4 -7328.7 -0.5 254 0 11.3 46.4 7.5 2.5 2 1 3 2 2
-3470.3 -7345.6 -0.8 254 0 11.5 46.7 10.0 2.5 2 1 4 0 0
-3342.1 -7415.7 0.2 74 0 10.8 46.8 7.5 0.0 0 1 3 3 3
-3289.0 -7316.6 -0.0 344 0 44.0 11.7 10.0 2.5 2 0 4 0 0
-3183.9 -7425.2 0.4 75 0 11.6 44.8 7.5 2.5 2 1 3 2 2
-3220.1 -7435.4 0.5 74 0 11.3 44.3 7.5 2.5 2 1 3 1 1
-3335.5 -7307.4 -0.2 255 0 11.4 47.0 10.0 2.5 2 1 4 4 4
-3361.8 -7477.5 0.7 73 0 11.2 46.8 12.5 2.5 2 1 5 3 3
-3277.7 -7567.9 0.5 74 0 14.9 48.8 10.0 2.5 2 1 4 5 5
-3112.8 -7405.6 0.1 74 0 10.7 46.1 10.0 2.5 2 1 4 2 2
-3317.7 -7578.7 0.8 75 0 15.0 49.3 10.0 2.5 4 1 4 0 0
-3146.7 -7414.5 0.2 75 0 11.0 46.5 7.5 2.5 2 1 3 3 3
-3256.9 -7446.7 0.7 75 0 10.9 45.7 12.5 2.5 2 1 5 0 0
-5755.8 1798.6 -0.1 1 0 55.1 20.2 7.5 2.5 2 0 3 1 1
-3304.3 -7476.8 1.5 254 0 14.6 37.1 10.0 2.5 2 1 4 3 3
-3801.9 -7296.2 -4.2 2 0 47.7 11.6 7.5 2.5 2 0 3 4 4
-3244.0 -7353.1 0.3 255 0 11.5 32.8 7.5 2.5 4 1 3 3 3
-3908.4 -7235.9 -5.5 183 0 47.8 10.6 10.0 2.5 2 0 4 4 4
-3826.6 -7215.6 -4.9 273 0 10.8 48.4 10.0 2.5 2 1 4 0 0
-3292.8 -7457.3 0.9 74 0 11.1 47.4 7.5 2.5 4 1 3 3 3
-3309.1 -7380.4 0.4 345 0 46.2 10.9 10.0 2.5 2 0 4 2 2
-3600.7 -7464.2 -1.0 92 0 13.3 32.2 12.5 2.5 2 1 5 5 5
-3529.0 -7524.6 -0.1 75 0 10.6 46.7 7.5 2.5 2 1 3 2 2
-3327.3 -7466.8 0.9 73 0 10.6 46.1 7.5 2.5 4 1 3 1 1
-3680.7 -7419.0 -2.2 93 0 10.6 45.3 10.0 2.5 2 1 4 2 2
-3645.0 -7376.3 -1.9 273 0 10.0 41.3 7.5 2.5 2 1 3 1 1
-3717.9 -7415.2 -2.5 93 0 10.7 44.5 10.0 2.5 2 1 4 0 0
-3377.2 -7423.8 0.1 74 0 10.3 45.9 10.0 2.5 2 1 4 4 4
-3836.6 -7402.9 -3.4 92 0 41.7 18.4 10.0 2.5 2 0 4 5 5
-3760.5 -7391.9 -2.8 182 0 44.1 12.1 10.0 2.5 2 0 4 0 0
-3847.3 -7269.8 -4.5 272 0 12.5 47.5 10.0 2.5 2 1 4 4 4
-3827.0 -7355.0 -3.8 2 0 48.1 11.2 10.0 2.5 4 0 4 4 4
-3871.8 -7376.9 -4.1 93 0 10.8 47.8 7.5 2.5 2 1 3 1 1
-3343.4 -7488.7 1.5 253 0 14.6 36.2 10.0 2.5 2 1 4 2 2
-3886.1 -7269.0 -4.8 273 0 11.3 49.3 10.0 2.5 4 1 4 2 2
-3473.9 -7452.8 -0.4 74 0 11.1 46.1 5.0 0.0 0 1 2 5 5
-3458.9 -7505.3 0.2 74 0 11.1 46.6 5.0 2.5 2 1 2 5 5
-3284.1 -7350.2 0.3 255 0 12.5 45.4 10.0 2.5 2 1 4 1 1
-3465.4 -7554.6 0.2 345 0 37.5 26.4 7.5 0.0 0 0 3 1 1
-3543.0 -7474.9 -0.7 74 0 11.2 45.8 10.0 2.5 2 1 4 0 0
-3509.2 -7463.4 -0.5 74 0 11.7 46.2 7.5 2.5 4 1 3 1 1
-3437.2 -7336.8 -0.7 254 0 11.3 47.7 7.5 2.5 2 1 3 2 2
-3494.4 -7514.6 0.1 74 0 11.1 46.7 7.5 2.5 2 1 3 1 1
6794.0 -10341.9 -8.8 88 0 9.5 19.5 10.5 3.5 2 1 3 1 1
6886.5 -9838.7 -9.5 272 0 11.9 104.3 14.0 3.5 2 1 4 4 4
6214.3 -10667.2 -9.8 90 0 15.2 50.8 10.0 2.5 2 1 4 1 1
6221.1 -10582.8 -9.7 359 0 52.9 15.2 10.0 2.5 2 0 4 5 5
-5558.3 5937.3 -1.0 262 0 8.2 41.9 7.5 2.5 4 1 3 0 0
-5550.9 5876.1 -1.0 84 0 9.3 13.5 10.5 0.0 0 1 3 1 1
1513.3 -7894.6 -4.6 87 0 20.2 146.0 12.5 0.0 0 1 5 5 5
