-2240.4 1018.9 0.1 1 0 168.2 14.6 14.0 0.0 0 0 4 2 2
-3674.9 -240.8 3.5 175 0 22.0 59.0 10.0 2.5 2 1 4 2 2
-3639.2 -327.3 3.1 86 0 60.9 63.3 12.5 0.0 0 1 5 3 3
-1583.0 744.9 -4.2 54 0 136.8 112.0 10.0 0.0 0 0 4 1 1
-2367.5 1107.3 -0.0 272 0 12.2 60.0 14.0 3.5 2 1 4 1 1
-1296.5 953.3 -4.1 54 0 137.5 111.8 12.5 0.0 0 0 5 4 4
-3353.5 -671.5 3.2 87 0 13.1 35.8 7.5 2.5 2 1 3 3 3
-1906.9 1016.3 0.8 142 0 9.2 24.7 10.5 3.5 4 1 3 4 4
-2399.1 1040.7 0.1 272 0 14.5 40.5 14.0 0.0 0 1 4 5 5
-2427.4 989.2 0.2 269 0 14.8 90.0 14.0 3.5 2 1 4 1 1
-3344.3 -219.3 -1.0 355 0 25.5 37.9 10.0 0.0 0 1 4 1 1
-2390.0 912.9 0.3 91 0 15.7 76.6 14.0 3.5 4 1 4 1 1
-3342.5 -1109.6 -1.1 86 0 38.6 23.1 10.0 0.0 0 0 4 0 0
-3630.0 -159.1 3.8 266 0 11.4 47.1 10.0 2.5 2 1 4 4 4
-3397.3 -768.5 0.7 266 0 12.5 52.3 10.0 2.5 2 1 4 3 3
-3400.4 -236.5 -0.4 86 0 26.3 63.7 7.5 0.0 0 1 3 4 4
-3525.2 -784.5 1.3 265 0 24.0 86.1 10.0 0.0 0 1 4 5 5
-1217.7 2260.4 -1.1 266 0 12.0 43.4 7.5 2.5 2 1 3 1 1
-3559.8 -451.3 1.6 84 0 15.5 68.9 10.0 2.5 2 1 4 3 3
-2280.0 1104.6 -0.1 271 0 13.2 111.7 14.0 3.5 2 1 4 4 4
-1162.6 1050.0 -3.8 54 0 135.8 112.9 10.0 0.0 0 0 4 1 1
-2369.3 1041.8 0.2 271 0 13.1 45.8 14.0 3.5 2 1 4 1 1
-1443.5 845.9 -4.3 54 0 145.9 112.3 10.0 0.0 0 0 4 3 3
-3460.1 610.7 2.1 355 0 85.9 14.6 7.5 2.5 2 0 3 5 5
-3452.4 -774.3 1.4 265 0 13.3 50.9 10.0 2.5 2 1 4 2 2
-3398.9 -53.1 -0.5 266 0 54.3 109.8 12.5 0.0 0 1 5 3 3
-1189.1 1904.2 0.5 339 0 50.4 11.9 15.0 0.0 0 0 6 2 2
-2493.3 925.8 0.3 180 0 140.4 16.6 14.0 0.0 0 0 4 5 5
-3345.2 -1001.5 -1.9 265 0 49.5 72.7 10.0 0.0 0 1 4 0 0
-3359.7 -182.2 -0.7 356 0 26.7 13.7 7.5 2.5 2 0 3 3 3
-3342.9 -800.7 0.1 355 0 33.3 15.7 10.0 2.5 2 0 4 2 2
-3551.3 6411.4 -5.5 89 0 68.5 242.1 12.5 0.0 0 1 5 5 5
-4352.3 6742.3 0.1 269 0 30.4 49.7 7.5 0.0 0 1 3 4 4
-3913.7 6419.1 -3.3 89 0 21.6 57.5 5.0 2.5 2 1 2 1 1
-4525.2 6787.7 0.1 89 0 14.6 21.8 10.0 2.5 2 1 4 0 0
-3648.6 6410.0 -5.0 89 0 78.3 239.9 12.5 0.0 0 1 5 3 3
-4389.1 6742.2 0.2 269 0 14.0 49.9 10.0 2.5 2 1 4 2 2
-3288.7 7554.9 -5.3 89 0 66.2 162.5 12.5 0.0 0 1 5 4 4
-4266.8 6673.9 0.3 270 0 13.9 47.9 7.5 2.5 2 1 3 2 2
-3750.3 6408.5 -4.5 89 0 79.3 240.4 10.0 0.0 0 1 4 5 5
-3419.8 7714.2 -5.1 269 0 65.8 156.9 7.5 0.0 0 1 3 3 3
3438.6 3720.1 -9.6 344 0 17.7 11.5 7.5 2.5 2 0 3 5 5
3346.9 3894.9 -10.5 253 0 13.7 24.7 10.0 2.5 4 1 4 2 2
3258.3 3831.4 -9.9 75 0 11.7 36.1 7.5 2.5 2 1 3 3 3
3414.6 3748.4 -9.8 346 0 18.3 11.2 5.0 2.5 2 0 2 2 2
3424.1 3662.5 -9.4 74 0 12.5 32.0 5.0 0.0 0 1 2 1 1
3184.9 4005.3 -8.6 254 0 12.8 48.6 10.0 2.5 2 1 4 3 3
3276.8 3900.2 -9.9 345 0 39.1 13.8 12.5 2.5 2 0 5 3 3
3358.9 3728.6 -9.8 75 0 12.3 32.3 7.5 2.5 2 1 3 0 0
3248.9 3981.4 -8.6 344 0 48.8 13.5 12.5 2.5 2 0 5 1 1
3391.4 3778.3 -10.0 344 0 18.2 11.9 7.5 2.5 2 0 3 3 3
3304.7 3880.7 -10.3 254 0 13.2 38.1 10.0 0.0 0 1 4 4 4
3391.5 3694.1 -9.6 75 0 12.2 33.0 10.0 2.5 2 1 4 2 2
3294.1 3795.7 -10.0 74 0 12.0 36.6 10.0 2.5 2 1 4 4 4
3384.4 3838.5 -10.3 343 0 19.0 11.4 5.0 2.5 2 0 2 2 2
3137.3 3982.8 -8.6 255 0 12.9 48.2 7.5 2.5 2 1 3 5 5
3461.6 3692.2 -9.4 345 0 18.6 11.4 7.5 2.5 2 0 3 2 2
3242.7 3931.9 -9.2 343 0 24.0 11.2 10.0 2.5 2 0 4 0 0
3197.7 4045.1 -7.0 254 0 12.3 24.2 10.0 2.5 4 1 4 5 5
3224.0 3868.1 -9.3 74 0 11.7 36.3 7.5 2.5 2 1 3 3 3
3326.2 3762.2 -10.0 76 0 11.9 32.1 5.0 2.5 2 1 2 2 2
3188.6 3904.6 -8.7 74 0 11.5 36.2 10.0 2.5 4 1 4 0 0
3368.2 3807.5 -10.2 344 0 18.0 11.4 7.5 2.5 2 0 3 4 4
-940.1 -5968.2 -6.3 273 0 99.3 38.0 10.0 0.0 0 0 4 5 5
-1052.6 -5963.9 -6.1 273 0 99.3 36.8 7.5 0.0 0 0 3 5 5
-984.2 -5944.0 -6.3 93 0 40.0 129.0 12.5 0.0 0 1 5 0 0
-1785.8 -6402.3 5.2 186 0 37.4 16.2 7.5 2.5 4 0 3 4 4
-3535.0 8167.2 -6.1 90 0 17.3 41.5 10.0 2.5 2 1 4 5 5
-4315.2 6522.5 -1.8 89 0 29.2 83.4 12.5 0.0 0 1 5 3 3
-2989.6 9278.2 -13.0 337 0 59.1 18.2 7.5 2.5 2 0 3 2 2
-3296.6 8365.0 -7.6 170 0 72.2 19.2 10.5 3.5 2 0 3 1 1
-3653.2 7825.4 -4.7 269 0 42.4 72.8 7.5 0.0 0 1 3 4 4
-3646.4 7880.3 -5.2 90 0 48.2 173.9 12.5 0.0 0 1 5 2 2
-2946.6 9762.6 -14.5 167 0 52.1 75.7 10.5 0.0 0 1 3 1 1
-1652.4 1439.3 1.1 87 0 11.5 110.4 17.5 0.0 0 1 5 5 5
-1668.4 1756.8 0.8 267 0 12.7 56.3 17.5 3.5 2 1 5 1 1
-3074.1 9761.9 -14.3 257 0 40.3 219.7 7.5 0.0 0 1 3 4 4
-1689.7 1354.0 0.5 346 0 110.7 17.4 17.5 0.0 0 0 5 2 2
-3669.8 8140.9 -5.8 180 0 138.2 48.7 15.0 0.0 0 0 6 5 5
-3233.2 8406.9 -7.5 260 0 19.2 67.7 10.5 3.5 4 1 3 5 5
-3263.7 8407.1 -7.7 260 0 19.1 72.2 10.5 3.5 2 1 3 5 5
-2317.7 1106.4 -0.1 271 0 13.6 111.3 14.0 3.5 2 1 4 5 5
-2610.8 4060.5 -1.1 175 0 181.9 141.2 15.0 0.0 0 0 6 1 1
-2162.3 1431.0 2.2 91 0 11.1 36.0 10.5 3.5 2 1 3 5 5
-3224.4 4589.3 -2.4 346 0 84.8 13.5 7.5 0.0 0 0 3 0 0
-2471.0 720.7 1.4 58 0 14.4 37.4 10.0 2.5 2 1 4 5 5
-1667.5 1627.6 0.9 177 0 108.1 12.2 17.5 3.5 2 0 5 5 5
-2322.9 883.8 0.8 92 0 14.9 103.8 14.0 3.5 4 1 4 0 0
-1573.6 1589.9 1.0 64 0 12.2 85.8 17.5 0.0 0 1 5 2 2
-2479.5 1109.3 -0.2 272 0 15.9 57.1 14.0 3.5 2 1 4 3 3
-2358.2 859.7 0.7 92 0 12.8 129.5 14.0 0.0 0 1 4 0 0
-2344.5 1018.5 0.4 272 0 12.6 23.4 14.0 3.5 2 1 4 4 4
-2338.0 1086.4 0.2 271 0 10.4 40.1 14.0 3.5 2 1 4 2 2
-2284.9 908.9 0.4 92 0 12.2 77.8 14.0 3.5 2 1 4 5 5
-2655.6 4169.5 -1.5 355 0 49.6 48.7 12.5 0.0 0 0 5 1 1
-2265.5 -1511.4 0.2 261 0 10.2 119.2 10.0 2.5 4 1 4 0 0
825.5 6762.8 0.7 176 0 32.6 66.1 15.0 0.0 0 1 6 2 2
827.7 6722.5 1.8 177 0 32.9 68.9 10.0 0.0 0 1 4 2 2
4705.5 -10722.1 -11.2 264 0 23.7 83.7 12.5 0.0 0 1 5 5 5
5480.6 -8851.7 -9.0 357 0 23.6 87.6 7.5 0.0 0 1 3 3 3
3838.2 -7462.0 -8.2 43 0 15.8 15.7 7.5 2.5 2 0 3 1 1
3987.4 -7318.5 -4.2 135 0 9.1 28.8 7.5 2.5 2 1 3 1 1
6315.0 -3618.6 -7.7 21 0 11.5 18.1 5.0 2.5 2 1 2 1 1
6432.7 -3572.1 -8.7 204 0 23.8 114.9 5.0 0.0 0 1 2 4 4
5294.5 -5651.0 -6.9 220 0 26.9 115.3 15.0 0.0 0 1 6 2 2
6629.1 6724.1 -8.4 161 0 17.2 78.3 7.5 2.5 2 1 3 4 4
6784.6 6769.4 -8.1 346 0 13.4 80.0 10.0 2.5 2 1 4 4 4
-1192.2 1284.9 -1.4 155 0 33.2 105.0 10.5 0.0 0 1 3 2 2
-1167.8 1235.2 -2.1 155 0 32.6 104.9 10.5 0.0 0 1 3 1 1
-920.0 1355.0 -2.2 335 0 30.9 146.7 10.5 0.0 0 1 3 2 2
1268.7 -7215.5 -0.4 270 0 38.3 31.5 10.0 0.0 0 0 4 3 3
2109.5 -7289.3 -3.0 160 0 49.1 76.0 10.0 0.0 0 1 4 2 2
374.9 2244.8 2.1 63 0 7.6 31.0 5.0 2.5 2 1 2 5 5
-943.5 1404.1 -1.5 335 0 31.7 146.2 10.5 0.0 0 1 3 2 2
1255.1 -7369.2 0.5 90 0 14.8 47.6 5.0 2.5 2 1 2 0 0
-2298.7 -130.9 3.3 81 0 6.5 47.2 7.5 2.5 2 1 3 3 3
2141.7 -7379.0 -3.2 160 0 49.8 76.1 7.5 0.0 0 1 3 0 0
5230.4 -9027.1 -11.4 177 0 30.9 6.8 7.5 2.5 2 0 3 1 1
-2282.5 -128.2 3.3 81 0 6.5 42.0 7.5 2.5 2 1 3 1 1
2174.2 -7467.9 -3.4 160 0 48.8 76.0 7.5 0.0 0 1 3 5 5
-2296.2 -142.6 2.9 261 0 6.6 51.9 7.5 2.5 2 1 3 5 5
2267.4 -7600.5 -3.7 70 0 66.5 34.9 7.5 0.0 0 0 3 5 5
4715.0 -5931.1 -3.7 0 0 79.3 50.2 12.5 0.0 0 0 5 3 3
118.6 -40.0 0.7 250 0 101.9 70.7 10.0 0.0 0 0 4 4 4
2958.6 -7989.5 -8.0 68 0 7.3 11.2 7.5 2.5 2 1 3 2 2
-2280.1 -140.2 2.9 261 0 6.7 53.0 7.5 2.5 2 1 3 0 0
2271.5 -7516.6 -3.6 340 0 35.6 65.3 7.5 0.0 0 1 3 3 3
-2309.7 -137.6 3.5 351 0 117.1 6.1 7.5 2.5 2 0 3 0 0
6384.2 -8567.4 -11.8 180 0 97.2 19.4 10.0 0.0 0 0 4 2 2
6376.0 -8626.6 -11.8 360 0 17.2 31.9 7.5 2.5 2 1 3 4 4
6316.6 -8636.0 -11.6 90 0 33.1 18.8 7.5 0.0 0 0 3 0 0
-2773.8 835.2 3.4 265 0 13.3 120.1 10.0 0.0 0 1 4 3 3
-2298.7 -3510.6 -4.5 53 0 31.5 94.6 10.0 0.0 0 1 4 2 2
-2227.8 -3459.0 -3.5 54 0 30.6 95.0 10.0 0.0 0 1 4 5 5
-2262.9 -3485.6 -4.0 54 0 30.2 94.8 10.0 0.0 0 1 4 5 5
-2288.6 -3525.5 -5.4 233 0 30.8 92.3 10.0 0.0 0 1 4 5 5
1932.8 -7817.8 -1.3 340 0 35.9 215.7 7.5 0.0 0 1 3 2 2
-2324.0 -3551.2 -5.2 234 0 30.7 92.3 10.0 0.0 0 1 4 4 4
-2217.2 -3473.7 -4.5 233 0 30.6 92.0 7.5 0.0 0 1 3 3 3
-2252.2 -3499.5 -5.0 234 0 31.1 91.4 12.5 0.0 0 1 5 5 5
-2334.8 -3537.0 -5.0 53 0 31.6 73.4 12.5 0.0 0 1 5 2 2
-923.1 -9858.5 -3.2 183 0 113.6 71.7 7.5 0.0 0 0 3 0 0
-1832.2 -6957.0 2.8 98 0 27.4 32.9 10.0 0.0 0 1 4 5 5
6154.9 10153.9 -19.3 254 0 14.7 39.1 10.0 2.5 2 1 4 1 1
6102.2 10149.0 -19.7 254 0 30.9 157.9 12.5 0.0 0 1 5 3 3
4942.8 8773.9 -12.6 60 0 8.4 58.9 7.5 0.0 0 1 3 0 0
4824.9 8687.0 -11.3 59 0 16.1 47.8 10.0 2.5 2 1 4 4 4
2808.7 7218.2 -9.3 75 0 18.9 26.2 10.0 2.5 2 1 4 4 4
3003.2 7403.4 -8.7 339 0 38.7 22.0 5.0 0.0 0 0 2 2 2
2959.8 7404.2 -8.9 249 0 28.4 63.0 7.5 0.0 0 1 3 4 4
3078.8 7916.8 -11.8 341 0 12.8 88.8 12.5 2.5 2 1 5 1 1
3045.0 7862.8 -11.4 71 0 91.2 13.1 7.5 0.0 0 0 3 5 5
3102.8 7834.9 -10.8 254 0 17.2 40.7 10.0 2.5 2 1 4 0 0
6404.2 7409.5 -11.3 296 0 22.1 12.9 10.0 2.5 2 0 4 5 5
6567.8 7527.3 -10.7 290 0 8.4 26.2 7.5 2.5 2 1 3 3 3
5120.9 6004.3 -4.2 37 0 7.7 11.2 5.0 0.0 0 1 2 5 5
5137.5 6028.1 -5.5 38 0 5.6 64.9 7.5 2.5 4 1 3 2 2
4802.2 6257.5 -8.1 64 0 14.0 42.2 7.5 2.5 2 1 3 5 5
5042.4 5821.8 -0.1 335 0 25.3 31.3 12.5 0.0 0 1 5 3 3
4888.3 5927.9 -9.4 63 0 23.4 15.6 7.5 2.5 2 0 3 0 0
4892.2 5987.4 -9.6 244 0 8.9 22.0 7.5 2.5 2 1 3 1 1
4871.2 5971.2 -9.6 244 0 34.7 22.1 10.0 0.0 0 0 4 0 0
6279.1 6359.2 -7.1 330 0 6.4 47.6 7.5 2.5 2 1 3 0 0
6225.2 6301.9 -6.5 81 0 6.3 20.9 7.5 2.5 2 1 3 2 2
6398.5 6437.0 -7.7 238 0 20.0 15.5 10.0 2.5 2 0 4 3 3
6488.4 6956.5 -8.7 182 0 9.2 30.6 10.5 3.5 2 1 3 0 0
6759.1 7900.7 -11.0 177 0 52.1 11.7 10.0 0.0 0 0 4 0 0
6846.4 7954.4 -12.6 85 0 14.7 38.9 10.0 2.5 2 1 4 1 1
6805.1 7989.3 -12.3 265 0 14.9 38.7 10.0 2.5 2 1 4 4 4
6888.0 7957.1 -12.8 85 0 42.7 30.0 12.5 0.0 0 0 5 1 1
6674.8 7382.9 -10.2 195 0 6.4 13.1 5.0 2.5 2 1 2 3 3
6851.9 7823.3 -12.3 84 0 16.8 62.1 7.5 2.5 2 1 3 3 3
6676.0 7363.6 -10.2 106 0 12.9 6.6 5.0 2.5 2 0 2 2 2
6703.4 7414.3 -10.1 287 0 7.9 37.5 7.5 2.5 4 1 3 5 5
6712.7 7414.6 -10.0 288 0 6.8 20.8 5.0 2.5 2 1 2 5 5
-2976.6 2693.0 -1.9 356 0 158.4 77.3 7.5 0.0 0 0 3 5 5
-3026.6 1992.8 -1.9 354 0 40.0 119.5 7.5 0.0 0 1 3 4 4
-5701.4 -7493.7 -7.3 262 0 18.5 83.2 7.5 2.5 2 1 3 3 3
-5086.7 -7815.3 -7.1 87 0 48.3 82.7 10.0 0.0 0 1 4 4 4
-5199.5 -7815.6 -7.2 87 0 12.5 76.8 7.5 2.5 2 1 3 5 5
-5688.7 -7430.8 -7.2 262 0 25.1 40.4 7.5 0.0 0 1 3 5 5
-5564.2 -7641.9 -7.3 352 0 112.0 41.4 7.5 0.0 0 0 3 1 1
-5154.1 -7815.1 -7.2 87 0 48.4 78.0 10.0 0.0 0 1 4 3 3
-5805.0 -7649.3 -7.5 352 0 46.3 16.3 7.5 2.5 4 0 3 5 5
-5636.9 -7944.7 -7.6 89 0 17.8 108.4 10.0 0.0 0 1 4 0 0
