5831.0 5276.9 -7.7 268 0 30.2 111.8 5.0 0.0 0 1 2 1 1
5856.2 5037.4 -7.6 87 0 59.6 110.8 10.0 0.0 0 1 4 2 2
6608.7 5447.9 -7.4 165 0 62.3 13.1 5.0 2.5 2 0 2 1 1
5985.2 4445.3 -8.4 13 0 51.5 13.3 10.0 2.5 2 0 4 0 0
4734.9 4173.5 -5.9 360 0 216.2 50.4 7.5 0.0 0 0 3 0 0
6032.0 4693.7 -8.9 87 0 36.4 177.8 10.0 0.0 0 1 4 1 1
6011.1 4494.2 -7.7 14 0 32.4 21.4 7.5 0.0 0 0 3 2 2
5337.4 2631.6 -5.3 90 0 168.3 97.4 10.0 0.0 0 0 4 4 4
6526.0 4782.3 -8.6 357 0 208.9 120.9 12.5 0.0 0 0 5 5 5
6590.3 5517.3 -7.5 164 0 65.2 12.1 7.5 2.5 4 0 3 4 4
6645.9 5339.1 -7.4 74 0 12.3 74.9 10.0 2.5 2 1 4 2 2
5483.2 2781.0 -5.8 178 0 96.3 177.8 10.0 0.0 0 1 4 3 3
6653.3 5448.0 -7.2 344 0 30.6 12.1 15.0 0.0 0 0 6 0 0
6676.4 5352.2 -7.5 74 0 12.7 41.1 7.5 2.5 2 1 3 3 3
5940.4 4426.0 -8.3 103 0 9.2 60.7 7.5 2.5 2 1 3 5 5
5541.5 3848.7 -6.1 268 0 97.0 242.4 10.0 0.0 0 1 4 2 2
6700.5 5358.6 -7.3 74 0 12.9 43.4 7.5 2.5 2 1 3 5 5
6671.6 5108.1 -7.1 74 0 24.7 62.2 12.5 2.5 2 1 5 3 3
6142.5 4446.2 -8.6 104 0 22.2 33.7 7.5 0.0 0 1 3 2 2
6486.2 4434.8 -8.7 267 0 22.6 79.6 5.0 0.0 0 1 2 4 4
6564.2 5633.4 -7.5 254 0 13.2 78.4 7.5 2.5 2 1 3 4 4
6640.3 5486.2 -7.3 344 0 32.4 12.3 7.5 2.5 2 0 3 3 3
5543.7 2618.3 -5.4 88 0 106.1 92.2 7.5 0.0 0 0 3 3 3
6725.2 5122.6 -7.1 74 0 77.6 63.2 7.5 0.0 0 0 3 0 0
6529.0 4338.7 -8.7 87 0 23.2 98.0 15.0 0.0 0 1 6 4 4
6384.4 2978.6 -5.6 90 0 12.0 7.5 7.5 2.5 2 0 3 0 0
2386.1 8575.5 -10.1 332 0 41.1 16.6 10.0 2.5 2 0 4 3 3
2003.1 8567.8 -9.9 333 0 38.0 23.4 10.0 0.0 0 0 4 5 5
2431.4 7696.8 -9.3 240 0 162.9 20.1 10.0 0.0 0 0 4 2 2
2097.3 8554.4 -10.0 152 0 147.9 63.3 10.0 0.0 0 0 4 4 4
2097.3 8463.5 -9.8 332 0 35.6 7.8 7.5 2.5 2 0 3 2 2
2458.3 7724.5 -9.3 62 0 14.9 43.7 10.0 2.5 4 1 4 0 0
2248.3 8631.6 -10.1 331 0 148.7 89.2 10.0 0.0 0 0 4 0 0
2395.9 8453.4 -10.0 62 0 38.5 132.0 10.0 0.0 0 1 4 1 1
2088.1 8643.7 -10.0 241 0 65.1 4.6 7.5 2.5 2 0 3 5 5
2029.7 8540.3 -9.9 241 0 24.7 70.2 7.5 0.0 0 1 3 4 4
2000.0 8524.8 -9.9 241 0 21.0 70.2 10.0 2.5 2 1 4 4 4
2064.9 8432.4 -9.8 152 0 60.2 24.7 10.0 0.0 0 0 4 0 0
2012.8 8600.8 -9.9 64 0 23.3 4.7 7.5 2.5 2 0 3 5 5
2011.0 8464.6 -9.8 152 0 34.6 6.3 7.5 2.5 2 0 3 2 2
2286.8 8469.9 -10.0 152 0 132.5 38.1 10.0 0.0 0 0 4 4 4
2403.9 7692.3 -9.3 61 0 83.8 18.5 10.0 2.5 4 0 4 0 0
2519.1 8620.0 -10.3 242 0 36.8 62.7 10.0 0.0 0 1 4 1 1
2342.4 8099.7 -9.6 150 0 42.7 22.7 7.5 0.0 0 0 3 3 3
2503.2 8524.1 -10.2 240 0 31.2 82.7 10.0 0.0 0 1 4 4 4
2399.5 8739.1 -11.0 62 0 30.5 39.9 7.5 0.0 0 1 3 5 5
2542.1 8790.4 -11.0 64 0 19.0 38.0 7.5 2.5 2 1 3 3 3
2227.9 8350.0 -9.8 61 0 28.8 22.5 10.0 0.0 0 0 4 2 2
2796.0 8121.4 -10.0 330 0 221.3 30.0 7.5 0.0 0 0 3 1 1
2191.9 8153.3 -9.6 61 0 11.1 16.8 7.5 2.5 2 1 3 4 4
2140.1 8409.3 -9.8 330 0 6.7 47.5 7.5 2.5 2 1 3 3 3
2397.8 8096.2 -9.7 150 0 26.2 216.6 10.0 0.0 0 1 4 5 5
5635.8 5417.8 -8.4 358 0 47.7 41.3 7.5 0.0 0 0 3 3 3
2364.2 8054.2 -9.6 150 0 37.2 23.0 10.0 0.0 0 0 4 0 0
2448.9 8788.8 -11.1 332 0 40.5 36.5 10.0 0.0 0 0 4 3 3
2145.6 8385.0 -9.8 332 0 24.7 12.9 10.0 2.5 4 0 4 2 2
2373.8 8669.4 -10.2 150 0 30.5 13.1 7.5 2.5 2 0 3 3 3
2839.0 8091.6 -10.0 150 0 50.0 13.8 5.0 2.5 2 0 2 2 2
2668.1 7917.6 -9.7 150 0 82.0 30.0 10.0 0.0 0 0 4 2 2
2498.2 8767.7 -10.9 64 0 16.9 51.4 10.0 2.5 2 1 4 5 5
2724.4 7857.9 -9.6 61 0 16.5 22.0 7.5 2.5 2 1 3 0 0
5653.0 5420.3 -8.3 178 0 71.6 47.8 7.5 0.0 0 0 3 1 1
2450.1 8678.6 -10.9 61 0 85.6 61.6 7.5 0.0 0 0 3 2 2
2757.6 8463.0 -10.3 60 0 31.0 74.1 10.0 0.0 0 1 4 3 3
2303.9 8404.5 -9.9 331 0 17.7 51.9 7.5 2.5 4 1 3 5 5
2438.3 8656.8 -10.3 240 0 30.2 50.7 10.0 0.0 0 1 4 3 3
5478.4 5363.5 -8.3 87 0 47.4 76.9 10.0 0.0 0 1 4 2 2
2816.9 8494.1 -10.3 60 0 48.8 83.4 10.0 0.0 0 1 4 5 5
2295.2 8323.7 -9.8 332 0 65.3 31.0 7.5 0.0 0 0 3 3 3
2259.7 8193.9 -9.7 331 0 30.4 71.6 12.5 0.0 0 1 5 4 4
2563.1 8241.6 -9.9 330 0 38.9 54.1 10.0 0.0 0 1 4 0 0
2511.9 8670.2 -10.3 330 0 50.7 30.5 10.0 0.0 0 0 4 3 3
5505.5 5299.0 -8.4 358 0 83.1 47.4 10.0 0.0 0 0 4 0 0
2273.3 8456.4 -10.0 331 0 63.2 100.7 10.0 0.0 0 1 4 2 2
2430.6 8496.7 -10.1 332 0 42.1 19.1 10.0 2.5 2 0 4 2 2
2059.0 8348.0 -9.7 241 0 13.6 31.9 7.5 2.5 4 1 3 2 2
2584.5 8575.3 -10.3 153 0 108.2 48.9 7.5 0.0 0 0 3 0 0
2115.2 8404.6 -9.8 330 0 6.0 23.3 5.0 2.5 2 1 2 3 3
2562.6 8060.0 -9.7 151 0 40.4 13.0 10.0 2.5 2 0 4 4 4
2177.6 8124.7 -9.6 60 0 4.7 30.1 2.5 2.5 2 1 1 0 0
5651.5 5160.5 -7.7 357 0 47.7 23.9 10.0 0.0 0 0 4 5 5
2699.0 8429.7 -10.2 60 0 70.1 74.8 12.5 0.0 0 1 5 4 4
2626.1 8151.6 -10.0 240 0 77.6 302.8 7.5 0.0 0 1 3 3 3
2569.6 8118.9 -9.9 240 0 21.9 181.0 5.0 0.0 0 1 2 3 3
2600.6 8164.3 -9.9 60 0 15.2 19.8 7.5 2.5 2 1 3 0 0
5663.2 5142.6 -7.6 178 0 86.5 48.2 10.0 0.0 0 0 4 1 1
2307.2 8272.0 -9.8 240 0 32.4 57.4 10.0 0.0 0 1 4 4 4
2308.8 8332.2 -9.9 150 0 73.1 48.2 10.0 0.0 0 0 4 2 2
2371.4 8241.5 -9.8 60 0 34.1 57.4 7.5 0.0 0 1 3 4 4
5994.1 5008.9 -8.1 178 0 12.1 100.3 10.0 2.5 2 1 4 3 3
5962.0 3656.9 -6.2 88 0 83.7 54.9 7.5 0.0 0 0 3 5 5
5248.5 4062.8 -6.0 180 0 107.5 24.4 7.5 0.0 0 0 3 3 3
6104.0 3659.9 -7.2 89 0 149.4 54.6 10.0 0.0 0 0 4 0 0
5853.8 3575.2 -5.8 87 0 10.0 20.6 10.0 2.5 2 1 4 1 1
5415.1 4108.6 -6.1 360 0 140.1 84.3 7.5 0.0 0 0 3 2 2
5745.8 3103.4 -6.8 0 0 70.2 64.5 12.5 0.0 0 0 5 4 4
5890.0 3682.9 -5.6 179 0 54.5 19.1 5.0 2.5 2 0 2 1 1
5249.5 4169.2 -6.1 180 0 84.1 70.3 10.0 0.0 0 0 4 2 2
1054.8 -9703.3 -2.3 84 0 7.0 33.5 10.5 3.5 2 1 3 3 3
1098.8 -9682.4 -2.4 84 0 7.9 13.7 10.5 3.5 4 1 3 5 5
1064.1 -9717.1 -2.4 85 0 5.2 47.4 10.5 3.5 2 1 3 3 3
1023.5 -9725.7 -2.3 175 0 15.6 7.9 10.5 3.5 4 0 3 0 0
1039.9 -9728.1 -2.3 85 0 9.8 29.8 10.5 3.5 2 1 3 0 0
1080.6 -9726.6 -2.4 84 0 4.3 59.5 10.5 3.5 2 1 3 5 5
1087.2 -9725.7 -2.4 85 0 6.2 59.0 10.5 3.5 2 1 3 4 4
1072.6 -9722.8 -2.4 85 0 9.4 53.2 10.5 3.5 2 1 3 1 1
1038.5 -9610.9 -2.2 264 0 4.9 67.4 10.5 3.5 2 1 3 5 5
1013.8 -9614.2 -2.2 264 0 11.3 65.9 14.0 0.0 0 1 4 1 1
1029.5 -9611.2 -2.2 265 0 7.4 67.3 10.5 3.5 2 1 3 2 2
1045.7 -9606.8 -2.2 264 0 7.5 60.1 10.5 3.5 2 1 3 4 4
1226.2 -9722.5 -2.6 84 0 9.8 40.2 10.5 3.5 2 1 3 0 0
1164.3 -9683.8 -2.4 84 0 14.6 7.8 10.5 3.5 2 0 3 4 4
1119.5 -9662.3 -2.4 84 0 19.0 60.0 14.0 3.5 2 1 4 3 3
1126.4 -9708.7 -2.4 84 0 16.9 34.7 14.0 3.5 2 1 4 0 0
1190.3 -9604.1 -2.4 354 0 12.6 29.5 14.0 3.5 2 0 4 1 1
1195.3 -9649.0 -2.5 354 0 13.4 29.9 14.0 3.5 2 0 4 0 0
1192.8 -9626.4 -2.5 354 0 32.1 14.5 14.0 3.5 2 0 4 3 3
1086.5 -9551.3 -2.3 264 0 42.9 25.3 14.0 0.0 0 0 4 0 0
1175.7 -9542.0 -2.4 264 0 16.9 50.0 14.0 0.0 0 1 4 5 5
1293.6 -9552.8 -2.6 264 0 23.3 89.3 14.0 0.0 0 1 4 1 1
1242.8 -9560.7 -2.5 264 0 16.5 42.1 14.0 3.5 4 1 4 3 3
2470.6 8363.8 -10.0 242 0 27.7 59.6 10.0 0.0 0 1 4 5 5
2767.7 8211.4 -10.0 151 0 36.0 15.0 10.0 2.5 2 0 4 2 2
2397.6 8318.1 -9.9 240 0 27.0 54.6 7.5 2.5 2 1 3 4 4
2508.7 8375.5 -10.0 331 0 18.1 21.6 7.5 2.5 2 1 3 5 5
2448.3 8277.6 -9.9 61 0 11.6 59.3 10.0 2.5 2 1 4 2 2
2314.4 8139.3 -9.7 151 0 34.2 6.7 7.5 2.5 2 0 3 3 3
2277.6 8145.7 -9.7 242 0 15.0 45.5 7.5 2.5 2 1 3 3 3
2170.1 9126.3 -12.1 64 0 79.2 87.8 7.5 0.0 0 1 3 3 3
2386.2 7932.4 -9.5 331 0 60.0 8.8 7.5 2.5 2 0 3 1 1
2188.3 8088.8 -9.5 241 0 10.1 42.0 10.0 2.5 4 1 4 3 3
2547.4 8435.7 -10.1 240 0 16.8 47.7 10.0 2.5 2 1 4 4 4
2272.8 8219.2 -9.7 151 0 58.0 33.4 7.5 0.0 0 0 3 1 1
2166.8 8121.5 -9.5 61 0 9.1 19.3 7.5 2.5 2 1 3 3 3
2343.8 7874.2 -9.4 62 0 101.4 60.1 7.5 0.0 0 0 3 1 1
2405.6 8430.2 -10.0 240 0 87.7 72.9 10.0 0.0 0 0 4 4 4
2259.2 7829.9 -9.3 62 0 6.6 35.0 7.5 2.5 2 1 3 4 4
2228.8 7910.7 -9.4 62 0 15.8 40.5 7.5 0.0 0 1 3 5 5
2197.5 7947.5 -9.4 62 0 6.9 22.5 5.0 0.0 0 1 2 1 1
2319.3 7943.4 -9.5 242 0 78.4 11.8 7.5 2.5 2 0 3 0 0
2275.4 8086.0 -9.6 61 0 30.1 14.6 10.0 2.5 2 0 4 2 2
2280.0 7840.4 -9.3 62 0 14.2 58.8 7.5 2.5 4 1 3 3 3
2518.2 8418.8 -10.1 242 0 16.3 79.2 10.0 0.0 0 1 4 2 2
2434.0 8344.4 -10.0 241 0 15.4 58.0 10.0 2.5 2 1 4 4 4
2233.1 7870.8 -9.3 152 0 19.6 15.6 12.5 2.5 2 0 5 2 2
2787.8 8244.4 -10.1 241 0 16.9 65.9 7.5 0.0 0 1 3 0 0
-5637.8 10392.6 -16.2 48 0 16.3 19.9 10.0 2.5 2 1 4 2 2
4785.6 -9699.6 -6.7 99 0 30.1 96.1 2.5 0.0 0 1 1 5 5
