197.2 4496.9 1.0 360 0 35.4 16.8 5.0 2.5 2 0 2 0 0
281.4 4468.5 1.8 270 0 19.1 58.3 10.0 2.5 2 1 4 0 0
-5915.4 6482.3 -2.4 351 0 30.6 12.3 7.5 2.5 2 0 3 1 1
-5997.0 6473.8 -2.6 171 0 44.9 12.0 7.5 0.0 0 0 3 1 1
-5962.7 6476.9 -2.5 171 0 36.8 11.8 7.5 0.0 0 0 3 4 4
-5941.8 6410.3 -2.4 80 0 12.5 43.1 7.5 2.5 2 1 3 0 0
-5972.1 6398.7 -2.4 79 0 12.3 49.5 10.0 2.5 2 1 4 5 5
-5930.8 6572.6 -2.5 264 0 12.3 69.1 7.5 2.5 2 1 3 0 0
-6003.5 6576.1 -2.8 264 0 11.8 76.9 7.5 2.5 2 1 3 2 2
-5908.6 6441.4 -2.3 350 0 36.4 12.6 10.0 2.5 2 0 4 3 3
-5967.1 6571.4 -2.6 264 0 13.0 69.0 10.0 2.5 2 1 4 5 5
5185.3 9543.0 -12.4 329 0 57.1 18.7 12.5 2.5 2 0 5 3 3
5037.5 10655.6 -12.6 337 0 32.2 13.5 17.5 3.5 2 0 5 3 3
5030.9 10561.4 -11.9 151 0 58.8 13.2 17.5 3.5 2 0 5 4 4
4997.4 10625.0 -12.6 151 0 73.2 10.8 17.5 3.5 2 0 5 3 3
5026.2 10767.1 -13.5 250 0 13.9 50.1 17.5 3.5 2 1 5 3 3
4994.7 10752.2 -13.6 250 0 13.8 49.1 17.5 3.5 2 1 5 2 2
5065.8 10579.0 -12.1 63 0 4.1 30.1 10.5 3.5 2 1 3 1 1
6217.9 9537.6 -14.9 299 0 36.8 52.6 10.0 0.0 0 1 4 4 4
6105.4 9580.8 -14.6 299 0 54.1 36.5 12.5 0.0 0 0 5 0 0
6170.7 9558.1 -14.8 298 0 35.7 46.7 7.5 0.0 0 1 3 2 2
6928.7 6471.9 -11.7 50 0 5.1 77.6 7.5 2.5 2 1 3 3 3
-457.9 842.4 2.3 256 0 13.1 75.2 12.5 2.5 2 1 5 0 0
-537.5 822.3 3.2 256 0 12.9 74.2 15.0 2.5 2 1 6 2 2
-532.3 708.4 2.7 167 0 44.2 11.2 10.0 2.5 2 0 4 5 5
-356.9 936.7 0.5 79 0 9.0 46.9 7.5 2.5 2 1 3 5 5
-405.8 637.7 -0.7 76 0 13.3 63.7 10.0 0.0 0 1 4 4 4
-498.2 831.8 2.3 256 0 12.6 74.4 12.5 2.5 2 1 5 3 3
-431.5 592.6 -0.3 257 0 67.9 15.6 12.5 2.5 2 0 5 4 4
-417.4 737.6 0.7 346 0 42.9 15.3 12.5 2.5 2 0 5 5 5
-376.0 860.9 2.4 255 0 12.3 74.4 7.5 2.5 2 1 3 2 2
-344.8 614.6 -0.6 256 0 91.6 12.8 10.0 2.5 2 0 4 0 0
-117.4 708.8 1.2 75 0 15.9 63.4 10.0 2.5 2 1 4 1 1
-578.9 812.4 3.4 262 0 12.9 77.0 7.5 2.5 2 1 3 3 3
-508.9 613.0 1.8 76 0 11.7 66.1 15.0 2.5 4 1 6 4 4
-340.8 756.5 2.4 345 0 44.5 12.6 5.0 2.5 2 0 2 0 0
-471.8 622.5 1.1 76 0 12.2 66.4 10.0 2.5 2 1 4 0 0
-574.7 968.8 2.5 174 0 32.6 15.8 7.5 2.5 4 0 3 1 1
-321.1 691.1 0.0 344 0 61.8 12.1 12.5 0.0 0 0 5 2 2
-571.5 696.6 3.1 173 0 45.4 11.6 12.5 2.5 2 0 5 1 1
-515.2 572.3 1.3 257 0 89.1 13.1 12.5 2.5 2 0 5 1 1
-379.8 746.8 1.5 346 0 44.1 12.4 12.5 2.5 2 0 5 2 2
-340.4 941.8 0.5 79 0 10.8 35.7 10.0 2.5 2 1 4 2 2
-416.4 851.7 3.0 256 0 12.4 74.9 7.5 2.5 2 1 3 2 2
-385.8 885.7 1.7 77 0 5.5 29.2 2.5 0.0 0 1 1 0 0
-135.5 589.5 1.6 346 0 40.2 17.0 10.0 0.0 0 0 4 0 0
-361.8 648.3 -0.9 75 0 13.0 63.8 7.5 0.0 0 1 3 3 3
-564.4 632.6 2.4 173 0 63.4 11.3 7.5 2.5 2 0 3 5 5
-73.6 720.2 0.8 75 0 17.1 80.5 10.0 2.5 2 1 4 3 3
1380.2 4816.3 -0.8 245 0 8.8 32.2 7.5 0.0 0 1 3 1 1
1426.6 4836.3 -0.8 245 0 8.8 32.2 7.5 0.0 0 1 3 1 1
1142.2 4644.8 -1.0 154 0 21.8 19.3 10.0 2.5 2 0 4 3 3
1645.7 4356.7 -0.7 245 0 23.3 94.6 10.0 0.0 0 1 4 4 4
1621.1 4060.8 0.2 156 0 21.3 65.0 7.5 2.5 2 1 3 5 5
1106.3 4458.6 -1.3 336 0 50.5 13.7 5.0 2.5 2 0 2 1 1
1583.1 4721.0 -1.4 334 0 59.7 10.1 10.0 2.5 4 0 4 4 4
1658.2 4153.8 -0.1 155 0 88.6 33.2 10.0 0.0 0 0 4 4 4
1268.6 4804.9 -0.6 65 0 14.7 20.6 7.5 2.5 2 1 3 5 5
1311.1 4852.5 -0.5 65 0 22.3 110.8 7.5 0.0 0 1 3 2 2
761.2 4359.1 -1.0 154 0 138.2 135.3 7.5 0.0 0 0 3 0 0
977.8 4399.3 -1.1 156 0 51.3 16.3 10.0 0.0 0 0 4 3 3
1711.1 4954.8 -2.5 47 0 16.2 34.4 10.0 2.5 2 1 4 5 5
1858.1 4888.0 -4.2 225 0 9.5 31.7 7.5 2.5 2 1 3 0 0
937.3 4947.2 -2.3 156 0 66.2 54.8 12.5 0.0 0 0 5 3 3
403.5 5030.9 -3.4 85 0 59.8 85.9 10.0 0.0 0 1 4 0 0
1608.1 4330.7 -0.7 246 0 36.9 90.1 10.0 0.0 0 1 4 3 3
1136.4 4747.0 -0.6 66 0 18.5 65.8 12.5 2.5 4 1 5 0 0
927.1 4860.8 -1.1 335 0 47.2 8.9 7.5 2.5 2 0 3 2 2
695.7 4982.9 -3.8 155 0 38.3 8.6 7.5 2.5 2 0 3 4 4
1322.1 4127.0 -0.3 155 0 44.1 16.9 10.0 2.5 2 0 4 3 3
1106.0 4530.2 -1.2 335 0 9.2 6.1 7.5 2.5 2 0 3 4 4
999.3 4822.4 -0.3 156 0 25.1 72.4 10.0 0.0 0 1 4 3 3
1163.9 4388.7 -1.1 335 0 91.9 33.3 10.0 0.0 0 0 4 5 5
651.8 4947.7 -3.8 245 0 17.4 53.8 7.5 2.5 2 1 3 5 5
1967.8 5268.9 -9.1 41 0 19.9 123.1 12.5 0.0 0 1 5 3 3
1375.6 4847.5 -0.7 335 0 5.5 45.8 5.0 2.5 2 1 2 2 2
1151.9 5033.2 0.1 155 0 32.1 15.6 12.5 2.5 2 0 5 0 0
1088.7 4639.8 -1.0 155 0 57.7 41.0 10.0 0.0 0 0 4 3 3
1618.0 4506.5 -1.3 65 0 9.3 81.5 7.5 2.5 2 1 3 0 0
1183.6 4964.9 -2.1 155 0 66.5 167.7 12.5 0.0 0 1 5 2 2
1384.6 4685.3 -1.1 155 0 19.3 13.3 12.5 2.5 4 0 5 1 1
1540.5 4489.8 -1.3 65 0 11.7 65.1 7.5 2.5 2 1 3 4 4
1215.1 3899.0 -0.3 155 0 30.7 12.5 10.0 2.5 2 0 4 3 3
1617.2 4134.7 -0.1 155 0 89.2 30.7 12.5 0.0 0 0 5 5 5
1239.8 4626.6 -1.2 335 0 63.0 53.6 10.0 0.0 0 0 4 2 2
996.6 4167.5 -1.0 65 0 85.9 76.9 12.5 0.0 0 0 5 0 0
830.6 4747.2 -0.9 155 0 47.2 122.5 10.0 0.0 0 1 4 3 3
1484.5 4392.1 -1.0 65 0 59.9 51.3 10.0 0.0 0 0 4 0 0
1108.1 4127.0 -0.5 155 0 13.3 32.7 7.5 2.5 2 1 3 1 1
1342.3 4842.0 -0.6 65 0 16.0 29.7 7.5 2.5 2 1 3 3 3
1001.3 4410.2 -1.2 155 0 52.2 16.9 7.5 2.5 2 0 3 4 4
1720.2 4945.1 -2.7 226 0 14.5 19.8 10.0 2.5 4 1 4 3 3
1227.9 4874.3 -0.6 155 0 110.6 42.6 7.5 0.0 0 0 3 4 4
1727.9 4408.6 -0.8 245 0 43.9 14.0 10.0 0.0 0 0 4 0 0
1346.8 4125.3 -0.3 155 0 68.4 47.4 15.0 0.0 0 0 6 3 3
1026.7 4790.0 -0.4 156 0 19.7 60.2 7.5 2.5 2 1 3 2 2
815.3 4913.2 -2.9 245 0 105.5 62.0 12.5 0.0 0 0 5 5 5
1171.2 4246.7 -1.0 65 0 41.4 71.7 7.5 0.0 0 1 3 2 2
953.1 4805.2 -0.3 335 0 46.5 8.2 7.5 2.5 2 0 3 1 1
1446.3 4792.4 -1.2 245 0 9.4 81.6 7.5 2.5 4 1 3 2 2
887.9 4503.2 -1.1 336 0 33.4 13.4 10.0 2.5 2 0 4 1 1
1108.3 4216.6 -1.0 65 0 23.2 72.9 10.0 0.0 0 1 4 0 0
1546.0 4577.8 -1.4 66 0 9.3 58.9 7.5 2.5 2 1 3 4 4
1095.6 4930.1 -0.2 336 0 63.9 31.3 7.5 0.0 0 0 3 5 5
564.1 4824.2 -4.3 65 0 223.7 94.7 10.0 0.0 0 0 4 0 0
1194.6 4315.4 -1.1 336 0 39.7 19.5 10.0 2.5 2 0 4 4 4
1053.2 4336.3 -1.1 155 0 91.3 29.7 10.0 0.0 0 0 4 4 4
1456.8 4846.3 -0.8 247 0 14.4 19.1 10.0 2.5 2 1 4 1 1
1592.8 4122.3 -0.1 155 0 86.4 18.0 10.0 2.5 4 0 4 2 2
907.3 4556.9 -1.0 155 0 59.5 31.0 10.0 0.0 0 0 4 2 2
1516.8 4721.5 -1.4 245 0 9.3 60.4 7.5 2.5 2 1 3 5 5
1867.2 4101.9 0.4 26 0 25.3 8.6 7.5 2.5 2 0 3 5 5
1127.8 4087.2 -0.4 155 0 62.8 154.8 7.5 0.0 0 1 3 1 1
1783.3 4891.0 -3.0 315 0 100.3 17.8 7.5 0.0 0 0 3 1 1
1618.0 4643.8 -1.4 334 0 59.0 9.5 7.5 2.5 2 0 3 0 0
1891.8 3576.5 0.2 28 0 17.3 117.1 12.5 0.0 0 1 5 1 1
1644.9 5031.4 -2.1 331 0 18.9 24.6 10.0 2.5 2 1 4 2 2
1081.3 4721.6 -0.6 66 0 67.2 62.7 7.5 0.0 0 0 3 1 1
1524.1 4835.0 -1.2 245 0 9.7 85.6 7.5 2.5 2 1 3 1 1
1056.7 4232.2 -1.0 155 0 73.2 18.1 7.5 2.5 2 0 3 4 4
1487.2 4707.6 -1.4 245 0 9.1 59.7 7.5 2.5 2 1 3 1 1
1815.2 4006.8 -0.7 26 0 7.0 4.4 5.0 2.5 2 0 2 5 5
1316.7 4679.6 -1.2 155 0 65.3 50.7 7.5 0.0 0 0 3 0 0
1522.3 4442.6 -1.0 65 0 12.2 35.7 7.5 2.5 2 1 3 1 1
1080.2 5013.5 -0.1 335 0 66.7 34.2 10.0 0.0 0 0 4 5 5
1057.4 3842.6 -0.1 155 0 23.5 7.0 7.5 2.5 2 0 3 3 3
1577.9 4592.8 -1.4 65 0 8.9 59.0 7.5 2.5 2 1 3 3 3
1502.0 4482.9 -1.2 66 0 11.7 55.1 7.5 2.5 2 1 3 4 4
993.2 4930.1 0.1 156 0 5.6 63.9 7.5 2.5 2 1 3 4 4
968.8 4821.5 -0.3 335 0 32.2 4.9 7.5 2.5 2 0 3 3 3
1520.4 4243.4 -0.6 154 0 99.0 37.2 10.0 0.0 0 0 4 5 5
1110.3 4498.5 -1.3 336 0 4.7 18.0 5.0 0.0 0 1 2 4 4
1359.0 4885.2 -1.0 65 0 85.0 101.5 7.5 0.0 0 1 3 5 5
830.7 4202.0 -1.1 155 0 28.7 88.3 10.0 0.0 0 1 4 5 5
1642.5 4655.1 -1.4 335 0 59.7 9.8 7.5 2.5 2 0 3 4 4
911.6 4991.4 -3.2 155 0 12.8 5.3 7.5 2.5 2 0 3 2 2
2050.2 4447.1 -1.4 336 0 17.2 13.0 2.5 2.5 2 0 1 5 5
1563.8 4184.6 -0.2 155 0 21.2 64.9 10.0 2.5 2 1 4 2 2
1499.2 4824.3 -1.2 245 0 9.8 85.6 7.5 2.5 2 1 3 1 1
1339.6 5070.3 -2.4 246 0 7.8 47.3 7.5 2.5 2 1 3 3 3
1392.4 4758.4 -1.2 245 0 23.7 72.1 7.5 0.0 0 1 3 0 0
1694.1 4094.8 0.2 156 0 22.4 64.8 12.5 2.5 2 1 5 3 3
817.2 4738.9 -0.9 155 0 46.8 14.3 7.5 2.5 4 0 3 3 3
1461.8 4926.2 -1.6 65 0 54.9 55.8 12.5 0.0 0 1 5 5 5
1571.0 4514.1 -1.3 65 0 12.3 55.7 7.5 2.5 2 1 3 2 2
586.0 4814.2 -2.8 245 0 19.2 54.7 10.0 2.5 4 1 4 2 2
1223.5 4661.4 -1.0 335 0 4.4 56.9 7.5 2.5 2 1 3 4 4
1290.6 4802.8 -0.7 65 0 29.7 4.7 7.5 2.5 2 0 3 0 0
1336.4 3978.1 -0.7 335 0 50.1 14.6 10.0 2.5 4 0 4 2 2
791.9 4796.7 -2.5 155 0 47.1 135.5 10.0 0.0 0 1 4 4 4
888.3 4629.2 -0.7 65 0 43.5 95.1 12.5 0.0 0 1 5 0 0
1287.6 4740.2 -0.9 156 0 49.2 61.3 10.0 0.0 0 1 4 2 2
1543.7 4422.9 -0.9 65 0 38.6 13.2 10.0 2.5 2 0 4 3 3
1137.5 4675.1 -0.9 244 0 21.0 16.8 7.5 2.5 2 0 3 3 3
1372.0 4009.6 -0.7 155 0 66.5 6.4 7.5 2.5 2 0 3 0 0
1080.0 4504.9 -1.3 336 0 33.1 14.7 7.5 2.5 2 0 3 0 0
1078.2 3826.9 -0.1 155 0 71.1 54.6 7.5 0.0 0 0 3 2 2
1601.8 4603.5 -1.4 65 0 10.0 58.6 7.5 2.5 2 1 3 2 2
1861.3 4350.0 -0.5 245 0 15.4 30.5 7.5 2.5 2 1 3 0 0
1133.6 4858.2 -0.4 336 0 48.0 54.5 7.5 0.0 0 1 3 5 5
1172.1 4714.0 -1.0 245 0 56.1 58.8 7.5 0.0 0 1 3 0 0
1560.9 4316.6 -0.7 244 0 37.0 98.9 10.0 0.0 0 1 4 4 4
1690.9 4543.4 -1.4 65 0 9.9 78.8 7.5 2.5 2 1 3 4 4
870.9 4150.3 -1.0 155 0 77.6 57.7 7.5 0.0 0 0 3 4 4
1575.8 4999.6 -2.0 330 0 18.2 32.4 10.0 2.5 2 1 4 3 3
1845.2 4854.3 -3.7 136 0 31.4 13.1 10.0 2.5 2 0 4 3 3
979.1 4877.2 -0.2 155 0 64.5 91.5 10.0 0.0 0 1 4 4 4
1898.2 5179.5 -7.3 41 0 20.5 129.7 10.0 0.0 0 1 4 4 4
1636.6 4219.4 -0.3 155 0 22.7 64.9 12.5 2.5 2 1 5 5 5
982.3 4626.9 -1.1 245 0 12.5 83.6 7.5 2.5 2 1 3 0 0
1203.9 5024.9 -0.0 155 0 19.8 12.7 7.5 2.5 2 0 3 3 3
1766.7 4304.3 -0.4 247 0 12.3 27.3 7.5 2.5 4 1 3 4 4
2056.7 4429.3 -1.3 339 0 15.0 12.6 5.0 2.5 2 0 2 5 5
1041.9 4994.1 -1.1 335 0 66.8 40.4 12.5 0.0 0 0 5 1 1
1414.2 4907.5 -0.6 66 0 8.4 56.1 7.5 2.5 2 1 3 2 2
1174.2 4597.5 -1.2 155 0 68.7 6.5 7.5 2.5 2 0 3 4 4
1183.1 5059.4 -0.3 247 0 6.6 18.3 5.0 2.5 2 1 2 3 3
1389.6 4019.4 -0.8 156 0 65.4 60.1 7.5 0.0 0 0 3 4 4
869.4 4959.3 -3.2 246 0 53.5 6.4 7.5 2.5 2 0 3 1 1
1666.6 4530.6 -1.3 65 0 9.7 80.2 7.5 2.5 2 1 3 0 0
1475.0 4812.1 -1.2 244 0 9.5 86.5 7.5 2.5 2 1 3 3 3
876.0 4950.3 -3.0 245 0 11.1 18.2 5.0 2.5 2 1 2 0 0
1178.4 3871.0 -0.2 335 0 68.5 12.4 10.0 2.5 2 0 4 2 2
1458.4 3965.6 -0.8 155 0 59.3 18.6 10.0 2.5 2 0 4 5 5
1128.4 4225.8 -1.0 65 0 18.6 72.9 7.5 2.5 2 1 3 0 0
1116.0 4925.7 -0.2 336 0 40.3 14.5 10.0 2.5 2 0 4 4 4
1201.3 3756.7 0.2 156 0 16.8 13.6 5.0 2.5 4 0 2 5 5
656.3 4847.6 -2.7 245 0 117.5 56.3 5.0 0.0 0 0 2 1 1
1845.9 4023.5 -0.6 26 0 28.9 17.4 5.0 2.5 2 0 2 0 0
912.3 4640.7 -0.7 65 0 9.2 64.0 7.5 2.5 2 1 3 1 1
781.3 4794.5 -2.6 154 0 53.3 5.7 7.5 2.5 2 0 3 5 5
1084.8 4552.9 -1.2 335 0 28.1 13.4 7.5 2.5 2 0 3 3 3
813.5 4726.4 -1.1 155 0 12.1 8.0 5.0 2.5 2 0 2 3 3
1882.2 4242.7 -0.1 66 0 12.0 17.6 5.0 2.5 2 1 2 4 4
1540.6 4733.8 -1.4 244 0 9.6 60.1 7.5 2.5 2 1 3 4 4
1695.5 4171.1 -0.2 155 0 90.2 32.2 10.0 0.0 0 0 4 4 4
993.2 4276.1 -1.2 335 0 24.8 85.0 10.0 0.0 0 1 4 1 1
768.3 4856.1 -2.8 155 0 64.3 12.6 7.5 2.5 2 0 3 2 2
1370.9 4715.1 -1.1 155 0 44.3 13.8 7.5 2.5 2 0 3 2 2
889.2 4970.0 -3.4 65 0 8.2 30.2 5.0 2.5 2 1 2 2 2
372.4 5152.6 -3.3 266 0 8.9 26.8 7.5 2.5 2 1 3 3 3
945.8 4867.9 -0.4 335 0 26.6 3.9 2.5 2.5 2 0 1 3 3
1427.1 5066.1 -2.9 335 0 17.1 55.5 15.0 0.0 0 1 6 2 2
1164.1 3866.2 -0.2 335 0 68.1 26.8 10.0 0.0 0 0 4 5 5
1417.2 4464.0 -1.3 155 0 65.3 50.5 7.5 0.0 0 0 3 4 4
1170.1 4763.0 -0.6 65 0 37.0 65.6 7.5 0.0 0 1 3 0 0
1081.9 4873.6 -0.2 336 0 11.5 17.6 2.5 2.5 2 1 1 5 5
1327.9 4834.1 -0.6 65 0 7.1 14.8 7.5 2.5 2 1 3 5 5
1141.5 4902.2 -0.2 336 0 12.0 50.2 7.5 2.5 2 1 3 2 2
1123.8 4369.9 -1.1 335 0 90.7 29.7 7.5 0.0 0 0 3 0 0
1438.4 4743.1 -1.2 245 0 22.5 39.2 10.0 0.0 0 1 4 2 2
1156.4 3746.2 -0.1 65 0 24.9 60.7 7.5 2.5 2 1 3 0 0
902.0 5011.9 -3.5 155 0 30.6 7.1 7.5 2.5 2 0 3 4 4
1212.0 4263.2 -0.7 65 0 12.7 33.3 7.5 2.5 2 1 3 5 5
1055.7 4592.2 -1.0 335 0 30.6 13.5 12.5 2.5 2 0 5 3 3
1641.7 4518.5 -1.3 65 0 9.8 80.7 7.5 2.5 4 1 3 2 2
564.5 4801.6 -3.0 245 0 13.7 54.7 7.5 2.5 2 1 3 2 2
1297.3 3790.0 -0.4 65 0 108.9 106.9 12.5 0.0 0 0 5 5 5
1311.7 4489.3 -1.4 335 0 72.0 58.7 7.5 0.0 0 0 3 5 5
-633.3 -1279.9 1.6 89 0 36.9 15.2 2.5 2.5 2 0 1 4 4
-680.2 -1307.8 2.8 271 0 126.0 123.5 2.5 0.0 0 0 1 1 1
-782.3 -1302.2 3.9 272 0 62.9 149.8 2.5 0.0 0 1 1 2 2
-871.1 -1299.8 3.1 271 0 101.2 78.3 2.5 0.0 0 0 1 0 0
-836.1 -1290.4 2.6 91 0 182.3 61.2 2.5 0.0 0 0 1 4 4
-928.0 -1143.7 0.6 182 0 127.5 66.1 2.5 0.0 0 0 1 5 5
-943.9 -1083.8 0.6 3 0 103.4 69.2 2.5 0.0 0 0 1 1 1
-2014.4 -5829.7 3.6 347 0 32.4 13.4 2.5 2.5 2 0 1 2 2
-1997.8 -5901.6 3.5 72 0 11.0 48.6 2.5 2.5 4 1 1 2 2
-2046.8 -5753.1 3.7 77 0 20.2 34.3 2.5 0.0 0 1 1 5 5
