-6710.3 9757.1 -15.6 5 0 12.3 72.9 14.0 3.5 2 1 4 3 3
-6439.6 8857.4 -12.0 129 0 20.4 19.1 7.5 2.5 2 0 3 5 5
-5818.2 8520.3 -10.3 249 0 13.1 56.9 12.5 2.5 2 1 5 0 0
-6601.0 9928.4 -15.9 266 0 11.8 43.9 14.0 0.0 0 1 4 2 2
-6358.4 8776.9 -11.2 215 0 30.5 12.8 12.5 2.5 2 0 5 4 4
-6348.7 7939.3 -9.8 86 0 48.6 119.9 12.5 0.0 0 1 5 2 2
-5663.0 8688.9 -7.1 239 0 47.1 30.3 7.5 0.0 0 0 3 2 2
-6314.5 8758.8 -10.8 36 0 29.4 12.1 7.5 2.5 2 0 3 0 0
1430.3 -2737.5 2.6 84 0 12.9 42.2 10.0 0.0 0 1 4 4 4
1397.0 -3764.8 1.7 271 0 9.0 69.8 7.5 2.5 2 1 3 4 4
1170.3 -2975.4 0.8 89 0 58.1 61.7 7.5 0.0 0 1 3 1 1
1506.1 -2908.5 2.0 85 0 6.1 108.0 7.5 2.5 2 1 3 1 1
1096.3 -2977.1 0.5 90 0 21.3 62.7 10.0 2.5 2 1 4 5 5
-4747.5 -859.9 -1.9 92 0 26.4 60.3 7.5 2.5 2 1 3 3 3
-4677.5 -742.7 -2.2 2 0 72.5 186.7 7.5 0.0 0 1 3 1 1
-4826.5 -875.7 -2.3 272 0 38.0 30.7 7.5 0.0 0 0 3 0 0
-4682.5 -956.3 -1.8 3 0 145.1 90.2 7.5 0.0 0 0 3 2 2
-4710.6 -831.7 -1.6 182 0 59.8 29.0 7.5 0.0 0 0 3 4 4
-4861.0 -854.9 -2.4 94 0 26.4 60.0 7.5 2.5 2 1 3 2 2
-4850.1 -936.7 -2.3 181 0 15.2 31.7 10.0 2.5 2 1 4 0 0
-4876.1 -892.8 -2.4 182 0 38.6 15.8 5.0 2.5 2 0 2 2 2
-5419.0 -4345.7 -0.8 180 0 16.8 12.6 5.0 2.5 2 0 2 4 4
-6668.4 -396.2 2.9 177 0 243.3 85.3 10.0 0.0 0 0 4 1 1
-6548.7 -569.7 2.5 357 0 86.7 110.1 7.5 0.0 0 1 3 3 3
-5770.9 -4909.2 2.8 84 0 16.4 64.0 15.0 2.5 2 1 6 4 4
-5834.8 8455.9 -10.3 70 0 15.6 55.2 12.5 2.5 2 1 5 4 4
-6633.7 9828.1 -15.6 86 0 11.9 41.6 14.0 3.5 2 1 4 4 4
-6721.9 9950.7 -16.6 356 0 34.4 12.1 14.0 0.0 0 0 4 5 5
-5339.2 10259.5 -14.2 263 0 9.7 51.5 7.5 2.5 4 1 3 5 5
-6001.9 10271.5 -16.5 81 0 15.3 79.7 10.5 3.5 4 1 3 4 4
-6720.4 9898.7 -16.2 356 0 49.6 12.1 14.0 3.5 2 0 4 0 0
-6684.0 9835.4 -15.5 175 0 45.5 13.0 14.0 3.5 2 0 4 4 4
-6642.4 9923.2 -16.0 265 0 11.2 44.2 14.0 3.5 2 1 4 5 5
-6590.1 9834.3 -15.5 85 0 11.8 41.4 14.0 0.0 0 1 4 5 5
-6716.9 9834.9 -15.8 355 0 55.6 12.4 14.0 3.5 2 0 4 2 2
-6773.4 9947.5 -16.6 266 0 11.9 45.6 14.0 3.5 2 1 4 0 0
-6687.6 9894.1 -16.1 175 0 44.0 11.9 14.0 3.5 2 0 4 1 1
-5318.3 10261.6 -14.2 264 0 9.1 50.8 7.5 2.5 2 1 3 2 2
1050.6 -2678.2 0.1 72 0 19.6 114.8 5.0 0.0 0 1 2 5 5
-6645.1 -22.3 1.3 339 0 149.5 45.0 10.0 0.0 0 0 4 2 2
-6742.4 106.4 -1.3 249 0 9.0 29.8 7.5 0.0 0 1 3 2 2
-6663.4 -170.5 4.3 157 0 60.4 31.4 7.5 0.0 0 0 3 2 2
-6790.8 48.1 -2.8 248 0 24.2 11.9 12.5 2.5 2 0 5 0 0
-6607.3 -141.8 4.2 68 0 13.2 32.7 12.5 2.5 4 1 5 1 1
-6689.2 82.5 -1.2 339 0 7.5 89.3 7.5 2.5 2 1 3 1 1
-6614.5 -148.6 4.4 338 0 72.3 15.5 10.0 2.5 2 0 4 4 4
-6556.2 -194.2 3.7 346 0 15.8 114.9 10.0 0.0 0 1 4 5 5
-6770.3 40.3 -2.5 248 0 58.1 179.5 10.0 0.0 0 1 4 3 3
-6592.1 -5469.8 -4.6 180 0 14.0 16.1 2.5 2.5 2 1 1 0 0
2642.1 9878.0 -16.4 157 0 106.4 149.9 10.0 0.0 0 1 4 1 1
-5610.3 -6600.4 2.4 360 0 22.4 144.5 7.5 0.0 0 1 3 5 5
-5680.6 -6654.7 2.0 90 0 165.2 37.3 10.0 0.0 0 0 4 5 5
-5615.2 -6411.7 -0.9 359 0 101.9 148.2 12.5 0.0 0 1 5 0 0
-5613.8 -6527.6 2.6 360 0 102.8 149.1 10.0 0.0 0 1 4 0 0
-5846.5 -6362.4 -3.4 270 0 127.3 240.6 10.0 0.0 0 1 4 5 5
5776.1 -4263.7 -1.0 179 0 24.4 46.4 2.5 0.0 0 1 1 4 4
5986.7 -4106.5 -1.6 4 0 51.8 15.5 2.5 2.5 4 0 1 1 1
6003.4 -5484.1 -3.1 93 0 16.1 59.8 2.5 2.5 2 1 1 3 3
5997.3 -5372.1 -3.3 274 0 13.6 37.0 2.5 2.5 2 1 1 3 3
6018.8 -5302.6 -2.4 184 0 36.0 14.4 2.5 2.5 4 0 1 3 3
6062.5 -5271.5 -2.4 272 0 12.5 54.4 2.5 2.5 2 1 1 2 2
6158.0 -5342.3 -2.6 1 0 128.7 66.2 2.5 0.0 0 0 1 1 1
6018.7 -4791.5 -1.7 92 0 11.4 88.1 2.5 2.5 2 1 1 2 2
6128.8 -4825.8 -1.4 5 0 15.0 51.2 2.5 2.5 2 1 1 2 2
6044.8 -4818.4 -1.5 93 0 10.7 62.6 2.5 2.5 2 1 1 5 5
6080.3 -4673.0 -0.7 276 0 22.4 66.7 2.5 2.5 2 1 1 2 2
6082.1 -4812.5 -1.3 95 0 20.4 47.7 2.5 0.0 0 1 1 4 4
5904.6 -4272.9 -0.3 90 0 44.3 24.2 2.5 0.0 0 0 1 4 4
5852.1 -4272.2 -0.7 91 0 44.1 22.7 2.5 0.0 0 0 1 0 0
5971.3 -4268.3 0.2 92 0 13.0 29.5 2.5 2.5 2 1 1 0 0
5793.0 -5576.5 -5.0 271 0 20.1 92.9 10.5 0.0 0 1 3 1 1
4651.2 3087.8 -10.6 351 0 33.6 13.3 2.5 2.5 2 0 1 1 1
4629.6 3121.8 -10.6 261 0 32.5 13.8 2.5 2.5 2 0 1 4 4
4472.5 3032.6 -10.7 173 0 9.6 41.6 2.5 0.0 0 1 1 0 0
4471.2 3092.1 -10.7 263 0 12.7 46.7 2.5 2.5 2 1 1 5 5
4581.1 3097.1 -10.7 353 0 12.4 69.2 2.5 2.5 2 1 1 0 0
5773.0 -4037.0 -3.0 270 0 16.7 12.8 5.0 2.5 2 0 2 2 2
5979.5 -3928.4 -3.3 273 0 16.0 30.9 15.0 0.0 0 1 6 3 3
5712.5 -4220.5 -2.1 0 0 22.0 15.4 7.5 2.5 2 0 3 5 5
5705.2 -4178.5 -2.4 270 0 16.7 28.7 7.5 2.5 2 1 3 3 3
5690.1 -4180.6 -2.5 270 0 12.9 15.9 5.0 2.5 2 1 2 3 3
5661.6 -4184.6 -2.7 270 0 16.4 9.3 5.0 2.5 2 0 2 4 4
5777.2 -4194.2 -1.7 180 0 8.5 17.2 2.5 0.0 0 1 1 3 3
5777.9 -4209.2 -1.5 180 0 10.6 15.9 5.0 0.0 0 1 2 3 3
5776.6 -4225.0 -1.4 180 0 10.6 16.2 5.0 0.0 0 1 2 2 2
5806.9 -3967.7 -3.3 270 0 17.9 10.3 2.5 2.5 2 0 1 1 1
5808.6 -4007.5 -3.1 270 0 16.8 9.7 5.0 2.5 2 0 2 4 4
5817.3 -4051.0 -3.1 0 0 11.5 16.5 2.5 2.5 2 1 1 0 0
5818.6 -4071.3 -3.0 0 0 16.0 18.3 12.5 2.5 2 1 5 2 2
5808.5 -4125.3 -2.4 90 0 20.3 12.2 5.0 2.5 2 0 2 3 3
5775.8 -4143.8 -2.4 90 0 15.0 12.3 5.0 2.5 2 0 2 0 0
5775.4 -4102.8 -2.9 90 0 17.1 13.9 2.5 2.5 4 0 1 2 2
5775.0 -4074.7 -3.1 90 0 17.7 14.1 5.0 2.5 2 0 2 5 5
5774.9 -3991.5 -3.2 270 0 14.8 14.1 2.5 2.5 2 0 1 5 5
5775.8 -3967.1 -3.3 270 0 14.4 12.1 5.0 2.5 2 0 2 4 4
5739.7 -3992.4 -3.2 270 0 17.7 14.2 10.0 2.5 4 0 4 3 3
5739.2 -4018.5 -3.1 270 0 19.5 10.6 5.0 2.5 2 0 2 4 4
5729.4 -4045.5 -3.0 180 0 9.7 16.5 2.5 2.5 2 1 1 5 5
5737.7 -4076.7 -3.0 90 0 14.5 14.2 5.0 2.5 2 0 2 2 2
5737.4 -4103.2 -3.0 90 0 16.9 11.5 5.0 2.5 2 0 2 0 0
5729.5 -4115.3 -2.9 180 0 10.4 16.8 2.5 2.5 2 1 1 1 1
5736.7 -4143.2 -2.8 90 0 14.9 15.0 7.5 0.0 0 1 3 3 3
5904.9 -4008.4 -2.9 180 0 10.5 13.5 7.5 0.0 0 1 3 4 4
5904.3 -3952.6 -3.3 180 0 10.5 13.5 2.5 2.5 2 1 1 0 0
5900.6 -3936.1 -3.4 180 0 10.5 13.5 2.5 2.5 2 1 1 0 0
5938.0 -3932.9 -3.4 270 0 13.5 10.5 2.5 0.0 0 0 1 1 1
5939.7 -3946.5 -3.3 270 0 13.5 10.5 5.0 2.5 2 0 2 2 2
5945.9 -3967.3 -3.2 360 0 10.5 13.5 5.0 2.5 4 1 2 1 1
5934.9 -4113.2 -1.5 180 0 10.5 13.5 2.5 2.5 2 1 1 1 1
5933.4 -4127.5 -1.3 180 0 10.5 13.5 5.0 2.5 2 1 2 2 2
5944.1 -4160.2 -1.0 360 0 10.5 13.5 5.0 2.5 2 1 2 2 2
5944.8 -4176.5 -0.8 360 0 10.5 13.5 5.0 2.5 2 1 2 2 2
5903.2 -4135.4 -1.5 180 0 10.5 13.5 2.5 2.5 2 1 1 0 0
5904.8 -4119.8 -1.6 180 0 10.5 13.5 5.0 2.5 2 1 2 0 0
5904.8 -4103.5 -1.8 180 0 10.5 13.5 2.5 0.0 0 1 1 3 3
5903.9 -4228.7 -0.5 90 0 13.5 10.5 5.0 2.5 2 0 2 5 5
5905.5 -4202.5 -0.7 270 0 13.5 10.5 2.5 2.5 2 0 1 3 3
5905.5 -4186.2 -0.9 270 0 13.5 10.5 7.5 2.5 2 0 3 1 1
5872.9 -4204.5 -0.9 270 0 13.5 10.5 2.5 2.5 2 0 1 1 1
5874.5 -4157.4 -1.4 270 0 13.5 10.5 5.0 2.5 2 0 2 3 3
5844.0 -4188.8 -1.3 270 0 13.5 10.5 5.0 2.5 2 0 2 4 4
5814.6 -4206.2 -1.3 270 0 13.5 10.5 5.0 2.5 2 0 2 5 5
5840.3 -4123.6 -2.2 90 0 13.5 10.5 5.0 2.5 2 0 2 1 1
5846.0 -4005.5 -3.2 360 0 10.5 13.5 5.0 2.5 2 1 2 4 4
5840.7 -3950.1 -3.3 270 0 13.5 10.5 7.5 2.5 2 0 3 4 4
5840.2 -3937.4 -3.4 270 0 13.5 10.5 2.5 2.5 2 0 1 5 5
5877.4 -4094.7 -2.2 1 0 10.5 13.5 2.5 2.5 2 1 1 2 2
5878.0 -4079.2 -2.4 1 0 10.5 13.5 2.5 2.5 2 1 1 0 0
5877.8 -4021.9 -3.0 1 0 10.5 13.5 5.0 2.5 4 1 2 3 3
5876.8 -3975.1 -3.2 360 0 10.5 13.5 2.5 2.5 4 1 1 5 5
5876.3 -3957.8 -3.3 1 0 10.5 13.5 2.5 2.5 2 1 1 0 0
5706.5 -4137.6 -2.9 90 0 16.7 12.2 2.5 2.5 2 0 1 3 3
5705.6 -4117.3 -2.9 90 0 16.7 12.2 2.5 2.5 2 0 1 0 0
5603.5 -4199.4 -2.7 270 0 14.2 8.6 5.0 2.5 2 0 2 3 3
5594.1 -4223.3 -2.6 180 0 9.1 16.9 5.0 2.5 2 1 2 0 0
5601.9 -4177.9 -2.7 270 0 16.9 10.6 2.5 2.5 2 0 1 2 2
5564.9 -4189.4 -2.7 180 0 8.6 14.9 5.0 2.5 2 1 2 4 4
5560.0 -4218.0 -2.6 180 0 26.4 22.4 7.5 0.0 0 0 3 3 3
5668.7 -4089.4 -2.9 180 0 8.8 13.5 5.0 2.5 4 1 2 4 4
5664.8 -4074.9 -2.9 180 0 9.9 17.7 5.0 2.5 2 1 2 3 3
5705.3 -4084.8 -2.9 90 0 17.7 15.0 10.0 2.5 2 0 4 5 5
5697.0 -4056.8 -3.0 180 0 13.2 17.2 5.0 2.5 4 1 2 5 5
5696.8 -4039.0 -3.1 180 0 11.4 19.8 5.0 2.5 2 1 2 3 3
5696.8 -4019.8 -3.1 180 0 10.4 19.2 5.0 2.5 4 1 2 2 2
5705.4 -3990.9 -3.2 270 0 19.2 15.3 10.0 2.5 4 0 4 0 0
5705.0 -3949.8 -3.3 270 0 16.7 12.4 5.0 2.5 2 0 2 3 3
5704.8 -3935.7 -3.4 270 0 14.0 6.8 5.0 2.5 2 0 2 0 0
5665.1 -4055.8 -3.0 180 0 12.1 19.0 2.5 2.5 2 1 1 2 2
5665.6 -4039.7 -3.1 180 0 9.6 15.9 2.5 2.5 2 1 1 1 1
5665.1 -4018.1 -3.1 180 0 10.1 20.3 7.5 0.0 0 1 3 4 4
5665.9 -3985.0 -3.3 180 0 11.2 18.4 2.5 2.5 4 1 1 3 3
5673.5 -3948.1 -3.4 270 0 14.5 9.3 5.0 2.5 2 0 2 5 5
5641.9 -3934.3 -3.4 270 0 14.2 7.7 5.0 2.5 2 0 2 2 2
5634.2 -4018.2 -3.1 180 0 11.8 15.6 2.5 2.5 2 1 1 0 0
5634.8 -4099.0 -2.9 180 0 8.3 18.4 5.0 2.5 2 1 2 3 3
5635.0 -4083.5 -2.9 180 0 8.3 18.4 2.5 2.5 4 1 1 0 0
5573.0 -4121.4 -2.8 90 0 18.4 8.3 2.5 2.5 2 0 1 1 1
5611.2 -4106.6 -2.9 0 0 8.3 18.4 5.0 0.0 0 1 2 3 3
5562.6 -4103.4 -2.9 180 0 8.3 18.4 5.0 2.5 4 1 2 4 4
5564.2 -4085.5 -2.9 180 0 8.3 18.4 7.5 0.0 0 1 3 3 3
5610.7 -4055.3 -3.0 0 0 8.3 18.4 5.0 2.5 2 1 2 4 4
5565.4 -4070.0 -3.0 180 0 8.3 18.4 2.5 2.5 2 1 1 0 0
5563.8 -4007.4 -3.2 180 0 8.3 18.4 2.5 2.5 2 1 1 3 3
5563.8 -3994.3 -3.2 180 0 8.3 18.4 2.5 2.5 2 1 1 2 2
5562.0 -3978.7 -3.3 180 0 8.3 18.4 2.5 2.5 4 1 1 5 5
5562.5 -3963.5 -3.3 180 0 8.3 18.4 5.0 0.0 0 1 2 2 2
5562.5 -3947.2 -3.4 180 0 8.3 18.4 5.0 2.5 2 1 2 1 1
