5047.3 -4720.4 -17.0 46 0 116.3 60.3 10.5 0.0 0 0 3 0 0
5481.2 -5470.6 -12.7 181 0 92.3 59.5 14.0 0.0 0 0 4 3 3
5694.1 -5319.3 -5.1 272 0 65.1 74.0 17.5 0.0 0 1 5 3 3
5093.6 -5611.4 -18.5 96 0 33.1 54.6 14.0 0.0 0 1 4 3 3
5137.6 -5738.7 -12.9 168 0 31.5 16.9 10.5 3.5 2 0 3 1 1
5223.3 -5617.3 -18.8 4 0 39.7 29.1 14.0 0.0 0 0 4 2 2
4974.8 -5604.5 -19.9 99 0 53.2 32.7 14.0 0.0 0 0 4 1 1
4958.7 -5552.2 -18.0 188 0 23.9 51.3 14.0 3.5 2 1 4 2 2
5058.1 -5708.1 -15.9 277 0 78.7 22.5 10.5 0.0 0 0 3 4 4
1868.6 -6543.0 -31.8 290 0 140.2 289.5 14.0 0.0 0 1 4 1 1
-1032.4 -8705.2 -24.6 202 0 53.3 49.7 14.0 0.0 0 0 4 5 5
-413.1 -9126.1 6.3 269 0 51.8 114.7 14.0 0.0 0 1 4 4 4
125.6 -9732.6 11.5 89 0 46.8 92.9 10.5 0.0 0 1 3 1 1
137.3 -9884.4 5.2 77 0 44.5 70.0 10.5 0.0 0 1 3 4 4
194.4 -9594.6 10.5 259 0 47.9 19.2 10.5 3.5 2 0 3 4 4
198.3 -9760.8 9.2 311 0 38.0 19.1 10.5 0.0 0 0 3 1 1
240.5 -9793.3 9.0 310 0 35.2 17.1 10.5 3.5 2 0 3 0 0
-213.7 -4509.1 -9.5 167 0 50.4 178.2 10.0 0.0 0 1 4 3 3
-1288.0 -4227.7 4.2 2 0 40.4 59.1 12.5 0.0 0 1 5 4 4
6528.2 -6244.5 19.7 359 0 32.6 131.7 17.5 0.0 0 1 5 3 3
6316.4 -6168.8 6.5 269 0 146.9 33.3 17.5 0.0 0 0 5 1 1
6581.7 -6297.8 18.9 179 0 147.8 50.0 12.5 0.0 0 0 5 4 4
6082.7 -10947.3 -12.3 90 0 41.6 163.4 12.5 0.0 0 1 5 3 3
6268.8 -11643.9 -19.7 90 0 11.5 61.4 14.0 3.5 2 1 4 3 3
6235.4 -11460.2 -37.3 180 0 48.9 11.6 14.0 3.5 2 0 4 2 2
6666.0 -10217.2 -0.6 90 0 16.5 62.6 17.5 3.5 2 1 5 0 0
6617.1 -10216.4 -0.7 90 0 19.9 74.2 17.5 3.5 2 1 5 5 5
6155.7 -11134.1 -32.5 94 0 60.5 37.6 10.0 0.0 0 0 4 3 3
6245.3 -6247.9 6.0 179 0 32.1 146.6 17.5 0.0 0 1 5 5 5
4978.6 -5059.3 -13.1 242 0 14.1 63.5 14.0 3.5 2 1 4 1 1
6098.1 -10560.4 -2.7 359 0 10.7 40.6 7.5 2.5 2 1 3 1 1
6264.0 -11462.0 -31.9 179 0 47.9 11.3 17.5 3.5 2 0 5 2 2
6527.8 -6181.7 19.4 359 0 32.1 133.3 17.5 0.0 0 1 5 3 3
6270.0 -11503.4 -24.6 270 0 12.2 52.6 14.0 3.5 2 1 4 4 4
6711.3 -10216.3 -1.5 89 0 16.0 61.8 17.5 0.0 0 1 5 1 1
6081.8 -10747.9 -10.3 270 0 41.6 25.0 12.5 0.0 0 0 5 4 4
6628.5 -10266.5 -9.2 359 0 76.0 20.9 17.5 3.5 2 0 5 1 1
6656.3 -10259.7 -6.9 180 0 63.1 20.4 14.0 3.5 2 0 4 4 4
6093.6 -11139.3 -27.1 90 0 37.1 86.2 10.0 0.0 0 1 4 0 0
5023.6 -5163.3 -12.1 153 0 84.9 13.9 14.0 3.5 2 0 4 3 3
6077.4 -10598.2 -3.4 90 0 42.8 15.9 12.5 2.5 2 0 5 0 0
3529.6 -11563.9 -38.7 345 0 22.0 37.2 10.0 0.0 0 1 4 0 0
1619.2 -11928.2 -18.4 259 0 12.8 74.6 14.0 3.5 2 1 4 3 3
1694.1 -11752.1 -21.0 227 0 14.5 69.6 14.0 3.5 2 1 4 5 5
1640.0 -11764.2 -19.2 227 0 13.4 80.7 14.0 3.5 2 1 4 4 4
1766.4 -11918.9 -24.3 102 0 14.0 61.6 14.0 3.5 2 1 4 0 0
1654.0 -12118.5 -19.5 102 0 12.5 46.4 14.0 3.5 2 1 4 3 3
1746.2 -12055.0 -23.5 12 0 46.2 12.6 14.0 3.5 2 0 4 4 4
1711.6 -12106.5 -21.5 10 0 46.5 12.4 14.0 0.0 0 0 4 3 3
17.4 -12133.6 -6.3 146 0 24.2 135.0 10.5 0.0 0 1 3 3 3
1644.0 -11928.7 -19.5 260 0 13.1 63.5 14.0 3.5 2 1 4 5 5
765.4 -11989.5 -3.4 360 0 73.3 22.8 14.0 0.0 0 0 4 0 0
1550.4 -11741.1 -16.1 357 0 23.1 115.5 14.0 0.0 0 1 4 3 3
1716.8 -11929.8 -22.8 260 0 14.3 35.9 14.0 3.5 2 1 4 3 3
1622.1 -12204.3 -23.8 201 0 14.2 76.6 10.5 3.5 2 1 3 1 1
1706.1 -12006.6 -21.6 10 0 12.2 25.3 14.0 3.5 2 1 4 0 0
1774.1 -11803.0 -22.1 49 0 14.3 77.5 14.0 0.0 0 1 4 4 4
1655.0 -11746.0 -19.9 227 0 12.9 81.8 14.0 3.5 2 1 4 0 0
1636.8 -12081.7 -19.2 101 0 13.1 64.7 14.0 0.0 0 1 4 5 5
1746.1 -11845.3 -21.0 49 0 13.4 47.3 14.0 0.0 0 1 4 5 5
1735.5 -12110.2 -22.5 11 0 46.6 12.9 14.0 0.0 0 0 4 3 3
1741.6 -11931.3 -23.8 259 0 13.7 25.9 14.0 3.5 2 1 4 1 1
1722.6 -12050.3 -22.4 12 0 45.3 12.6 14.0 3.5 2 0 4 1 1
1670.3 -12249.4 -26.0 22 0 13.6 43.8 10.5 3.5 2 1 3 2 2
1731.6 -12004.3 -23.0 11 0 27.2 12.6 14.0 3.5 2 0 4 2 2
1699.2 -12046.3 -21.3 11 0 45.4 13.4 14.0 0.0 0 0 4 1 1
1667.8 -11929.3 -20.6 260 0 13.8 57.1 14.0 3.5 2 1 4 5 5
1595.5 -11934.6 -17.3 259 0 12.9 77.5 14.0 3.5 2 1 4 0 0
57.2 -12056.5 -2.4 236 0 51.3 17.5 10.5 3.5 2 0 3 0 0
211.6 -11599.1 9.1 277 0 36.8 22.3 10.0 0.0 0 0 4 3 3
1492.8 -11686.9 -16.5 268 0 108.8 17.1 14.0 0.0 0 0 4 5 5
1778.5 -11846.5 -22.1 50 0 14.2 47.3 14.0 3.5 2 1 4 2 2
1506.7 -11657.8 -16.3 267 0 66.2 16.9 14.0 3.5 2 0 4 1 1
1633.5 -11792.7 -18.2 229 0 13.8 33.4 14.0 3.5 2 1 4 5 5
1631.0 -11713.3 -19.0 12 0 21.6 67.2 14.0 0.0 0 1 4 3 3
1548.2 -11710.0 -16.4 358 0 16.3 113.6 14.0 0.0 0 0 4 4 4
1741.8 -11918.0 -23.4 102 0 14.2 65.3 14.0 3.5 2 1 4 5 5
1674.9 -12041.5 -20.3 10 0 45.6 11.3 14.0 3.5 2 0 4 4 4
1756.6 -11999.3 -24.2 10 0 46.1 12.5 14.0 3.5 2 0 4 0 0
1693.0 -11931.3 -21.8 260 0 13.7 47.3 14.0 3.5 2 1 4 3 3
1677.4 -12123.4 -20.5 101 0 12.1 46.9 14.0 3.5 2 1 4 3 3
1712.1 -12213.4 -23.7 21 0 14.4 75.3 10.5 3.5 2 1 3 1 1
6268.2 -11347.4 -27.5 90 0 12.7 49.7 17.5 3.5 2 1 5 5 5
5121.4 -7629.1 -11.1 27 0 48.1 12.7 14.0 3.5 2 0 4 3 3
6594.7 -9660.1 -4.6 89 0 13.6 60.5 14.0 3.5 2 1 4 1 1
6665.8 -4025.3 -9.0 270 0 39.8 34.8 14.0 0.0 0 0 4 2 2
5008.2 -7492.6 -25.1 27 0 62.6 13.4 14.0 0.0 0 0 4 5 5
6866.3 -6438.8 16.8 90 0 14.3 92.2 17.5 3.5 2 1 5 3 3
6382.5 -9621.1 -12.6 89 0 15.7 100.1 17.5 0.0 0 1 5 5 5
6771.4 -6439.9 18.8 89 0 14.2 79.8 17.5 3.5 2 1 5 5 5
5001.5 -7421.4 -25.2 207 0 50.4 13.8 14.0 3.5 2 0 4 0 0
4687.8 -7060.2 -19.8 117 0 12.4 46.0 12.5 2.5 2 1 5 5 5
5097.5 -7677.3 -7.9 28 0 48.7 14.7 14.0 3.5 4 0 4 0 0
6796.8 -6157.1 13.3 359 0 59.3 16.2 17.5 3.5 2 0 5 3 3
4970.6 -7484.1 -25.8 207 0 42.3 12.4 14.0 3.5 2 0 4 5 5
4847.4 -7819.0 -28.3 117 0 88.4 15.5 17.5 3.5 2 0 5 2 2
5108.1 -7541.4 -19.1 27 0 60.8 13.6 17.5 3.5 2 0 5 4 4
4979.8 -7647.2 -16.7 116 0 12.9 49.4 17.5 3.5 2 1 5 0 0
5033.3 -7540.1 -23.7 116 0 13.0 61.4 14.0 3.5 4 1 4 2 2
5034.7 -7438.5 -25.0 27 0 48.1 12.7 14.0 3.5 2 0 4 3 3
6797.0 -6093.5 14.0 0 0 60.5 15.7 17.5 3.5 2 0 5 2 2
5193.7 -7467.4 -20.3 297 0 13.1 68.1 17.5 3.5 4 1 5 5 5
4913.2 -7614.3 -23.9 116 0 13.0 50.3 17.5 3.5 2 1 5 4 4
6414.6 -9768.2 -3.7 180 0 49.1 13.6 17.5 3.5 2 0 5 4 4
4952.2 -7605.7 -21.6 27 0 49.9 13.0 17.5 3.5 2 0 5 4 4
6707.3 -9753.9 4.4 90 0 13.6 50.6 17.5 3.5 2 1 5 1 1
4834.0 -7750.3 -27.9 207 0 14.0 86.1 14.0 3.5 2 1 4 5 5
5119.6 -7547.3 -17.1 207 0 61.1 13.0 17.5 3.5 2 0 5 0 0
5026.3 -7554.0 -19.3 297 0 13.0 49.9 17.5 3.5 2 1 5 4 4
5067.4 -7554.7 -21.0 116 0 13.8 60.6 17.5 3.5 2 1 5 2 2
4635.7 -7034.9 -19.8 117 0 12.4 46.5 10.5 0.0 0 1 3 5 5
6736.1 -9680.5 3.1 179 0 79.2 13.4 17.5 3.5 2 0 5 0 0
6267.5 -11355.4 -31.1 269 0 12.3 59.3 17.5 3.5 2 1 5 4 4
6446.2 -9732.0 -3.7 179 0 71.7 13.0 17.5 0.0 0 0 5 5 5
5336.4 -8188.1 -4.7 89 0 157.6 97.8 14.0 0.0 0 0 4 2 2
4912.1 -7496.4 -27.2 296 0 14.6 50.1 14.0 3.5 2 1 4 0 0
5196.8 -7505.6 -19.4 207 0 69.9 12.7 17.5 3.5 2 0 5 0 0
6411.0 -9712.5 -7.4 180 0 49.5 14.1 17.5 3.5 2 0 5 3 3
5662.6 -8400.6 -9.8 90 0 44.8 17.8 10.0 2.5 2 0 4 2 2
6736.9 -9763.9 1.4 179 0 78.3 13.6 17.5 3.5 4 0 5 3 3
4662.4 -7048.0 -19.8 117 0 12.6 45.5 10.5 3.5 2 1 3 4 4
6232.2 -10803.3 -9.8 358 0 41.3 89.2 10.0 0.0 0 1 4 0 0
6890.9 -6439.1 16.2 90 0 14.1 91.5 17.5 3.5 2 1 5 2 2
6794.1 -6439.1 18.5 90 0 13.5 79.4 17.5 3.5 2 1 5 2 2
6816.9 -6439.7 17.8 90 0 14.4 93.4 17.5 3.5 2 1 5 1 1
5107.6 -7682.8 -6.9 206 0 50.0 12.3 17.5 3.5 2 0 5 5 5
6239.6 -11348.3 -31.0 89 0 12.8 48.3 14.0 3.5 2 1 4 4 4
4963.1 -7470.7 -26.4 26 0 62.1 13.6 14.0 3.5 2 0 4 5 5
4711.4 -6950.0 -15.5 297 0 13.1 57.7 10.5 0.0 0 1 3 0 0
5132.6 -7633.5 -10.2 207 0 49.5 13.5 17.5 3.5 2 0 5 4 4
6914.9 -6438.8 15.7 90 0 14.7 91.7 17.5 3.5 2 1 5 5 5
5066.3 -7419.0 -24.7 297 0 12.9 56.0 14.0 3.5 4 1 4 1 1
5127.1 -7720.3 -6.3 116 0 12.7 50.2 17.5 3.5 4 1 5 1 1
6919.9 -4477.9 2.2 270 0 160.8 94.7 17.5 0.0 0 0 5 2 2
6755.1 -6157.3 14.3 179 0 58.9 15.0 17.5 3.5 2 0 5 1 1
6238.8 -11355.3 -35.8 269 0 13.3 58.8 14.0 3.5 2 1 4 4 4
4990.6 -7416.4 -25.4 28 0 48.4 13.1 14.0 3.5 2 0 4 0 0
4736.3 -6962.3 -15.5 296 0 13.5 57.7 10.5 3.5 2 1 3 5 5
5019.0 -7498.3 -24.8 206 0 62.1 12.7 14.0 3.5 2 0 4 3 3
4976.1 -7557.0 -23.1 26 0 48.4 13.6 17.5 3.5 2 0 5 5 5
5153.2 -7564.1 -15.9 27 0 61.5 12.8 17.5 3.5 2 0 5 4 4
5004.3 -7542.6 -21.2 296 0 12.8 49.4 17.5 3.5 2 1 5 5 5
5120.8 -7445.9 -23.3 295 0 12.1 55.0 17.5 3.5 4 1 5 1 1
6383.6 -9632.1 -12.9 270 0 13.5 79.2 14.0 3.5 2 1 4 5 5
6709.5 -9643.8 3.7 269 0 12.9 50.1 17.5 3.5 2 1 5 1 1
5146.9 -7450.6 -22.9 297 0 13.0 61.9 17.5 3.5 2 1 5 2 2
5087.6 -7430.2 -24.0 297 0 12.6 55.3 14.0 3.5 2 1 4 2 2
4931.3 -7534.2 -26.7 27 0 49.4 13.4 14.0 3.5 2 0 4 2 2
6755.2 -6235.9 13.6 179 0 65.0 16.3 17.5 3.5 2 0 5 4 4
5164.6 -7568.8 -14.9 207 0 60.9 13.5 17.5 3.5 2 0 5 5 5
6409.8 -9656.6 -11.8 180 0 50.5 14.3 17.5 3.5 2 0 5 3 3
4942.2 -7540.0 -24.9 206 0 48.2 13.0 17.5 3.5 2 0 5 2 2
5149.8 -7487.6 -20.9 206 0 62.1 12.2 17.5 0.0 0 0 5 0 0
4957.7 -7635.8 -19.2 116 0 13.4 48.8 17.5 3.5 2 1 5 0 0
6382.6 -9771.4 -7.9 179 0 95.5 12.3 14.0 3.5 2 0 4 2 2
6706.0 -9780.1 2.5 358 0 25.7 13.3 17.5 0.0 0 0 5 2 2
6175.7 -10740.2 -8.3 267 0 70.6 41.7 12.5 0.0 0 0 5 3 3
4667.0 -6959.2 -15.5 207 0 57.9 12.7 10.5 3.5 2 0 3 3 3
6550.5 -9641.1 -6.6 89 0 13.6 38.7 14.0 3.5 2 1 4 4 4
4889.6 -7602.4 -26.5 117 0 12.5 49.0 14.0 3.5 2 1 4 4 4
6059.0 -9180.8 -5.3 89 0 13.2 33.9 17.5 3.5 2 1 5 0 0
5180.5 -7612.2 -15.7 116 0 13.9 92.7 17.5 3.5 2 1 5 3 3
6444.9 -9659.8 -10.4 179 0 59.5 13.9 17.5 3.5 4 0 5 5 5
6637.7 -9512.8 -1.3 76 0 39.1 8.9 10.5 3.5 2 0 3 4 4
6840.6 -6439.7 17.3 90 0 14.6 92.7 17.5 3.5 2 1 5 5 5
6922.3 -7386.5 4.4 252 0 121.3 54.1 12.5 0.0 0 0 5 4 4
6923.1 -7500.4 1.8 72 0 80.5 44.6 12.5 0.0 0 0 5 2 2
6919.7 -7378.0 6.4 74 0 120.9 54.1 12.5 0.0 0 0 5 3 3
6919.3 -7298.1 7.2 340 0 26.5 93.0 12.5 0.0 0 1 5 4 4
4972.1 -7659.0 -18.5 296 0 12.7 61.6 17.5 3.5 2 1 5 2 2
4930.0 -7673.4 -20.9 206 0 61.4 13.0 17.5 3.5 2 0 5 5 5
4919.0 -7668.2 -23.4 26 0 61.4 13.0 17.5 3.5 2 0 5 5 5
5120.9 -7730.7 -8.0 296 0 13.0 61.4 14.0 3.5 2 1 4 0 0
6460.4 -2162.6 -2.7 180 0 431.8 331.1 21.0 0.0 0 0 6 1 1
6692.4 -6426.1 20.3 90 0 80.7 38.4 10.0 0.0 0 0 4 3 3
6734.2 -6289.1 15.2 3 0 160.2 22.0 10.0 0.0 0 0 4 0 0
6591.3 -4203.1 -21.1 0 0 358.8 232.6 14.0 0.0 0 0 4 0 0
6612.9 -4309.9 -7.0 178 0 173.9 185.2 14.0 0.0 0 1 4 3 3
6617.0 -4164.9 -11.7 180 0 84.8 20.1 14.0 0.0 0 0 4 1 1
6663.9 -4163.9 -10.0 178 0 81.2 17.7 14.0 3.5 2 0 4 2 2
6190.1 -3989.8 -23.4 90 0 250.0 280.9 14.0 0.0 0 1 4 0 0
6928.9 -2714.9 0.4 91 0 214.0 245.9 14.0 0.0 0 1 4 0 0
4883.4 -4979.7 -21.5 333 0 121.8 108.8 14.0 0.0 0 0 4 1 1
5255.3 -5412.8 -15.1 271 0 378.3 97.3 14.0 0.0 0 0 4 2 2
5253.1 -5394.4 -11.8 91 0 382.0 103.8 14.0 0.0 0 0 4 0 0
4997.8 -4976.3 -15.1 360 0 75.8 89.8 14.0 0.0 0 1 4 5 5
5081.4 -4884.4 -12.4 58 0 155.4 65.4 14.0 0.0 0 0 4 1 1
6838.3 -1466.3 -6.3 182 0 301.2 209.0 10.5 0.0 0 0 3 3 3
6208.1 -1271.4 -12.7 89 0 102.6 81.8 14.0 0.0 0 0 4 1 1
44.6 -3667.6 -9.5 99 0 35.3 17.7 15.0 0.0 0 0 6 1 1
310.0 -3403.6 -9.4 302 0 25.7 42.5 10.5 3.5 2 1 3 4 4
238.1 -3318.7 -12.7 235 0 38.9 31.1 10.5 0.0 0 0 3 5 5
462.9 -4169.3 -10.5 126 0 49.5 21.7 14.0 3.5 2 0 4 0 0
713.7 -4274.8 -20.8 323 0 24.9 28.3 10.0 0.0 0 1 4 2 2
735.9 -4261.5 -22.9 171 0 26.9 97.6 10.0 0.0 0 1 4 3 3
986.9 -4319.9 -23.9 120 0 43.3 56.8 10.0 0.0 0 1 4 5 5
223.0 -3503.8 -15.2 46 0 17.6 33.8 10.5 3.5 2 1 3 4 4
287.7 -3121.0 -5.7 169 0 25.2 39.1 10.0 0.0 0 1 4 1 1
482.1 -3513.4 4.5 82 0 15.6 20.8 12.5 2.5 2 1 5 3 3
573.2 -3558.7 -1.3 60 0 11.0 18.7 5.0 2.5 2 1 2 2 2
589.8 -3310.5 0.4 256 0 15.8 31.2 12.5 2.5 2 1 5 3 3
636.3 -3302.7 -1.2 190 0 17.0 21.7 12.5 2.5 2 1 5 3 3
711.3 -3314.6 -1.4 18 0 36.6 24.8 12.5 0.0 0 0 5 5 5
748.6 -3278.0 2.5 20 0 11.1 24.3 12.5 2.5 2 1 5 5 5
602.9 -3180.3 -2.9 93 0 45.3 22.9 10.0 0.0 0 0 4 0 0
574.4 -3096.8 -8.2 163 0 22.8 10.0 7.5 2.5 4 0 3 2 2
786.3 -3424.2 3.7 282 0 28.5 12.2 12.5 2.5 2 0 5 1 1
1040.1 -3819.8 -13.5 269 0 90.4 80.1 14.0 0.0 0 0 4 0 0
850.9 -3888.8 -8.6 207 0 13.6 59.3 14.0 3.5 2 1 4 0 0
944.0 -3894.5 -10.9 90 0 35.4 19.0 14.0 0.0 0 0 4 1 1
1007.3 -3647.9 -4.3 199 0 31.0 98.5 14.0 0.0 0 1 4 4 4
1139.0 -3402.7 3.2 163 0 25.0 45.2 14.0 0.0 0 1 4 5 5
617.9 -3724.7 -19.2 345 0 63.1 22.8 14.0 3.5 2 0 4 2 2
2927.1 -1773.3 -21.1 36 0 44.1 22.0 14.0 3.5 2 0 4 3 3
2954.0 -1230.0 -22.0 248 0 23.1 19.6 14.0 0.0 0 0 4 4 4
2579.5 -2971.9 -24.8 125 0 21.6 28.6 17.5 0.0 0 1 5 2 2
6925.4 -11014.9 -21.8 127 0 54.7 13.8 10.0 2.5 2 0 4 5 5
6808.6 -11059.4 -23.3 181 0 91.5 43.8 10.0 0.0 0 0 4 5 5
6876.9 -11056.3 -22.2 357 0 41.1 25.0 10.0 0.0 0 0 4 2 2
6570.4 -11210.7 -16.3 85 0 32.9 65.9 17.5 0.0 0 1 5 3 3
6611.0 -11064.1 -16.1 266 0 24.2 69.4 17.5 0.0 0 1 5 4 4
6672.2 -11136.8 -17.5 353 0 30.3 29.9 17.5 0.0 0 0 5 5 5
6918.0 -11440.4 -26.9 9 0 21.8 48.7 17.5 2.5 2 1 7 5 5
6936.7 -11487.0 -30.2 111 0 93.6 18.9 12.5 0.0 0 0 5 4 4
6608.6 -11534.0 -27.0 339 0 38.1 31.0 7.5 0.0 0 0 3 4 4
3224.7 -12180.1 -40.1 82 0 37.2 83.2 17.5 0.0 0 1 5 3 3
3257.1 -12015.8 -39.7 177 0 15.8 17.1 17.5 3.5 4 1 5 3 3
3290.6 -12063.9 -39.8 87 0 17.9 39.3 17.5 3.5 2 1 5 2 2
3330.5 -12038.7 -39.8 356 0 38.9 10.2 17.5 3.5 2 0 5 4 4
3372.6 -12123.5 -39.9 265 0 30.0 11.8 17.5 3.5 2 0 5 1 1
4195.5 -12239.2 -39.9 78 0 35.1 48.7 10.0 0.0 0 1 4 2 2
346.5 -5541.9 -16.0 223 0 100.8 68.1 14.0 0.0 0 0 4 1 1
4342.6 -6147.3 6.5 15 0 53.6 84.3 12.5 0.0 0 1 5 2 2
4826.6 -1464.1 -3.5 253 0 114.4 304.5 10.0 0.0 0 1 4 1 1
3284.1 -4450.3 -28.7 286 0 25.1 73.9 14.0 0.0 0 1 4 3 3
6360.9 -4508.9 -7.0 184 0 95.4 84.9 17.5 0.0 0 0 5 2 2
6150.5 -5339.3 6.1 269 0 197.6 173.6 17.5 0.0 0 0 5 2 2
6906.9 -4591.9 3.4 271 0 203.1 151.8 17.5 0.0 0 0 5 0 0
6667.8 -9752.3 5.1 88 0 11.8 58.4 17.5 0.0 0 1 5 1 1
5380.2 -10992.5 -38.2 179 0 77.7 16.2 14.0 3.5 2 0 4 2 2
4353.4 -7383.8 -6.7 252 0 15.8 37.8 14.0 3.5 2 1 4 2 2
4195.6 -7555.0 -1.0 90 0 18.2 66.9 14.0 3.5 4 1 4 3 3
4234.3 -7491.8 -3.1 269 0 21.0 55.4 14.0 3.5 2 1 4 1 1
4279.4 -7620.9 -8.1 87 0 20.0 113.6 14.0 0.0 0 1 4 4 4
4352.9 -7619.6 -12.2 92 0 13.7 49.0 14.0 3.5 2 1 4 1 1
4183.9 -7434.3 0.0 264 0 14.8 40.0 14.0 3.5 2 1 4 5 5
4257.9 -7433.9 -2.5 258 0 18.6 43.3 14.0 3.5 2 1 4 4 4
4263.1 -7365.7 -0.6 272 0 15.9 54.7 14.0 3.5 2 1 4 2 2
4296.0 -7473.3 -4.3 93 0 13.5 40.3 14.0 3.5 2 1 4 1 1
4325.4 -7477.7 -6.2 93 0 13.4 42.0 14.0 3.5 2 1 4 1 1
4325.6 -7371.6 -4.6 269 0 15.5 51.5 14.0 3.5 2 1 4 5 5
5410.6 -7988.8 -3.8 88 0 69.3 122.1 14.0 0.0 0 1 4 5 5
5533.5 -7890.8 -0.8 84 0 51.5 111.9 14.0 0.0 0 1 4 5 5
1037.8 -11830.0 -17.1 299 0 11.6 14.3 14.0 3.5 2 1 4 1 1
963.9 -12182.7 -10.4 9 0 17.2 18.6 14.0 3.5 4 1 4 1 1
940.5 -12138.2 -9.2 252 1 10.3 20.8 14.0 3.5 2 1 4 1 1
963.2 -12152.4 -9.8 343 0 5.6 11.8 10.5 3.5 2 1 3 0 0
957.5 -12131.7 -10.1 250 0 9.7 11.2 10.5 3.5 2 1 3 0 0
977.3 -12186.0 -11.4 73 0 6.6 12.8 10.5 3.5 2 1 3 2 2
1078.1 -12245.3 -23.2 109 0 10.8 12.8 10.5 3.5 4 1 3 4 4
1096.5 -12223.3 -20.5 130 0 11.3 16.0 10.5 0.0 0 1 3 1 1
1016.2 -12142.8 -12.6 337 0 7.8 13.7 10.5 3.5 2 1 3 3 3
1027.9 -12125.3 -13.3 315 0 9.0 12.0 10.5 0.0 0 1 3 2 2
1034.7 -12123.7 -13.7 38 0 7.2 14.4 10.5 3.5 2 1 3 2 2
1029.4 -12106.8 -13.6 35 0 7.8 12.0 10.5 3.5 2 1 3 1 1
1062.9 -12126.3 -15.7 177 0 12.7 11.1 10.5 3.5 2 0 3 1 1
1051.3 -12127.1 -14.8 169 0 5.5 9.2 10.5 0.0 0 1 3 4 4
1062.9 -12112.8 -15.5 177 0 9.7 8.8 10.5 0.0 0 0 3 5 5
1058.8 -12093.9 -15.3 190 0 7.8 4.8 10.5 3.5 2 0 3 0 0
1051.8 -12071.4 -15.4 206 0 13.1 7.4 10.5 3.5 2 0 3 5 5
1193.6 -12250.6 -26.9 63 0 8.5 11.9 10.5 3.5 4 1 3 2 2
1216.5 -12238.9 -27.1 60 0 10.7 33.6 10.5 3.5 2 1 3 2 2
1172.2 -12254.9 -27.0 64 0 10.8 11.4 10.5 3.5 2 1 3 1 1
1172.5 -12230.9 -24.1 149 0 4.8 10.1 10.5 3.5 2 1 3 2 2
1188.8 -12223.8 -25.1 55 0 12.9 16.0 10.5 3.5 2 1 3 3 3
1171.6 -12214.1 -24.0 66 0 8.0 12.1 10.5 3.5 2 1 3 4 4
1180.3 -12159.9 -24.5 355 0 9.1 9.1 10.5 3.5 2 0 3 1 1
1017.9 -11961.4 -14.9 53 0 10.8 21.2 14.0 3.5 2 1 4 4 4
1056.5 -12002.8 -16.8 192 0 20.5 18.9 10.5 3.5 4 0 3 2 2
1076.1 -12006.6 -17.2 191 0 13.9 7.4 10.5 0.0 0 0 3 0 0
1057.6 -11981.9 -16.5 185 0 13.2 8.4 10.5 0.0 0 0 3 0 0
1056.4 -11969.4 -16.5 204 0 5.8 7.6 10.5 0.0 0 1 3 3 3
1028.4 -11963.2 -15.3 147 0 10.7 7.8 10.5 3.5 2 0 3 3 3
1046.4 -11952.6 -16.1 47 1 13.2 16.2 14.0 3.5 4 1 4 1 1
1081.9 -11911.8 -18.6 219 0 11.9 16.8 10.5 3.5 2 1 3 3 3
1105.3 -11956.1 -19.0 235 0 8.4 12.0 10.5 3.5 2 1 3 2 2
1132.1 -11971.2 -19.9 15 0 10.4 11.2 10.5 3.5 2 1 3 1 1
1158.9 -11974.7 -21.1 18 0 12.2 15.8 10.5 3.5 2 1 3 0 0
1157.0 -11985.2 -20.9 296 0 6.4 13.0 10.5 3.5 4 1 3 5 5
1165.7 -11977.0 -21.5 293 0 13.1 8.7 10.5 3.5 2 0 3 4 4
1119.2 -11977.6 -19.6 187 0 5.0 10.6 10.5 3.5 2 1 3 4 4
1146.5 -11866.4 -21.9 227 0 8.3 11.6 10.5 3.5 2 1 3 2 2
1185.3 -11985.3 -22.3 310 0 12.7 8.6 10.5 3.5 2 0 3 5 5
1171.8 -12044.5 -21.1 31 0 13.5 7.6 10.5 3.5 2 0 3 5 5
1191.9 -12030.4 -22.2 8 0 16.6 9.0 10.5 3.5 2 0 3 2 2
1208.4 -12033.7 -22.8 358 0 5.6 7.7 10.5 3.5 2 1 3 3 3
603.9 -12074.9 -0.4 180 0 14.6 18.8 14.0 3.5 2 1 4 2 2
659.7 -11892.3 -0.2 89 0 30.9 8.5 10.5 3.5 2 0 3 4 4
625.7 -11892.5 1.5 90 0 10.8 12.5 14.0 3.5 2 1 4 5 5
1109.4 -11812.7 -20.3 332 0 12.9 8.4 10.5 3.5 2 0 3 1 1
1113.6 -11787.5 -21.0 253 0 9.0 17.2 10.5 3.5 2 1 3 4 4
1026.6 -11809.3 -17.0 104 0 12.8 5.7 10.5 0.0 0 0 3 5 5
922.7 -11727.2 -14.4 76 0 24.3 20.0 14.0 3.5 2 0 4 3 3
835.7 -11734.2 -10.8 174 0 5.6 21.2 10.5 3.5 2 1 3 2 2
827.2 -11887.0 -7.0 34 0 7.0 6.5 10.5 3.5 4 0 3 5 5
817.6 -11894.3 -6.5 38 0 7.2 10.6 10.5 3.5 2 1 3 0 0
812.9 -11908.7 -6.0 35 0 6.2 17.7 10.5 3.5 2 1 3 5 5
756.9 -11882.5 -4.3 139 0 21.8 7.9 10.5 3.5 2 0 3 3 3
706.0 -11815.9 -3.5 208 0 7.7 20.2 10.5 3.5 2 1 3 0 0
1128.3 -11856.6 -20.9 248 0 5.7 17.5 10.5 3.5 2 1 3 1 1
1129.3 -11878.0 -20.7 248 0 5.5 8.1 10.5 3.5 2 1 3 5 5
490.0 -11983.4 2.8 286 1 10.9 16.5 14.0 3.5 2 1 4 4 4
476.0 -11983.4 2.6 298 0 6.1 12.7 10.5 0.0 0 1 3 0 0
477.0 -12018.6 1.7 357 0 8.2 21.5 10.5 3.5 2 1 3 2 2
474.1 -12031.4 1.4 358 1 11.4 20.7 14.0 3.5 2 1 4 0 0
491.4 -11916.1 -1.9 354 0 8.2 6.7 10.5 3.5 2 0 3 3 3
415.7 -12146.1 -9.1 340 0 10.5 12.7 7.5 2.5 2 1 3 4 4
398.6 -12163.5 -10.7 71 0 6.4 15.5 7.5 0.0 0 1 3 1 1
359.9 -12124.3 -11.2 234 0 10.0 12.8 7.5 2.5 2 1 3 3 3
1433.9 -12256.0 -28.8 93 0 10.0 11.8 10.5 3.5 2 1 3 2 2
1424.0 -12240.3 -27.6 134 0 10.9 15.5 10.5 3.5 2 1 3 0 0
1467.9 -12236.9 -26.4 97 0 12.2 20.8 10.5 3.5 4 1 3 2 2
1492.3 -12216.1 -23.9 96 0 8.0 20.6 10.5 3.5 2 1 3 0 0
1535.9 -12214.7 -23.2 94 0 9.8 12.7 10.5 3.5 2 1 3 4 4
1585.5 -12182.9 -19.9 2 0 12.2 8.8 10.5 3.5 2 0 3 5 5
1571.2 -12189.1 -20.9 341 0 9.2 11.0 10.5 3.5 2 1 3 1 1
1533.9 -12092.2 -20.6 2 0 8.7 16.3 10.5 3.5 2 1 3 4 4
1524.8 -12071.0 -19.6 318 0 4.7 8.7 10.5 3.5 2 1 3 4 4
1517.8 -12065.3 -20.1 315 0 8.9 7.5 10.5 3.5 2 0 3 1 1
1531.7 -11988.6 -14.3 349 0 11.6 7.0 10.5 3.5 2 0 3 2 2
1529.6 -11948.9 -14.2 278 0 13.7 10.0 10.5 0.0 0 0 3 1 1
1495.0 -11950.6 -17.0 282 0 12.3 12.2 10.5 3.5 2 0 3 0 0
1481.2 -11943.1 -18.1 281 0 15.8 9.0 10.5 3.5 2 0 3 0 0
1466.5 -11941.3 -19.6 282 0 11.6 12.9 10.5 3.5 2 1 3 4 4
1353.5 -11862.5 -25.9 311 0 21.2 12.8 10.5 3.5 2 0 3 3 3
1380.8 -11871.1 -22.3 172 0 6.6 8.9 10.5 3.5 2 1 3 5 5
1406.2 -11894.3 -21.8 117 0 14.8 17.1 14.0 3.5 2 1 4 5 5
1420.1 -11907.3 -21.4 102 0 7.5 18.6 10.5 3.5 2 1 3 0 0
1474.6 -11922.2 -17.3 89 0 17.1 16.0 14.0 3.5 4 0 4 4 4
1481.8 -11930.5 -16.4 88 0 7.2 7.6 10.5 3.5 2 1 3 3 3
1489.3 -11918.4 -15.0 89 0 9.2 48.6 10.5 3.5 2 1 3 1 1
1542.0 -11831.4 -14.6 0 0 31.8 16.2 14.0 0.0 0 0 4 3 3
1692.8 -12160.8 -22.7 270 0 18.5 29.2 10.5 3.5 2 1 3 2 2
1655.6 -12154.8 -21.1 285 0 11.8 18.0 10.5 3.5 2 0 3 4 4
1648.0 -12153.7 -20.6 284 0 3.6 12.1 10.5 3.5 2 0 3 4 4
1612.3 -12160.1 -19.7 254 0 12.5 5.0 10.5 3.5 2 0 3 4 4
1611.0 -12148.0 -18.7 53 0 11.5 7.5 10.5 0.0 0 0 3 0 0
1604.2 -12124.1 -17.5 128 0 8.9 9.0 10.5 3.5 4 1 3 5 5
1595.0 -12114.6 -16.9 187 0 12.7 6.3 10.5 3.5 2 0 3 2 2
1675.5 -12144.6 -22.1 101 0 75.6 17.3 14.0 3.5 2 0 4 3 3
1686.2 -11911.5 -21.2 72 0 16.5 20.4 14.0 3.5 2 1 4 1 1
1709.1 -11898.6 -21.7 73 0 8.9 16.7 10.5 3.5 2 1 3 5 5
1676.3 -11883.2 -20.1 73 0 16.4 35.4 14.0 3.5 2 1 4 3 3
1602.5 -11904.7 -17.6 72 0 8.2 46.6 10.5 3.5 2 1 3 2 2
1551.0 -11925.1 -15.6 193 0 5.3 12.0 10.5 0.0 0 1 3 3 3
1575.9 -11919.2 -16.7 119 0 9.2 10.9 10.5 3.5 4 1 3 2 2
1561.0 -11905.5 -16.4 122 0 9.7 17.2 10.5 3.5 2 1 3 0 0
1549.8 -11888.7 -15.6 181 0 19.9 7.9 10.5 3.5 2 0 3 2 2
1577.0 -11906.5 -17.0 117 0 14.4 18.4 14.0 3.5 2 1 4 2 2
1566.7 -11864.9 -16.4 180 0 24.9 13.7 14.0 3.5 2 0 4 2 2
1562.0 -11835.6 -15.5 182 1 17.1 12.7 14.0 3.5 2 0 4 2 2
1588.8 -11837.7 -16.4 180 0 15.5 17.4 14.0 3.5 2 1 4 3 3
1610.7 -11791.3 -17.1 306 0 14.9 11.0 14.0 3.5 2 0 4 4 4
1577.4 -11768.4 -16.6 218 0 8.8 8.7 10.5 3.5 2 0 3 0 0
1729.6 -11727.7 -21.7 49 0 10.0 14.4 10.5 3.5 2 1 3 1 1
1685.5 -11725.0 -20.8 107 0 10.8 18.2 14.0 3.5 2 1 4 5 5
1653.3 -11731.6 -19.5 106 0 9.3 11.7 10.5 0.0 0 1 3 3 3
1662.0 -11699.5 -20.4 171 0 11.2 13.5 14.0 3.5 2 1 4 5 5
1684.7 -11691.1 -20.9 259 0 13.9 8.6 10.5 3.5 2 0 3 3 3
1409.7 -11844.7 -18.0 162 0 8.2 11.6 10.5 3.5 2 1 3 3 3
1394.2 -11795.4 -16.5 183 0 19.1 17.1 14.0 3.5 2 0 4 2 2
1345.4 -11768.2 -19.3 44 0 14.8 17.5 14.0 3.5 2 1 4 1 1
1313.4 -11778.8 -22.1 133 1 13.9 17.2 14.0 3.5 2 1 4 5 5
4289.2 -4885.7 -28.8 246 0 23.8 57.3 10.5 3.5 2 1 3 3 3
4322.2 -4889.5 -28.7 170 0 85.3 18.6 10.5 3.5 2 0 3 5 5
4299.8 -4791.6 -28.5 162 0 72.3 18.6 10.5 3.5 2 0 3 3 3
4291.4 -4871.7 -28.7 76 0 14.7 50.8 14.0 3.5 2 1 4 1 1
4242.9 -4674.5 -28.3 256 0 18.6 117.1 14.0 0.0 0 1 4 4 4
4252.6 -4849.4 -28.7 345 0 78.8 24.2 14.0 0.0 0 0 4 4 4
4228.3 -4924.2 -29.0 241 0 17.5 46.0 10.5 3.5 2 1 3 0 0
4201.8 -4869.9 -28.8 163 0 85.1 18.8 14.0 3.5 2 0 4 1 1
4212.6 -4955.9 -29.1 341 0 56.7 18.4 10.5 3.5 2 0 3 1 1
4570.8 -5370.8 -18.4 183 0 31.0 25.8 14.0 0.0 0 0 4 2 2
4572.2 -5321.0 -19.3 180 0 45.9 36.4 14.0 0.0 0 0 4 3 3
4586.2 -5218.2 -23.5 176 0 44.4 21.2 14.0 3.5 2 0 4 4 4
4521.2 -5392.5 -14.5 251 0 14.3 12.6 16.0 3.5 2 0 4 2 2
4528.7 -5380.4 -13.7 73 0 13.5 30.9 14.0 3.5 4 1 4 0 0
4356.5 -5315.1 -10.8 89 0 25.7 52.3 14.0 3.5 2 0 4 4 4
4348.5 -5210.4 -12.9 270 0 25.2 52.5 14.0 3.5 2 0 4 3 3
4881.3 -4584.8 -25.2 50 0 38.5 24.3 10.5 0.0 0 0 3 0 0
4763.2 -4642.8 -25.4 229 0 99.3 31.9 10.5 0.0 0 0 3 0 0
4922.8 -4500.4 -25.7 67 0 39.3 45.2 10.5 0.0 0 0 3 3 3
4853.4 -4501.3 -26.5 98 0 76.3 24.0 10.5 0.0 0 0 3 5 5
4770.8 -4438.3 -27.0 181 0 35.0 45.5 10.5 0.0 0 1 3 2 2
4794.7 -4407.2 -27.1 229 0 11.0 47.0 10.5 0.0 0 1 3 3 3
4840.0 -4458.8 -26.1 96 0 17.6 15.5 10.5 3.5 2 0 3 1 1
4861.6 -4468.9 -25.7 94 0 18.0 20.5 10.5 3.5 2 1 3 4 4
4697.3 -4531.4 -27.1 156 0 46.9 39.5 10.5 0.0 0 0 3 3 3
4693.6 -4554.1 -27.3 340 0 27.3 27.4 10.5 0.0 0 1 3 5 5
4737.2 -4654.2 -27.0 54 0 38.9 44.9 10.5 0.0 0 1 3 4 4
4641.1 -4721.0 -27.5 53 0 105.1 28.7 10.5 0.0 0 0 3 1 1
4572.6 -4628.3 -27.9 332 0 65.3 37.9 10.5 0.0 0 0 3 1 1
4710.2 -4117.3 -28.2 304 0 84.8 39.9 14.0 0.0 0 0 4 1 1
4569.5 -4014.4 -28.4 182 0 69.1 31.7 14.0 0.0 0 0 4 3 3
4757.5 -4093.7 -28.6 47 0 63.1 64.6 14.0 0.0 0 1 4 2 2
4658.2 -3999.2 -28.5 295 0 58.6 29.9 14.0 0.0 0 0 4 4 4
4344.7 -4033.6 -27.9 202 0 27.4 131.8 14.0 0.0 0 0 4 3 3
4382.8 -3885.6 -28.6 107 0 217.2 34.2 14.0 0.0 0 0 4 0 0
4410.1 -3967.3 -28.4 9 0 113.2 24.9 14.0 0.0 0 0 4 2 2
4294.1 -3985.7 -28.2 108 0 80.5 68.8 14.0 0.0 0 0 4 4 4
4286.1 -3993.6 -27.9 291 0 108.7 27.6 14.0 0.0 0 0 4 2 2
4185.3 -3963.8 -27.8 257 0 36.5 39.1 14.0 0.0 0 1 4 3 3
4188.2 -3891.9 -28.2 189 0 38.5 40.0 14.0 0.0 0 1 4 4 4
4209.6 -3858.2 -28.4 139 0 40.4 36.1 14.0 0.0 0 0 4 5 5
4177.4 -3840.9 -28.5 76 0 29.3 40.3 14.0 0.0 0 1 4 3 3
4127.7 -3972.4 -27.7 268 0 71.0 39.2 14.0 0.0 0 0 4 1 1
4071.5 -3967.3 -27.6 268 0 29.4 46.0 14.0 0.0 0 1 4 0 0
4110.6 -3962.0 -27.8 91 0 32.9 30.9 14.0 0.0 0 0 4 0 0
4158.4 -3915.3 -28.0 13 0 37.7 22.6 14.0 0.0 0 0 4 1 1
3992.2 -3881.4 -27.8 217 0 22.5 35.2 14.0 3.5 2 1 4 2 2
4033.6 -3739.4 -28.5 225 0 35.3 33.5 14.0 0.0 0 0 4 2 2
3924.8 -3894.0 -27.8 212 0 70.7 24.2 14.0 0.0 0 0 4 5 5
4437.8 -4805.7 -28.2 241 0 28.4 80.1 10.5 0.0 0 1 3 5 5
4487.5 -4871.0 -28.2 76 0 22.8 92.4 10.5 0.0 0 1 3 3 3
4519.0 -4806.9 -27.9 351 0 83.5 18.7 10.5 3.5 2 0 3 0 0
4375.0 -4769.2 -28.4 161 0 85.1 17.3 10.5 3.5 2 0 3 5 5
4427.2 -4786.4 -28.3 67 0 22.0 61.0 10.5 3.5 2 1 3 5 5
4467.5 -4628.6 -28.0 168 0 51.4 20.9 10.5 3.5 2 0 3 2 2
4451.9 -4629.1 -28.0 345 0 53.8 20.0 10.5 3.5 2 0 3 3 3
4392.8 -4635.8 -28.0 162 0 47.3 17.5 14.0 3.5 2 0 4 1 1
4316.2 -4662.8 -28.4 257 0 28.1 158.5 10.5 0.0 0 1 3 3 3
4315.1 -4620.4 -27.9 176 0 53.6 59.7 14.0 0.0 0 1 4 5 5
4300.2 -4616.2 -27.9 349 0 60.2 24.3 14.0 3.5 4 0 4 5 5
4243.0 -4631.8 -27.9 167 0 49.7 23.8 14.0 3.5 2 0 4 1 1
4234.1 -4636.4 -28.0 352 0 49.5 24.4 14.0 0.0 0 0 4 0 0
4530.1 -4411.5 -27.5 360 0 189.1 52.1 14.0 0.0 0 0 4 0 0
4463.9 -4390.7 -27.2 3 0 92.6 48.2 14.0 0.0 0 0 4 2 2
4627.5 -4204.8 -27.7 188 0 42.0 21.6 14.0 3.5 2 0 4 3 3
4361.9 -4173.6 -27.5 188 0 74.4 21.8 10.5 0.0 0 0 3 0 0
4441.5 -4163.0 -27.5 297 0 91.2 23.1 10.5 0.0 0 0 3 4 4
4361.2 -4542.0 -27.6 176 0 47.2 47.2 14.0 0.0 0 1 4 5 5
4184.4 -4846.1 -28.8 350 0 160.9 25.8 10.5 0.0 0 0 3 2 2
4156.8 -4713.7 -28.3 348 0 99.1 25.8 10.5 0.0 0 0 3 4 4
4076.7 -4742.2 -28.8 262 0 47.8 207.0 10.5 0.0 0 1 3 3 3
3711.2 -4694.0 -27.9 8 0 108.5 23.5 14.0 0.0 0 0 4 4 4
3772.6 -4678.9 -27.9 102 0 18.7 37.3 14.0 3.5 2 1 4 3 3
3375.4 -4543.6 -28.8 21 0 54.4 23.2 14.0 3.5 2 0 4 2 2
3293.5 -4504.4 -29.8 198 0 78.3 34.1 14.0 0.0 0 0 4 5 5
6084.4 -483.4 -11.5 206 0 11.9 13.8 14.0 3.5 2 1 4 5 5
6136.2 -495.3 -10.2 113 0 14.8 14.4 14.0 3.5 2 0 4 3 3
6209.7 -446.9 -9.5 292 0 26.3 9.6 10.5 3.5 2 0 3 5 5
4792.2 -10435.5 -37.5 111 0 18.1 37.2 17.5 3.5 4 1 5 0 0
4822.9 -10370.4 -37.4 18 0 17.4 13.8 17.5 3.5 2 0 5 2 2
4819.7 -10341.1 -37.4 279 0 11.7 12.2 17.5 3.5 4 1 5 4 4
4825.8 -10326.5 -37.4 282 0 19.0 11.6 17.5 3.5 2 0 5 5 5
4793.5 -10313.9 -37.4 281 0 21.9 24.9 17.5 3.5 2 1 5 4 4
4751.0 -10325.6 -37.4 180 0 18.4 25.3 17.5 3.5 2 1 5 0 0
4757.1 -10254.1 -37.4 187 0 21.3 49.0 14.0 3.5 2 1 4 2 2
4684.2 -10278.0 -37.2 97 0 25.9 20.7 17.5 3.5 2 0 5 1 1
4621.3 -10259.3 -36.7 107 0 19.7 24.1 17.5 3.5 2 1 5 4 4
4457.1 -10083.7 -35.9 15 0 58.7 14.6 7.5 2.5 2 0 3 0 0
1857.1 -10841.6 -28.7 190 0 93.4 154.8 14.0 0.0 0 1 4 1 1
1809.5 -11327.3 -21.2 311 0 121.1 130.5 12.5 0.0 0 1 5 2 2
6198.1 -9500.2 -13.7 350 0 30.6 108.8 17.5 0.0 0 1 5 3 3
6198.8 -9453.8 -18.0 357 0 34.1 111.1 17.5 0.0 0 1 5 5 5
6189.1 -9103.3 -6.5 356 0 78.0 46.9 17.5 0.0 0 0 5 1 1
6071.9 -9098.2 -7.1 253 0 39.9 35.5 17.5 0.0 0 0 5 2 2
6112.1 -9091.2 -6.5 263 0 16.1 51.4 17.5 3.5 2 1 5 1 1
6182.2 -9209.0 -14.6 350 0 95.0 33.7 17.5 0.0 0 0 5 0 0
6133.9 -9236.1 -11.8 174 0 29.2 14.0 17.5 3.5 2 0 5 2 2
5145.3 -8303.6 -14.2 90 0 12.6 39.2 12.5 2.5 2 1 5 2 2
5114.5 -8304.9 -15.4 89 0 12.6 42.6 15.0 0.0 0 1 6 3 3
4963.4 -8404.6 -26.7 181 0 26.6 120.2 10.0 0.0 0 1 4 5 5
4971.4 -8204.9 -16.2 269 0 19.6 45.0 10.0 2.5 2 1 4 2 2
5008.6 -8206.0 -16.0 269 0 19.6 43.7 12.5 2.5 2 1 5 0 0
5043.9 -8204.7 -14.8 268 0 18.8 46.9 12.5 2.5 2 0 5 2 2
5062.9 -8204.4 -14.1 270 0 19.4 46.0 12.5 2.5 2 0 5 2 2
5097.0 -8204.7 -12.8 272 0 15.7 45.1 15.0 2.5 2 0 6 4 4
5112.3 -8205.2 -12.2 272 0 15.7 44.7 7.5 2.5 2 0 3 5 5
5153.7 -8224.8 -10.9 358 0 46.1 15.5 12.5 0.0 0 0 5 0 0
4938.9 -8205.7 -15.4 269 0 13.4 52.4 7.5 2.5 4 1 3 4 4
6912.1 -6964.9 -2.0 3 0 43.5 15.8 10.0 2.5 4 0 4 1 1
6841.2 -6974.7 -2.1 91 0 15.7 38.3 10.0 2.5 2 1 4 5 5
6834.3 -6892.4 2.0 183 0 49.5 17.3 10.0 2.5 2 0 4 1 1
6774.7 -7009.2 -1.7 179 0 52.2 17.7 10.0 2.5 2 0 4 0 0
6806.2 -7022.1 -4.4 177 0 26.7 16.8 10.0 2.5 4 0 4 4 4
6773.6 -6955.1 -1.2 179 0 37.8 16.9 12.5 2.5 2 0 5 1 1
6773.7 -6881.2 3.8 181 0 67.0 19.3 10.0 0.0 0 0 4 4 4
6774.5 -6756.7 17.2 181 0 73.7 20.3 12.5 2.5 2 0 5 2 2
6773.4 -6683.7 15.3 178 0 47.0 14.4 12.5 0.0 0 0 5 2 2
6811.8 -6658.2 14.9 269 0 16.7 48.2 12.5 2.5 2 1 5 5 5
6844.7 -6656.3 14.0 271 0 15.9 49.4 10.0 2.5 4 1 4 2 2
6872.3 -6655.2 13.2 270 0 18.7 49.8 10.0 2.5 2 1 4 2 2
6901.5 -6657.0 12.8 269 0 15.9 47.1 10.0 2.5 2 1 4 5 5
6924.7 -6678.7 11.3 179 0 46.2 14.3 10.0 2.5 2 0 4 5 5
6807.6 -6962.3 -2.4 181 0 51.0 17.5 10.0 0.0 0 0 4 5 5
6808.5 -6893.0 1.1 185 0 54.4 17.1 10.0 2.5 4 0 4 2 2
6873.1 -6993.6 -3.2 93 0 19.1 44.2 12.5 2.5 2 1 5 0 0
6885.2 -6896.6 -0.1 2 0 54.7 17.1 12.5 2.5 2 0 5 4 4
6923.7 -6959.2 -1.1 180 0 45.8 16.7 10.0 2.5 4 0 4 4 4
6836.0 -7020.0 -4.1 179 0 26.7 14.7 10.0 2.5 2 0 4 2 2
6873.0 -7025.5 -3.6 86 0 15.1 23.7 10.0 2.5 4 1 4 1 1
6912.8 -7024.1 -0.5 92 0 17.7 22.8 10.0 0.0 0 1 4 0 0
6790.0 -6624.1 9.5 91 0 24.6 26.0 12.5 0.0 0 1 5 1 1
6804.7 -6735.2 17.2 178 0 29.1 14.3 10.0 2.5 2 0 4 4 4
6865.6 -6714.4 17.0 280 0 13.6 54.3 10.0 2.5 2 1 4 2 2
6898.1 -6716.0 16.4 280 0 14.6 49.3 10.0 0.0 0 1 4 2 2
6780.0 -6545.3 6.8 182 0 55.0 16.6 7.5 2.5 2 0 3 3 3
6785.5 -6465.6 8.1 269 0 12.5 43.0 10.0 0.0 0 1 4 3 3
6833.6 -6456.5 8.3 269 0 11.9 45.4 10.0 2.5 2 1 4 2 2
6881.6 -6465.3 7.1 271 0 13.0 37.2 12.5 2.5 2 1 5 1 1
6926.2 -6503.8 0.8 180 0 79.8 12.6 12.5 0.0 0 0 5 0 0
6923.2 -6591.0 2.1 181 0 61.8 14.5 12.5 2.5 2 0 5 1 1
6878.9 -6623.3 7.1 92 0 29.3 28.3 12.5 0.0 0 0 5 1 1
6832.4 -6600.4 5.5 90 0 29.9 32.6 15.0 0.0 0 1 6 4 4
6817.7 -6208.7 12.0 269 0 15.7 57.8 17.5 3.5 2 0 5 1 1
6840.1 -6208.5 11.2 270 0 13.1 55.6 17.5 3.5 2 0 5 1 1
6864.3 -6209.6 10.3 269 0 12.5 53.3 17.5 3.5 2 0 5 4 4
6898.4 -6236.0 9.3 359 0 54.9 15.2 17.5 3.5 2 0 5 4 4
6921.2 -6234.4 8.5 359 0 54.0 14.1 17.5 3.5 2 0 5 5 5
6806.3 -6302.7 13.9 179 0 61.6 19.1 17.5 3.5 2 0 5 4 4
6841.3 -6277.5 14.7 270 0 16.9 52.8 17.5 3.5 2 0 5 4 4
6873.7 -6305.9 14.8 360 0 56.2 16.2 17.5 3.5 2 0 5 5 5
6898.0 -6303.9 14.7 357 0 56.3 15.6 17.5 3.5 2 0 5 4 4
6923.6 -6302.4 14.4 0 0 59.2 15.7 17.5 3.5 2 0 5 5 5
6856.4 -6152.4 10.7 180 0 58.0 12.5 17.5 3.5 2 0 5 0 0
6855.5 -6078.8 11.5 179 0 63.1 13.6 17.5 3.5 2 0 5 3 3
6855.3 -6003.5 14.1 178 0 57.2 12.4 17.5 3.5 2 0 5 3 3
6863.6 -5908.0 17.2 272 0 15.3 51.4 17.5 3.5 2 0 5 0 0
6922.4 -5937.0 13.5 358 0 52.3 14.5 17.5 3.5 2 0 5 0 0
6899.6 -6152.3 9.6 358 0 57.8 15.2 17.5 3.5 2 0 5 1 1
6898.7 -6078.8 11.6 1 0 61.4 15.2 17.5 3.5 2 0 5 0 0
6901.1 -6002.5 14.1 1 0 62.6 16.8 17.5 3.5 2 0 5 3 3
6918.8 -6002.0 13.9 1 0 64.7 13.5 17.5 3.5 2 0 5 2 2
6916.5 -6078.9 11.7 359 0 57.1 10.3 17.5 3.5 2 0 5 2 2
6918.3 -6143.8 9.3 358 0 72.6 9.5 10.5 3.5 2 0 3 5 5
6718.2 -6518.7 6.6 359 0 59.1 22.3 14.0 3.5 2 0 4 2 2
6642.7 -6553.4 8.6 89 0 16.3 71.2 14.0 3.5 2 1 4 1 1
6596.9 -6513.8 9.0 178 0 71.0 17.3 14.0 3.5 2 0 4 3 3
6481.4 -6401.3 21.6 90 0 37.9 108.9 17.5 0.0 0 1 5 4 4
6529.9 -6353.3 21.0 0 0 118.5 10.8 17.5 3.5 2 0 5 4 4
5128.8 -7182.0 -17.4 205 0 69.7 50.5 17.5 0.0 0 0 5 2 2
5133.1 -7243.1 -21.6 293 0 49.8 70.7 17.5 0.0 0 1 5 1 1
5114.4 -7174.8 -20.8 27 0 62.4 42.8 17.5 0.0 0 0 5 5 5
5279.0 -7317.8 -16.2 268 0 46.8 57.9 17.5 0.0 0 1 5 2 2
5366.9 -7340.8 -14.7 359 0 49.0 44.5 17.5 0.0 0 0 5 0 0
5380.0 -7340.5 -13.8 179 0 48.6 42.9 17.5 0.0 0 0 5 5 5
5438.6 -7269.6 -5.3 3 0 45.5 28.2 14.0 0.0 0 0 4 0 0
5453.1 -7285.3 -4.6 184 0 19.1 48.0 17.5 3.5 2 1 5 1 1
5504.8 -7298.0 -7.2 182 0 78.5 12.3 17.5 0.0 0 0 5 1 1
5442.6 -7418.4 -17.8 104 0 15.7 34.3 14.0 3.5 2 1 4 5 5
5578.5 -7281.0 -2.7 174 0 64.5 35.8 14.0 0.0 0 0 4 1 1
5523.9 -7077.3 7.1 82 0 12.9 21.6 17.5 3.5 2 1 5 5 5
5353.8 -6994.4 -8.8 1 0 43.2 67.4 14.0 0.0 0 1 4 1 1
5322.6 -6909.0 -10.7 89 0 56.4 39.9 14.0 0.0 0 0 4 2 2
5407.0 -6940.4 -0.3 180 0 94.5 61.1 21.0 0.0 0 0 6 1 1
5296.7 -6852.9 -11.3 91 0 19.0 47.1 12.5 2.5 2 1 5 1 1
5238.2 -6853.1 -16.5 111 0 17.4 83.8 10.0 2.5 2 1 4 1 1
5300.6 -6670.0 -13.2 289 0 16.1 81.1 12.5 2.5 2 1 5 0 0
5328.0 -6854.1 -8.5 88 0 14.6 66.5 7.5 2.5 2 1 3 3 3
5358.3 -6850.2 -5.3 89 0 10.6 26.3 15.0 0.0 0 1 6 5 5
5358.9 -6807.0 -5.3 87 0 8.7 27.9 5.0 2.5 2 1 2 0 0
5388.1 -6850.0 -3.7 89 0 14.2 68.9 10.0 2.5 2 1 4 0 0
5421.9 -6856.9 -5.0 90 0 15.1 82.6 10.0 2.5 2 1 4 0 0
5448.1 -6852.2 -1.4 91 0 11.4 26.3 12.5 0.0 0 1 5 3 3
5448.8 -6804.0 -5.7 93 0 14.7 31.1 12.5 2.5 2 1 5 3 3
5480.5 -6853.0 -5.8 89 0 16.2 69.3 10.0 2.5 2 1 4 0 0
5510.9 -6851.8 -6.9 91 0 15.4 74.7 15.0 2.5 2 1 6 1 1
5340.6 -6705.4 -8.6 273 0 17.3 50.2 10.0 2.5 2 1 4 0 0
5392.3 -6707.8 -9.6 271 0 19.1 48.9 7.5 2.5 2 1 3 0 0
5440.8 -6711.3 -10.4 271 0 16.7 43.8 10.0 2.5 2 1 4 5 5
5489.9 -6706.5 -12.2 272 0 15.1 47.5 12.5 2.5 2 1 5 4 4
5541.9 -6706.3 -13.7 271 0 19.5 49.4 12.5 2.5 2 1 5 4 4
5541.3 -6852.9 4.6 69 0 15.3 25.8 10.0 2.5 2 1 4 0 0
5548.0 -6785.9 -3.9 358 0 26.4 13.6 12.5 2.5 2 0 5 3 3
5571.4 -6854.2 -3.9 89 0 16.2 78.8 12.5 2.5 2 1 5 0 0
5351.6 -6664.3 -12.2 271 0 18.9 21.1 12.5 2.5 2 1 5 2 2
5404.0 -6667.0 -13.1 272 0 16.4 21.0 12.5 2.5 2 1 5 0 0
5453.8 -6668.4 -14.3 271 0 20.2 20.4 12.5 2.5 2 1 5 0 0
5506.8 -6669.4 -15.3 272 0 19.1 18.9 10.0 2.5 2 0 4 2 2
5658.6 -6948.9 4.9 265 0 51.5 34.8 17.5 0.0 0 0 5 5 5
5791.8 -6963.4 1.2 185 0 22.8 62.4 12.5 2.5 2 1 5 0 0
5961.4 -6810.6 1.5 1 0 63.4 33.7 10.0 0.0 0 0 4 0 0
5893.3 -6833.9 -0.0 6 0 32.8 27.2 10.0 0.0 0 0 4 0 0
5837.0 -6791.8 -3.9 186 0 29.3 30.1 12.5 0.0 0 1 5 4 4
5926.3 -6673.4 -2.2 270 0 46.4 92.1 12.5 0.0 0 1 5 1 1
5923.6 -6895.8 4.4 18 0 47.5 29.1 10.0 0.0 0 0 4 4 4
5633.7 -6680.9 -11.8 284 0 15.6 17.7 7.5 0.0 0 1 3 1 1
5660.1 -6680.6 -11.0 275 0 14.0 13.4 5.0 2.5 2 0 2 1 1
5644.0 -6725.0 -11.8 187 0 29.6 14.9 10.0 2.5 2 0 4 5 5
5651.9 -6776.1 -11.6 86 0 13.1 24.0 17.5 0.0 0 1 7 2 2
5658.1 -6810.2 -5.9 80 0 15.6 19.6 10.0 2.5 2 1 4 0 0
5688.1 -6807.8 -8.4 80 0 18.5 22.1 12.5 2.5 2 1 5 0 0
5689.0 -6761.0 -11.1 4 0 21.5 15.5 7.5 2.5 2 0 3 1 1
5688.8 -6679.6 -10.4 277 0 17.3 17.2 7.5 2.5 2 0 3 5 5
5715.4 -6809.7 -8.9 79 0 16.5 18.5 12.5 2.5 2 1 5 2 2
5720.4 -6763.9 -10.6 0 0 21.6 13.7 7.5 2.5 2 0 3 4 4
5719.9 -6722.1 -10.1 0 0 18.3 14.3 7.5 0.0 0 0 3 2 2
5714.5 -6675.8 -9.6 269 0 13.5 17.5 5.0 2.5 2 1 2 2 2
5331.0 -6472.0 -15.0 197 0 63.6 20.7 10.0 2.5 2 0 4 1 1
5408.5 -6622.5 -17.0 95 0 27.0 57.8 10.0 2.5 4 1 4 4 4
5496.9 -6554.8 -17.8 3 0 58.1 30.3 10.0 0.0 0 0 4 5 5
5491.9 -6615.0 -16.2 1 0 25.9 23.4 12.5 0.0 0 0 5 4 4
5494.3 -6475.3 -18.1 4 0 57.0 27.2 10.0 2.5 2 0 4 1 1
5397.8 -6452.8 -16.4 183 0 25.1 25.5 7.5 0.0 0 1 3 4 4
5510.5 -6594.8 -11.6 180 0 73.6 17.3 10.0 2.5 2 0 4 4 4
5545.4 -6631.9 -8.5 91 0 14.7 73.6 10.0 2.5 4 1 4 0 0
5574.3 -6631.6 -5.0 90 0 12.2 73.6 12.5 2.5 2 1 5 0 0
5601.4 -6631.9 -4.2 92 0 15.1 72.9 12.5 2.5 2 1 5 4 4
5636.6 -6559.1 -4.8 271 0 14.3 73.4 10.0 2.5 2 1 4 0 0
5660.5 -6632.5 -5.3 92 0 15.5 72.4 10.0 2.5 2 1 4 4 4
5689.4 -6631.9 -5.7 91 0 14.5 73.0 12.5 2.5 2 1 5 1 1
5717.6 -6559.2 -6.3 271 0 16.7 73.4 10.0 2.5 2 1 4 5 5
5510.9 -6485.2 -18.3 181 0 72.4 15.7 10.0 0.0 0 0 4 1 1
5547.3 -6542.6 -9.2 93 0 14.7 40.4 12.5 2.5 2 1 5 2 2
5549.5 -6434.4 -14.0 271 0 13.5 56.8 15.0 0.0 0 1 6 1 1
5577.5 -6434.5 -8.7 269 0 11.9 55.1 10.0 2.5 2 1 4 4 4
5575.9 -6543.1 -4.5 91 0 14.7 42.9 10.0 0.0 0 1 4 0 0
5602.6 -6434.6 -7.3 272 0 13.0 73.1 12.5 2.5 2 1 5 5 5
5634.4 -6434.3 -6.2 271 0 15.4 54.7 12.5 2.5 2 1 5 0 0
5635.8 -6543.6 3.3 91 0 12.3 48.6 12.5 2.5 2 1 5 1 1
5661.2 -6544.4 5.8 91 0 13.5 39.2 10.0 2.5 2 1 4 4 4
5661.4 -6433.9 -5.2 271 0 12.3 61.5 7.5 2.5 2 1 3 5 5
5690.9 -6433.4 -4.2 269 0 14.3 57.8 12.5 2.5 2 1 5 3 3
5689.9 -6543.9 6.0 91 0 14.2 38.7 10.0 2.5 2 1 4 2 2
5717.3 -6544.6 -2.1 92 0 16.9 102.9 10.0 0.0 0 1 4 5 5
5770.0 -6558.6 -6.4 271 0 20.6 68.1 12.5 2.5 2 1 5 4 4
5815.3 -6632.4 -7.0 92 0 58.7 16.4 10.0 2.5 4 0 4 1 1
5897.2 -6633.3 -1.4 95 0 48.2 15.9 12.5 0.0 0 0 5 3 3
5836.7 -6551.7 -2.6 276 0 19.5 26.1 10.0 2.5 2 1 4 5 5
5895.8 -6550.2 4.8 271 0 20.7 27.5 10.0 2.5 2 1 4 0 0
5624.5 -6340.7 -16.3 182 0 48.3 16.7 10.0 2.5 2 0 4 1 1
5637.7 -6239.8 -16.2 273 0 13.6 68.9 7.5 2.5 2 1 3 2 2
5662.5 -6367.2 -15.1 91 0 14.3 46.5 12.5 2.5 2 1 5 3 3
5665.4 -6237.8 -15.1 271 0 11.5 74.2 10.0 2.5 2 1 4 3 3
5695.4 -6233.5 -14.7 271 0 13.5 52.8 7.5 2.5 2 1 3 1 1
5691.0 -6368.7 -14.0 90 0 14.4 45.8 12.5 2.5 2 1 5 4 4
5710.7 -6413.6 -11.2 89 0 11.5 29.9 12.5 0.0 0 1 5 1 1
5721.7 -6358.6 -13.0 92 0 13.9 49.4 10.0 2.5 2 1 4 3 3
5740.9 -6412.0 -10.8 87 0 12.4 33.5 12.5 0.0 0 1 5 0 0
5768.1 -6422.0 -10.2 89 0 12.3 63.4 10.0 2.5 4 1 4 2 2
5801.2 -6422.8 -6.1 91 0 17.5 48.3 10.0 2.5 2 1 4 0 0
5831.6 -6423.8 -2.5 93 0 16.3 40.8 15.0 2.5 2 1 6 3 3
5862.6 -6424.2 1.0 90 0 15.5 30.4 7.5 2.5 2 1 3 0 0
5894.8 -6424.4 1.3 86 0 14.2 35.3 15.0 0.0 0 1 6 4 4
5880.1 -6383.1 -2.2 87 0 16.3 37.1 12.5 2.5 2 1 5 1 1
5958.7 -6378.3 -0.9 350 0 93.3 20.1 10.0 0.0 0 0 4 3 3
5725.4 -6234.1 -13.9 269 0 14.7 65.5 10.0 2.5 2 1 4 2 2
5759.1 -6293.7 -11.9 273 0 15.8 46.8 10.0 2.5 2 1 4 5 5
5757.4 -6234.4 -12.7 267 0 15.5 49.9 12.5 2.5 2 1 5 2 2
5815.8 -6366.8 -6.1 91 0 16.7 46.2 15.0 2.5 2 1 6 4 4
5847.6 -6351.3 -6.4 92 0 17.4 30.2 10.0 2.5 2 1 4 5 5
5825.0 -6235.7 -5.8 271 0 16.7 66.9 10.0 2.5 2 1 4 0 0
5862.9 -6236.9 -4.1 273 0 14.2 65.0 7.5 2.5 2 1 3 0 0
5893.5 -6237.2 -3.6 272 0 19.5 55.7 12.5 2.5 2 1 5 2 2
5922.6 -6237.7 -2.8 264 0 17.3 67.4 10.0 2.5 2 1 4 3 3
5381.0 -6333.9 -15.5 217 0 26.6 18.4 7.5 2.5 2 0 3 0 0
5427.4 -6245.5 -10.6 213 0 27.5 22.7 12.5 0.0 0 0 5 3 3
5459.1 -6188.7 -11.8 208 0 32.7 22.9 10.0 0.0 0 0 4 2 2
5481.0 -6149.2 -12.6 212 0 36.7 21.1 12.5 0.0 0 0 5 3 3
5503.6 -6106.6 -13.1 202 0 35.7 18.1 12.5 0.0 0 0 5 4 4
5528.1 -6060.4 -13.6 210 0 29.2 19.5 10.0 2.5 2 0 4 5 5
5553.5 -6024.7 -12.9 206 0 29.1 17.8 12.5 2.5 2 0 5 2 2
5417.7 -6388.9 -16.4 182 0 49.7 15.1 10.0 2.5 2 0 4 5 5
5467.9 -6415.3 -17.3 90 0 16.4 46.2 7.5 2.5 2 1 3 3 3
5512.7 -6420.0 -18.3 92 0 15.3 55.0 10.0 2.5 2 1 4 1 1
5562.7 -6418.0 -18.2 88 0 9.9 53.8 7.5 2.5 2 1 3 4 4
5590.8 -6322.0 -17.7 1 0 50.8 15.0 5.0 2.5 2 0 2 3 3
5492.0 -6236.6 -14.4 268 0 15.9 50.5 12.5 2.5 2 1 5 2 2
5542.5 -6260.9 -17.1 360 0 53.4 14.7 10.0 0.0 0 0 4 3 3
5564.3 -6174.9 -15.8 1 0 72.6 23.0 12.5 0.0 0 0 5 1 1
5616.8 -6177.5 -15.2 4 0 66.5 13.7 12.5 2.5 2 0 5 0 0
5618.1 -6093.5 -13.9 1 0 72.6 15.1 12.5 2.5 2 0 5 3 3
5677.8 -6204.6 -14.5 93 0 22.6 51.9 10.0 2.5 2 1 4 5 5
5632.9 -6027.8 -12.0 183 0 39.8 19.1 10.0 2.5 2 0 4 2 2
5712.9 -6010.9 -11.1 276 0 21.0 40.7 15.0 0.0 0 1 6 1 1
5728.2 -6067.8 -12.7 270 0 18.3 67.0 12.5 2.5 2 1 5 0 0
5745.7 -6208.1 -13.5 78 0 14.2 56.6 7.5 2.5 2 1 3 5 5
5881.6 -6210.7 -2.3 94 0 17.9 45.2 10.0 0.0 0 1 4 3 3
5853.4 -6070.6 -9.0 272 0 17.4 72.5 10.0 2.5 2 1 4 5 5
5858.4 -6004.4 -8.6 259 0 20.2 50.7 12.5 2.5 2 1 5 0 0
5784.4 -6006.3 -10.1 274 0 17.5 45.6 12.5 2.5 2 1 5 3 3
3599.7 -6383.4 -1.2 267 0 14.5 24.9 14.0 3.5 2 1 4 3 3
3614.2 -6370.4 -1.4 265 0 12.0 46.4 14.0 3.5 2 1 4 4 4
3450.7 -6039.7 -3.3 202 0 71.3 19.7 14.0 3.5 2 0 4 5 5
3410.7 -6119.0 -7.1 205 0 58.5 21.6 14.0 3.5 4 0 4 5 5
3464.7 -6186.6 -5.8 105 0 32.9 70.4 14.0 0.0 0 1 4 0 0
3480.2 -5966.0 1.6 200 0 55.0 20.8 14.0 3.5 2 0 4 0 0
3505.7 -5877.0 5.1 271 0 19.8 38.5 14.0 0.0 0 1 4 1 1
3540.2 -5882.8 5.2 268 0 20.5 32.5 14.0 0.0 0 1 4 3 3
3581.4 -5881.7 5.0 263 0 27.8 36.0 14.0 0.0 0 1 4 3 3
3622.2 -5873.3 4.8 265 0 19.4 60.5 14.0 3.5 2 1 4 5 5
3601.8 -6220.0 1.3 84 0 33.0 61.1 14.0 0.0 0 1 4 4 4
3790.6 -6216.4 2.1 82 0 40.3 59.6 14.0 0.0 0 1 4 0 0
3775.9 -6096.2 -0.8 184 0 61.0 47.3 14.0 0.0 0 0 4 5 5
3941.6 -5994.5 -9.0 2 0 75.3 67.8 14.0 0.0 0 0 4 1 1
3489.9 -5696.6 0.3 185 0 55.8 60.6 17.5 0.0 0 1 7 0 0
3537.0 -5608.2 1.1 284 0 13.9 47.4 10.0 2.5 2 1 4 2 2
3560.6 -5613.7 0.8 280 0 10.9 48.8 7.5 0.0 0 1 3 1 1
3590.6 -5623.4 -0.6 284 0 12.1 46.9 12.5 0.0 0 1 5 2 2
3611.3 -5628.5 -1.4 282 0 12.2 44.2 7.5 2.5 2 1 3 1 1
3664.0 -5638.8 -2.9 281 0 12.2 48.3 10.0 2.5 4 1 4 4 4
3576.0 -5688.5 -0.8 283 0 13.8 61.2 10.0 2.5 2 1 4 3 3
3627.7 -5698.7 0.5 286 0 14.0 66.1 12.5 2.5 2 1 5 0 0
3649.6 -5700.9 0.5 284 0 14.0 66.2 10.0 2.5 2 1 4 1 1
3700.5 -5712.5 0.7 282 0 11.9 65.3 10.0 2.5 2 1 4 3 3
3729.6 -5718.5 1.0 284 0 15.8 65.9 12.5 2.5 2 1 5 5 5
3755.3 -5728.8 1.9 286 0 16.8 64.5 10.0 2.5 2 1 4 3 3
3779.9 -5733.8 0.4 285 0 15.5 62.0 10.0 2.5 2 1 4 2 2
3836.0 -5743.4 -3.1 285 0 17.5 66.4 10.0 0.0 0 1 4 5 5
3859.1 -5745.8 -4.4 283 0 11.7 62.7 10.0 2.5 2 1 4 4 4
3907.1 -5755.4 -6.9 284 0 12.1 66.3 7.5 2.5 2 1 3 4 4
3929.0 -5765.0 -8.4 284 0 15.9 64.4 10.0 2.5 2 1 4 2 2
3951.9 -5803.5 -9.3 11 0 64.9 11.6 10.0 2.5 2 0 4 5 5
3693.6 -5643.7 -1.5 266 0 13.2 44.2 10.0 2.5 2 1 4 3 3
3718.2 -5647.8 -1.0 285 0 11.7 49.6 12.5 2.5 2 1 5 2 2
3741.7 -5653.9 -0.8 281 0 14.5 46.1 12.5 2.5 2 1 5 3 3
3764.2 -5657.6 0.2 281 0 10.0 50.1 10.0 2.5 4 1 4 5 5
3792.2 -5663.4 0.3 280 0 11.7 51.8 10.0 2.5 2 1 4 4 4
3814.8 -5668.1 -1.1 282 0 11.0 49.0 10.0 0.0 0 1 4 3 3
3846.3 -5678.7 -2.8 284 0 14.4 46.9 15.0 2.5 2 1 6 3 3
3868.2 -5685.7 -4.1 280 0 11.2 45.0 10.0 2.5 2 1 4 4 4
3892.8 -5689.3 -3.1 283 0 12.8 45.9 10.0 2.5 2 1 4 2 2
3920.0 -5697.1 -0.9 284 0 12.4 44.5 15.0 0.0 0 1 6 1 1
3942.9 -5721.4 -2.7 13 0 45.5 11.2 10.0 2.5 2 0 4 3 3
3544.2 -5821.6 2.2 105 0 14.4 57.6 10.0 2.5 2 1 4 0 0
3570.5 -5827.0 2.4 102 0 11.2 52.4 10.0 2.5 2 1 4 0 0
3594.7 -5832.5 2.5 104 0 12.6 52.3 10.0 2.5 2 1 4 2 2
3620.5 -5837.2 2.5 102 0 10.0 54.8 12.5 2.5 2 1 5 3 3
3646.9 -5843.4 2.6 104 0 16.9 56.5 10.0 2.5 2 1 4 3 3
3673.1 -5849.3 2.7 103 0 13.3 56.3 12.5 2.5 4 1 5 1 1
3720.4 -5860.2 2.7 104 0 13.8 40.8 12.5 2.5 2 1 5 5 5
3748.5 -5866.5 0.7 105 0 15.3 58.0 12.5 2.5 2 1 5 1 1
3771.8 -5872.4 -0.4 101 0 10.4 58.9 10.0 2.5 2 1 4 0 0
3798.5 -5878.3 -2.3 104 0 16.7 58.6 10.0 2.5 2 1 4 0 0
3822.4 -5883.7 -3.7 103 0 12.2 55.4 12.5 0.0 0 1 5 5 5
3852.3 -5891.8 -5.7 104 0 15.9 59.0 12.5 2.5 2 1 5 0 0
3877.3 -5897.2 -7.0 102 0 12.1 55.4 10.0 2.5 2 1 4 0 0
3900.0 -5902.3 -8.5 102 0 14.1 53.5 12.5 2.5 2 1 5 3 3
3924.6 -5907.6 -10.2 103 0 15.6 57.9 10.0 2.5 2 1 4 5 5
4052.5 -5944.0 -7.4 102 0 19.9 65.6 12.5 2.5 2 1 5 0 0
4079.4 -5949.5 -5.5 103 0 12.6 65.9 10.0 0.0 0 1 4 1 1
4104.4 -5954.5 -4.1 103 0 14.8 65.9 12.5 2.5 2 1 5 3 3
4130.9 -5959.5 -2.5 103 0 17.1 65.8 10.0 0.0 0 1 4 4 4
4157.2 -5965.2 -0.8 102 0 14.2 65.8 10.0 2.5 2 1 4 5 5
4195.9 -5905.2 0.8 281 0 14.6 65.7 10.0 2.5 2 1 4 2 2
4206.6 -5975.7 2.2 101 0 14.0 69.7 12.5 2.5 2 1 5 1 1
4245.2 -5915.0 3.8 282 0 13.3 66.5 10.0 2.5 2 1 4 2 2
4255.2 -5985.3 5.1 103 0 17.3 66.2 10.0 2.5 2 1 4 4 4
4299.5 -5927.8 7.0 283 0 16.1 66.0 12.5 2.5 2 1 5 4 4
4308.5 -5994.7 8.5 102 0 13.4 67.8 15.0 0.0 0 1 6 0 0
4332.7 -6000.3 8.0 103 0 11.5 72.8 12.5 2.5 2 1 5 0 0
4351.6 -6006.0 5.7 105 0 10.4 80.0 15.0 0.0 0 1 6 5 5
4074.1 -5858.0 -6.1 104 0 10.7 58.2 14.0 3.5 2 1 4 4 4
4111.1 -5809.4 -4.5 283 0 10.7 56.3 14.0 3.5 2 1 4 3 3
4133.8 -5816.3 -3.0 281 0 11.1 54.4 14.0 3.5 2 1 4 3 3
4145.0 -5875.1 -1.7 103 0 11.2 52.3 14.0 3.5 4 1 4 1 1
4172.5 -5881.3 -0.1 101 0 13.1 49.8 14.0 3.5 2 1 4 2 2
4197.4 -5887.1 1.4 104 0 14.3 46.8 14.0 0.0 0 1 4 5 5
4219.2 -5891.6 2.9 104 0 9.5 44.0 10.5 3.5 2 1 3 3 3
4086.5 -5765.5 -7.6 199 0 14.4 15.9 2.5 0.0 0 1 1 3 3
4144.9 -5795.3 -1.9 108 0 11.4 14.8 5.0 0.0 0 1 2 4 4
4190.7 -5740.1 0.2 286 0 12.8 36.4 7.5 2.5 2 1 3 2 2
4245.7 -5759.2 3.6 287 0 11.4 36.6 12.5 2.5 2 1 5 4 4
4270.9 -5767.3 5.2 286 0 12.0 35.2 12.5 2.5 2 1 5 2 2
4298.8 -5774.9 6.9 286 0 10.9 38.1 12.5 2.5 2 1 5 4 4
4248.7 -5836.5 4.5 116 0 10.8 24.1 12.5 2.5 4 1 5 4 4
4275.8 -5850.8 6.1 102 0 13.8 30.1 10.0 2.5 2 1 4 0 0
4298.5 -5886.9 7.7 100 0 11.5 32.4 12.5 2.5 4 1 5 0 0
4327.1 -5783.1 9.1 282 0 11.8 36.7 10.0 2.5 4 1 4 3 3
4378.7 -5799.3 5.1 280 0 12.7 38.4 7.5 2.5 2 1 3 0 0
4325.0 -5899.9 8.7 102 0 12.1 53.8 17.5 2.5 2 1 7 3 3
4354.1 -5905.7 5.9 101 0 12.9 53.5 10.0 2.5 2 1 4 3 3
4378.7 -5910.9 4.1 104 0 12.3 24.5 10.0 0.0 0 1 4 2 2
4406.4 -5812.1 2.8 282 0 12.4 35.2 10.0 2.5 2 1 4 3 3
4428.9 -5817.6 1.4 266 0 14.5 53.0 12.5 0.0 0 1 5 3 3
4409.1 -5909.2 0.9 103 0 11.9 27.6 10.0 2.5 2 1 4 3 3
4038.8 -6264.7 2.0 94 0 15.2 34.3 12.5 2.5 2 1 5 0 0
4065.3 -6261.1 2.7 92 0 12.1 36.3 10.0 2.5 2 1 4 0 0
4093.6 -6260.4 3.4 88 0 11.7 38.0 10.0 2.5 2 1 4 1 1
4077.5 -6083.7 -1.9 270 0 17.3 38.0 10.0 2.5 2 1 4 4 4
4058.7 -5988.5 -6.0 281 0 28.2 53.6 10.0 0.0 0 1 4 5 5
3985.7 -6120.5 -5.0 183 0 99.8 16.6 12.5 0.0 0 0 5 2 2
3991.2 -6275.3 -1.5 89 0 13.2 95.1 10.0 2.5 2 1 4 5 5
4303.4 -6060.9 7.6 284 0 31.6 25.7 15.0 0.0 0 0 6 1 1
4367.2 -6053.4 6.3 283 0 28.3 45.3 12.5 0.0 0 1 5 3 3
4196.2 -6088.8 2.3 272 0 11.9 46.6 12.5 2.5 2 1 5 3 3
4174.1 -6016.3 0.1 279 0 23.3 46.6 10.0 0.0 0 1 4 1 1
3948.7 -6491.6 4.1 293 0 16.3 48.1 14.0 3.5 4 1 4 2 2
3970.9 -6500.3 1.5 292 0 10.8 53.0 14.0 3.5 2 1 4 5 5
3986.3 -6527.7 -0.7 294 0 12.3 32.8 14.0 3.5 2 1 4 3 3
4009.7 -6521.4 -2.5 291 0 11.4 46.8 14.0 3.5 2 1 4 3 3
4038.0 -6560.2 -6.0 23 0 48.7 21.4 14.0 3.5 2 0 4 0 0
4000.0 -6488.1 4.5 100 0 15.7 44.6 14.0 0.0 0 1 4 4 4
4022.0 -6496.6 2.4 112 0 10.2 46.6 14.0 3.5 2 1 4 5 5
4045.1 -6507.7 -0.1 109 0 12.5 45.0 14.0 3.5 2 1 4 3 3
4094.9 -6552.3 -11.2 288 0 11.0 62.2 14.0 3.5 2 1 4 5 5
4120.8 -6558.0 -11.6 290 0 12.0 65.2 14.0 3.5 4 1 4 4 4
4140.8 -6565.4 -12.2 289 0 10.7 72.7 14.0 3.5 2 1 4 5 5
4134.0 -6647.6 -12.4 109 0 11.2 31.4 14.0 3.5 2 1 4 4 4
4214.8 -6594.8 -12.8 292 0 29.6 81.6 14.0 0.0 0 1 4 4 4
4093.8 -6650.3 -12.4 122 0 126.9 9.3 10.5 0.0 0 0 3 3 3
4229.6 -6646.8 -13.0 19 0 94.3 7.7 10.5 3.5 2 0 3 3 3
4124.8 -6538.5 -7.1 95 0 10.1 37.3 14.0 3.5 2 1 4 4 4
4146.9 -6545.6 -7.4 104 0 11.6 44.1 14.0 3.5 2 1 4 1 1
4167.5 -6556.1 -8.0 109 0 12.5 58.3 14.0 0.0 0 1 4 4 4
4188.3 -6561.4 -8.2 109 0 11.8 54.9 14.0 3.5 4 1 4 0 0
4228.6 -6516.5 -8.5 287 0 10.3 53.3 14.0 3.5 2 1 4 3 3
4230.1 -6577.0 -9.0 111 0 14.8 55.5 14.0 3.5 2 1 4 2 2
4151.2 -6463.8 -2.6 101 0 22.4 55.0 12.5 2.5 4 1 5 3 3
4200.9 -6478.3 -3.7 106 0 26.1 62.3 10.0 0.0 0 1 4 4 4
4207.9 -6297.8 2.7 276 0 21.3 88.6 12.5 0.0 0 1 5 3 3
4277.4 -6474.0 -4.5 16 0 53.5 25.8 7.5 2.5 2 0 3 4 4
4298.8 -6400.7 -0.3 19 0 51.9 22.4 12.5 2.5 2 0 5 5 5
4252.2 -6304.2 3.5 197 0 36.1 33.0 10.0 0.0 0 0 4 2 2
3968.0 -6394.0 3.4 110 0 11.2 86.7 10.0 2.5 2 1 4 2 2
4029.8 -6420.8 7.2 113 0 12.4 47.6 12.5 2.5 2 1 5 2 2
4049.1 -6429.7 6.4 112 0 14.0 137.3 17.5 0.0 0 1 7 0 0
3851.9 -6236.2 1.1 273 0 28.4 60.0 14.0 0.0 0 1 4 0 0
2883.1 -5884.5 -14.0 77 0 10.4 48.0 10.0 2.5 2 1 4 4 4
4375.6 -6682.6 -14.3 75 0 18.9 37.6 10.0 0.0 0 1 4 0 0
4327.6 -6555.6 -8.6 199 0 37.3 15.3 12.5 0.0 0 0 5 1 1
4407.7 -6702.1 -14.9 77 0 11.0 49.4 12.5 0.0 0 1 5 2 2
4442.6 -6720.3 -14.6 74 0 11.2 38.6 15.0 0.0 0 1 6 2 2
4487.1 -6742.5 -14.6 71 0 12.5 57.8 17.5 2.5 2 1 7 5 5
4428.1 -6740.7 -14.9 254 0 19.7 64.7 12.5 2.5 2 1 5 4 4
4471.8 -6765.1 -12.8 271 0 13.5 68.7 12.5 0.0 0 1 5 0 0
4459.0 -6934.7 -14.5 22 0 32.2 17.5 10.0 2.5 2 0 4 5 5
4404.2 -6908.9 -14.2 120 0 20.7 35.5 10.0 0.0 0 1 4 2 2
4487.6 -6875.2 -11.4 21 0 45.6 17.5 10.0 2.5 4 0 4 3 3
4526.8 -6806.7 -10.6 2 0 43.7 19.6 10.0 2.5 2 0 4 0 0
4611.7 -7031.1 -15.7 26 0 117.8 15.2 14.0 0.0 0 0 4 3 3
4536.4 -7052.4 -16.8 118 0 20.1 44.8 14.0 3.5 2 1 4 2 2
4589.0 -6950.8 -18.4 299 0 22.2 49.0 14.0 3.5 2 1 4 2 2
4494.5 -6945.4 -15.8 209 0 69.0 61.0 14.0 0.0 0 0 4 3 3
4524.6 -6890.5 -10.9 203 0 26.2 17.8 14.0 3.5 2 0 4 2 2
4587.5 -6877.2 -9.2 360 0 24.0 15.3 14.0 3.5 2 0 4 0 0
4539.0 -6847.1 -8.5 183 0 28.9 17.3 14.0 3.5 2 0 4 5 5
4618.1 -7073.4 -20.7 207 0 63.8 22.8 10.0 2.5 2 0 4 1 1
4656.9 -7128.9 -21.0 114 0 15.5 61.5 17.5 0.0 0 1 7 1 1
4702.7 -7141.7 -21.0 113 0 18.9 63.8 10.0 0.0 0 1 4 1 1
4737.8 -7041.7 -18.7 203 0 53.8 17.8 10.0 2.5 2 0 4 5 5
4748.9 -7165.1 -22.8 116 0 21.8 67.8 12.5 2.5 2 1 5 2 2
4789.4 -7187.5 -22.8 116 0 17.3 65.1 10.0 2.5 2 1 4 4 4
4831.3 -7205.8 -22.9 117 0 18.4 71.2 12.5 2.5 2 1 5 0 0
4893.9 -7198.8 -22.9 23 0 64.6 15.9 10.0 2.5 2 0 4 5 5
4982.3 -7148.0 -20.7 27 0 48.8 42.5 14.0 0.0 0 0 4 0 0
5034.4 -7064.6 -22.1 27 0 91.6 31.1 14.0 0.0 0 0 4 2 2
4375.4 -6451.6 -1.6 118 0 10.3 60.2 14.0 3.5 4 1 4 0 0
4414.2 -6472.2 -4.0 113 0 14.4 54.2 14.0 3.5 2 1 4 2 2
4480.3 -6437.8 -6.2 296 0 31.5 21.6 14.0 0.0 0 0 4 1 1
4495.6 -6507.3 -9.1 118 0 15.2 53.1 14.0 3.5 4 1 4 0 0
4513.4 -6539.9 -10.5 114 0 14.8 61.5 14.0 3.5 4 1 4 4 4
4606.3 -6533.0 -9.3 182 0 88.0 21.1 10.0 0.0 0 0 4 2 2
4620.5 -6414.0 -6.7 272 0 20.0 52.1 10.0 2.5 2 1 4 0 0
4708.3 -6594.3 -10.7 28 0 43.8 21.7 10.0 2.5 2 0 4 3 3
4677.0 -6428.5 -5.4 269 0 18.3 51.4 7.5 2.5 2 1 3 5 5
4736.3 -6448.8 -5.1 259 0 17.5 68.1 10.0 2.5 2 1 4 3 3
4771.5 -6661.5 -12.7 116 0 8.8 13.2 10.5 3.5 2 1 3 4 4
4789.2 -6671.4 -13.0 108 0 9.7 10.7 10.5 3.5 2 1 3 4 4
4804.6 -6680.1 -12.0 108 0 7.5 14.2 10.5 3.5 2 1 3 3 3
4820.8 -6688.3 -10.4 116 0 8.6 15.6 10.5 3.5 2 1 3 2 2
4837.8 -6694.6 -9.5 118 0 7.9 12.5 10.5 3.5 2 1 3 0 0
4928.4 -6740.2 -7.2 112 0 10.3 10.1 14.0 3.5 2 0 4 5 5
4936.0 -6720.7 -3.3 114 0 10.9 12.2 14.0 3.5 2 1 4 3 3
4946.1 -6747.0 -6.3 117 0 9.2 10.5 10.5 3.5 2 1 3 4 4
4980.5 -6739.0 -3.7 119 0 10.3 11.4 14.0 3.5 2 1 4 0 0
4987.7 -6770.5 -6.7 88 0 8.2 12.6 10.5 0.0 0 1 3 2 2
5005.2 -6778.9 -8.7 118 0 11.5 11.0 14.0 3.5 2 0 4 3 3
5109.3 -6791.4 -14.9 109 0 12.3 25.5 14.0 3.5 2 1 4 4 4
5120.4 -6756.8 -13.5 81 0 12.6 30.7 14.0 3.5 2 1 4 3 3
5139.2 -6788.6 -16.4 24 0 31.8 13.1 14.0 0.0 0 0 4 2 2
5132.8 -6838.5 -18.7 114 0 12.1 78.6 14.0 3.5 4 1 4 4 4
4741.1 -6587.2 -11.2 213 0 40.8 42.8 14.0 0.0 0 1 4 0 0
4813.3 -6647.9 -7.0 114 0 11.8 32.3 14.0 0.0 0 1 4 3 3
4838.7 -6658.6 -4.1 127 0 30.8 10.6 14.0 3.5 2 0 4 0 0
4787.9 -6505.7 0.2 193 0 65.7 21.6 14.0 3.5 2 0 4 5 5
4788.0 -6440.3 6.2 260 0 31.5 14.9 14.0 3.5 2 0 4 5 5
4856.7 -6414.6 17.7 230 0 37.8 11.4 14.0 3.5 2 0 4 1 1
4898.4 -6375.9 13.1 230 0 44.8 11.4 14.0 3.5 2 0 4 2 2
5013.1 -6316.6 3.0 259 0 46.3 11.0 14.0 3.5 2 0 4 3 3
5070.4 -6311.6 -1.3 278 0 46.5 12.4 14.0 3.5 2 0 4 4 4
5163.8 -6406.1 -8.2 333 0 89.6 14.6 14.0 3.5 2 0 4 5 5
5120.4 -6341.2 -4.7 318 0 47.6 12.6 14.0 3.5 2 0 4 2 2
4867.3 -6635.8 2.0 140 0 29.2 12.3 14.0 3.5 2 0 4 1 1
4835.0 -6592.2 3.3 158 0 31.2 16.0 14.0 3.5 2 0 4 4 4
4826.0 -6534.0 6.7 180 0 35.7 12.2 14.0 3.5 4 0 4 2 2
4846.1 -6470.1 14.8 210 0 30.2 11.1 14.0 3.5 2 0 4 2 2
4879.9 -6596.9 7.1 324 0 30.8 12.0 14.0 3.5 2 0 4 3 3
4861.5 -6557.3 8.9 352 0 30.4 10.9 14.0 3.5 2 0 4 1 1
4863.3 -6508.5 13.9 18 0 33.6 12.0 14.0 3.5 2 0 4 3 3
4877.0 -6475.4 19.1 27 0 15.5 10.9 14.0 3.5 2 0 4 5 5
4945.7 -6648.5 3.0 288 0 12.5 31.8 14.0 3.5 2 1 4 0 0
4986.9 -6699.6 -1.0 108 0 16.4 26.6 14.0 3.5 2 1 4 4 4
5023.4 -6680.6 -4.1 284 0 19.8 30.6 14.0 0.0 0 1 4 1 1
5077.7 -6709.4 -8.0 72 0 13.8 32.4 14.0 3.5 2 1 4 2 2
5102.2 -6699.6 -8.9 67 0 15.0 32.6 14.0 3.5 2 1 4 2 2
5123.6 -6683.0 -8.8 53 0 12.3 30.3 14.0 3.5 2 1 4 0 0
5150.1 -6646.2 -8.2 24 0 29.9 26.7 14.0 0.0 0 0 4 2 2
4981.2 -6644.4 2.1 117 0 57.5 18.0 14.0 3.5 2 0 4 4 4
5100.3 -6628.1 -3.4 346 0 22.7 78.0 14.0 0.0 0 1 4 3 3
4960.1 -6606.1 4.7 191 0 13.4 54.8 14.0 3.5 2 1 4 1 1
5093.3 -6604.3 -0.4 349 0 16.7 69.9 14.0 3.5 2 1 4 4 4
4987.1 -6576.9 9.7 94 0 24.0 18.9 14.0 3.5 2 0 4 5 5
5059.1 -6571.0 4.9 349 0 17.8 54.9 14.0 3.5 2 1 4 0 0
5159.2 -6597.8 -4.6 356 0 20.9 41.2 14.0 0.0 0 1 4 5 5
5187.7 -6706.3 -14.3 30 0 14.6 31.9 14.0 3.5 2 1 4 4 4
5197.2 -6683.3 -13.6 27 0 16.2 33.9 14.0 0.0 0 1 4 0 0
5205.6 -6658.1 -12.7 26 0 18.7 32.7 14.0 0.0 0 1 4 4 4
5212.9 -6631.5 -11.3 20 0 17.4 27.1 14.0 3.5 2 1 4 2 2
5205.5 -6574.3 -9.5 284 0 20.3 30.7 14.0 0.0 0 1 4 2 2
4979.1 -6482.5 10.7 264 0 25.3 20.7 14.0 3.5 2 0 4 0 0
5051.4 -6515.6 5.2 9 0 17.9 53.8 14.0 3.5 2 1 4 4 4
5091.6 -6503.0 1.2 332 0 14.4 29.6 14.0 3.5 2 1 4 4 4
5111.1 -6457.5 -2.0 282 0 20.2 35.9 14.0 0.0 0 1 4 3 3
4905.6 -6419.2 13.3 234 0 61.7 18.6 14.0 3.5 2 0 4 3 3
4969.5 -6378.0 7.5 246 0 63.5 17.8 14.0 3.5 2 0 4 1 1
5042.1 -6453.9 4.4 307 0 32.1 18.5 14.0 3.5 2 0 4 2 2
5075.4 -6450.9 1.8 329 0 30.9 14.8 14.0 3.5 2 0 4 0 0
5040.7 -6404.8 3.3 242 0 16.3 29.7 14.0 3.5 2 1 4 5 5
5019.1 -6363.6 4.9 242 0 13.1 32.5 14.0 3.5 4 1 4 2 2
5103.2 -6420.7 -1.6 330 0 47.5 16.5 14.0 3.5 2 0 4 4 4
5055.0 -6352.0 0.8 242 0 15.8 45.9 14.0 3.5 2 1 4 2 2
5146.2 -6457.4 -4.7 338 0 26.7 14.0 14.0 3.5 2 0 4 3 3
5106.9 -6383.0 -2.3 323 0 30.3 11.5 14.0 3.5 2 0 4 5 5
4505.8 -6334.1 -1.4 109 0 15.8 43.1 10.0 2.5 2 1 4 4 4
4491.9 -6285.2 -0.2 290 0 23.5 46.1 12.5 0.0 0 1 5 2 2
4509.3 -6227.6 0.2 288 0 19.8 46.8 12.5 2.5 2 1 5 1 1
4512.1 -6215.8 -3.6 108 0 18.3 48.3 10.0 2.5 2 1 4 3 3
4542.1 -6208.3 -2.8 285 0 14.6 46.1 12.5 2.5 2 1 5 3 3
4539.5 -6343.9 -3.4 109 0 21.0 40.4 10.0 0.0 0 1 4 2 2
4565.2 -6350.7 -4.7 111 0 14.9 36.9 12.5 2.5 2 1 5 4 4
4604.2 -6359.4 -5.4 108 0 18.0 34.8 15.0 0.0 0 1 6 4 4
4639.3 -6285.7 -2.5 264 0 15.9 16.8 10.0 2.5 2 1 4 3 3
4638.0 -6249.0 -1.2 195 0 39.9 11.2 12.5 2.5 2 0 5 5 5
4676.7 -6240.8 2.5 284 0 10.1 35.1 12.5 2.5 2 1 5 4 4
4711.0 -6297.5 4.4 266 0 13.1 36.9 12.5 2.5 4 1 5 1 1
4710.8 -6404.6 -0.8 104 0 12.5 29.0 10.0 2.5 2 1 4 0 0
4734.4 -6412.6 1.5 110 0 14.3 24.8 10.0 2.5 2 1 4 5 5
4726.0 -6354.3 4.5 84 0 11.6 14.7 2.5 2.5 4 1 1 5 5
4746.0 -6372.5 5.6 93 0 13.7 21.2 10.0 0.0 0 1 4 4 4
4773.6 -6378.2 8.9 92 0 15.8 21.5 10.0 2.5 2 1 4 1 1
4802.6 -6375.7 13.4 78 0 17.3 19.7 12.5 2.5 2 1 5 4 4
4828.2 -6360.5 18.5 72 0 13.9 17.6 2.5 2.5 2 1 1 3 3
4759.6 -6312.1 10.5 259 0 13.5 22.9 10.0 2.5 2 1 4 1 1
4751.0 -6285.9 11.0 271 0 11.5 20.7 7.5 0.0 0 1 3 5 5
4813.9 -6245.6 15.7 286 0 14.7 20.5 12.5 0.0 0 1 5 5 5
4793.4 -6336.3 14.3 77 0 13.6 20.8 12.5 2.5 2 1 5 3 3
4805.9 -6292.0 17.8 264 0 15.0 19.1 10.0 0.0 0 1 4 2 2
4783.6 -6407.5 7.3 357 0 26.8 14.4 12.5 2.5 2 0 5 5 5
4793.8 -6404.8 11.5 174 0 25.4 11.0 12.5 0.0 0 0 5 4 4
4836.0 -6394.0 16.3 349 0 16.1 16.2 12.5 2.5 2 1 5 4 4
4859.6 -6378.0 17.8 342 0 13.4 15.1 2.5 2.5 2 1 1 3 3
4857.4 -6333.8 16.3 352 0 21.6 16.6 12.5 2.5 2 0 5 4 4
4900.8 -6279.6 10.8 78 0 13.8 16.8 2.5 2.5 2 1 1 5 5
4922.9 -6274.1 9.0 77 0 12.8 41.7 12.5 2.5 2 1 5 5 5
4947.2 -6264.7 7.2 74 0 12.8 43.4 12.5 2.5 2 1 5 0 0
4969.6 -6254.8 5.3 74 0 13.0 43.7 15.0 0.0 0 1 6 4 4
4992.4 -6233.1 3.6 345 0 22.8 13.6 10.0 2.5 2 0 4 1 1
4971.7 -6204.6 3.7 163 0 18.6 11.8 2.5 2.5 2 0 1 2 2
4997.9 -6190.4 1.7 250 0 12.8 44.9 12.5 0.0 0 1 5 3 3
5032.7 -6223.7 -0.2 76 0 12.1 46.4 10.0 2.5 2 1 4 1 1
4840.8 -6270.2 15.2 32 0 21.2 9.4 2.5 2.5 2 0 1 1 1
4796.2 -6208.3 14.0 0 0 21.6 13.9 12.5 2.5 2 0 5 1 1
4804.5 -6199.8 12.1 183 0 37.6 13.9 15.0 0.0 0 0 6 5 5
4840.7 -6211.0 12.6 275 0 13.4 19.2 12.5 2.5 2 1 5 5 5
4833.7 -6184.5 10.5 178 0 22.6 11.1 5.0 2.5 2 0 2 2 2
4868.7 -6206.5 11.0 271 0 13.1 20.5 10.0 2.5 2 1 4 3 3
4867.6 -6193.7 8.9 89 0 13.9 25.3 10.0 2.5 2 1 4 3 3
4903.0 -6198.3 8.2 1 0 40.8 12.5 12.5 2.5 2 0 5 2 2
4921.8 -6187.5 7.2 271 0 18.8 20.0 12.5 2.5 2 1 5 0 0
4919.0 -6302.8 10.6 248 0 12.0 25.9 14.0 3.5 2 1 4 5 5
4940.3 -6292.9 8.7 256 0 12.1 24.5 14.0 3.5 2 1 4 1 1
4962.2 -6275.9 6.6 236 0 11.4 25.9 14.0 3.5 2 1 4 3 3
5000.3 -6291.4 3.5 87 0 12.5 30.6 14.0 3.5 2 1 4 2 2
5028.7 -6282.2 1.5 87 0 13.1 16.0 14.0 3.5 2 1 4 2 2
5054.1 -6282.5 -0.8 95 0 11.9 26.9 14.0 0.0 0 1 4 5 5
5077.7 -6250.5 -2.5 272 0 13.9 34.9 14.0 3.5 2 1 4 1 1
5176.2 -6324.0 -9.6 293 0 13.9 21.5 14.0 3.5 2 1 4 2 2
5202.9 -6330.3 -11.4 289 0 16.9 31.4 14.0 3.5 2 1 4 5 5
5205.0 -6417.4 -11.8 111 0 13.4 26.9 14.0 3.5 2 1 4 4 4
5254.8 -6326.1 -12.4 288 0 10.5 32.8 14.0 3.5 2 1 4 1 1
5281.2 -6342.1 -13.0 23 0 35.7 11.9 14.0 3.5 2 0 4 3 3
5257.5 -6387.7 -12.7 18 0 37.1 8.9 10.5 3.5 2 0 3 1 1
5158.1 -6264.1 -9.2 94 0 18.7 88.2 10.0 0.0 0 1 4 0 0
5206.8 -6288.9 -11.3 92 0 13.9 78.9 7.5 2.5 2 1 3 1 1
5237.1 -6262.5 -11.9 94 0 16.2 49.5 10.0 2.5 4 1 4 1 1
5260.3 -6262.1 -12.3 91 0 13.3 43.1 7.5 2.5 2 1 3 0 0
5167.5 -6134.6 -6.7 181 0 43.2 15.3 12.5 2.5 2 0 5 1 1
5201.0 -6128.8 -5.6 272 0 14.1 45.3 12.5 2.5 2 1 5 2 2
5226.1 -6148.5 -5.3 272 0 16.8 38.9 10.0 2.5 2 1 4 3 3
5253.5 -6152.8 -5.4 273 0 14.0 43.4 10.0 2.5 2 1 4 3 3
5278.3 -6205.5 -5.8 91 0 14.2 40.0 10.0 2.5 4 1 4 4 4
5162.8 -6085.6 -3.2 176 0 36.3 13.3 10.0 2.5 2 0 4 3 3
5206.1 -6095.3 -1.8 1 0 44.1 13.0 7.5 2.5 2 0 3 3 3
5252.6 -6109.8 1.3 267 0 11.3 35.2 10.0 2.5 2 1 4 5 5
5313.4 -6205.7 -4.6 89 0 11.3 34.4 10.0 2.5 2 1 4 0 0
5304.7 -6128.1 -0.2 257 0 15.1 32.8 12.5 2.5 2 1 5 1 1
5331.9 -6122.1 -1.8 266 0 13.9 41.4 10.0 2.5 2 1 4 1 1
5337.2 -6195.2 -2.5 91 0 14.1 25.3 7.5 2.5 2 1 3 2 2
5347.8 -6217.6 -8.9 296 0 13.7 29.9 14.0 3.5 2 1 4 1 1
5361.4 -6159.7 -3.5 86 0 12.8 37.9 7.5 2.5 2 1 3 0 0
5124.6 -6044.5 -5.6 92 0 16.5 34.4 15.0 0.0 0 1 6 2 2
5152.0 -6047.6 -4.2 91 0 17.8 37.1 12.5 2.5 2 1 5 2 2
5180.3 -6045.9 -2.8 91 0 18.7 34.2 12.5 0.0 0 1 5 5 5
5208.2 -6048.0 -1.3 91 0 17.0 33.9 17.5 0.0 0 1 7 4 4
5233.2 -6057.9 0.1 95 0 19.7 41.8 10.0 2.5 2 1 4 1 1
5258.1 -6063.5 1.8 93 0 11.3 29.0 10.0 2.5 2 1 4 5 5
5279.9 -6070.3 3.1 182 0 26.0 12.8 7.5 2.5 2 0 3 0 0
5287.6 -6005.6 2.7 272 0 15.7 43.3 10.0 2.5 2 1 4 5 5
5311.6 -6073.8 1.6 89 0 11.8 58.1 7.5 2.5 2 1 3 3 3
5329.4 -6004.5 0.5 266 0 9.7 54.8 7.5 2.5 4 1 3 0 0
5362.5 -6051.0 -1.5 85 0 14.2 46.9 10.0 0.0 0 1 4 0 0
5384.9 -6045.9 -2.8 85 0 11.5 36.7 12.5 0.0 0 1 5 0 0
5412.3 -6041.4 -4.6 84 0 10.2 33.0 12.5 0.0 0 1 5 2 2
5434.4 -6008.5 -6.1 263 0 11.7 25.4 12.5 2.5 2 1 5 4 4
4615.0 -5929.1 -7.3 196 0 67.3 14.5 10.0 2.5 2 0 4 2 2
4648.2 -5962.9 -3.6 106 0 15.7 56.9 10.0 2.5 2 1 4 0 0
4700.7 -5915.8 0.1 287 0 15.3 41.0 10.0 2.5 2 1 4 3 3
4720.7 -5965.0 1.7 107 0 19.8 38.8 12.5 0.0 0 1 5 2 2
4756.9 -5971.4 0.6 105 0 15.7 37.6 10.0 0.0 0 1 4 5 5
4845.3 -5956.7 -2.8 287 0 105.9 16.4 10.0 0.0 0 0 4 5 5
4839.2 -6002.9 -1.4 105 0 116.6 17.1 7.5 0.0 0 0 3 0 0
4911.9 -6015.1 -3.8 109 0 19.7 39.4 10.0 0.0 0 1 4 3 3
4937.7 -6019.8 -4.1 108 0 14.2 34.8 10.0 2.5 2 1 4 5 5
4962.1 -6026.1 -4.3 108 0 13.8 34.4 10.0 2.5 2 1 4 1 1
4997.0 -6000.1 -4.4 287 0 18.5 33.2 12.5 0.0 0 1 5 1 1
4640.8 -6139.6 0.4 77 0 16.3 37.9 14.0 3.5 2 1 4 0 0
4606.9 -6216.8 -4.1 90 0 16.8 37.5 14.0 3.5 2 1 4 4 4
4634.6 -6209.2 -0.5 88 0 18.1 31.4 14.0 3.5 2 1 4 5 5
4662.8 -6199.4 3.4 82 0 15.9 27.9 14.0 3.5 2 1 4 4 4
4684.1 -6174.9 5.9 89 0 11.1 19.9 14.0 3.5 2 1 4 0 0
4706.8 -6160.2 7.3 91 0 9.0 18.7 10.5 3.5 2 1 3 4 4
4735.6 -6140.0 8.7 79 0 12.3 22.2 14.0 3.5 2 1 4 5 5
4756.4 -6120.4 9.6 90 0 14.3 21.4 14.0 3.5 2 1 4 4 4
4630.0 -6059.0 -1.0 276 0 14.6 31.2 14.0 3.5 2 1 4 4 4
4665.1 -6137.3 2.1 62 0 10.8 40.3 14.0 3.5 2 1 4 2 2
4655.1 -6047.4 0.7 272 0 10.5 32.6 14.0 0.0 0 1 4 3 3
4738.2 -6058.5 7.2 260 0 12.4 26.0 14.0 0.0 0 1 4 0 0
4760.1 -6060.1 7.7 257 0 13.0 20.2 14.0 3.5 4 1 4 1 1
4744.4 -6024.3 6.5 285 0 15.2 24.2 14.0 3.5 2 1 4 4 4
4587.3 -6008.7 -5.5 251 0 15.5 29.9 14.0 3.5 4 1 4 0 0
4627.1 -6010.1 -4.0 349 0 33.2 19.6 14.0 0.0 0 0 4 2 2
4638.6 -6008.2 -2.0 165 0 32.0 15.0 14.0 3.5 2 0 4 2 2
4674.9 -6007.1 0.4 91 0 15.7 16.8 14.0 3.5 2 1 4 4 4
4780.9 -6118.1 8.8 93 0 12.9 21.2 14.0 3.5 2 1 4 5 5
4806.5 -6115.2 7.6 95 0 14.8 19.1 14.0 3.5 2 1 4 3 3
4735.7 -6211.0 5.0 360 0 21.9 62.7 14.0 3.5 2 1 4 5 5
4898.1 -6045.7 0.8 270 0 13.8 37.5 14.0 3.5 2 1 4 5 5
4985.9 -6060.5 -2.2 281 0 13.2 41.4 14.0 3.5 2 1 4 1 1
4898.3 -6148.0 4.9 86 0 9.7 30.5 10.5 3.5 2 1 3 3 3
4964.4 -6170.9 2.3 93 0 13.1 43.0 14.0 3.5 2 1 4 1 1
5002.1 -6112.8 -2.3 102 0 15.9 36.8 14.0 3.5 2 1 4 1 1
4806.4 -6038.9 4.3 282 0 34.9 39.8 14.0 0.0 0 1 4 0 0
3639.0 -6115.8 3.1 359 0 64.7 70.7 14.0 0.0 0 1 4 1 1
3550.4 -6148.5 1.4 88 0 16.8 84.6 14.0 3.5 2 1 4 1 1
3536.0 -5951.7 4.9 268 0 19.9 65.3 14.0 3.5 2 1 4 2 2
3628.8 -5989.2 6.9 1 0 53.6 15.7 14.0 3.5 2 0 4 3 3
3665.6 -6187.8 4.2 358 0 66.8 35.1 14.0 0.0 0 0 4 3 3
3062.5 -5931.8 -12.8 345 0 50.5 50.5 14.0 0.0 0 1 4 2 2
1859.3 -5799.3 -13.4 283 0 53.0 51.9 12.5 0.0 0 0 5 4 4
-717.2 -12198.7 -10.4 120 0 34.6 31.9 10.0 0.0 0 0 4 0 0
6915.2 -3980.9 13.2 270 0 85.5 18.1 17.5 3.5 2 0 5 3 3
6899.2 -3953.3 14.4 359 0 46.6 15.3 14.0 3.5 4 0 4 4 4
6911.8 -3954.6 13.4 179 0 45.4 16.3 17.5 3.5 2 0 5 2 2
6892.3 -3920.7 11.9 90 0 14.3 52.7 17.5 3.5 2 1 5 5 5
6927.1 -3896.0 12.0 0 0 51.0 13.9 14.0 3.5 2 0 4 0 0
6835.9 -3893.4 5.0 270 0 29.9 98.4 17.5 0.0 0 1 5 2 2
6850.5 -3851.8 4.9 360 0 56.3 27.1 17.5 3.5 2 0 5 4 4
6900.4 -3852.3 8.5 89 0 29.5 68.8 17.5 0.0 0 1 5 3 3
6914.3 -3737.0 5.1 360 0 74.1 29.7 17.5 0.0 0 0 5 3 3
6821.7 -3798.8 4.7 179 0 27.0 30.4 17.5 0.0 0 1 5 5 5
6822.4 -3764.0 4.2 178 0 31.6 29.4 17.5 0.0 0 0 5 1 1
6822.1 -3723.3 1.9 180 0 32.2 29.4 17.5 0.0 0 0 5 2 2
6869.6 -3860.5 9.7 90 0 10.4 34.0 17.5 3.5 4 1 5 1 1
5752.4 -4920.7 13.2 270 0 15.5 16.9 14.0 3.5 2 1 4 2 2
5863.7 -4710.5 -5.9 91 0 58.5 34.2 14.0 0.0 0 0 4 3 3
5862.9 -4580.6 -8.5 271 0 43.6 46.7 14.0 0.0 0 1 4 5 5
5766.4 -4714.6 -7.8 90 0 23.9 111.8 14.0 0.0 0 1 4 2 2
5750.7 -4512.1 -12.2 180 0 98.2 19.4 14.0 0.0 0 0 4 2 2
-1671.4 -3058.7 -16.0 265 0 11.0 52.6 7.5 2.5 2 1 3 0 0
-1700.3 -3112.5 -14.7 88 0 9.4 28.3 7.5 2.5 2 1 3 5 5
3582.9 -2181.0 -24.5 36 0 18.0 8.5 10.5 3.5 2 0 3 4 4
4594.3 -7747.8 -23.3 271 0 118.2 121.8 14.0 0.0 0 1 4 0 0
5180.5 -7833.2 -4.8 102 0 60.6 49.3 17.5 0.0 0 0 5 5 5
5099.0 -7941.7 -15.2 281 0 43.9 21.8 17.5 3.5 2 0 5 5 5
-3445.5 -8054.8 11.9 173 0 105.8 108.3 14.0 0.0 0 1 4 0 0
-3623.3 -7965.0 11.2 270 0 79.0 98.1 17.5 0.0 0 1 7 5 5
-315.4 -4356.1 -5.2 292 0 61.1 17.5 10.0 2.5 2 0 4 5 5
