5099.1 -9623.8 0.9 93 0 14.2 44.2 7.5 2.5 2 1 3 4 4
6642.6 -9169.3 -9.7 154 0 43.8 13.0 12.5 2.5 2 0 5 5 5
6606.5 -9281.8 -20.3 44 0 13.7 24.5 10.0 2.5 2 1 4 2 2
6649.9 -9201.2 -11.1 184 0 21.6 14.5 10.0 0.0 0 0 4 1 1
6648.7 -9235.5 -13.9 39 0 33.0 14.2 10.0 0.0 0 0 4 5 5
5103.4 -9532.2 -1.2 273 0 13.5 40.0 10.0 2.5 2 1 4 3 3
6670.0 -9032.5 -8.8 316 0 13.1 36.5 12.5 2.5 2 1 5 3 3
6677.9 -9107.0 -5.6 348 0 10.6 23.2 5.0 2.5 2 1 2 5 5
6628.8 -9079.9 -8.9 190 0 41.1 13.1 10.0 2.5 2 0 4 3 3
5122.9 -9533.1 -2.1 273 0 13.5 40.0 12.5 2.5 2 1 5 1 1
6624.0 -9263.2 -19.8 43 0 31.6 13.8 10.0 2.5 2 0 4 2 2
6714.8 -9164.9 -8.2 339 0 14.7 41.3 12.5 2.5 2 1 5 1 1
6633.1 -9123.2 -8.1 184 0 34.2 11.9 10.0 2.5 2 0 4 1 1
6285.8 -9600.8 -18.9 300 0 75.4 46.9 12.5 0.0 0 0 5 5 5
