-1440.3 -9230.6 -31.6 357 0 108.4 109.3 12.5 0.0 0 1 5 0 0
-1446.4 -9092.0 -32.3 357 0 114.3 112.6 12.5 0.0 0 0 5 1 1
-1456.6 -8950.4 -32.3 356 0 111.4 109.6 10.0 0.0 0 0 4 4 4
-1262.7 -7218.1 -19.7 191 0 61.2 96.8 10.0 0.0 0 1 4 0 0
-3366.6 2933.1 10.2 0 0 186.7 66.3 10.0 0.0 0 0 4 0 0
-3664.1 2599.4 24.8 271 0 55.8 52.9 14.0 0.0 0 0 4 5 5
-4286.9 3634.1 0.3 270 0 110.0 145.1 7.5 0.0 0 1 3 3 3
-4150.8 3635.1 -4.4 269 0 111.6 143.8 10.0 0.0 0 1 4 0 0
-3562.6 2558.4 24.5 176 0 62.9 58.0 12.5 0.0 0 0 5 4 4
-3853.6 1416.8 21.4 356 0 44.3 41.1 10.0 0.0 0 0 4 1 1
-4534.5 1453.1 -3.0 106 0 19.6 60.3 10.0 2.5 2 1 4 1 1
-4047.4 540.8 8.5 115 0 63.5 54.4 12.5 0.0 0 0 5 5 5
-3880.2 3397.0 -2.7 89 0 106.4 154.5 12.5 0.0 0 1 5 3 3
-2881.3 -1893.7 13.2 173 0 59.9 21.2 12.5 2.5 2 0 5 4 4
-2827.0 -12069.4 -35.0 269 0 19.1 35.2 12.5 0.0 0 1 5 1 1
-2939.0 -12068.9 -30.3 339 0 22.8 10.0 7.5 0.0 0 0 3 2 2
-2696.7 -9023.2 -33.3 261 0 17.5 47.8 10.0 2.5 2 1 4 4 4
242.5 -2147.1 13.1 266 0 12.2 16.5 7.5 0.0 0 1 3 4 4
208.5 -2171.6 10.8 69 0 34.8 16.8 12.5 2.5 2 0 5 3 3
333.1 -1866.5 25.4 247 0 34.2 16.1 10.0 0.0 0 0 4 1 1
309.7 -1889.2 23.8 86 0 22.1 15.9 12.5 2.5 2 0 5 4 4
