3165.0 12184.3 -11.6 270 0 9.0 50.4 7.5 2.5 2 1 3 4 4
3096.7 12052.3 -13.7 180 0 35.2 16.9 7.5 2.5 2 0 3 5 5
3096.9 12155.2 -12.4 180 0 15.9 50.5 10.0 0.0 0 1 4 2 2
3168.9 12035.5 -11.7 90 0 16.6 78.7 7.5 0.0 0 1 3 1 1
3117.6 12194.0 -11.7 180 0 49.4 17.1 10.0 2.5 2 0 4 5 5
3148.5 12052.4 -12.5 0 0 34.8 9.2 7.5 2.5 2 0 3 3 3
3169.1 12212.6 -10.2 0 0 49.4 8.4 7.5 2.5 2 0 3 3 3
3097.0 12119.6 -13.8 180 0 46.1 16.6 10.0 2.5 2 0 4 5 5
3149.4 11952.4 -12.5 3 0 8.8 43.9 7.5 2.5 2 1 3 3 3
3074.2 12119.0 -14.5 180 0 85.5 14.8 10.0 2.5 2 0 4 1 1
3205.9 12124.9 -11.7 0 0 8.4 43.3 7.5 2.5 2 1 3 2 2
3118.1 12052.8 -13.1 180 0 34.6 16.8 7.5 2.5 2 0 3 1 1
3097.4 12084.0 -13.8 180 0 16.1 50.4 12.5 2.5 2 1 5 1 1
3078.0 12195.1 -13.0 180 0 57.0 14.8 10.0 2.5 2 0 4 5 5
3078.1 12048.2 -14.2 180 0 42.5 14.9 7.5 2.5 2 0 3 4 4
