-3792.0 -8512.6 -17.1 161 0 24.8 14.9 10.5 3.5 2 0 3 2 2
-5613.0 -9765.9 -27.0 223 0 12.9 24.6 10.0 2.5 2 1 4 2 2
-5513.3 -9643.6 -26.1 240 0 11.0 13.0 2.5 0.0 0 1 1 1 1
-5534.6 -9657.5 -26.3 237 0 9.5 13.2 5.0 2.5 2 1 2 5 5
-5558.3 -9676.0 -26.5 224 0 13.1 16.4 7.5 2.5 2 1 3 5 5
-5649.1 -9826.6 -27.3 223 0 11.6 13.6 2.5 2.5 2 1 1 2 2
-5375.7 -9591.7 -25.8 251 0 11.4 14.4 7.5 2.5 2 1 3 1 1
-5618.5 -9775.2 -27.0 225 0 6.4 26.1 5.0 2.5 2 1 2 2 2
833.4 -4383.5 -1.2 33 0 12.0 12.0 5.0 2.5 2 0 2 3 3
757.6 -4317.9 15.7 219 0 11.2 9.2 5.0 0.0 0 0 2 1 1
822.4 -4308.6 6.8 241 0 8.3 9.6 7.5 2.5 2 0 3 5 5
853.1 -4278.9 12.9 332 0 8.9 9.6 7.5 2.5 2 1 3 5 5
818.9 -4302.1 8.6 242 0 8.3 7.4 5.0 2.5 2 0 2 2 2
799.5 -4400.8 0.2 70 0 11.3 14.5 7.5 2.5 4 1 3 3 3
746.4 -4328.3 15.3 223 0 13.0 12.8 7.5 2.5 2 0 3 2 2
892.4 -4349.0 3.6 62 0 10.7 75.6 12.5 2.5 4 1 5 0 0
815.6 -4248.6 7.9 242 0 12.0 59.3 10.0 2.5 2 1 4 0 0
3126.2 -12151.5 -20.6 90 0 43.2 14.9 10.0 0.0 0 0 4 3 3
3955.4 -11586.2 -12.9 227 0 91.7 52.1 10.0 0.0 0 0 4 4 4
3982.3 -11682.2 -13.5 137 0 52.1 91.7 12.5 0.0 0 1 5 4 4
4131.1 -11541.5 -4.0 317 0 52.1 99.2 15.0 0.0 0 1 6 0 0
3165.3 -12061.5 -16.5 270 0 7.7 42.4 7.5 2.5 2 1 3 0 0
3114.4 -12053.5 -20.4 270 0 16.7 54.9 10.0 2.5 2 1 4 4 4
3090.2 -12054.6 -22.0 270 0 14.5 96.2 7.5 0.0 0 1 3 1 1
4158.9 -11638.9 -2.0 48 0 112.7 52.1 7.5 0.0 0 0 3 4 4
3096.0 -12210.1 -22.2 180 0 49.7 16.9 15.0 2.5 2 0 6 2 2
3756.1 -11634.6 -13.5 229 0 200.5 121.7 10.0 0.0 0 0 4 1 1
3137.3 -12053.5 -18.8 270 0 16.5 55.2 12.5 2.5 2 1 5 2 2
3138.8 -12209.6 -20.7 180 0 49.6 9.1 7.5 2.5 2 0 3 0 0
4031.1 -11512.6 -7.2 227 0 91.7 52.1 12.5 0.0 0 0 5 1 1
3168.7 -12128.3 -17.6 0 0 41.9 7.5 7.5 2.5 2 0 3 2 2
4075.7 -11719.3 -16.0 47 0 91.7 52.1 12.5 0.0 0 0 5 2 2
3120.3 -12181.5 -21.6 90 0 56.0 15.6 12.5 2.5 2 0 5 1 1
-2935.1 -11273.6 0.2 118 0 12.0 10.1 5.0 2.5 2 0 2 3 3
