-3314.8 5087.7 -5.6 103 0 12.2 36.5 14.0 3.5 2 1 4 0 0
-2696.5 5309.0 -1.3 179 0 39.4 21.0 7.5 0.0 0 0 3 3 3
-2871.0 5389.7 -0.7 184 0 20.9 36.6 14.0 0.0 0 1 4 2 2
-3270.2 5058.0 -5.2 101 0 12.5 22.8 14.0 3.5 2 1 4 3 3
-3094.3 5255.8 -3.1 146 0 42.5 13.9 14.0 0.0 0 0 4 5 5
-2817.9 5299.2 -0.2 346 0 26.8 10.4 14.0 3.5 2 0 4 2 2
-3295.5 5066.5 -5.4 105 0 11.5 33.8 14.0 3.5 2 1 4 1 1
-2875.4 5353.8 -0.8 186 0 24.3 44.3 14.0 0.0 0 1 4 2 2
-2920.3 5259.4 -1.4 184 0 30.4 18.3 14.0 3.5 2 0 4 2 2
-2900.0 5327.7 -1.3 277 0 18.9 41.7 14.0 3.5 2 1 4 1 1
