-5502.5 -8602.9 -4.7 83 0 108.1 67.3 14.0 0.0 0 0 4 5 5
-5466.2 -8467.7 -0.8 353 0 95.9 107.8 14.0 0.0 0 1 4 3 3
-915.9 -11797.1 -33.0 161 0 76.8 40.6 10.5 0.0 0 0 3 4 4
-1269.9 -11893.4 -21.7 256 0 81.8 82.9 14.0 0.0 0 0 4 0 0
-744.1 -12013.7 -38.1 64 0 75.2 146.7 14.0 0.0 0 1 4 2 2
-519.8 -11812.5 -27.6 164 0 115.1 67.5 10.5 0.0 0 0 3 5 5
-861.5 -11983.6 -36.6 342 0 156.9 78.8 14.0 0.0 0 0 4 4 4
-549.5 -11838.7 -29.6 341 0 160.0 82.4 10.5 0.0 0 0 3 4 4
-1177.7 -12100.7 -22.5 71 0 48.7 74.9 14.0 0.0 0 1 4 5 5
-892.1 -11560.6 -18.2 58 0 48.1 149.2 14.0 0.0 0 1 4 0 0
-1401.7 -12175.9 -15.7 270 0 22.3 28.6 14.0 3.5 2 1 4 0 0
-748.1 -12230.3 -41.2 161 0 87.8 19.7 14.0 0.0 0 0 4 1 1
-752.5 -12069.1 -39.1 250 0 17.9 60.2 14.0 3.5 2 1 4 5 5
-673.8 -12034.5 -34.0 250 0 19.6 68.3 14.0 3.5 2 1 4 5 5
-534.4 -12015.5 -27.3 341 0 82.9 18.7 14.0 3.5 2 0 4 2 2
-972.3 -12127.6 -35.4 257 0 52.2 83.0 14.0 0.0 0 1 4 1 1
-1379.4 -11763.7 -9.4 243 0 52.4 55.7 10.5 0.0 0 1 3 5 5
-1287.3 -11751.7 -11.5 258 0 53.2 52.1 10.5 0.0 0 0 3 4 4
-1436.5 -11864.3 -11.0 254 0 48.4 51.6 10.5 0.0 0 1 3 0 0
-1267.8 -11823.7 -19.6 236 0 43.1 47.7 10.5 0.0 0 1 3 4 4
-5997.2 -11661.0 -21.7 269 0 16.9 57.9 17.5 3.5 2 1 5 5 5
-6505.3 -12098.2 -24.4 180 0 50.1 15.1 17.5 3.5 2 0 5 5 5
-6504.4 -12155.0 -21.7 182 0 49.1 17.8 17.5 3.5 2 0 5 5 5
-6477.5 -12159.2 -20.3 181 0 40.3 13.3 17.5 3.5 2 0 5 3 3
-6317.6 -11805.1 -30.0 227 0 269.0 26.7 17.5 0.0 0 0 5 2 2
-6409.0 -12131.9 -18.1 269 0 16.6 41.3 17.5 3.5 2 1 5 3 3
-6431.4 -12153.3 -19.4 358 0 43.1 18.2 17.5 3.5 4 0 5 0 0
-6384.1 -12274.1 -20.4 89 0 17.8 49.2 17.5 3.5 4 1 5 0 0
-6310.8 -12275.1 -23.7 90 0 16.0 116.5 17.5 0.0 0 1 5 0 0
-6355.4 -12168.6 -16.1 269 0 15.2 47.0 17.5 0.0 0 1 5 2 2
-6425.6 -12283.3 -19.7 90 0 19.9 58.9 17.5 3.5 4 1 5 1 1
-5434.0 -8519.3 -8.0 173 0 157.6 68.1 14.0 0.0 0 0 4 4 4
-5582.0 -8574.1 -16.9 351 0 61.9 94.2 14.0 0.0 0 1 4 5 5
-6263.9 -4607.9 -18.7 35 0 80.3 86.3 14.0 0.0 0 1 4 4 4
-4810.5 -5403.4 8.8 267 0 125.8 115.4 14.0 0.0 0 0 4 4 4
-4152.6 -6191.1 -7.2 7 0 45.8 468.5 14.0 0.0 0 1 4 4 4
-760.7 6712.8 -26.5 64 0 67.3 80.6 10.0 0.0 0 1 4 5 5
-676.2 6811.9 -28.3 333 0 57.7 66.5 12.5 0.0 0 1 5 4 4
-5324.6 -10365.9 -40.3 129 0 12.0 60.4 14.0 3.5 2 1 4 1 1
-5217.3 -10486.4 -39.3 128 0 12.4 58.8 14.0 3.5 2 1 4 3 3
-5201.1 -10508.2 -40.8 129 0 11.8 62.0 14.0 3.5 2 1 4 2 2
-4049.8 -5694.2 -4.1 270 0 13.3 87.5 10.0 2.5 2 1 4 3 3
-4020.3 -5694.2 -6.0 269 0 12.7 86.8 10.0 2.5 2 1 4 3 3
-5306.6 -10386.1 -38.9 129 0 12.6 59.3 14.0 3.5 2 1 4 5 5
-5289.1 -10406.2 -37.4 128 0 13.3 59.3 14.0 3.5 2 1 4 4 4
-5269.7 -10424.9 -36.6 128 0 11.8 55.8 14.0 3.5 2 1 4 5 5
-4018.0 -5875.0 -5.6 89 0 13.1 87.2 10.0 2.5 2 1 4 4 4
-5251.6 -10444.8 -36.8 129 0 12.7 57.2 14.0 3.5 2 1 4 1 1
-4047.7 -5874.5 -3.9 89 0 13.5 87.2 10.0 2.5 2 1 4 2 2
-5234.4 -10466.2 -37.8 128 0 12.5 57.9 14.0 3.5 2 1 4 0 0
-4085.7 -5831.7 -2.2 179 0 86.6 13.9 17.5 0.0 0 0 7 3 3
-5360.4 -10326.1 -40.7 128 0 12.0 59.9 14.0 3.5 4 1 4 0 0
-5342.7 -10345.5 -40.8 129 0 11.7 59.4 14.0 3.5 2 1 4 2 2
-4080.0 -5694.7 -5.1 269 0 12.8 86.9 15.0 2.5 2 1 6 3 3
-740.7 -9349.2 5.2 316 0 19.0 61.7 15.0 2.5 2 1 6 0 0
-1862.5 -8586.5 -26.9 106 0 156.5 390.9 10.0 0.0 0 1 4 0 0
-2135.2 -8709.0 -16.8 280 0 126.2 178.4 10.5 0.0 0 1 3 5 5
-2161.7 -7629.3 -14.9 286 0 60.5 92.4 12.5 0.0 0 1 5 1 1
-2526.7 -10869.0 -33.8 83 0 72.3 218.5 12.5 0.0 0 1 5 2 2
-2479.5 -8394.8 -28.3 106 0 250.4 160.1 12.5 0.0 0 0 5 2 2
-909.0 -9656.3 5.7 136 0 167.8 145.1 12.5 0.0 0 0 5 2 2
-2337.2 -8601.4 -21.4 106 0 60.9 118.8 10.0 0.0 0 1 4 3 3
-1496.6 -8036.5 -25.2 16 0 137.5 101.9 10.0 0.0 0 0 4 1 1
-2761.9 -8256.6 -30.2 106 0 184.1 216.8 10.0 0.0 0 1 4 4 4
-339.6 -9887.5 13.4 324 0 61.8 79.1 14.0 0.0 0 1 4 3 3
-2519.0 -7532.4 -21.8 286 0 249.9 120.2 17.5 0.0 0 0 7 2 2
-2423.5 -11987.7 -23.5 9 0 92.3 93.4 10.5 0.0 0 1 3 3 3
-2289.4 -7730.9 -23.4 286 0 249.9 121.1 10.0 0.0 0 0 4 0 0
-1603.5 -8167.3 -25.7 17 0 47.8 34.2 7.5 0.0 0 0 3 3 3
-3092.9 -7763.6 -28.9 106 0 101.8 151.8 17.5 0.0 0 1 7 5 5
-587.5 -9932.1 1.4 236 0 73.6 74.1 14.0 0.0 0 1 4 5 5
-2818.8 -7580.9 -23.0 286 0 249.6 120.5 10.0 0.0 0 0 4 3 3
-2553.8 -7656.6 -22.9 286 0 251.0 122.2 10.0 0.0 0 0 4 2 2
-2527.5 -8566.8 -18.2 106 0 249.1 96.4 12.5 0.0 0 0 5 0 0
-2290.9 -7592.8 -20.6 286 0 170.6 120.6 12.5 0.0 0 0 5 2 2
-1984.4 -10554.6 -27.7 89 0 118.8 85.4 14.0 0.0 0 0 4 0 0
-2782.9 -7455.3 -17.0 286 0 250.5 121.7 12.5 0.0 0 0 5 5 5
-5652.0 -5888.4 -26.2 97 0 16.6 37.5 14.0 3.5 2 1 4 0 0
-6184.1 -4712.8 -33.1 132 0 45.0 17.3 10.5 0.0 0 0 3 0 0
-6182.6 465.3 -47.2 310 0 39.5 97.7 14.0 0.0 0 1 4 2 2
-5730.1 -5850.8 -24.4 188 0 8.9 56.6 10.5 3.5 2 1 3 5 5
-5702.1 -5892.0 -23.6 97 0 45.7 10.0 14.0 3.5 2 0 4 0 0
-5731.8 -5824.9 -22.7 265 0 23.0 8.1 10.5 3.5 2 0 3 5 5
-6224.0 496.2 -47.2 310 0 40.9 97.6 14.0 0.0 0 1 4 1 1
-5683.8 -5827.8 -25.2 277 0 27.2 13.3 14.0 3.5 4 0 4 5 5
-5537.8 -5912.1 -29.5 88 0 37.6 14.5 12.5 0.0 0 0 5 1 1
-4914.9 4231.5 -29.7 3 0 54.4 21.6 12.5 2.5 2 0 5 4 4
-4924.8 4177.5 -31.0 92 0 13.7 19.9 12.5 2.5 2 1 5 1 1
-2314.8 8734.9 -30.1 113 0 37.3 55.4 14.0 0.0 0 1 4 4 4
-6207.9 -5950.4 -16.6 277 0 31.6 16.6 21.0 0.0 0 0 6 1 1
-5492.1 -5932.1 -28.6 97 0 37.0 19.0 12.5 0.0 0 0 5 2 2
-593.7 -11999.7 -28.8 251 0 18.7 75.5 14.0 3.5 2 1 4 4 4
-636.9 -12012.6 -31.5 251 0 19.4 77.4 14.0 3.5 2 1 4 3 3
-715.0 -12048.2 -36.7 251 0 19.0 67.9 14.0 3.5 2 1 4 3 3
-684.8 -12257.3 -39.9 71 0 18.4 89.7 14.0 0.0 0 1 4 1 1
-402.7 -12143.0 -28.2 341 0 5.9 22.7 10.5 3.5 2 0 3 3 3
-5954.6 -9082.3 -27.4 259 0 12.4 16.0 17.5 3.5 2 1 5 5 5
-5903.6 -9051.8 -31.2 81 0 13.6 49.1 17.5 3.5 2 1 5 1 1
-5959.5 -8996.1 -32.8 261 0 13.6 49.1 14.0 3.5 2 1 4 1 1
-6004.9 -9004.0 -33.7 261 0 13.6 49.1 14.0 3.5 4 1 4 5 5
-6050.0 -9012.1 -34.9 260 0 13.6 49.1 14.0 3.5 2 1 4 5 5
-6846.6 -8698.3 -35.0 178 0 56.8 18.8 17.5 3.5 2 0 5 3 3
-6854.0 -8601.7 -40.0 179 0 82.9 18.4 17.5 3.5 2 0 5 3 3
-6854.3 -8505.8 -39.7 179 0 60.6 18.2 17.5 3.5 2 0 5 0 0
-6844.6 -8366.4 -39.9 268 0 17.0 74.3 17.5 3.5 2 1 5 5 5
-6734.4 -8693.5 -26.9 234 0 16.4 25.1 17.5 3.5 2 1 5 4 4
-6706.5 -8673.4 -26.6 239 0 19.2 31.3 17.5 0.0 0 1 5 1 1
-6677.3 -8661.9 -26.0 250 0 16.6 25.8 17.5 3.5 2 1 5 3 3
-6647.8 -8645.6 -25.5 245 0 18.7 31.5 17.5 3.5 2 1 5 4 4
-6608.9 -8657.5 -24.1 51 1 19.3 11.3 17.5 0.0 0 0 5 3 3
-6624.2 -8636.4 -24.8 235 1 15.1 11.3 17.5 3.5 2 0 5 3 3
-6597.3 -8616.7 -24.6 237 0 17.3 22.7 17.5 3.5 2 1 5 0 0
-6610.3 -8596.0 -26.0 184 0 24.1 16.8 17.5 3.5 2 0 5 5 5
-6604.9 -8559.8 -25.8 193 0 39.4 19.3 17.5 3.5 2 0 5 1 1
-6708.2 -12104.1 -29.6 251 0 139.7 148.9 17.5 0.0 0 1 5 1 1
-5078.3 -11993.4 -30.1 90 0 194.0 164.6 17.5 0.0 0 0 5 2 2
-5048.4 -11730.4 -34.3 266 0 110.5 82.3 17.5 0.0 0 0 5 5 5
-3988.7 -11658.5 -42.1 280 0 29.0 31.1 14.0 0.0 0 1 4 0 0
-3828.6 -12130.4 -38.1 217 0 190.0 189.6 14.0 0.0 0 0 4 4 4
-4861.2 -1761.5 -40.6 154 0 38.2 20.9 7.5 0.0 0 0 3 0 0
-5079.6 -1882.4 -41.6 313 0 39.4 34.8 7.5 0.0 0 0 3 4 4
-5251.0 -2210.7 -43.4 326 0 54.0 45.9 7.5 0.0 0 0 3 1 1
-4797.7 -764.3 -43.4 301 0 19.4 50.9 10.0 2.5 2 1 4 2 2
-5988.0 -2402.1 -45.3 227 0 106.7 20.8 14.0 0.0 0 0 4 2 2
-5954.9 -2431.1 -45.2 136 0 24.0 47.3 14.0 0.0 0 0 4 1 1
-5859.3 -2457.8 -45.3 47 0 14.8 22.0 14.0 3.5 2 1 4 3 3
-6406.6 -3120.3 -47.4 238 0 32.7 29.6 12.5 0.0 0 0 5 0 0
-6504.7 -3125.1 -47.8 65 0 30.0 25.0 7.5 0.0 0 0 3 2 2
-5047.9 -1868.4 -41.4 165 0 38.0 18.5 7.5 2.5 2 0 3 5 5
-5941.8 -5305.5 -35.4 72 0 62.4 93.3 14.0 0.0 0 1 4 3 3
-5006.8 -443.0 -45.6 335 0 38.2 21.2 10.0 2.5 2 0 4 4 4
-4998.7 -418.2 -45.5 332 0 32.9 17.9 12.5 0.0 0 0 5 5 5
-5049.2 -382.5 -45.8 240 0 11.5 17.4 7.5 2.5 2 1 3 2 2
-4832.7 -499.1 -44.5 237 0 11.4 21.8 5.0 2.5 2 1 2 4 4
-4762.9 -680.2 -43.6 161 0 11.4 21.5 10.0 2.5 2 1 4 3 3
-5054.9 -997.5 -43.6 73 0 8.1 31.4 7.5 2.5 2 1 3 4 4
-4192.8 -3836.6 -35.1 260 0 54.2 26.3 12.5 2.5 2 0 5 3 3
-4650.9 -4212.8 -3.9 283 0 18.3 70.8 14.0 3.5 2 1 4 4 4
-4730.5 -4330.7 1.6 113 0 17.9 61.6 14.0 3.5 2 1 4 0 0
-4669.2 -4322.8 0.7 22 0 52.2 11.2 14.0 3.5 2 0 4 2 2
-4982.2 -3953.4 -19.6 131 0 14.2 14.6 5.0 2.5 2 1 2 2 2
-4262.9 -4308.0 -8.3 17 0 28.8 13.2 15.0 0.0 0 0 6 3 3
-4206.6 -4384.3 -9.9 19 0 18.9 34.3 10.0 0.0 0 1 4 4 4
-5027.0 -3429.3 -35.6 316 0 13.6 26.6 14.0 3.5 2 1 4 1 1
-5056.7 -3612.3 -18.8 89 0 14.9 26.3 10.0 2.5 2 1 4 5 5
-5135.1 -3456.6 -35.8 311 0 9.6 30.5 10.5 3.5 2 1 3 5 5
-5069.8 -3449.0 -35.4 133 0 11.9 37.6 14.0 3.5 2 1 4 2 2
-4949.0 -3443.0 -39.3 302 0 18.5 12.0 14.0 3.5 2 0 4 4 4
-5002.7 -3469.8 -34.9 75 0 24.3 19.1 14.0 3.5 2 0 4 4 4
-4796.2 -3527.7 -28.5 262 0 15.2 52.3 10.0 2.5 2 1 4 0 0
-4814.5 -3556.1 -30.5 173 0 18.3 9.8 5.0 2.5 2 0 2 5 5
-4958.3 -3674.6 -29.4 69 0 9.0 30.9 7.5 2.5 2 1 3 1 1
-4526.3 -3573.0 -36.6 289 0 9.1 26.7 7.5 2.5 2 1 3 2 2
-4391.5 -3698.9 -25.9 240 0 24.6 26.7 10.0 0.0 0 1 4 0 0
-4403.7 -3780.6 -27.5 186 0 17.5 25.5 10.0 2.5 2 1 4 1 1
-3812.1 -3018.3 -24.4 356 0 21.6 16.0 10.5 3.5 2 0 3 2 2
-3957.9 -2970.7 -29.1 110 0 16.8 35.7 12.5 2.5 2 1 5 0 0
-3925.9 -3046.2 -31.0 155 0 15.5 18.6 10.5 3.5 2 1 3 1 1
-4081.3 -2637.0 -35.9 90 0 24.9 12.4 10.0 2.5 2 0 4 2 2
-4033.0 -2618.8 -37.3 76 0 16.9 15.4 12.5 2.5 2 0 5 5 5
-3993.4 -2646.2 -35.6 70 0 12.0 26.0 15.0 0.0 0 1 6 1 1
-4002.5 -2583.5 -38.9 280 0 22.3 15.9 12.5 2.5 2 0 5 4 4
-4117.1 -2845.4 -32.3 50 0 8.9 17.4 5.0 2.5 2 1 2 3 3
-5015.4 -1859.1 -41.3 331 0 20.8 9.5 10.5 3.5 2 0 3 3 3
-5059.9 -1753.9 -41.1 205 0 21.5 11.5 14.0 3.5 2 0 4 4 4
-5074.7 -2122.8 -42.4 82 0 16.3 26.6 10.5 3.5 2 1 3 1 1
-4630.7 -2684.1 -51.9 289 0 18.9 16.5 14.0 0.0 0 0 4 4 4
-4623.4 -2513.9 -50.1 85 0 10.8 22.9 7.5 2.5 2 0 3 3 3
-4652.0 -2481.7 -49.6 254 0 11.4 20.3 5.0 2.5 2 1 2 3 3
-4657.6 -2464.7 -49.2 319 0 22.9 14.6 7.5 0.0 0 0 3 1 1
-4830.0 -2719.1 -48.7 75 0 11.0 23.3 12.5 2.5 2 1 5 3 3
-4699.9 -2532.7 -49.1 221 0 16.6 23.7 10.0 2.5 2 0 4 5 5
-4684.3 -2487.7 -49.0 228 0 14.5 22.3 10.0 2.5 4 1 4 4 4
-4627.2 -2523.9 -50.3 12 0 20.1 18.2 7.5 2.5 2 0 3 5 5
-4673.6 -2416.9 -48.2 297 0 12.6 16.1 5.0 2.5 2 1 2 5 5
-4703.4 -2558.4 -49.0 201 0 18.6 13.5 7.5 2.5 2 0 3 1 1
-4692.4 -2466.2 -48.4 221 0 9.3 13.9 5.0 2.5 2 1 2 4 4
-4569.7 -2468.8 -49.3 315 0 15.5 10.0 7.5 2.5 2 0 3 1 1
-4599.3 -2381.8 -48.3 130 0 13.1 17.1 10.0 0.0 0 1 4 3 3
-4529.2 -2675.8 -51.6 66 0 12.3 25.6 14.0 3.5 2 1 4 2 2
-5281.8 -11290.3 -43.4 89 0 8.5 95.2 10.5 3.5 4 1 3 1 1
-5261.9 -11282.5 -41.9 88 0 13.4 47.3 14.0 3.5 2 1 4 1 1
-5230.5 -11259.7 -41.3 1 0 44.5 13.6 14.0 3.5 2 0 4 2 2
-5214.6 -11258.9 -41.5 180 0 47.2 14.6 17.5 3.5 2 0 5 3 3
-5386.0 -11240.5 -43.0 1 0 74.2 41.2 14.0 0.0 0 0 4 4 4
-5180.3 -11281.0 -41.9 92 0 12.8 46.5 17.5 3.5 2 1 5 0 0
-5154.3 -11280.7 -42.0 88 0 13.4 46.2 17.5 3.5 2 1 5 2 2
-5126.4 -11282.3 -42.2 88 0 13.4 52.4 17.5 0.0 0 1 5 0 0
-5101.7 -11233.2 -42.0 258 0 15.9 48.0 17.5 3.5 2 1 5 3 3
-5263.5 -11195.0 -42.9 269 0 11.7 31.2 14.0 3.5 2 1 4 1 1
-5232.7 -11208.3 -42.7 356 0 32.0 15.1 14.0 3.5 2 0 4 1 1
-5214.6 -11210.1 -42.2 181 0 32.8 12.2 17.5 0.0 0 0 5 3 3
-5182.0 -11193.6 -42.4 274 0 15.5 31.3 17.5 3.5 2 1 5 4 4
-5036.1 -11233.0 -42.5 269 0 16.9 49.4 17.5 3.5 2 1 5 4 4
-5426.4 -11059.7 -45.0 270 0 28.1 109.5 17.5 0.0 0 1 5 5 5
-5187.2 -10782.2 -48.5 0 0 25.4 80.0 17.5 0.0 0 1 5 3 3
-4913.5 -11271.2 -41.1 198 0 18.0 11.1 16.0 3.5 4 0 4 3 3
-5387.2 -11170.4 -43.8 91 0 13.9 35.8 17.5 3.5 2 1 5 5 5
-5394.7 -11065.0 -44.8 268 0 26.5 51.2 17.5 0.0 0 1 5 3 3
-5355.6 -11171.5 -43.7 87 0 15.2 36.1 17.5 3.5 2 1 5 3 3
-5356.4 -11064.1 -44.5 271 0 14.4 54.0 17.5 3.5 2 1 5 5 5
-5314.6 -11090.3 -44.7 2 0 54.3 16.0 17.5 3.5 4 0 5 3 3
-4587.1 -11403.7 -40.8 107 0 22.7 36.2 14.0 0.0 0 1 4 3 3
-5302.5 -11115.8 -44.8 181 0 105.5 8.3 10.5 3.5 2 0 3 1 1
-5284.4 -11062.5 -44.9 269 0 7.4 109.6 10.5 3.5 2 1 3 0 0
-5263.5 -11170.4 -44.3 89 0 12.3 31.3 17.5 3.5 4 1 5 4 4
-5256.9 -11115.7 -44.7 1 0 31.3 15.2 17.5 3.5 2 0 5 0 0
-5265.2 -11060.9 -45.1 267 0 13.9 31.4 17.5 3.5 2 1 5 1 1
-5233.9 -11153.6 -44.1 357 0 31.0 12.0 17.5 3.5 2 0 5 2 2
-5234.7 -11115.4 -44.8 0 0 29.0 11.4 17.5 3.5 4 0 5 0 0
-5240.3 -11058.2 -45.3 269 0 10.7 31.7 17.5 3.5 4 1 5 2 2
-5216.0 -11154.6 -43.7 180 0 31.4 15.1 14.0 3.5 4 0 4 1 1
-5215.4 -11112.9 -44.8 178 0 30.8 14.4 14.0 3.5 4 0 4 4 4
-5208.2 -11064.0 -45.4 271 0 11.8 27.3 14.0 3.5 2 1 4 2 2
-5183.7 -11170.2 -43.3 90 0 13.4 33.0 14.0 3.5 2 1 4 1 1
-5176.4 -11115.6 -44.4 0 0 35.1 16.2 14.0 3.5 2 0 4 3 3
-5183.1 -11060.0 -45.4 270 0 16.3 32.2 14.0 3.5 2 1 4 4 4
-4956.6 -11140.2 -42.6 289 0 14.5 44.7 17.5 3.5 2 1 5 5 5
-4909.5 -11154.9 -41.4 289 0 15.1 45.2 17.5 0.0 0 1 5 3 3
-4961.0 -11114.3 -43.2 106 0 10.6 69.7 17.5 3.5 2 1 5 4 4
-5610.3 -10774.7 -47.9 178 0 110.2 33.1 17.5 0.0 0 0 5 4 4
-5611.4 -10593.2 -47.2 178 0 161.1 29.7 17.5 0.0 0 0 5 0 0
-5548.3 -10829.2 -47.3 90 0 40.8 84.5 17.5 0.0 0 1 5 4 4
-5528.3 -10621.0 -48.1 358 0 89.2 39.2 17.5 0.0 0 0 5 0 0
-5444.0 -10757.2 -48.3 179 0 206.1 58.2 17.5 0.0 0 0 5 2 2
-5300.2 -10642.7 -47.8 131 0 97.5 22.4 14.0 0.0 0 0 4 4 4
-5331.8 -10866.4 -47.3 90 0 88.3 22.4 17.5 0.0 0 0 5 2 2
-5293.1 -10259.5 -38.0 37 0 31.6 17.0 14.0 3.5 2 0 4 4 4
-5327.0 -10488.7 -46.0 216 0 99.8 30.3 14.0 0.0 0 0 4 0 0
-5048.3 -10675.0 -43.9 230 0 20.1 50.1 14.0 0.0 0 1 4 5 5
-5094.6 -10630.4 -44.7 145 0 66.6 38.8 14.0 0.0 0 0 4 3 3
-4966.0 -10544.7 -28.8 123 0 10.9 54.8 14.0 3.5 2 1 4 4 4
-4927.0 -10407.6 -22.2 296 0 20.2 41.5 14.0 3.5 2 1 4 1 1
-4954.5 -10395.3 -24.5 298 0 20.3 34.0 14.0 0.0 0 1 4 3 3
-4935.8 -10600.3 -28.7 43 0 14.9 12.6 14.0 3.5 2 0 4 0 0
-4849.9 -10442.8 -17.9 293 0 15.8 89.0 14.0 3.5 2 1 4 5 5
-4953.1 -10565.1 -28.3 125 0 16.2 61.1 14.0 3.5 2 1 4 5 5
-4896.7 -10564.7 -26.2 35 0 68.0 25.2 14.0 0.0 0 0 4 1 1
-5867.3 -9579.4 -24.3 143 0 78.8 19.8 14.0 3.5 2 0 4 2 2
-5867.0 -9450.4 -22.5 247 0 12.3 70.9 14.0 0.0 0 1 4 0 0
-5790.6 -9586.2 -16.3 67 0 11.4 64.4 14.0 3.5 2 1 4 3 3
-5818.3 -9427.9 -16.8 246 0 11.8 58.5 14.0 3.5 2 1 4 2 2
-6026.8 -9177.8 -25.9 238 0 11.7 69.6 17.5 3.5 4 1 5 2 2
-5880.4 -9414.8 -26.5 68 0 56.2 25.9 17.5 3.5 2 0 5 0 0
-6151.7 -9160.4 -33.9 143 0 63.5 21.9 17.5 3.5 2 0 5 3 3
-5766.0 -9279.6 -17.5 157 0 90.8 16.7 12.5 2.5 2 0 5 0 0
-5803.5 -9179.4 -19.9 157 0 81.5 13.8 10.0 2.5 2 0 4 1 1
-5725.7 -9229.8 -20.8 157 0 59.8 14.4 12.5 2.5 2 0 5 1 1
-5761.5 -9137.5 -24.1 157 0 89.3 14.3 10.0 2.5 2 0 4 5 5
-5836.5 -9060.2 -28.8 172 0 71.6 14.8 12.5 2.5 2 0 5 4 4
-5790.6 -9005.4 -29.5 259 0 14.6 49.8 12.5 2.5 2 1 5 5 5
-5742.5 -8998.8 -30.7 263 0 13.7 48.2 10.0 2.5 2 1 4 2 2
-5680.0 -9019.2 -33.1 348 0 58.7 10.4 10.0 2.5 4 0 4 5 5
-5669.7 -9104.8 -28.5 349 0 57.7 11.8 12.5 0.0 0 0 5 4 4
-5631.7 -8991.9 -35.7 350 0 94.4 14.2 12.5 2.5 2 0 5 5 5
-5832.1 -8994.7 -31.7 163 0 13.9 19.4 10.0 2.5 4 1 4 3 3
-5770.8 -8962.5 -32.5 244 0 15.5 22.1 10.0 2.5 2 1 4 1 1
-5702.9 -8950.7 -34.8 258 0 15.5 24.8 10.0 2.5 2 1 4 4 4
-5318.2 -3098.5 -46.8 137 0 9.1 9.9 5.0 2.5 2 1 2 1 1
-5000.9 -2829.3 -47.9 242 0 19.0 21.7 10.0 2.5 4 1 4 1 1
-5000.7 -2870.8 -47.9 90 0 8.4 9.0 7.5 2.5 2 1 3 1 1
-4844.4 -2862.1 -50.1 249 0 10.3 19.8 14.0 0.0 0 1 4 0 0
-5404.4 -2933.2 -46.2 142 0 10.1 20.3 10.0 2.5 2 1 4 4 4
-5520.1 -2731.9 -45.6 242 0 10.1 19.4 7.5 2.5 2 1 3 2 2
-5202.9 -2500.1 -44.1 108 0 10.5 24.5 7.5 2.5 2 1 3 4 4
-5170.5 -2471.6 -44.0 263 0 9.8 14.0 2.5 2.5 4 1 1 2 2
-5317.6 -3325.5 -52.9 132 0 17.2 10.0 14.0 3.5 2 0 4 4 4
-4956.4 -1676.0 -40.6 59 0 11.8 23.1 7.5 2.5 2 1 3 4 4
-4734.5 -1561.6 -40.2 129 0 24.5 10.6 7.5 2.5 2 0 3 1 1
-4404.6 -1419.1 -40.2 50 0 22.2 11.0 7.5 2.5 2 0 3 2 2
-4532.6 -1393.3 -40.5 53 0 13.6 20.6 7.5 2.5 2 1 3 5 5
-4595.5 -1371.8 -40.6 278 0 17.2 11.7 7.5 2.5 2 0 3 2 2
-4499.8 -1355.9 -40.5 238 0 14.9 16.6 15.0 0.0 0 1 6 2 2
-4527.3 -1469.3 -40.1 217 0 19.5 10.4 5.0 2.5 2 0 2 4 4
-5248.2 -1685.8 -41.5 285 0 9.6 17.7 2.5 2.5 2 1 1 2 2
-5203.9 -1795.3 -41.5 201 0 23.4 10.4 5.0 2.5 2 0 2 4 4
-5084.6 -2063.1 -42.3 241 0 9.9 20.8 10.5 3.5 2 1 3 5 5
-5025.0 -2139.0 -42.5 233 0 13.7 48.6 10.5 3.5 2 0 3 0 0
-5046.2 -2158.4 -42.5 176 0 16.9 16.2 10.5 3.5 2 0 3 1 1
-5301.9 -1687.2 -41.7 233 0 17.6 21.5 7.5 2.5 2 1 3 3 3
-5681.4 -2330.9 -44.5 270 0 12.3 12.1 5.0 2.5 2 0 2 0 0
-5703.0 -2359.4 -44.6 170 0 11.8 12.4 7.5 2.5 2 1 3 2 2
-5845.0 -2396.6 -45.0 140 0 43.0 24.5 10.0 0.0 0 0 4 5 5
-5108.5 -1571.5 -41.5 288 0 12.1 22.4 7.5 2.5 2 0 3 1 1
-5672.3 -1133.0 -45.2 35 0 12.7 24.1 10.0 2.5 2 1 4 5 5
-5676.6 -1087.9 -45.3 345 0 15.5 10.3 10.0 2.5 2 0 4 1 1
-6669.3 -1539.1 -45.9 267 0 13.7 44.6 7.5 2.5 2 1 3 1 1
-5689.3 -722.2 -46.3 264 0 9.9 24.6 5.0 2.5 2 1 2 1 1
-5664.1 -808.2 -46.2 332 0 19.8 11.3 5.0 2.5 2 0 2 5 5
-5754.7 -613.8 -46.4 270 0 9.5 25.6 10.5 3.5 2 1 3 2 2
-5723.0 -603.4 -46.4 247 0 29.1 44.0 10.5 0.0 0 1 3 1 1
-5674.6 -593.5 -46.4 251 0 20.7 34.4 10.5 0.0 0 1 3 5 5
-5132.1 -1075.8 -43.5 136 0 9.2 39.2 5.0 2.5 2 1 2 3 3
-4926.3 -978.3 -43.1 252 0 19.8 9.3 5.0 2.5 2 0 2 3 3
-5293.3 -2154.2 -43.3 325 0 14.9 25.6 10.0 2.5 2 1 4 1 1
-5327.8 -2170.4 -43.4 230 0 14.2 29.4 7.5 2.5 2 0 3 4 4
-5299.2 -2194.8 -43.4 325 0 15.3 14.2 2.5 2.5 2 0 1 5 5
-4032.9 -2918.1 -30.2 104 0 9.1 15.9 5.0 2.5 4 1 2 2 2
-4544.2 -3502.9 -28.3 124 0 26.4 13.6 10.0 2.5 2 0 4 5 5
-4522.4 -3950.9 -33.9 122 0 15.3 13.0 5.0 0.0 0 0 2 3 3
-4088.0 -4414.2 -22.2 66 0 17.6 13.7 14.0 3.5 2 0 4 3 3
-3841.5 -3332.1 -33.2 331 1 14.0 19.8 14.0 3.5 4 1 4 3 3
-3908.5 -3164.2 -35.0 331 0 24.6 10.1 10.5 3.5 2 0 3 0 0
-3820.8 -2984.5 -24.3 45 0 15.7 14.7 10.5 3.5 2 0 3 5 5
-5312.9 -587.8 -46.0 117 0 15.6 13.3 5.0 2.5 2 0 2 0 0
-4338.0 -3788.6 -23.2 234 0 7.6 13.2 5.0 2.5 4 1 2 3 3
-3970.9 -4011.8 -37.1 169 0 15.3 58.0 10.5 3.5 2 1 3 4 4
-3994.8 -3945.2 -36.2 244 0 11.8 54.9 10.5 3.5 2 1 3 5 5
-4821.2 -246.8 -45.6 63 0 14.3 34.4 7.5 2.5 2 1 3 2 2
-4917.3 -666.0 -44.2 257 0 10.5 61.2 12.5 2.5 2 1 5 5 5
-5310.6 -1535.0 -42.3 187 0 24.3 25.6 12.5 0.0 0 0 5 2 2
-5280.0 -1541.4 -42.3 57 0 16.4 24.3 7.5 2.5 2 0 3 3 3
-4176.2 -1684.0 -47.7 60 0 12.2 22.5 10.0 0.0 0 1 4 3 3
-4534.8 -1482.6 -40.1 196 0 11.5 9.5 7.5 2.5 2 0 3 2 2
-4586.6 -1494.2 -40.1 294 0 10.2 20.5 5.0 2.5 2 1 2 4 4
-4822.6 -1510.5 -40.7 250 0 10.9 13.7 7.5 0.0 0 1 3 0 0
-4780.3 -400.1 -44.8 159 0 18.3 10.6 14.0 3.5 2 0 4 5 5
-4727.4 -399.2 -44.7 331 0 12.8 6.9 10.5 3.5 2 0 3 0 0
-4765.1 -525.8 -44.2 320 0 10.9 9.4 5.0 2.5 2 0 2 5 5
-4826.1 -299.1 -45.3 222 0 13.9 23.4 7.5 2.5 2 1 3 3 3
-4750.3 -929.2 -42.7 337 0 12.9 12.7 7.5 2.5 2 0 3 5 5
-4651.7 -1600.0 -40.1 126 0 20.1 11.1 5.0 2.5 2 0 2 5 5
-4283.8 -4136.4 -26.3 106 0 20.6 12.5 7.5 2.5 2 0 3 5 5
-4630.8 -4402.7 3.7 116 0 22.0 9.3 10.5 3.5 2 0 3 2 2
-4647.6 -4384.4 1.1 118 0 6.9 18.0 10.5 3.5 2 1 3 0 0
-3011.1 -7721.5 -29.1 200 0 161.2 824.9 10.0 0.0 0 1 4 4 4
-2262.0 -8479.1 -28.4 105 0 149.3 395.9 12.5 0.0 0 1 5 3 3
-2539.9 -8146.0 -28.5 195 0 100.8 206.7 10.0 0.0 0 1 4 1 1
-1171.0 -9309.9 -16.5 305 0 175.0 125.8 14.0 0.0 0 0 4 3 3
-2231.2 -9020.5 -20.6 97 0 130.3 108.4 10.5 0.0 0 0 3 1 1
3314.2 -8379.7 -26.4 1 0 363.5 367.4 10.5 0.0 0 1 3 3 3
2127.5 -6256.9 2.5 126 0 189.7 245.8 17.5 0.0 0 1 7 2 2
-2885.4 -7926.7 -31.0 196 0 87.2 170.5 10.0 0.0 0 1 4 2 2
-5904.8 3868.8 -15.6 93 0 21.4 9.9 5.0 2.5 2 0 2 2 2
-5723.4 3404.2 -7.0 145 0 14.5 26.2 12.5 2.5 2 1 5 2 2
-5871.8 4203.2 -23.2 312 0 15.2 12.6 5.0 2.5 2 0 2 4 4
-5728.0 4126.0 -19.7 323 0 12.6 14.9 12.5 2.5 2 1 5 4 4
-5719.9 4090.7 -17.2 45 0 9.9 17.4 5.0 2.5 2 1 2 1 1
-5775.2 4232.5 -26.0 234 0 13.3 21.2 10.0 2.5 2 1 4 4 4
-5028.8 3927.4 -26.4 51 0 8.8 12.7 10.5 3.5 2 1 3 3 3
-5098.3 3929.9 -23.4 254 0 16.0 9.3 10.5 3.5 2 0 3 2 2
-5011.3 4061.1 -24.9 218 0 9.2 21.3 10.5 0.0 0 1 3 5 5
-4986.4 4030.6 -26.9 127 0 16.5 14.5 14.0 3.5 2 0 4 0 0
-4928.3 4034.0 -29.6 312 0 12.4 16.9 14.0 3.5 2 1 4 0 0
6135.0 -1204.4 -16.9 172 0 47.1 17.3 14.0 0.0 0 0 4 0 0
-1800.7 54.9 -41.0 21 0 13.5 33.5 7.5 2.5 2 1 3 5 5
-4492.8 3802.9 -24.2 239 0 15.5 20.3 10.0 2.5 2 1 4 3 3
-4245.0 -709.1 -42.5 252 0 9.0 12.8 2.5 2.5 4 1 1 0 0
5888.6 -4832.1 36.7 307 0 10.2 17.3 14.0 0.0 0 1 4 0 0
5902.2 -4831.8 34.2 273 0 8.9 20.4 10.5 3.5 2 1 3 1 1
5954.4 -4788.9 34.6 27 0 24.0 16.0 10.5 3.5 2 0 3 3 3
6118.8 -4945.9 44.9 249 0 25.7 22.8 14.0 3.5 2 0 4 3 3
6220.5 -4537.1 24.4 64 0 22.3 18.7 14.0 3.5 4 0 4 0 0
6086.1 -4514.8 23.6 174 0 21.0 8.8 10.5 3.5 2 0 3 3 3
6068.1 -4528.8 24.4 343 0 45.1 10.2 14.0 3.5 2 0 4 1 1
6035.1 -4522.3 28.4 245 0 14.9 24.0 14.0 3.5 2 1 4 5 5
5960.0 -4406.9 28.2 353 0 14.4 13.2 14.0 0.0 0 0 4 1 1
5984.1 -4370.4 20.7 158 0 49.7 32.3 14.0 0.0 0 0 4 5 5
5908.8 -4438.6 32.7 90 0 19.3 31.4 14.0 0.0 0 1 4 2 2
5881.2 -4412.0 34.5 177 0 38.1 13.4 14.0 3.5 2 0 4 1 1
5882.9 -4223.5 26.0 218 0 8.6 36.4 10.5 3.5 2 1 3 2 2
129.6 -11998.2 -40.2 231 0 15.1 32.1 10.0 2.5 2 1 4 0 0
6855.0 3167.2 -20.7 197 0 12.3 21.7 7.5 0.0 0 1 3 5 5
6849.4 3093.2 -18.1 146 0 17.5 17.1 10.0 2.5 4 0 4 2 2
-576.6 -11305.3 1.9 250 0 12.8 84.1 12.5 2.5 2 1 5 2 2
-573.7 -11434.7 -3.1 162 0 26.9 11.5 12.5 0.0 0 0 5 0 0
-599.6 -11284.2 1.6 252 0 24.7 20.3 12.5 2.5 2 0 5 2 2
-655.4 -11299.9 3.5 250 0 23.9 23.4 10.0 2.5 2 0 4 5 5
-721.7 -9895.3 -3.7 141 0 149.1 147.6 10.5 0.0 0 0 3 5 5
-578.0 -9663.7 5.4 224 0 187.4 154.4 10.5 0.0 0 0 3 1 1
-607.9 -9937.1 -1.2 228 0 129.2 87.9 14.0 0.0 0 0 4 0 0
-506.8 -10092.2 1.4 50 0 106.0 86.1 14.0 0.0 0 0 4 3 3
-328.4 -9972.8 14.0 53 0 93.5 38.4 14.0 0.0 0 0 4 5 5
-629.3 -10238.6 -4.3 232 0 160.6 75.9 14.0 0.0 0 0 4 2 2
-566.0 -10413.3 0.2 51 0 46.1 67.2 14.0 0.0 0 1 4 5 5
-104.9 -10789.0 -3.3 67 0 17.7 58.6 12.5 2.5 4 1 5 5 5
2781.9 -11832.9 14.3 247 0 11.4 37.5 10.0 2.5 2 1 4 1 1
2810.8 -11965.1 14.7 226 0 28.0 7.5 10.5 0.0 0 0 3 3 3
2766.5 -12238.1 9.8 21 0 5.8 36.5 10.5 3.5 2 1 3 5 5
2599.7 -12284.0 19.2 111 0 21.6 8.9 10.5 3.5 2 0 3 0 0
2612.5 -12274.8 19.0 83 0 6.0 24.3 10.5 3.5 2 1 3 5 5
3036.6 -12130.6 5.8 121 0 15.4 17.9 14.0 0.0 0 1 4 0 0
3132.7 -11899.7 11.3 338 0 7.0 31.5 10.5 3.5 2 1 3 0 0
3003.0 -11752.6 12.2 348 0 9.4 6.8 10.5 3.5 2 0 3 1 1
3174.7 -12028.2 10.6 341 0 37.1 15.4 14.0 3.5 2 0 4 3 3
1890.1 -12040.5 5.4 0 0 6.2 23.7 10.5 3.5 2 0 3 0 0
1800.0 -12007.3 0.2 180 0 72.6 29.8 14.0 0.0 0 0 4 1 1
1800.9 -12062.2 -2.0 180 0 24.0 19.5 14.0 3.5 2 0 4 4 4
1813.8 -12136.4 -6.5 90 0 23.1 55.4 14.0 3.5 2 1 4 1 1
1856.5 -12136.9 -1.6 90 0 23.1 55.4 14.0 3.5 2 1 4 4 4
1765.6 -12267.3 -16.1 90 0 43.7 28.8 14.0 0.0 0 0 4 5 5
-4811.3 -7863.9 5.4 103 0 99.0 67.0 14.0 0.0 0 0 4 3 3
-6081.4 -6886.1 -0.7 161 0 29.1 33.4 14.0 0.0 0 1 4 0 0
-6065.4 -6667.1 -20.8 29 0 34.2 31.6 14.0 0.0 0 0 4 0 0
-5353.6 -6393.5 -16.5 352 0 97.4 96.8 14.0 0.0 0 0 4 5 5
