6864.3 3524.7 -5.9 304 0 17.0 78.8 21.0 3.5 2 1 6 2 2
6743.0 3484.5 -7.2 216 0 55.4 25.0 21.0 3.5 2 0 6 3 3
6808.5 3554.5 -7.1 305 0 22.6 59.3 21.0 3.5 2 1 6 3 3
-322.1 8522.4 -2.3 206 0 69.3 14.1 17.5 3.5 2 0 5 3 3
-530.8 8556.9 -6.1 195 0 54.5 22.3 10.0 2.5 2 0 4 5 5
-422.9 8240.7 1.4 106 0 14.6 92.6 17.5 3.5 2 1 5 3 3
-575.7 8423.4 -10.5 194 0 37.4 15.4 17.5 3.5 2 0 5 4 4
-546.9 8496.2 -7.1 195 0 51.3 21.1 12.5 2.5 2 0 5 5 5
-561.3 8317.8 -8.4 105 0 17.4 59.2 17.5 3.5 2 1 5 2 2
-494.3 8290.9 -4.4 93 0 15.3 79.0 17.5 3.5 2 1 5 1 1
-409.3 8390.3 -1.1 32 0 51.3 29.0 17.5 0.0 0 0 5 5 5
-356.6 8557.0 -1.9 290 0 16.1 79.6 17.5 3.5 2 1 5 1 1
-531.6 8430.0 -8.4 285 0 16.5 36.4 17.5 3.5 2 1 5 3 3
-416.5 8501.4 -2.3 278 0 14.3 79.6 17.5 3.5 2 1 5 3 3
-338.7 8445.2 1.4 26 0 66.2 16.7 17.5 3.5 2 0 5 4 4
-385.9 8382.7 1.5 206 0 75.1 15.0 17.5 3.5 2 0 5 3 3
-592.8 8362.2 -10.5 196 0 66.3 13.2 17.5 3.5 2 0 5 4 4
-414.3 8522.0 -1.2 107 0 11.8 55.8 17.5 3.5 2 1 5 4 4
-460.8 8606.5 -3.6 105 0 12.1 51.0 15.0 2.5 2 1 6 3 3
-429.7 8604.4 -3.8 106 0 12.5 45.8 12.5 2.5 2 1 5 4 4
-711.7 7789.7 -1.2 289 0 30.1 55.5 17.5 0.0 0 1 5 4 4
-582.6 7138.6 -1.0 193 0 51.5 20.6 17.5 3.5 2 0 5 1 1
-724.5 6810.4 -5.5 284 0 13.9 67.7 14.0 3.5 2 1 4 3 3
-938.7 7304.7 1.3 198 0 35.9 15.9 17.5 3.5 2 0 5 0 0
-550.3 7937.7 10.4 268 0 12.6 55.3 14.0 3.5 2 1 4 4 4
-879.6 7022.1 4.7 18 0 19.9 23.0 17.5 3.5 2 0 5 5 5
-814.0 7558.8 0.3 289 0 19.6 68.7 17.5 3.5 4 1 5 3 3
-607.8 6643.4 -8.1 290 0 63.6 40.1 14.0 0.0 0 0 4 4 4
-904.5 7294.3 1.1 198 0 34.6 16.3 17.5 3.5 2 0 5 4 4
-937.8 6449.7 -2.5 112 0 13.5 52.6 14.0 0.0 0 1 4 5 5
-857.4 7408.7 2.0 109 0 18.2 24.1 17.5 3.5 2 1 5 5 5
-754.2 6677.5 -5.4 109 0 29.3 36.1 14.0 0.0 0 1 4 1 1
-752.1 7323.3 0.4 18 0 48.9 15.4 17.5 0.0 0 0 5 5 5
-665.4 7018.0 6.5 285 0 13.6 54.4 17.5 0.0 0 1 5 0 0
-797.5 7422.9 1.4 109 0 14.8 52.4 17.5 3.5 2 1 5 1 1
-523.7 7938.4 11.4 269 0 12.7 54.6 14.0 3.5 2 1 4 2 2
-838.5 6733.3 -3.9 109 0 22.0 33.3 14.0 0.0 0 1 4 0 0
-941.2 6686.7 -1.8 199 0 43.7 9.6 10.5 3.5 2 0 3 1 1
-17.7 7503.7 -10.9 287 0 16.9 38.0 17.5 0.0 0 1 5 0 0
-452.5 7138.7 -1.8 283 0 12.8 35.1 17.5 3.5 2 0 5 2 2
-783.8 7668.7 -1.8 109 0 20.2 65.5 17.5 3.5 2 1 5 4 4
-12.6 8090.7 -5.4 290 0 27.4 118.7 14.0 0.0 0 1 4 3 3
-741.3 7676.6 -1.8 109 0 19.7 46.0 17.5 3.5 2 1 5 1 1
-599.7 6868.7 2.6 103 0 14.9 65.9 17.5 3.5 2 1 5 0 0
-594.9 7511.1 0.1 197 0 60.9 13.9 14.0 3.5 2 0 4 0 0
-588.2 7183.8 -0.8 18 0 37.4 14.2 14.0 3.5 2 0 4 2 2
-827.5 6848.4 -3.9 282 0 19.6 20.8 14.0 3.5 2 1 4 2 2
-386.5 7507.2 -1.1 19 0 21.3 24.1 14.0 3.5 2 1 4 1 1
-843.6 7138.0 0.5 18 0 39.8 12.8 17.5 0.0 0 0 5 2 2
-884.3 7456.1 1.4 109 0 11.8 35.2 17.5 3.5 4 1 5 3 3
-769.9 6832.8 -4.6 282 0 16.4 20.0 14.0 3.5 2 1 4 1 1
-810.6 7368.0 0.7 288 0 18.2 47.6 17.5 3.5 2 1 5 4 4
-380.5 7551.2 -3.2 21 0 52.6 14.6 14.0 3.5 2 0 4 3 3
-644.3 6457.3 -6.3 293 0 14.4 49.9 14.0 3.5 4 1 4 1 1
-532.2 6852.9 0.4 103 0 14.9 65.9 17.5 3.5 2 1 5 1 1
-953.9 6576.5 -2.1 199 0 25.3 23.6 14.0 3.5 2 0 4 1 1
-70.4 7350.2 -8.1 110 0 24.1 57.1 17.5 3.5 2 1 5 0 0
-892.1 7420.6 1.9 109 0 20.5 24.2 17.5 3.5 2 1 5 5 5
-780.3 7359.8 0.6 288 0 19.0 50.1 17.5 3.5 2 1 5 1 1
-772.0 6654.9 -4.0 289 0 15.4 42.9 17.5 3.5 4 1 5 0 0
-721.1 7225.7 -0.0 198 0 37.4 14.2 14.0 3.5 2 0 4 5 5
-913.0 6576.2 -2.4 291 0 13.6 26.3 14.0 3.5 2 1 4 5 5
-30.3 7460.0 -9.8 289 0 24.5 48.4 17.5 0.0 0 1 5 1 1
-383.8 7823.6 -5.1 86 0 12.4 53.6 14.0 3.5 2 1 4 3 3
-813.5 7699.8 -2.0 109 0 17.4 43.5 17.5 3.5 2 1 5 5 5
-652.2 7528.6 -0.0 197 0 61.4 14.0 14.0 3.5 2 0 4 0 0
-698.9 7519.1 0.6 289 0 13.8 62.3 17.5 3.5 2 1 5 5 5
-736.8 6432.8 -5.3 290 0 18.6 29.9 14.0 3.5 2 1 4 3 3
-640.9 7426.7 1.4 196 0 23.3 19.0 14.0 3.5 4 0 4 2 2
-411.4 7422.2 0.9 16 0 24.2 25.2 14.0 0.0 0 1 4 0 0
-621.4 7521.6 0.0 197 0 59.2 12.2 14.0 0.0 0 0 4 5 5
-455.3 7522.4 -0.6 18 0 55.0 13.1 14.0 3.5 2 0 4 0 0
-873.8 7136.1 0.7 18 0 44.7 13.7 17.5 3.5 2 0 5 5 5
-804.4 6882.6 -2.3 282 0 11.9 33.2 14.0 3.5 2 1 4 4 4
-408.2 7467.2 -0.1 18 0 54.1 15.5 14.0 3.5 2 0 4 0 0
-1093.9 6645.0 0.1 291 0 17.6 21.3 14.0 3.5 2 1 4 3 3
-854.7 7107.9 0.6 18 0 17.2 21.7 17.5 3.5 4 1 5 4 4
-842.7 7374.2 0.9 288 0 15.1 43.0 17.5 3.5 2 1 5 1 1
-498.7 6967.6 3.1 12 0 54.9 16.1 17.5 3.5 2 0 5 0 0
-242.3 7332.5 -1.9 111 0 43.7 11.7 17.5 3.5 2 0 5 1 1
-1122.7 6571.2 0.2 111 0 14.2 55.6 14.0 3.5 2 1 4 2 2
-991.5 6556.1 -1.6 199 0 39.5 15.6 14.0 3.5 2 0 4 1 1
33.0 7436.8 -11.1 291 0 22.2 49.2 17.5 3.5 2 1 5 0 0
-864.6 7753.9 -2.5 198 0 52.8 30.0 17.5 0.0 0 0 5 1 1
-280.3 7829.7 -5.9 86 0 12.4 53.6 14.0 3.5 2 1 4 0 0
-851.8 7569.4 -0.8 109 0 18.5 66.3 17.5 3.5 2 1 5 0 0
-669.2 7476.3 0.9 196 0 26.6 20.2 14.0 0.0 0 0 4 4 4
-562.2 7554.9 -0.3 197 0 23.4 19.7 14.0 3.5 2 0 4 3 3
-697.1 7529.7 -0.0 109 0 19.1 40.0 14.0 3.5 2 1 4 1 1
-919.9 7246.2 1.0 198 0 53.5 17.4 17.5 0.0 0 0 5 1 1
-680.5 7437.8 1.4 196 0 27.1 19.5 14.0 3.5 2 0 4 3 3
-736.6 7037.6 5.4 285 0 15.8 54.1 17.5 3.5 2 1 5 5 5
-47.7 8207.3 -1.3 17 0 47.7 30.9 14.0 0.0 0 0 4 1 1
-1119.8 6656.6 0.4 291 0 26.3 9.5 10.5 3.5 2 0 3 5 5
-921.5 6635.8 -2.3 199 0 43.6 17.9 14.0 3.5 2 0 4 4 4
-909.2 7173.1 0.8 198 0 67.3 18.0 17.5 0.0 0 0 5 5 5
-697.7 7026.7 6.0 285 0 16.7 45.2 17.5 3.5 2 1 5 2 2
-1164.4 6596.2 0.8 111 0 15.6 61.3 14.0 3.5 2 1 4 3 3
-954.9 6645.5 -1.8 198 0 43.3 16.6 14.0 3.5 2 0 4 3 3
-429.4 7207.4 -1.5 15 0 43.6 18.0 17.5 3.5 2 0 5 5 5
-887.3 7831.3 -2.1 198 0 64.4 11.6 17.5 0.0 0 0 5 2 2
-449.1 7269.7 0.2 106 0 38.1 14.0 14.0 3.5 2 0 4 3 3
-844.9 7850.1 -1.8 288 0 12.6 64.1 17.5 3.5 4 1 5 5 5
-537.6 7382.4 1.3 109 0 19.1 54.6 14.0 3.5 2 1 4 5 5
-542.2 6819.6 -5.4 285 0 19.7 56.2 14.0 0.0 0 1 4 0 0
-744.9 6869.3 -2.7 281 0 16.1 37.2 14.0 3.5 2 1 4 2 2
-287.6 7947.5 -3.4 266 0 12.0 53.9 14.0 3.5 2 1 4 0 0
-829.9 7644.4 -1.7 109 0 19.9 42.3 17.5 3.5 2 1 5 1 1
-782.8 7385.0 2.1 109 0 18.6 23.3 17.5 3.5 2 1 5 0 0
-497.2 7939.8 11.8 269 0 14.7 57.1 14.0 3.5 2 1 4 5 5
-991.0 7455.7 0.9 109 0 16.3 77.9 17.5 3.5 2 1 5 0 0
-628.5 7464.9 0.9 196 0 26.1 17.2 14.0 3.5 2 0 4 4 4
-926.6 7337.9 1.3 198 0 21.3 20.2 17.5 3.5 2 0 5 1 1
-800.1 7052.9 4.7 285 0 14.2 64.3 17.5 3.5 2 1 5 4 4
-783.9 6316.6 -3.6 110 0 15.1 51.0 14.0 0.0 0 1 4 1 1
-498.0 7534.1 -0.5 198 0 55.0 13.1 14.0 3.5 2 0 4 0 0
-758.7 6807.3 -5.0 282 0 16.4 54.9 14.0 3.5 2 1 4 3 3
-873.1 6626.1 -2.7 17 0 18.3 26.0 14.0 3.5 2 1 4 3 3
63.3 7587.7 -8.5 110 0 13.8 62.2 17.5 3.5 2 1 5 5 5
-260.8 7829.4 -5.9 85 0 13.4 58.4 14.0 3.5 4 1 4 3 3
-925.1 7526.2 0.9 289 0 13.3 42.0 17.5 3.5 2 1 5 4 4
-768.0 7045.6 5.0 285 0 16.5 53.1 17.5 3.5 2 1 5 5 5
-761.9 6310.5 -3.6 113 0 14.5 44.8 14.0 3.5 2 1 4 2 2
-509.8 7341.9 2.1 100 0 20.8 19.3 14.0 3.5 2 0 4 4 4
-127.3 8206.2 1.0 102 0 86.6 30.5 14.0 0.0 0 0 4 4 4
-845.4 6652.9 -3.0 18 0 39.5 40.8 14.0 0.0 0 1 4 2 2
-504.7 7652.8 -2.3 289 0 12.4 41.9 14.0 3.5 2 1 4 5 5
-465.0 7167.1 -1.7 14 0 40.3 17.1 17.5 3.5 2 0 5 1 1
-551.2 7654.7 -2.2 201 0 54.3 15.2 14.0 3.5 2 0 4 3 3
-496.8 7163.7 -1.5 12 0 23.1 20.8 17.5 3.5 2 0 5 1 1
-637.1 6847.5 -4.2 285 0 19.7 56.2 14.0 0.0 0 1 4 2 2
-453.5 7246.4 -1.4 283 0 17.2 47.6 17.5 3.5 2 1 5 0 0
-911.4 7838.2 -2.5 198 0 66.2 10.5 17.5 3.5 2 0 5 4 4
-614.4 7329.6 1.4 106 0 15.4 58.2 14.0 0.0 0 1 4 3 3
-660.5 7310.1 -0.2 285 0 28.9 30.0 14.0 0.0 0 1 4 1 1
-984.4 7575.9 0.1 289 0 18.2 45.5 17.5 3.5 2 1 5 5 5
-797.5 7285.3 0.6 18 0 34.5 15.4 17.5 3.5 2 0 5 1 1
-792.3 6413.7 -4.9 200 0 42.1 25.7 14.0 0.0 0 0 4 3 3
-1025.3 7019.6 2.4 198 0 59.7 16.6 17.5 3.5 2 0 5 4 4
-610.5 7296.9 -0.5 287 0 33.0 35.7 14.0 0.0 0 1 4 0 0
-440.6 7943.9 5.8 269 0 15.1 57.0 14.0 3.5 2 1 4 1 1
-1091.0 6523.8 -0.3 292 0 20.0 83.6 14.0 0.0 0 1 4 3 3
-1017.8 7505.7 1.0 199 0 49.0 18.5 17.5 3.5 2 0 5 1 1
-824.6 7292.8 0.8 18 0 32.7 17.2 17.5 3.5 2 0 5 5 5
-410.4 7940.7 2.2 266 0 12.0 53.9 14.0 3.5 2 1 4 4 4
-733.3 6376.0 -4.6 21 0 17.0 32.8 14.0 3.5 2 1 4 4 4
-581.9 6986.7 6.6 192 0 54.9 16.1 17.5 3.5 2 0 5 0 0
-1012.1 7063.6 3.1 198 0 19.0 22.3 17.5 3.5 2 1 5 5 5
85.7 7589.2 -8.9 199 0 24.3 69.2 17.5 0.0 0 1 5 3 3
-751.0 7372.1 2.1 109 0 18.6 23.3 17.5 3.5 2 1 5 3 3
-391.0 7778.8 -3.4 22 0 19.3 32.1 14.0 0.0 0 1 4 2 2
-1047.6 6524.3 -0.8 293 0 22.2 97.3 14.0 0.0 0 1 4 5 5
-605.9 7673.9 -1.3 199 0 54.0 10.5 14.0 3.5 2 0 4 5 5
-714.2 7589.8 -1.2 109 0 10.8 63.2 17.5 3.5 2 1 5 3 3
-723.7 7421.6 1.5 19 0 52.4 14.8 17.5 3.5 2 0 5 3 3
-482.3 7252.2 -1.3 282 0 15.0 70.1 17.5 3.5 2 1 5 1 1
-578.0 7664.6 -1.2 201 0 53.9 10.2 14.0 3.5 2 0 4 0 0
-634.1 7736.8 -1.1 19 0 50.3 20.8 17.5 3.5 2 0 5 2 2
-703.8 6694.1 -6.3 103 0 34.1 28.9 14.0 0.0 0 0 4 5 5
-834.2 7052.8 2.7 18 0 63.1 16.2 17.5 3.5 2 0 5 3 3
-601.6 7398.7 1.1 111 0 19.4 61.8 14.0 0.0 0 1 4 1 1
-323.3 7532.1 -4.3 20 0 53.6 15.2 14.0 3.5 2 0 4 2 2
-492.8 7283.9 0.5 111 0 16.2 42.7 14.0 3.5 2 1 4 0 0
-987.3 7146.6 1.2 198 0 17.3 22.5 17.5 3.5 2 1 5 0 0
-604.8 7111.0 -0.9 15 0 72.1 16.7 14.0 3.5 2 0 4 0 0
-1014.9 6602.6 -0.9 24 0 24.1 15.3 14.0 0.0 0 0 4 2 2
-812.2 7253.5 0.6 18 0 22.8 18.0 17.5 3.5 2 0 5 4 4
-385.2 7940.4 -0.7 266 0 12.0 53.9 14.0 3.5 4 1 4 2 2
-793.2 7188.8 0.4 18 0 78.7 16.2 17.5 3.5 4 0 5 0 0
-288.9 7394.9 -1.4 198 0 10.0 9.0 10.5 3.5 2 0 3 1 1
-469.2 7942.7 8.9 269 0 14.7 57.1 14.0 3.5 2 1 4 2 2
-1043.1 6533.5 -0.9 111 0 15.7 60.4 14.0 3.5 2 1 4 1 1
27.7 7520.0 -10.9 289 0 85.7 20.6 17.5 0.0 0 0 5 4 4
-10.8 7908.2 -5.6 289 0 13.8 44.9 17.5 3.5 2 1 5 0 0
-332.6 7822.9 -6.0 86 0 12.4 53.6 14.0 3.5 2 1 4 0 0
-687.2 7682.4 -2.0 19 0 43.0 17.6 17.5 3.5 2 0 5 1 1
-566.1 6858.8 2.4 103 0 14.9 65.9 17.5 3.5 2 1 5 4 4
-526.1 7294.6 0.7 111 0 16.2 42.7 14.0 3.5 4 1 4 0 0
61.9 7930.6 -6.4 109 0 16.6 59.7 14.0 0.0 0 1 4 2 2
-768.7 7175.8 0.0 198 0 60.0 14.6 14.0 3.5 2 0 4 1 1
-510.1 7589.9 -0.9 202 0 16.3 19.0 14.0 3.5 2 1 4 4 4
-617.0 7193.0 -0.5 18 0 37.4 14.2 14.0 3.5 2 0 4 1 1
-577.9 7365.1 2.0 100 0 20.8 19.3 14.0 3.5 2 0 4 5 5
-43.0 7891.4 -5.4 289 0 9.3 28.9 10.5 3.5 2 1 3 0 0
-593.3 7733.0 -0.3 200 0 34.6 17.0 14.0 3.5 2 0 4 1 1
-737.1 7613.7 -1.3 109 0 12.6 47.6 17.5 3.5 2 1 5 2 2
-825.5 7432.9 1.3 109 0 14.8 52.4 17.5 3.5 2 1 5 0 0
-683.9 6852.1 -3.5 282 0 14.3 42.1 14.0 3.5 4 1 4 4 4
-967.0 7665.7 -1.8 196 0 55.8 13.1 17.5 3.5 2 0 5 4 4
-653.5 6910.4 2.8 15 0 53.8 15.1 17.5 3.5 2 0 5 0 0
-380.9 7456.9 -0.2 20 0 52.1 14.0 14.0 3.5 2 0 4 4 4
-695.4 6800.1 -6.0 284 0 13.9 67.7 14.0 3.5 4 1 4 3 3
-847.1 7011.7 5.2 18 0 19.7 23.7 17.5 3.5 2 1 5 0 0
-331.9 7326.8 0.4 203 0 46.7 14.0 17.5 3.5 2 0 5 0 0
-407.4 7284.7 0.1 17 0 52.2 16.6 14.0 3.5 2 0 4 2 2
-701.2 6892.3 2.8 105 0 16.0 45.6 17.5 3.5 2 1 5 0 0
-953.4 7256.4 1.2 198 0 56.7 19.6 17.5 3.5 2 0 5 2 2
-766.7 7275.6 0.4 18 0 35.6 17.0 17.5 3.5 2 0 5 0 0
-363.6 7405.2 0.8 18 0 22.8 22.5 14.0 3.5 2 0 4 2 2
15.7 7490.9 -11.3 289 0 17.9 37.0 17.5 3.5 2 1 5 2 2
-389.7 7344.0 1.7 23 0 56.9 17.9 14.0 3.5 2 0 4 3 3
-403.1 7822.8 -4.2 86 0 12.4 53.6 14.0 3.5 2 1 4 4 4
-554.2 7066.5 1.9 193 0 38.1 16.7 17.5 3.5 2 0 5 1 1
-774.3 7243.1 0.4 18 0 20.8 22.9 17.5 3.5 2 1 5 2 2
-639.8 6703.4 -7.2 105 0 16.7 65.1 14.0 3.5 2 1 4 3 3
51.0 7479.2 -11.0 290 0 17.4 37.6 17.5 3.5 2 1 5 5 5
12.8 7879.7 -5.6 19 0 30.6 12.7 17.5 3.5 2 0 5 2 2
-645.2 7671.0 -1.9 19 0 44.4 17.4 17.5 3.5 2 0 5 1 1
-591.8 7063.2 2.0 193 0 47.3 16.6 17.5 3.5 2 0 5 5 5
95.8 8025.0 -6.9 286 0 15.4 26.9 14.0 0.0 0 1 4 5 5
-568.4 7502.2 0.1 197 0 61.2 18.1 14.0 3.5 2 0 4 0 0
-762.3 7522.2 0.7 289 0 11.9 49.2 17.5 3.5 2 1 5 2 2
-574.2 6828.5 -5.4 285 0 16.7 65.1 14.0 3.5 2 1 4 3 3
-818.7 7208.9 0.5 18 0 53.7 14.2 17.5 3.5 2 0 5 5 5
-787.6 6975.7 6.3 195 0 30.9 16.7 17.5 3.5 2 0 5 4 4
-776.1 6515.3 -4.4 292 0 14.6 52.5 14.0 3.5 2 1 4 0 0
-916.3 7747.6 -2.7 199 0 13.2 36.4 17.5 3.5 2 0 5 4 4
-667.9 7347.0 1.7 106 0 15.0 62.0 14.0 3.5 4 1 4 1 1
-576.9 7937.2 9.3 267 0 13.4 54.5 14.0 3.5 2 1 4 0 0
-986.3 7618.5 -0.8 198 0 30.9 8.9 10.5 3.5 2 0 3 4 4
-783.1 7550.0 0.4 289 0 16.7 66.9 17.5 3.5 2 1 5 3 3
-709.8 6976.9 6.8 285 0 14.1 30.0 17.5 3.5 2 1 5 3 3
-820.6 7096.0 1.1 18 0 19.5 24.4 17.5 3.5 2 1 5 4 4
-840.1 6408.3 -4.0 112 0 14.8 54.6 14.0 3.5 2 1 4 0 0
29.8 8055.5 -6.5 290 0 13.7 25.7 14.0 3.5 2 1 4 2 2
-640.1 7338.4 1.6 106 0 13.3 60.8 14.0 3.5 2 1 4 1 1
-775.3 6875.1 -2.8 281 0 16.1 37.2 14.0 3.5 2 1 4 1 1
-354.2 7542.9 -3.5 19 0 54.3 14.4 14.0 3.5 2 0 4 5 5
-1083.0 6551.1 -0.3 111 0 12.4 59.3 14.0 3.5 4 1 4 3 3
-880.4 6752.7 -3.2 198 0 54.7 14.5 14.0 3.5 2 0 4 0 0
-656.7 6770.2 -6.7 285 0 19.7 56.2 14.0 3.5 2 0 4 5 5
-810.5 7126.4 0.3 18 0 38.6 17.6 17.5 3.5 2 0 5 0 0
3.3 8063.1 -6.1 290 0 12.8 23.4 14.0 3.5 2 1 4 5 5
-613.9 6999.5 5.8 194 0 58.2 14.7 17.5 3.5 4 0 5 1 1
-555.4 7130.5 -1.2 190 0 52.2 19.1 17.5 3.5 2 0 5 1 1
-689.7 7217.7 -0.2 198 0 37.4 14.2 14.0 3.5 2 0 4 5 5
-774.6 7799.4 0.0 289 0 11.4 25.1 17.5 3.5 2 1 5 5 5
-633.1 6920.1 2.5 194 0 86.1 16.8 17.5 3.5 2 0 5 1 1
-448.5 7635.3 -3.0 291 0 10.3 44.2 14.0 3.5 4 1 4 5 5
-726.4 7529.0 0.5 289 0 18.5 66.3 17.5 3.5 2 1 5 1 1
-847.0 7217.7 0.7 18 0 56.4 14.7 17.5 3.5 2 0 5 4 4
-645.3 7201.5 -0.4 18 0 37.4 14.2 14.0 3.5 2 0 4 4 4
-732.5 6463.3 -5.1 293 0 10.2 16.1 14.0 3.5 2 1 4 5 5
-927.8 7788.6 -2.8 199 0 20.9 12.6 17.5 0.0 0 0 5 4 4
-582.6 7315.9 1.1 111 0 16.2 42.7 14.0 3.5 2 1 4 5 5
-698.2 7355.7 1.8 106 0 15.6 61.2 14.0 0.0 0 1 4 4 4
-754.6 7808.0 -0.7 288 0 20.7 52.8 17.5 3.5 2 1 5 2 2
-454.5 7880.5 3.5 268 0 11.9 39.0 14.0 3.5 2 1 4 3 3
-835.0 7173.2 0.6 18 0 24.2 16.4 17.5 3.5 2 0 5 1 1
-797.4 6523.9 -4.1 292 0 29.7 13.6 14.0 3.5 2 0 4 2 2
-854.3 7446.1 1.4 109 0 11.8 36.0 17.5 3.5 2 1 5 2 2
-909.3 7786.5 -2.5 199 0 18.0 27.9 17.5 3.5 2 1 5 2 2
-693.6 6380.8 -5.7 22 0 53.6 18.6 14.0 3.5 2 0 4 4 4
-428.6 7881.3 0.7 269 0 13.1 38.4 14.0 3.5 2 1 4 3 3
-928.0 6720.9 -2.1 197 0 9.5 26.9 10.5 3.5 2 1 3 0 0
53.3 8043.2 -6.5 292 0 15.3 25.7 14.0 3.5 2 1 4 5 5
-477.0 7647.8 -2.7 291 0 10.3 44.2 14.0 3.5 2 1 4 5 5
-252.7 7354.8 -2.3 110 0 17.0 31.7 17.5 3.5 2 1 5 3 3
-1058.6 6628.8 -0.4 291 0 12.7 21.6 14.0 3.5 2 1 4 1 1
-909.2 6761.5 -2.5 199 0 50.1 14.8 14.0 3.5 2 0 4 1 1
-823.9 7816.8 -1.3 289 0 10.9 24.1 17.5 3.5 2 1 5 4 4
-547.3 7354.5 2.0 100 0 20.8 19.3 14.0 3.5 2 0 4 4 4
-559.4 6712.7 -8.4 15 0 56.2 19.7 14.0 0.0 0 0 4 0 0
-281.4 7389.4 -2.0 200 0 15.8 29.5 17.5 3.5 2 0 5 1 1
-854.1 6812.4 -3.6 192 0 32.4 12.6 14.0 3.5 2 0 4 4 4
-371.4 7383.2 1.3 18 0 9.3 42.8 10.5 0.0 0 1 3 5 5
-803.5 7822.7 -0.6 288 0 20.9 50.8 17.5 3.5 2 1 5 3 3
-112.4 7846.9 -5.8 201 0 51.8 18.0 17.5 3.5 2 0 5 0 0
-889.8 7237.3 0.9 198 0 52.2 17.7 17.5 3.5 2 0 5 0 0
-896.9 7514.6 1.1 289 0 10.2 41.4 17.5 3.5 2 1 5 1 1
-936.1 7760.4 -2.8 199 0 32.0 16.5 17.5 3.5 2 0 5 2 2
-827.9 6806.1 -4.1 192 0 31.5 13.2 14.0 3.5 2 0 4 4 4
-915.1 7374.3 1.3 198 0 42.3 16.0 17.5 3.5 2 0 5 0 0
-313.2 7945.0 -3.3 266 0 12.0 53.9 14.0 3.5 2 1 4 3 3
-712.9 6289.0 -4.1 113 0 11.6 51.7 14.0 0.0 0 1 4 0 0
-866.5 7061.4 2.4 19 0 63.0 13.3 17.5 3.5 2 0 5 3 3
-25.0 7267.4 -7.4 111 0 12.3 49.7 17.5 3.5 2 1 5 2 2
-923.0 7432.7 1.7 109 0 12.2 39.6 17.5 3.5 2 1 5 1 1
-872.3 7383.8 1.1 288 0 14.1 41.3 17.5 0.0 0 1 5 2 2
-671.6 6474.5 -5.9 291 0 10.3 55.0 14.0 3.5 2 1 4 1 1
-895.8 6709.1 -2.5 196 0 9.2 24.8 10.5 3.5 2 1 3 0 0
-980.0 6587.5 -1.7 199 0 25.7 19.3 14.0 3.5 2 0 4 2 2
-7.6 7326.2 -9.5 110 0 23.6 60.8 17.5 3.5 2 1 5 4 4
-441.1 7158.7 -1.8 13 0 44.2 17.9 17.5 3.5 2 0 5 2 2
-636.0 7598.6 -0.9 197 0 63.2 15.5 14.0 3.5 2 0 4 2 2
-414.3 7332.5 2.1 20 0 16.7 34.0 14.0 3.5 2 0 4 0 0
-94.2 7906.9 -4.8 199 0 51.6 21.8 17.5 3.5 2 0 5 0 0
-601.9 7567.4 -0.4 197 0 21.0 21.0 14.0 3.5 2 0 4 1 1
-638.6 6971.6 7.6 15 0 54.4 13.6 17.5 3.5 4 0 5 5 5
-954.9 7136.2 1.0 198 0 18.3 23.2 17.5 3.5 4 1 5 3 3
-878.4 6848.4 -3.1 203 0 30.6 13.5 14.0 3.5 2 0 4 2 2
-890.2 7325.6 1.0 198 0 20.8 19.3 17.5 3.5 2 0 5 3 3
-425.7 7377.6 1.4 19 0 46.2 14.5 14.0 3.5 2 0 4 2 2
-340.0 7940.7 -3.3 266 0 12.0 53.9 14.0 3.5 2 1 4 3 3
-546.0 6948.2 7.1 102 0 16.1 54.9 17.5 3.5 2 1 5 5 5
-716.2 6858.9 -3.5 282 0 14.3 42.1 14.0 0.0 0 1 4 1 1
-66.1 7838.2 -6.0 200 0 44.2 12.2 17.5 3.5 4 0 5 0 0
-965.3 7092.9 1.1 198 0 58.3 16.2 17.5 0.0 0 0 5 4 4
-1163.0 6581.8 0.9 21 0 15.3 13.1 14.0 3.5 2 0 4 3 3
-75.6 7286.7 -6.4 110 0 13.5 51.6 17.5 3.5 2 1 5 0 0
-425.0 7624.3 -3.2 291 0 10.3 44.2 14.0 3.5 2 1 4 2 2
-924.1 7126.7 0.7 198 0 17.4 20.9 17.5 3.5 2 1 5 2 2
-953.4 7443.3 1.6 109 0 12.5 40.6 17.5 3.5 2 1 5 3 3
-568.1 7392.9 1.2 109 0 19.0 54.6 14.0 3.5 2 1 4 3 3
-738.1 6304.3 -3.9 113 0 14.5 45.5 14.0 3.5 2 1 4 4 4
-894.2 7068.9 1.8 18 0 68.9 14.5 17.5 3.5 4 0 5 5 5
-51.4 7277.3 -6.9 110 0 11.9 51.3 17.5 3.5 4 1 5 1 1
-216.9 7806.8 -6.2 115 0 16.8 52.9 14.0 3.5 4 1 4 3 3
-586.3 7609.6 -1.0 197 0 28.2 20.8 14.0 3.5 4 0 4 2 2
-767.1 7606.9 -1.5 109 0 16.7 64.5 17.5 3.5 2 1 5 4 4
-580.8 7707.0 -0.8 195 0 11.6 39.2 14.0 3.5 2 1 4 4 4
-413.9 7555.1 -2.0 22 0 16.3 19.0 14.0 3.5 2 1 4 2 2
-456.3 7287.9 0.8 103 0 14.8 43.3 14.0 3.5 2 1 4 2 2
-552.0 7305.4 0.9 111 0 16.2 42.7 14.0 3.5 2 1 4 0 0
-789.0 6813.1 -4.7 282 0 16.4 54.9 14.0 3.5 2 1 4 5 5
-547.7 7592.4 -0.9 197 0 43.5 16.3 14.0 0.0 0 0 4 3 3
-799.9 7612.9 -1.2 109 0 15.2 44.3 17.5 3.5 2 1 5 4 4
-973.4 7192.9 1.2 198 0 68.8 18.4 17.5 3.5 2 0 5 3 3
-426.7 7511.8 -0.8 18 0 55.0 13.1 14.0 3.5 2 0 4 2 2
-835.5 6926.8 3.2 105 0 14.0 59.1 17.5 3.5 2 1 5 5 5
-854.1 6618.0 -2.9 18 0 15.6 20.4 14.0 0.0 0 1 4 0 0
-604.9 6836.8 -5.3 285 0 16.7 65.1 14.0 3.5 2 1 4 4 4
-939.0 7180.7 1.0 198 0 66.3 16.0 17.5 0.0 0 0 5 5 5
-999.8 7103.4 1.2 198 0 56.3 18.7 17.5 3.5 2 0 5 0 0
-109.7 8253.4 2.1 289 0 58.2 15.6 14.0 3.5 2 0 4 5 5
-155.9 7394.1 -6.5 109 0 29.8 53.7 17.5 0.0 0 1 5 1 1
-683.4 7584.2 -1.0 109 0 15.9 60.1 17.5 3.5 2 1 5 5 5
-939.8 6479.9 -2.2 24 0 9.9 22.9 10.5 3.5 2 1 3 4 4
-885.1 7761.3 -2.7 199 0 32.6 11.1 17.5 3.5 2 0 5 0 0
-567.5 7739.0 1.6 201 0 17.0 38.1 14.0 3.5 2 1 4 1 1
-949.8 7568.3 0.2 289 0 20.6 23.0 17.5 3.5 2 1 5 0 0
-396.4 7613.6 -3.5 291 0 10.3 44.2 14.0 3.5 2 1 4 2 2
-769.8 6908.1 2.9 105 0 17.0 46.2 17.5 3.5 4 1 5 3 3
-803.7 6324.8 -3.4 111 0 14.7 48.4 14.0 3.5 4 1 4 1 1
-1038.0 6438.6 -1.3 201 0 14.5 16.5 14.0 3.5 2 1 4 4 4
-335.4 7489.6 -2.2 20 0 22.8 20.4 14.0 3.5 2 0 4 3 3
-821.4 7396.8 2.1 109 0 18.6 23.3 17.5 3.5 2 1 5 0 0
-510.6 7260.1 -1.1 282 0 15.0 70.1 17.5 3.5 2 1 5 1 1
-96.4 8109.8 -2.4 106 0 29.8 79.3 14.0 0.0 0 1 4 3 3
-801.8 6914.5 2.8 105 0 14.3 42.2 17.5 0.0 0 1 5 3 3
-350.4 7447.0 -0.8 18 0 56.6 15.4 14.0 3.5 2 0 4 5 5
-864.8 6595.7 -2.9 19 0 18.1 39.7 14.0 3.5 2 1 4 0 0
-569.8 7183.1 -1.0 194 0 22.7 21.6 17.5 3.5 2 0 5 2 2
-511.6 7371.6 1.3 109 0 19.1 54.6 14.0 3.5 2 1 4 3 3
37.9 7938.0 -6.3 109 0 17.5 82.2 14.0 0.0 0 1 4 3 3
-791.2 7079.2 0.1 108 0 14.9 63.6 14.0 3.5 2 1 4 5 5
-609.0 6695.1 -7.7 105 0 16.7 65.1 14.0 3.5 2 1 4 4 4
-527.2 7122.6 -1.5 190 0 52.2 19.1 17.5 3.5 4 0 5 3 3
-305.9 7827.2 -5.9 86 0 12.4 53.6 14.0 3.5 2 1 4 0 0
-680.7 7733.5 -1.1 19 0 18.6 25.7 17.5 3.5 2 1 5 0 0
-476.5 7331.2 2.0 100 0 20.8 19.3 14.0 3.5 2 0 4 1 1
-556.5 7238.0 -0.9 194 0 73.4 16.4 17.5 3.5 2 0 5 5 5
-699.8 7049.4 3.4 103 0 16.6 19.9 14.0 3.5 2 1 4 0 0
-856.0 7552.5 0.4 289 0 20.5 46.5 17.5 3.5 2 1 5 3 3
-875.2 7292.3 0.9 198 0 46.0 16.9 17.5 3.5 2 0 5 3 3
-364.6 7939.1 -3.1 266 0 12.0 53.9 14.0 3.5 2 1 4 1 1
-873.2 6549.3 -3.2 292 0 54.7 49.8 14.0 0.0 0 0 4 3 3
-934.8 6491.5 -2.2 26 0 11.9 25.9 14.0 3.5 2 1 4 2 2
-526.5 7546.6 -0.5 198 0 55.0 13.1 14.0 3.5 2 0 4 0 0
-478.3 7360.9 1.4 109 0 19.1 54.6 14.0 3.5 2 1 4 2 2
-917.4 7556.7 0.4 289 0 20.7 22.4 17.5 3.5 2 1 5 2 2
-839.4 7264.1 0.8 18 0 22.7 14.7 17.5 3.5 2 0 5 4 4
-735.2 6902.3 3.0 105 0 16.6 43.5 17.5 3.5 2 1 5 3 3
-821.6 6334.0 -3.4 111 0 11.7 47.8 14.0 3.5 2 1 4 1 1
-771.0 7412.2 1.4 109 0 14.8 52.4 17.5 3.5 2 1 5 5 5
-810.8 6718.7 -4.9 109 0 29.7 38.9 14.0 3.5 2 1 4 5 5
-526.9 7718.8 -2.6 198 0 28.5 24.4 14.0 3.5 2 0 4 3 3
-1587.1 -8699.8 -11.7 14 0 43.7 14.0 10.5 3.5 2 0 3 0 0
-1335.5 -7969.6 -5.9 118 0 15.4 28.4 10.5 3.5 2 1 3 2 2
-1655.7 -8585.1 -9.7 206 0 41.8 17.0 10.5 0.0 0 0 3 3 3
-1364.2 -7899.3 -5.2 271 0 13.5 37.6 10.5 3.5 2 1 3 0 0
-1263.9 -7836.2 -0.9 306 0 13.9 36.5 10.5 3.5 2 1 3 4 4
-1277.1 -7927.4 -5.2 126 0 14.2 40.1 10.5 3.5 2 1 3 1 1
-1380.4 -8267.3 -7.3 220 0 18.8 24.8 14.0 0.0 0 1 4 3 3
-1322.9 -7909.9 -5.5 306 0 14.1 22.0 10.5 3.5 2 1 3 1 1
-1406.2 -8014.6 -5.3 269 0 11.8 17.1 14.0 3.5 2 1 4 5 5
-1683.7 -8706.4 -11.2 181 0 9.7 54.9 10.5 3.5 2 1 3 1 1
-1511.9 -8721.0 -12.6 329 0 41.3 16.0 14.0 3.5 2 0 4 2 2
-1447.5 -8239.5 -1.9 40 0 17.3 14.0 14.0 3.5 4 0 4 4 4
-1316.1 -7905.8 -5.0 126 0 12.3 44.7 10.5 3.5 2 1 3 0 0
-1566.6 -8632.7 -10.8 33 0 35.9 19.2 10.5 0.0 0 0 3 4 4
-1373.1 -8609.2 -13.2 83 0 23.7 99.1 14.0 0.0 0 1 4 3 3
-1285.4 -8096.5 -5.6 215 0 68.2 10.3 10.5 3.5 2 0 3 0 0
-1267.2 -7949.9 -6.2 306 0 10.5 22.8 10.5 3.5 2 1 3 2 2
-1492.0 -8085.6 -7.3 268 0 14.6 36.6 14.0 3.5 4 1 4 3 3
-1640.4 -8550.1 -9.9 213 0 13.1 53.7 10.5 3.5 2 1 3 3 3
-1589.5 -8601.3 -10.3 300 0 16.8 37.2 10.5 0.0 0 1 3 1 1
-1243.9 -7959.5 -6.3 126 0 14.2 48.0 10.5 3.5 2 1 3 0 0
-1337.8 -8277.9 -9.0 312 0 23.9 36.9 14.0 0.0 0 1 4 1 1
-1577.2 -8786.9 -12.9 89 0 20.9 22.3 14.0 3.5 2 1 4 0 0
-1368.5 -8208.2 -3.6 217 0 30.1 10.1 14.0 3.5 2 0 4 5 5
-1481.7 -8154.5 -3.4 129 0 17.6 12.4 14.0 3.5 2 0 4 3 3
-1687.1 -8641.3 -9.8 194 0 16.6 16.9 10.5 3.5 2 1 3 2 2
-1659.1 -8647.0 -10.4 192 0 13.8 28.9 10.5 3.5 2 1 3 2 2
-1467.0 -8063.7 -7.7 271 0 43.9 16.1 14.0 3.5 4 0 4 5 5
-1306.2 -8563.9 -13.1 352 0 73.5 21.2 14.0 3.5 2 0 4 1 1
-1364.3 -7894.2 -3.1 91 0 12.6 44.9 10.5 0.0 0 1 3 0 0
-1323.3 -7881.6 -2.4 126 0 12.2 30.1 10.5 3.5 2 1 3 1 1
-1662.1 -8678.5 -10.7 190 0 37.2 15.2 10.5 3.5 2 0 3 0 0
-1603.7 -8760.6 -12.4 16 0 45.6 16.3 10.5 3.5 2 0 3 2 2
-1290.8 -7907.0 -5.0 126 0 12.7 30.2 10.5 3.5 2 1 3 3 3
-1485.4 -8187.6 -3.9 129 0 16.5 62.0 14.0 3.5 2 1 4 0 0
-1477.8 -8756.2 -13.2 174 0 19.2 12.5 10.5 3.5 2 0 3 2 2
-1279.7 -7823.8 0.5 306 0 13.7 37.6 10.5 3.5 2 1 3 5 5
-1688.0 -8478.1 -7.5 117 0 23.4 13.8 10.5 3.5 2 0 3 3 3
-1504.3 -8784.4 -13.2 88 0 16.6 34.5 14.0 3.5 2 1 4 3 3
-1317.1 -7982.2 -6.0 126 0 12.4 29.3 10.5 3.5 2 1 3 4 4
-1342.6 -7893.8 -3.2 92 0 13.3 46.8 10.5 3.5 2 1 3 1 1
-1304.8 -8183.7 -5.4 117 0 16.9 40.2 10.5 3.5 2 1 3 5 5
-1495.7 -8294.2 -3.3 40 0 35.4 22.5 14.0 0.0 0 0 4 2 2
-1613.7 -8586.2 -10.0 297 0 15.9 39.7 10.5 0.0 0 1 3 1 1
-1423.2 -8196.2 -2.2 37 0 65.4 23.6 14.0 3.5 4 0 4 0 0
-1356.0 -7953.5 -5.6 126 0 12.2 29.5 10.5 3.5 2 1 3 0 0
-1612.0 -8687.5 -11.2 11 0 29.7 17.2 10.5 3.5 2 0 3 3 3
-1350.7 -8462.5 -13.5 353 0 62.1 28.4 14.0 0.0 0 0 4 2 2
-1308.1 -7927.0 -5.9 306 0 13.7 17.6 10.5 3.5 2 1 3 2 2
-1384.9 -8133.2 -4.0 36 0 34.5 20.7 14.0 0.0 0 0 4 1 1
-1333.2 -8161.4 -3.1 217 0 11.7 10.7 10.5 3.5 2 0 3 1 1
-1541.4 -8647.2 -11.3 33 0 36.1 20.1 10.5 0.0 0 0 3 2 2
-1263.6 -7946.1 -5.9 126 0 11.3 45.9 10.5 0.0 0 1 3 3 3
-1529.9 -8619.8 -10.9 33 0 12.8 62.8 10.5 3.5 2 1 3 3 3
-1419.1 -8013.0 -5.8 271 0 12.0 67.8 14.0 3.5 2 1 4 3 3
-1657.9 -8777.0 -11.9 99 0 14.8 38.0 10.5 3.5 2 1 3 4 4
-1620.3 -8457.1 -7.6 38 0 36.4 16.2 10.5 3.5 2 0 3 5 5
-1247.6 -7964.6 -6.5 306 0 14.2 47.0 10.5 3.5 2 1 3 1 1
-1295.2 -7811.7 2.0 306 0 12.3 38.2 10.5 3.5 2 1 3 5 5
-1521.4 -8071.9 -8.5 268 0 15.1 69.3 14.0 3.5 2 1 4 3 3
-1322.3 -8465.8 -13.5 351 0 84.5 21.0 14.0 0.0 0 0 4 2 2
-1289.1 -7943.1 -6.0 306 0 12.8 15.2 10.5 3.5 2 1 3 5 5
-1541.5 -8784.8 -13.0 91 0 19.3 35.1 14.0 0.0 0 1 4 4 4
-1403.4 -8462.3 -13.6 174 0 75.4 22.5 14.0 0.0 0 0 4 3 3
-1695.3 -8675.3 -10.4 192 0 45.3 17.2 10.5 3.5 2 0 3 0 0
-1499.1 -8175.6 -1.6 131 0 16.4 11.8 14.0 3.5 2 0 4 4 4
-1465.3 -8816.4 -13.4 84 0 12.6 39.0 10.5 3.5 2 1 3 4 4
-1301.4 -7994.8 -6.2 126 0 11.1 30.3 10.5 0.0 0 1 3 1 1
-1247.6 -7848.5 -2.4 306 0 12.4 37.1 10.5 3.5 2 1 3 0 0
-1384.0 -8228.0 -4.3 216 0 13.5 19.0 14.0 3.5 2 1 4 5 5
-1568.5 -8724.6 -12.5 205 0 67.3 16.8 14.0 3.5 2 0 4 5 5
-1187.6 -7856.5 -4.8 307 0 19.7 59.8 10.5 3.5 2 1 3 4 4
-1467.9 -8258.5 -2.3 46 0 25.4 14.4 14.0 3.5 2 0 4 4 4
-1395.2 -8108.9 -5.3 41 0 8.7 35.8 10.5 3.5 2 1 3 1 1
-6053.1 4639.7 -12.5 224 0 55.0 23.6 17.5 3.5 2 0 5 2 2
-6202.6 4625.8 -13.0 351 0 40.0 16.0 17.5 3.5 2 0 5 5 5
-6098.7 4935.1 -12.4 97 0 22.0 87.6 17.5 0.0 0 1 5 5 5
-6202.0 5066.2 -12.0 180 0 187.0 72.3 17.5 0.0 0 0 5 5 5
-6201.3 4554.1 -11.1 347 0 34.9 8.1 10.5 3.5 2 0 3 5 5
-6192.7 4731.9 -13.5 358 0 83.5 36.9 17.5 0.0 0 0 5 5 5
-6204.9 5089.5 -12.2 360 0 40.1 33.9 17.5 0.0 0 0 5 2 2
5101.1 2728.1 -8.0 270 0 83.8 88.9 14.0 0.0 0 1 4 0 0
5810.4 2381.9 -11.2 65 0 169.5 233.4 14.0 0.0 0 1 4 1 1
-614.9 -7415.2 -6.4 126 0 12.4 41.0 14.0 3.5 4 1 4 3 3
-519.8 -7294.9 -5.7 36 0 60.6 11.4 14.0 3.5 2 0 4 1 1
-561.8 -7352.7 -6.3 36 0 66.7 11.8 14.0 3.5 2 0 4 3 3
-5196.5 11631.1 -22.6 48 0 81.9 81.6 17.5 0.0 0 0 5 2 2
-5633.0 11661.0 -13.3 277 0 15.5 74.9 15.0 2.5 2 1 6 0 0
5503.5 6012.5 -14.3 307 0 86.9 25.1 17.5 0.0 0 0 5 5 5
-1212.5 4144.5 0.8 182 0 89.8 37.1 17.5 0.0 0 0 5 3 3
3532.5 5330.7 -13.2 307 0 56.8 66.0 17.5 0.0 0 1 5 2 2
5546.0 5819.3 -11.1 36 0 63.9 81.7 17.5 0.0 0 1 5 4 4
5603.9 5874.0 -10.4 36 0 55.9 42.6 17.5 0.0 0 0 5 5 5
5573.6 5397.7 -10.9 36 0 55.0 12.8 14.0 3.5 4 0 4 0 0
5314.5 6058.4 -16.7 214 0 63.6 93.7 17.5 0.0 0 0 5 3 3
3264.6 5059.5 -12.4 124 0 69.4 107.6 17.5 0.0 0 1 5 1 1
5558.5 5943.1 -11.7 307 0 43.3 56.1 17.5 0.0 0 1 5 5 5
5242.0 5864.0 -14.6 124 0 108.1 69.9 17.5 0.0 0 0 5 3 3
5464.1 5974.2 -13.8 305 0 86.9 122.2 17.5 0.0 0 1 5 5 5
5279.1 6006.6 -15.9 214 0 61.8 93.7 17.5 0.0 0 0 5 4 4
3331.0 5015.3 -11.9 123 0 63.6 104.1 17.5 0.0 0 1 5 0 0
5331.9 5801.1 -12.4 125 0 91.8 68.2 17.5 0.0 0 0 5 0 0
5481.6 5737.2 -10.6 36 0 67.5 105.0 17.5 0.0 0 1 5 1 1
5542.2 5471.4 -11.8 307 0 10.0 61.7 10.5 3.5 2 1 3 5 5
6206.8 7681.1 -21.6 124 0 122.0 100.3 7.0 0.0 0 0 2 1 1
5558.0 5442.2 -11.3 306 0 11.8 42.7 14.0 3.5 4 1 4 3 3
6487.2 7516.6 -22.0 35 0 149.8 244.9 7.0 0.0 0 1 2 5 5
-5207.4 -2409.1 -10.7 87 0 37.1 67.5 14.0 0.0 0 1 4 4 4
-6226.7 2353.0 -9.0 177 0 111.3 80.3 17.5 0.0 0 0 5 1 1
-5775.4 932.1 -13.6 266 0 51.5 125.8 14.0 0.0 0 1 4 4 4
-3644.2 4944.1 -10.3 118 0 28.2 103.3 12.5 0.0 0 1 5 3 3
-5276.4 2397.6 -9.7 169 0 102.2 34.1 7.5 0.0 0 0 3 1 1
2798.6 -10147.0 -22.0 107 0 17.8 137.0 14.0 0.0 0 1 4 2 2
-5673.9 -2536.0 -12.1 98 0 33.4 93.3 14.0 0.0 0 1 4 1 1
-6313.0 -4608.3 -14.5 87 0 122.0 78.9 14.0 0.0 0 0 4 1 1
2822.0 -9979.0 -21.7 286 0 72.3 18.9 14.0 3.5 2 0 4 5 5
-6749.7 -7128.9 -12.6 188 0 63.4 93.0 14.0 0.0 0 1 4 4 4
-6590.9 9466.2 -17.8 338 0 179.4 55.7 14.0 0.0 0 0 4 0 0
-5337.6 2718.8 -10.3 169 0 100.3 33.5 7.5 0.0 0 0 3 2 2
-4894.9 2732.6 -7.7 47 0 68.1 89.0 10.0 0.0 0 1 4 2 2
-5769.4 -2243.7 -12.3 188 0 86.1 34.2 14.0 0.0 0 0 4 0 0
-5675.4 1072.9 -13.6 267 0 122.2 103.9 14.0 0.0 0 0 4 2 2
-5698.5 -2297.4 -12.1 97 0 57.2 96.7 14.0 0.0 0 1 4 2 2
-6127.4 -3219.9 -14.2 87 0 40.5 75.2 5.0 0.0 0 1 2 4 4
-5094.7 -2369.5 -10.4 357 0 67.8 36.3 14.0 0.0 0 0 4 0 0
-6063.0 2523.6 -9.7 357 0 134.6 80.7 17.5 0.0 0 0 5 5 5
-6056.2 2363.5 -9.0 356 0 112.5 80.1 17.5 0.0 0 0 5 3 3
-5317.0 2611.5 -9.8 169 0 100.8 35.1 10.0 0.0 0 0 4 5 5
-5297.2 2504.6 -9.7 169 0 99.8 34.4 10.0 0.0 0 0 4 3 3
-5251.9 2262.4 -8.9 168 0 85.7 35.1 10.0 0.0 0 0 4 3 3
-5567.4 819.4 -12.7 86 0 62.3 125.1 14.0 0.0 0 1 4 3 3
2698.3 -10167.8 -22.0 205 0 76.4 18.0 14.0 0.0 0 0 4 2 2
-5635.2 -2376.4 -11.7 8 0 108.5 32.4 14.0 0.0 0 0 4 2 2
-5449.7 887.9 -12.1 357 0 124.8 60.3 14.0 0.0 0 0 4 4 4
-6223.1 -5291.0 -12.6 7 0 105.7 253.3 14.0 0.0 0 1 4 3 3
-4812.9 2036.4 -7.9 134 0 37.0 93.3 7.5 0.0 0 1 3 4 4
-3840.4 4912.9 -9.7 103 0 74.3 92.6 12.5 0.0 0 1 5 2 2
-5520.3 1081.8 -12.6 266 0 121.8 105.1 14.0 0.0 0 0 4 0 0
-4578.9 -28.5 -6.8 357 0 142.8 78.5 7.5 0.0 0 0 3 1 1
-6318.3 -4295.0 -15.0 267 0 96.8 77.5 14.0 0.0 0 0 4 3 3
-6201.6 2583.9 -9.2 266 0 78.9 135.1 17.5 0.0 0 1 5 3 3
-6036.4 -2899.1 -12.2 358 0 153.5 89.0 12.5 0.0 0 0 5 2 2
2740.5 -10057.8 -21.8 197 0 137.1 35.0 14.0 0.0 0 0 4 1 1
-6382.1 -4457.1 -16.1 177 0 86.7 121.9 14.0 0.0 0 1 4 4 4
-5158.6 -2277.5 -10.6 356 0 79.5 84.4 14.0 0.0 0 1 4 4 4
-6719.8 -7242.9 -12.5 99 0 92.6 61.6 14.0 0.0 0 0 4 1 1
-6518.8 9287.0 -17.4 338 0 135.8 55.4 14.0 0.0 0 0 4 4 4
-6625.3 -7009.4 -12.6 29 0 39.9 195.8 14.0 0.0 0 1 4 3 3
-5277.4 -2378.9 -10.8 177 0 68.6 37.1 14.0 0.0 0 0 4 3 3
-6557.0 -7238.3 -13.0 10 0 62.0 91.6 14.0 0.0 0 1 4 2 2
-6544.8 -7159.5 -12.7 8 0 64.5 93.0 14.0 0.0 0 1 4 5 5
-5626.3 -2195.4 -11.8 278 0 32.0 111.1 14.0 0.0 0 1 4 5 5
-4638.4 -376.9 -7.6 180 0 106.0 97.5 7.5 0.0 0 0 3 5 5
-5675.5 813.9 -13.4 87 0 63.6 121.7 14.0 0.0 0 1 4 3 3
-6056.6 -3217.3 -14.1 87 0 40.6 74.7 12.5 0.0 0 1 5 5 5
-5158.9 -2407.2 -10.5 87 0 36.0 67.9 14.0 0.0 0 1 4 2 2
-4859.1 2859.2 -8.0 316 0 89.1 69.5 12.5 0.0 0 0 5 5 5
-4793.5 2592.6 -9.0 316 0 84.5 272.3 12.5 0.0 0 1 5 4 4
-4951.4 2676.0 -7.7 48 0 68.4 90.9 10.0 0.0 0 1 4 0 0
625.4 6905.1 -11.7 124 0 11.6 36.4 15.0 0.0 0 1 6 0 0
656.9 6881.4 -12.2 127 0 10.9 58.8 10.0 2.5 2 1 4 0 0
693.6 6857.2 -12.5 126 0 10.9 58.8 10.0 2.5 2 1 4 0 0
728.8 6835.6 -12.5 126 0 10.9 58.8 10.0 2.5 2 1 4 5 5
763.8 6809.6 -11.1 126 0 10.9 58.8 7.5 2.5 4 1 3 0 0
822.4 6804.3 -9.6 36 0 58.8 10.9 15.0 2.5 2 0 6 4 4
844.6 7084.7 -2.8 299 0 10.9 58.8 12.5 2.5 2 1 5 3 3
665.2 6973.9 -8.0 214 0 51.8 10.1 15.0 0.0 0 0 6 0 0
727.6 7054.2 -6.5 306 0 11.9 49.5 12.5 2.5 2 1 5 3 3
764.2 7040.6 -5.2 306 0 11.6 44.1 10.0 2.5 2 1 4 5 5
854.3 6873.6 -6.2 304 0 11.2 30.3 10.0 2.5 2 1 4 4 4
846.5 6971.9 -2.9 31 0 70.0 11.7 12.5 2.5 2 0 5 4 4
898.9 7077.4 -1.2 301 0 11.7 70.0 7.5 2.5 4 1 3 0 0
-712.9 -9484.8 -10.6 187 0 46.3 12.0 21.0 0.0 0 0 6 5 5
-2397.9 -9964.1 -12.6 15 0 59.8 14.5 10.5 0.0 0 0 3 3 3
-2391.2 -9904.2 -13.3 1 0 46.6 11.1 10.5 3.5 2 0 3 4 4
-3847.9 11060.0 -24.4 283 0 51.7 133.0 14.0 0.0 0 0 4 4 4
-5409.7 -3101.2 -12.0 188 0 613.7 218.3 14.0 0.0 0 0 4 0 0
937.4 -245.7 -1.7 188 0 25.3 12.9 14.0 3.5 2 0 4 5 5
972.1 -187.8 1.5 275 0 8.9 9.0 10.5 3.5 2 1 3 2 2
963.3 -206.9 0.8 189 0 9.4 12.8 10.5 3.5 2 1 3 3 3
987.6 -204.9 0.7 278 0 7.1 11.4 10.5 3.5 2 1 3 1 1
990.2 -167.7 1.5 279 0 12.1 18.1 14.0 3.5 2 0 4 1 1
986.1 -185.4 1.2 279 0 9.9 14.8 10.5 3.5 2 0 3 3 3
962.9 -160.2 1.9 280 0 8.6 30.6 10.5 3.5 4 1 3 4 4
972.5 -223.4 -0.2 194 0 9.5 10.1 10.5 3.5 4 1 3 3 3
1008.3 -219.7 0.0 280 0 13.1 7.3 10.5 3.5 2 0 3 0 0
1009.7 -202.9 0.3 281 0 12.1 15.4 14.0 0.0 0 1 4 1 1
1039.8 -180.3 -0.4 291 0 11.9 12.1 14.0 3.5 2 1 4 3 3
1013.0 -176.1 0.7 289 0 12.9 25.0 14.0 3.5 2 1 4 0 0
1124.0 -347.1 -6.3 89 0 69.4 38.9 14.0 0.0 0 0 4 2 2
1509.5 -576.9 -10.6 343 0 52.0 13.6 14.0 3.5 2 0 4 3 3
1526.1 -631.3 -10.9 343 0 50.3 14.3 14.0 3.5 4 0 4 3 3
1546.1 -727.5 -10.9 74 0 13.0 68.7 14.0 3.5 2 1 4 5 5
1184.6 -419.1 -7.5 270 0 41.8 39.4 14.0 0.0 0 0 4 5 5
1178.3 -668.9 -8.9 89 0 26.5 53.0 14.0 0.0 0 1 4 5 5
1276.6 -897.5 -11.5 92 0 25.8 25.8 14.0 0.0 0 1 4 3 3
1445.1 -763.5 -10.9 77 0 11.3 34.1 14.0 3.5 2 1 4 0 0
1423.5 -647.1 -11.6 346 0 47.9 14.2 14.0 3.5 2 0 4 2 2
1455.5 -811.9 -11.5 78 0 15.9 45.1 14.0 3.5 2 0 4 1 1
1465.2 -856.7 -12.1 78 0 15.9 45.9 14.0 3.5 2 0 4 4 4
1472.4 -890.0 -12.3 78 0 15.9 34.0 14.0 3.5 2 0 4 2 2
1436.2 -725.8 -11.2 77 0 12.0 51.3 14.0 3.5 2 1 4 2 2
1409.0 -902.5 -11.3 77 0 21.1 61.3 14.0 3.5 2 1 4 5 5
1391.8 -821.4 -11.7 76 0 17.9 65.8 14.0 0.0 0 1 4 2 2
1375.7 -738.3 -11.8 73 0 23.4 70.1 14.0 0.0 0 1 4 2 2
1304.0 -436.2 -10.7 255 0 27.1 93.8 14.0 0.0 0 1 4 3 3
1324.1 -543.5 -11.4 253 0 23.7 80.6 14.0 0.0 0 1 4 5 5
1287.3 -614.3 -10.9 272 0 27.9 50.4 14.0 0.0 0 1 4 1 1
1327.1 -784.4 -11.7 85 0 18.5 94.6 14.0 0.0 0 1 4 0 0
1344.1 -879.4 -11.9 73 0 31.7 74.3 14.0 0.0 0 1 4 3 3
1246.2 -453.1 -9.1 272 0 16.8 82.2 14.0 3.5 2 1 4 0 0
1241.5 -548.7 -9.8 265 0 22.2 53.5 14.0 3.5 2 1 4 0 0
1230.7 -764.9 -10.6 92 0 22.0 75.1 14.0 0.0 0 1 4 0 0
1232.2 -862.3 -11.0 92 0 26.0 75.1 14.0 0.0 0 1 4 1 1
1118.4 -394.6 -6.0 265 0 26.8 52.0 14.0 0.0 0 1 4 2 2
1130.6 -465.5 -6.5 272 0 20.5 78.2 14.0 0.0 0 1 4 4 4
1123.6 -553.8 -7.2 265 0 24.7 56.6 14.0 3.5 2 1 4 5 5
1133.4 -775.8 -8.8 92 0 21.9 107.5 14.0 0.0 0 1 4 4 4
1133.8 -872.0 -9.8 92 0 21.8 82.3 14.0 0.0 0 1 4 2 2
1017.9 -758.8 -6.0 92 0 25.6 107.5 14.0 0.0 0 1 4 2 2
1010.9 -576.0 -4.8 182 0 103.4 21.6 14.0 0.0 0 0 4 1 1
1023.5 -391.3 -4.1 272 0 19.2 78.2 14.0 3.5 2 1 4 4 4
922.8 -426.4 -2.7 183 0 62.9 19.1 14.0 3.5 2 0 4 3 3
927.6 -581.1 -2.7 182 0 83.9 15.6 14.0 3.5 2 0 4 1 1
950.0 -757.6 -5.2 85 0 21.0 83.6 14.0 0.0 0 1 4 4 4
-6920.7 766.7 -6.8 354 0 133.9 94.9 17.5 0.0 0 0 5 3 3
211.6 8731.6 -4.4 109 0 39.4 24.3 14.0 0.0 0 0 4 1 1
-561.9 4163.5 -8.5 182 0 126.8 19.8 17.5 0.0 0 0 5 4 4
-474.3 4126.7 -4.8 182 0 29.8 20.3 17.5 3.5 2 0 5 5 5
-443.5 1407.1 -4.6 179 0 126.8 24.0 12.5 0.0 0 0 5 3 3
-2240.3 -9374.6 -13.2 317 0 168.4 90.3 10.5 0.0 0 0 3 0 0
-2763.2 -9747.8 -15.5 255 0 69.3 78.8 14.0 0.0 0 1 4 4 4
-2785.2 -9362.4 -20.0 136 0 97.1 28.2 14.0 0.0 0 0 4 3 3
-1489.0 -10510.7 -17.4 294 0 191.4 222.6 14.0 0.0 0 1 4 1 1
-1475.4 -10260.4 -16.0 207 0 282.6 135.3 14.0 0.0 0 0 4 5 5
-1335.3 -10477.4 -16.9 115 0 144.2 266.2 14.0 0.0 0 1 4 3 3
-983.3 -8835.2 -13.6 173 0 228.0 114.5 14.0 0.0 0 0 4 5 5
-948.2 -8596.1 -13.5 260 0 139.4 114.6 10.5 0.0 0 0 3 1 1
-1533.3 -8497.8 -10.3 131 0 8.5 8.0 7.5 2.5 2 0 3 3 3
-601.8 -7287.9 -5.9 216 0 234.6 80.4 14.0 0.0 0 0 4 2 2
-5544.7 -2196.8 -11.7 274 0 75.8 28.9 14.0 0.0 0 0 4 4 4
-2505.7 -9255.2 -17.0 82 0 15.8 101.3 14.0 0.0 0 0 4 1 1
-2456.9 -9301.2 -15.2 312 0 17.8 12.8 14.0 3.5 2 0 4 3 3
-2572.5 -9302.0 -17.1 344 0 36.5 21.6 14.0 0.0 0 0 4 1 1
-2630.7 -9956.8 -11.8 305 0 42.8 14.7 14.0 3.5 2 0 4 0 0
-2889.6 -9812.5 -13.9 281 0 39.7 24.4 14.0 0.0 0 0 4 5 5
-2855.0 -9818.7 -14.0 280 0 25.6 23.5 14.0 0.0 0 0 4 1 1
-2196.0 9468.6 -8.5 218 0 78.8 69.8 10.0 0.0 0 0 4 4 4
-2304.8 -10629.1 -9.9 213 0 132.3 42.9 14.0 0.0 0 0 4 0 0
-2390.2 -10486.9 -6.7 274 0 84.8 52.6 10.5 0.0 0 0 3 5 5
-2467.6 -10908.1 -11.8 206 0 99.6 22.1 14.0 0.0 0 0 4 4 4
4505.0 4612.9 -10.9 306 0 37.9 14.8 31.5 0.0 0 0 9 3 3
4541.3 4586.1 -11.4 306 0 37.9 14.8 28.0 0.0 0 0 8 5 5
4600.3 4474.7 -14.4 81 0 14.9 34.3 28.0 0.0 0 1 8 2 2
4633.1 4475.0 -13.8 81 0 14.9 34.3 28.0 0.0 0 1 8 4 4
4667.6 4476.8 -13.5 81 0 14.9 34.3 28.0 0.0 0 1 8 1 1
4700.0 4483.1 -13.7 81 0 15.0 34.3 28.0 0.0 0 1 8 2 2
4683.0 4590.4 -12.4 261 0 14.9 34.3 28.0 0.0 0 1 8 1 1
4650.1 4584.5 -12.3 260 0 14.5 41.4 28.0 3.5 2 1 8 0 0
4617.3 4577.1 -12.2 260 0 14.5 41.4 28.0 3.5 2 1 8 0 0
4583.3 4569.7 -12.3 260 0 14.5 41.4 28.0 3.5 2 1 8 0 0
4724.9 4603.1 -12.3 259 0 14.7 25.0 28.0 0.0 0 1 8 3 3
4748.8 4568.7 -12.9 314 0 27.1 12.7 28.0 0.0 0 0 8 0 0
4757.7 4540.0 -13.5 301 0 11.9 24.0 28.0 0.0 0 1 8 5 5
4735.4 4497.0 -14.0 167 0 24.8 14.1 28.0 0.0 0 0 8 4 4
4563.0 4473.6 -15.8 347 0 12.4 19.1 7.0 3.5 2 1 2 1 1
4558.8 4491.8 -15.1 347 0 12.4 19.1 7.0 3.5 2 1 2 0 0
4513.0 4539.5 -13.7 304 0 13.7 12.6 7.0 3.5 2 0 2 4 4
4464.4 4558.9 -14.1 253 0 14.8 21.6 10.5 0.0 0 1 3 5 5
4452.9 4527.4 -15.0 35 0 13.0 21.0 7.0 3.5 2 1 2 4 4
4445.0 4506.6 -16.5 350 0 20.9 12.4 7.0 3.5 2 0 2 0 0
4454.5 4483.0 -17.2 320 0 18.9 12.2 10.5 0.0 0 0 3 4 4
4473.6 4464.9 -17.2 303 0 19.4 12.3 7.0 3.5 2 0 2 3 3
4493.8 4459.7 -17.2 285 0 12.2 20.3 7.0 3.5 4 1 2 0 0
4514.3 4454.7 -17.2 278 0 10.9 18.6 10.5 0.0 0 1 3 5 5
4533.0 4451.2 -17.2 277 0 11.7 18.1 7.0 3.5 2 1 2 5 5
4551.7 4449.2 -17.2 273 0 11.9 18.9 7.0 3.5 4 1 2 1 1
4568.6 4449.4 -16.9 267 0 10.6 19.9 7.0 3.5 2 1 2 3 3
4602.8 4447.0 -16.1 260 0 13.3 12.4 10.5 0.0 0 0 3 5 5
4641.0 4451.6 -15.2 260 0 13.3 12.4 7.0 3.5 2 0 2 5 5
4695.3 4458.5 -14.3 260 0 13.3 12.4 7.0 3.5 2 0 2 2 2
4733.8 4463.1 -14.5 260 0 13.3 12.4 7.0 3.5 2 0 2 1 1
4777.6 4460.3 -14.9 299 0 13.4 12.4 7.0 3.5 4 0 2 1 1
4794.9 4457.2 -15.1 309 0 7.4 21.8 10.5 0.0 0 1 3 5 5
4805.2 4450.1 -15.2 309 0 7.4 21.8 10.5 0.0 0 1 3 1 1
4814.8 4442.5 -15.3 309 0 7.4 21.8 10.5 0.0 0 1 3 2 2
4825.0 4436.8 -15.4 309 0 7.4 21.8 10.5 0.0 0 1 3 1 1
4923.0 4818.3 -12.3 214 0 52.3 12.2 17.5 3.5 2 0 5 4 4
4977.1 4892.2 -11.1 212 0 73.9 14.0 17.5 3.5 2 0 5 1 1
5157.1 4550.9 -3.4 126 0 47.2 20.3 10.5 3.5 2 0 3 5 5
5200.2 4519.2 -2.6 128 0 37.0 20.5 10.5 0.0 0 0 3 3 3
5312.1 4715.5 -4.0 174 0 97.7 12.3 21.0 0.0 0 0 6 2 2
5347.3 4758.5 -4.7 265 0 11.0 75.8 21.0 3.5 2 1 6 5 5
5380.3 4761.6 -6.3 266 0 14.1 66.0 21.0 3.5 2 1 6 0 0
5207.0 4662.3 -3.8 302 0 14.4 83.5 21.0 3.5 2 1 6 2 2
5241.4 4652.7 -3.0 294 0 12.5 42.6 21.0 0.0 0 1 6 0 0
5190.1 4563.3 -2.5 128 0 13.0 43.7 21.0 0.0 0 1 6 1 1
5221.7 4548.3 -1.9 129 0 12.3 31.6 21.0 0.0 0 1 6 5 5
5248.2 4529.4 -2.0 127 0 12.4 39.5 21.0 0.0 0 1 6 0 0
5293.6 4525.3 -2.2 34 0 46.6 13.0 21.0 3.5 2 0 6 5 5
5268.5 4644.2 -2.4 293 0 11.5 38.6 21.0 0.0 0 1 6 4 4
5299.9 4639.3 -2.4 285 0 12.4 62.2 21.0 3.5 4 1 6 0 0
5328.9 4648.0 -4.4 266 0 13.4 73.6 21.0 3.5 2 1 6 0 0
5382.0 4588.9 -6.5 69 0 12.0 74.3 21.0 3.5 2 1 6 3 3
5427.8 4608.0 -8.5 60 0 10.7 80.0 21.0 0.0 0 1 6 4 4
5454.1 4623.1 -9.7 59 0 10.3 61.6 21.0 3.5 2 1 6 0 0
5484.8 4639.4 -11.1 60 0 10.2 69.0 21.0 3.5 2 1 6 0 0
5510.1 4655.9 -11.9 60 0 12.9 53.6 21.0 3.5 2 1 6 1 1
5330.2 4532.1 -3.6 136 1 15.0 15.0 28.0 0.0 0 0 8 2 2
5349.6 4551.3 -5.2 148 0 19.2 14.5 28.0 0.0 0 0 8 2 2
5389.9 4558.4 -7.0 61 0 14.3 19.4 28.0 0.0 0 1 8 1 1
5420.9 4569.7 -8.4 62 0 13.1 19.3 28.0 0.0 0 1 8 0 0
5449.6 4581.8 -9.8 62 0 13.1 20.5 21.0 0.0 0 1 6 0 0
5475.8 4592.1 -10.9 59 0 11.6 23.7 28.0 0.0 0 1 8 3 3
5506.3 4603.2 -12.4 60 0 15.4 28.6 28.0 0.0 0 1 8 2 2
5537.0 4608.6 -13.1 59 0 12.8 40.4 31.5 0.0 0 1 9 1 1
5568.6 4616.7 -13.3 58 0 15.8 44.1 28.0 3.5 2 1 8 3 3
5595.9 4628.8 -13.4 58 0 9.3 47.5 10.5 0.0 0 1 3 0 0
5682.8 4680.5 -13.5 59 0 9.1 52.7 10.5 0.0 0 1 3 3 3
5664.9 4644.4 -14.0 59 0 9.1 70.5 10.5 0.0 0 1 3 0 0
5591.6 4710.8 -11.7 58 0 8.2 44.9 10.5 0.0 0 1 3 3 3
5632.5 4635.6 -13.7 58 0 11.9 66.2 28.0 3.5 2 1 8 0 0
5609.5 4802.3 -11.8 238 0 11.9 66.2 21.0 3.5 2 1 6 3 3
5617.1 4724.1 -11.8 58 0 11.9 66.2 21.0 3.5 2 1 6 5 5
5566.6 4685.8 -11.9 58 0 11.9 66.2 21.0 3.5 2 1 6 0 0
5537.7 4671.4 -11.8 58 0 11.9 66.2 21.0 3.5 2 1 6 1 1
5406.7 4769.6 -8.8 237 0 11.7 65.8 21.0 3.5 2 1 6 5 5
5439.2 4777.7 -10.0 238 0 11.9 66.2 21.0 3.5 2 1 6 3 3
5464.3 4792.5 -10.4 237 0 11.7 65.8 21.0 3.5 2 1 6 3 3
5492.5 4807.5 -10.2 237 0 11.7 65.8 21.0 3.5 4 1 6 2 2
5520.9 4823.4 -10.2 237 0 11.7 65.8 21.0 3.5 2 1 6 5 5
5544.5 4847.3 -10.0 237 0 11.7 65.8 21.0 3.5 2 1 6 3 3
5565.3 4881.2 -9.6 237 0 11.7 65.8 21.0 3.5 2 1 6 1 1
5711.5 4781.4 -12.1 328 1 11.2 21.0 24.5 0.0 0 1 7 1 1
5725.4 4797.7 -11.9 310 1 11.0 19.7 24.5 0.0 0 1 7 2 2
5739.7 4842.2 -11.9 287 0 11.7 43.0 24.5 0.0 0 1 7 0 0
5740.4 4866.3 -11.7 339 1 19.9 11.6 24.5 0.0 0 0 7 1 1
5729.3 4891.9 -11.8 331 0 21.6 13.0 24.5 0.0 0 0 7 5 5
5695.7 4917.5 -11.5 221 0 14.5 24.0 24.5 0.0 0 1 7 4 4
5664.8 4837.2 -11.6 270 0 16.6 64.3 24.5 3.5 2 1 7 5 5
5595.2 4898.2 -9.6 216 0 13.6 61.0 24.5 0.0 0 1 7 4 4
5623.9 4929.6 -9.8 216 0 13.6 61.0 24.5 3.5 2 1 7 0 0
5632.1 4970.3 -10.7 216 0 13.6 61.0 24.5 3.5 4 1 7 0 0
5648.9 4998.4 -11.3 216 0 13.6 61.0 24.5 3.5 2 1 7 2 2
5668.7 5025.8 -11.3 216 0 12.0 52.3 24.5 3.5 2 1 7 2 2
5746.9 4963.4 -12.4 0 0 73.4 12.6 42.0 3.5 2 0 12 3 3
5714.4 4674.1 -14.1 91 0 12.5 76.7 42.0 3.5 4 1 12 4 4
5752.7 4666.0 -14.8 90 0 11.9 63.4 42.0 3.5 2 1 12 4 4
5786.1 4685.1 -14.8 90 0 11.9 63.4 42.0 3.5 2 1 12 4 4
5792.8 4795.3 -13.3 360 0 63.4 11.9 42.0 3.5 4 0 12 0 0
5792.8 4893.1 -13.6 360 0 63.4 11.9 42.0 0.0 0 0 12 1 1
5793.6 4975.9 -12.1 360 0 63.4 11.9 42.0 3.5 2 0 12 4 4
5769.3 5078.3 -8.5 318 0 17.6 15.2 63.0 0.0 0 0 18 5 5
5948.3 4841.3 -14.8 21 0 16.8 27.1 10.0 0.0 0 1 4 2 2
5831.7 4732.3 -14.9 154 0 13.9 33.3 10.0 2.5 2 1 4 0 0
5883.2 4751.6 -15.8 44 1 16.5 15.1 10.0 0.0 0 0 4 1 1
5901.0 4771.3 -15.9 32 1 14.9 15.6 10.0 2.5 4 1 4 4 4
5918.2 4794.7 -14.9 26 0 17.0 16.2 10.0 2.5 2 0 4 0 0
5932.4 4814.9 -14.9 23 0 16.3 17.2 10.0 2.5 2 1 4 4 4
5950.6 4863.6 -14.5 25 0 16.2 16.1 10.0 2.5 2 0 4 0 0
5959.8 4883.8 -14.4 29 0 18.2 16.4 10.0 2.5 2 0 4 4 4
5969.0 4911.5 -14.2 13 0 17.4 17.2 10.0 2.5 2 0 4 4 4
5970.5 4965.6 -14.0 280 0 17.8 38.4 10.0 2.5 2 1 4 1 1
5529.0 4988.4 -6.5 304 0 19.3 83.3 7.0 0.0 0 1 2 1 1
5925.3 5021.5 -12.0 122 0 12.8 30.7 10.0 2.5 2 1 4 2 2
5971.0 5082.7 -11.8 32 0 30.7 12.8 10.0 2.5 2 0 4 0 0
6008.4 5139.3 -11.7 32 0 30.7 12.8 10.0 2.5 2 0 4 1 1
6038.7 5187.9 -11.6 32 0 30.7 12.8 10.0 2.5 2 0 4 0 0
5859.6 5291.3 -12.8 221 0 13.3 31.2 50.0 0.0 0 1 20 2 2
5670.0 5285.9 -8.7 128 0 14.5 46.4 17.5 2.5 2 1 7 1 1
5707.4 5269.9 -8.3 38 0 46.4 14.5 17.5 2.5 2 0 7 1 1
5726.3 5249.9 -9.5 128 0 14.5 46.4 17.5 2.5 2 1 7 0 0
5753.5 5230.6 -11.5 128 0 14.5 46.4 17.5 2.5 2 1 7 5 5
5808.6 5291.0 -12.6 38 0 46.4 14.5 17.5 2.5 2 0 7 5 5
5790.3 5333.3 -11.6 308 0 14.5 46.4 17.5 2.5 2 1 7 1 1
5761.1 5355.4 -10.5 308 0 14.5 46.4 17.5 2.5 2 1 7 2 2
5715.2 5359.3 -9.5 218 0 46.4 14.5 17.5 2.5 2 0 7 2 2
5382.5 4901.8 -5.7 217 0 67.4 50.2 7.0 0.0 0 0 2 3 3
5537.3 4927.9 -7.0 34 0 83.3 19.3 7.0 0.0 0 0 2 1 1
5507.7 5005.3 -6.1 304 0 19.3 83.3 7.0 0.0 0 1 2 0 0
5443.4 4992.2 -4.5 215 0 66.1 14.7 7.0 3.5 2 0 2 2 2
5141.3 4892.3 -7.5 89 0 10.0 17.5 5.0 2.5 2 1 2 5 5
5161.6 4875.8 -7.1 89 0 10.0 17.5 5.0 2.5 2 1 2 4 4
5161.6 4898.5 -7.2 89 0 10.0 17.5 5.0 0.0 0 1 2 5 5
5330.0 4833.7 -4.6 89 0 10.0 17.5 5.0 2.5 2 1 2 2 2
5330.3 4854.5 -4.7 89 0 10.0 17.5 5.0 2.5 4 1 2 3 3
5330.8 4875.1 -4.7 89 0 10.0 17.5 5.0 2.5 2 1 2 5 5
5287.7 4832.2 -5.2 89 0 10.0 17.5 5.0 2.5 2 1 2 3 3
5293.9 4903.6 -5.3 359 0 17.5 10.0 5.0 2.5 2 0 2 3 3
5288.0 4852.9 -5.2 89 0 10.0 17.5 5.0 2.5 2 1 2 4 4
5268.8 4834.0 -5.4 89 0 10.0 17.5 5.0 2.5 2 1 2 3 3
5274.9 4905.4 -5.6 359 0 17.5 10.0 5.0 2.5 2 0 2 1 1
5269.0 4854.7 -5.5 89 0 10.0 17.5 5.0 2.5 2 1 2 2 2
5241.6 4898.4 -6.0 89 0 10.0 17.5 5.0 2.5 2 1 2 1 1
5221.1 4878.2 -6.2 89 0 10.0 17.5 5.0 2.5 2 1 2 1 1
5161.2 4924.5 -7.4 89 0 10.0 17.5 5.0 2.5 2 1 2 5 5
5167.3 4996.0 -7.8 359 0 17.5 10.0 5.0 2.5 2 0 2 5 5
5161.9 4965.9 -7.7 89 0 10.0 17.5 5.0 2.5 2 1 2 2 2
5180.1 4945.3 -7.3 89 0 10.0 17.5 5.0 0.0 0 1 2 3 3
5200.9 5004.4 -7.2 269 0 10.0 17.5 5.0 2.5 2 1 2 0 0
5199.9 4962.6 -7.0 269 0 10.0 17.5 5.0 2.5 2 1 2 4 4
5221.1 4924.5 -6.5 89 0 10.0 17.5 5.0 2.5 2 1 2 4 4
5240.6 4941.0 -6.2 269 0 10.0 17.5 5.0 2.5 2 1 2 2 2
5241.9 5003.6 -6.6 269 0 10.0 17.5 5.0 2.5 4 1 2 1 1
5269.5 5002.3 -6.1 269 0 10.0 17.5 5.0 2.5 2 1 2 1 1
5268.5 4960.5 -5.8 269 0 10.0 17.5 5.0 2.5 2 1 2 5 5
5289.8 4981.6 -5.6 269 0 10.0 17.5 5.0 2.5 2 1 2 3 3
5310.0 5002.3 -5.5 269 0 10.0 17.5 5.0 2.5 2 1 2 3 3
5309.3 4943.0 -5.2 89 0 10.0 17.5 5.0 2.5 2 1 2 3 3
5334.9 5002.1 -5.1 269 0 10.0 17.5 5.0 2.5 2 1 2 3 3
5334.1 4942.7 -4.8 89 0 10.0 17.5 5.0 2.5 2 1 2 4 4
5334.4 4980.8 -4.9 269 0 10.0 17.5 5.0 2.5 2 1 2 5 5
5355.5 5002.2 -4.7 269 0 10.0 17.5 5.0 2.5 2 1 2 2 2
5354.7 4942.9 -4.5 89 0 10.0 17.5 5.0 2.5 2 1 2 2 2
5397.2 4986.2 -4.1 89 0 10.0 17.5 5.0 2.5 2 1 2 4 4
5379.4 4973.1 -4.3 359 0 17.5 10.0 5.0 2.5 2 0 2 0 0
5313.1 4861.1 -5.0 359 0 17.5 10.0 5.0 2.5 2 0 2 4 4
5313.1 4883.8 -5.0 359 0 17.5 10.0 5.0 2.5 2 0 2 3 3
5201.4 4875.7 -6.5 89 0 10.0 17.5 5.0 2.5 2 1 2 3 3
5141.2 5000.7 -8.2 269 0 10.0 17.5 5.0 2.5 2 1 2 1 1
5140.7 4958.3 -8.0 89 0 10.0 17.5 5.0 2.5 2 1 2 4 4
5121.2 5000.4 -8.5 269 0 10.0 17.5 5.0 2.5 2 1 2 2 2
5120.7 4958.1 -8.3 89 0 10.0 17.5 5.0 2.5 2 1 2 2 2
5101.5 5000.9 -9.3 269 0 10.0 17.5 5.0 2.5 2 1 2 5 5
5101.0 4958.6 -9.3 89 0 10.0 17.5 5.0 0.0 0 1 2 0 0
5081.4 5002.8 -10.5 269 0 10.0 17.5 5.0 0.0 0 1 2 3 3
5118.7 5036.5 -8.7 218 0 15.6 11.7 5.0 2.5 2 0 2 1 1
5242.2 5041.0 -7.0 38 0 15.6 11.7 5.0 2.5 2 0 2 0 0
5230.5 5024.8 -7.0 37 0 15.6 11.7 5.0 0.0 0 0 2 4 4
5243.7 5085.8 -7.2 307 0 11.7 15.6 5.0 2.5 2 1 2 2 2
5209.1 5027.8 -7.4 37 0 15.6 11.7 5.0 2.5 2 0 2 4 4
5208.5 5061.1 -7.6 38 0 15.6 11.7 5.0 2.5 2 0 2 3 3
5245.1 5122.2 -7.7 127 0 11.7 15.6 5.0 0.0 0 1 2 2 2
5182.2 5080.6 -8.0 217 0 15.6 11.7 5.0 2.5 2 0 2 4 4
5226.8 5122.0 -7.8 37 0 15.6 11.7 5.0 2.5 2 0 2 5 5
5170.5 5064.4 -8.1 217 0 15.6 11.7 5.0 2.5 2 0 2 4 4
5167.1 5092.4 -8.3 217 0 15.6 11.7 5.0 2.5 2 0 2 2 2
5178.0 5108.0 -8.2 217 0 15.6 11.7 5.0 2.5 2 0 2 3 3
5155.3 5076.2 -8.4 217 0 15.6 11.7 5.0 2.5 2 0 2 0 0
5143.4 5107.5 -8.7 217 0 15.6 11.7 5.0 2.5 2 0 2 0 0
5178.6 5155.6 -8.8 218 0 15.6 11.7 5.0 2.5 2 0 2 1 1
5120.8 5075.7 -8.9 218 0 15.6 11.7 5.0 2.5 2 0 2 2 2
5400.6 5026.1 -4.2 128 0 11.7 15.6 5.0 2.5 2 1 2 3 3
5367.4 5058.3 -4.9 217 0 15.6 11.7 5.0 2.5 2 0 2 1 1
5436.7 5034.0 -3.8 38 0 15.6 11.7 5.0 2.5 2 0 2 2 2
5472.0 5082.1 -5.2 38 0 15.6 11.7 5.0 2.5 2 0 2 1 1
5419.6 5043.0 -4.2 38 0 15.6 11.7 5.0 0.0 0 0 2 0 0
5454.9 5100.9 -5.4 307 0 11.7 15.6 5.0 2.5 2 1 2 1 1
5417.7 5071.3 -5.0 38 0 15.6 11.7 5.0 2.5 2 0 2 5 5
5396.4 5062.0 -4.6 217 0 15.6 11.7 5.0 2.5 2 0 2 2 2
5430.3 5097.6 -5.2 308 0 11.7 15.6 5.0 2.5 2 1 2 2 2
5378.2 5073.8 -5.1 217 0 15.6 11.7 5.0 2.5 2 0 2 1 1
5422.9 5124.6 -6.0 308 0 11.7 15.6 5.0 2.5 2 1 2 2 2
5220.3 5210.7 -9.7 218 0 15.6 11.7 5.0 2.5 2 0 2 0 0
5232.9 5227.2 -9.8 217 0 15.6 11.7 5.0 2.5 2 0 2 0 0
5225.8 5181.9 -9.1 217 0 15.6 11.7 5.0 2.5 2 0 2 2 2
5262.2 5179.4 -8.8 37 0 15.6 11.7 5.0 0.0 0 0 2 5 5
5270.6 5161.1 -8.2 308 0 11.7 15.6 5.0 2.5 2 1 2 0 0
5356.9 5083.4 -5.7 127 0 11.7 15.6 5.0 2.5 2 1 2 5 5
5401.6 5143.9 -6.6 308 0 11.7 15.6 5.0 2.5 2 1 2 2 2
5350.1 5109.6 -6.2 128 0 11.7 15.6 5.0 2.5 2 1 2 1 1
5382.9 5153.7 -7.2 308 0 11.7 15.6 5.0 2.5 2 1 2 3 3
5372.1 5138.5 -6.9 307 0 11.7 15.6 5.0 2.5 2 1 2 4 4
5334.0 5122.2 -6.7 128 0 11.7 15.6 5.0 2.5 2 1 2 2 2
5356.0 5151.1 -7.3 308 0 11.7 15.6 5.0 2.5 2 1 2 1 1
5305.4 5116.8 -7.0 128 0 11.7 15.6 5.0 2.5 4 1 2 4 4
5350.1 5177.3 -8.2 307 0 11.7 15.6 5.0 2.5 2 1 2 0 0
5339.4 5162.1 -7.6 308 0 11.7 15.6 5.0 2.5 2 1 2 3 3
5323.1 5186.9 -8.6 217 0 15.6 11.7 5.0 2.5 2 0 2 2 2
5299.8 5155.3 -7.6 217 0 15.6 11.7 5.0 2.5 2 0 2 4 4
5287.8 5129.1 -7.5 128 0 11.7 15.6 5.0 2.5 2 1 2 1 1
5417.6 5366.4 -12.6 126 0 11.9 18.2 3.5 3.5 2 1 1 4 4
5393.4 5334.8 -12.1 126 0 11.9 18.2 3.5 3.5 2 1 1 1 1
5381.9 5317.7 -11.7 126 0 11.9 18.2 3.5 3.5 4 1 1 0 0
5306.6 5333.6 -11.9 215 0 16.9 12.7 7.0 3.5 2 0 2 4 4
5283.4 5288.5 -11.9 124 0 12.2 14.7 7.0 3.5 2 1 2 2 2
5294.3 5315.4 -11.9 216 0 16.8 12.6 7.0 3.5 2 0 2 5 5
5333.2 5313.4 -11.6 35 0 16.9 12.7 7.0 3.5 2 0 2 4 4
5299.5 5275.6 -11.3 124 0 12.2 14.7 7.0 3.5 2 1 2 5 5
5320.7 5295.1 -11.3 36 0 16.8 12.6 7.0 3.5 2 0 2 0 0
5352.9 5301.6 -11.3 35 0 16.9 12.8 7.0 3.5 2 0 2 4 4
5340.4 5283.2 -10.7 36 0 16.8 12.6 7.0 3.5 2 0 2 5 5
5331.7 5236.0 -10.0 37 0 12.6 11.0 7.0 3.5 2 0 2 3 3
5368.8 5287.4 -10.9 35 0 16.9 12.7 7.0 3.5 2 0 2 5 5
5344.4 5252.2 -10.0 35 0 14.7 12.3 7.0 3.5 2 0 2 3 3
5356.3 5269.1 -10.3 36 0 16.8 12.6 7.0 3.5 2 0 2 2 2
5383.2 5278.0 -10.5 215 0 16.9 12.8 7.0 3.5 2 0 2 2 2
5370.9 5259.8 -9.9 216 0 16.8 12.6 7.0 3.5 4 0 2 1 1
5366.8 5206.9 -8.5 126 0 11.0 12.6 7.0 3.5 2 1 2 1 1
5401.6 5267.4 -10.3 215 0 16.9 12.7 7.0 0.0 0 0 2 0 0
5389.4 5249.2 -9.7 216 0 16.8 12.6 7.0 3.5 2 0 2 3 3
5418.8 5255.6 -10.0 215 0 16.9 12.7 7.0 3.5 2 0 2 3 3
5395.6 5210.5 -8.8 124 0 12.2 14.7 7.0 3.5 2 1 2 0 0
5406.7 5226.9 -9.4 126 0 12.6 16.8 7.0 3.5 4 1 2 2 2
5533.2 5171.9 -8.1 35 0 16.9 12.7 7.0 3.5 4 0 2 3 3
5520.8 5153.5 -7.5 36 0 16.8 12.6 7.0 3.5 2 0 2 0 0
5516.6 5185.8 -8.5 35 0 16.9 12.7 7.0 3.5 2 0 2 0 0
5482.9 5148.0 -7.3 124 0 12.2 14.7 7.0 3.5 2 1 2 3 3
5504.1 5167.4 -7.9 36 0 16.8 12.6 7.0 3.5 2 0 2 1 1
5453.9 5143.1 -7.0 127 0 11.0 12.6 7.0 3.5 2 1 2 4 4
5499.2 5196.3 -8.7 35 0 16.9 12.7 7.0 3.5 2 0 2 2 2
5476.7 5174.9 -8.1 126 0 12.7 16.8 7.0 3.5 2 1 2 4 4
5436.0 5156.0 -7.3 127 0 11.0 12.6 7.0 3.5 2 1 2 3 3
5471.2 5205.9 -9.0 125 0 12.7 16.9 7.0 0.0 0 1 2 1 1
5447.6 5171.4 -7.8 124 0 12.2 14.7 7.0 3.5 2 1 2 4 4
5458.7 5187.8 -8.4 126 0 12.6 16.8 7.0 3.5 2 1 2 0 0
5453.5 5218.0 -9.3 125 0 12.7 16.9 7.0 3.5 2 1 2 2 2
5441.0 5199.9 -8.7 126 0 12.6 16.8 7.0 3.5 2 1 2 0 0
5438.3 5244.2 -9.7 215 0 16.9 12.8 7.0 3.5 2 0 2 5 5
5426.2 5215.4 -9.1 126 0 12.6 16.8 7.0 3.5 2 1 2 4 4
5403.4 5183.6 -8.0 127 0 11.0 12.6 7.0 3.5 2 1 2 0 0
5420.1 5317.4 -11.6 126 0 11.9 18.2 3.5 3.5 4 1 1 3 3
5409.2 5311.2 -11.3 216 0 18.2 11.9 3.5 3.5 2 0 1 2 2
5431.1 5333.1 -12.0 126 0 11.9 18.2 3.5 3.5 2 1 1 1 1
5435.2 5305.8 -11.3 126 0 11.9 18.2 7.0 0.0 0 1 2 3 3
5424.3 5299.6 -11.0 216 0 18.2 11.9 3.5 3.5 2 0 1 0 0
5446.2 5321.5 -11.7 126 0 11.9 18.2 3.5 3.5 4 1 1 4 4
5453.6 5304.9 -11.0 216 0 18.2 11.9 3.5 3.5 2 0 1 4 4
5442.2 5287.8 -10.7 216 0 18.2 11.9 7.0 0.0 0 0 2 0 0
5464.2 5309.7 -11.3 126 0 11.9 18.2 3.5 3.5 2 1 1 2 2
5470.0 5293.1 -10.7 216 0 18.2 11.9 3.5 3.5 2 0 1 5 5
5458.6 5275.9 -10.5 216 0 18.2 11.9 3.5 3.5 2 0 1 0 0
5481.0 5308.8 -11.0 216 0 18.2 11.9 3.5 3.5 2 0 1 0 0
5508.4 5300.4 -10.7 306 0 11.9 18.2 7.0 0.0 0 1 2 3 3
5487.2 5280.8 -10.4 216 0 18.2 11.9 3.5 3.5 2 0 1 0 0
5475.8 5263.7 -10.2 216 0 18.2 11.9 3.5 3.5 2 0 1 3 3
5575.0 5297.7 -10.2 36 0 17.1 13.0 3.5 3.5 2 0 1 5 5
5587.1 5326.7 -10.1 306 0 13.0 17.1 3.5 3.5 2 1 1 2 2
5629.6 5347.3 -9.6 306 0 13.0 17.1 3.5 3.5 4 1 1 2 2
5593.4 5286.9 -9.9 36 0 17.1 13.0 3.5 3.5 2 0 1 2 2
5616.6 5320.6 -9.7 36 0 17.1 13.0 3.5 3.5 2 0 1 2 2
5605.9 5305.2 -9.8 36 0 17.1 13.0 3.5 3.5 2 0 1 3 3
5648.1 5324.1 -9.3 36 0 17.1 13.0 3.5 3.5 2 0 1 0 0
5624.5 5305.0 -9.4 126 0 13.0 17.1 3.5 3.5 4 1 1 4 4
5624.0 5292.7 -9.5 36 0 17.1 13.0 3.5 3.5 4 0 1 2 2
5611.6 5274.4 -9.5 36 0 17.1 13.0 3.5 3.5 2 0 1 3 3
5574.0 5223.1 -9.5 35 0 79.1 10.0 3.5 3.5 2 0 1 4 4
5561.7 5234.4 -9.8 35 0 79.1 10.0 3.5 3.5 2 0 1 0 0
5550.5 5246.8 -10.0 35 0 79.1 10.0 3.5 3.5 2 0 1 3 3
5534.0 5249.3 -10.0 35 0 61.9 10.8 3.5 3.5 2 0 1 2 2
5221.0 5219.3 -10.4 36 0 72.9 12.1 7.0 3.5 2 0 2 5 5
5283.3 5328.6 -12.4 213 0 72.2 10.9 10.5 0.0 0 0 3 3 3
5352.9 5372.3 -13.2 214 0 64.6 10.3 14.0 3.5 2 0 4 3 3
5388.8 5423.5 -13.4 214 0 46.9 11.3 14.0 3.5 2 0 4 5 5
5409.2 5403.4 -12.9 212 0 40.4 10.6 14.0 3.5 2 0 4 0 0
5452.9 5348.9 -12.0 123 0 10.1 41.8 14.0 3.5 2 1 4 2 2
5506.2 5373.5 -11.6 302 0 13.9 49.1 14.0 3.5 2 1 4 4 4
5535.4 5356.1 -11.1 304 0 11.3 52.7 14.0 3.5 2 1 4 0 0
5570.1 5392.8 -10.9 34 0 58.7 12.1 14.0 3.5 2 0 4 0 0
5557.6 5441.2 -11.4 302 0 11.8 51.0 17.5 0.0 0 1 5 1 1
5539.3 5475.3 -11.8 302 0 10.7 74.7 17.5 0.0 0 1 5 0 0
5516.2 5491.0 -12.1 303 0 10.6 63.2 14.0 3.5 2 1 4 0 0
5489.2 5510.1 -11.1 301 0 10.6 62.3 14.0 3.5 4 1 4 1 1
5465.5 5525.4 -11.5 303 0 11.6 75.8 14.0 3.5 2 1 4 0 0
5331.2 5386.5 -13.5 216 0 54.3 10.9 7.0 3.5 2 0 2 2 2
5366.4 5435.6 -13.8 215 0 49.5 12.0 7.0 3.5 2 0 2 5 5
5421.9 5511.7 -11.1 214 0 73.0 11.2 10.5 0.0 0 0 3 5 5
5244.7 5690.5 -12.7 45 0 35.5 30.6 0.0 0.0 0 0 0 3 3
5009.9 5635.2 -17.6 132 0 34.6 13.1 49.0 0.0 0 0 14 1 1
5204.3 5747.5 -13.2 318 0 36.6 14.3 7.0 3.5 2 0 2 1 1
5168.0 5805.9 -13.7 304 0 27.9 15.0 3.5 3.5 2 0 1 0 0
1743.3 3949.8 -10.6 131 0 17.6 107.2 3.5 0.0 0 1 1 1 1
1955.8 4031.8 -10.2 89 0 23.6 14.0 3.5 3.5 2 0 1 5 5
1898.5 3973.5 -11.0 92 0 15.1 53.8 3.5 3.5 2 1 1 2 2
1903.5 4034.8 -10.3 76 0 8.4 26.1 3.5 3.5 2 1 1 4 4
1913.1 4089.9 -10.0 317 0 39.6 8.5 3.5 3.5 2 0 1 0 0
1901.1 4086.7 -10.0 315 0 24.0 8.5 3.5 3.5 2 0 1 5 5
1812.8 3870.2 -11.2 257 0 41.6 41.5 3.5 0.0 0 0 1 0 0
1807.9 3941.7 -10.7 164 0 30.9 42.8 3.5 0.0 0 1 1 2 2
1738.8 4221.3 -9.8 217 0 7.4 179.9 3.5 3.5 4 1 1 0 0
2110.5 4316.4 -10.6 26 0 8.0 66.4 3.5 3.5 2 1 1 0 0
2126.1 4307.7 -10.6 302 0 7.6 104.0 3.5 3.5 2 1 1 0 0
2093.1 4199.4 -10.1 307 0 65.1 8.7 3.5 3.5 4 0 1 2 2
2152.7 4097.5 -9.9 319 0 20.6 11.9 3.5 3.5 2 0 1 0 0
2163.2 4076.1 -9.8 322 0 15.4 48.4 3.5 3.5 4 1 1 2 2
2109.5 4046.7 -9.7 101 0 13.8 34.6 3.5 3.5 2 1 1 2 2
2129.5 4120.6 -9.9 282 0 12.4 36.8 3.5 3.5 2 1 1 5 5
2104.3 4123.2 -10.0 194 0 92.2 13.0 3.5 3.5 2 0 1 4 4
2024.9 4223.9 -10.4 123 0 12.7 96.6 3.5 3.5 2 1 1 3 3
1947.5 4253.3 -9.8 304 0 17.9 119.7 3.5 0.0 0 1 1 2 2
1884.2 4312.4 -10.4 123 0 18.5 119.4 3.5 0.0 0 1 1 5 5
1844.0 4340.1 -10.3 124 0 14.6 119.3 3.5 0.0 0 1 1 1 1
1760.3 4303.7 -9.7 214 0 124.1 10.7 3.5 3.5 2 0 1 1 1
1842.0 4421.5 -10.4 215 0 119.1 11.0 3.5 3.5 2 0 1 4 4
2501.9 5178.4 -14.4 302 0 59.1 64.7 3.5 0.0 0 0 1 3 3
2430.0 5214.0 -14.1 212 0 18.3 50.9 3.5 3.5 2 0 1 0 0
2397.6 5227.6 -14.2 212 0 26.3 32.2 3.5 0.0 0 0 1 1 1
2592.4 5090.7 -13.9 79 0 12.9 47.7 3.5 3.5 2 1 1 2 2
2510.8 5262.8 -14.1 27 0 16.3 17.5 3.5 3.5 2 1 1 1 1
2460.0 5302.6 -14.3 206 0 10.6 28.5 3.5 3.5 2 1 1 4 4
2357.0 5170.0 -14.5 209 0 30.3 12.3 3.5 3.5 2 0 1 3 3
2408.3 5134.3 -14.4 213 0 28.0 10.7 3.5 3.5 2 0 1 5 5
2359.0 5081.9 -14.5 214 0 24.1 41.0 3.5 0.0 0 1 1 3 3
2317.0 5110.3 -14.6 214 0 24.4 43.3 3.5 0.0 0 1 1 5 5
2434.5 5028.2 -14.4 35 0 24.3 42.6 3.5 0.0 0 1 1 0 0
2412.6 4998.0 -14.0 31 0 35.0 12.2 3.5 0.0 0 0 1 4 4
2395.8 5010.0 -14.0 32 0 34.4 20.9 3.5 0.0 0 0 1 4 4
2372.0 5027.8 -14.2 29 0 36.5 23.1 3.5 0.0 0 0 1 1 1
2335.4 5050.6 -14.1 216 0 34.4 12.9 3.5 3.5 2 0 1 4 4
2311.1 5067.3 -14.2 215 0 36.0 22.5 3.5 0.0 0 0 1 3 3
2294.4 5077.7 -14.2 213 0 31.0 9.5 3.5 3.5 2 0 1 5 5
2273.3 5046.6 -14.2 218 0 27.4 8.3 3.5 3.5 2 0 1 3 3
2263.3 5052.8 -14.3 213 0 21.0 9.4 3.5 3.5 2 0 1 2 2
2250.9 5014.5 -14.5 215 0 19.7 8.0 3.5 3.5 2 0 1 2 2
2241.9 5024.8 -14.6 214 0 23.5 10.7 3.5 3.5 2 0 1 5 5
2226.7 5001.8 -14.5 215 0 20.7 11.7 3.5 3.5 2 0 1 3 3
2237.8 4991.9 -14.5 211 0 22.6 122.6 3.5 0.0 0 1 1 1 1
2350.4 4902.0 -14.2 33 0 37.8 11.0 3.5 3.5 2 0 1 0 0
2329.5 4875.2 -14.2 39 0 9.6 16.4 3.5 3.5 2 1 1 2 2
2219.7 4965.5 -14.4 215 0 23.8 121.9 3.5 0.0 0 1 1 2 2
2209.1 4973.8 -14.4 212 0 19.8 8.5 3.5 3.5 2 0 1 5 5
3506.3 4946.7 -12.0 34 0 104.5 14.6 3.5 3.5 2 0 1 0 0
3578.0 5028.3 -9.2 35 0 66.4 17.3 3.5 3.5 2 0 1 2 2
3531.6 5320.3 -13.3 304 0 57.3 70.4 3.5 0.0 0 1 1 4 4
3569.3 5292.3 -12.7 307 0 14.4 68.6 3.5 3.5 2 1 1 1 1
3589.5 5279.4 -12.3 301 0 24.1 67.7 3.5 0.0 0 1 1 5 5
3642.6 5244.4 -11.7 305 0 68.8 70.7 3.5 0.0 0 1 1 5 5
3592.5 5120.8 -10.7 35 0 69.7 31.3 3.5 0.0 0 0 1 5 5
3560.1 5143.9 -11.2 33 0 64.1 25.0 3.5 3.5 2 0 1 1 1
3511.8 5208.0 -12.2 312 0 18.4 58.0 3.5 3.5 2 1 1 5 5
3526.0 5162.7 -11.8 37 0 64.6 25.3 3.5 0.0 0 0 1 0 0
3541.7 5048.0 -10.0 34 0 67.4 57.3 3.5 0.0 0 0 1 0 0
4286.1 4954.3 -6.7 129 0 18.3 24.1 7.0 3.5 2 0 2 3 3
4239.6 5009.3 -5.3 310 0 23.8 17.9 7.0 3.5 2 0 2 0 0
3108.2 5794.7 -12.7 27 0 14.4 72.9 17.5 3.5 2 1 5 1 1
2994.6 5810.6 -13.0 131 0 9.2 25.3 10.5 3.5 2 1 3 0 0
3115.8 5732.9 -15.2 8 0 8.9 44.5 10.5 0.0 0 1 3 5 5
3120.3 5766.8 -14.6 34 0 49.0 16.7 38.5 0.0 0 0 11 1 1
3145.1 5797.2 -12.5 109 0 6.0 29.1 10.5 3.5 2 1 3 3 3
3068.0 5867.0 -12.1 216 0 19.8 84.0 35.0 0.0 0 1 10 3 3
3391.7 5611.9 -16.1 33 0 53.7 9.1 10.5 0.0 0 0 3 1 1
3213.5 5817.1 -11.8 302 0 23.0 33.0 3.5 0.0 0 1 1 3 3
3255.5 5796.3 -10.8 303 0 31.1 11.6 3.5 3.5 2 0 1 0 0
3220.7 5732.1 -13.0 139 0 7.1 34.8 3.5 3.5 2 1 1 2 2
3279.7 5742.2 -12.0 22 0 40.0 14.4 3.5 3.5 4 0 1 1 1
3270.7 5705.9 -12.7 24 0 6.2 25.9 3.5 3.5 4 1 1 4 4
3272.6 5625.3 -14.0 39 0 8.5 30.6 3.5 3.5 2 1 1 4 4
3222.7 5612.1 -14.8 114 0 7.5 12.2 3.5 3.5 2 1 1 4 4
3231.7 5605.3 -14.6 127 0 7.9 15.3 3.5 3.5 2 1 1 2 2
3209.2 5560.3 -14.8 311 0 18.5 17.7 3.5 3.5 2 0 1 2 2
3275.8 5440.7 -14.2 33 0 31.4 18.7 77.0 0.0 0 0 22 5 5
3186.5 5416.2 -12.9 215 0 36.8 32.0 77.0 0.0 0 0 22 3 3
3026.6 5370.5 -13.4 306 0 16.1 34.3 77.0 0.0 0 1 22 5 5
2992.1 5281.1 -13.1 125 0 25.0 22.8 77.0 0.0 0 0 22 1 1
3046.9 5335.9 -13.2 299 0 17.7 41.1 77.0 3.5 2 1 22 4 4
3156.8 5279.6 -12.8 33 0 164.5 14.4 3.5 0.0 0 0 1 0 0
2974.6 5025.2 -12.5 123 0 14.2 28.2 77.0 0.0 0 1 22 1 1
3300.4 5399.8 -14.6 212 0 46.3 7.7 3.5 3.5 2 0 1 1 1
3301.1 5373.6 -14.3 122 0 7.1 39.5 3.5 3.5 2 1 1 2 2
3310.3 5374.2 -13.8 121 0 5.3 8.7 3.5 3.5 2 1 1 3 3
3326.5 5369.9 -13.8 37 0 8.2 6.0 3.5 3.5 2 0 1 3 3
3354.5 5445.0 -15.1 304 0 26.0 11.3 3.5 3.5 2 0 1 4 4
3392.0 5531.2 -13.8 217 0 27.4 12.4 7.0 3.5 2 0 2 4 4
3442.8 5583.8 -14.6 215 0 81.3 71.4 7.0 0.0 0 0 2 1 1
3490.7 5402.4 -12.8 125 0 21.0 8.1 7.0 3.5 2 0 2 3 3
3656.4 5390.0 -10.5 113 0 61.4 10.2 3.5 3.5 2 0 1 1 1
3709.0 5272.1 -9.9 91 0 11.0 27.5 56.0 0.0 0 1 16 0 0
3783.5 5296.5 -8.8 34 0 17.0 27.8 56.0 0.0 0 1 16 2 2
3813.0 5365.4 -8.7 31 0 17.5 63.5 56.0 3.5 2 1 16 3 3
3452.2 5241.8 -13.2 215 0 11.2 45.9 3.5 3.5 2 1 1 1 1
3488.9 5340.9 -13.1 307 0 36.3 13.8 3.5 3.5 2 0 1 5 5
3466.0 5332.6 -13.9 307 0 26.3 47.5 3.5 0.0 0 1 1 2 2
3446.9 5373.1 -14.2 303 0 21.3 64.4 7.0 0.0 0 1 2 4 4
3384.2 5256.5 -14.0 217 0 64.8 45.5 3.5 0.0 0 0 1 5 5
3428.9 5214.5 -13.0 216 0 41.9 22.2 3.5 0.0 0 0 1 0 0
3447.0 5201.5 -12.6 218 0 48.8 22.2 3.5 3.5 2 0 1 1 1
3471.5 5087.9 -10.9 34 0 70.7 59.4 3.5 0.0 0 0 1 3 3
3381.6 5151.4 -11.6 215 0 64.8 43.6 3.5 0.0 0 0 1 0 0
3360.0 5173.8 -12.0 218 0 67.3 13.2 3.5 3.5 2 0 1 5 5
3320.4 5199.9 -12.9 217 0 69.9 38.6 3.5 0.0 0 0 1 0 0
3261.6 5045.6 -12.5 123 0 63.4 101.0 3.5 0.0 0 1 1 1 1
3344.0 4986.0 -12.1 118 0 15.3 43.9 3.5 3.5 2 0 1 0 0
3315.2 5003.4 -12.1 122 0 51.9 101.4 3.5 0.0 0 0 1 3 3
3375.5 4960.2 -12.1 125 0 29.3 100.9 3.5 0.0 0 1 1 1 1
3416.7 4934.9 -12.2 127 0 47.6 100.1 3.5 0.0 0 1 1 2 2
3619.7 5785.7 -7.0 303 0 25.0 9.9 3.5 3.5 2 0 1 0 0
3622.4 5681.4 -5.8 302 0 24.4 8.4 3.5 3.5 2 0 1 3 3
3599.4 5650.3 -6.4 125 0 25.7 8.7 7.0 0.0 0 0 2 5 5
3618.4 5643.5 -6.0 119 0 7.1 27.0 3.5 3.5 2 1 1 4 4
3627.8 5636.6 -6.2 128 0 7.3 27.5 3.5 3.5 2 1 1 3 3
3707.5 5653.3 -9.6 217 0 33.7 113.0 7.0 0.0 0 1 2 2 2
3889.2 5518.4 -10.4 215 0 37.3 8.4 2.5 2.5 2 0 1 2 2
3962.4 5496.5 -10.8 309 0 39.9 15.1 2.5 2.5 2 0 1 0 0
3798.9 6031.9 -11.1 304 0 9.0 18.9 3.5 3.5 2 1 1 4 4
3765.9 5992.0 -10.8 216 0 18.5 9.0 3.5 3.5 2 0 1 0 0
3741.3 5959.1 -10.3 218 0 18.4 9.5 3.5 3.5 2 0 1 2 2
3768.8 5964.3 -10.7 216 0 18.2 9.8 3.5 3.5 4 0 1 3 3
3781.6 5981.2 -10.9 218 0 18.8 9.2 3.5 3.5 2 0 1 1 1
3815.8 6019.9 -11.2 311 0 9.2 18.5 3.5 3.5 2 1 1 1 1
3819.8 5990.6 -11.3 298 0 10.1 17.6 3.5 3.5 2 1 1 3 3
3793.5 5947.0 -10.8 34 0 18.2 9.6 3.5 3.5 2 0 1 4 4
3796.0 5918.0 -10.4 39 0 18.7 9.3 3.5 3.5 2 0 1 3 3
3808.0 5934.6 -10.9 37 0 18.3 8.9 3.5 3.5 2 0 1 4 4
3820.4 5950.7 -11.1 41 0 17.9 9.2 3.5 3.5 2 0 1 2 2
3833.4 5968.2 -11.3 37 0 18.8 10.0 3.5 3.5 2 0 1 0 0
3812.1 5911.3 -10.6 36 0 18.8 9.0 3.5 3.5 2 0 1 3 3
3829.4 5934.8 -11.0 34 0 18.5 9.1 3.5 3.5 2 0 1 2 2
3844.8 5930.4 -11.2 215 0 18.0 10.0 3.5 3.5 2 0 1 2 2
3861.9 5919.6 -11.3 216 0 18.9 9.8 3.5 3.5 2 0 1 0 0
3836.9 5875.8 -10.4 124 0 9.0 16.3 3.5 3.5 2 1 1 0 0
3854.3 5865.2 -10.5 130 0 9.4 14.9 3.5 3.5 2 1 1 5 5
3865.1 5879.4 -11.1 127 0 9.4 17.6 3.5 3.5 4 1 1 3 3
3888.2 5910.7 -11.4 302 0 8.6 18.1 7.0 0.0 0 1 2 5 5
3900.0 5928.5 -11.7 299 0 10.0 19.0 3.5 3.5 2 1 1 3 3
3922.7 5913.6 -11.8 307 0 9.0 18.0 3.5 3.5 2 1 1 1 1
3911.0 5897.6 -11.6 306 0 9.4 18.0 3.5 3.5 2 1 1 2 2
3890.9 5837.2 -10.7 128 0 9.4 18.2 3.5 3.5 4 1 1 1 1
3907.0 5825.8 -10.9 127 0 9.3 18.2 3.5 3.5 2 1 1 3 3
3919.6 5843.1 -11.3 128 0 9.0 17.9 3.5 3.5 4 1 1 1 1
3942.4 5874.2 -11.7 307 0 9.6 17.6 3.5 3.5 2 1 1 4 4
3954.5 5891.4 -11.9 306 0 9.6 18.0 3.5 3.5 2 1 1 2 2
3972.9 5877.9 -12.0 306 0 9.4 18.0 7.0 0.0 0 1 2 4 4
3949.5 5806.2 -11.3 38 0 18.7 10.4 3.5 3.5 2 0 1 4 4
3960.3 5823.6 -11.4 39 0 18.8 9.7 3.5 3.5 2 0 1 3 3
3985.1 5857.2 -12.1 39 0 18.6 8.8 3.5 3.5 4 0 1 4 4
3969.3 5793.9 -11.5 217 0 18.1 10.1 3.5 3.5 4 0 1 3 3
3992.9 5802.0 -11.6 218 0 17.7 9.2 3.5 3.5 4 0 1 0 0
3992.6 5828.3 -12.0 217 0 18.1 9.3 7.0 0.0 0 0 2 5 5
4004.2 5845.2 -12.2 218 0 17.9 9.1 3.5 3.5 2 0 1 0 0
3994.3 5763.7 -11.8 130 0 9.9 19.0 7.0 0.0 0 1 2 5 5
4031.8 5812.0 -12.2 309 0 9.2 17.3 3.5 3.5 2 1 1 1 1
4039.9 5741.8 -12.2 37 0 18.1 10.1 3.5 3.5 2 0 1 0 0
3982.8 6104.0 -12.4 37 0 18.7 9.2 3.5 3.5 2 0 1 1 1
4042.4 6062.2 -12.3 216 0 18.6 10.4 3.5 3.5 2 0 1 0 0
4018.5 6202.8 -14.1 37 0 18.3 9.5 3.5 3.5 2 0 1 0 0
4006.6 6185.3 -14.0 38 0 18.4 9.0 3.5 3.5 2 0 1 0 0
3994.4 6168.5 -13.6 35 0 18.2 9.7 7.0 0.0 0 0 2 4 4
3988.6 6135.5 -13.2 128 0 9.7 18.2 3.5 3.5 2 1 1 2 2
4003.1 6162.4 -13.6 222 0 18.3 10.1 3.5 3.5 2 0 1 1 1
4015.6 6179.3 -14.0 218 0 18.6 9.2 3.5 3.5 2 0 1 0 0
4035.9 6190.7 -14.1 39 0 18.7 9.5 3.5 3.5 2 0 1 4 4
4005.9 6123.0 -13.1 128 0 9.6 17.7 3.5 3.5 2 1 1 0 0
4048.2 6155.6 -13.9 219 0 18.1 9.8 3.5 3.5 2 0 1 2 2
4061.2 6172.0 -14.2 220 0 18.5 9.3 3.5 3.5 2 0 1 1 1
4038.4 6099.6 -13.1 121 0 9.5 17.9 3.5 3.5 2 1 1 4 4
4077.6 6158.7 -14.2 216 0 18.3 9.8 3.5 3.5 2 0 1 5 5
4084.4 6103.0 -13.5 36 0 18.1 9.2 3.5 3.5 2 0 1 5 5
4077.8 6079.9 -13.1 217 0 19.1 9.5 3.5 3.5 2 0 1 3 3
4115.4 6079.9 -13.4 36 0 18.3 9.9 3.5 3.5 2 0 1 3 3
4127.6 6098.1 -13.8 32 0 18.7 9.5 3.5 3.5 2 0 1 3 3
4140.8 6113.8 -14.3 34 0 18.7 9.4 3.5 3.5 2 0 1 0 0
4119.1 6051.0 -13.0 36 0 18.3 9.4 3.5 3.5 2 0 1 1 1
4132.5 6067.8 -13.4 36 0 17.5 9.7 3.5 3.5 2 0 1 5 5
4156.8 6102.2 -14.2 33 0 18.5 9.3 3.5 3.5 2 0 1 5 5
4173.8 6088.5 -14.2 35 0 17.3 9.4 3.5 3.5 2 0 1 2 2
4127.5 6035.1 -12.9 128 0 9.9 18.8 3.5 3.5 2 1 1 3 3
4155.9 6012.6 -13.5 128 0 13.3 52.3 17.5 3.5 2 1 5 1 1
4187.9 5988.5 -13.4 128 0 13.0 51.9 21.0 0.0 0 1 6 1 1
4210.7 5972.9 -13.4 126 0 13.1 51.6 17.5 3.5 2 1 5 1 1
4239.3 5946.3 -13.5 127 0 15.0 67.5 3.5 3.5 2 1 1 2 2
4318.8 6053.6 -15.0 308 0 14.2 58.9 17.5 3.5 2 1 5 5 5
4281.1 6056.5 -14.9 36 0 47.5 10.6 17.5 3.5 2 0 5 2 2
4255.1 6072.1 -14.8 36 0 45.8 9.7 10.5 3.5 2 0 3 5 5
4223.5 6092.0 -14.8 38 0 56.9 11.6 17.5 3.5 2 0 5 4 4
4243.8 6121.0 -15.1 128 0 11.1 54.8 17.5 3.5 2 1 5 2 2
4297.5 6203.6 -15.6 217 0 67.6 12.2 17.5 3.5 2 0 5 5 5
4332.7 6251.2 -15.8 218 1 23.0 10.1 17.5 3.5 2 0 5 0 0
3932.2 5936.6 -12.0 90 0 11.4 45.7 3.5 3.5 2 1 1 0 0
3938.3 6032.7 -12.1 0 0 73.5 10.1 3.5 3.5 2 0 1 1 1
3906.3 6051.1 -11.9 270 0 10.8 37.1 3.5 3.5 2 1 1 4 4
3903.0 5948.7 -11.8 92 0 13.5 47.9 3.5 3.5 2 1 1 5 5
3866.3 5998.5 -11.6 182 0 37.7 14.7 3.5 3.5 2 0 1 4 4
3855.4 6030.9 -11.5 34 0 35.7 85.4 3.5 0.0 0 1 1 3 3
3973.7 6197.1 -14.0 127 0 10.8 40.6 21.0 0.0 0 1 6 5 5
3957.2 6164.2 -13.3 35 0 35.0 10.1 17.5 3.5 2 0 5 2 2
3845.9 6082.0 -11.4 216 0 59.4 10.1 17.5 3.5 4 0 5 5 5
3917.2 6172.7 -13.3 125 0 10.5 35.2 17.5 3.5 2 1 5 1 1
3948.6 6223.1 -13.9 215 0 40.8 9.8 10.5 3.5 2 0 3 1 1
4214.9 6134.1 -14.9 37 0 70.9 10.7 17.5 3.5 2 0 5 2 2
4159.6 6129.7 -14.8 125 0 12.0 71.1 17.5 3.5 2 1 5 5 5
4176.9 6201.5 -14.8 296 0 11.1 67.4 17.5 3.5 2 1 5 0 0
4152.9 6221.9 -14.8 298 0 11.0 69.4 17.5 3.5 2 1 5 1 1
4088.8 6179.7 -14.6 124 0 10.4 66.3 17.5 3.5 2 1 5 1 1
4061.2 6200.4 -14.5 125 0 9.5 70.8 10.5 3.5 2 1 3 2 2
4034.3 6220.1 -14.5 125 0 11.0 65.9 21.0 0.0 0 1 6 3 3
4028.1 6258.1 -14.5 36 0 57.5 11.1 17.5 3.5 2 0 5 1 1
4314.5 6269.3 -15.7 37 0 25.8 9.5 10.5 3.5 2 0 3 0 0
4260.1 6194.5 -15.3 36 0 46.5 10.6 17.5 3.5 2 0 5 5 5
4294.3 6241.8 -15.6 36 0 43.0 10.7 17.5 3.5 2 0 5 3 3
4239.6 6228.1 -15.3 36 0 70.1 10.6 17.5 3.5 2 0 5 3 3
4279.1 6283.0 -15.7 34 0 47.3 10.9 17.5 3.5 2 0 5 2 2
4239.5 6291.3 -15.7 214 0 74.0 10.3 17.5 3.5 2 0 5 0 0
4198.9 6238.6 -15.1 214 0 43.7 12.2 17.5 3.5 2 0 5 1 1
4184.6 6251.6 -15.1 36 0 44.9 11.1 17.5 3.5 2 0 5 2 2
4224.8 6305.9 -16.1 34 0 70.9 11.7 17.5 3.5 2 0 5 0 0
4185.0 6338.8 -15.5 215 0 66.0 11.2 17.5 3.5 2 0 5 1 1
4169.7 6351.9 -16.0 35 0 66.7 11.3 17.5 3.5 2 0 5 5 5
4160.4 6395.6 -15.6 298 0 10.2 66.5 17.5 3.5 2 1 5 0 0
4094.2 6299.6 -15.8 33 0 49.8 10.9 17.5 3.5 2 0 5 4 4
4128.8 6397.4 -14.6 34 0 43.2 10.7 17.5 3.5 2 0 5 2 2
3821.4 6374.6 -16.6 258 0 10.0 47.7 7.0 3.5 2 1 2 3 3
3845.6 6398.6 -17.1 262 0 13.4 23.6 7.0 3.5 2 1 2 4 4
3898.5 6460.9 -16.3 258 0 13.9 44.3 7.0 3.5 2 1 2 0 0
3923.9 6490.9 -15.6 259 0 12.1 42.3 7.0 3.5 2 1 2 3 3
3856.3 6281.7 -14.6 24 0 11.3 35.9 10.5 3.5 2 0 3 1 1
3788.4 6321.5 -15.2 214 0 11.2 28.1 10.5 3.5 2 0 3 3 3
3453.9 5739.6 -6.8 124 0 8.8 31.6 3.5 3.5 2 0 1 0 0
3407.4 5771.3 -7.0 124 0 9.0 32.2 3.5 3.5 2 0 1 0 0
3382.7 5788.1 -6.8 124 0 9.5 32.1 3.5 3.5 2 0 1 0 0
3276.6 5851.3 -9.2 123 0 81.9 38.8 3.5 0.0 0 0 1 4 4
3317.9 5884.5 -9.1 122 0 8.9 9.2 3.5 3.5 2 1 1 5 5
3323.1 5895.3 -9.1 116 0 12.3 6.2 3.5 3.5 2 0 1 2 2
3332.6 5873.4 -9.2 119 0 4.5 17.0 3.5 3.5 2 1 1 1 1
3349.6 5802.1 -7.4 129 0 37.3 17.0 17.5 0.0 0 0 5 4 4
3244.5 6025.0 -11.3 262 0 38.9 6.8 7.0 0.0 0 0 2 4 4
3172.0 6015.3 -11.4 207 0 10.1 12.1 3.5 3.5 2 0 1 1 1
3173.5 5937.0 -10.5 124 0 70.2 19.7 31.5 0.0 0 0 9 1 1
3228.1 5880.4 -9.3 110 0 25.5 12.8 21.0 0.0 0 0 6 0 0
3242.2 5901.5 -10.0 115 0 32.1 48.9 14.0 0.0 0 0 4 0 0
3285.4 5994.9 -10.8 298 0 38.3 44.7 17.5 0.0 0 1 5 2 2
3294.3 6021.6 -11.1 220 0 16.0 34.2 3.5 3.5 2 1 1 5 5
3364.0 6051.9 -11.2 213 0 5.2 5.8 3.5 3.5 2 0 1 2 2
3370.0 6050.5 -11.2 213 0 61.4 25.6 3.5 0.0 0 0 1 3 3
3322.5 5980.7 -10.4 213 0 30.9 37.0 3.5 0.0 0 1 1 3 3
3343.0 5913.7 -9.7 123 0 21.8 48.6 3.5 3.5 2 1 1 5 5
3405.3 5973.3 -9.8 272 0 10.7 20.7 3.5 3.5 2 1 1 2 2
3417.9 5974.8 -9.8 269 0 9.9 15.9 3.5 3.5 2 1 1 4 4
3367.5 5896.8 -9.1 125 0 17.4 30.9 3.5 3.5 2 1 1 2 2
3396.4 5869.4 -9.1 123 0 28.1 38.6 3.5 0.0 0 1 1 5 5
3379.3 5847.6 -9.0 127 0 35.5 12.9 3.5 3.5 2 0 1 3 3
3408.9 5825.9 -8.8 126 0 9.0 63.7 7.0 0.0 0 1 2 2 2
3427.5 5805.8 -6.2 126 0 9.3 64.2 3.5 3.5 4 1 1 2 2
3475.7 5811.9 -5.5 36 0 64.5 8.9 3.5 3.5 2 0 1 3 3
3498.3 5799.9 -5.0 34 0 62.7 10.2 3.5 3.5 2 0 1 0 0
3463.6 5907.6 -9.0 25 0 11.1 23.5 3.5 3.5 2 1 1 2 2
3495.5 5895.9 -9.0 11 0 10.3 6.2 3.5 3.5 2 0 1 2 2
3533.2 5851.7 -6.8 35 0 54.3 10.0 7.0 0.0 0 0 2 5 5
3568.2 5906.5 -8.8 40 0 67.1 8.8 7.0 0.0 0 0 2 2 2
3512.1 5790.1 -4.4 36 0 55.8 9.2 10.5 3.5 2 0 3 4 4
3547.1 5841.4 -5.4 35 0 52.7 9.5 10.5 3.5 2 0 3 5 5
3579.0 5887.0 -8.8 36 0 47.1 9.5 10.5 3.5 2 0 3 4 4
3594.9 5956.6 -9.1 38 0 32.0 11.6 3.5 3.5 2 0 1 3 3
3570.9 5972.1 -9.4 38 0 33.1 9.9 3.5 3.5 2 0 1 0 0
3547.1 5984.7 -9.7 37 0 31.8 12.0 3.5 3.5 2 0 1 2 2
3525.6 6002.0 -10.0 36 0 36.7 10.7 3.5 3.5 4 0 1 5 5
3632.5 6143.3 -11.5 258 0 12.0 24.8 7.0 0.0 0 1 2 4 4
3682.5 6200.5 -11.5 260 0 12.7 45.8 3.5 3.5 2 1 1 5 5
3709.1 6230.0 -12.3 260 0 11.6 45.4 77.0 0.0 0 1 22 5 5
3747.4 6192.8 -12.8 81 0 11.7 50.6 3.5 3.5 2 1 1 0 0
3753.4 6274.2 -13.9 214 0 8.9 30.3 3.5 3.5 2 0 1 1 1
3807.8 6233.2 -13.6 39 0 10.1 24.4 3.5 3.5 2 0 1 3 3
3805.5 6197.6 -12.9 35 0 46.6 11.6 63.0 0.0 0 0 18 1 1
3755.3 6131.0 -11.3 36 0 72.2 13.8 63.0 3.5 2 0 18 5 5
3716.2 6076.4 -10.9 35 0 57.8 14.2 63.0 3.5 2 0 18 1 1
3677.4 6016.0 -10.6 38 0 51.7 12.9 63.0 3.5 2 0 18 2 2
3650.4 6029.7 -10.8 36 0 40.5 12.6 3.5 3.5 2 0 1 3 3
3648.7 6073.6 -11.3 34 0 9.5 25.4 3.5 3.5 2 1 1 0 0
3630.7 6048.7 -11.1 35 0 47.1 12.0 3.5 3.5 2 0 1 1 1
3610.2 6088.6 -11.4 306 0 12.1 51.5 3.5 3.5 2 1 1 4 4
3596.3 6118.8 -11.5 306 0 8.9 31.5 3.5 3.5 2 1 1 5 5
3577.5 6088.8 -11.4 305 0 11.1 45.1 3.5 3.5 2 1 1 5 5
3425.6 6081.7 -11.5 214 0 18.3 29.8 7.0 0.0 0 1 2 3 3
3438.5 6147.5 -12.4 222 0 10.6 50.8 3.5 3.5 2 1 1 2 2
3460.7 6145.8 -12.3 126 0 14.7 47.2 3.5 3.5 2 1 1 1 1
3554.0 6274.6 -12.3 288 0 11.2 40.0 7.0 0.0 0 1 2 5 5
3486.4 6329.3 -12.7 274 0 9.5 55.3 3.5 3.5 2 1 1 0 0
5015.4 4651.6 -8.3 127 0 83.4 18.9 7.0 3.5 2 0 2 1 1
4934.1 4709.8 -11.5 126 0 92.1 19.1 7.0 0.0 0 0 2 3 3
4083.7 4809.9 -10.5 356 0 30.9 29.1 77.0 0.0 0 0 22 5 5
4110.2 4855.3 -8.7 267 0 12.5 40.8 63.0 0.0 0 1 18 0 0
4028.7 4848.9 -10.2 266 0 29.1 30.9 77.0 0.0 0 1 22 2 2
4116.8 4753.6 -11.2 87 0 12.5 40.8 63.0 0.0 0 1 18 5 5
4157.2 4854.8 -7.9 267 0 12.5 40.8 63.0 0.0 0 1 18 5 5
4213.8 4862.3 -7.9 273 0 15.2 71.0 63.0 3.5 2 1 18 4 4
4273.0 4861.4 -5.7 270 0 12.9 45.4 63.0 0.0 0 1 18 3 3
4240.2 4657.6 -13.3 127 0 54.9 11.8 7.0 3.5 2 0 2 4 4
4190.3 4687.9 -12.6 115 0 54.0 11.9 7.0 3.5 2 0 2 1 1
4507.1 4506.0 -15.3 304 0 13.7 12.6 7.0 3.5 2 0 2 2 2
4467.1 4518.2 -15.4 224 0 17.3 13.0 7.0 3.5 4 0 2 5 5
4506.0 4470.6 -16.3 136 0 12.7 19.6 7.0 3.5 2 1 2 2 2
4318.9 5188.1 -12.1 131 0 18.0 42.3 66.5 3.5 2 1 19 2 2
4341.4 5155.3 -10.5 126 0 41.5 18.5 38.5 0.0 0 0 11 3 3
4482.8 5097.9 -11.9 81 0 17.5 56.2 28.0 3.5 2 1 8 4 4
4465.3 5214.6 -13.6 261 0 17.5 56.2 28.0 3.5 2 1 8 3 3
4488.9 5243.1 -14.8 260 0 17.5 81.0 28.0 3.5 2 1 8 2 2
4524.5 5225.7 -14.7 261 0 17.5 56.2 28.0 3.5 2 1 8 2 2
4533.6 5165.5 -13.3 261 0 17.5 56.2 28.0 3.5 2 1 8 1 1
4565.0 5169.5 -14.0 261 0 17.5 56.2 28.0 3.5 2 1 8 0 0
4401.0 5100.9 -10.2 124 0 41.4 20.4 17.5 3.5 2 0 5 4 4
4441.2 5070.3 -10.9 124 0 28.5 28.7 31.5 0.0 0 1 9 4 4
4475.9 5051.1 -11.9 130 0 19.5 55.5 35.0 3.5 2 1 10 5 5
4500.6 5028.1 -12.6 128 0 17.7 88.4 35.0 3.5 2 1 10 2 2
4622.6 5054.1 -13.8 60 0 16.8 60.5 56.0 3.5 2 1 16 4 4
4665.3 4984.5 -13.1 116 0 15.7 43.5 10.5 0.0 0 1 3 0 0
4677.0 5035.6 -13.9 91 0 15.2 44.3 7.0 3.5 2 1 2 3 3
4690.6 5107.0 -15.1 7 0 42.7 14.6 7.0 3.5 2 0 2 3 3
4714.8 4982.2 -13.7 26 0 43.5 15.7 7.0 3.5 2 0 2 4 4
4727.6 5122.1 -16.0 352 0 48.2 15.3 7.0 3.5 4 0 2 2 2
5239.2 4782.8 -5.4 288 0 41.0 50.6 28.0 0.0 0 1 8 2 2
5193.7 4803.5 -6.0 289 0 12.3 51.5 28.0 3.5 2 1 8 0 0
5148.1 4829.4 -7.0 290 0 19.3 48.8 7.0 3.5 2 1 2 0 0
5151.4 4675.9 -6.2 30 0 33.8 67.9 3.5 0.0 0 1 1 3 3
5133.3 4639.2 -5.8 31 0 43.9 54.0 3.5 0.0 0 1 1 5 5
5085.2 4590.5 -5.5 121 0 66.5 18.2 28.0 3.5 2 0 8 1 1
4886.2 4776.4 -12.4 217 0 37.9 28.9 10.5 0.0 0 0 3 3 3
5174.3 4656.3 -4.2 210 0 51.9 10.2 17.5 3.5 2 0 5 5 5
5990.3 4389.8 -13.4 261 0 31.8 32.3 66.5 0.0 0 1 19 1 1
5923.7 4380.3 -12.8 261 0 31.8 32.3 66.5 0.0 0 1 19 4 4
5858.3 4367.7 -12.0 261 0 31.8 32.3 66.5 0.0 0 1 19 2 2
5781.3 4358.4 -10.5 261 0 31.8 32.3 66.5 0.0 0 1 19 4 4
5714.3 4228.0 -9.2 126 0 38.8 38.7 66.5 0.0 0 0 19 4 4
5647.3 4264.9 -8.7 126 0 38.8 38.7 28.0 0.0 0 0 8 5 5
5645.6 4310.5 -9.0 217 0 43.6 76.9 7.0 0.0 0 1 2 1 1
6023.2 4314.3 -14.2 351 0 32.3 31.8 66.5 0.0 0 0 19 2 2
6035.1 4256.3 -14.8 349 0 32.8 25.6 35.0 0.0 0 0 10 3 3
6417.8 2811.0 -10.3 345 0 33.1 20.3 45.5 0.0 0 0 13 2 2
6148.9 2628.1 -4.3 355 0 16.5 21.1 70.0 0.0 0 1 20 0 0
5961.7 2422.8 -4.9 74 0 13.3 32.0 70.0 0.0 0 1 20 2 2
6032.9 2449.3 -3.6 344 0 32.0 13.3 70.0 0.0 0 0 20 0 0
6054.6 2361.5 -4.6 345 0 31.5 13.6 73.5 0.0 0 0 21 3 3
6181.9 2482.3 -0.8 65 0 13.0 30.5 70.0 0.0 0 1 20 0 0
6261.7 2510.1 0.8 65 0 13.0 30.5 70.0 0.0 0 1 20 1 1
6432.3 2487.6 -1.3 258 0 16.2 64.0 70.0 3.5 2 1 20 2 2
6460.4 2378.0 -2.6 75 0 13.5 34.9 66.5 0.0 0 1 19 4 4
6226.7 2017.3 -7.7 243 0 13.8 63.7 45.5 3.5 2 1 13 0 0
6259.8 2046.9 -7.5 243 0 13.8 63.7 45.5 3.5 2 1 13 0 0
6285.2 2071.9 -7.3 243 0 13.8 63.7 49.0 0.0 0 1 14 3 3
6358.0 1939.3 -8.9 63 0 12.1 64.6 45.5 3.5 2 1 13 2 2
5568.6 1472.4 -12.1 54 0 15.4 23.9 77.0 0.0 0 1 22 0 0
5500.0 1488.4 -11.2 112 0 11.3 37.5 77.0 0.0 0 1 22 3 3
5459.8 1524.8 -10.0 112 0 11.3 37.5 56.0 0.0 0 1 16 2 2
5490.5 1652.6 -5.4 358 0 20.6 24.7 56.0 0.0 0 1 16 5 5
5389.6 1755.2 -4.9 245 0 14.0 78.6 35.0 3.5 2 1 10 0 0
5431.0 1779.0 -3.7 244 0 13.7 79.7 35.0 3.5 2 1 10 0 0
5529.7 1761.8 -2.0 347 0 21.2 22.9 59.5 0.0 0 1 17 2 2
5534.6 1732.8 -2.3 2 0 12.7 23.7 59.5 0.0 0 1 17 1 1
4297.6 1361.3 -12.9 90 0 11.2 43.8 77.0 0.0 0 1 22 2 2
4317.1 1470.0 -11.9 269 0 13.3 46.1 77.0 0.0 0 1 22 2 2
4370.2 1467.7 -11.6 269 0 13.3 46.1 77.0 0.0 0 1 22 4 4
4191.0 1364.5 -13.6 91 0 12.3 55.3 56.0 3.5 2 1 16 5 5
4266.2 1448.4 -12.0 19 0 16.8 20.8 56.0 0.0 0 1 16 4 4
4248.6 1368.9 -13.1 91 0 12.3 55.3 56.0 3.5 2 1 16 1 1
4383.7 1512.2 -10.5 183 0 46.3 11.5 35.0 0.0 0 0 10 0 0
4384.0 1578.8 -9.5 183 0 46.3 11.5 35.0 0.0 0 0 10 5 5
6891.4 1646.0 -13.3 359 0 15.6 19.9 70.0 0.0 0 1 20 2 2
6802.5 1657.0 -13.8 272 0 12.8 51.6 73.5 3.5 2 1 21 1 1
6844.7 1579.2 -13.0 2 0 51.6 12.8 73.5 3.5 2 0 21 5 5
6900.6 1572.9 -12.6 2 0 51.6 12.8 73.5 3.5 2 0 21 1 1
4822.6 4523.4 -13.5 157 0 23.6 16.1 49.0 0.0 0 0 14 3 3
4841.6 4636.2 -11.5 302 0 25.3 21.6 56.0 0.0 0 0 16 4 4
4792.1 4663.8 -11.1 213 0 21.7 40.7 77.0 0.0 0 1 22 0 0
4813.8 4475.4 -14.5 125 0 69.4 22.0 17.5 3.5 2 0 5 2 2
5067.0 4494.2 -7.4 287 0 26.1 32.2 31.5 0.0 0 1 9 1 1
5111.5 4466.7 -6.9 287 0 26.1 32.2 31.5 0.0 0 1 9 0 0
5130.9 4438.6 -7.6 259 0 13.8 22.4 21.0 0.0 0 1 6 3 3
5147.9 4417.8 -9.0 259 0 13.8 22.4 21.0 0.0 0 1 6 2 2
5165.7 4396.8 -9.3 259 0 13.8 22.4 21.0 0.0 0 1 6 1 1
5038.4 4400.8 -11.3 259 0 12.2 25.1 21.0 0.0 0 1 6 5 5
5069.8 4385.2 -11.4 259 0 12.2 25.1 24.5 0.0 0 1 7 5 5
5004.6 4425.0 -10.2 259 0 12.2 25.1 21.0 0.0 0 1 6 3 3
4954.1 4413.2 -13.3 307 0 15.5 60.0 7.0 3.5 2 1 2 3 3
5099.3 4266.8 -12.9 38 0 6.8 20.9 3.5 3.5 2 1 1 3 3
5074.4 4240.5 -13.6 38 0 6.8 20.9 3.5 3.5 2 1 1 0 0
5066.8 4231.6 -13.7 38 0 6.8 20.9 7.0 0.0 0 1 2 2 2
5058.5 4221.6 -13.9 38 0 6.8 20.9 7.0 0.0 0 1 2 2 2
5020.3 4191.4 -14.6 76 0 13.6 13.4 3.5 3.5 2 0 1 4 4
4974.1 4208.2 -15.2 126 0 15.1 14.2 3.5 3.5 2 0 1 2 2
4991.6 4193.9 -15.0 126 0 15.1 14.2 3.5 3.5 2 0 1 1 1
4962.3 4224.7 -15.3 126 0 15.1 14.2 3.5 3.5 2 0 1 4 4
4950.0 4238.6 -15.4 126 0 15.1 14.2 3.5 3.5 2 0 1 3 3
4924.8 4320.3 -15.1 181 0 14.1 12.0 3.5 3.5 4 0 1 5 5
4926.4 4339.2 -14.7 181 0 14.1 12.0 3.5 3.5 2 0 1 2 2
4937.7 4261.6 -15.5 181 0 14.1 12.0 3.5 3.5 2 0 1 4 4
4991.9 4235.7 -14.9 131 0 51.9 18.4 17.5 3.5 2 0 5 1 1
4960.6 4284.5 -14.9 162 0 41.7 16.1 17.5 3.5 2 0 5 5 5
4962.3 4312.9 -14.5 99 0 16.3 40.8 17.5 3.5 2 1 5 1 1
4977.1 4381.5 -13.0 214 0 37.7 14.5 17.5 3.5 2 0 5 2 2
5272.1 4300.6 -8.9 331 0 16.6 13.0 3.5 3.5 2 0 1 1 1
5228.4 4236.9 -10.9 232 0 11.8 19.9 3.5 3.5 4 1 1 3 3
5223.5 4206.1 -11.2 230 0 13.2 31.5 3.5 3.5 2 1 1 4 4
5250.2 4175.5 -10.9 230 0 13.2 31.5 3.5 3.5 2 1 1 1 1
5285.5 4116.4 -10.8 50 0 13.2 31.5 3.5 3.5 4 1 1 2 2
5268.9 4090.4 -11.3 50 0 13.2 31.5 3.5 3.5 2 1 1 2 2
5247.7 4074.6 -11.7 50 0 13.2 31.5 3.5 3.5 2 1 1 0 0
5210.5 4067.8 -12.1 140 0 31.5 13.2 3.5 3.5 2 0 1 2 2
5182.7 4093.8 -12.4 140 0 31.5 13.2 3.5 3.5 2 0 1 4 4
5206.7 4111.5 -12.0 140 0 31.5 13.2 3.5 3.5 2 0 1 5 5
5166.2 4131.8 -12.5 140 0 31.5 13.2 3.5 3.5 2 0 1 3 3
5200.9 4185.2 -11.7 230 0 13.2 31.5 3.5 3.5 4 1 1 4 4
5193.5 4222.8 -11.6 230 0 13.2 31.5 3.5 3.5 2 1 1 1 1
5172.0 4204.8 -12.0 230 0 13.2 31.5 3.5 3.5 2 1 1 3 3
5155.2 4186.9 -12.4 230 0 13.2 31.5 3.5 3.5 4 1 1 3 3
5135.6 4171.4 -12.8 230 0 13.2 31.5 3.5 3.5 2 1 1 0 0
5259.8 4059.6 -11.3 137 0 14.4 48.9 3.5 3.5 4 1 1 1 1
5307.1 4053.2 -10.9 48 0 16.4 25.4 3.5 3.5 2 1 1 4 4
5264.3 4218.9 -10.6 270 0 13.2 23.6 3.5 3.5 2 1 1 3 3
5294.9 4220.0 -10.1 270 0 13.2 23.6 3.5 3.5 2 1 1 5 5
5341.2 4283.2 -8.1 270 0 13.2 23.6 3.5 3.5 4 1 1 2 2
5349.0 4115.6 -9.6 90 0 13.2 23.6 3.5 3.5 4 1 1 4 4
5373.3 4116.4 -9.2 90 0 13.2 23.6 7.0 0.0 0 1 2 5 5
5394.2 4125.3 -8.8 90 0 13.2 23.6 3.5 3.5 2 1 1 5 5
5404.9 4241.1 -8.1 270 0 13.2 23.6 7.0 0.0 0 1 2 2 2
5295.8 4159.9 -10.2 90 0 12.7 13.1 3.5 3.5 2 1 1 3 3
5311.3 4143.0 -10.1 90 0 12.7 13.1 3.5 3.5 2 1 1 2 2
5369.7 4150.2 -9.1 90 0 12.7 13.1 3.5 3.5 2 1 1 3 3
5370.2 4196.8 -8.9 270 0 12.7 13.1 3.5 3.5 2 1 1 3 3
5318.6 4236.1 -9.5 270 0 12.7 13.1 7.0 0.0 0 1 2 3 3
5386.2 4214.5 -8.5 270 0 12.7 13.1 3.5 3.5 2 1 1 3 3
5386.4 4256.0 -7.7 270 0 12.7 13.1 3.5 3.5 2 1 1 3 3
5365.8 4270.4 -7.7 270 0 12.7 13.1 3.5 3.5 2 1 1 0 0
5175.2 3970.5 -13.3 82 0 11.7 22.4 5.0 2.5 2 1 2 4 4
5865.0 3578.7 -10.3 304 0 17.7 70.8 21.0 3.5 2 1 6 0 0
5923.9 3654.7 -8.3 304 0 17.7 70.8 21.0 3.5 2 1 6 3 3
5611.5 3461.8 -12.3 198 0 49.5 10.7 35.0 0.0 0 0 10 0 0
5631.7 3524.8 -11.7 198 0 49.5 10.7 35.0 0.0 0 0 10 1 1
5677.1 3541.5 -11.5 288 0 10.7 49.5 35.0 0.0 0 1 10 4 4
5640.1 3429.3 -12.1 108 0 10.7 49.5 38.5 0.0 0 1 11 2 2
5674.3 3420.3 -11.9 108 0 10.7 49.5 35.0 0.0 0 1 10 1 1
5707.5 3528.6 -11.2 288 0 10.9 39.9 35.0 0.0 0 1 10 4 4
5740.3 3517.4 -11.2 288 0 10.7 49.5 38.5 0.0 0 1 11 4 4
5708.2 3414.7 -11.7 108 0 10.7 49.5 35.0 0.0 0 1 10 2 2
5473.1 3282.5 -14.7 358 0 64.2 15.9 31.5 3.5 2 0 9 1 1
5478.2 3177.9 -14.4 359 0 64.2 15.9 31.5 3.5 2 0 9 4 4
5442.8 3234.6 -14.9 358 0 64.2 15.9 31.5 3.5 2 0 9 4 4
5430.6 3353.1 -14.8 269 0 15.9 64.2 31.5 3.5 2 1 9 4 4
5393.6 3324.7 -15.3 269 0 15.9 64.2 31.5 3.5 2 1 9 2 2
5358.1 3339.9 -15.4 269 0 15.9 64.2 31.5 3.5 2 1 9 0 0
5362.2 3204.2 -15.9 89 0 15.9 64.2 31.5 3.5 2 1 9 3 3
5393.2 3141.5 -15.6 89 0 15.9 64.2 31.5 3.5 4 1 9 1 1
5429.2 3114.9 -14.6 89 0 15.9 64.2 31.5 3.5 2 1 9 3 3
5490.2 3111.7 -14.8 1 0 41.6 34.1 28.0 0.0 0 0 8 5 5
5721.2 2974.7 -12.6 347 0 80.1 79.6 56.0 0.0 0 0 16 0 0
5518.5 2862.5 -13.3 360 0 57.1 32.9 77.0 0.0 0 0 22 3 3
4639.3 2507.6 -11.4 268 0 93.4 64.6 45.5 0.0 0 0 13 4 4
4671.7 2850.3 -15.6 89 0 25.1 49.8 35.0 0.0 0 1 10 3 3
4603.9 3024.4 -16.8 89 0 25.0 49.8 35.0 0.0 0 1 10 0 0
4562.2 3231.9 -16.8 89 0 25.1 49.8 35.0 0.0 0 1 10 0 0
4541.8 3410.7 -16.8 90 0 19.2 115.9 21.0 0.0 0 1 6 0 0
4498.1 3550.9 -16.7 178 0 33.4 56.5 21.0 0.0 0 1 6 2 2
4602.5 3479.5 -16.9 1 0 40.1 20.8 21.0 0.0 0 0 6 5 5
3935.1 2594.4 -4.3 182 0 81.0 13.3 56.0 3.5 4 0 16 0 0
3990.7 2794.3 -13.1 272 0 13.3 81.0 56.0 3.5 2 1 16 2 2
4056.6 2790.5 -11.0 272 0 13.3 81.0 56.0 3.5 2 1 16 4 4
4090.9 2788.8 -10.0 272 0 13.3 81.0 56.0 3.5 4 1 16 0 0
4123.5 2792.6 -9.3 272 0 13.3 81.0 56.0 3.5 2 1 16 2 2
4156.5 2787.1 -8.1 271 0 13.3 76.2 56.0 3.5 2 1 16 4 4
4163.0 2670.5 -4.9 0 0 69.1 14.0 56.0 3.5 2 0 16 3 3
4024.7 2776.6 -11.0 273 0 14.2 45.2 56.0 3.5 2 1 16 5 5
3957.9 2763.6 -12.0 273 0 14.1 45.2 56.0 3.5 2 1 16 2 2
4194.4 2653.6 -6.5 1 0 99.4 13.2 56.0 3.5 2 0 16 0 0
4195.2 2748.8 -8.6 359 0 70.4 14.6 59.5 0.0 0 0 17 0 0
4057.0 2818.3 -12.8 272 0 14.4 23.8 56.0 0.0 0 1 16 5 5
4023.3 2816.2 -13.6 272 0 14.4 23.8 56.0 0.0 0 1 16 4 4
4156.3 2817.8 -10.0 272 0 14.4 23.8 56.0 0.0 0 1 16 5 5
4190.5 2858.1 -11.6 270 0 14.9 45.2 56.0 3.5 4 1 16 4 4
5885.3 2055.6 -4.4 242 0 34.8 19.6 45.5 0.0 0 0 13 5 5
6249.8 2145.5 -4.6 64 0 14.3 35.4 66.5 0.0 0 1 19 5 5
6270.3 2340.3 -0.9 77 0 18.3 71.9 63.0 3.5 2 1 18 0 0
5667.5 6315.2 -18.8 39 0 23.0 16.4 63.0 0.0 0 0 18 5 5
5718.7 6399.0 -19.0 308 0 15.7 57.2 63.0 3.5 2 1 18 1 1
5394.8 6289.2 -21.0 220 0 63.6 13.2 63.0 3.5 2 0 18 4 4
5440.7 6357.1 -21.8 220 0 63.6 13.2 63.0 3.5 2 0 18 1 1
5491.6 6425.5 -21.2 220 0 63.6 13.2 63.0 3.5 2 0 18 4 4
5539.0 6486.7 -18.6 220 0 63.6 13.2 63.0 3.5 2 0 18 5 5
6866.4 8402.5 -23.0 344 0 25.2 22.8 2.5 2.5 2 0 1 3 3
6798.1 8352.3 -23.0 93 0 14.0 33.7 2.5 0.0 0 1 1 1 1
6793.9 8419.4 -22.7 256 0 30.6 22.3 2.5 0.0 0 0 1 1 1
6920.9 7594.1 -21.6 214 0 228.3 127.4 7.0 0.0 0 0 2 5 5
6801.1 7932.6 -25.3 213 0 64.7 83.3 10.5 0.0 0 1 3 5 5
6931.0 7961.6 -24.7 36 0 24.4 88.2 3.5 0.0 0 1 1 1 1
6542.8 7554.5 -19.9 216 0 12.3 84.3 7.0 3.5 2 1 2 2 2
6062.0 6766.8 -8.2 217 0 48.5 24.8 66.5 0.0 0 0 19 5 5
6097.6 6817.6 -7.7 217 0 48.5 24.8 66.5 0.0 0 0 19 2 2
6165.3 6806.1 -8.6 305 0 14.4 30.1 28.0 0.0 0 1 8 5 5
6196.0 6766.2 -9.8 35 0 30.1 14.4 31.5 0.0 0 0 9 0 0
6221.8 6748.0 -10.8 35 0 30.1 14.4 28.0 0.0 0 0 8 3 3
6301.9 6802.6 -12.3 37 0 15.1 28.2 17.5 3.5 2 1 5 4 4
6315.1 6820.6 -12.4 37 0 15.1 28.2 17.5 3.5 2 1 5 5 5
6328.1 6839.7 -12.5 37 0 15.1 28.2 17.5 3.5 4 1 5 1 1
6357.2 6881.2 -12.8 37 0 15.1 28.2 17.5 3.5 2 1 5 0 0
6370.8 6900.2 -12.9 37 0 15.1 28.2 17.5 3.5 2 1 5 0 0
6234.6 6788.3 -10.6 37 0 15.2 28.2 17.5 3.5 2 1 5 0 0
6186.7 6823.4 -9.6 217 0 15.1 28.2 17.5 3.5 2 1 5 1 1
6162.7 6841.1 -8.7 217 0 15.1 28.2 17.5 3.5 2 1 5 4 4
6256.1 6823.3 -10.8 38 0 25.6 17.2 28.0 0.0 0 0 8 0 0
6224.5 6846.1 -10.1 218 0 25.6 17.2 28.0 0.0 0 0 8 4 4
6207.6 6859.5 -9.4 218 0 25.6 17.2 28.0 0.0 0 0 8 0 0
6188.7 6873.3 -8.7 218 0 25.6 17.2 28.0 0.0 0 0 8 1 1
6220.8 6909.1 -9.1 218 0 25.6 17.2 31.5 0.0 0 0 9 1 1
6241.4 6940.7 -9.3 218 0 25.6 17.2 28.0 0.0 0 0 8 0 0
6320.0 6923.2 -11.5 325 0 29.7 19.1 28.0 0.0 0 0 8 3 3
6282.8 6959.3 -10.5 235 0 19.1 29.7 28.0 0.0 0 1 8 0 0
6351.2 6973.4 -11.7 303 0 24.1 21.3 21.0 0.0 0 0 6 4 4
6327.4 6990.2 -10.8 303 0 24.1 21.3 21.0 0.0 0 0 6 3 3
6302.6 7008.8 -9.8 303 0 24.1 21.3 21.0 0.0 0 0 6 3 3
6385.8 6950.4 -13.1 306 0 25.2 34.1 28.0 0.0 0 1 8 0 0
5881.8 6708.0 -19.5 35 0 70.2 23.0 32.5 0.0 0 0 13 0 0
5610.3 6876.3 -17.9 180 0 44.7 36.0 63.0 0.0 0 0 18 2 2
6927.9 3295.5 -3.6 110 0 39.2 50.7 28.0 0.0 0 1 8 3 3
6791.1 1536.0 -13.3 199 0 34.6 11.4 28.0 0.0 0 0 8 3 3
6758.5 1562.3 -14.0 199 0 34.6 11.4 28.0 0.0 0 0 8 1 1
6544.3 1487.2 -16.5 197 0 20.2 18.1 2.5 2.5 2 0 1 1 1
6567.2 1504.4 -16.2 197 0 20.2 18.1 2.5 2.5 2 0 1 4 4
6578.3 1528.2 -16.4 197 0 20.2 18.1 2.5 2.5 2 0 1 2 2
6590.4 1554.5 -16.7 197 0 20.2 18.1 2.5 2.5 2 0 1 4 4
6607.3 1575.3 -16.7 197 0 20.2 18.1 2.5 2.5 2 0 1 5 5
6631.8 1591.9 -16.5 197 0 20.2 18.1 2.5 2.5 2 0 1 3 3
6648.5 1614.5 -16.7 197 0 20.2 18.1 2.5 2.5 2 0 1 5 5
6703.0 1600.0 -16.2 32 0 18.7 16.9 2.5 2.5 4 0 1 4 4
6687.6 1576.5 -16.3 32 0 18.7 16.9 2.5 2.5 2 0 1 0 0
6670.1 1555.6 -15.6 32 0 18.7 16.9 5.0 0.0 0 0 2 3 3
6654.0 1531.6 -15.1 32 0 18.7 16.9 2.5 2.5 2 0 1 1 1
6637.3 1509.3 -15.0 32 0 18.7 16.9 2.5 2.5 2 0 1 5 5
6622.2 1490.6 -16.6 32 0 18.7 16.9 2.5 2.5 4 0 1 0 0
6728.7 1636.2 -15.4 32 0 18.7 16.9 5.0 0.0 0 0 2 1 1
6744.4 1658.8 -15.4 32 0 18.7 16.9 2.5 2.5 4 0 1 1 1
6693.1 1676.3 -16.5 212 0 18.7 16.9 2.5 2.5 2 0 1 5 5
6727.7 1730.9 -15.0 302 0 16.9 18.7 2.5 2.5 2 1 1 5 5
6703.5 1702.1 -16.4 197 0 20.2 18.1 2.5 2.5 2 0 1 1 1
6755.7 1687.1 -15.3 17 0 20.2 18.1 2.5 2.5 2 0 1 1 1
6861.5 1883.0 -12.0 307 0 38.6 40.4 5.0 0.0 0 1 2 4 4
6756.0 1810.3 -12.3 215 0 48.4 19.3 2.5 2.5 4 0 1 5 5
6706.3 1992.2 -8.3 71 0 14.0 59.6 28.0 3.5 2 1 8 5 5
6644.6 1998.5 -8.6 251 0 14.0 59.6 28.0 3.5 2 1 8 4 4
6573.5 1835.7 -11.7 71 0 14.0 59.6 28.0 3.5 2 1 8 1 1
6640.5 2069.3 -8.4 161 0 59.6 14.0 28.0 3.5 2 0 8 3 3
6568.8 2183.0 -7.7 217 0 8.4 76.2 0.0 3.5 2 1 0 3 3
6599.5 2201.8 -7.8 234 0 7.2 75.2 0.0 0.0 0 1 0 2 2
6670.9 2115.1 -8.1 320 0 33.1 9.6 0.0 0.0 0 0 0 2 2
6736.0 2052.6 -9.1 37 0 6.6 37.1 0.0 0.0 0 1 0 5 5
6705.3 2084.2 -8.2 309 0 6.7 21.0 0.0 0.0 0 1 0 0 0
6756.1 2025.0 -9.5 39 0 21.0 6.7 0.0 0.0 0 0 0 4 4
6880.4 2030.4 -9.7 130 0 11.7 61.5 28.0 3.5 2 1 8 3 3
6858.2 2086.3 -9.1 205 0 39.1 14.4 28.0 0.0 0 0 8 2 2
6929.0 2123.3 -5.9 197 0 45.5 12.5 10.5 0.0 0 0 3 5 5
6907.6 2130.7 -6.6 17 0 45.5 12.5 7.0 3.5 2 0 2 2 2
6934.8 2182.7 -3.7 29 0 31.8 15.3 7.0 3.5 4 0 2 3 3
6787.6 2106.9 -8.8 127 0 7.5 22.0 10.5 0.0 0 1 3 3 3
6770.6 2224.7 -5.5 360 0 55.9 11.7 28.0 3.5 2 0 8 5 5
6771.2 2283.9 -4.0 360 0 55.9 11.7 28.0 3.5 2 0 8 0 0
6762.4 2356.1 -2.7 338 0 43.2 14.2 28.0 3.5 2 0 8 3 3
6867.2 2149.9 -6.9 28 0 53.8 11.7 28.0 3.5 2 0 8 3 3
6902.7 2206.6 -3.6 20 0 29.9 21.5 31.5 0.0 0 0 9 3 3
6824.9 2294.1 -1.7 96 0 9.9 28.1 10.5 0.0 0 1 3 1 1
6855.1 2269.5 -1.4 94 0 12.2 54.3 28.0 3.5 2 1 8 0 0
6892.6 2369.6 0.3 298 0 9.0 46.9 10.5 0.0 0 1 3 2 2
6742.4 2215.3 -5.8 358 0 21.2 18.2 28.0 0.0 0 0 8 3 3
6717.2 2362.1 -3.8 251 0 14.1 43.0 28.0 3.5 4 1 8 0 0
6719.1 2172.9 -7.3 140 0 37.0 10.3 21.0 0.0 0 0 6 4 4
6708.0 2199.7 -6.5 72 0 9.5 53.9 10.5 0.0 0 1 3 3 3
6659.4 2273.0 -6.6 156 0 62.5 12.5 28.0 3.5 2 0 8 0 0
6913.9 2391.0 0.7 32 0 23.8 11.7 21.0 0.0 0 0 6 4 4
6898.5 2455.8 -0.1 304 0 16.5 26.0 28.0 0.0 0 1 8 2 2
6873.9 2396.9 0.1 118 0 14.1 23.2 21.0 0.0 0 1 6 0 0
6847.0 2416.2 -0.4 118 0 14.1 23.2 21.0 0.0 0 1 6 5 5
6827.0 2460.3 -0.9 219 0 26.9 13.9 45.5 0.0 0 0 13 5 5
6846.0 2483.6 -0.9 220 0 30.1 12.8 10.5 3.5 2 0 3 5 5
6780.8 2606.7 -3.1 305 0 90.1 16.5 28.0 3.5 2 0 8 4 4
6813.5 2528.6 -2.3 35 0 16.5 90.1 28.0 3.5 2 1 8 3 3
6758.7 2533.7 -1.7 307 0 67.8 13.4 21.0 3.5 2 0 6 0 0
6722.6 2497.2 -1.8 140 0 70.6 12.2 24.5 0.0 0 0 7 2 2
6677.8 2509.4 -1.8 348 0 46.0 11.7 21.0 0.0 0 0 6 1 1
6688.8 2459.2 -1.9 348 0 46.0 11.7 21.0 0.0 0 0 6 3 3
6642.1 2449.7 -1.9 168 0 46.0 11.7 21.0 0.0 0 0 6 5 5
6628.1 2513.9 -2.0 167 0 65.8 11.8 21.0 3.5 2 0 6 3 3
6617.4 2459.9 -2.0 349 0 66.6 12.7 28.0 3.5 2 0 8 2 2
6604.2 2528.3 -2.1 349 0 66.6 12.7 31.5 0.0 0 0 9 0 0
6617.8 2564.4 -2.5 79 0 30.6 13.7 28.0 0.0 0 0 8 1 1
6592.4 2699.1 -6.0 236 0 13.0 75.4 31.5 0.0 0 1 9 2 2
6626.3 2723.8 -6.7 236 0 13.0 75.4 28.0 3.5 2 1 8 4 4
6865.6 2666.5 -4.6 36 0 20.3 10.2 12.5 2.5 2 0 5 4 4
6879.2 2684.5 -4.7 36 0 20.3 10.2 12.5 2.5 2 0 5 1 1
6894.3 2703.8 -4.4 36 0 20.3 10.2 12.5 2.5 2 0 5 2 2
6909.8 2725.3 -4.1 36 0 20.3 10.2 12.5 2.5 2 0 5 5 5
6928.0 2761.2 -3.8 306 0 10.2 20.3 15.0 0.0 0 1 6 4 4
6910.0 2775.1 -4.2 306 0 10.2 20.3 12.5 2.5 2 1 5 3 3
6893.6 2794.0 -4.5 306 0 10.2 20.3 12.5 2.5 2 1 5 4 4
6873.2 2735.2 -4.8 36 0 20.3 10.2 12.5 2.5 2 0 5 0 0
6837.3 2676.9 -4.9 126 0 9.1 25.7 7.5 2.5 2 1 3 1 1
6845.7 2719.0 -5.3 36 0 20.3 10.2 12.5 2.5 2 0 5 5 5
6819.6 2692.7 -5.3 126 0 10.2 20.3 12.5 2.5 2 1 5 1 1
6799.9 2703.1 -5.6 124 0 10.1 26.4 15.0 0.0 0 1 6 2 2
6778.7 2716.9 -6.1 126 0 10.2 20.3 12.5 2.5 2 1 5 5 5
6758.6 2732.4 -6.5 126 0 10.2 20.3 15.0 0.0 0 1 6 5 5
6791.8 2739.2 -6.1 124 0 10.1 16.3 12.5 2.5 4 1 5 4 4
6771.8 2754.0 -6.4 126 0 9.7 17.1 7.5 2.5 2 1 3 2 2
6736.9 2746.2 -7.0 126 0 10.2 20.3 12.5 2.5 2 1 5 3 3
6750.6 2766.5 -6.8 126 0 9.7 17.1 7.5 2.5 2 1 3 5 5
6783.4 2811.1 -6.6 307 0 9.6 27.8 7.5 2.5 2 1 3 1 1
6797.8 2833.8 -6.2 306 0 9.7 17.1 7.5 2.5 2 1 3 2 2
6816.3 2814.8 -5.8 306 0 9.7 17.1 7.5 2.5 2 1 3 5 5
6837.2 2803.3 -5.4 306 0 9.7 17.1 7.5 2.5 2 1 3 2 2
6833.0 2835.6 -5.5 304 0 8.8 20.7 7.5 0.0 0 1 3 3 3
6853.6 2822.4 -5.2 304 0 8.8 20.7 7.5 0.0 0 1 3 0 0
6817.4 2730.0 -5.6 125 0 10.1 26.4 12.5 2.5 2 1 5 5 5
6854.5 2782.4 -5.2 305 0 10.1 26.4 12.5 2.5 2 1 5 3 3
6876.7 2810.8 -4.8 305 0 10.1 26.4 12.5 2.5 2 1 5 3 3
6713.6 2759.0 -7.5 123 0 15.0 43.5 27.5 2.5 2 1 11 3 3
6691.1 2776.1 -8.0 123 0 15.0 43.5 30.0 0.0 0 1 12 4 4
6669.1 2792.1 -8.4 123 0 15.0 43.5 27.5 2.5 2 1 11 5 5
6644.7 2807.4 -8.8 123 0 15.0 43.5 27.5 2.5 2 1 11 1 1
6764.7 2833.0 -6.9 307 0 9.6 27.8 7.5 2.5 2 1 3 4 4
6743.0 2844.0 -7.3 307 0 9.6 27.8 7.5 2.5 2 1 3 5 5
6721.1 2854.1 -7.7 307 0 9.6 27.8 7.5 2.5 2 1 3 4 4
6700.9 2870.2 -8.1 307 0 9.6 27.8 7.5 2.5 2 1 3 5 5
6669.9 2878.0 -8.4 217 0 27.8 9.6 7.5 2.5 2 0 3 4 4
6654.3 2895.2 -8.7 217 0 27.8 9.6 7.5 2.5 2 0 3 2 2
6620.9 2849.7 -9.3 213 0 43.5 15.0 27.5 2.5 2 0 11 1 1
6675.2 2924.3 -8.3 217 0 27.8 9.6 7.5 2.5 2 0 3 5 5
6711.4 2923.3 -7.9 307 0 9.6 27.8 7.5 2.5 2 1 3 2 2
6730.3 2906.4 -7.5 307 0 9.6 27.8 7.5 2.5 2 1 3 4 4
6749.2 2891.4 -7.2 307 0 9.6 27.8 7.5 2.5 2 1 3 4 4
6770.7 2879.7 -6.8 307 0 9.6 27.8 7.5 2.5 2 1 3 2 2
6791.6 2983.8 -6.1 214 0 28.0 14.1 12.5 2.5 2 0 5 4 4
6765.7 3001.8 -6.6 214 0 28.0 14.1 12.5 2.5 2 0 5 4 4
6762.0 2943.7 -6.6 124 0 14.1 28.0 15.0 0.0 0 1 6 3 3
6747.7 2912.4 -6.9 124 0 14.1 28.0 12.5 2.5 2 1 5 0 0
6771.9 2893.2 -6.5 124 0 14.1 28.0 12.5 2.5 2 1 5 0 0
6809.6 2884.0 -6.0 34 0 28.0 14.1 12.5 2.5 2 0 5 0 0
6831.6 2913.6 -5.6 34 0 28.0 14.1 12.5 2.5 2 0 5 5 5
6849.2 2937.4 -5.3 34 0 28.0 14.1 12.5 2.5 2 0 5 1 1
6826.6 2957.5 -5.7 34 0 28.0 14.1 12.5 2.5 2 0 5 1 1
6834.3 3017.8 -5.6 34 0 28.0 14.1 12.5 2.5 2 0 5 0 0
6856.8 3000.3 -5.2 34 0 28.0 14.1 12.5 2.5 2 0 5 5 5
6882.2 2982.7 -4.7 34 0 28.0 14.1 12.5 2.5 2 0 5 0 0
6798.1 3046.3 -6.0 214 0 28.0 14.1 15.0 0.0 0 0 6 3 3
6772.5 3060.5 -6.5 214 0 28.0 14.1 12.5 2.5 2 0 5 5 5
6793.0 3089.1 -6.1 214 0 28.0 14.1 15.0 0.0 0 0 6 3 3
6811.1 3112.5 -5.7 214 0 28.0 14.1 15.0 0.0 0 0 6 2 2
6848.3 3103.8 -5.4 304 0 14.1 28.0 12.5 2.5 2 1 5 1 1
6859.2 3058.1 -5.2 304 0 14.1 28.0 12.5 2.5 2 1 5 5 5
6875.4 3085.5 -4.9 304 0 14.1 28.0 12.5 2.5 2 1 5 1 1
6899.8 3009.9 -4.4 34 0 28.0 14.1 12.5 2.5 2 0 5 0 0
6918.7 3034.3 -4.0 34 0 28.0 14.1 12.5 2.5 2 0 5 1 1
6897.6 3065.4 -4.5 304 0 14.1 28.0 12.5 2.5 2 1 5 5 5
6855.0 3110.8 -4.9 124 0 14.1 28.0 12.5 2.5 2 1 5 3 3
6890.7 3161.3 -4.6 304 0 14.1 28.0 12.5 2.5 2 1 5 3 3
6883.3 3089.3 -4.4 124 0 14.1 28.0 12.5 2.5 2 1 5 0 0
6917.4 3139.1 -4.1 304 0 14.1 28.0 12.5 2.5 2 1 5 0 0
6924.7 3093.8 -4.0 304 0 14.1 28.0 12.5 2.5 4 1 5 4 4
6929.8 3112.7 -5.0 214 0 28.0 14.1 12.5 2.5 2 0 5 2 2
6723.9 2929.9 -7.3 124 0 14.1 28.0 12.5 2.5 2 1 5 0 0
6723.7 2991.6 -7.4 214 0 28.0 14.1 12.5 2.5 4 0 5 0 0
6706.3 3009.6 -7.9 43 0 18.0 18.0 7.0 3.5 2 0 2 5 5
6688.5 3035.3 -7.6 69 0 14.3 15.8 7.0 3.5 2 1 2 0 0
6691.9 3068.0 -6.9 10 0 15.1 17.5 7.0 3.5 2 1 2 3 3
6692.3 2975.6 -8.5 42 0 11.5 45.8 28.0 0.0 0 1 8 2 2
6656.0 3012.2 -8.3 73 0 10.8 29.5 28.0 0.0 0 1 8 4 4
6640.0 3054.3 -7.1 100 0 15.1 44.6 28.0 3.5 4 1 8 5 5
6669.8 2945.5 -8.7 39 0 10.7 26.6 28.0 0.0 0 1 8 0 0
6652.6 2926.3 -9.0 39 0 10.7 26.6 28.0 0.0 0 1 8 1 1
6638.7 2903.3 -9.2 39 0 10.7 26.6 28.0 0.0 0 1 8 2 2
6614.6 2963.4 -9.3 60 0 10.7 26.6 28.0 0.0 0 1 8 0 0
6635.5 2977.3 -8.9 60 0 10.7 26.6 28.0 0.0 0 1 8 5 5
6617.4 3008.7 -8.4 78 0 10.7 26.7 28.0 0.0 0 1 8 3 3
6592.7 3004.8 -8.5 79 0 10.7 26.7 28.0 0.0 0 1 8 3 3
6611.8 2933.5 -9.6 47 0 12.2 15.8 28.0 0.0 0 1 8 1 1
6596.3 2950.4 -9.6 55 0 9.7 26.0 10.5 0.0 0 1 3 5 5
6578.0 2979.1 -9.2 63 0 11.0 17.0 28.0 0.0 0 1 8 4 4
6558.7 3012.6 -8.7 168 0 27.8 10.9 28.0 0.0 0 0 8 4 4
6558.2 3066.1 -7.6 183 0 35.5 11.8 28.0 0.0 0 0 8 1 1
6581.5 3064.0 -7.6 183 0 35.5 11.8 28.0 0.0 0 0 8 1 1
6609.2 3042.3 -7.5 93 0 11.8 35.5 28.0 0.0 0 1 8 2 2
6559.9 3101.2 -7.0 195 0 17.2 9.7 7.0 3.5 2 0 2 3 3
6582.7 3096.0 -6.8 195 0 17.2 9.6 7.0 3.5 2 0 2 3 3
6588.2 3118.0 -6.6 195 0 17.2 9.7 7.0 3.5 2 0 2 5 5
6608.7 3098.3 -6.7 285 0 9.7 17.2 7.0 3.5 4 1 2 2 2
6715.5 3093.8 -6.1 46 0 10.5 27.3 14.0 0.0 0 1 4 1 1
6683.0 3136.6 -5.6 316 0 27.3 10.5 10.5 3.5 2 0 3 1 1
6766.5 3099.8 -6.1 30 0 27.3 9.0 10.5 3.5 2 0 3 5 5
6733.1 3097.8 -5.8 91 0 9.5 28.5 10.5 3.5 2 1 3 1 1
6771.3 3155.6 -5.0 295 0 10.5 27.3 10.5 3.5 2 1 3 3 3
6736.8 3163.7 -5.0 273 0 10.8 27.9 10.5 3.5 2 1 3 4 4
6701.3 3155.6 -5.4 254 0 11.3 28.1 10.5 3.5 2 1 3 1 1
6661.0 3180.8 -6.0 324 0 11.1 30.3 10.5 3.5 2 1 3 0 0
6646.5 3207.9 -6.2 321 0 11.0 38.0 10.5 3.5 2 1 3 4 4
6596.7 3229.1 -6.4 214 0 35.0 11.9 10.5 3.5 2 0 3 0 0
6574.0 3247.4 -6.9 214 0 35.0 11.9 14.0 0.0 0 0 4 5 5
6601.2 3280.4 -6.6 214 0 35.0 11.9 10.5 3.5 2 0 3 5 5
6638.1 3275.4 -6.3 304 0 11.9 35.0 10.5 3.5 2 1 3 0 0
6581.2 3302.6 -7.2 215 0 20.2 11.0 28.0 0.0 0 0 8 1 1
6540.9 3247.2 -7.4 215 0 20.3 11.0 28.0 0.0 0 0 8 0 0
6704.2 3184.0 -5.4 345 0 25.1 26.0 14.0 0.0 0 1 4 1 1
6698.7 3223.3 -5.5 342 0 23.7 40.2 28.0 0.0 0 1 8 0 0
6715.4 3244.3 -4.7 259 0 11.7 64.7 10.5 3.5 2 1 3 2 2
6758.6 3178.4 -4.2 101 0 14.2 36.4 10.5 3.5 2 1 3 3 3
6784.9 3166.3 -4.2 115 0 13.4 37.6 10.5 3.5 2 1 3 4 4
6802.6 3138.7 -5.5 304 0 13.6 29.5 10.5 3.5 2 1 3 4 4
6820.4 3154.7 -4.5 34 0 29.5 13.7 10.5 3.5 4 0 3 0 0
6842.9 3187.7 -3.8 34 0 29.5 13.6 10.5 3.5 2 0 3 2 2
6819.0 3208.4 -3.6 34 0 29.5 13.7 14.0 0.0 0 0 4 1 1
6788.2 3246.9 -3.9 304 0 13.7 29.5 14.0 0.0 0 1 4 5 5
6754.9 3254.0 -4.2 34 0 29.5 13.7 10.5 3.5 2 0 3 5 5
6527.8 3073.2 -7.6 184 0 32.5 15.5 28.0 0.0 0 0 8 5 5
6538.5 3119.9 -7.3 196 0 35.1 12.0 28.0 0.0 0 0 8 5 5
6493.8 3061.0 -8.1 174 0 41.6 15.1 28.0 3.5 2 0 8 4 4
6514.4 3144.1 -7.8 204 0 45.2 15.7 28.0 3.5 2 0 8 3 3
6470.9 3044.9 -8.4 167 0 32.6 10.1 28.0 0.0 0 0 8 1 1
6467.0 3087.4 -8.3 180 0 26.6 9.6 10.5 0.0 0 0 3 1 1
6475.2 3129.3 -8.3 199 0 28.1 9.8 10.5 0.0 0 0 3 4 4
6492.8 3165.2 -8.1 209 0 29.1 7.9 10.5 0.0 0 0 3 3 3
6547.0 2920.8 -10.4 168 0 24.5 14.9 3.5 3.5 2 0 1 4 4
6533.0 2961.7 -9.9 169 0 14.0 11.5 3.5 3.5 4 0 1 2 2
6524.3 2977.9 -9.4 169 0 14.0 11.5 3.5 3.5 2 0 1 2 2
-4500.6 11205.9 -18.0 283 0 28.3 19.8 5.0 2.5 2 0 2 4 4
-4482.1 11288.3 -17.3 102 0 28.8 19.5 7.0 0.0 0 0 2 4 4
-4040.6 11192.9 -23.9 193 0 9.6 17.6 3.5 3.5 2 1 1 1 1
-3907.1 11072.1 -23.7 13 0 9.2 16.5 3.5 3.5 2 1 1 0 0
-3880.4 11189.9 -20.8 13 0 6.1 16.4 3.5 3.5 2 1 1 3 3
-4051.6 11572.1 -19.8 283 0 11.1 46.7 17.5 3.5 2 0 5 3 3
-4020.0 11565.2 -20.6 283 0 11.0 46.6 17.5 3.5 2 0 5 5 5
-4850.5 11365.2 -16.6 342 0 34.7 18.6 7.0 0.0 0 0 2 3 3
-4739.0 11349.3 -14.1 151 0 12.2 20.6 14.0 3.5 2 1 4 0 0
-5150.8 11777.2 -19.3 331 0 25.2 38.1 77.0 0.0 0 1 22 4 4
-570.3 1475.5 -3.7 269 0 31.9 6.6 10.5 3.5 2 0 3 0 0
-803.2 1428.6 -5.3 179 0 7.2 52.0 10.5 3.5 2 1 3 1 1
-847.6 1448.8 -5.6 89 0 37.8 15.1 14.0 3.5 2 0 4 4 4
-844.3 1370.3 -6.5 334 0 17.7 36.1 17.5 3.5 4 1 5 2 2
-990.2 1436.5 -8.6 359 0 57.0 272.3 17.5 0.0 0 1 5 0 0
-4579.6 11995.7 -26.1 12 0 55.5 18.1 10.5 3.5 2 0 3 0 0
-4535.4 11965.2 -28.1 282 0 32.4 7.6 10.5 3.5 2 0 3 3 3
-5869.0 8793.1 -19.2 303 0 78.4 246.5 10.0 0.0 0 1 4 1 1
-928.5 6795.4 -2.3 21 0 99.2 17.9 14.0 0.0 0 0 4 0 0
-943.2 6855.2 -1.9 290 0 17.4 80.1 14.0 3.5 2 1 4 4 4
-963.1 6864.9 -1.6 291 0 18.1 68.8 14.0 3.5 2 1 4 4 4
-984.9 6872.1 -1.2 290 0 15.6 52.2 14.0 3.5 2 1 4 2 2
-1006.4 6878.5 -0.9 288 0 20.0 30.5 14.0 0.0 0 1 4 0 0
-1011.9 6823.1 -0.7 253 0 9.7 29.8 10.5 3.5 2 1 3 1 1
-976.7 6695.0 -1.2 58 0 4.7 28.1 10.5 3.5 2 0 3 2 2
5110.4 4856.1 -7.9 291 0 15.1 78.9 17.5 3.5 2 1 5 2 2
4739.6 2997.8 -16.6 270 0 18.2 76.2 17.5 3.5 2 1 5 3 3
4777.0 2968.2 -16.3 271 0 19.2 82.3 17.5 3.5 2 1 5 5 5
4818.0 2940.4 -16.0 270 0 19.6 76.2 17.5 3.5 2 1 5 2 2
4858.3 2834.8 -15.7 90 0 19.3 77.1 17.5 3.5 2 1 5 0 0
4874.0 2780.9 -15.0 179 0 120.7 39.1 14.0 0.0 0 0 4 1 1
4952.5 2719.3 -15.0 89 0 39.1 120.7 17.5 0.0 0 1 5 2 2
5011.0 2720.0 -13.5 89 0 39.1 120.7 17.5 0.0 0 1 5 0 0
5194.0 2716.2 -11.4 89 0 39.1 120.7 17.5 0.0 0 1 5 4 4
5252.1 2713.5 -12.8 89 0 39.1 120.7 17.5 0.0 0 1 5 4 4
5309.6 2714.9 -14.3 89 0 39.1 120.7 17.5 0.0 0 1 5 1 1
5281.9 2431.7 -6.1 64 0 54.5 144.8 14.0 0.0 0 1 4 4 4
5367.6 2480.7 -9.1 60 0 61.7 94.5 14.0 0.0 0 1 4 4 4
5448.9 2520.8 -11.7 60 0 61.7 94.6 14.0 0.0 0 1 4 4 4
5675.8 2640.8 -10.9 0 0 15.7 38.6 14.0 3.5 2 0 4 2 2
5471.9 3366.6 -14.3 268 0 41.1 40.5 17.5 0.0 0 0 5 3 3
5687.9 3120.5 -12.4 270 0 32.0 52.2 17.5 0.0 0 1 5 4 4
5687.2 3131.9 -10.9 91 0 31.5 50.6 17.5 0.0 0 1 5 0 0
5569.5 3346.2 -13.3 91 0 27.2 33.5 14.0 0.0 0 1 4 4 4
4657.9 2523.3 -12.7 89 0 38.5 102.3 14.0 0.0 0 1 4 5 5
4610.5 2523.9 -12.0 89 0 41.1 34.3 14.0 0.0 0 0 4 0 0
4660.3 2643.6 -13.9 88 0 73.8 100.4 17.5 0.0 0 1 5 4 4
5387.9 2474.9 -7.0 247 0 30.1 15.4 14.0 3.5 4 0 4 3 3
5444.7 2503.0 -9.4 247 0 30.1 15.4 14.0 3.5 2 0 4 2 2
4508.8 3143.5 -16.7 91 0 38.0 76.1 17.5 0.0 0 1 5 5 5
4547.8 3018.6 -16.7 269 0 38.4 49.1 17.5 0.0 0 1 5 0 0
4663.4 2805.8 -14.9 1 0 37.1 38.8 14.0 0.0 0 1 4 0 0
5631.9 6180.9 -16.1 217 0 36.8 24.4 10.0 0.0 0 0 4 2 2
5666.8 6236.5 -16.8 217 0 57.5 22.0 10.0 2.5 2 0 4 3 3
5411.3 6175.0 -18.4 126 0 19.5 18.9 17.5 3.5 4 0 5 2 2
5486.5 6103.1 -16.1 126 0 12.4 32.9 17.5 3.5 2 0 5 1 1
5435.5 6140.4 -17.5 126 0 10.9 33.2 17.5 3.5 2 0 5 2 2
5867.6 6045.6 -10.6 70 0 17.1 26.6 14.0 3.5 2 1 4 0 0
5926.7 6070.6 -10.7 343 0 6.2 7.7 10.5 0.0 0 1 3 1 1
5926.7 6038.8 -11.5 75 0 21.0 8.7 10.5 3.5 2 0 3 1 1
6026.2 6069.1 -12.1 153 0 11.5 5.7 10.5 3.5 2 0 3 4 4
6086.9 6077.7 -13.8 64 0 41.2 20.5 14.0 3.5 2 0 4 5 5
-230.3 10313.7 -12.4 301 0 40.8 157.5 10.5 0.0 0 0 3 2 2
-224.7 10273.4 -11.9 302 0 10.7 92.2 7.0 3.5 2 0 2 5 5
-193.4 10300.4 -11.6 301 0 15.4 131.4 10.5 0.0 0 0 3 0 0
-245.1 10162.7 -11.2 121 0 26.0 91.1 14.0 0.0 0 0 4 1 1
-174.2 10244.3 -10.9 301 0 13.7 78.5 7.0 3.5 2 0 2 3 3
-159.9 10234.4 -10.5 301 0 17.0 78.6 10.5 3.5 2 1 3 0 0
-136.1 10231.8 -10.0 301 0 20.5 91.8 14.0 0.0 0 1 4 4 4
-367.9 10276.3 -12.5 30 0 31.1 7.6 10.5 3.5 2 0 3 4 4
-128.3 10245.0 -10.0 211 0 20.2 10.3 8.0 3.5 2 0 2 5 5
-125.7 10267.4 -10.0 299 0 5.6 31.5 4.0 3.5 2 1 1 0 0
-115.6 10335.3 -10.5 300 0 17.9 41.3 7.0 0.0 0 1 2 2 2
-96.3 10322.4 -9.6 298 0 8.4 30.4 3.5 3.5 2 1 1 0 0
-79.8 10311.5 -8.7 295 0 8.9 31.6 10.5 3.5 2 1 3 3 3
-218.8 10330.6 -11.6 130 0 6.6 11.2 12.0 0.0 0 1 3 4 4
-205.6 10389.6 -11.3 300 0 19.4 17.6 3.5 3.5 2 0 1 5 5
-240.9 10341.6 -12.6 120 0 33.7 37.8 7.0 0.0 0 1 2 4 4
-240.1 10415.7 -12.9 301 0 32.4 61.9 7.0 0.0 0 1 2 0 0
-273.3 10345.7 -12.4 299 0 43.1 15.6 3.5 3.5 2 0 1 4 4
-347.6 10413.2 -13.5 35 0 34.0 15.3 7.0 0.0 0 0 2 3 3
-132.1 10388.4 -10.1 30 0 31.7 25.0 10.5 0.0 0 0 3 1 1
-144.1 10453.1 -9.5 119 0 23.3 15.1 14.0 3.5 2 0 4 2 2
-115.8 10454.1 -9.2 300 0 21.3 14.3 14.0 3.5 2 0 4 5 5
-153.3 10542.0 -11.2 210 0 64.5 16.0 10.5 3.5 2 0 3 0 0
-117.0 10558.5 -11.0 300 0 10.4 63.9 10.5 3.5 2 1 3 0 0
-79.2 10479.5 -9.5 30 0 31.7 64.9 7.0 0.0 0 1 2 0 0
-103.9 10550.1 -10.8 299 0 16.9 30.8 7.0 3.5 2 1 2 3 3
-72.0 10580.7 -10.1 211 0 31.0 6.7 4.0 3.5 2 0 1 4 4
-54.1 10587.3 -9.8 301 0 5.2 30.5 4.0 3.5 2 1 1 1 1
-117.0 10562.3 -11.6 119 0 43.7 15.8 7.0 3.5 2 0 2 5 5
-115.4 10597.3 -11.4 207 0 26.5 21.9 24.5 0.0 0 0 7 2 2
-80.2 10588.2 -10.6 27 0 36.8 10.4 14.0 3.5 2 0 4 3 3
-168.7 10538.1 -10.8 30 0 19.0 12.6 3.5 3.5 2 0 1 3 3
-175.4 10525.6 -10.0 29 0 7.8 9.4 3.5 3.5 4 1 1 2 2
-45.0 10531.2 -8.8 31 0 85.1 12.2 7.0 3.5 2 0 2 1 1
-43.7 10604.3 -8.5 120 0 48.4 13.7 3.5 3.5 2 0 1 0 0
-151.5 10647.7 -12.8 322 0 7.4 56.8 3.5 3.5 2 1 1 0 0
-245.7 10537.0 -11.7 124 0 21.4 62.6 17.5 3.5 2 1 5 0 0
-199.2 10556.6 -11.0 29 0 29.2 11.0 7.0 3.5 2 0 2 1 1
-216.2 10520.0 -10.4 31 0 21.2 14.3 3.5 3.5 2 0 1 4 4
-229.9 10496.3 -10.9 31 0 30.9 13.7 10.5 3.5 2 0 3 4 4
-251.8 10531.4 -10.9 301 0 34.2 11.1 10.5 3.5 2 0 3 3 3
-268.5 10524.4 -11.8 300 0 13.8 17.9 3.5 0.0 0 1 1 5 5
-247.1 10557.2 -11.1 34 0 21.7 9.8 3.5 3.5 2 0 1 5 5
-107.9 10680.6 -13.1 48 0 67.7 8.7 3.5 3.5 2 0 1 5 5
-96.8 10639.2 -11.4 121 0 11.5 45.4 3.5 3.5 2 1 1 0 0
-76.8 10635.7 -10.3 121 0 11.0 46.0 7.0 3.5 2 1 2 4 4
-54.1 10684.4 -10.6 207 0 10.8 9.1 12.0 3.5 4 0 3 3 3
-51.5 10704.8 -11.6 208 0 21.5 14.5 7.0 3.5 2 0 2 0 0
-17.1 10759.6 -14.2 302 0 16.6 49.3 10.5 3.5 2 1 3 3 3
-0.7 10622.4 -6.9 28 0 41.3 9.4 7.0 3.5 4 0 2 3 3
6.2 10663.1 -7.7 28 0 24.9 9.1 4.0 3.5 2 0 1 5 5
25.5 10655.5 -6.5 31 0 7.2 12.2 10.5 0.0 0 1 3 1 1
-0.1 10474.3 -7.6 32 0 92.2 13.6 10.5 3.5 2 0 3 3 3
53.5 10700.0 -10.6 31 0 45.6 16.9 3.5 3.5 2 0 1 5 5
43.2 10748.2 -14.8 120 0 39.6 19.0 12.5 2.5 2 0 5 3 3
-295.4 10152.3 -12.6 122 0 161.8 12.9 7.0 0.0 0 0 2 4 4
-324.5 10155.5 -12.0 302 0 42.3 8.3 3.5 3.5 2 0 1 1 1
-464.2 10199.1 -14.8 22 0 66.1 8.9 10.5 3.5 2 0 3 0 0
-435.6 10269.0 -12.7 27 0 25.9 8.0 3.5 3.5 2 0 1 3 3
78.7 10275.9 -4.2 199 0 68.6 15.7 24.5 3.5 2 0 7 0 0
52.8 10209.0 -5.3 200 0 65.9 17.1 24.5 3.5 2 0 7 4 4
45.1 10109.9 -5.3 92 0 17.3 60.8 24.5 3.5 4 1 7 2 2
73.6 10139.7 -3.5 107 0 13.1 44.5 24.5 0.0 0 1 7 2 2
90.6 10219.3 -3.9 197 0 55.1 10.6 24.5 0.0 0 0 7 1 1
104.1 10266.6 -4.0 197 0 37.9 12.5 24.5 0.0 0 0 7 2 2
100.3 10126.0 -3.2 107 0 15.5 48.7 24.5 3.5 2 1 7 3 3
116.4 10211.0 -3.7 198 0 55.2 14.6 24.5 3.5 2 0 7 0 0
133.8 10270.4 -3.8 197 0 53.0 14.1 24.5 3.5 2 0 7 1 1
178.4 10367.2 -5.0 288 0 15.7 52.8 24.5 0.0 0 1 7 1 1
161.7 10312.9 -3.4 287 0 19.6 18.6 10.5 3.5 2 0 3 0 0
208.3 10357.4 -4.8 289 0 13.7 50.6 24.5 3.5 2 1 7 4 4
186.6 10300.1 -3.7 288 0 12.6 45.4 24.5 0.0 0 1 7 0 0
145.1 10175.3 -3.5 108 0 12.3 76.6 24.5 0.0 0 1 7 1 1
192.9 10204.5 -3.3 18 0 78.5 11.0 24.5 3.5 2 0 7 3 3
238.6 10347.3 -4.6 289 0 15.8 74.7 24.5 3.5 2 1 7 5 5
229.4 10191.2 -2.9 17 0 75.4 14.3 24.5 0.0 0 0 7 4 4
270.2 10336.7 -4.3 288 0 14.1 66.6 24.5 3.5 2 1 7 4 4
127.3 10116.4 -3.0 106 0 14.3 50.3 24.5 3.5 2 1 7 0 0
153.3 10096.7 -2.7 107 0 15.7 60.5 24.5 3.5 2 1 7 0 0
184.2 9997.7 -3.2 100 0 17.0 49.1 24.5 3.5 2 1 7 5 5
-233.9 10427.8 -11.2 121 0 24.9 85.7 10.5 0.0 0 1 3 1 1
-164.8 10448.3 -10.2 27 0 22.9 29.5 14.0 0.0 0 1 4 0 0
-168.5 10391.2 -10.3 120 0 12.7 35.4 7.0 3.5 4 1 2 0 0
