-6560.0 -8710.4 -9.6 52 0 60.8 55.6 5.0 0.0 0 0 2 2 2
-6678.8 -8684.4 -9.9 140 0 59.5 17.4 5.0 0.0 0 0 2 2 2
-6536.7 -8560.6 -9.4 230 0 38.2 38.4 10.0 0.0 0 1 4 0 0
-5648.3 -7390.8 -7.3 78 0 21.8 213.4 15.0 0.0 0 1 6 2 2
-5752.3 -7290.0 -7.7 164 0 213.4 21.8 12.5 0.0 0 0 5 2 2
-5645.1 -7518.5 -7.3 337 0 213.3 21.8 12.5 0.0 0 0 5 5 5
-5497.1 -7830.7 -6.9 63 0 21.8 213.3 12.5 0.0 0 1 5 4 4
-5855.9 -7193.3 -8.0 109 0 21.1 125.4 12.5 0.0 0 1 5 3 3
-5919.9 -7094.2 -8.3 220 0 12.2 34.9 15.0 0.0 0 1 6 5 5
-5895.1 -7052.3 -8.2 220 0 12.2 34.9 12.5 2.5 2 1 5 4 4
-5912.3 -6928.8 -8.2 258 0 8.2 59.7 7.5 2.5 2 1 3 2 2
-5867.9 -7004.3 -8.1 78 0 8.2 59.7 7.5 2.5 2 1 3 0 0
-5853.5 -6936.4 -7.9 258 0 8.2 59.7 7.5 2.5 2 1 3 0 0
-5798.6 -7016.4 -7.7 335 0 59.6 8.3 7.5 2.5 2 0 3 2 2
-5837.9 -6934.1 -7.8 258 0 8.2 59.7 7.5 2.5 2 1 3 1 1
-5846.3 -7575.5 -7.8 138 0 17.9 135.3 12.5 0.0 0 1 5 4 4
-5896.9 -7533.8 -8.0 139 0 29.5 60.4 12.5 0.0 0 1 5 2 2
-5820.7 -7616.2 -7.7 138 0 17.9 135.3 12.5 0.0 0 1 5 0 0
-5924.0 -7911.3 -7.9 186 0 124.7 21.8 12.5 0.0 0 0 5 0 0
-5909.7 -7778.8 -7.9 186 0 124.7 21.8 12.5 0.0 0 0 5 4 4
-5842.0 -7911.9 -7.6 186 0 124.7 21.8 12.5 0.0 0 0 5 3 3
-5812.3 -7717.1 -7.6 276 0 21.9 124.7 12.5 0.0 0 1 5 2 2
-5762.7 -7982.1 -7.4 96 0 21.9 124.7 12.5 0.0 0 1 5 5 5
-5734.5 -7721.8 -7.3 276 0 21.9 124.7 12.5 0.0 0 1 5 2 2
-5937.8 -8158.6 -7.8 186 0 124.6 21.8 12.5 0.0 0 0 5 3 3
-5859.9 -8164.0 -7.5 186 0 124.7 21.8 12.5 0.0 0 0 5 4 4
-5770.3 -8106.3 -7.2 276 0 21.9 124.7 12.5 0.0 0 1 5 4 4
-5696.3 -8118.8 -6.9 276 0 21.9 124.7 12.5 0.0 0 1 5 0 0
-5606.0 -8129.8 -6.6 276 0 21.9 124.7 12.5 0.0 0 1 5 3 3
-5934.3 -8029.3 -7.8 183 0 63.2 23.6 12.5 2.5 2 0 5 4 4
-5831.8 -8042.1 -7.5 3 0 63.2 23.6 12.5 2.5 2 0 5 1 1
-5754.7 -8042.1 -7.2 3 0 63.2 23.6 12.5 2.5 2 0 5 2 2
-5676.5 -7995.8 -7.1 106 0 21.8 124.6 15.0 0.0 0 1 6 0 0
-5715.2 -7895.2 -7.3 107 0 21.8 124.6 12.5 0.0 0 1 5 5 5
-5541.9 -7973.9 -6.6 16 0 124.6 21.8 12.5 0.0 0 0 5 3 3
-5518.9 -8214.8 -6.4 6 0 124.7 21.8 12.5 0.0 0 0 5 0 0
-6142.5 -8186.8 -8.4 178 0 33.8 19.5 2.5 0.0 0 0 1 4 4
-6138.7 -8224.8 -8.3 178 0 33.8 19.5 2.5 0.0 0 0 1 4 4
-6134.8 -8264.7 -8.3 178 0 33.8 19.5 2.5 0.0 0 0 1 5 5
-6133.3 -8302.3 -8.2 178 0 33.8 19.5 5.0 0.0 0 0 2 5 5
-6121.9 -8324.2 -8.2 268 0 19.4 33.8 2.5 0.0 0 1 1 5 5
-6110.2 -8086.1 -8.3 268 0 19.4 33.8 2.5 0.0 0 1 1 5 5
-6116.9 -8144.1 -8.3 178 0 33.8 19.5 2.5 0.0 0 0 1 5 5
-6115.3 -8187.2 -8.3 178 0 33.8 19.5 2.5 0.0 0 0 1 1 1
-6115.3 -8227.1 -8.2 178 0 33.8 19.5 2.5 0.0 0 0 1 2 2
-6111.4 -8264.7 -8.2 178 0 33.8 19.5 2.5 0.0 0 0 1 3 3
-6098.2 -8320.3 -8.1 178 0 33.8 19.5 2.5 0.0 0 0 1 0 0
-6059.7 -8339.1 -8.0 88 0 19.5 33.8 5.0 0.0 0 1 2 5 5
-6090.1 -8375.9 -8.1 88 0 19.4 33.8 2.5 0.0 0 1 1 2 2
-6054.3 -8376.7 -8.0 88 0 19.5 33.8 2.5 0.0 0 1 1 4 4
-6078.0 -8248.3 -8.1 178 0 33.8 19.5 2.5 0.0 0 0 1 2 2
-6070.5 -8186.4 -8.1 268 0 19.4 33.8 2.5 0.0 0 1 1 5 5
-6069.7 -8150.3 -8.1 268 0 19.4 33.8 2.5 0.0 0 1 1 0 0
-6072.1 -8105.7 -8.2 268 0 19.4 33.8 2.5 0.0 0 1 1 5 5
-6027.4 -8370.1 -7.9 88 0 19.5 33.8 2.5 0.0 0 1 1 2 2
-6030.5 -8331.4 -7.9 88 0 19.5 33.8 2.5 0.0 0 1 1 4 4
-6035.2 -8294.1 -8.0 89 0 18.5 26.3 2.5 2.5 2 1 1 2 2
-6035.8 -8233.8 -8.0 269 0 15.2 24.9 2.5 2.5 2 1 1 5 5
-6043.3 -8184.2 -8.0 267 0 15.5 41.4 5.0 0.0 0 1 2 3 3
-6045.8 -8152.4 -8.0 269 0 15.2 24.9 5.0 0.0 0 1 2 2 2
-5996.1 -8370.6 -7.8 88 0 19.5 33.8 5.0 0.0 0 1 2 3 3
-5999.2 -8333.7 -7.8 88 0 19.5 33.8 2.5 0.0 0 1 1 5 5
-6001.5 -8296.4 -7.9 88 0 19.5 33.8 2.5 0.0 0 1 1 2 2
-6005.6 -8226.7 -7.9 268 0 19.5 33.8 2.5 0.0 0 1 1 4 4
-6009.6 -8181.0 -7.9 267 0 15.5 41.4 2.5 2.5 2 1 1 1 1
-5964.8 -8365.2 -7.7 88 0 19.5 33.8 2.5 0.0 0 1 1 1 1
-5968.4 -8328.7 -7.7 88 0 19.5 33.8 2.5 0.0 0 1 1 3 3
-5969.7 -8290.1 -7.8 88 0 19.5 33.8 5.0 0.0 0 1 2 5 5
-5972.5 -8219.0 -7.8 268 0 19.5 33.8 2.5 0.0 0 1 1 3 3
-5934.8 -8359.8 -7.6 88 0 19.5 33.8 2.5 0.0 0 1 1 5 5
-5936.6 -8319.8 -7.6 88 0 19.5 33.8 2.5 0.0 0 1 1 5 5
-5940.3 -8247.3 -7.6 268 0 19.5 33.8 2.5 0.0 0 1 1 1 1
-5893.6 -8361.7 -7.5 88 0 19.5 33.8 5.0 0.0 0 1 2 4 4
-5893.6 -8325.2 -7.5 88 0 19.5 33.8 2.5 0.0 0 1 1 4 4
-5894.5 -8286.1 -7.5 88 0 19.5 33.8 2.5 0.0 0 1 1 2 2
-5798.9 -8383.9 -7.3 96 0 21.9 124.7 12.5 0.0 0 1 5 3 3
-5731.3 -8411.2 -7.0 102 0 21.8 124.6 12.5 0.0 0 1 5 4 4
-5693.8 -8528.0 -6.7 117 0 21.8 124.5 12.5 0.0 0 1 5 0 0
-5559.1 -8401.9 -6.3 297 0 21.8 124.5 12.5 0.0 0 1 5 2 2
-6948.2 -9111.3 -10.0 149 0 279.1 59.3 27.5 0.0 0 0 11 2 2
-6911.0 -8922.6 -9.9 239 0 59.3 279.1 27.5 0.0 0 1 11 1 1
-6819.8 -8863.2 -10.1 239 0 59.3 279.1 27.5 0.0 0 1 11 3 3
-6491.0 -9148.7 -9.7 59 0 59.3 279.1 27.5 0.0 0 1 11 4 4
-6418.7 -8947.6 -9.2 149 0 279.1 59.3 30.0 0.0 0 0 12 4 4
-6210.1 -8999.4 -8.9 59 0 59.3 279.1 27.5 0.0 0 1 11 5 5
-6074.2 -8949.0 -8.4 59 0 59.3 279.1 27.5 0.0 0 1 11 2 2
-6091.7 -8668.9 -7.9 239 0 59.3 279.1 27.5 0.0 0 1 11 3 3
-6296.0 -8657.6 -9.4 59 0 59.3 279.1 27.5 0.0 0 1 11 3 3
-6194.0 -8619.8 -9.1 59 0 59.3 279.1 27.5 0.0 0 1 11 3 3
-6058.1 -8612.6 -8.6 59 0 59.3 279.1 27.5 0.0 0 1 11 5 5
-5932.1 -8729.9 -7.7 149 0 279.1 59.3 27.5 0.0 0 0 11 1 1
-5833.7 -8690.3 -7.4 149 0 279.1 59.3 27.5 0.0 0 0 11 4 4
