-4114.0 -2469.8 -14.1 0 0 57.2 34.4 10.5 0.0 0 0 3 4 4
-4338.2 -2245.4 -14.2 180 0 37.6 57.4 14.0 0.0 0 1 4 0 0
-3702.8 -1702.6 -8.2 193 0 154.2 111.8 12.5 0.0 0 0 5 5 5
-4372.4 -2499.1 -10.0 269 0 9.9 17.5 10.5 3.5 2 1 3 5 5
-4149.6 -2813.1 -6.7 90 0 13.0 67.2 10.5 3.5 2 1 3 5 5
1741.5 4821.4 -4.1 134 0 135.1 26.0 12.5 0.0 0 0 5 4 4
1654.1 5330.9 -3.8 92 0 20.7 66.9 17.5 2.5 2 1 7 2 2
1670.4 5245.9 -0.3 270 0 54.0 16.4 10.0 2.5 2 0 4 3 3
1990.9 4756.9 -0.9 92 0 21.0 86.1 10.0 0.0 0 1 4 3 3
2116.8 4989.2 -2.2 90 0 16.5 57.6 12.5 2.5 2 1 5 5 5
2482.7 4843.4 -7.1 181 0 65.3 15.5 7.5 0.0 0 0 3 5 5
2521.5 4860.7 -7.6 226 0 16.2 64.9 7.5 2.5 2 1 3 4 4
2416.6 4836.4 -5.5 180 0 66.6 17.7 10.0 2.5 2 0 4 2 2
2411.4 4909.5 -6.7 179 0 43.9 18.2 12.5 2.5 2 0 5 5 5
2451.9 4859.1 -7.3 90 0 16.5 66.5 12.5 0.0 0 1 5 5 5
2481.0 4769.2 -6.4 181 0 45.6 17.3 10.0 2.5 2 0 4 2 2
2449.0 4807.1 -5.6 181 0 66.4 15.9 10.0 2.5 2 0 4 2 2
1724.9 5862.8 -14.4 93 0 9.0 44.4 7.5 2.5 2 1 3 0 0
1554.5 5952.8 -11.8 125 0 72.9 42.5 12.5 0.0 0 0 5 2 2
1682.0 5920.2 -13.4 261 0 17.4 12.6 7.5 2.5 2 0 3 4 4
1644.8 5852.1 -12.8 85 0 9.8 53.7 7.5 2.5 2 1 3 4 4
1088.6 5982.9 -0.2 216 0 63.8 19.5 12.5 2.5 2 0 5 1 1
726.6 5963.6 0.7 305 0 12.6 58.6 12.5 2.5 2 1 5 5 5
666.0 5732.6 -4.6 126 0 15.6 58.8 12.5 2.5 2 1 5 3 3
701.3 5882.7 -2.0 306 0 14.0 69.9 12.5 2.5 2 1 5 3 3
605.7 5814.8 -3.4 217 0 57.4 14.9 10.0 2.5 2 0 4 5 5
679.0 5899.1 -1.6 308 0 13.4 70.9 12.5 2.5 2 1 5 1 1
653.1 5817.1 -3.5 307 0 13.5 60.0 15.0 2.5 4 1 6 4 4
689.8 5714.9 -5.4 126 0 14.7 58.9 12.5 2.5 2 1 5 4 4
773.5 5929.0 -0.2 305 0 15.7 59.9 12.5 2.5 2 1 5 4 4
1441.5 6597.2 -5.2 41 0 17.1 49.9 10.0 2.5 2 1 4 5 5
749.6 5946.8 0.4 306 0 13.4 58.9 12.5 2.5 2 1 5 3 3
797.7 5913.1 -0.3 306 0 12.9 62.9 17.5 2.5 2 1 7 5 5
642.7 5751.5 -3.6 126 0 14.8 59.3 10.0 2.5 2 1 4 2 2
1374.5 6645.5 -5.3 130 0 47.0 18.5 7.5 2.5 2 0 3 5 5
713.5 5698.4 -5.9 128 0 13.7 57.7 15.0 2.5 2 1 6 3 3
1650.9 6823.8 -3.8 307 0 37.8 97.8 12.5 0.0 0 1 5 1 1
1542.9 6709.2 -4.7 217 0 59.5 46.1 10.0 0.0 0 0 4 2 2
2319.4 4749.8 -2.8 166 0 46.7 11.5 10.0 2.5 2 0 4 0 0
2257.7 4672.2 -5.3 345 0 66.1 11.7 10.0 0.0 0 0 4 0 0
2289.7 4763.3 -3.8 255 0 12.1 70.1 10.0 0.0 0 1 4 4 4
2230.8 4641.9 -5.3 346 0 64.4 10.2 7.5 2.5 2 0 3 2 2
2387.3 4640.5 -5.6 74 0 10.6 43.9 7.5 2.5 4 1 3 3 3
2379.9 4545.2 -12.1 223 0 364.2 12.3 12.5 0.0 0 0 5 5 5
2366.5 4748.1 -3.4 76 0 11.4 49.0 10.0 2.5 4 1 4 5 5
2357.9 4614.6 -5.7 74 0 10.0 40.0 10.0 0.0 0 1 4 5 5
2254.1 4746.0 -2.0 75 0 11.2 51.3 12.5 2.5 2 1 5 1 1
2162.7 4580.8 -4.7 91 0 11.0 64.9 10.0 2.5 2 1 4 4 4
2043.3 4565.5 -4.8 3 0 32.6 11.3 10.0 2.5 2 0 4 4 4
2264.7 4710.7 -3.8 166 0 44.5 13.0 12.5 2.5 2 0 5 2 2
2412.9 4724.2 -4.1 344 0 58.4 12.1 10.0 2.5 2 0 4 1 1
2101.6 4586.1 -4.4 91 0 9.4 62.9 7.5 2.5 2 1 3 0 0
2372.0 4579.5 -7.1 164 0 45.5 11.0 15.0 0.0 0 0 6 4 4
2105.6 4525.3 -7.4 360 0 61.8 10.9 10.0 2.5 2 0 4 4 4
2306.1 4572.6 -6.3 76 0 12.1 72.2 12.5 2.5 2 1 5 2 2
2293.3 4825.1 -2.6 169 0 51.3 10.9 10.0 2.5 2 0 4 4 4
2356.4 4561.6 -7.9 346 0 59.4 11.6 7.5 2.5 2 0 3 2 2
2292.9 4533.7 -9.9 257 0 11.3 56.6 12.5 2.5 2 1 5 5 5
2160.9 4482.2 -8.2 91 0 11.6 82.3 12.5 2.5 2 1 5 1 1
2216.2 4741.8 -2.8 166 0 52.0 11.6 12.5 2.5 4 0 5 0 0
2206.4 4683.9 -3.7 73 0 11.0 60.0 12.5 2.5 2 1 5 0 0
2483.3 4670.4 -5.0 76 0 10.9 42.9 10.0 2.5 2 1 4 4 4
2337.7 4683.0 -4.9 165 0 46.5 10.9 10.0 2.5 2 0 4 4 4
2337.1 4802.1 -3.1 75 0 10.2 50.7 10.0 2.5 2 1 4 2 2
2443.5 4698.9 -5.8 254 0 10.6 58.6 12.5 2.5 2 1 5 1 1
2408.7 4610.4 -6.5 347 0 44.9 11.3 7.5 2.5 2 0 3 2 2
2419.6 4764.3 -4.6 142 0 20.2 8.6 7.5 2.5 2 0 3 5 5
2135.8 4512.8 -8.4 1 0 92.1 11.6 12.5 2.5 2 0 5 3 3
2279.2 4774.1 -1.8 76 0 10.6 50.7 7.5 2.5 2 1 3 4 4
2251.8 4457.5 -12.1 340 0 67.1 12.4 10.0 0.0 0 0 4 0 0
2333.5 4529.1 -8.7 345 0 46.5 13.1 12.5 2.5 2 0 5 5 5
2441.5 4708.9 -4.5 75 0 10.3 46.2 10.0 2.5 2 1 4 0 0
2280.5 4548.3 -6.8 76 0 10.4 68.9 12.5 2.5 2 1 5 2 2
2433.8 4644.0 -5.9 345 0 58.6 13.3 15.0 2.5 2 0 6 2 2
2332.0 4601.7 -5.4 75 0 12.9 79.9 15.0 2.5 2 1 6 5 5
2392.5 4772.0 -4.1 73 0 9.9 23.8 5.0 2.5 2 1 2 4 4
2132.0 4581.3 -4.3 91 0 11.1 100.7 10.0 2.5 2 1 4 2 2
1466.3 4790.8 -4.5 42 0 20.6 45.7 10.0 2.5 2 1 4 0 0
1542.5 4862.2 -3.1 45 0 17.8 50.9 12.5 2.5 2 1 5 0 0
1553.6 4855.0 -5.4 227 0 18.3 73.5 10.0 2.5 2 1 4 5 5
1522.5 4837.8 -3.7 41 0 14.5 52.2 10.0 2.5 2 1 4 0 0
1530.5 4830.4 -6.0 224 0 15.9 71.4 10.0 2.5 2 1 4 3 3
1492.4 4816.8 -4.0 43 0 18.7 44.2 10.0 2.5 2 1 4 2 2
1576.5 4878.8 -5.0 227 0 21.2 72.7 10.0 2.5 2 1 4 4 4
1567.9 4886.8 -2.6 46 0 19.6 51.6 15.0 2.5 2 1 6 5 5
2223.0 3995.3 -12.9 88 0 15.8 34.2 12.5 2.5 2 1 5 0 0
2187.9 3986.6 -12.2 90 0 16.2 58.2 10.0 2.5 4 1 4 3 3
2219.0 4101.0 -11.3 270 0 14.1 49.9 10.0 2.5 2 1 4 2 2
2186.3 4105.5 -10.4 269 0 14.4 25.5 10.0 2.5 2 1 4 1 1
2258.0 4060.1 -12.7 270 0 14.5 25.1 10.0 2.5 2 1 4 5 5
2145.9 4023.2 -10.1 92 0 15.1 59.4 12.5 2.5 2 1 5 4 4
1987.7 3939.0 -8.5 224 0 84.3 13.8 15.0 2.5 2 0 6 4 4
1932.9 3880.7 -13.3 223 0 41.7 12.7 10.0 0.0 0 0 4 5 5
2008.9 3804.0 -16.8 90 0 12.7 26.3 7.5 0.0 0 1 3 5 5
1975.4 3836.8 -12.9 91 0 11.0 29.3 10.0 2.5 2 1 4 5 5
2059.2 4017.1 -9.1 224 0 68.5 15.4 15.0 2.5 2 0 6 4 4
-1840.6 1290.5 -3.4 298 0 17.5 56.7 7.5 2.5 2 0 3 4 4
-2240.9 842.6 -1.9 236 0 8.5 9.1 7.5 2.5 2 1 3 1 1
-1913.3 1236.8 -1.0 291 0 21.0 58.3 12.5 2.5 2 0 5 2 2
-1874.3 1220.2 -1.2 290 0 18.8 54.2 12.5 2.5 2 0 5 2 2
-1803.9 1355.9 -5.9 300 0 14.9 55.9 10.0 2.5 2 0 4 2 2
-1840.8 1378.5 -5.5 300 0 19.3 57.4 7.5 2.5 2 0 3 5 5
390.0 4189.3 -6.9 138 0 53.1 23.3 12.5 2.5 2 0 5 5 5
609.6 4256.2 -13.4 127 0 14.7 90.1 17.5 2.5 2 1 7 4 4
543.7 4224.4 -8.6 309 0 9.4 31.0 7.5 2.5 2 1 3 5 5
305.9 4067.5 -5.0 48 0 126.5 119.2 10.0 0.0 0 0 4 1 1
365.1 4202.5 -6.0 318 0 116.7 30.6 10.0 0.0 0 0 4 5 5
135.3 4170.1 -1.5 140 0 62.1 14.2 12.5 2.5 2 0 5 3 3
208.7 3898.8 -2.3 56 0 11.7 36.1 10.0 2.5 2 1 4 4 4
246.7 3890.7 -3.1 325 0 35.9 12.7 7.5 2.5 2 0 3 5 5
273.2 3852.4 -3.9 326 0 36.4 12.3 7.5 2.5 2 0 3 1 1
128.1 3932.2 -1.0 57 0 18.1 80.9 7.5 2.5 2 1 3 0 0
229.0 3879.6 -2.7 326 0 36.0 13.0 7.5 2.5 2 0 3 2 2
260.3 3821.7 -3.6 56 0 12.4 37.5 12.5 0.0 0 1 5 4 4
198.4 3951.6 -2.3 55 0 15.9 12.0 5.0 2.5 2 0 2 4 4
163.0 3941.6 -1.9 236 0 39.0 8.8 7.5 2.5 2 0 3 1 1
221.3 3928.3 -2.7 327 0 36.9 12.4 7.5 2.5 2 0 3 2 2
316.6 3978.1 -6.1 147 0 80.8 93.2 10.0 0.0 0 1 4 3 3
697.0 4238.6 -11.9 233 0 15.7 26.8 7.5 2.5 2 1 3 0 0
513.0 4074.2 -8.1 327 0 19.1 54.4 15.0 2.5 2 1 6 1 1
705.8 4271.3 -13.1 55 0 15.7 23.8 10.0 2.5 2 1 4 5 5
-4243.4 -2389.9 -13.4 271 0 12.7 50.8 10.5 3.5 2 1 3 3 3
-4216.6 -2275.0 -14.6 101 0 50.1 61.3 14.0 0.0 0 0 4 3 3
-4119.6 -2544.8 -11.7 91 0 11.5 34.8 14.0 3.5 2 1 4 0 0
-4157.2 -2511.4 -11.4 269 0 10.5 33.1 14.0 3.5 2 1 4 0 0
-4080.8 -2544.5 -12.0 90 0 12.2 33.2 14.0 3.5 2 1 4 0 0
-4426.4 2857.1 -0.7 4 0 131.5 431.3 5.0 0.0 0 1 2 3 3
-4856.1 -3917.5 -7.4 26 0 51.9 11.1 14.0 3.5 2 0 4 1 1
-4719.4 -3875.2 -7.3 1 0 61.7 25.2 14.0 3.5 2 0 4 3 3
-4840.2 -3830.5 -6.7 295 0 22.3 34.3 14.0 0.0 0 1 4 1 1
-4700.2 -3843.2 -7.6 180 0 69.3 17.0 14.0 3.5 4 0 4 3 3
-4738.3 -3771.2 -4.2 171 0 10.1 5.2 10.5 3.5 2 0 3 0 0
-4123.8 -2569.0 -10.8 180 0 29.3 12.8 14.0 3.5 2 0 4 2 2
-4128.9 -2583.9 -10.0 269 0 23.9 65.4 14.0 0.0 0 1 4 5 5
-4306.0 -2585.1 -9.1 86 0 12.6 22.7 14.0 3.5 2 1 4 4 4
-4306.1 -2627.5 -8.6 88 0 14.4 41.0 10.5 0.0 0 1 3 3 3
-4336.6 -2597.9 -8.9 90 0 12.9 37.5 14.0 3.5 2 0 4 4 4
-4315.4 -2551.4 -9.5 91 0 21.7 11.1 14.0 3.5 2 0 4 4 4
-4449.5 -2646.4 -6.1 270 0 5.7 42.6 10.5 3.5 2 1 3 4 4
-4303.5 -2493.5 -12.0 92 0 13.2 57.5 14.0 3.5 2 1 4 3 3
-4287.3 -2423.9 -13.0 91 0 9.9 30.3 10.5 3.5 2 1 3 2 2
-4333.5 -2435.3 -11.7 270 0 13.5 43.2 14.0 3.5 2 1 4 4 4
-4309.8 -2422.2 -12.8 90 0 10.4 30.2 14.0 3.5 2 1 4 3 3
-4283.2 -2450.5 -12.1 359 0 33.2 9.1 10.5 3.5 2 0 3 5 5
-4428.8 -2401.0 -12.0 182 0 19.9 10.2 14.0 3.5 2 0 4 3 3
-4365.2 -2435.9 -11.4 272 0 12.3 41.2 14.0 3.5 2 1 4 3 3
-4502.6 -2442.6 -10.2 268 0 12.7 27.5 14.0 0.0 0 1 4 5 5
-4503.1 -2433.1 -11.0 92 0 12.1 27.9 14.0 3.5 2 1 4 3 3
-4423.7 -2428.9 -11.1 273 0 10.8 21.5 14.0 0.0 0 1 4 5 5
-4332.3 -2420.7 -12.7 88 0 12.3 27.8 14.0 3.5 2 1 4 3 3
-4477.6 -2469.0 -10.3 90 0 12.8 23.4 14.0 3.5 2 1 4 1 1
-4396.0 -2435.1 -11.2 271 0 12.7 43.4 14.0 0.0 0 1 4 1 1
-4403.3 -2390.8 -12.1 270 0 11.9 17.9 14.0 3.5 2 1 4 4 4
-4382.8 -2387.5 -12.4 268 0 12.0 26.0 14.0 3.5 2 1 4 1 1
-4545.8 -2568.1 -8.3 89 0 9.1 29.2 10.5 3.5 2 1 3 3 3
-4454.7 -2444.3 -10.5 270 0 12.4 25.0 14.0 3.5 2 1 4 5 5
-4590.3 -2566.5 -10.6 90 0 10.7 29.2 14.0 3.5 2 1 4 3 3
-4574.2 -2552.8 -9.5 181 0 28.7 12.3 14.0 3.5 2 0 4 1 1
-4357.2 -2420.4 -12.4 91 0 10.8 27.0 14.0 3.5 2 1 4 5 5
-4478.4 -2431.5 -11.3 92 0 13.3 27.0 14.0 3.5 2 1 4 4 4
-4454.9 -2433.6 -11.4 92 0 11.3 28.9 14.0 0.0 0 1 4 4 4
-4545.6 -2420.8 -10.7 271 0 11.8 21.4 14.0 3.5 2 1 4 0 0
-4566.9 -2469.0 -10.8 269 0 9.6 17.6 10.5 3.5 2 1 3 5 5
-4546.0 -2413.3 -11.4 91 0 11.0 23.8 14.0 3.5 2 1 4 1 1
-4567.7 -2519.0 -10.3 91 0 9.7 21.9 10.5 3.5 2 1 3 3 3
-4539.6 -2509.4 -9.1 2 0 22.6 11.0 14.0 3.5 2 0 4 3 3
-4539.8 -2477.6 -9.7 0 0 20.7 9.4 10.5 3.5 2 0 3 0 0
-4586.5 -3073.3 7.9 360 0 77.1 18.7 14.0 3.5 4 0 4 5 5
-4664.7 -2875.6 -7.2 90 0 14.3 71.9 14.0 3.5 2 1 4 1 1
-4627.9 -2851.5 -4.6 269 0 11.4 21.8 14.0 3.5 2 1 4 4 4
-4581.6 -2946.1 4.4 267 0 33.9 13.0 14.0 0.0 0 0 4 2 2
-4560.6 -2926.3 2.5 178 0 37.8 10.4 14.0 3.5 4 0 4 0 0
-4612.7 -3129.6 4.0 271 0 21.3 63.4 14.0 0.0 0 1 4 4 4
-4659.7 -2761.3 -9.3 0 0 68.3 12.8 14.0 3.5 4 0 4 3 3
-4454.6 -2910.5 -2.5 274 0 14.1 18.9 14.0 3.5 2 1 4 0 0
-4570.7 -2815.4 -4.5 359 0 51.0 9.9 10.5 3.5 2 0 3 0 0
-4603.4 -2790.0 -5.4 269 0 10.0 17.1 10.5 3.5 2 1 3 2 2
-4634.7 -2841.4 -5.7 88 0 7.8 23.4 10.5 0.0 0 1 3 4 4
-4584.7 -2777.4 -5.8 92 0 11.9 26.2 10.5 3.5 2 1 3 2 2
-4636.6 -2784.0 -6.6 268 0 7.3 21.2 10.5 3.5 2 1 3 0 0
-4619.3 -2840.4 -6.1 88 0 10.9 51.9 10.5 3.5 4 1 3 4 4
-4602.9 -2874.1 -3.8 88 0 13.1 20.0 14.0 3.5 4 1 4 1 1
-4575.9 -2875.6 -2.9 88 0 12.6 24.5 14.0 3.5 2 1 4 0 0
-4610.2 -2779.0 -6.7 90 0 11.1 26.7 10.5 3.5 2 1 3 2 2
-4633.6 -2778.0 -7.4 88 0 11.6 23.7 14.0 3.5 4 1 4 2 2
-4628.7 -2685.4 -9.1 269 0 13.8 53.5 14.0 3.5 4 1 4 2 2
-4606.4 -2904.1 2.0 355 0 30.1 15.9 14.0 3.5 4 0 4 2 2
-4600.0 -2674.4 -9.1 90 0 14.9 29.7 10.5 3.5 2 1 3 2 2
-4571.4 -2674.1 -7.7 90 0 16.4 29.2 10.5 0.0 0 1 3 3 3
-4557.3 -2699.2 -5.8 269 0 12.9 31.5 14.0 3.5 2 1 4 0 0
-4444.3 -2818.1 -3.2 90 0 9.9 40.3 10.5 3.5 2 1 3 1 1
-4395.6 -2797.1 -3.7 178 0 39.4 11.3 14.0 3.5 2 0 4 1 1
-4444.0 -2826.8 -2.1 271 0 9.6 29.6 10.5 3.5 2 1 3 4 4
-4336.1 -2872.5 -3.9 89 0 11.7 39.0 10.5 3.5 4 1 3 3 3
-4430.9 -2828.6 -2.2 272 0 9.1 22.4 10.5 3.5 2 1 3 0 0
-4397.4 -2851.9 -2.8 180 0 39.7 12.2 10.5 3.5 2 0 3 2 2
-4431.3 -2810.8 -3.0 91 0 9.2 18.7 10.5 3.5 2 1 3 2 2
-4336.6 -2817.4 -4.1 89 0 10.3 42.4 14.0 3.5 2 1 4 1 1
-4283.8 -2817.7 -4.5 89 0 9.7 39.4 10.5 3.5 2 1 3 1 1
-4284.4 -2871.0 -4.9 89 0 9.9 40.7 10.5 3.5 2 1 3 5 5
-4324.8 -2881.9 -4.7 270 0 10.0 25.0 14.0 0.0 0 1 4 3 3
-4297.8 -2881.5 -5.2 270 0 9.9 25.1 10.5 3.5 2 1 3 0 0
-4316.1 -2851.0 -4.4 180 0 40.9 10.9 14.0 3.5 2 0 4 0 0
-4553.5 -3320.6 -3.8 269 0 15.4 25.3 14.0 3.5 2 1 4 4 4
-4637.8 -3419.3 -2.4 208 0 70.2 14.1 14.0 3.5 2 0 4 2 2
-4543.2 -3447.4 -5.8 300 0 12.9 71.7 14.0 3.5 2 1 4 0 0
-4588.1 -3315.1 -2.3 288 0 14.0 66.6 14.0 3.5 2 1 4 0 0
-4410.2 -3333.3 -9.2 181 0 22.0 13.0 10.5 3.5 2 0 3 3 3
-4438.6 -3321.4 -8.1 271 0 14.5 24.6 14.0 3.5 2 1 4 3 3
-4475.1 -3397.1 -7.5 90 0 14.2 42.0 10.5 3.5 4 1 3 4 4
-4421.9 -3434.4 -9.5 0 0 33.6 13.1 14.0 3.5 2 0 4 2 2
-4412.6 -3375.0 -9.8 180 0 45.1 15.4 10.5 3.5 2 0 3 4 4
-4511.3 -3413.2 -6.9 269 0 14.5 45.8 14.0 3.5 2 1 4 3 3
-4465.4 -3416.1 -8.3 270 0 12.5 33.6 14.0 3.5 2 1 4 2 2
-4474.1 -3319.8 -6.8 269 0 15.9 24.1 10.5 3.5 2 1 3 3 3
-4439.3 -3396.4 -8.6 91 0 13.6 42.1 14.0 3.5 4 1 4 3 3
-4520.8 -3359.2 -6.3 181 0 78.4 17.4 14.0 3.5 4 0 4 5 5
-4368.4 -3265.0 -9.7 181 0 42.7 9.3 10.5 0.0 0 0 3 4 4
-4489.5 -3271.8 -5.6 180 0 60.0 12.7 10.5 3.5 4 0 3 1 1
-4423.3 -3156.8 -5.6 270 0 12.8 61.5 14.0 3.5 2 1 4 1 1
-4545.9 -3270.5 -3.4 180 0 61.1 11.0 14.0 3.5 2 0 4 4 4
-4505.1 -3187.2 -0.6 0 0 60.2 12.1 10.5 3.5 2 0 3 5 5
-4430.4 -3270.5 -7.8 180 0 61.2 12.6 10.5 3.5 2 0 3 3 3
-4533.6 -3181.9 1.0 359 0 51.0 10.2 14.0 3.5 2 0 4 3 3
-4488.2 -3187.0 -1.3 180 0 59.5 11.8 14.0 0.0 0 0 4 5 5
-4459.2 -3188.0 -2.9 181 0 59.1 12.8 14.0 3.5 2 0 4 3 3
-4371.2 -3188.2 -8.9 182 0 59.9 13.1 14.0 3.5 2 0 4 1 1
-4574.4 -3239.0 -2.2 269 0 16.9 60.7 14.0 3.5 4 1 4 5 5
-4458.9 -3270.5 -6.8 179 0 61.5 13.1 14.0 3.5 2 0 4 2 2
-4401.0 -3268.9 -8.8 181 0 62.6 12.6 10.5 3.5 2 0 3 0 0
-4518.7 -3272.7 -4.5 181 0 59.0 12.8 14.0 3.5 2 0 4 4 4
-4402.0 -3188.6 -7.4 180 0 60.3 14.1 14.0 3.5 2 0 4 5 5
-4351.2 -3240.0 -9.6 268 0 6.1 7.4 10.5 3.5 2 1 3 4 4
-4881.3 -3741.9 -4.8 25 0 44.8 10.2 10.0 2.5 2 0 4 3 3
-4914.3 -3853.3 -7.5 206 0 37.7 12.3 14.0 3.5 2 0 4 3 3
-4908.5 -3821.4 -6.9 207 0 16.2 20.7 14.0 3.5 2 1 4 1 1
-4853.2 -3755.9 -4.6 25 0 44.5 11.2 14.0 3.5 2 0 4 3 3
-4873.6 -3796.3 -5.9 27 0 36.0 8.5 10.5 3.5 2 0 3 2 2
-4667.0 -3241.6 1.6 181 0 59.2 12.6 10.5 3.5 2 0 3 4 4
-4935.6 -3909.2 -7.5 115 0 8.9 36.6 10.5 3.5 2 1 3 0 0
-4893.2 -3786.6 -6.0 206 0 36.0 13.3 14.0 3.5 2 0 4 5 5
-4763.8 -3426.2 2.7 291 0 8.1 14.3 10.5 3.5 2 1 3 3 3
-4752.6 -3478.4 1.3 4 0 24.4 6.9 10.5 3.5 2 0 3 5 5
-4831.2 -3691.0 -1.7 116 0 12.7 34.4 14.0 3.5 2 1 4 2 2
-4620.7 -3676.6 -5.8 91 0 14.7 60.0 14.0 3.5 4 1 4 5 5
-4747.5 -3639.2 -1.5 208 0 38.3 9.6 10.5 3.5 2 0 3 0 0
-4552.4 -3522.6 -7.1 271 0 14.6 81.2 14.0 3.5 2 1 4 1 1
-4588.5 -3675.1 -6.8 91 0 16.0 62.1 14.0 3.5 2 1 4 5 5
-4539.9 -3486.2 -6.5 271 0 7.8 31.0 10.5 3.5 2 1 3 0 0
-4553.4 -3673.0 -7.9 92 0 14.2 59.8 14.0 3.5 2 1 4 4 4
-4522.6 -3653.1 -8.6 90 0 7.8 68.3 10.5 3.5 2 1 3 5 5
-4499.0 -3655.5 -9.5 90 0 15.9 72.9 14.0 3.5 2 1 4 5 5
-4587.8 -3598.4 -6.0 90 0 15.8 60.5 14.0 3.5 2 1 4 2 2
-4681.6 -3353.2 1.0 80 0 9.7 55.6 10.5 3.5 4 1 3 4 4
-4742.8 -3307.4 2.8 262 0 10.8 55.1 14.0 3.5 2 1 4 5 5
-4691.8 -3251.1 2.5 181 0 52.2 10.5 10.5 3.5 4 0 3 0 0
-4713.3 -3286.7 3.3 90 0 11.5 55.6 10.5 0.0 0 1 3 5 5
-4706.5 -3356.1 1.8 80 0 10.1 53.5 14.0 3.5 4 1 4 4 4
-4738.1 -3297.9 4.1 89 0 9.5 60.8 10.5 3.5 2 1 3 0 0
-4708.5 -3391.4 0.6 172 0 39.5 10.5 14.0 3.5 2 0 4 1 1
-4666.5 -3022.5 14.5 271 0 12.0 42.3 14.0 3.5 2 1 4 4 4
-4673.2 -3120.2 9.0 181 0 62.7 14.0 14.0 3.5 2 0 4 4 4
-4636.1 -3036.6 12.2 0 0 38.2 10.5 14.0 3.5 2 0 4 4 4
-4285.0 -1938.4 -11.9 90 0 12.9 66.3 15.0 2.5 2 1 6 0 0
-4347.1 -1937.2 -12.6 91 0 15.0 64.9 7.5 2.5 2 1 3 4 4
-4316.0 -1938.2 -12.3 91 0 14.9 66.5 10.0 0.0 0 1 4 4 4
-3805.2 -1912.3 -6.6 1 0 35.6 10.9 7.5 2.5 2 0 3 1 1
-3859.2 -1680.8 -9.5 270 0 18.2 77.7 12.5 2.5 2 1 5 3 3
-3912.6 -1719.8 -10.0 181 0 81.5 18.3 12.5 2.5 4 0 5 4 4
-3918.5 -2496.1 -13.6 272 0 14.6 29.9 12.5 0.0 0 1 5 0 0
-3957.6 -2472.8 -13.9 267 0 18.3 20.0 7.5 2.5 2 1 3 0 0
-3970.3 -2514.1 -13.1 180 0 18.0 15.1 7.5 2.5 4 0 3 5 5
-4916.6 -7240.1 -13.9 84 0 17.0 71.8 7.5 2.5 2 1 3 4 4
-4979.2 -7215.9 -14.0 351 0 64.6 60.5 7.5 0.0 0 0 3 1 1
-4845.7 -7234.1 -13.8 83 0 21.3 74.6 10.0 2.5 2 0 4 0 0
-4952.4 -7244.8 -14.1 84 0 16.5 72.8 7.5 2.5 2 1 3 2 2
-4976.2 -7270.0 -13.2 356 0 11.8 19.5 7.5 2.5 2 1 3 1 1
758.8 5758.2 -4.3 36 0 15.5 40.9 12.5 2.5 2 1 5 1 1
739.1 5847.8 -2.5 306 0 14.1 66.5 10.0 0.0 0 1 4 5 5
1151.4 4691.7 -8.5 133 0 136.9 102.4 12.5 0.0 0 0 5 4 4
1089.3 5827.9 -3.8 217 0 89.4 17.4 10.0 2.5 2 0 4 3 3
1026.8 4809.2 -5.6 133 0 135.9 103.6 10.0 0.0 0 0 4 0 0
1299.9 5116.9 1.0 224 0 17.6 80.9 12.5 2.5 2 1 5 4 4
1242.5 5036.8 0.4 134 0 30.1 80.6 12.5 0.0 0 1 5 4 4
749.0 5699.9 -6.1 211 0 67.8 13.6 7.5 2.5 2 0 3 2 2
1044.2 5802.2 -4.0 37 0 74.7 17.0 12.5 0.0 0 0 5 3 3
1056.8 5770.8 -7.1 306 0 16.2 68.1 12.5 2.5 2 1 5 4 4
1385.5 4991.3 -1.3 134 0 62.4 41.2 10.0 0.0 0 0 4 0 0
1643.0 4730.9 -7.5 224 0 16.9 76.1 12.5 0.0 0 1 5 3 3
1534.7 4688.4 -9.3 225 0 89.7 34.6 12.5 0.0 0 0 5 0 0
1761.6 4617.3 -7.5 45 0 19.0 76.4 10.0 2.5 2 1 4 2 2
1770.6 4696.1 -6.6 315 0 87.1 27.9 12.5 0.0 0 0 5 3 3
1713.3 4569.1 -8.9 44 0 21.0 75.1 12.5 2.5 2 1 5 1 1
1595.6 4680.3 -8.8 224 0 21.4 77.3 12.5 0.0 0 1 5 3 3
1568.1 4595.3 -10.1 133 0 75.8 18.9 15.0 2.5 2 0 6 0 0
1619.8 4706.7 -8.1 224 0 18.7 75.4 10.0 2.5 4 1 4 4 4
1632.6 4536.8 -10.2 133 0 74.9 20.2 12.5 2.5 2 0 5 2 2
1591.7 4621.3 -9.4 133 0 79.2 18.7 10.0 0.0 0 0 4 3 3
1690.1 4542.9 -9.5 44 0 17.1 76.3 10.0 2.5 2 1 4 2 2
1737.8 4592.9 -8.2 44 0 17.9 76.8 12.5 0.0 0 1 5 0 0
1984.2 4489.1 -5.1 44 0 19.9 58.4 12.5 2.5 4 1 5 0 0
1846.9 4264.7 -4.5 313 0 216.5 25.9 12.5 0.0 0 0 5 0 0
1854.3 4052.3 -5.7 313 0 39.4 12.2 12.5 2.5 2 0 5 4 4
1883.8 4058.4 -4.7 43 0 10.7 27.6 10.0 0.0 0 1 4 1 1
1588.7 4155.9 -12.6 224 0 152.9 47.6 17.5 0.0 0 0 7 2 2
629.4 5150.7 1.4 306 0 36.9 32.3 10.0 0.0 0 0 4 1 1
-1470.5 2035.7 -14.3 145 0 72.4 77.6 12.5 0.0 0 1 5 1 1
-1755.2 2279.6 -14.9 140 0 83.3 95.2 12.5 0.0 0 1 5 2 2
-1662.9 2078.2 -12.1 320 0 68.7 37.5 12.5 0.0 0 0 5 0 0
-1804.9 2281.3 -12.3 321 0 26.1 70.5 12.5 0.0 0 1 5 1 1
-1669.3 1981.3 -9.7 323 0 63.8 41.1 10.0 0.0 0 0 4 2 2
-1822.9 1978.9 -10.8 143 0 46.2 85.7 10.0 0.0 0 1 4 3 3
-1984.2 2253.5 -10.6 144 0 62.1 22.6 12.5 2.5 2 0 5 5 5
-1897.1 2394.5 -8.7 320 0 18.7 67.7 10.0 2.5 2 1 4 1 1
-1851.4 2340.3 -11.6 321 0 89.8 68.4 12.5 0.0 0 0 5 0 0
-1980.3 2331.9 -10.8 233 0 19.4 81.2 12.5 2.5 4 1 5 4 4
-2011.2 2226.4 -10.1 144 0 62.7 19.6 10.0 2.5 2 0 4 2 2
-1962.8 2125.5 -10.4 53 0 22.4 139.9 12.5 0.0 0 1 5 1 1
-1276.2 2009.9 -15.3 90 0 49.5 83.7 12.5 0.0 0 1 5 0 0
-2073.6 2256.1 -8.7 125 0 35.7 106.6 10.0 0.0 0 1 4 5 5
-2035.9 2061.6 -9.2 36 0 60.5 29.4 12.5 0.0 0 0 5 0 0
-2009.8 2386.9 -6.2 214 0 16.8 44.8 10.0 2.5 4 1 4 2 2
-1939.9 2457.2 -7.4 304 0 30.2 73.1 10.0 0.0 0 1 4 3 3
-1486.3 1734.8 -4.4 269 0 20.0 80.6 10.0 0.0 0 1 4 0 0
-2078.6 2004.7 -8.4 34 0 64.7 40.4 10.0 0.0 0 0 4 2 2
-1523.6 1724.4 -3.8 268 0 25.9 81.6 10.0 0.0 0 1 4 1 1
-1887.2 1246.9 -1.9 114 0 25.9 5.9 2.5 2.5 2 0 1 3 3
-2244.9 896.8 -2.2 91 0 25.5 31.1 5.0 0.0 0 0 2 2 2
-1861.9 1298.4 -3.2 295 0 27.9 11.9 7.5 2.5 2 0 3 2 2
-1894.3 1225.7 -1.0 290 0 22.6 6.6 7.5 2.5 2 0 3 3 3
1630.9 5409.9 -5.6 91 0 14.5 67.6 12.5 2.5 4 1 5 0 0
1753.3 5724.9 -12.5 180 0 39.8 67.1 12.5 0.0 0 1 5 0 0
1801.4 5638.7 -10.0 183 0 47.4 58.6 10.0 0.0 0 1 4 1 1
1455.4 5430.0 -6.2 89 0 15.1 75.7 10.0 2.5 2 1 4 1 1
1497.6 5440.5 -6.5 90 0 14.4 76.2 12.5 2.5 2 1 5 4 4
1541.3 5442.0 -6.5 89 0 12.1 75.6 7.5 2.5 2 1 3 4 4
1587.9 5410.8 -6.1 90 0 14.1 97.0 10.0 2.5 2 1 4 1 1
1948.5 4757.5 -0.7 91 0 16.8 87.4 12.5 2.5 2 1 5 3 3
1906.2 4761.0 -0.8 90 0 13.4 83.1 10.0 2.5 2 1 4 4 4
2025.1 4861.1 1.0 180 0 75.2 15.0 10.0 0.0 0 0 4 4 4
2074.4 4822.9 0.9 91 0 12.6 76.1 7.5 2.5 2 1 3 3 3
1993.8 4864.2 2.4 90 0 11.6 83.1 7.5 2.5 2 1 3 0 0
1947.4 4907.5 2.5 181 0 85.5 11.6 12.5 2.5 2 0 5 2 2
1946.1 5015.2 1.4 180 0 82.3 12.1 12.5 2.5 2 0 5 0 0
1995.1 4973.8 0.4 91 0 10.9 82.5 12.5 2.5 2 1 5 2 2
2034.5 4992.6 -0.9 90 0 11.9 82.8 10.0 2.5 4 1 4 3 3
2077.7 4992.6 -1.8 90 0 13.1 80.1 12.5 2.5 4 1 5 4 4
1565.2 5309.3 -1.3 271 0 14.4 63.9 10.0 2.5 2 1 4 3 3
1613.4 5276.1 -1.4 0 0 61.8 13.1 10.0 2.5 2 0 4 0 0
1652.2 5326.0 -2.1 271 0 17.8 64.7 10.0 2.5 2 1 4 3 3
1694.3 5324.7 -2.2 270 0 16.3 65.2 12.5 2.5 2 1 5 0 0
1736.9 5324.3 -2.4 271 0 17.3 64.5 12.5 0.0 0 1 5 3 3
1693.2 5332.7 -4.3 92 0 15.7 82.7 10.0 2.5 4 1 4 5 5
1736.8 5332.2 -3.8 90 0 13.5 53.1 12.5 0.0 0 1 5 1 1
1412.2 5432.6 -5.9 89 0 13.5 72.9 12.5 2.5 2 1 5 0 0
3749.1 -9101.6 0.6 360 0 36.1 12.5 10.0 2.5 2 0 4 2 2
4618.9 -8894.5 -4.7 360 0 26.3 61.2 10.0 0.0 0 1 4 4 4
4140.0 -8770.9 -4.1 0 0 91.4 45.6 12.5 0.0 0 0 5 4 4
4365.1 -9218.7 -7.8 0 0 213.1 7.2 7.5 2.5 2 0 3 5 5
4186.2 -8945.2 -6.3 90 0 47.6 113.5 12.5 0.0 0 1 5 0 0
3958.1 -8855.0 1.9 180 0 62.0 27.2 10.0 0.0 0 0 4 1 1
4618.4 -8982.8 -3.5 0 0 144.6 19.0 10.0 0.0 0 0 4 4 4
4663.8 -9174.1 -0.6 180 0 41.7 25.7 15.0 0.0 0 0 6 5 5
4567.2 -8690.2 -7.3 270 0 18.3 190.0 10.0 0.0 0 1 4 1 1
4271.4 -9010.4 -7.1 0 0 92.5 18.2 12.5 0.0 0 0 5 2 2
3704.4 -9128.5 -0.3 90 0 16.5 43.9 10.0 2.5 2 1 4 4 4
4662.3 -9055.9 -1.6 90 0 16.9 52.3 14.0 3.5 2 1 4 3 3
4706.2 -8457.3 -7.0 181 0 79.8 8.9 10.5 3.5 2 0 3 3 3
4132.2 -8900.4 -3.4 360 0 108.7 25.4 12.5 0.0 0 0 5 0 0
4346.2 -9325.7 -8.0 90 0 7.3 213.1 7.5 2.5 2 1 3 5 5
4159.5 -8697.8 -4.5 90 0 26.4 40.8 14.0 0.0 0 1 4 4 4
4727.6 -8867.6 -2.2 0 0 159.5 48.7 14.0 0.0 0 0 4 1 1
4618.0 -9070.9 -4.1 0 0 26.9 73.5 12.5 0.0 0 1 5 1 1
4395.9 -9296.1 -5.1 180 0 48.1 7.1 7.5 2.5 2 0 3 2 2
4618.3 -8783.6 -6.2 360 0 190.0 18.3 15.0 0.0 0 0 6 4 4
4567.3 -9054.7 -4.7 90 0 19.0 144.6 7.5 0.0 0 1 3 1 1
4746.4 -8488.6 -6.2 360 0 63.6 12.9 14.0 3.5 2 0 4 1 1
4081.4 -8972.2 -1.8 270 0 112.8 358.0 12.5 0.0 0 1 5 4 4
-3834.7 -10115.2 -24.7 119 0 11.6 26.6 10.0 0.0 0 1 4 3 3
-4101.4 -9855.2 -17.0 119 0 13.1 29.7 7.5 2.5 2 1 3 4 4
-4276.8 -9805.6 -13.7 294 0 9.2 45.5 7.5 2.5 2 1 3 3 3
-4138.7 -9835.5 -16.2 119 0 13.1 29.7 7.5 2.5 2 1 3 0 0
-3896.3 -10061.3 -23.0 30 0 30.9 11.1 7.5 0.0 0 0 3 0 0
-4235.2 -9941.8 -16.2 211 0 34.5 11.0 10.0 0.0 0 0 4 3 3
-3803.6 -10038.5 -23.8 34 0 17.1 20.4 10.0 0.0 0 1 4 4 4
-3870.6 -10094.6 -23.9 120 0 11.1 30.9 10.0 0.0 0 1 4 2 2
-3785.6 -10006.3 -23.0 34 0 17.1 20.4 10.0 0.0 0 1 4 5 5
-4214.0 -9901.5 -16.0 211 0 34.5 11.0 10.0 0.0 0 0 4 1 1
-4228.7 -9874.4 -15.4 301 0 11.0 34.5 10.0 0.0 0 1 4 0 0
-4262.0 -9926.6 -15.6 211 0 34.5 11.0 7.5 0.0 0 0 3 0 0
-4088.7 -9920.4 -18.2 300 0 12.2 44.8 7.5 0.0 0 0 3 3 3
-4117.5 -9974.1 -18.5 300 0 12.2 44.8 10.0 0.0 0 0 4 2 2
-3938.7 -9924.6 -19.8 32 0 14.7 27.1 7.5 0.0 0 1 3 4 4
-3776.5 -10068.9 -24.9 143 0 18.8 24.6 12.5 0.0 0 1 5 2 2
-3753.4 -10039.7 -24.2 123 0 19.7 22.7 12.5 0.0 0 1 5 5 5
-3867.8 -9852.2 -19.0 200 0 29.9 13.5 10.0 0.0 0 0 4 3 3
-4049.7 -9864.0 -17.7 28 0 25.1 13.9 7.5 0.0 0 0 3 2 2
-4146.3 -9875.6 -16.9 123 0 19.7 22.8 7.5 0.0 0 0 3 5 5
-4012.3 -9896.4 -18.8 123 0 19.7 22.8 10.0 0.0 0 1 4 1 1
-4088.0 -9907.0 -18.1 114 0 18.8 22.9 12.5 0.0 0 0 5 4 4
-4213.2 -9976.7 -16.9 120 0 10.4 46.7 12.5 0.0 0 1 5 4 4
-4244.0 -9804.0 -14.0 114 0 11.7 40.5 10.0 0.0 0 1 4 2 2
-4270.7 -9792.0 -13.4 115 0 11.8 40.5 10.0 0.0 0 1 4 0 0
-4261.2 -9897.4 -15.0 28 0 11.7 7.2 7.5 2.5 2 0 3 1 1
-4107.1 -9763.7 -15.2 209 0 30.4 13.0 10.0 0.0 0 0 4 5 5
-4058.4 -9775.6 -15.8 297 0 10.8 42.8 10.0 0.0 0 1 4 4 4
-4015.1 -10004.2 -20.6 301 0 12.8 74.5 7.5 2.5 2 0 3 4 4
-4017.4 -10090.4 -21.6 121 0 12.8 74.5 7.5 2.5 2 0 3 0 0
-4655.9 -11164.1 -17.9 20 0 23.7 25.9 10.0 2.5 2 1 4 2 2
-4660.3 -11082.3 -17.8 62 0 13.3 34.9 7.5 2.5 2 0 3 0 0
-4690.9 -11211.1 -17.8 20 0 23.7 25.9 10.0 2.5 2 1 4 3 3
-2515.0 4637.9 -0.5 253 0 10.7 10.2 27.5 0.0 0 0 11 5 5
-2400.7 3941.8 -11.7 358 0 57.2 33.4 12.5 0.0 0 0 5 0 0
-2331.8 4026.0 -9.3 87 0 24.0 48.6 12.5 2.5 2 1 5 1 1
-2335.7 4211.8 -6.3 268 0 31.9 73.8 10.0 0.0 0 1 4 5 5
-2262.3 4026.3 -10.7 88 0 34.1 59.8 12.5 0.0 0 1 5 4 4
-2267.4 4158.8 -7.0 87 0 34.4 60.5 10.0 0.0 0 1 4 2 2
-2239.0 3944.3 -14.0 358 0 60.2 34.3 10.0 0.0 0 0 4 3 3
-2157.2 3949.1 -16.2 357 0 59.2 33.6 10.0 0.0 0 0 4 1 1
-2073.0 3952.6 -15.2 357 0 59.5 34.7 12.5 0.0 0 0 5 4 4
-2329.2 3931.0 -12.3 88 0 55.2 38.6 12.5 0.0 0 0 5 4 4
-2470.5 4043.6 -7.0 178 0 51.8 14.7 12.5 2.5 2 0 5 2 2
-2414.1 4024.8 -7.9 88 0 33.5 58.5 12.5 0.0 0 1 5 5 5
-2401.2 4160.3 -5.5 358 0 75.5 33.5 10.0 0.0 0 0 4 2 2
-2207.0 4227.1 -7.9 267 0 18.9 43.8 10.0 2.5 2 1 4 5 5
-2117.7 4049.8 -11.3 178 0 34.1 59.2 10.0 0.0 0 1 4 2 2
-2141.7 4205.4 -7.2 359 0 43.2 20.4 10.0 2.5 2 0 4 5 5
-2072.0 4151.0 -6.9 268 0 19.0 43.9 10.0 2.5 2 1 4 3 3
-2080.1 4189.0 -4.9 89 0 29.5 29.8 10.0 0.0 0 1 4 2 2
-4331.8 750.2 -4.0 270 0 20.0 50.1 12.5 2.5 2 0 5 1 1
-4189.7 603.8 -7.2 180 0 53.4 20.3 15.0 2.5 2 0 6 5 5
-4138.4 576.5 -7.2 89 0 22.1 53.6 15.0 2.5 2 1 6 2 2
-4293.7 650.0 -6.9 271 0 20.3 53.0 15.0 2.5 2 1 6 2 2
-4331.7 649.9 -7.0 270 0 20.5 53.8 15.0 2.5 2 1 6 1 1
-4376.4 623.2 -7.1 180 0 51.2 16.1 15.0 2.5 4 0 6 3 3
-4408.9 551.8 -8.9 0 0 26.1 22.5 2.5 2.5 2 0 1 4 4
-4485.6 547.0 -8.8 90 0 19.9 46.4 15.0 2.5 2 1 6 2 2
-4451.2 522.9 -9.6 177 0 7.4 19.1 7.0 2.5 2 1 2 0 0
-4379.9 541.0 -8.8 90 0 11.7 20.1 10.0 2.5 2 0 4 5 5
-4354.5 581.6 -8.4 269 0 17.7 31.3 12.5 2.5 2 0 5 1 1
-4245.3 676.9 -4.4 91 0 17.2 58.8 12.5 2.5 4 1 5 5 5
-4280.5 669.7 -4.7 91 0 25.8 25.4 7.5 0.0 0 0 3 0 0
-4321.8 753.0 -2.5 0 0 52.2 22.6 10.0 2.5 2 0 4 4 4
-4332.0 679.4 -4.6 90 0 19.9 20.7 10.0 2.5 2 0 4 3 3
-4369.9 675.0 -4.8 90 0 17.8 18.9 7.5 2.5 2 1 3 0 0
-4382.7 858.5 0.1 180 0 68.9 38.3 5.0 0.0 0 0 2 0 0
-4450.5 917.6 -2.2 270 0 69.5 65.8 12.5 0.0 0 0 5 5 5
-4213.5 387.4 -11.0 180 0 33.0 24.0 7.5 0.0 0 0 3 1 1
-4223.9 892.9 -0.1 0 0 30.3 19.6 10.0 2.5 2 0 4 3 3
-4373.9 934.2 -5.8 90 0 18.2 53.3 10.0 2.5 2 1 4 4 4
-4356.1 934.2 -4.7 90 0 9.7 45.6 7.5 2.5 2 1 3 5 5
-4284.1 996.7 -2.3 269 0 14.5 51.6 10.0 2.5 2 1 4 5 5
-4269.3 1202.5 -10.2 103 0 109.4 52.7 15.0 0.0 0 0 6 3 3
-4314.1 140.4 -14.1 272 0 19.5 72.2 12.5 2.5 2 1 5 3 3
-4277.9 64.6 -13.6 92 0 19.0 69.0 7.5 2.5 2 1 3 4 4
-4354.9 70.3 -14.2 92 0 19.3 70.2 10.0 2.5 2 1 4 0 0
-4238.0 62.7 -13.2 93 0 19.3 69.9 7.5 2.5 2 1 3 5 5
-4194.7 59.4 -13.7 271 0 19.9 89.0 12.5 0.0 0 1 5 5 5
-4158.8 57.8 -13.4 271 0 21.7 88.1 10.0 0.0 0 1 4 0 0
-4120.1 56.5 -13.0 272 0 20.5 87.5 10.0 0.0 0 1 4 4 4
-4139.8 -74.2 -14.0 181 0 57.9 17.1 7.5 2.5 2 0 3 0 0
-4160.4 -40.2 -14.4 271 0 18.1 70.2 7.5 2.5 2 1 3 5 5
-4207.9 -185.9 -15.4 90 0 18.8 61.9 5.0 2.5 4 1 2 3 3
-4255.0 -155.5 -15.4 180 0 62.2 19.2 10.0 2.5 2 0 4 5 5
-4281.4 -187.2 -15.4 89 0 20.7 62.6 10.0 2.5 4 1 4 0 0
-4321.4 -187.7 -15.4 90 0 20.7 62.8 7.5 2.5 2 1 3 2 2
-4358.3 -187.9 -15.5 89 0 19.0 62.7 7.5 2.5 2 1 3 3 3
-4358.3 -199.2 -15.5 269 0 18.4 43.8 15.0 2.5 2 1 6 4 4
-4321.1 -200.5 -15.4 270 0 19.8 60.7 10.0 2.5 2 1 4 2 2
-4281.8 -199.6 -15.4 269 0 20.6 79.3 5.0 0.0 0 1 2 3 3
-4244.6 -199.8 -15.4 269 0 17.4 62.2 7.5 2.5 2 1 3 1 1
-6895.1 -4671.7 -20.4 198 0 71.7 15.6 14.0 3.5 2 0 4 5 5
-6818.4 -4661.8 -19.7 197 0 54.9 16.2 17.5 3.5 4 0 5 0 0
-6773.2 -4688.0 -19.8 16 0 69.6 14.0 17.5 3.5 2 0 5 0 0
-6814.3 -4594.5 -20.2 201 0 47.8 12.9 17.5 3.5 2 0 5 3 3
-6755.7 -4590.0 -20.4 290 0 14.3 51.7 17.5 3.5 2 1 5 2 2
-6795.5 -4558.1 -20.9 106 0 14.2 54.7 17.5 3.5 2 1 5 1 1
-6751.0 -4575.2 -21.1 106 0 14.0 56.2 17.5 3.5 2 1 5 3 3
-6720.1 -4483.8 -21.6 10 0 45.0 13.8 17.5 3.5 2 0 5 0 0
-6840.6 -4327.5 -21.9 248 0 12.7 45.1 14.0 3.5 2 1 4 1 1
-6893.3 -4313.7 -22.0 248 0 14.5 46.8 14.0 3.5 4 1 4 5 5
-6930.5 -4342.6 -22.2 67 0 14.4 48.1 14.0 3.5 2 1 4 0 0
-6864.7 -4582.5 -20.2 199 0 56.4 13.7 17.5 3.5 2 0 5 2 2
-6843.1 -4513.8 -20.8 198 0 53.6 13.6 17.5 3.5 2 0 5 5 5
-6827.3 -4419.2 -21.6 191 0 70.1 15.0 17.5 3.5 2 0 5 5 5
-6800.3 -4445.1 -21.7 191 0 94.9 14.9 17.5 3.5 2 0 5 2 2
-5249.1 -4519.9 -12.7 182 0 75.8 47.1 14.0 0.0 0 0 4 1 1
-5247.4 -4413.9 -11.0 180 0 107.4 46.2 14.0 0.0 0 0 4 0 0
-5182.1 -4561.9 -11.4 94 0 21.7 74.7 14.0 0.0 0 1 4 4 4
-5109.9 -4446.3 -10.4 10 0 66.4 24.4 14.0 0.0 0 0 4 5 5
-5284.8 -4470.5 -13.1 180 0 240.2 26.4 14.0 0.0 0 0 4 2 2
-2068.7 2698.4 -8.3 152 0 47.2 22.2 10.0 2.5 2 0 4 5 5
-2120.9 2753.6 -10.1 148 0 76.0 16.5 12.5 2.5 2 0 5 1 1
-2085.8 2755.8 -9.7 150 0 33.6 16.8 5.0 2.5 2 0 2 1 1
-2060.5 2769.7 -9.8 149 0 34.9 15.6 7.5 2.5 2 0 3 3 3
-2019.0 2773.3 -9.8 59 0 17.6 35.2 10.0 2.5 2 1 4 2 2
-1996.4 2788.1 -9.9 61 0 16.6 33.8 7.5 2.5 4 1 3 0 0
-1970.8 2804.7 -9.9 59 0 16.9 32.7 7.5 2.5 4 1 3 2 2
-1945.5 2838.5 -10.0 330 0 32.9 16.7 12.5 2.5 4 0 5 3 3
-1916.4 2854.3 -10.1 330 0 32.6 17.5 7.5 2.5 2 0 3 5 5
-2113.5 2804.7 -10.3 149 0 23.3 13.4 10.0 2.5 2 0 4 5 5
-2088.7 2832.3 -10.4 243 0 13.5 23.3 10.0 2.5 2 1 4 4 4
-2064.7 2848.3 -10.5 240 0 14.3 24.9 10.0 2.5 2 1 4 1 1
-2038.5 2862.2 -10.5 238 0 15.9 25.3 10.0 2.5 2 1 4 0 0
-2009.6 2879.8 -10.6 241 0 16.5 24.9 10.0 2.5 2 1 4 1 1
-1987.7 2892.3 -10.7 236 0 13.5 22.5 7.5 2.5 2 1 3 5 5
-1938.4 2879.7 -10.7 61 0 16.0 35.9 7.5 2.5 2 1 3 3 3
-1995.1 2927.7 -11.1 241 0 12.7 16.7 5.0 2.5 2 1 2 0 0
-2018.4 2912.1 -11.0 241 0 13.0 18.0 7.5 2.5 4 1 3 2 2
-2042.1 2896.8 -10.9 240 0 12.4 15.8 10.0 0.0 0 1 4 4 4
-2066.7 2882.7 -10.9 239 0 13.2 14.6 2.5 2.5 2 1 1 4 4
-2093.9 2870.8 -10.9 241 0 12.7 17.6 2.5 2.5 2 1 1 3 3
-2120.3 2856.8 -10.8 240 0 14.0 19.6 10.0 2.5 2 1 4 1 1
-2147.4 2830.0 -10.8 150 0 18.6 14.7 7.5 0.0 0 0 3 4 4
-1888.4 2774.3 -9.4 62 0 16.3 48.6 10.0 2.5 2 1 4 1 1
-2408.0 4287.0 -5.6 0 0 78.6 30.2 10.0 0.0 0 0 4 5 5
-6469.9 4300.9 7.0 296 0 12.9 61.1 2.5 2.5 2 1 1 5 5
-6857.6 -5053.4 -18.8 17 0 66.0 18.0 14.0 3.5 2 0 4 4 4
-2642.7 1299.1 1.6 14 0 47.8 12.7 7.5 2.5 2 0 3 5 5
-2684.0 1281.0 2.4 103 0 12.4 59.3 7.5 2.5 2 1 3 5 5
-2711.9 1288.7 2.6 103 0 12.2 59.7 10.0 0.0 0 1 4 4 4
-2741.4 1298.4 2.8 103 0 12.1 59.2 10.0 2.5 2 1 4 4 4
-2769.4 1305.6 3.0 103 0 12.5 60.7 7.5 2.5 2 1 3 1 1
-2798.4 1316.3 3.2 103 0 12.8 58.3 12.5 2.5 2 1 5 0 0
-2772.4 1428.5 0.7 285 0 12.1 49.9 10.0 2.5 2 1 4 4 4
-2637.4 1361.0 1.4 14 0 37.6 11.2 5.0 2.5 2 0 2 1 1
-2658.7 1395.2 1.3 284 0 11.9 48.5 10.0 2.5 2 1 4 5 5
-2686.3 1405.7 1.1 283 0 12.0 50.5 10.0 2.5 2 1 4 0 0
-2714.9 1414.1 1.0 283 0 11.2 49.8 12.5 2.5 2 1 5 1 1
-2743.2 1421.3 0.8 283 0 11.1 49.4 10.0 2.5 2 1 4 2 2
-2835.8 1325.1 1.8 89 0 12.3 75.9 10.0 2.5 2 1 4 4 4
-2811.4 1416.6 0.4 270 0 11.6 36.3 12.5 2.5 2 1 5 1 1
-2845.3 1447.4 -0.8 178 0 75.8 11.8 12.5 2.5 2 0 5 4 4
-1825.8 1640.0 -2.9 34 0 37.7 63.1 10.0 0.0 0 0 4 5 5
-1776.1 1585.6 -3.9 125 0 100.4 27.3 10.0 0.0 0 0 4 2 2
-1789.0 1562.9 -5.1 305 0 87.2 71.1 10.0 0.0 0 0 4 1 1
-1900.6 1659.7 -2.6 124 0 19.6 60.6 10.0 2.5 2 0 4 5 5
-3675.9 2519.5 2.9 87 0 15.6 51.4 10.0 2.5 2 1 4 0 0
-3606.1 2523.1 4.6 88 0 14.5 51.5 7.5 0.0 0 1 3 5 5
-3709.8 2518.0 2.1 87 0 14.9 51.4 12.5 2.5 2 1 5 5 5
-3639.4 2521.0 3.8 87 0 14.3 51.9 7.5 2.5 2 1 3 4 4
-3601.8 2614.9 3.4 358 0 50.3 50.2 10.0 0.0 0 0 4 4 4
-2972.5 2940.1 -5.3 257 0 10.1 90.2 10.0 0.0 0 1 4 2 2
-2985.7 2843.3 -4.5 78 0 9.8 72.1 7.5 2.5 2 1 3 5 5
-3027.2 2883.2 -4.8 168 0 90.0 10.3 12.5 2.5 2 0 5 4 4
-3049.0 2989.2 -5.0 168 0 89.7 9.8 7.5 2.5 2 0 3 3 3
-2949.5 2979.4 -7.0 53 0 52.7 10.0 12.5 2.5 2 0 5 0 0
-2972.2 3080.9 -7.5 233 0 9.3 90.0 5.0 2.5 2 1 2 3 3
-2998.5 3065.6 -7.3 232 0 9.5 66.7 7.5 2.5 2 1 3 5 5
-3024.1 3050.6 -6.7 231 0 9.7 72.0 7.5 2.5 2 1 3 5 5
-2838.4 1625.9 -1.8 358 0 75.9 11.3 10.0 2.5 2 0 4 5 5
-2835.0 1540.3 -1.8 358 0 75.0 11.2 7.5 2.5 2 0 3 0 0
-2934.6 3094.1 -8.4 232 0 7.9 68.6 7.5 2.5 2 1 3 2 2
-2840.6 3071.9 -10.3 52 0 54.4 9.1 7.5 2.5 2 0 3 3 3
-2917.1 3115.2 -9.3 233 0 10.1 49.1 12.5 0.0 0 1 5 3 3
-2891.2 3131.6 -9.9 232 0 11.3 52.4 10.0 2.5 4 1 4 2 2
-2840.2 3163.6 -10.0 232 0 9.3 72.5 7.5 2.5 2 1 3 0 0
-2866.6 3146.9 -10.4 233 0 8.8 48.6 7.5 2.5 2 1 3 5 5
-2884.5 2783.2 -3.2 259 0 10.4 32.9 10.0 2.5 2 1 4 4 4
-2889.6 2805.4 -4.1 77 0 11.0 31.0 7.5 2.5 2 1 3 3 3
-2952.7 2823.5 -3.2 258 0 10.4 29.4 7.5 2.5 2 1 3 3 3
-2936.7 2742.4 -2.2 77 0 9.6 27.6 7.5 2.5 4 1 3 2 2
-2930.0 2907.1 -6.1 168 0 97.9 10.4 12.5 2.5 2 0 5 4 4
-2838.2 2814.6 -4.8 51 0 9.9 47.2 7.5 2.5 2 1 3 0 0
-2818.2 2831.6 -5.5 52 0 11.1 44.4 7.5 2.5 2 1 3 5 5
-2804.0 2870.3 -6.1 322 0 47.2 9.6 7.5 2.5 2 0 3 1 1
-2780.5 2890.6 -6.9 322 0 48.0 10.2 7.5 2.5 2 0 3 0 0
-2758.8 2904.9 -7.5 322 0 48.5 10.8 10.0 2.5 2 0 4 2 2
-3353.3 2582.6 5.7 0 0 91.3 64.7 12.5 0.0 0 0 5 3 3
-2890.6 2917.3 -5.9 232 0 10.0 39.3 7.5 2.5 2 1 3 4 4
-2814.3 2924.2 -7.0 322 0 9.7 58.8 7.5 2.5 2 1 3 3 3
-2891.3 2989.4 -7.4 232 0 11.0 73.2 7.5 2.5 2 1 3 2 2
-2907.3 2984.9 -7.2 233 0 22.5 6.2 5.0 2.5 2 0 2 0 0
-2820.7 2983.6 -8.4 322 0 93.5 10.1 7.5 2.5 2 0 3 3 3
-2761.3 2972.2 -8.7 232 0 10.0 97.1 5.0 2.5 2 1 2 1 1
-2739.3 2989.6 -9.4 231 0 9.9 72.5 7.5 2.5 2 1 3 2 2
-2826.0 3050.3 -9.5 232 0 10.6 75.0 7.5 2.5 2 1 3 0 0
-2803.6 3066.9 -10.1 233 0 10.4 48.9 7.5 2.5 2 1 3 4 4
-2716.8 3006.4 -10.0 232 0 9.1 36.7 7.5 0.0 0 1 3 0 0
-3004.3 2767.7 -2.1 168 0 86.3 9.6 7.5 2.5 2 0 3 5 5
-2968.8 2731.2 -1.6 77 0 31.9 8.4 7.5 2.5 2 0 3 1 1
-2882.2 2685.4 -2.5 78 0 9.5 67.0 7.5 2.5 2 1 3 5 5
-2982.3 2674.7 -0.8 168 0 55.6 8.5 7.5 2.5 2 0 3 3 3
-2954.9 2712.4 -1.3 258 0 10.2 49.8 10.0 2.5 2 1 4 0 0
-2925.7 2718.3 -1.8 258 0 9.5 57.4 7.5 2.5 2 1 3 1 1
-2849.8 2694.3 -2.9 78 0 9.6 46.3 7.5 2.5 2 1 3 1 1
-2798.8 2650.1 -2.3 306 0 44.4 9.5 7.5 2.5 2 0 3 1 1
-2781.9 2589.0 -2.4 35 0 65.8 12.5 7.5 2.5 2 0 3 2 2
-2856.5 2597.7 -1.5 125 0 10.7 43.4 10.0 2.5 2 1 4 2 2
-2833.6 2581.7 -1.7 125 0 10.5 43.4 10.0 2.5 2 1 4 0 0
-2798.6 2687.9 -3.8 126 0 10.5 40.2 10.0 2.5 2 1 4 5 5
-2726.3 2728.4 -4.6 304 0 21.7 10.0 2.5 2.5 2 0 1 5 5
-2718.5 2679.0 -4.4 36 0 57.5 13.0 15.0 2.5 4 0 6 0 0
-2773.6 2667.9 -4.0 126 0 10.3 45.9 12.5 2.5 2 1 5 0 0
-2917.3 2165.5 -1.8 168 0 76.2 12.7 10.0 2.5 2 0 4 3 3
-2943.7 2325.5 -1.8 259 0 13.0 104.4 12.5 2.5 2 1 5 3 3
-2846.4 1798.1 -0.9 358 0 76.5 12.0 12.5 2.5 2 0 5 0 0
-2842.9 1711.9 -0.3 358 0 76.3 12.2 12.5 2.5 4 0 5 4 4
-2882.0 1995.4 -1.5 168 0 89.2 13.0 10.0 2.5 2 0 4 5 5
-2897.9 2082.9 -1.9 167 0 77.2 11.5 10.0 2.5 2 0 4 2 2
-2850.8 1884.3 -1.2 357 0 77.8 11.6 7.5 2.5 2 0 3 2 2
-2681.8 2384.6 2.6 126 0 31.2 8.2 7.5 0.0 0 0 3 1 1
-2614.1 2444.4 1.6 36 0 38.0 9.8 7.5 2.5 2 0 3 0 0
-2635.1 2349.9 1.3 125 0 29.8 10.0 10.0 2.5 2 0 4 3 3
-2658.1 2441.4 0.9 124 0 11.0 46.7 12.5 2.5 2 1 5 1 1
-2731.7 2416.7 2.7 127 0 25.2 10.0 10.0 2.5 2 0 4 2 2
-2766.5 2453.7 0.7 124 0 11.3 29.4 7.5 2.5 2 1 3 0 0
-2579.9 2384.4 1.3 35 0 98.2 12.5 12.5 2.5 2 0 5 2 2
-2715.1 2419.6 2.1 125 0 11.3 31.3 12.5 0.0 0 1 5 4 4
-2741.0 2438.0 1.3 126 0 10.7 33.1 10.0 2.5 2 1 4 1 1
-2662.6 2383.3 3.1 127 0 10.9 29.5 7.5 2.5 2 1 3 0 0
-2639.2 2367.1 2.3 127 0 11.2 32.6 15.0 0.0 0 1 6 4 4
-2783.1 2453.3 1.2 126 0 23.6 8.4 7.5 2.5 2 0 3 4 4
-2791.6 2471.8 -0.1 125 0 11.0 32.4 12.5 2.5 2 1 5 3 3
-2588.5 2429.5 1.7 35 0 43.2 10.8 10.0 0.0 0 0 4 0 0
-2687.8 2402.1 2.8 126 0 9.9 36.1 7.5 2.5 2 1 3 5 5
-2484.2 2529.2 -2.3 39 0 50.1 11.4 10.0 2.5 2 0 4 3 3
-2517.5 2480.6 -0.5 34 0 44.0 11.7 12.5 2.5 2 0 5 4 4
-2569.3 2511.1 -1.0 35 0 42.2 10.1 10.0 2.5 2 0 4 0 0
-2526.1 2572.6 -3.4 34 0 46.0 10.7 10.0 2.5 2 0 4 0 0
-2503.2 2557.7 -2.9 34 0 44.9 10.3 15.0 0.0 0 0 6 0 0
-2548.5 2494.6 -0.6 36 0 45.5 9.9 7.5 2.5 2 0 3 0 0
-2428.3 2603.1 -4.9 34 0 45.5 11.6 12.5 2.5 2 0 5 3 3
-2553.6 2705.8 -6.4 305 0 10.3 43.0 7.5 2.5 4 1 3 2 2
-2591.6 2852.3 -8.5 324 0 41.1 11.6 10.0 2.5 2 0 4 5 5
-2431.9 2646.3 -5.4 304 0 23.0 8.7 5.0 2.5 2 0 2 0 0
-2453.2 2585.7 -3.7 37 0 8.4 21.4 5.0 2.5 2 1 2 1 1
-2538.6 2768.3 -7.5 323 0 12.7 44.8 7.5 2.5 2 1 3 0 0
-2482.6 2710.6 -7.5 324 0 18.7 10.8 5.0 0.0 0 0 2 3 3
-2503.6 2670.9 -6.3 305 0 9.2 43.3 7.5 2.5 2 1 3 0 0
-2457.2 2680.5 -7.1 320 0 40.6 11.5 12.5 2.5 2 0 5 2 2
-2597.2 2812.5 -7.7 323 0 68.1 11.0 7.5 2.5 2 0 3 4 4
-2478.6 2654.0 -5.6 305 0 9.8 44.3 7.5 2.5 2 1 3 5 5
-2461.3 2611.7 -4.4 36 0 19.0 11.0 5.0 2.5 2 0 2 3 3
-2647.6 2823.0 -7.2 231 0 10.7 31.0 7.5 2.5 2 0 3 0 0
-2603.8 2775.8 -6.8 322 0 43.5 11.0 5.0 2.5 2 0 2 0 0
-2511.4 2735.6 -7.3 323 0 11.0 32.7 7.5 2.5 2 1 3 5 5
-2528.4 2689.0 -6.5 304 0 9.9 40.5 7.5 2.5 2 1 3 0 0
-2559.4 2812.2 -8.1 321 0 39.9 11.5 10.0 2.5 2 0 4 4 4
-2678.7 2485.5 -0.4 126 0 11.4 32.6 12.5 0.0 0 1 5 0 0
-2709.8 2521.0 -1.0 221 0 18.9 9.8 5.0 2.5 2 0 2 2 2
-2716.4 2505.3 -0.3 210 0 10.4 18.5 5.0 2.5 2 1 2 3 3
-2683.6 2535.6 -1.4 215 0 9.0 23.1 7.5 2.5 2 1 3 3 3
-2698.3 2586.1 -2.9 214 0 9.7 22.0 7.5 2.5 4 1 3 0 0
-2616.0 2632.0 -4.9 216 0 36.3 10.9 5.0 2.5 2 0 2 4 4
-2686.9 2554.3 -2.4 212 0 24.1 11.1 12.5 2.5 2 0 5 3 3
-2732.0 2537.7 -2.1 215 0 43.0 9.7 7.5 2.5 2 0 3 1 1
-2588.0 2613.6 -4.8 215 0 44.1 10.0 15.0 0.0 0 0 6 4 4
-2669.4 2631.0 -4.6 215 0 67.5 9.3 7.5 2.5 2 0 3 5 5
-3979.9 1988.7 -3.8 100 0 22.6 63.6 12.5 2.5 2 1 5 4 4
-3929.6 1980.2 -3.2 104 0 24.1 70.1 12.5 0.0 0 1 5 0 0
-3859.5 2043.9 -2.3 284 0 20.4 71.5 10.0 2.5 2 1 4 3 3
3396.2 -6138.6 -5.3 89 0 64.9 61.1 3.5 0.0 0 0 1 3 3
3417.6 -6243.6 -3.7 271 0 19.0 68.4 24.5 0.0 0 1 7 3 3
3374.2 -6313.2 -4.7 90 0 18.0 69.2 24.5 0.0 0 1 7 3 3
3384.1 -6193.4 -4.6 359 0 68.3 19.4 24.5 3.5 2 0 7 4 4
3417.9 -6226.8 -4.5 89 0 18.5 67.8 24.5 3.5 2 1 7 4 4
3363.8 -6386.8 -3.0 180 0 74.2 19.0 24.5 3.5 4 0 7 0 0
3363.5 -6471.7 -1.4 181 0 75.1 18.9 24.5 3.5 2 0 7 2 2
3372.1 -6587.1 -1.7 89 0 20.3 69.3 24.5 3.5 2 1 7 5 5
3576.1 -6131.0 -10.5 89 0 72.8 71.6 38.5 0.0 0 0 11 5 5
3422.3 -6583.7 -2.5 90 0 19.1 64.4 38.5 3.5 2 1 11 0 0
3543.1 -6316.3 -5.9 91 0 63.1 42.8 14.0 0.0 0 0 4 3 3
3582.7 -6461.3 -6.2 91 0 32.8 71.1 14.0 0.0 0 1 4 4 4
3309.8 -6586.1 -1.0 180 0 68.2 13.7 10.5 3.5 2 0 3 2 2
3277.0 -6588.0 -0.4 179 0 67.3 12.4 10.5 3.5 2 0 3 4 4
3244.2 -6589.9 0.2 179 0 67.0 13.2 10.5 3.5 2 0 3 1 1
3218.5 -6557.2 0.8 269 0 11.7 66.6 10.5 0.0 0 1 3 0 0
3181.2 -6595.2 1.1 179 0 66.9 11.6 5.0 2.5 2 0 2 0 0
3149.4 -6596.1 1.2 179 0 66.7 12.1 10.0 2.5 2 0 4 0 0
3124.1 -6566.3 1.3 269 0 12.0 65.4 10.0 2.5 2 1 4 4 4
3092.3 -6566.8 1.4 269 0 12.3 66.1 14.0 3.5 2 1 4 5 5
3049.5 -6603.4 1.5 180 0 63.0 15.1 14.0 3.5 2 0 4 0 0
3031.7 -6611.0 1.6 360 0 75.5 13.5 14.0 3.5 2 0 4 4 4
2990.3 -6656.4 1.6 90 0 14.5 82.7 14.0 3.5 2 1 4 1 1
2959.1 -6654.2 1.5 91 0 15.6 84.5 14.0 3.5 2 1 4 4 4
3410.5 -6595.9 -3.9 269 0 96.5 30.7 14.0 0.0 0 0 4 1 1
2019.8 -11248.0 -21.6 194 0 41.3 83.9 15.0 0.0 0 1 6 5 5
3569.8 -11599.9 -13.3 0 0 108.7 43.6 12.5 0.0 0 0 5 4 4
2032.2 -11194.7 -24.0 192 0 41.7 84.2 12.5 0.0 0 1 5 2 2
-3030.4 -11267.9 -23.4 120 0 31.3 92.6 12.5 0.0 0 1 5 2 2
5435.3 -8689.6 -8.6 89 0 71.5 98.7 14.0 0.0 0 1 4 3 3
3421.7 -11419.0 -8.6 270 0 43.8 103.3 12.5 0.0 0 1 5 3 3
3421.6 -11654.0 -14.0 90 0 45.1 110.5 10.0 0.0 0 1 4 5 5
2212.4 -11236.9 -23.3 13 0 42.8 85.6 10.0 0.0 0 1 4 4 4
3285.4 -11418.2 -9.4 270 0 43.9 102.8 10.0 0.0 0 1 4 3 3
5170.3 -8599.7 -1.5 270 0 96.7 89.9 14.0 0.0 0 0 4 1 1
3284.6 -11654.3 -14.2 90 0 44.3 111.8 10.0 0.0 0 1 4 1 1
3484.7 -11418.9 -8.1 270 0 44.1 105.4 12.5 0.0 0 1 5 1 1
3547.6 -11420.0 -7.5 270 0 43.8 104.4 12.5 0.0 0 1 5 0 0
3222.2 -11655.3 -13.7 90 0 44.1 112.6 10.0 0.0 0 1 4 0 0
3348.6 -11417.7 -9.3 270 0 44.6 104.9 10.0 0.0 0 1 4 1 1
3484.0 -11654.2 -14.0 90 0 44.9 110.3 10.0 0.0 0 1 4 2 2
2152.4 -11298.0 -21.5 103 0 82.8 39.1 10.0 0.0 0 0 4 4 4
3222.5 -11416.8 -9.8 270 0 44.1 105.4 12.5 0.0 0 1 5 3 3
-2628.2 -11599.1 -24.8 301 0 89.9 216.0 12.5 0.0 0 1 5 4 4
3347.6 -11655.5 -14.2 90 0 43.1 112.9 12.5 0.0 0 1 5 5 5
-3005.5 -11367.4 -24.6 220 0 37.7 172.8 12.5 0.0 0 1 5 2 2
-3107.4 -11482.9 -23.6 221 0 36.6 196.6 10.0 0.0 0 1 4 2 2
-2941.7 -11463.0 -23.8 312 0 34.0 92.4 12.5 0.0 0 1 5 4 4
-2924.9 -11539.4 -23.5 41 0 90.7 33.0 10.0 0.0 0 0 4 4 4
-3020.4 -11456.2 -24.3 221 0 93.6 33.8 12.5 0.0 0 0 5 1 1
-3055.9 -11426.0 -24.6 221 0 91.5 34.2 7.5 0.0 0 0 3 1 1
-4912.4 -3156.8 -11.3 87 0 76.2 39.0 14.0 0.0 0 0 4 3 3
3153.6 -7789.3 -4.0 92 0 49.2 88.7 7.5 0.0 0 1 3 2 2
1299.6 -7449.3 -1.5 288 0 26.1 92.0 10.0 0.0 0 1 4 4 4
3615.6 -7857.1 -12.4 277 0 23.8 143.3 10.0 0.0 0 1 4 2 2
1242.4 -7633.3 -0.1 107 0 25.9 93.5 12.5 0.0 0 1 5 2 2
3334.6 -7795.6 -5.8 92 0 48.3 88.7 10.0 0.0 0 1 4 2 2
1260.3 -7435.7 -1.0 288 0 23.6 91.7 10.0 0.0 0 1 4 0 0
3059.3 -7388.5 -3.1 358 0 278.4 168.3 10.0 0.0 0 0 4 4 4
3579.8 -8137.5 -14.2 97 0 24.0 119.5 10.0 0.0 0 1 4 4 4
3213.4 -7792.3 -4.4 92 0 47.1 88.9 12.5 0.0 0 1 5 5 5
1205.3 -7571.5 1.7 197 0 94.3 24.2 10.0 0.0 0 0 4 5 5
3276.6 -7793.8 -5.0 91 0 47.9 89.7 15.0 0.0 0 1 6 1 1
3095.6 -7788.1 -3.4 91 0 48.7 90.2 7.5 0.0 0 1 3 0 0
4102.2 5260.8 -9.2 137 0 68.5 76.9 12.5 0.0 0 1 5 1 1
-5734.4 -6766.3 -12.2 358 0 76.3 16.8 14.0 3.5 2 0 4 4 4
-5592.1 -7002.2 -10.5 269 0 15.8 60.1 15.0 2.5 2 1 6 4 4
-5591.6 -6994.3 -10.4 90 0 14.4 57.2 10.0 2.5 4 1 4 0 0
-5987.3 -6776.4 -14.1 93 0 19.2 87.8 10.5 0.0 0 1 3 3 3
-6022.1 -6772.5 -14.0 93 0 19.2 87.8 10.5 0.0 0 1 3 2 2
-6056.5 -6769.0 -14.1 93 0 19.2 87.8 10.5 0.0 0 1 3 1 1
-6092.3 -6766.1 -14.0 93 0 18.5 106.4 10.5 0.0 0 1 3 1 1
-6127.2 -6762.6 -13.7 94 0 19.0 113.5 10.5 0.0 0 1 3 5 5
-5955.7 -6842.1 -13.9 181 0 77.1 11.8 10.5 3.5 2 0 3 1 1
-5956.2 -6746.3 -14.1 180 0 101.5 11.5 10.5 3.5 2 0 3 0 0
-5909.2 -6840.4 -13.8 0 0 82.1 16.4 14.0 3.5 2 0 4 2 2
-5909.4 -6746.8 -13.8 1 0 96.4 15.6 14.0 3.5 2 0 4 1 1
-5867.1 -6862.1 -13.6 283 0 70.4 28.3 14.0 0.0 0 0 4 5 5
-5108.1 -7186.8 -14.9 263 0 17.8 74.8 7.5 2.5 2 1 3 3 3
-5877.6 -6467.3 -17.2 3 0 36.7 23.3 14.0 0.0 0 0 4 5 5
-5874.5 -6399.3 -18.9 3 0 36.7 23.3 14.0 0.0 0 0 4 5 5
-5895.4 -6316.6 -18.8 183 0 36.7 23.3 14.0 0.0 0 0 4 3 3
-5892.1 -6276.6 -18.7 183 0 36.7 23.3 14.0 0.0 0 0 4 4 4
-5884.3 -6201.4 -18.7 181 0 72.4 22.9 14.0 0.0 0 0 4 5 5
-5980.5 -6397.9 -18.4 261 0 32.1 100.5 14.0 0.0 0 0 4 2 2
-5181.1 -7196.2 -15.0 263 0 17.8 74.8 10.0 2.5 2 1 4 4 4
-5144.7 -7190.9 -15.0 263 0 17.8 74.8 12.5 2.5 2 1 5 4 4
-5070.9 -7181.9 -14.6 263 0 17.8 74.8 10.0 2.5 2 1 4 2 2
-5224.5 -7251.5 -14.9 177 0 62.6 17.3 10.0 0.0 0 0 4 4 4
-5257.4 -7205.1 -14.7 265 0 17.3 72.4 10.0 2.5 2 1 4 2 2
-5293.5 -7207.9 -13.8 265 0 17.3 72.4 12.5 2.5 2 1 5 3 3
-5318.6 -7246.2 -14.0 355 0 72.4 17.4 7.5 2.5 2 0 3 2 2
-5278.9 -6395.6 -15.2 7 0 36.1 27.9 14.0 0.0 0 0 4 1 1
-5727.5 -6504.0 -13.0 264 0 23.7 36.7 10.5 0.0 0 1 3 0 0
-5738.8 -6601.0 -11.9 172 0 18.3 15.4 10.5 3.5 2 0 3 3 3
-5734.7 -6573.8 -12.4 174 0 7.6 15.1 10.5 3.5 2 1 3 0 0
-5772.5 -6465.1 -16.1 92 0 28.9 23.2 14.0 0.0 0 0 4 3 3
-5778.3 -6390.8 -17.4 272 0 9.2 51.1 10.5 3.5 2 0 3 1 1
-5737.1 -6465.4 -16.1 84 0 23.7 25.4 14.0 3.5 2 0 4 0 0
-5732.1 -6391.1 -16.8 273 0 12.3 50.3 14.0 3.5 2 0 4 5 5
-5744.9 -6414.7 -17.2 4 0 39.4 25.4 14.0 0.0 0 0 4 1 1
-5727.6 -6382.9 -17.6 359 0 11.3 53.5 14.0 3.5 2 1 4 5 5
-5808.0 -6461.6 -17.3 92 0 7.1 39.4 10.5 3.5 4 1 3 1 1
-5772.4 -6768.4 -12.6 171 1 13.2 10.4 14.0 3.5 2 0 4 3 3
-5815.9 -6660.3 -13.1 83 0 9.7 42.5 10.5 3.5 4 1 3 4 4
-5817.3 -6595.5 -13.1 351 0 33.0 11.6 14.0 3.5 2 0 4 1 1
-5881.2 -6840.9 -13.7 4 1 15.4 15.5 14.0 3.5 2 0 4 1 1
-5906.2 -6767.1 -13.7 180 0 15.4 15.5 5.0 2.5 2 0 2 3 3
-5751.8 -6702.2 -12.2 262 0 8.1 22.4 10.5 3.5 2 1 3 5 5
-5766.0 -6706.1 -12.5 258 0 15.9 21.9 14.0 3.5 2 0 4 2 2
-5787.5 -6771.5 -12.8 171 0 5.9 9.1 10.5 3.5 2 0 3 5 5
-5797.1 -6740.7 -12.9 173 0 28.0 16.2 14.0 3.5 2 0 4 3 3
-5774.3 -6755.2 -12.6 172 1 12.3 11.4 14.0 3.5 2 0 4 1 1
-5785.5 -6711.3 -12.8 264 1 14.0 17.1 14.0 3.5 2 0 4 3 3
-5805.0 -6760.5 -13.0 174 0 25.4 10.3 14.0 3.5 2 0 4 1 1
-5806.7 -6736.7 -13.0 178 0 23.1 9.3 10.5 3.5 2 0 3 0 0
-5782.8 -6706.7 -12.7 78 1 14.4 13.2 14.0 3.5 2 0 4 2 2
-5808.8 -6711.9 -13.1 85 0 16.2 15.2 14.0 3.5 2 0 4 0 0
-5818.9 -6712.6 -13.3 90 1 13.7 16.1 14.0 3.5 2 0 4 0 0
-5856.3 -6833.3 -13.8 184 0 17.3 16.4 14.0 3.5 2 0 4 2 2
-5855.4 -6818.8 -13.7 184 1 12.6 16.6 14.0 3.5 2 0 4 0 0
-5846.2 -6795.3 -13.7 267 0 13.9 17.4 14.0 3.5 2 0 4 4 4
-5872.2 -6812.4 -13.8 273 0 15.6 38.6 14.0 3.5 2 0 4 0 0
-5906.3 -6829.4 -13.7 179 1 15.1 10.4 14.0 3.5 2 0 4 1 1
-5879.6 -6818.1 -13.8 4 0 30.1 16.2 14.0 3.5 2 0 4 2 2
-5877.9 -6797.0 -13.8 7 1 12.9 16.4 14.0 3.5 2 0 4 3 3
-5845.8 -6788.2 -13.8 2 0 11.8 15.0 14.0 3.5 2 0 4 1 1
-5847.0 -6762.1 -13.7 358 0 25.8 11.9 14.0 3.5 2 0 4 5 5
-5846.7 -6742.1 -13.7 7 1 12.3 10.6 14.0 3.5 2 0 4 4 4
-5841.7 -6781.0 -13.5 173 0 25.0 19.7 14.0 3.5 2 0 4 2 2
-5839.8 -6722.3 -13.5 190 0 16.9 16.6 14.0 3.5 2 0 4 0 0
-5809.6 -6761.6 -13.2 355 1 17.3 11.7 14.0 3.5 2 0 4 0 0
-5810.4 -6745.3 -13.2 359 1 15.6 12.7 14.0 3.5 2 0 4 1 1
-5811.5 -6726.6 -13.2 355 0 21.5 13.4 14.0 3.5 2 0 4 1 1
-5906.5 -6754.7 -13.7 176 0 8.5 15.6 5.0 2.5 2 0 2 2 2
-5890.7 -6720.7 -13.7 1 0 12.1 16.1 7.5 2.5 2 0 3 1 1
-5890.7 -6709.5 -13.8 359 0 9.9 15.7 5.0 2.5 2 0 2 1 1
-5890.8 -6701.5 -13.8 0 0 5.4 15.2 5.0 2.5 2 0 2 2 2
-5870.0 -6788.7 -13.9 92 0 14.0 36.7 14.0 3.5 2 0 4 5 5
-5866.1 -6706.1 -13.8 283 0 8.3 28.1 10.5 3.5 2 0 3 1 1
-5844.9 -6717.4 -13.8 350 0 20.9 25.3 14.0 3.5 2 0 4 2 2
-5888.2 -6747.9 -13.8 179 1 22.4 10.9 14.0 3.5 2 0 4 4 4
-5888.7 -6728.0 -13.8 178 1 15.5 12.1 14.0 3.5 2 0 4 1 1
-5880.5 -6702.4 -13.8 270 0 9.4 18.2 10.5 3.5 2 0 3 1 1
-5881.1 -6697.5 -13.8 102 1 17.9 11.9 14.0 3.5 2 0 4 1 1
-5710.7 -6992.4 -12.6 89 0 86.1 42.8 10.0 0.0 0 0 4 0 0
-5609.9 -6823.7 -10.6 78 0 7.7 59.1 5.0 2.5 2 1 2 1 1
-5542.1 -7077.8 -11.2 180 0 79.7 17.4 10.0 2.5 2 0 4 2 2
-5541.8 -6984.0 -9.7 179 0 75.2 17.2 10.0 2.5 2 0 4 0 0
-5504.2 -6976.3 -10.0 183 0 75.2 17.1 12.5 2.5 2 0 5 0 0
-5458.7 -6941.4 -10.0 271 0 17.2 75.2 7.5 2.5 2 1 3 5 5
-5424.4 -6943.2 -10.1 271 0 17.2 75.2 7.5 2.5 2 1 3 1 1
-5391.4 -6944.0 -10.4 271 0 17.2 75.2 10.0 2.5 2 1 4 3 3
-5357.3 -6947.7 -10.6 271 0 17.2 75.2 10.0 2.5 2 1 4 5 5
-5489.3 -6878.4 -8.9 274 0 16.0 51.3 7.5 2.5 2 1 3 0 0
-5454.1 -6880.7 -9.0 274 0 16.0 51.3 7.5 2.5 2 1 3 2 2
-5522.1 -6877.8 -9.4 274 0 16.0 51.3 5.0 2.5 2 1 2 1 1
-5496.4 -7112.3 -11.2 90 0 18.4 71.7 7.5 2.5 2 1 3 2 2
-5448.3 -7062.5 -11.2 179 0 44.9 52.6 7.5 0.0 0 1 3 3 3
-5478.1 -7023.9 -10.4 181 0 10.1 57.7 7.5 2.5 2 1 3 1 1
-5376.3 -7024.6 -10.7 359 0 10.2 28.8 7.5 0.0 0 1 3 2 2
-5361.4 -7049.5 -11.8 270 0 23.2 68.2 7.5 0.0 0 1 3 2 2
-5326.9 -7154.8 -12.4 91 0 22.2 114.0 12.5 0.0 0 1 5 5 5
-5540.1 -6782.5 -9.4 94 0 9.5 66.6 7.5 2.5 2 1 3 1 1
-5515.5 -6783.8 -9.1 94 0 9.5 66.6 7.5 2.5 2 1 3 4 4
-5331.8 -6836.7 -8.7 3 0 42.9 21.0 10.0 2.5 2 0 4 4 4
-5431.9 -6722.6 -7.9 273 0 16.8 48.9 10.0 2.5 2 1 4 3 3
-5388.1 -6729.2 -7.3 273 0 17.5 40.9 10.0 2.5 2 1 4 5 5
-5500.2 -6690.9 -8.8 94 0 20.8 9.7 5.0 2.5 2 0 2 0 0
-5523.0 -6658.4 -9.2 275 0 15.6 23.1 7.5 2.5 2 1 3 0 0
-5499.3 -6640.4 -10.4 94 0 12.9 42.0 7.5 2.5 2 1 3 1 1
-5554.8 -6585.3 -12.2 93 0 11.7 48.8 10.0 2.5 4 1 4 1 1
-5524.6 -6537.5 -11.8 273 0 11.7 48.8 10.0 0.0 0 1 4 1 1
-5493.3 -6539.5 -11.4 273 0 11.7 48.8 10.0 2.5 2 1 4 1 1
-5458.2 -6555.1 -10.8 271 0 12.2 35.0 10.0 2.5 2 1 4 4 4
-5323.3 -6748.7 -9.4 183 0 44.4 8.6 7.5 2.5 2 0 3 3 3
-5278.2 -6705.0 -12.3 172 0 43.4 11.3 10.0 2.5 2 0 4 5 5
-5181.2 -6678.1 -17.3 264 0 60.5 46.6 15.0 0.0 0 0 6 2 2
-6123.0 -6779.6 -14.0 272 0 17.8 113.6 14.0 0.0 0 1 4 2 2
-6265.8 -6892.5 -13.0 90 0 16.7 80.8 14.0 3.5 2 1 4 4 4
-5978.7 -6790.1 -13.8 273 0 20.3 111.7 14.0 0.0 0 1 4 3 3
-6046.7 -6794.4 -13.9 270 0 18.9 97.5 14.0 0.0 0 1 4 5 5
-6237.5 -6741.9 -12.3 270 0 39.8 55.2 14.0 0.0 0 1 4 1 1
-6217.0 -6840.1 -13.8 91 0 57.1 21.0 14.0 3.5 2 0 4 0 0
-6202.1 -6754.9 -13.2 271 0 15.7 45.8 14.0 0.0 0 1 4 4 4
-6305.8 -6710.6 -15.1 91 0 61.4 114.9 14.0 0.0 0 1 4 4 4
-6074.7 -6927.3 -13.9 270 0 15.6 68.7 10.0 2.5 2 1 4 1 1
-6119.8 -6920.8 -14.0 270 0 31.3 78.3 10.0 0.0 0 1 4 4 4
-5972.9 -7096.5 -13.6 173 0 61.8 46.4 10.0 0.0 0 0 4 2 2
-5815.7 -7210.7 -13.7 1 0 123.0 56.5 10.0 0.0 0 0 4 1 1
-5972.0 -7151.9 -13.5 265 0 16.5 89.8 7.5 2.5 2 1 3 2 2
-5996.7 -7243.3 -13.7 85 0 16.5 89.8 7.5 2.5 2 1 3 1 1
-6031.5 -7245.1 -13.8 85 0 16.5 89.8 10.0 2.5 2 1 4 0 0
-6065.8 -7246.4 -13.9 85 0 16.5 89.8 10.0 2.5 2 1 4 5 5
-6098.7 -7248.0 -14.0 85 0 16.5 89.8 10.0 2.5 2 1 4 2 2
-6121.0 -7102.2 -14.1 175 0 89.8 16.5 5.0 2.5 4 0 2 1 1
-6087.2 -7100.4 -14.0 175 0 89.8 16.5 7.5 2.5 2 0 3 4 4
-6037.3 -7096.3 -13.8 355 0 89.8 16.5 12.5 2.5 2 0 5 4 4
-6003.3 -7093.9 -13.7 355 0 89.8 16.5 10.0 2.5 2 0 4 3 3
-6040.9 -6571.9 -14.1 197 0 14.6 56.3 10.5 3.5 2 1 3 1 1
-6124.1 -6371.4 -16.8 261 0 14.4 96.2 14.0 3.5 2 1 4 5 5
-6196.9 -6359.3 -16.1 259 0 14.3 40.1 14.0 3.5 2 1 4 0 0
-6278.9 -6329.3 -15.5 260 0 14.8 71.4 14.0 3.5 2 1 4 3 3
-6186.3 -6458.4 -14.4 105 0 24.2 16.0 14.0 3.5 2 0 4 5 5
-4403.2 -182.6 -15.5 90 0 21.6 58.7 7.5 2.5 4 1 3 4 4
-4202.7 719.9 -4.0 180 0 66.1 21.3 12.5 2.5 2 0 5 0 0
-4795.2 716.2 -8.4 169 0 69.5 54.2 5.0 0.0 0 0 2 1 1
-4191.0 819.8 -0.1 90 0 22.2 55.2 17.5 2.5 2 1 7 4 4
-4144.3 821.0 0.0 89 0 20.7 50.4 10.0 2.5 2 1 4 3 3
-4134.2 915.2 -3.3 359 0 67.0 21.0 7.5 2.5 2 0 3 5 5
-4153.8 1012.1 -6.2 268 0 22.9 55.5 12.5 2.5 2 1 5 4 4
-4202.9 985.9 -4.9 181 0 51.0 26.2 12.5 0.0 0 0 5 2 2
-4628.5 1226.6 -12.7 101 0 23.8 112.3 15.0 0.0 0 1 6 3 3
-4644.2 1349.7 -8.9 284 0 23.0 62.1 15.0 2.5 4 1 6 4 4
-4675.9 1228.3 -11.6 105 0 23.6 58.0 15.0 2.5 4 1 6 3 3
-4716.5 1337.7 -6.9 201 0 55.3 23.1 15.0 0.0 0 0 6 1 1
-4698.0 1262.4 -10.3 20 0 60.9 23.1 15.0 2.5 2 0 6 2 2
-4802.0 1219.2 -12.6 181 0 59.8 21.8 12.5 2.5 2 0 5 5 5
-4818.4 1242.7 -10.6 1 0 46.2 36.7 12.5 0.0 0 0 5 2 2
-3865.0 890.7 -7.4 86 0 23.8 60.8 12.5 2.5 2 1 5 4 4
-3842.0 921.6 -8.1 176 0 63.3 24.6 15.0 2.5 2 0 6 5 5
-3847.7 1002.0 -8.7 176 0 71.1 24.6 12.5 0.0 0 0 5 3 3
-3850.9 1080.1 -8.3 177 0 64.1 23.7 7.5 2.5 2 0 3 5 5
-3863.5 1085.6 -8.9 5 0 67.1 23.1 10.0 0.0 0 0 4 3 3
-4041.4 972.2 -7.4 175 0 57.4 20.6 12.5 2.5 4 0 5 3 3
-4132.3 1093.8 -11.7 176 0 109.2 72.9 10.0 0.0 0 0 4 2 2
-3650.9 89.2 -7.5 345 0 75.9 21.6 7.5 0.0 0 0 3 4 4
-3677.8 176.8 -7.9 345 0 68.8 19.8 10.0 2.5 2 0 4 3 3
-3749.2 191.8 -8.4 254 0 20.4 68.2 10.0 0.0 0 1 4 5 5
-3704.7 37.6 -8.2 75 0 21.8 77.9 10.0 0.0 0 1 4 4 4
-3802.2 177.8 -8.9 254 0 20.5 65.1 10.0 2.5 4 1 4 5 5
-3755.5 26.3 -8.8 75 0 21.9 76.3 12.5 0.0 0 1 5 0 0
-3850.5 164.5 -9.3 254 0 19.3 62.3 7.5 2.5 2 1 3 1 1
-3806.9 13.5 -9.5 74 0 20.8 75.8 10.0 2.5 2 1 4 1 1
-3893.0 152.3 -9.7 255 0 19.4 66.8 7.5 2.5 2 1 3 1 1
-3846.4 4.4 -10.0 74 0 20.9 71.3 12.5 2.5 2 1 5 3 3
-3934.6 140.2 -10.1 255 0 20.0 77.3 5.0 2.5 2 1 2 1 1
-3889.4 -5.7 -10.5 75 0 17.9 57.4 10.0 2.5 2 1 4 3 3
-3969.0 86.0 -10.4 168 0 86.9 19.8 7.5 0.0 0 0 3 1 1
-3936.5 -2.4 -10.8 127 0 45.3 18.5 12.5 2.5 2 0 5 2 2
-3713.5 231.3 -8.5 74 0 32.5 35.9 7.5 0.0 0 1 3 3 3
-3735.0 304.6 -9.0 255 0 30.8 33.0 7.5 0.0 0 1 3 3 3
-3783.9 210.5 -9.1 75 0 32.9 32.9 10.0 0.0 0 1 4 4 4
-4600.7 1192.5 -14.8 91 0 24.8 16.0 5.0 0.0 0 0 2 1 1
-2479.4 2982.5 -8.9 71 0 13.1 47.8 7.5 2.5 2 1 3 2 2
-2509.3 3064.5 -8.0 251 0 12.9 26.4 7.5 2.5 2 1 3 2 2
-2448.5 2993.3 -8.9 70 0 13.6 49.6 7.5 2.5 2 1 3 4 4
-2486.4 3094.7 -8.6 249 0 12.4 46.3 7.5 2.5 2 1 3 0 0
-2405.5 2988.0 -9.6 69 0 13.3 70.6 10.0 2.5 2 1 4 1 1
-2452.5 3112.3 -9.2 252 0 12.7 47.8 12.5 2.5 2 1 5 0 0
-2375.6 2997.5 -10.2 70 0 13.4 71.1 5.0 2.5 2 1 2 2 2
-2428.6 3138.0 -9.7 250 0 13.4 64.8 10.0 2.5 2 1 4 3 3
-2337.7 2987.7 -10.8 71 0 13.3 94.1 7.5 2.5 2 1 3 4 4
-2398.5 3148.8 -10.2 249 0 12.5 50.3 12.5 2.5 2 1 5 2 2
-2303.1 2992.6 -11.5 72 0 14.7 28.6 12.5 2.5 2 1 5 1 1
-2321.3 3042.9 -11.2 70 0 12.8 74.1 7.5 2.5 2 1 3 4 4
-2367.2 3166.2 -10.8 249 0 12.3 44.4 10.0 2.5 2 1 4 0 0
-2261.9 2986.3 -12.2 68 0 12.5 50.2 10.0 2.5 2 1 4 3 3
-2285.2 3044.0 -11.8 69 0 12.8 88.5 12.5 2.5 2 1 5 4 4
-2335.8 3179.2 -11.3 251 0 13.1 43.9 7.5 2.5 2 1 3 4 4
-2230.9 2993.1 -12.7 71 0 13.0 52.1 10.0 2.5 2 1 4 2 2
-2284.6 3139.0 -12.5 250 0 12.8 91.1 10.0 0.0 0 1 4 3 3
-2304.9 3189.2 -11.9 249 0 10.9 43.8 7.5 2.5 2 1 3 3 3
-2193.5 2987.5 -13.0 71 0 13.0 70.3 10.0 0.0 0 1 4 3 3
-2254.2 3150.3 -13.0 249 0 13.0 90.7 10.0 2.5 2 1 4 3 3
-2274.4 3200.9 -12.4 251 0 12.0 42.8 7.5 2.5 2 1 3 3 3
-2163.8 2997.9 -13.5 71 0 12.9 71.8 7.5 2.5 2 1 3 2 2
-2224.1 3159.2 -13.5 250 0 12.8 87.7 10.0 2.5 2 1 4 3 3
-2244.4 3211.3 -13.0 249 0 12.3 41.9 7.5 2.5 2 1 3 2 2
-2142.4 3033.5 -13.6 69 0 11.6 47.1 7.5 2.5 2 1 3 2 2
-2194.5 3170.4 -13.8 249 0 12.8 86.1 7.5 2.5 2 1 3 3 3
-2213.5 3222.8 -13.5 249 0 12.2 41.2 7.5 2.5 2 1 3 0 0
-2164.9 2930.8 -12.3 155 0 69.0 16.5 7.5 2.5 2 0 3 1 1
-2104.6 2908.6 -12.3 66 0 15.8 79.8 10.0 2.5 2 1 4 3 3
-2061.8 2925.3 -12.0 66 0 15.1 53.5 10.0 2.5 2 1 4 1 1
-2071.7 2987.4 -12.4 65 0 40.5 16.9 5.0 0.0 0 0 2 2 2
-2018.7 2950.5 -12.0 63 0 16.7 47.1 10.0 2.5 2 1 4 5 5
-2037.2 3006.4 -12.8 62 0 24.6 41.7 5.0 2.5 2 1 2 0 0
-1968.9 2977.6 -12.2 63 0 17.5 49.0 10.0 2.5 2 1 4 2 2
-1987.5 3035.1 -12.8 64 0 15.7 39.4 7.5 2.5 2 1 3 0 0
-2107.2 3139.1 -14.1 243 0 15.7 57.7 10.0 2.5 2 1 4 2 2
-2012.0 3082.7 -13.4 64 0 14.9 34.5 10.0 2.5 4 1 4 4 4
-2053.7 3163.9 -14.2 243 0 16.9 52.1 7.5 2.5 2 1 3 4 4
-2154.7 3238.5 -14.5 242 0 18.0 79.0 7.5 2.5 2 1 3 4 4
-2105.5 3172.7 -14.5 242 0 39.4 14.0 10.0 2.5 2 0 4 5 5
-2105.7 3256.2 -15.3 242 0 20.8 87.1 7.5 0.0 0 1 3 0 0
-1918.4 2999.1 -12.2 64 0 15.9 52.4 7.5 2.5 2 1 3 2 2
-1942.4 3125.7 -13.5 332 0 16.8 38.4 10.0 2.5 2 1 4 1 1
-1982.0 3137.7 -14.1 63 0 17.1 49.8 12.5 2.5 2 1 5 0 0
-1865.5 3033.1 -12.9 59 0 18.2 96.9 12.5 0.0 0 1 5 0 0
-1921.1 3130.7 -14.2 65 0 20.0 85.5 12.5 0.0 0 1 5 0 0
-1857.0 3104.1 -13.1 344 0 75.4 16.2 7.5 2.5 2 0 3 2 2
-1879.4 3206.7 -14.5 355 0 90.7 16.1 10.0 2.5 2 0 4 0 0
-5067.0 -6732.8 -16.5 264 0 26.3 87.4 10.0 0.0 0 1 4 4 4
-4874.6 -6491.7 -14.9 269 0 15.5 32.4 7.5 2.5 4 1 3 1 1
-4837.7 -6493.5 -14.5 269 0 16.8 59.0 7.5 2.5 2 1 3 2 2
-4802.2 -6495.9 -14.1 270 0 15.6 65.9 10.0 2.5 2 1 4 1 1
-4764.3 -6494.3 -13.6 270 0 16.0 72.1 10.0 2.5 2 1 4 5 5
-4728.7 -6576.5 -13.4 91 0 18.3 83.5 12.5 2.5 2 1 5 2 2
-4682.1 -6562.6 -13.4 90 0 54.1 54.8 10.0 0.0 0 1 4 2 2
-4624.9 -6484.1 -14.4 271 0 18.6 92.4 12.5 0.0 0 1 5 2 2
-4585.0 -6479.3 -14.1 270 0 17.7 100.0 12.5 0.0 0 1 5 5 5
-4408.4 -6679.7 -11.3 353 0 49.3 31.1 10.0 0.0 0 0 4 5 5
-4620.4 -6672.3 -11.4 262 0 19.4 81.8 10.0 2.5 2 0 4 2 2
-4555.3 -6752.7 -11.0 83 0 29.8 70.9 5.0 0.0 0 0 2 1 1
-4585.3 -6747.8 -10.9 83 0 29.1 11.9 7.5 2.5 2 0 3 5 5
-5056.8 -7031.7 -15.2 263 0 67.4 87.2 7.5 0.0 0 1 3 4 4
-4979.7 -6992.5 -15.4 175 0 74.5 38.6 7.5 0.0 0 0 3 1 1
4225.4 -9055.2 -5.4 91 0 9.2 75.6 7.5 2.5 2 1 3 5 5
4205.8 -9054.7 -4.7 91 0 8.5 76.6 7.5 2.5 2 1 3 5 5
4184.3 -9053.7 -3.6 91 0 7.6 64.0 7.5 2.5 2 1 3 4 4
4227.3 -9118.4 -3.6 1 0 40.3 12.7 7.5 2.5 2 0 3 2 2
4200.9 -9095.1 -2.7 271 0 6.5 42.8 7.5 2.5 2 1 3 0 0
4182.7 -9095.1 -2.0 271 0 7.5 43.1 7.5 2.5 2 1 3 2 2
4226.7 -9175.5 -3.2 1 0 49.3 11.0 7.5 2.5 2 0 3 2 2
4203.6 -9173.1 -2.2 1 0 49.3 7.7 7.5 2.5 2 0 3 2 2
4178.5 -9173.4 -1.3 181 0 48.5 6.2 7.5 2.5 2 0 3 3 3
4226.0 -9253.3 -2.7 1 0 80.2 10.2 7.5 2.5 4 0 3 3 3
4204.0 -9251.7 -1.7 1 0 80.7 7.1 7.5 0.0 0 0 3 4 4
4177.7 -9251.5 -0.9 181 0 82.7 8.2 7.5 0.0 0 0 3 5 5
4167.5 -9309.3 -2.0 183 0 11.3 60.3 10.0 0.0 0 1 4 0 0
4160.9 -9326.7 0.3 182 0 11.4 18.0 5.0 2.5 2 1 2 3 3
1673.6 5314.7 -1.9 271 0 24.6 8.4 7.5 2.5 4 0 3 5 5
1715.1 5313.6 -2.1 269 0 24.7 9.0 7.5 0.0 0 0 3 4 4
-2521.1 4610.4 -0.2 249 0 5.0 9.1 7.5 2.5 2 1 3 1 1
-2539.0 4620.2 -0.2 250 0 16.7 29.9 5.0 2.5 2 1 2 3 3
-2512.8 4625.9 -0.4 248 0 6.1 9.3 2.5 0.0 0 1 1 1 1
-2480.8 4630.4 -0.6 248 0 13.2 7.5 7.5 0.0 0 0 3 1 1
-2481.6 4655.6 -0.7 251 0 10.9 5.5 5.0 2.5 2 0 2 5 5
-4673.7 -4083.6 -12.4 100 0 11.6 65.9 42.0 3.5 2 1 12 5 5
-4711.9 -4058.0 -11.7 99 0 13.3 48.0 42.0 3.5 2 1 12 1 1
3612.7 2766.8 -4.4 357 0 42.6 20.5 15.0 0.0 0 0 6 3 3
3612.7 2766.8 -4.4 357 0 42.6 20.5 15.0 2.5 2 0 6 1 1
-4277.5 8361.6 3.5 90 0 61.7 91.1 12.5 0.0 0 1 5 4 4
-4348.7 8096.9 2.2 360 0 38.6 76.4 15.0 0.0 0 1 6 4 4
-4329.0 8096.2 1.8 0 0 40.6 13.7 12.5 2.5 2 0 5 4 4
-4330.1 8129.1 2.2 359 0 13.6 96.3 12.5 2.5 2 1 5 3 3
-6064.7 1017.6 -15.3 270 0 32.7 24.7 2.5 0.0 0 0 1 5 5
-3516.9 39.1 -6.6 345 0 88.8 24.6 7.5 0.0 0 0 3 3 3
-4930.8 2674.7 1.1 7 0 64.7 30.0 17.5 0.0 0 0 7 2 2
-5165.6 -5450.1 -15.8 185 0 249.2 181.0 10.5 0.0 0 0 3 0 0
-4878.1 -5599.1 -17.8 271 0 168.8 169.5 10.5 0.0 0 1 3 2 2
-2216.9 4415.7 -2.7 86 0 35.4 55.5 15.0 0.0 0 1 6 1 1
-2261.2 4439.6 -1.1 355 0 56.9 34.2 10.0 0.0 0 0 4 3 3
-6778.0 -4586.0 -20.3 289 0 24.5 7.5 10.5 3.5 2 0 3 5 5
-6767.7 -4556.0 -20.7 104 0 25.4 11.2 17.5 3.5 2 0 5 3 3
-6896.9 -4998.4 -19.6 171 0 27.0 13.6 14.0 3.5 2 0 4 1 1
-6636.8 -5736.0 -13.6 91 0 28.4 33.8 10.5 0.0 0 1 3 3 3
-2090.9 4357.7 -4.6 269 0 36.9 60.0 12.5 0.0 0 1 5 3 3
-2158.0 4337.9 -3.9 268 0 31.7 59.0 12.5 0.0 0 1 5 4 4
-2076.5 4425.4 -4.5 0 0 60.0 35.4 15.0 0.0 0 0 6 0 0
-2161.0 4414.2 -4.1 89 0 33.8 57.5 10.0 0.0 0 1 4 2 2
-2361.9 4419.2 -2.1 178 0 59.1 35.3 12.5 0.0 0 0 5 1 1
-2213.1 4330.9 -4.8 270 0 37.2 54.1 12.5 0.0 0 1 5 4 4
-2255.8 4300.0 -3.7 359 0 53.6 36.7 12.5 0.0 0 0 5 1 1
-2358.1 4300.9 -3.9 180 0 63.6 35.1 7.5 0.0 0 0 3 2 2
-2414.1 4418.5 -2.4 357 0 53.3 28.8 10.0 0.0 0 0 4 5 5
-2486.8 4257.5 -7.0 90 0 27.7 39.1 7.5 0.0 0 1 3 0 0
-2478.0 4348.4 -6.5 359 0 75.5 27.4 10.0 0.0 0 0 4 3 3
-2494.9 4444.1 -2.2 269 0 27.1 41.2 12.5 0.0 0 1 5 5 5
-3926.7 1815.9 2.3 71 0 29.2 60.8 10.0 0.0 0 1 4 2 2
-3965.3 1905.0 0.4 166 0 31.3 17.1 10.0 2.5 2 0 4 2 2
-3907.6 1938.2 0.2 342 0 27.9 17.4 10.0 2.5 2 0 4 1 1
-4434.7 2668.7 2.2 95 0 35.6 32.1 27.5 0.0 0 0 11 3 3
-4734.2 2458.2 -1.1 256 0 18.5 24.8 7.5 2.5 2 1 3 3 3
-4772.6 2448.6 -1.2 192 0 24.7 19.6 7.5 2.5 2 0 3 5 5
-4667.9 2647.3 0.7 7 0 45.0 35.5 27.5 0.0 0 0 11 3 3
-4714.9 2734.9 0.4 276 0 42.5 34.2 27.5 0.0 0 0 11 5 5
-4783.2 2740.1 1.4 278 0 33.5 44.8 30.0 0.0 0 1 12 4 4
-4888.8 2641.7 0.3 187 0 35.6 49.0 30.0 0.0 0 1 12 2 2
-4852.7 2592.3 0.4 6 0 41.9 33.3 27.5 0.0 0 0 11 2 2
-4831.7 2550.3 0.5 187 0 33.9 41.1 0.0 0.0 0 1 0 4 4
-4627.8 2191.2 -5.7 7 0 44.4 33.4 27.5 0.0 0 0 11 0 0
-4656.1 2295.8 -3.5 90 0 20.0 28.8 7.5 2.5 2 1 3 4 4
-4510.3 2430.0 -1.4 2 0 38.5 19.9 7.5 0.0 0 0 3 0 0
-4456.6 2473.6 -0.5 335 0 33.3 16.1 7.5 2.5 2 0 3 1 1
-4570.2 2291.0 -3.6 117 0 17.2 21.6 7.5 2.5 2 1 3 1 1
-4327.7 2247.2 -2.4 269 0 17.4 27.3 27.5 0.0 0 1 11 2 2
-4635.1 2659.4 0.8 186 0 77.9 44.0 12.5 0.0 0 0 5 4 4
-4566.5 2621.3 1.1 96 0 57.3 89.7 17.5 0.0 0 0 7 5 5
-4372.6 2697.0 2.3 277 0 43.7 34.0 27.5 0.0 0 0 11 4 4
-4301.8 2487.2 2.6 357 0 14.1 23.9 2.5 2.5 2 0 1 4 4
-4303.0 2511.0 3.5 357 0 33.7 26.1 22.5 0.0 0 0 9 4 4
-4304.8 2578.6 3.9 359 0 34.3 25.5 22.5 0.0 0 0 9 3 3
-4402.3 2187.5 -2.8 186 0 24.1 28.8 17.5 0.0 0 1 7 3 3
-464.9 5557.8 -5.5 347 0 201.1 491.1 10.0 0.0 0 1 4 1 1
-805.3 5118.4 -6.2 142 0 235.9 435.7 10.0 0.0 0 1 4 3 3
-2932.8 399.1 7.2 356 0 55.4 11.0 30.0 2.5 2 0 12 0 0
-2945.1 492.5 4.4 266 0 11.2 54.8 30.0 2.5 2 1 12 4 4
-2990.7 490.2 5.9 266 0 12.6 54.7 30.0 2.5 2 1 12 3 3
-3229.3 -5379.0 -14.2 78 0 139.7 392.0 12.5 0.0 0 1 5 1 1
-3065.5 -5389.7 -15.2 78 0 159.4 437.6 12.5 0.0 0 1 5 3 3
6524.6 -5752.6 -14.8 180 0 50.2 135.8 17.5 0.0 0 1 5 0 0
-2508.7 2921.5 -10.7 271 0 27.4 65.3 10.0 0.0 0 1 4 2 2
-2446.9 2753.0 -9.6 89 0 22.1 63.2 12.5 2.5 2 1 5 4 4
-2392.5 2741.3 -10.2 90 0 21.1 71.2 12.5 2.5 2 1 5 3 3
-2346.6 2959.8 -10.7 267 0 15.4 56.9 10.0 2.5 2 1 4 5 5
-2294.4 2960.4 -11.6 270 0 15.6 57.6 10.0 2.5 2 1 4 2 2
-2257.8 2954.0 -12.3 270 0 18.6 25.0 10.0 2.5 2 1 4 0 0
-2269.5 2518.7 -4.7 89 0 18.3 55.3 12.5 2.5 4 1 5 1 1
-2230.2 2595.8 -5.7 271 0 18.8 54.3 12.5 2.5 2 1 5 0 0
-2210.7 2450.7 -3.5 89 0 22.7 63.5 12.5 2.5 2 1 5 5 5
-2220.1 2749.5 -9.3 257 0 39.4 23.1 7.5 0.0 0 0 3 4 4
-2203.3 2684.5 -8.1 122 0 7.1 12.5 7.5 2.5 4 1 3 1 1
-2142.0 2488.7 -3.7 1 0 62.2 21.5 12.5 2.5 2 0 5 0 0
-2156.7 2564.3 -4.9 270 0 21.0 35.4 10.0 0.0 0 1 4 5 5
-1869.8 2855.6 -10.0 243 0 27.1 12.9 10.0 2.5 2 0 4 4 4
-1898.9 2922.4 -10.8 63 0 27.4 10.5 7.5 2.5 4 0 3 3 3
-1916.4 2943.1 -10.9 243 0 17.3 9.7 7.5 2.5 2 0 3 0 0
-1756.2 2861.0 -11.6 334 0 29.8 71.0 10.0 0.0 0 1 4 1 1
-1815.7 2972.3 -11.9 334 0 20.3 64.1 12.5 0.0 0 1 5 1 1
-1634.2 2780.9 -11.4 249 0 62.3 18.5 7.5 2.5 2 0 3 0 0
-1564.0 2808.3 -10.7 248 0 60.8 18.1 5.0 2.5 2 0 2 3 3
-1507.7 2746.7 -11.6 339 0 58.1 138.3 12.5 0.0 0 1 5 2 2
-1618.5 2650.0 -11.7 159 0 17.2 74.7 10.0 2.5 2 1 4 1 1
-1488.3 2698.2 -10.5 340 0 16.9 59.6 7.5 2.5 2 1 3 1 1
-1520.3 2369.6 -13.4 142 0 15.6 21.6 10.0 0.0 0 1 4 2 2
-1470.5 2361.7 -13.4 89 0 23.6 32.5 10.0 0.0 0 1 4 5 5
-1465.9 2426.7 -12.6 236 0 13.8 26.9 7.5 0.0 0 1 3 4 4
-1396.2 2387.4 -13.0 81 0 20.2 27.4 7.5 2.5 2 1 3 0 0
-1638.5 2414.3 -14.4 323 0 20.0 62.2 7.5 2.5 2 1 3 3 3
-1713.6 2485.8 -13.6 233 0 84.0 38.6 10.0 0.0 0 0 4 0 0
-1616.3 2371.7 -14.1 51 0 19.7 19.1 10.0 2.5 2 0 4 2 2
-1786.4 2611.0 -11.2 336 0 51.7 14.7 12.5 2.5 2 0 5 4 4
-1803.0 2344.6 -12.3 142 0 16.1 48.0 12.5 2.5 2 1 5 0 0
-3329.5 515.0 0.1 98 0 14.0 21.2 5.0 2.5 2 1 2 1 1
-3335.3 564.6 -1.9 177 0 27.6 15.9 5.0 2.5 2 0 2 2 2
-3334.2 593.9 -2.7 189 0 13.4 12.8 5.0 2.5 2 0 2 3 3
-6011.0 3784.5 5.1 2 0 63.8 50.3 10.0 0.0 0 0 4 3 3
-6035.1 3849.9 3.1 98 0 52.2 62.7 10.0 0.0 0 1 4 1 1
-4230.9 10799.7 -6.4 271 0 10.0 27.4 7.5 2.5 2 1 3 0 0
-4287.1 10813.3 -6.8 272 0 11.4 24.9 30.0 0.0 0 1 12 1 1
-4347.9 10792.4 -6.8 91 0 10.4 24.9 30.0 0.0 0 1 12 4 4
-4184.8 10857.8 -8.3 181 0 39.8 8.9 7.5 0.0 0 0 3 3 3
-4186.0 10786.4 -6.6 182 0 39.8 8.9 7.5 0.0 0 0 3 3 3
-4117.7 10813.6 -8.0 94 0 10.5 46.7 10.0 2.5 2 1 4 5 5
-4117.8 10800.9 -6.5 274 0 10.5 46.7 12.5 2.5 2 1 5 0 0
-4168.7 10715.5 -3.9 182 0 46.4 12.1 10.0 2.5 4 0 4 3 3
-4170.4 10652.5 -1.8 182 0 46.4 12.1 5.0 2.5 2 0 2 1 1
-4221.0 10650.6 -1.4 182 0 46.4 12.1 7.5 2.5 2 0 3 1 1
-4218.5 10717.6 -3.7 182 0 46.4 12.1 12.5 2.5 2 0 5 1 1
-4274.7 10719.2 -3.5 182 0 46.4 12.1 15.0 0.0 0 0 6 2 2
-4276.9 10654.6 -1.1 182 0 46.4 12.1 10.0 2.5 2 0 4 3 3
-5917.9 3555.6 -4.4 275 0 11.9 67.3 12.5 2.5 2 1 5 5 5
-5975.8 3421.4 -4.5 182 0 44.7 10.5 15.0 0.0 0 0 6 5 5
-5972.9 3479.1 -3.0 180 0 50.0 10.7 10.0 2.5 4 0 4 3 3
-5970.4 3537.1 -1.4 186 0 40.8 12.4 10.0 2.5 4 0 4 1 1
-5886.3 3521.3 -7.3 268 0 13.6 70.8 12.5 2.5 2 1 5 4 4
-5886.8 3553.4 -5.9 246 0 18.9 23.8 10.0 2.5 4 1 4 4 4
-5847.0 3513.1 -9.2 274 0 11.9 71.5 15.0 2.5 2 1 6 2 2
-5848.7 3549.6 -8.0 248 0 16.8 24.9 10.0 2.5 2 1 4 4 4
-5772.2 3436.2 -8.4 6 0 66.9 14.5 12.5 2.5 2 0 5 1 1
-5763.5 3514.4 -10.1 6 0 61.4 14.0 10.0 2.5 2 0 4 4 4
-5803.0 3548.3 -10.3 276 0 12.4 41.2 10.0 2.5 2 1 4 5 5
-5805.4 3472.3 -10.3 7 0 53.9 13.5 10.0 2.5 2 0 4 5 5
-5806.9 3417.5 -10.5 358 0 49.5 12.8 10.0 2.5 2 0 4 3 3
-5858.4 3189.4 -9.7 352 0 31.3 16.4 7.5 2.5 2 0 3 2 2
-5851.9 3252.0 -9.2 6 0 73.8 13.5 12.5 0.0 0 0 5 1 1
-5833.6 3378.9 -10.3 359 0 26.9 13.3 10.0 2.5 4 0 4 0 0
-5907.7 3380.5 -9.9 246 0 14.0 74.1 10.0 2.5 2 1 4 1 1
-5901.7 3259.8 -10.4 188 0 73.3 13.0 10.0 2.5 2 0 4 3 3
-5912.8 3193.7 -10.6 195 0 31.5 13.8 7.5 2.5 2 0 3 0 0
-5865.7 3386.8 -9.5 356 0 26.0 13.6 10.0 2.5 2 0 4 3 3
-5783.8 3339.7 -6.3 6 0 61.7 13.2 12.5 2.5 2 0 5 4 4
-5791.4 3263.1 -7.4 6 0 77.2 14.7 12.5 2.5 2 0 5 1 1
-5800.5 3183.8 -9.2 6 0 55.9 15.1 10.0 2.5 2 0 4 4 4
-5810.9 3339.8 -8.4 7 0 60.3 13.2 10.0 2.5 2 0 4 2 2
-5819.8 3267.6 -7.9 6 0 77.1 13.2 12.5 2.5 2 0 5 4 4
-5829.1 3190.5 -9.4 6 0 57.5 13.0 10.0 2.5 2 0 4 3 3
-5945.1 3328.6 -7.8 183 0 79.9 14.0 10.0 2.5 2 0 4 3 3
-5980.6 3344.9 -6.9 185 0 74.2 11.6 10.0 2.5 2 0 4 3 3
-5950.0 3235.9 -9.9 186 0 88.7 13.8 12.5 2.5 2 0 5 4 4
-5987.8 3210.3 -9.1 183 0 50.4 11.3 7.5 2.5 2 0 3 0 0
-5984.6 3272.4 -8.6 184 0 52.4 12.4 10.0 2.5 2 0 4 5 5
-5954.1 3170.2 -9.9 207 0 26.1 13.6 10.0 2.5 2 0 4 0 0
-5957.1 3108.6 -9.9 170 0 48.2 11.7 7.5 0.0 0 0 3 2 2
-5949.5 3011.1 -9.8 92 0 12.6 63.7 7.5 2.5 2 1 3 5 5
-5816.0 3064.6 -9.5 7 0 55.6 13.9 10.0 2.5 2 0 4 3 3
-5821.4 3012.6 -10.9 6 0 37.9 14.1 12.5 2.5 2 0 5 2 2
-5835.3 3096.2 -9.3 15 0 20.3 13.5 12.5 2.5 2 0 5 5 5
-5861.9 3061.3 -10.8 15 0 37.6 12.3 10.0 0.0 0 0 4 5 5
-5843.7 3028.2 -10.9 5 0 36.7 11.8 10.0 2.5 2 0 4 2 2
-4136.8 1192.9 -11.5 175 0 67.6 65.0 15.0 0.0 0 0 6 3 3
-5887.8 -4447.0 -21.2 11 0 28.5 14.4 17.5 0.0 0 0 5 4 4
-3400.3 -470.7 -11.2 76 0 5.1 9.6 5.0 2.5 2 0 2 1 1
-3338.7 -619.8 -13.9 346 0 97.1 10.0 15.0 2.5 2 0 6 3 3
-3389.2 -586.4 -14.6 152 0 27.3 11.7 7.5 2.5 2 0 3 1 1
-3404.5 -558.6 -14.3 150 0 28.1 12.0 7.5 2.5 2 0 3 1 1
-3434.6 -459.2 -12.7 170 0 25.8 12.9 7.5 2.5 2 0 3 4 4
-3438.2 -424.4 -11.7 173 0 27.0 11.6 7.5 2.5 2 0 3 5 5
-3440.9 -390.4 -11.2 177 0 26.6 11.8 7.5 2.5 2 0 3 3 3
-3445.8 -356.0 -10.6 166 0 28.1 11.4 7.5 2.5 2 0 3 3 3
-3453.4 -468.0 -14.3 352 0 18.8 10.5 7.5 2.5 2 0 3 3 3
-3457.8 -442.5 -13.7 349 0 20.8 10.6 7.5 2.5 2 0 3 5 5
-3462.1 -414.0 -13.1 353 0 25.5 11.3 7.5 2.5 2 0 3 1 1
-3466.5 -380.9 -12.5 352 0 29.0 11.3 7.5 2.5 2 0 3 5 5
-3471.3 -348.9 -11.9 350 0 25.4 11.1 7.5 2.5 2 0 3 4 4
-3493.5 -290.5 -13.5 265 0 11.4 20.4 7.5 2.5 2 1 3 0 0
-3508.1 -408.6 -14.5 172 0 27.1 11.6 7.5 2.5 2 0 3 3 3
-3511.7 -379.1 -13.6 172 0 21.7 11.3 7.5 0.0 0 0 3 5 5
-3515.9 -353.5 -13.1 172 0 20.8 11.7 7.5 2.5 2 0 3 0 0
-3521.4 -293.3 -14.0 265 0 12.1 19.8 7.5 2.5 2 1 3 1 1
-3557.8 -295.6 -14.4 270 0 11.7 20.4 7.5 2.5 2 1 3 1 1
-3583.6 -299.4 -14.3 270 0 12.1 25.0 7.5 2.5 2 1 3 2 2
-3615.2 -301.4 -14.2 271 0 12.2 25.0 7.5 0.0 0 1 3 5 5
-3642.2 -305.5 -14.1 271 0 12.9 27.1 7.5 2.5 2 1 3 4 4
-3704.9 -345.8 -14.3 184 0 20.3 12.1 7.5 2.5 2 0 3 2 2
-3704.4 -319.7 -13.7 179 0 20.5 12.4 7.5 2.5 2 0 3 5 5
-3665.5 -320.5 -13.9 1 0 26.8 12.9 7.5 2.5 2 0 3 0 0
-3757.1 -393.1 -14.9 90 0 12.6 26.9 7.5 2.5 2 1 3 5 5
-3761.3 -349.0 -14.0 183 0 20.3 11.8 7.5 2.5 2 0 3 5 5
-3760.8 -322.5 -13.3 181 0 21.3 12.3 7.5 2.5 2 0 3 5 5
-3725.6 -359.0 -14.5 10 0 26.3 12.3 7.5 0.0 0 0 3 1 1
-3727.9 -311.0 -13.7 271 0 12.2 27.8 7.5 2.5 2 1 3 3 3
-351.7 -11251.2 -17.3 189 0 47.6 77.4 12.5 0.0 0 1 5 3 3
-3331.2 -380.8 -9.3 76 0 12.2 127.3 5.0 2.5 2 1 2 4 4
-3345.4 -270.4 -9.1 166 0 34.3 9.5 7.5 0.0 0 0 3 0 0
-3345.5 -234.8 -9.7 256 0 9.8 17.5 7.5 0.0 0 0 3 2 2
-3333.9 -317.2 -8.0 166 0 51.7 9.5 7.5 0.0 0 0 3 0 0
-3309.3 -396.8 -6.4 76 0 9.5 52.2 7.5 0.0 0 1 3 0 0
-3310.8 -231.7 -9.1 265 0 12.1 57.0 15.0 2.5 4 1 6 4 4
-3300.5 -310.2 -7.3 174 0 28.8 12.8 15.0 0.0 0 0 6 2 2
-3282.4 -389.6 -6.1 76 0 12.2 57.4 15.0 2.5 2 1 6 3 3
-3254.0 -382.5 -5.8 76 0 12.4 57.3 15.0 2.5 2 1 6 3 3
-3225.5 -375.2 -5.5 76 0 13.3 57.3 15.0 2.5 2 1 6 1 1
-3169.2 -357.5 -3.5 82 0 7.3 12.7 2.5 0.0 0 1 1 2 2
-3155.4 -404.5 -2.5 355 0 56.9 12.6 15.0 2.5 2 0 6 1 1
-3252.0 -467.3 -6.1 76 0 12.9 70.7 15.0 2.5 2 1 6 4 4
-3224.0 -460.1 -5.0 76 0 13.1 70.7 15.0 2.5 2 1 6 0 0
-3195.5 -453.0 -3.6 76 0 12.8 70.7 15.0 2.5 2 1 6 3 3
-3272.8 -540.0 -7.6 76 0 9.9 34.8 7.5 0.0 0 1 3 0 0
-3283.6 -476.9 -7.6 346 0 43.6 10.0 7.5 0.0 0 0 3 0 0
-3296.0 -427.8 -7.1 346 0 43.3 10.0 7.5 0.0 0 0 3 5 5
-3253.9 -475.8 -6.4 256 0 12.9 28.8 15.0 0.0 0 0 6 5 5
-3225.5 -468.6 -5.3 256 0 12.6 28.9 15.0 0.0 0 0 6 5 5
-3196.4 -461.3 -4.3 256 0 12.2 28.8 15.0 0.0 0 0 6 5 5
-3244.9 -533.3 -6.6 76 0 12.9 29.1 15.0 0.0 0 0 6 3 3
-3216.8 -526.1 -5.5 76 0 12.5 29.0 15.0 0.0 0 0 6 3 3
-3187.9 -518.5 -4.5 76 0 12.6 28.8 15.0 0.0 0 0 6 2 2
-3164.7 -494.7 -3.2 175 0 28.2 12.9 15.0 0.0 0 0 6 5 5
-3149.6 -464.3 -2.9 356 0 30.2 13.1 15.0 0.0 0 0 6 3 3
-3220.2 -539.5 -5.2 256 0 12.9 42.2 15.0 0.0 0 1 6 1 1
-3182.4 -573.7 -4.2 76 0 12.8 42.2 15.0 0.0 0 1 6 3 3
-3175.3 -636.4 -3.4 346 0 43.9 13.1 15.0 0.0 0 0 6 0 0
-3185.2 -596.4 -3.2 346 0 29.4 13.1 15.0 0.0 0 0 6 0 0
-3145.4 -587.3 -2.6 265 0 12.3 57.8 15.0 2.5 2 1 6 2 2
-3146.0 -580.7 -2.1 85 0 12.3 29.2 15.0 0.0 0 0 6 0 0
-3155.8 -523.8 -2.9 265 0 12.2 28.4 15.0 0.0 0 0 6 5 5
-3210.7 -668.3 -4.2 76 0 11.9 30.3 15.0 0.0 0 1 6 1 1
-3522.0 1034.9 -3.8 357 0 41.6 27.1 7.5 0.0 0 0 3 2 2
-3632.8 944.6 -5.7 355 0 149.9 23.7 10.0 0.0 0 0 4 5 5
-3383.2 789.4 -3.2 333 0 51.6 19.0 10.0 2.5 2 0 4 5 5
-3150.0 38.8 -6.1 355 0 51.3 11.6 10.0 2.5 2 0 4 3 3
-3294.4 -172.4 -9.9 355 0 41.9 25.8 10.0 0.0 0 0 4 3 3
-4781.7 2097.4 -3.7 97 0 18.0 19.4 37.5 2.5 5 0 15 3 3
