3963.1 2596.1 -5.1 181 0 153.2 84.5 7.5 0.0 0 0 3 1 1
5596.3 6555.1 -14.4 12 0 169.0 133.8 12.5 0.0 0 0 5 3 3
5909.9 9149.6 -16.1 60 0 285.7 62.2 17.5 0.0 0 0 5 2 2
6209.8 4644.5 -9.8 19 0 68.4 26.3 10.0 0.0 0 0 4 2 2
5948.5 4206.9 -9.8 176 0 57.0 24.9 10.0 2.5 2 0 4 0 0
6125.9 4669.8 -9.5 190 0 72.5 28.6 10.0 0.0 0 0 4 2 2
6032.9 4080.0 -10.1 79 0 24.5 62.1 7.5 2.5 2 1 3 2 2
6174.5 4560.8 -10.8 359 0 50.4 23.6 7.5 0.0 0 0 3 5 5
6095.9 4821.1 -7.2 196 0 55.0 22.9 5.0 2.5 2 0 2 4 4
6098.2 4093.4 -10.3 75 0 26.9 75.1 12.5 0.0 0 1 5 3 3
6230.0 4562.2 -10.8 359 0 48.7 23.8 10.0 2.5 2 0 4 5 5
6089.9 4555.8 -10.8 180 0 51.7 26.2 7.5 0.0 0 0 3 4 4
6047.5 4667.9 -9.2 197 0 57.5 21.2 7.5 2.5 2 0 3 2 2
6151.2 4100.5 -10.3 82 0 21.6 75.4 7.5 0.0 0 1 3 0 0
6074.4 4745.6 -8.2 201 0 55.8 20.1 7.5 2.5 2 0 3 0 0
6881.9 -6844.6 -12.8 29 0 76.5 217.9 14.0 0.0 0 1 4 2 2
5727.4 4631.7 -9.2 107 0 80.0 218.2 12.5 0.0 0 1 5 1 1
6885.1 -7067.1 -12.3 26 0 139.3 66.2 14.0 0.0 0 0 4 4 4
5584.0 -6838.0 -14.2 208 0 46.2 44.0 14.0 0.0 0 0 4 2 2
5792.6 4987.6 -9.3 197 0 221.2 79.4 12.5 0.0 0 0 5 0 0
6212.3 -6155.8 -14.8 206 0 305.2 51.9 14.0 0.0 0 0 4 0 0
-3867.8 10420.1 1.8 240 0 95.8 119.5 10.0 0.0 0 1 4 4 4
5899.6 4693.9 -9.8 17 0 218.2 80.8 17.5 0.0 0 0 7 3 3
6726.8 -7889.0 -13.9 293 0 70.9 133.2 10.5 0.0 0 1 3 2 2
6767.1 -7167.6 -12.3 117 0 17.6 65.2 14.0 3.5 2 1 4 5 5
6868.1 -3331.0 -15.3 357 0 86.0 126.8 10.5 0.0 0 1 3 2 2
5671.5 -6877.1 -14.2 29 0 62.4 44.7 14.0 0.0 0 0 4 3 3
-5256.0 10689.2 -11.3 291 0 64.9 23.7 10.5 3.5 2 0 3 4 4
-5376.4 10684.5 -12.9 201 0 23.6 64.3 10.5 3.5 4 1 3 4 4
-3655.7 10402.5 0.7 59 0 92.3 139.3 12.5 0.0 0 1 5 0 0
-5349.7 10627.7 -12.1 199 0 16.8 49.7 10.5 3.5 2 1 3 3 3
6790.2 -7803.3 -13.7 113 0 65.7 132.2 12.5 0.0 0 1 5 4 4
6516.0 -4254.0 -14.0 99 0 44.1 195.8 14.0 0.0 0 1 4 1 1
5916.0 5123.1 -10.0 17 0 44.7 77.7 12.5 0.0 0 1 5 2 2
6915.0 -4753.5 -14.8 356 0 57.3 203.6 10.5 0.0 0 1 3 0 0
6545.2 -8071.4 -13.9 112 0 69.8 195.6 10.5 0.0 0 1 3 5 5
5972.3 4934.5 -7.9 17 0 218.2 80.4 10.0 0.0 0 0 4 3 3
5975.0 -6600.3 -12.6 210 0 85.5 234.2 10.5 0.0 0 1 3 0 0
6659.8 -8142.7 -14.8 23 0 180.5 70.2 10.5 0.0 0 0 3 4 4
6761.8 -6567.5 -13.3 207 0 121.0 51.4 14.0 0.0 0 0 4 4 4
6872.6 -6625.1 -13.2 27 0 120.9 61.0 14.0 0.0 0 0 4 5 5
-3367.2 10789.2 1.6 121 0 172.1 100.0 12.5 0.0 0 0 5 5 5
6806.7 -3440.0 -15.3 87 0 134.0 43.5 10.5 0.0 0 0 3 5 5
-5294.3 10573.1 -11.5 66 0 73.2 19.2 10.5 3.5 2 0 3 5 5
6616.2 -4616.5 -13.9 87 0 90.8 107.3 12.5 0.0 0 1 5 5 5
4965.1 3671.5 -11.4 92 0 133.9 96.6 17.5 0.0 0 0 5 1 1
-5243.8 10634.7 -11.3 20 0 22.9 64.4 10.5 0.0 0 1 3 2 2
-5208.2 10608.7 -10.3 68 0 94.7 19.1 10.5 0.0 0 0 3 3 3
5539.5 3735.3 -13.4 269 0 51.8 313.3 17.5 0.0 0 1 5 0 0
-2899.7 11859.4 -9.7 207 0 97.8 16.8 17.5 0.0 0 0 5 5 5
-4136.1 10311.3 -5.4 319 0 39.3 175.4 3.5 0.0 0 1 1 2 2
-3228.1 6144.8 -15.4 101 0 26.7 136.1 14.0 0.0 0 1 4 4 4
-3066.2 11261.0 -3.1 119 0 190.6 208.5 17.5 0.0 0 1 5 2 2
6808.8 3568.0 -8.1 48 0 13.8 62.0 7.5 2.5 2 1 3 5 5
6794.4 3647.2 -7.9 227 0 13.5 70.4 7.5 2.5 2 1 3 0 0
6704.5 4520.5 -9.1 265 0 9.6 107.7 10.5 3.5 2 1 3 5 5
6790.7 4308.9 -7.8 180 0 51.4 31.9 15.0 0.0 0 0 6 2 2
6726.1 8680.4 -13.9 178 0 45.7 30.6 7.5 0.0 0 0 3 4 4
2758.3 11928.2 -19.0 79 0 14.9 71.2 14.0 3.5 2 1 4 2 2
2814.7 11976.9 -19.2 350 0 77.3 15.6 14.0 0.0 0 0 4 5 5
2867.7 11948.7 -19.2 80 0 14.4 75.4 17.5 3.5 2 1 5 3 3
2623.7 11846.8 -18.0 169 0 44.0 74.1 17.5 0.0 0 1 5 2 2
2975.4 11281.9 -14.9 80 0 8.6 34.2 5.0 2.5 2 1 2 3 3
5529.1 3906.9 -11.5 172 0 82.1 17.0 7.5 2.5 2 0 3 5 5
6114.7 231.9 -9.7 13 0 23.8 44.9 17.5 0.0 0 1 5 2 2
6056.2 137.5 -9.9 91 0 11.2 74.6 17.5 3.5 2 1 5 4 4
6081.1 158.3 -9.7 91 0 9.7 52.2 10.5 0.0 0 1 3 1 1
6191.0 92.3 1.5 12 0 22.3 17.3 12.5 2.5 2 0 5 1 1
5426.5 1459.6 -5.9 79 0 13.6 32.8 10.0 2.5 2 1 4 3 3
5455.4 1463.5 -5.9 79 0 13.6 32.8 7.5 2.5 4 1 3 5 5
5508.6 1470.8 -6.1 79 0 12.2 43.8 7.5 2.5 2 1 3 3 3
