6232.8 841.7 -7.6 8 0 9.8 31.0 10.5 3.5 2 1 3 2 2
6209.5 806.9 -7.7 99 0 14.5 9.6 10.5 3.5 2 0 3 1 1
6184.6 808.3 -7.6 94 0 7.6 9.4 10.5 3.5 2 0 3 5 5
6167.9 811.4 -7.5 90 0 6.1 10.6 10.5 3.5 2 1 3 3 3
6158.7 808.7 -7.5 95 0 8.0 11.1 10.5 3.5 2 0 3 4 4
6087.2 759.3 -7.5 183 0 8.9 10.6 10.5 3.5 2 1 3 5 5
6071.4 823.3 -7.3 269 0 17.6 11.8 14.0 3.5 2 0 4 3 3
6090.1 821.7 -7.4 269 0 15.3 11.8 14.0 3.5 2 0 4 4 4
6076.9 863.0 -7.2 156 0 8.7 11.0 10.5 0.0 0 1 3 0 0
6061.6 893.0 -7.1 156 0 7.7 12.8 10.5 3.5 2 1 3 0 0
6040.7 951.0 -6.8 156 0 6.3 11.2 10.5 3.5 2 1 3 0 0
6079.0 849.4 -7.2 156 0 4.9 12.9 10.5 3.5 2 1 3 5 5
6079.4 841.0 -7.3 156 0 5.2 14.6 10.5 3.5 2 1 3 1 1
6109.1 849.7 -7.3 66 0 10.6 5.3 10.5 3.5 4 0 3 4 4
6104.6 861.2 -7.2 66 0 12.5 6.3 10.5 3.5 2 0 3 0 0
6125.6 881.5 -7.2 336 0 8.6 9.3 10.5 3.5 2 1 3 2 2
6132.0 856.5 -7.3 66 0 10.1 4.7 10.5 0.0 0 0 3 4 4
6096.8 953.5 -7.3 336 0 8.8 12.9 10.5 3.5 2 1 3 4 4
6114.1 909.3 -7.1 336 0 7.5 13.4 10.5 3.5 2 1 3 1 1
6131.4 868.1 -7.3 336 0 7.8 11.3 10.5 3.5 2 1 3 3 3
6137.1 840.0 -7.4 66 0 14.0 6.2 10.5 3.5 2 0 3 1 1
6073.8 920.8 -7.0 156 0 5.3 13.6 10.5 3.5 2 1 3 0 0
6059.2 959.3 -7.1 156 0 6.8 13.3 10.5 3.5 2 1 3 2 2
6079.3 977.0 -7.5 246 0 14.7 15.6 17.5 3.5 4 1 5 2 2
6164.2 837.8 -7.5 66 0 7.3 6.0 10.5 3.5 2 0 3 0 0
6161.0 844.7 -7.4 66 0 8.1 8.7 10.5 3.5 2 1 3 2 2
6153.5 873.2 -7.4 336 0 20.5 13.5 17.5 3.5 4 0 5 1 1
6116.1 962.8 -7.7 336 0 11.7 8.6 10.5 3.5 4 0 3 5 5
6107.4 983.6 -7.7 336 0 19.6 14.1 17.5 3.5 2 0 5 1 1
6122.0 949.1 -7.5 336 0 10.6 13.7 17.5 3.5 2 0 5 5 5
6136.3 911.7 -7.2 336 0 18.8 12.6 17.5 3.5 2 0 5 0 0
6532.0 770.2 -9.9 95 0 9.5 8.5 10.5 3.5 2 0 3 2 2
6493.5 849.9 -10.5 274 0 9.6 7.6 10.5 3.5 2 0 3 4 4
6504.6 849.1 -10.6 274 0 12.6 10.5 17.5 3.5 2 0 5 3 3
6471.7 757.6 -9.1 99 0 7.0 12.6 10.5 3.5 2 1 3 4 4
6484.5 751.0 -9.2 100 0 16.5 13.2 17.5 3.5 2 0 5 5 5
6526.5 744.5 -9.5 100 0 5.6 8.5 10.5 0.0 0 1 3 1 1
6536.2 743.8 -9.6 98 0 8.1 7.5 10.5 0.0 0 0 3 1 1
6569.0 734.5 -9.9 103 0 9.1 9.9 10.5 3.5 4 1 3 1 1
6557.2 736.1 -9.8 104 0 10.6 11.3 17.5 3.5 2 1 5 1 1
6645.2 731.5 -10.6 279 0 5.7 9.2 10.5 3.5 2 1 3 3 3
6639.9 728.7 -10.5 9 0 12.2 7.4 10.5 3.5 2 0 3 0 0
6603.1 739.5 -10.2 283 0 4.5 10.5 10.5 3.5 2 1 3 1 1
6644.6 777.4 -11.2 278 0 7.9 6.4 10.5 3.5 2 0 3 5 5
6605.9 756.4 -10.7 102 0 7.9 11.1 10.5 3.5 2 1 3 2 2
6597.2 760.6 -10.6 101 0 7.2 9.7 10.5 3.5 4 1 3 3 3
6532.1 780.1 -10.2 96 0 10.7 16.5 17.5 3.5 2 1 5 5 5
6518.2 849.6 -10.8 276 0 9.3 41.9 10.5 3.5 2 1 3 5 5
6511.9 790.4 -10.1 94 0 14.3 14.9 17.5 3.5 2 1 5 1 1
6485.9 824.7 -10.3 187 0 20.5 13.7 17.5 0.0 0 0 5 2 2
5018.3 -4257.2 4.3 169 0 263.9 104.1 10.0 0.0 0 0 4 1 1
-1778.4 -6817.9 2.7 347 0 88.5 75.4 10.5 0.0 0 0 3 5 5
