1647.7 1278.5 -2.2 296 0 11.2 43.5 17.5 3.5 2 1 5 5 5
-1739.2 823.7 9.6 241 0 12.0 48.0 7.5 2.5 2 1 3 3 3
-1708.9 839.1 8.4 241 0 12.0 48.0 12.5 2.5 2 1 5 1 1
-1681.5 857.4 8.0 241 0 12.0 48.0 7.5 0.0 0 1 3 2 2
-1703.0 754.1 10.2 62 0 10.1 25.9 10.0 2.5 2 1 4 1 1
-1672.5 772.1 9.2 62 0 10.1 25.9 7.5 2.5 2 1 3 1 1
-1645.6 802.7 8.1 332 0 25.9 10.1 10.0 2.5 2 0 4 5 5
-1345.8 1196.4 8.4 273 0 9.2 61.0 10.5 3.5 2 1 3 4 4
-1311.5 1195.7 8.1 273 0 9.2 61.0 10.5 3.5 2 1 3 4 4
-1279.7 1191.9 7.8 273 0 9.2 61.0 10.5 3.5 2 1 3 2 2
-1244.8 1184.5 7.5 275 0 9.0 53.2 10.5 0.0 0 1 3 5 5
-1212.3 1182.2 7.3 275 0 9.0 53.2 10.5 3.5 2 1 3 4 4
-1181.5 1179.5 7.0 275 0 9.0 53.2 10.5 3.5 2 1 3 3 3
-1149.0 1176.4 6.7 275 0 9.0 53.2 10.5 0.0 0 1 3 4 4
-1117.9 1173.7 6.5 275 0 9.0 53.2 10.5 3.5 2 1 3 3 3
3189.8 1549.1 -11.5 87 0 12.0 52.8 10.0 2.5 2 1 4 2 2
4179.8 2882.3 1.7 72 0 11.8 48.7 14.0 3.5 2 1 4 1 1
4214.5 2891.2 1.2 72 0 11.8 48.7 14.0 3.5 2 1 4 1 1
4152.0 2950.9 2.1 162 0 39.2 12.0 14.0 3.5 2 0 4 4 4
4197.7 2963.9 2.6 342 0 44.6 11.6 14.0 3.5 2 0 4 3 3
