-1335.2 -6763.1 5.0 181 0 86.4 61.4 5.0 0.0 0 0 2 3 3
6274.6 -9709.9 -16.1 156 0 33.9 9.1 10.5 3.5 2 0 3 2 2
6317.2 -9633.5 -14.2 248 0 8.5 37.7 10.5 3.5 2 1 3 3 3
6406.1 -9680.6 -13.9 336 0 61.8 55.0 14.0 0.0 0 0 4 2 2
6346.5 -9711.8 -14.4 66 0 9.2 40.4 10.5 3.5 2 1 3 0 0
6259.6 -9651.9 -16.0 158 0 80.6 49.5 14.0 0.0 0 0 4 3 3
6363.4 -9745.3 -14.2 63 0 10.2 26.9 14.0 3.5 2 1 4 0 0
6897.3 -11642.5 -15.3 164 0 158.3 175.6 17.5 0.0 0 1 5 5 5
-3612.1 -4869.9 -11.6 312 0 10.0 57.0 17.5 3.5 2 1 5 4 4
-3415.7 -4653.3 -10.9 37 0 105.9 11.6 17.5 3.5 2 0 5 0 0
-3480.0 -4551.3 -11.1 216 0 193.3 100.0 17.5 0.0 0 0 5 2 2
838.6 -9957.6 -14.8 339 0 92.2 137.2 17.5 0.0 0 1 5 1 1
2818.7 -8091.4 -9.3 285 0 151.0 146.8 14.0 0.0 0 0 4 5 5
-1636.8 -6366.6 -3.6 116 0 226.6 226.3 14.0 0.0 0 0 4 0 0
-2112.5 -5792.2 -8.5 219 0 84.9 107.7 14.0 0.0 0 1 4 5 5
-2815.8 -3994.2 -6.6 342 0 296.7 214.5 10.0 0.0 0 0 4 0 0
1236.5 -9796.8 -11.8 355 0 239.4 170.6 7.5 0.0 0 0 3 0 0
1000.8 -10605.2 -13.7 49 0 206.3 203.2 10.0 0.0 0 0 4 1 1
-2713.9 -4297.2 -6.9 342 0 296.4 216.7 17.5 0.0 0 0 7 1 1
-1830.6 -5934.7 -8.5 308 0 285.7 237.3 14.0 0.0 0 0 4 0 0
-1685.9 -11580.2 -10.0 0 0 17.9 86.3 17.5 3.5 2 1 5 4 4
-3679.4 -4852.0 -11.3 306 0 34.2 9.0 10.5 3.5 2 0 3 1 1
-3667.0 -4847.0 -11.5 127 0 42.9 10.1 17.5 3.5 2 0 5 1 1
5913.1 -8804.4 -11.6 157 0 89.7 17.1 17.5 3.5 2 0 5 1 1
5839.8 -8499.5 -11.7 65 0 15.2 80.3 14.0 3.5 2 1 4 3 3
5809.0 -8511.4 -11.6 67 0 15.0 80.3 14.0 3.5 2 1 4 5 5
5781.2 -8522.3 -11.4 65 0 16.2 79.7 14.0 3.5 2 1 4 0 0
5672.0 -8380.7 -13.2 246 0 15.4 77.1 14.0 3.5 4 1 4 4 4
5702.4 -8368.6 -13.3 247 0 15.6 77.7 14.0 3.5 2 1 4 1 1
5730.3 -8358.0 -13.4 245 0 15.4 77.1 14.0 3.5 2 1 4 3 3
5768.0 -8341.7 -13.6 251 0 34.2 18.3 14.0 0.0 0 0 4 5 5
6029.8 -8814.3 -12.2 68 0 13.1 46.1 17.5 3.5 2 1 5 2 2
6002.2 -8824.7 -12.5 66 0 14.4 37.8 17.5 3.5 2 1 5 2 2
5969.8 -8839.5 -12.3 73 0 16.0 38.7 17.5 3.5 2 1 5 1 1
5932.6 -8741.9 -11.2 249 0 15.4 43.3 17.5 3.5 2 1 5 4 4
5963.6 -8726.1 -11.1 255 0 15.7 37.4 17.5 3.5 2 1 5 4 4
6004.9 -8733.1 -11.3 337 0 44.4 13.9 17.5 3.5 4 0 5 5 5
5928.6 -8633.0 -10.1 336 0 34.3 15.5 17.5 0.0 0 0 5 5 5
5959.7 -8623.2 -10.2 334 0 35.9 14.3 17.5 3.5 2 0 5 0 0
5849.5 -8706.4 -10.5 337 0 56.4 17.7 17.5 3.5 2 0 5 1 1
5820.3 -8638.2 -9.8 335 0 54.1 16.0 17.5 3.5 2 0 5 2 2
5800.2 -8725.8 -10.4 156 0 53.2 16.4 17.5 0.0 0 0 5 0 0
5772.3 -8661.1 -9.8 156 0 54.3 17.8 17.5 3.5 2 0 5 4 4
444.4 -9441.8 -14.4 100 0 39.6 155.7 17.5 0.0 0 1 5 0 0
505.8 -9165.9 -13.6 279 0 42.6 91.9 17.5 0.0 0 1 5 2 2
321.0 -9283.5 -9.1 279 0 11.7 54.3 17.5 3.5 2 1 5 4 4
361.7 -10287.4 -14.5 337 0 15.9 12.9 17.5 3.5 2 0 5 5 5
373.1 -9557.1 -14.8 125 0 16.0 74.6 17.5 0.0 0 1 5 3 3
537.5 -9335.0 -13.8 100 0 19.7 61.0 17.5 3.5 2 1 5 3 3
530.3 -9598.8 -14.2 9 0 107.1 16.3 14.0 0.0 0 0 4 5 5
454.6 -9558.7 -14.6 235 0 96.6 19.8 14.0 0.0 0 0 4 1 1
3285.9 -4417.0 -1.9 20 0 27.4 81.7 14.0 0.0 0 1 4 0 0
3200.4 -4461.6 -2.2 108 0 16.6 33.4 14.0 3.5 4 1 4 4 4
2098.7 -4033.6 -1.3 198 0 25.1 83.5 17.5 0.0 0 1 5 5 5
2119.4 -3989.8 -1.5 286 0 27.4 16.8 14.0 0.0 0 0 4 5 5
4579.1 -4822.9 -4.4 197 0 26.2 83.9 17.5 0.0 0 1 5 1 1
5971.2 -5518.6 -2.3 120 0 83.1 23.9 17.5 0.0 0 0 5 0 0
5963.4 -5460.3 -3.1 122 0 46.3 34.4 17.5 0.0 0 0 5 5 5
6657.0 -5920.3 1.5 121 0 84.9 21.4 21.0 0.0 0 0 6 2 2
-2935.0 -5100.8 -9.7 143 0 234.3 156.0 14.0 0.0 0 0 4 5 5
1185.3 -3749.6 -7.9 108 0 83.9 27.5 14.0 0.0 0 0 4 4 4
1138.4 -3767.7 -9.0 287 0 35.4 13.8 17.5 3.5 2 0 5 0 0
4810.7 1660.3 0.5 60 0 9.9 55.2 10.5 0.0 0 1 3 4 4
4844.2 1770.0 0.7 150 0 29.2 8.9 10.5 3.5 2 0 3 0 0
4860.7 1738.8 0.7 151 0 28.0 7.6 10.5 3.5 2 0 3 2 2
4949.2 1801.4 1.0 241 0 10.2 54.9 17.5 3.5 2 1 5 4 4
-2961.6 5132.2 -2.1 1 0 208.5 111.4 12.5 0.0 0 0 5 3 3
-2978.7 5544.2 -4.6 272 0 180.1 99.1 14.0 0.0 0 0 4 5 5
2722.3 -11870.3 -13.7 170 0 123.6 15.6 17.5 0.0 0 0 5 2 2
2702.4 -11757.6 -14.0 170 0 71.4 14.6 17.5 3.5 2 0 5 0 0
2687.0 -11671.2 -14.3 170 0 70.1 14.1 17.5 3.5 4 0 5 4 4
2671.3 -11580.2 -14.6 170 0 69.7 13.6 17.5 0.0 0 0 5 5 5
2728.3 -11533.9 -14.6 259 0 14.1 37.6 17.5 3.5 2 1 5 2 2
2779.0 -11543.3 -14.6 170 0 38.5 14.4 17.5 0.0 0 0 5 0 0
2751.0 -11621.3 -14.5 350 0 74.9 14.6 17.5 3.5 2 0 5 3 3
2791.9 -11613.9 -14.5 170 0 74.7 14.0 17.5 3.5 2 0 5 3 3
2766.2 -11710.3 -14.1 350 0 76.2 14.2 17.5 3.5 2 0 5 0 0
2804.6 -11684.2 -14.1 170 0 37.5 15.0 17.5 3.5 2 0 5 3 3
2782.8 -11799.3 -13.8 350 0 74.3 14.5 17.5 3.5 2 0 5 2 2
2827.5 -11809.0 -13.6 170 0 37.9 14.8 17.5 0.0 0 0 5 5 5
2799.3 -11887.2 -13.5 350 0 75.3 15.7 17.5 3.5 2 0 5 3 3
2839.8 -11880.0 -13.5 170 0 75.1 14.7 17.5 3.5 2 0 5 5 5
6621.6 -1083.3 -4.3 145 0 83.5 26.6 14.0 0.0 0 0 4 1 1
6830.1 -1097.1 -4.1 7 0 34.5 55.7 14.0 0.0 0 1 4 3 3
6699.1 -1152.1 -4.4 143 0 91.5 52.9 14.0 0.0 0 0 4 1 1
6826.3 -1368.3 -4.7 143 0 62.3 23.5 17.5 3.5 4 0 5 5 5
6784.3 -1307.9 -4.6 140 0 69.9 22.3 17.5 3.5 2 0 5 4 4
6736.7 -1242.4 -4.5 145 0 78.9 21.5 14.0 0.0 0 0 4 5 5
6919.9 -1261.1 -4.5 235 0 53.2 58.7 17.5 0.0 0 1 5 2 2
6894.8 -1344.2 -4.6 54 0 21.1 45.8 17.5 3.5 2 1 5 4 4
6812.7 -904.3 -3.7 235 0 24.3 77.5 14.0 0.0 0 1 4 4 4
