-5119.3 1850.5 -2.2 75 0 9.1 56.2 7.5 2.5 2 1 3 0 0
-5246.5 1914.3 0.5 160 0 42.5 10.4 7.5 2.5 2 0 3 2 2
-4962.4 1758.8 -4.4 169 0 11.5 31.4 10.0 0.0 0 1 4 3 3
-5031.8 1924.9 -5.9 76 0 43.5 9.0 7.5 0.0 0 0 3 2 2
-5060.5 1867.8 -4.0 74 0 9.0 51.9 7.5 2.5 2 1 3 0 0
-4986.7 1889.9 -6.8 75 0 11.2 49.2 10.0 2.5 2 1 4 1 1
-5172.2 1838.3 -0.5 73 0 10.7 53.5 7.5 2.5 2 1 3 4 4
-5076.9 1863.0 -3.5 73 0 10.5 50.1 10.0 2.5 2 1 4 5 5
-5226.6 1963.9 -0.6 249 0 10.4 39.8 10.0 2.5 2 1 4 2 2
-6529.5 1045.1 0.2 127 0 8.4 14.4 7.5 2.5 2 1 3 1 1
-6531.2 1036.0 1.1 217 0 7.6 30.6 7.5 2.5 2 1 3 5 5
-6480.7 999.7 1.2 60 0 8.3 25.7 5.0 2.5 2 1 2 3 3
-6491.1 1040.3 0.0 40 0 10.6 24.3 7.5 2.5 2 1 3 3 3
