-6874.9 349.1 -3.8 181 0 36.1 11.9 7.5 2.5 2 0 3 2 2
-6873.7 391.5 -3.8 181 0 36.1 11.9 10.0 2.5 2 0 4 5 5
-6847.4 408.4 -3.8 271 0 12.0 36.1 7.5 0.0 0 1 3 5 5
-6849.4 329.9 -3.8 91 0 11.9 36.1 10.0 2.5 2 1 4 5 5
-6829.3 329.5 -3.7 91 0 12.0 36.1 7.5 2.5 2 1 3 0 0
-6827.3 408.4 -3.7 271 0 12.0 36.1 10.0 2.5 2 1 4 4 4
-6810.7 328.1 -3.7 91 0 12.0 36.1 7.5 2.5 2 1 3 5 5
-6808.5 407.3 -3.7 271 0 12.0 36.1 10.0 2.5 2 1 4 1 1
-6790.4 327.7 -3.6 91 0 11.9 36.1 7.5 2.5 2 1 3 4 4
-6788.4 406.9 -3.6 271 0 12.0 36.1 5.0 2.5 2 1 2 5 5
-6763.5 346.5 -3.5 1 0 36.1 11.9 12.5 2.5 2 0 5 1 1
-6767.4 404.6 -3.5 271 0 12.0 36.1 10.0 2.5 2 1 4 1 1
