5679.8 -2078.2 -1.9 89 0 12.8 46.4 17.5 0.0 0 1 7 1 1
5674.0 -2001.7 -2.2 179 0 46.4 12.8 17.5 0.0 0 0 7 5 5
5675.0 -1953.5 -2.5 179 0 44.1 12.6 17.5 0.0 0 0 7 2 2
5712.3 -1956.1 -2.2 269 0 12.5 63.4 17.5 2.5 2 1 7 0 0
5743.5 -1970.0 -2.0 269 0 12.5 63.4 20.0 0.0 0 1 8 0 0
5713.3 -2082.6 -1.8 89 0 12.7 46.4 17.5 0.0 0 1 7 2 2
5743.2 -2084.1 -1.6 89 0 12.7 46.4 17.5 0.0 0 1 7 0 0
5771.2 -1983.9 -1.8 269 0 12.7 46.4 17.5 0.0 0 1 7 2 2
5800.8 -1993.6 -1.6 270 0 12.6 35.8 17.5 0.0 0 1 7 2 2
5799.7 -2092.4 -1.4 90 0 12.9 49.8 17.5 2.5 2 1 7 2 2
5797.4 -2153.1 -1.0 89 0 12.7 46.4 17.5 0.0 0 1 7 3 3
5772.3 -2100.6 -1.5 89 0 13.1 58.3 20.0 0.0 0 1 8 1 1
5829.0 -2117.7 -1.2 89 0 13.1 58.3 17.5 2.5 2 1 7 1 1
5828.4 -2003.5 -1.4 270 0 12.6 35.9 20.0 0.0 0 1 8 4 4
5859.8 -2007.6 -1.3 270 0 12.6 35.9 17.5 0.0 0 1 7 3 3
5859.2 -2114.1 -0.9 90 0 12.6 35.8 17.5 0.0 0 1 7 4 4
5888.1 -2011.8 -1.1 270 0 12.5 41.0 17.5 0.0 0 1 7 5 5
5824.7 -2155.5 -0.8 89 0 12.8 26.6 17.5 0.0 0 1 7 1 1
-3900.4 4391.5 -3.9 269 0 11.4 47.1 7.0 3.5 2 1 2 1 1
-3877.2 4388.0 -4.0 269 0 11.4 47.1 7.0 3.5 2 1 2 1 1
-3850.6 4386.9 -4.0 269 0 11.4 47.1 7.0 3.5 2 1 2 0 0
-3819.6 4386.0 -4.0 269 0 11.4 47.1 7.0 3.5 2 1 2 4 4
-3792.9 4387.3 -4.1 269 0 11.4 47.1 7.0 3.5 2 1 2 3 3
-3736.6 4385.8 -4.2 269 0 11.4 47.1 7.0 3.5 2 1 2 4 4
-3761.2 4386.2 -4.1 269 0 11.4 47.1 7.0 3.5 2 1 2 5 5
-3705.6 4361.9 -4.2 359 0 47.1 11.4 7.0 3.5 2 0 2 1 1
-3704.4 4264.9 -3.7 359 0 47.1 11.4 7.0 3.5 2 0 2 3 3
-3730.8 4266.0 -3.6 359 0 47.1 11.4 7.0 3.5 2 0 2 4 4
-3755.8 4266.9 -3.6 359 0 47.1 11.4 7.0 3.5 2 0 2 1 1
-3855.0 4304.7 -3.8 179 0 47.1 11.4 7.0 3.5 2 0 2 1 1
-3883.1 4305.2 -3.8 179 0 47.1 11.4 7.0 3.5 2 0 2 3 3
-3906.1 4307.6 -3.8 179 0 47.1 11.4 7.0 3.5 2 0 2 5 5
-3904.0 4254.3 -3.3 179 0 47.1 11.4 7.0 3.5 2 0 2 2 2
-3881.0 4251.9 -3.4 179 0 47.1 11.4 7.0 3.5 2 0 2 3 3
-3852.9 4251.4 -3.4 179 0 47.1 11.4 7.0 3.5 2 0 2 2 2
-3906.7 4185.8 -2.8 179 0 47.1 11.4 10.5 0.0 0 0 3 5 5
-3883.7 4183.4 -2.8 179 0 47.1 11.4 7.0 3.5 2 0 2 0 0
-3855.6 4182.9 -2.9 179 0 47.1 11.4 10.5 0.0 0 0 3 3 3
-3906.7 4132.2 -2.4 179 0 47.1 11.4 7.0 3.5 4 0 2 2 2
-3883.7 4129.7 -2.4 179 0 47.1 11.4 7.0 3.5 4 0 2 5 5
-3855.6 4129.3 -2.4 179 0 47.1 11.4 7.0 3.5 2 0 2 4 4
-3901.0 3973.0 -1.3 89 0 11.4 47.1 7.0 3.5 2 1 2 1 1
-3878.0 3970.6 -1.3 89 0 11.3 47.1 7.0 3.5 2 1 2 0 0
-3849.9 3970.1 -1.4 89 0 11.4 47.1 10.5 0.0 0 1 3 3 3
-3821.5 3969.3 -1.4 89 0 11.4 47.1 7.0 3.5 4 1 2 2 2
-3756.7 4167.0 -2.8 359 0 47.1 11.4 7.0 3.5 4 0 2 4 4
-3731.9 4165.2 -2.9 359 0 47.1 11.4 7.0 3.5 2 0 2 2 2
-3706.0 4163.6 -2.9 359 0 47.1 11.4 7.0 3.5 2 0 2 5 5
-3826.1 4275.9 -3.6 179 0 30.3 12.4 7.0 3.5 4 0 2 3 3
-3786.0 4273.3 -3.6 359 0 30.3 12.4 7.0 3.5 2 0 2 5 5
-3792.9 4326.2 -3.9 269 0 12.4 30.3 7.0 3.5 2 1 2 2 2
-3754.4 4311.1 -3.9 359 0 30.3 12.4 7.0 3.5 2 0 2 3 3
-3728.9 4308.3 -3.9 359 0 30.3 12.4 7.0 3.5 2 0 2 2 2
-3703.7 4309.8 -4.0 359 0 30.3 12.4 7.0 3.5 2 0 2 1 1
-3826.2 4158.9 -2.6 179 0 30.3 12.4 7.0 3.5 2 0 2 3 3
-3787.3 4159.1 -2.7 359 0 30.3 12.4 7.0 3.5 2 0 2 3 3
-3787.0 4123.9 -2.4 359 0 30.3 12.4 7.0 3.5 2 0 2 0 0
-3787.7 4078.7 -2.0 359 0 30.3 12.4 7.0 3.5 4 0 2 1 1
-3828.1 4078.5 -2.0 179 0 30.3 12.4 7.0 3.5 2 0 2 3 3
-3858.0 4078.9 -2.0 179 0 30.3 12.4 7.0 3.5 2 0 2 4 4
-3857.7 4040.6 -1.7 179 0 30.3 12.4 7.0 3.5 2 0 2 2 2
-3821.3 4025.2 -1.7 89 0 12.4 30.3 10.5 0.0 0 1 3 4 4
-3787.3 4040.5 -1.8 359 0 30.3 12.4 7.0 3.5 2 0 2 2 2
-3756.4 4041.6 -1.8 359 0 30.3 12.4 7.0 3.5 2 0 2 5 5
-3731.3 4040.3 -1.8 359 0 30.3 12.4 10.5 0.0 0 0 3 2 2
-3706.1 4039.7 -1.9 359 0 30.3 12.4 10.5 0.0 0 0 3 0 0
-3706.4 4076.2 -2.1 359 0 30.3 12.4 7.0 3.5 2 0 2 5 5
-3731.6 4076.8 -2.1 359 0 30.3 12.4 7.0 3.5 2 0 2 3 3
-3756.8 4078.1 -2.1 359 0 30.3 12.4 7.0 3.5 2 0 2 2 2
-3706.1 4119.7 -2.5 359 0 30.3 12.4 10.5 0.0 0 0 3 0 0
-3731.3 4120.4 -2.4 359 0 30.3 12.4 7.0 3.5 2 0 2 4 4
-3756.4 4121.7 -2.4 359 0 30.3 12.4 7.0 3.5 2 0 2 5 5
-3884.1 4079.5 -2.0 179 0 30.3 12.4 7.0 3.5 2 0 2 5 5
-3883.8 4042.7 -1.7 179 0 30.3 12.4 7.0 3.5 2 0 2 0 0
-3907.7 4044.0 -1.6 179 0 30.3 12.4 7.0 3.5 2 0 2 4 4
-3909.0 4080.8 -1.9 179 0 30.3 12.4 7.0 3.5 2 0 2 5 5
-3742.0 3979.8 -1.3 360 0 18.6 60.4 7.0 3.5 2 1 2 3 3
5215.5 -3130.0 -1.9 34 0 31.5 84.1 3.5 0.0 0 1 1 2 2
5233.2 -3091.7 -1.4 34 0 31.5 84.1 3.5 0.0 0 1 1 1 1
5174.3 -3008.1 -0.9 214 0 31.5 84.1 7.0 0.0 0 1 2 4 4
5234.2 -2978.3 -0.4 304 0 84.1 31.5 3.5 0.0 0 0 1 2 2
5263.6 -3164.6 -3.7 203 0 120.0 36.9 3.5 0.0 0 0 1 1 1
5330.0 -2950.0 -0.6 190 0 13.1 94.1 7.0 3.5 2 1 2 5 5
5508.4 -2871.6 0.1 88 0 52.1 27.0 7.0 0.0 0 0 2 1 1
5383.5 -2758.3 0.3 268 0 15.0 66.0 14.0 3.5 2 1 4 4 4
5414.0 -2758.3 0.5 268 0 14.9 66.0 14.0 3.5 2 1 4 2 2
5455.3 -2815.0 0.9 357 0 21.8 18.4 3.5 3.5 2 0 1 5 5
5342.0 -2858.4 0.7 179 0 19.3 40.2 3.5 3.5 2 1 1 5 5
5332.8 -2650.9 -0.6 178 0 23.8 29.7 7.0 0.0 0 1 2 5 5
5327.6 -2681.4 -0.4 175 0 20.5 21.2 17.5 3.5 2 1 5 5 5
571.0 9497.5 -2.6 0 0 33.9 101.5 7.0 0.0 0 1 2 1 1
1562.1 10394.0 -3.1 289 0 134.9 114.1 7.5 0.0 0 0 3 5 5
1672.4 10533.4 -4.1 23 0 57.1 54.6 2.5 0.0 0 0 1 0 0
26.8 8175.7 -0.6 89 0 53.3 573.1 10.5 0.0 0 1 3 5 5
167.4 8873.4 -1.5 267 0 52.1 285.6 7.0 0.0 0 1 2 5 5
197.9 7903.0 -6.2 81 0 64.4 206.4 7.0 0.0 0 1 2 0 0
175.3 8380.5 -2.4 202 0 406.8 59.3 10.5 0.0 0 0 3 2 2
297.3 9090.6 -2.4 267 0 52.1 285.6 7.0 0.0 0 1 2 3 3
403.0 9032.1 -1.8 267 0 52.1 285.6 10.5 0.0 0 1 3 0 0
350.3 8440.4 -0.6 87 0 52.1 285.6 7.0 0.0 0 1 2 4 4
488.7 8826.3 -1.4 101 0 53.3 573.0 10.5 0.0 0 1 3 2 2
605.7 9834.1 -3.1 287 0 52.2 285.5 7.0 0.0 0 1 2 5 5
726.8 9838.3 -2.7 287 0 52.2 285.5 7.0 0.0 0 1 2 1 1
740.1 9520.4 -2.0 107 0 52.2 285.5 7.0 0.0 0 1 2 0 0
952.7 9743.3 -2.9 287 0 52.2 285.5 7.0 0.0 0 1 2 2 2
756.0 9978.7 -2.6 201 0 60.1 294.6 12.5 0.0 0 1 5 2 2
1249.0 9901.4 -1.9 21 0 60.1 294.6 12.5 0.0 0 1 5 5 5
809.3 10189.9 -2.8 201 0 60.1 294.6 12.5 0.0 0 1 5 3 3
1343.8 10066.7 -1.9 21 0 60.1 294.6 12.5 0.0 0 1 5 1 1
1206.9 10285.6 -2.4 291 0 294.6 60.1 15.0 0.0 0 0 6 1 1
539.6 10085.1 -3.6 270 0 110.3 110.2 10.5 0.0 0 0 3 1 1
377.7 10004.5 -4.2 0 0 110.2 110.3 7.5 0.0 0 1 3 4 4
58.6 10048.3 -4.9 180 0 110.2 110.3 7.5 0.0 0 1 3 2 2
-72.6 10128.3 -5.6 90 0 110.3 110.2 7.5 0.0 0 0 3 4 4
-228.3 10267.0 -6.3 270 0 110.3 110.2 7.5 0.0 0 0 3 4 4
-405.2 10296.7 -7.0 270 0 110.3 110.2 7.5 0.0 0 0 3 2 2
-113.9 10508.8 -6.4 270 0 110.3 110.2 7.5 0.0 0 0 3 1 1
796.4 10996.6 -5.8 75 0 100.9 283.2 2.5 0.0 0 1 1 2 2
695.4 11556.8 -7.4 94 0 100.6 258.3 2.5 0.0 0 1 1 3 3
-3713.9 3848.7 -0.3 1 0 26.7 10.8 10.5 3.5 2 0 3 2 2
-3766.2 3882.5 -0.9 90 0 11.3 59.8 0.0 3.5 2 1 0 5 5
-3703.4 3642.4 -0.8 272 0 10.9 44.5 10.0 2.5 4 1 4 2 2
-3704.2 3521.9 -1.6 92 0 11.4 55.0 10.0 2.5 2 1 4 0 0
-3713.9 3848.7 -0.3 1 0 26.7 10.8 10.5 3.5 2 0 3 3 3
-3766.2 3882.5 -0.9 90 0 11.3 59.8 0.0 3.5 2 1 0 0 0
-3703.4 3642.4 -0.8 272 0 10.9 44.5 10.0 2.5 2 1 4 1 1
-3704.2 3521.9 -1.6 92 0 11.4 55.0 7.5 2.5 2 1 3 1 1
-4066.7 3559.1 -4.9 89 0 13.1 43.2 2.5 2.5 2 1 1 5 5
-4116.7 3600.5 -5.1 273 0 25.7 9.6 2.5 2.5 2 0 1 5 5
-4063.2 3498.1 -6.1 267 0 15.2 48.6 2.5 2.5 4 1 1 5 5
-4092.0 3492.7 -5.9 185 0 10.3 14.8 2.5 2.5 2 1 1 3 3
-4028.9 3435.5 -5.9 90 0 10.4 35.7 17.5 0.0 0 0 7 4 4
-4024.8 3497.6 -5.4 269 0 10.3 21.7 2.5 2.5 2 1 1 2 2
-4040.0 3496.8 -5.6 269 0 10.5 26.7 2.5 2.5 2 0 1 0 0
-4028.0 3410.5 -6.1 89 0 10.3 21.7 2.5 2.5 2 1 1 3 3
-3999.4 3412.2 -5.8 88 0 10.2 28.8 2.5 2.5 2 1 1 0 0
-3987.3 3413.2 -5.7 88 0 10.2 28.8 2.5 2.5 2 1 1 2 2
-3988.9 3497.6 -5.1 268 0 10.2 28.8 2.5 2.5 2 1 1 4 4
-4000.4 3389.8 -6.1 179 0 9.2 23.7 2.5 2.5 2 1 1 0 0
-3956.1 3352.3 -6.1 89 0 11.9 47.6 2.5 2.5 2 1 1 3 3
-3917.1 3347.9 -5.8 91 0 12.4 76.0 2.5 2.5 4 1 1 2 2
-3895.3 3363.2 -5.3 89 0 8.2 37.2 2.5 2.5 2 1 1 5 5
-3883.4 3345.7 -5.4 88 0 10.0 134.5 2.5 2.5 2 1 1 5 5
-3854.5 3363.2 -5.0 92 0 18.1 134.2 2.5 0.0 0 1 1 5 5
-3856.6 3325.0 -5.4 91 0 18.6 30.8 2.5 2.5 2 1 1 2 2
-3826.8 3419.0 -4.0 94 0 12.5 39.6 2.5 2.5 2 1 1 4 4
-3803.0 3421.6 -3.8 89 0 11.3 51.6 2.5 2.5 2 1 1 3 3
-3772.8 3473.4 -2.9 90 0 17.3 21.8 2.5 2.5 2 1 1 5 5
-3777.6 3360.7 -4.2 96 0 10.4 58.8 2.5 2.5 2 1 1 2 2
-3785.9 3311.9 -4.7 98 0 20.9 45.0 2.5 2.5 2 1 1 0 0
-3741.1 3420.0 -3.2 99 0 20.0 56.1 2.5 0.0 0 1 1 5 5
-3714.0 3416.3 -2.9 97 0 18.3 72.5 2.5 2.5 2 1 1 1 1
-3731.3 3316.1 -4.1 99 0 18.7 92.7 2.5 0.0 0 1 1 3 3
-3736.5 3381.6 -3.9 9 0 56.1 19.9 2.5 0.0 0 0 1 0 0
-3691.7 3414.3 -2.7 99 0 14.4 55.4 2.5 2.5 2 1 1 4 4
-3706.2 3323.1 -3.7 99 0 15.3 82.8 2.5 2.5 2 1 1 4 4
-3703.8 3299.5 -4.1 17 0 31.3 14.2 2.5 2.5 2 0 1 2 2
-3640.3 3403.8 -2.1 109 0 20.1 81.7 10.0 0.0 0 1 4 4 4
-3631.5 3478.6 -1.6 19 0 16.9 39.2 2.5 2.5 2 1 1 1 1
-3613.8 3396.3 -1.9 108 0 13.5 65.9 2.5 2.5 2 1 1 5 5
-3514.7 3388.5 -2.5 278 0 17.2 156.9 2.5 0.0 0 1 1 0 0
-3429.7 3202.3 -1.5 96 0 21.6 122.5 2.5 0.0 0 1 1 5 5
-3340.6 3243.5 -0.1 41 0 12.2 22.0 2.5 2.5 2 1 1 3 3
-3334.0 3303.4 -0.2 311 0 73.6 19.1 2.5 2.5 2 0 1 5 5
-3494.5 3450.0 -0.1 206 0 21.8 40.8 2.5 0.0 0 1 1 2 2
-3383.0 3535.0 0.2 317 0 30.0 22.0 2.5 0.0 0 0 1 5 5
-3444.3 3571.6 0.8 301 0 8.3 31.4 2.5 0.0 0 1 1 3 3
-3543.7 3510.0 -0.4 26 0 52.5 16.5 2.5 2.5 2 0 1 0 0
-3536.0 3553.0 0.3 18 0 27.9 10.9 2.5 2.5 2 0 1 1 1
-3562.2 3559.4 0.0 17 0 29.1 10.1 2.5 2.5 2 0 1 0 0
-3575.8 3524.2 -0.5 17 0 29.1 10.1 2.5 0.0 0 0 1 0 0
-3599.9 3533.4 -0.6 17 0 29.1 10.1 2.5 2.5 4 0 1 2 2
-3625.8 3541.0 -0.8 17 0 29.1 10.1 2.5 0.0 0 0 1 3 3
-3612.7 3576.1 -0.3 17 0 29.1 10.1 2.5 2.5 2 0 1 0 0
-3588.0 3568.7 -0.1 17 0 29.1 10.1 2.5 2.5 2 0 1 0 0
-3657.5 3617.3 -0.2 271 0 10.4 15.0 15.0 0.0 0 1 6 1 1
-3559.3 3611.1 0.3 4 0 21.9 56.2 2.5 0.0 0 1 1 4 4
-3535.6 3632.8 0.9 1 0 17.3 47.1 2.5 2.5 2 1 1 1 1
-3530.8 3580.3 0.7 18 0 18.4 7.7 2.5 2.5 4 0 1 3 3
-3511.0 3605.2 1.1 18 0 16.6 15.9 2.5 2.5 2 0 1 3 3
-3489.5 3664.5 0.7 0 0 13.9 37.1 12.5 2.5 2 1 5 2 2
-3654.4 3648.8 0.1 272 0 10.0 23.3 2.5 2.5 2 1 1 5 5
-3653.2 3673.3 0.3 272 0 10.0 23.3 2.5 2.5 2 1 1 5 5
-3652.2 3700.2 0.7 272 0 10.0 23.3 10.0 2.5 2 1 4 5 5
-3591.4 3701.6 0.7 269 0 34.3 9.0 7.5 2.5 4 0 3 4 4
-3544.8 3696.2 0.7 358 0 11.3 21.2 12.5 0.0 0 1 5 3 3
-3486.8 3726.8 0.2 0 0 9.2 35.5 2.5 2.5 4 1 1 4 4
-3530.0 3757.5 0.1 271 0 47.7 7.8 2.5 0.0 0 0 1 5 5
-3577.0 3683.1 0.8 271 0 9.5 31.4 2.5 2.5 2 1 1 5 5
-3615.7 3733.9 0.4 270 0 84.5 11.7 2.5 2.5 4 0 1 1 1
-3655.6 3774.2 0.2 181 0 22.0 11.0 10.0 2.5 2 0 4 3 3
-3644.4 3833.2 -0.2 270 0 12.8 15.3 2.5 2.5 2 1 1 5 5
-3633.2 3797.6 0.0 2 0 6.3 16.4 2.5 2.5 2 1 1 0 0
-3758.0 3522.8 -2.6 359 0 10.5 45.0 2.5 2.5 4 1 1 3 3
-3864.9 3518.3 -3.3 179 0 9.1 24.6 7.5 2.5 2 1 3 4 4
-3898.4 3518.0 -3.6 180 0 9.5 31.2 7.5 0.0 0 1 3 3 3
-3913.1 3543.1 -3.5 181 0 9.8 49.2 2.5 0.0 0 1 1 2 2
-3920.9 3574.3 -3.5 180 0 50.5 8.8 2.5 2.5 2 0 1 0 0
-3968.5 3523.2 -4.3 179 0 10.2 41.6 2.5 2.5 2 1 1 5 5
-3939.0 3564.2 -3.8 180 0 57.2 10.7 2.5 2.5 2 0 1 2 2
-3996.4 3560.0 -4.5 178 0 77.4 10.3 2.5 2.5 2 0 1 1 1
-4037.9 3599.2 -4.3 268 0 34.4 8.2 2.5 2.5 2 0 1 3 3
-3985.2 3628.8 -3.2 181 0 8.5 57.3 2.5 2.5 2 1 1 3 3
-3999.1 3663.1 -3.3 179 0 62.9 10.2 2.5 2.5 2 0 1 1 1
-3903.8 3706.7 -2.3 270 0 31.2 59.4 10.0 0.0 0 1 4 2 2
-3916.8 3622.6 -2.6 182 0 8.4 15.0 2.5 2.5 2 1 1 0 0
-3846.4 3686.7 -2.2 272 0 15.3 80.4 2.5 2.5 2 1 1 5 5
-3877.7 3698.6 -1.4 180 0 14.9 37.3 10.0 2.5 2 1 4 2 2
-3779.9 3705.1 -0.8 270 0 92.9 12.5 10.0 2.5 2 0 4 4 4
-3758.4 3635.1 -1.1 273 0 24.6 15.2 5.0 0.0 0 0 2 5 5
-3737.5 3633.7 -1.1 273 0 9.0 31.8 2.5 2.5 2 1 1 2 2
-3856.9 3758.5 -0.9 272 0 14.1 31.6 10.0 2.5 2 1 4 0 0
-3856.1 3786.8 -0.4 270 0 14.8 19.1 10.0 2.5 2 1 4 3 3
-3886.8 3760.4 -1.1 270 0 16.4 31.7 10.0 2.5 2 1 4 2 2
-3912.1 3757.9 -1.4 271 0 8.6 29.1 7.5 2.5 2 1 3 1 1
-3706.9 3755.5 0.5 270 0 7.7 28.7 2.5 2.5 2 1 1 0 0
-3730.0 3736.7 0.4 270 0 27.6 9.0 7.5 2.5 2 0 3 3 3
-3793.9 3799.7 0.1 270 0 10.1 46.5 10.0 2.5 2 1 4 0 0
-4424.5 9760.3 -15.2 76 0 137.3 108.3 42.5 0.0 0 0 17 5 5
