-4738.2 6592.4 -31.4 297 0 14.1 14.4 5.0 2.5 2 1 2 5 5
-4259.3 7105.4 -39.4 198 0 51.7 16.4 12.5 2.5 2 0 5 4 4
-4747.3 6621.4 -30.2 118 0 16.3 19.6 12.5 2.5 2 1 5 2 2
-4085.6 6544.0 -52.3 97 0 20.8 327.3 12.5 0.0 0 1 5 5 5
-4128.1 6579.0 -50.6 96 0 19.2 219.8 15.0 0.0 0 1 6 2 2
-4968.9 6854.8 -21.7 220 0 18.0 8.7 2.5 0.0 0 0 1 0 0
-4714.4 6574.6 -30.7 27 0 15.4 15.8 7.5 2.5 2 1 3 2 2
-4766.0 6603.7 -32.4 299 0 18.9 15.6 10.0 2.5 4 0 4 3 3
-4258.8 7147.4 -33.1 18 0 13.3 3.9 7.5 2.5 2 0 3 1 1
-4350.5 7501.5 -27.8 261 0 8.2 12.0 7.5 0.0 0 1 3 3 3
-4276.4 7485.8 -31.7 86 0 13.5 20.8 10.0 2.5 2 1 4 0 0
-4130.4 6566.5 -49.5 217 0 3.5 23.3 7.5 2.5 2 1 3 5 5
-5383.1 7665.6 49.4 284 0 4.2 13.8 7.5 2.5 2 1 3 5 5
-1771.9 -5786.5 -43.3 136 0 29.2 19.9 5.0 0.0 0 0 2 2 2
-1580.6 -6116.2 -58.4 272 0 19.3 25.7 5.0 2.5 2 1 2 4 4
-1201.5 -6064.9 -59.2 22 0 19.4 14.5 7.5 2.5 2 0 3 1 1
