2394.1 2470.8 0.1 229 0 10.4 29.1 10.5 3.5 2 1 3 0 0
2432.7 2429.6 -0.1 319 0 43.6 10.3 10.5 3.5 2 0 3 1 1
2420.9 2389.9 -0.2 49 0 8.1 29.8 10.5 3.5 2 1 3 0 0
2369.5 2449.9 -0.1 229 0 10.3 38.9 10.5 3.5 2 1 3 2 2
2382.1 2481.4 -0.1 49 0 11.3 66.3 10.5 3.5 2 1 3 3 3
2355.9 2462.5 -0.1 49 0 10.8 53.6 10.5 3.5 2 1 3 2 2
2294.0 2489.3 -0.1 229 0 9.6 60.4 10.5 0.0 0 1 3 0 0
2346.2 2428.3 -0.3 229 0 9.5 77.3 10.5 3.5 2 1 3 1 1
2333.0 2328.8 -0.4 49 0 11.5 70.7 14.0 3.5 2 1 4 4 4
2352.9 2348.1 -0.3 49 0 11.5 70.7 10.5 3.5 2 1 3 5 5
2254.5 2462.0 -0.2 229 0 11.5 70.7 10.5 3.5 2 1 3 2 2
2279.8 2386.9 -0.3 49 0 11.5 70.7 10.5 3.5 4 1 3 1 1
2206.6 2421.9 -0.4 229 0 11.5 70.7 10.5 0.0 0 1 3 5 5
2262.0 2357.2 -0.6 229 0 11.5 70.7 10.5 3.5 2 1 3 3 3
2752.6 4230.1 -3.0 46 0 21.4 67.8 10.5 3.5 2 1 3 3 3
2795.5 4277.0 -2.8 47 0 53.7 12.3 10.5 3.5 2 0 3 5 5
2822.9 4220.9 -2.9 46 0 15.2 49.7 10.5 3.5 2 1 3 3 3
3460.7 3863.1 -1.9 251 0 39.9 105.8 10.5 0.0 0 1 3 1 1
