-5424.7 -9795.1 -10.3 142 0 33.2 11.7 2.5 2.5 2 0 1 3 3
-5447.9 -9765.0 -10.3 142 0 33.2 11.7 2.5 2.5 2 0 1 5 5
-5476.0 -9721.3 -10.2 232 0 11.7 33.2 2.5 2.5 2 1 1 1 1
-5382.8 -9782.2 -10.1 52 0 11.7 33.2 2.5 2.5 2 1 1 4 4
-5426.2 -9725.9 -10.0 232 0 11.7 33.2 5.0 0.0 0 1 2 3 3
-5448.8 -9698.9 -9.9 232 0 11.7 33.2 2.5 2.5 2 1 1 5 5
-5366.8 -9769.8 -9.9 52 0 11.7 33.2 2.5 2.5 2 1 1 1 1
-5410.2 -9713.5 -9.8 232 0 11.7 33.2 2.5 2.5 2 1 1 5 5
-5432.8 -9686.4 -9.8 232 0 11.7 33.2 2.5 2.5 2 1 1 0 0
-5337.6 -9746.5 -9.7 52 0 11.7 33.2 2.5 2.5 2 1 1 2 2
-5381.0 -9690.2 -9.6 232 0 11.7 33.2 2.5 2.5 2 1 1 4 4
-5403.7 -9663.1 -9.5 232 0 11.7 33.2 2.5 2.5 2 1 1 5 5
-5320.5 -9734.6 -9.5 52 0 11.7 33.2 5.0 0.0 0 1 2 5 5
-5363.9 -9678.3 -9.4 232 0 11.7 33.2 2.5 2.5 2 1 1 4 4
-5386.5 -9651.3 -9.4 232 0 11.7 33.2 2.5 2.5 2 1 1 2 2
-5294.1 -9713.3 -9.3 52 0 11.7 33.2 5.0 0.0 0 1 2 0 0
-5337.5 -9657.0 -9.2 232 0 11.7 33.2 2.5 2.5 2 1 1 1 1
-5360.2 -9630.0 -9.1 232 0 11.7 33.2 2.5 2.5 2 1 1 5 5
-5275.5 -9700.3 -9.1 52 0 11.7 33.2 2.5 2.5 2 1 1 2 2
-5318.9 -9644.0 -9.0 232 0 11.7 33.2 2.5 2.5 2 1 1 1 1
-5341.6 -9617.0 -9.0 232 0 11.7 33.2 2.5 2.5 2 1 1 1 1
-5231.6 -9664.9 -8.9 52 0 11.7 33.2 2.5 2.5 2 1 1 1 1
-5275.0 -9608.6 -9.0 232 0 11.7 33.2 2.5 2.5 2 1 1 0 0
-5297.6 -9581.6 -9.0 232 0 11.7 33.2 2.5 2.5 2 1 1 0 0
-5247.9 -9679.1 -8.9 52 0 11.7 33.2 2.5 2.5 2 1 1 1 1
-5291.3 -9622.8 -8.8 232 0 11.7 33.2 2.5 2.5 2 1 1 3 3
-5207.4 -9643.6 -9.0 52 0 11.7 33.2 2.5 2.5 2 1 1 4 4
-5250.8 -9587.3 -9.0 232 0 11.7 33.2 2.5 2.5 2 1 1 0 0
-5188.6 -9632.0 -9.1 52 0 11.7 33.2 2.5 2.5 2 1 1 3 3
-5254.2 -9548.9 -9.1 232 0 11.7 33.2 2.5 2.5 2 1 1 3 3
-5232.8 -9532.6 -9.3 232 0 11.7 33.2 2.5 2.5 2 1 1 5 5
-5218.4 -9522.8 -9.4 232 0 11.7 33.2 2.5 2.5 2 1 1 4 4
-5169.0 -9615.7 -9.3 52 0 11.7 33.2 2.5 2.5 2 1 1 1 1
-5160.3 -9586.8 -9.4 322 0 33.2 11.7 2.5 2.5 2 0 1 5 5
-5209.1 -9566.0 -9.3 229 0 10.1 23.3 2.5 2.5 2 1 1 5 5
-5241.1 -9522.8 -9.4 52 0 11.7 33.2 2.5 2.5 2 1 1 3 3
-5269.2 -9477.2 -9.4 322 0 33.2 11.7 2.5 2.5 2 0 1 3 3
-5284.5 -9511.4 -9.2 52 0 11.7 33.2 2.5 2.5 2 1 1 3 3
-5261.9 -9540.2 -9.2 52 0 11.7 33.2 2.5 2.5 2 1 1 1 1
-5298.6 -9521.7 -9.1 52 0 11.7 33.2 2.5 2.5 2 1 1 1 1
-5276.0 -9550.6 -9.1 52 0 11.7 33.2 2.5 2.5 2 1 1 5 5
-5326.0 -9541.0 -8.9 52 0 11.7 33.2 2.5 2.5 4 1 1 5 5
-5303.4 -9569.8 -8.9 52 0 11.7 33.2 2.5 2.5 2 1 1 0 0
-5343.6 -9556.4 -8.8 52 0 11.7 33.2 2.5 2.5 2 1 1 0 0
-5321.0 -9585.3 -8.8 52 0 11.7 33.2 2.5 2.5 2 1 1 3 3
-5370.4 -9575.7 -8.8 52 0 11.7 33.2 2.5 2.5 4 1 1 1 1
-5347.8 -9604.5 -8.9 52 0 11.7 33.2 2.5 2.5 2 1 1 1 1
-5390.8 -9592.4 -9.0 52 0 11.7 33.2 2.5 2.5 2 1 1 5 5
-5368.2 -9621.2 -9.1 52 0 11.7 33.2 2.5 2.5 2 1 1 4 4
-5466.2 -9499.1 -8.8 232 0 11.7 33.2 2.5 2.5 2 1 1 3 3
-5443.6 -9528.0 -8.9 232 0 11.7 33.2 2.5 2.5 4 1 1 0 0
-5423.2 -9511.3 -8.7 232 0 11.7 33.2 2.5 2.5 2 1 1 4 4
-5445.8 -9482.5 -8.6 232 0 11.7 33.2 2.5 2.5 2 1 1 1 1
-5396.4 -9492.0 -8.7 232 0 11.7 33.2 2.5 2.5 2 1 1 0 0
-5419.0 -9463.2 -8.7 232 0 11.7 33.2 2.5 2.5 2 1 1 3 3
-5378.8 -9476.6 -8.9 232 0 11.7 33.2 5.0 0.0 0 1 2 1 1
-5401.5 -9447.8 -8.9 232 0 11.7 33.2 2.5 2.5 4 1 1 3 3
-5351.4 -9457.3 -9.1 232 0 11.7 33.2 2.5 2.5 2 1 1 5 5
-5374.0 -9428.5 -9.1 232 0 11.7 33.2 2.5 2.5 2 1 1 4 4
-5337.3 -9447.0 -9.2 232 0 11.7 33.2 2.5 2.5 2 1 1 4 4
-5359.9 -9418.2 -9.2 232 0 11.7 33.2 2.5 2.5 2 1 1 4 4
-5301.7 -9439.1 -9.4 322 0 33.2 11.7 2.5 2.5 2 0 1 2 2
-5339.1 -9400.7 -9.4 232 0 11.7 33.2 2.5 2.5 2 1 1 3 3
-5286.4 -9425.8 -9.5 322 0 33.2 11.7 2.5 2.5 2 0 1 4 4
-5323.7 -9387.5 -9.5 232 0 11.7 33.2 5.0 0.0 0 1 2 5 5
-5484.9 -9711.2 -10.1 52 0 11.7 33.2 2.5 2.5 2 1 1 4 4
-5522.4 -9674.6 -10.1 142 0 33.2 11.7 2.5 2.5 2 0 1 3 3
-5480.4 -9661.7 -9.8 52 0 11.7 33.2 2.5 2.5 4 1 1 4 4
-5457.8 -9688.8 -9.9 52 0 11.7 33.2 2.5 2.5 2 1 1 3 3
-5464.4 -9649.3 -9.7 52 0 11.7 33.2 2.5 2.5 2 1 1 1 1
-5441.8 -9676.3 -9.7 52 0 11.7 33.2 2.5 2.5 2 1 1 5 5
-5550.6 -9630.6 -9.9 142 0 33.2 11.7 2.5 2.5 2 0 1 3 3
-5578.8 -9586.8 -9.9 232 0 11.7 33.2 2.5 2.5 2 1 1 3 3
-5551.6 -9564.4 -9.6 232 0 11.7 33.2 2.5 2.5 2 1 1 2 2
-5528.9 -9591.4 -9.7 232 0 11.7 33.2 2.5 2.5 2 1 1 1 1
-5535.6 -9552.0 -9.5 232 0 11.7 33.2 2.5 2.5 2 1 1 5 5
-5512.9 -9579.0 -9.5 232 0 11.7 33.2 2.5 2.5 2 1 1 2 2
-5588.3 -9573.4 -9.8 52 0 11.7 33.2 2.5 2.5 2 1 1 4 4
-5625.7 -9536.9 -9.7 142 0 33.2 11.7 2.5 2.5 2 0 1 3 3
-5583.8 -9524.0 -9.5 52 0 11.7 33.2 2.5 2.5 2 1 1 5 5
-5561.1 -9551.0 -9.5 52 0 11.7 33.2 2.5 2.5 2 1 1 1 1
-5567.8 -9511.6 -9.3 52 0 11.7 33.2 2.5 2.5 2 1 1 2 2
-5545.1 -9538.6 -9.4 52 0 11.7 33.2 5.0 0.0 0 1 2 3 3
-5625.4 -9469.6 -9.4 232 0 11.7 33.2 2.5 2.5 4 1 1 0 0
-5609.4 -9457.1 -9.2 232 0 11.7 33.2 2.5 2.5 2 1 1 5 5
-5647.1 -9508.7 -9.7 142 0 33.2 11.7 2.5 2.5 2 0 1 2 2
-5515.2 -9519.1 -9.1 52 0 11.7 33.2 2.5 2.5 2 1 1 1 1
-5498.9 -9505.5 -9.0 52 0 11.7 33.2 2.5 2.5 4 1 1 2 2
-5473.1 -9485.3 -8.7 52 0 11.7 33.2 2.5 2.5 2 1 1 2 2
-5453.9 -9471.4 -8.6 52 0 11.7 33.2 2.5 2.5 2 1 1 2 2
-5409.3 -9436.4 -8.9 52 0 11.7 33.2 2.5 2.5 2 1 1 4 4
-5383.3 -9416.8 -9.2 52 0 11.7 33.2 2.5 2.5 2 1 1 0 0
-5367.6 -9405.1 -9.3 52 0 11.7 33.2 2.5 2.5 2 1 1 1 1
-5347.1 -9387.1 -9.5 52 0 11.7 33.2 2.5 2.5 2 1 1 1 1
-5331.1 -9376.3 -9.6 52 0 11.7 33.2 5.0 0.0 0 1 2 1 1
-5413.1 -9302.6 -9.7 232 0 11.7 33.2 2.5 2.5 2 1 1 3 3
-5433.5 -9320.6 -9.5 232 0 11.7 33.2 5.0 0.0 0 1 2 5 5
-5475.3 -9351.8 -9.1 232 0 11.7 33.2 2.5 2.5 2 1 1 1 1
-5519.9 -9386.9 -8.7 232 0 11.7 33.2 2.5 2.5 2 1 1 5 5
-5539.1 -9400.8 -8.6 232 0 11.7 33.2 5.0 0.0 0 1 2 1 1
-5564.9 -9421.0 -8.8 232 0 11.7 33.2 2.5 2.5 4 1 1 0 0
-5581.2 -9434.6 -9.0 232 0 11.7 33.2 2.5 2.5 2 1 1 3 3
-5476.8 -9441.8 -8.6 52 0 11.7 33.2 2.5 2.5 2 1 1 3 3
-5496.0 -9455.7 -8.7 52 0 11.7 33.2 2.5 2.5 2 1 1 2 2
-5521.7 -9475.9 -8.9 52 0 11.7 33.2 2.5 2.5 2 1 1 4 4
-5538.1 -9489.5 -9.1 52 0 11.7 33.2 5.0 0.0 0 1 2 3 3
-5433.0 -9406.7 -9.0 52 0 11.7 33.2 2.5 2.5 2 1 1 3 3
-5451.0 -9422.1 -8.8 52 0 11.7 33.2 2.5 2.5 2 1 1 0 0
-5493.9 -9366.0 -8.9 232 0 11.7 33.2 2.5 2.5 2 1 1 1 1
-5396.4 -9293.9 -9.8 232 0 11.7 33.2 2.5 2.5 2 1 1 3 3
-5360.6 -9332.5 -9.7 321 0 23.9 10.5 2.5 2.5 2 0 1 3 3
-5375.4 -9344.2 -9.5 321 0 23.9 10.5 2.5 2.5 4 0 1 4 4
-5393.3 -9373.6 -9.3 51 0 10.5 23.9 2.5 2.5 2 1 1 5 5
-5448.1 -9334.3 -9.3 231 0 10.5 23.9 2.5 2.5 2 1 1 0 0
-5427.6 -9360.6 -9.2 228 0 10.2 18.6 2.5 2.5 2 1 1 4 4
-5422.2 -9599.2 -9.2 51 0 16.6 55.6 10.0 2.5 2 1 4 3 3
