1889.2 9034.7 -8.0 2 0 8.2 7.5 10.5 3.5 2 0 3 1 1
6679.6 2353.6 -2.2 110 0 11.5 34.9 7.5 0.0 0 1 3 1 1
1886.2 8931.6 -7.9 0 0 8.5 9.5 10.5 3.5 2 1 3 5 5
1913.7 8347.6 -7.9 5 0 6.4 7.5 10.5 3.5 2 1 3 4 4
4323.4 -1772.1 0.4 133 0 8.9 22.6 7.5 0.0 0 1 3 4 4
1883.9 8436.4 -7.7 95 0 16.3 11.7 14.0 3.5 2 0 4 2 2
1880.7 8865.4 -7.8 91 0 8.0 7.8 10.5 3.5 2 0 3 5 5
1885.0 8893.8 -7.8 0 0 10.3 9.0 10.5 3.5 2 0 3 4 4
1888.6 9020.5 -8.0 1 0 13.3 9.5 10.5 3.5 2 0 3 3 3
1890.1 8364.4 -7.9 278 0 12.3 10.4 10.5 3.5 2 0 3 4 4
1889.2 9045.5 -8.0 2 0 9.5 7.1 10.5 3.5 2 0 3 3 3
1874.1 8957.0 -7.9 181 0 17.5 13.0 14.0 3.5 2 0 4 2 2
