-6526.7 -459.0 -6.1 265 0 11.5 64.5 7.5 2.5 2 1 3 3 3
-6523.8 -571.3 -6.1 175 0 64.5 11.6 10.0 2.5 2 0 4 4 4
-6474.8 -563.7 -6.0 355 0 64.5 11.6 7.5 0.0 0 0 3 2 2
-6547.2 -460.6 -6.1 265 0 11.6 64.5 10.0 2.5 2 1 4 4 4
-6489.5 -454.8 -5.8 265 0 11.5 64.5 7.5 2.5 2 1 3 0 0
-6428.1 -637.7 -5.7 356 0 46.2 13.3 10.0 2.5 2 0 4 5 5
-6450.1 -451.6 -6.2 265 0 11.6 64.5 7.5 2.5 2 1 3 5 5
-6513.1 -666.8 -6.1 86 0 11.1 46.1 10.0 2.5 2 1 4 0 0
-5435.5 4518.0 -2.8 89 0 14.4 68.4 7.5 2.5 2 1 3 5 5
-5977.9 6047.6 -3.0 270 0 8.4 72.4 5.0 2.5 2 1 2 4 4
-6435.0 -561.3 -5.8 355 0 64.5 11.6 12.5 2.5 2 0 5 2 2
-6563.3 -572.4 -6.1 175 0 64.5 11.6 10.0 2.5 2 0 4 5 5
-6470.3 -453.6 -5.9 265 0 11.6 64.5 10.0 2.5 2 1 4 2 2
-6000.7 6048.3 -3.4 270 0 17.3 80.8 7.5 2.5 2 1 3 0 0
-6551.5 -670.8 -5.9 87 0 10.3 49.1 7.5 2.5 2 1 3 2 2
-5466.7 4518.4 -2.8 89 0 14.4 68.4 7.5 2.5 2 1 3 3 3
-6544.6 -570.8 -6.1 175 0 64.5 11.6 7.5 2.5 2 0 3 1 1
-6455.3 -563.5 -5.8 355 0 64.5 11.6 10.0 2.5 2 0 4 3 3
-5403.0 4587.7 -2.9 269 0 14.4 68.4 7.5 2.5 2 1 3 0 0
-5936.8 6046.7 -2.7 269 0 53.5 70.8 10.0 0.0 0 1 4 5 5
-6472.2 -664.5 -6.0 85 0 12.7 46.1 10.0 2.5 2 1 4 5 5
-6567.8 -461.9 -6.2 265 0 11.6 64.5 12.5 0.0 0 1 5 2 2
