1056.2 948.7 -3.6 115 0 8.7 31.2 10.5 3.5 2 1 3 2 2
1044.1 990.6 -3.8 295 0 8.7 31.2 10.5 3.5 2 1 3 2 2
1011.3 989.9 -4.3 205 0 31.2 8.7 10.5 3.5 2 0 3 1 1
939.7 1033.0 -3.9 320 0 12.1 13.9 14.0 3.5 2 1 4 0 0
985.2 981.0 -4.3 320 0 12.1 13.9 14.0 3.5 2 1 4 1 1
1049.5 940.9 -3.9 295 0 8.7 31.2 10.5 3.5 2 1 3 4 4
1077.6 988.3 -3.6 115 0 8.2 16.7 10.5 3.5 2 1 3 0 0
1032.7 1011.6 -4.3 115 0 8.2 16.7 10.5 3.5 2 1 3 0 0
1013.9 931.1 -3.9 115 0 8.2 16.7 10.5 3.5 2 1 3 5 5
-2198.9 4666.1 -0.4 38 0 53.5 22.7 14.0 3.5 2 0 4 3 3
-237.3 3340.8 -8.3 186 0 19.3 21.3 17.5 3.5 2 0 5 0 0
-229.5 3197.8 -8.1 6 0 19.3 22.1 17.5 3.5 2 0 5 4 4
-660.6 5048.6 2.9 281 0 103.4 22.8 17.5 0.0 0 0 5 1 1
-694.1 4875.7 2.0 101 0 104.3 23.6 14.0 0.0 0 0 4 1 1
-51.9 3061.5 -1.1 91 0 139.3 18.5 14.0 0.0 0 0 4 5 5
-482.1 10436.0 1.8 0 0 211.0 73.7 14.0 0.0 0 0 4 3 3
-388.8 10194.3 2.1 90 0 74.2 181.2 17.5 0.0 0 1 5 4 4
4719.9 5661.9 -14.4 301 0 57.7 108.7 7.5 0.0 0 1 3 1 1
4786.4 5622.7 -14.6 301 0 58.3 109.2 7.5 0.0 0 1 3 2 2
4847.6 5521.8 -14.6 31 0 110.1 63.3 10.0 0.0 0 0 4 4 4
6456.3 7541.7 -14.6 200 0 179.1 169.2 17.5 0.0 0 0 7 4 4
6663.9 8389.7 -12.0 198 0 120.5 165.0 14.0 0.0 0 1 4 3 3
6362.9 8335.5 -13.0 108 0 121.7 99.9 7.5 0.0 0 0 3 1 1
6471.0 8467.7 -12.8 18 0 89.8 122.6 7.5 0.0 0 1 3 4 4
6583.6 8370.3 -12.9 19 0 206.8 121.7 14.0 0.0 0 0 4 5 5
