1010.7 -5485.1 -14.6 91 0 17.5 84.6 17.5 3.5 2 1 5 5 5
964.6 -5482.2 -14.3 90 0 15.3 84.6 17.5 3.5 2 1 5 1 1
949.2 -5301.2 -14.4 275 0 15.9 69.3 17.5 3.5 2 1 5 1 1
912.8 -5372.2 -14.3 92 0 14.8 68.2 17.5 3.5 2 1 5 0 0
883.3 -5299.7 -14.1 271 0 18.4 70.7 17.5 3.5 2 1 5 1 1
848.6 -5368.2 -14.0 92 0 15.4 66.6 17.5 3.5 2 1 5 2 2
813.9 -5298.7 -13.8 271 0 16.3 67.7 17.5 3.5 2 1 5 1 1
781.2 -5298.4 -13.7 272 0 14.8 66.7 17.5 3.5 2 1 5 1 1
746.6 -5296.6 -13.6 271 0 14.3 67.2 17.5 3.5 2 1 5 4 4
715.3 -5296.8 -13.4 272 0 14.9 67.1 17.5 3.5 2 1 5 1 1
1340.1 -5522.0 -15.9 357 0 30.7 17.6 10.0 2.5 2 0 4 5 5
1341.4 -5548.7 -15.9 357 0 23.0 9.4 5.0 2.5 2 0 2 0 0
1339.0 -5498.8 -15.8 357 0 15.9 6.1 5.0 2.5 2 0 2 1 1
712.7 -5526.3 -13.1 272 0 8.0 8.6 10.5 0.0 0 1 3 5 5
764.4 -5528.5 -13.4 272 0 8.5 7.5 10.5 0.0 0 0 3 3 3
667.5 -5711.3 -13.5 92 0 16.3 35.9 21.0 0.0 0 1 6 3 3
827.2 -5731.3 -14.3 92 0 19.4 42.6 21.0 3.5 2 1 6 4 4
788.7 -5758.1 -14.3 88 0 19.9 30.8 21.0 0.0 0 1 6 4 4
679.3 -5860.5 -14.3 183 0 41.0 16.4 10.0 2.5 2 0 4 3 3
723.9 -5842.2 -14.4 272 0 15.8 40.5 7.5 0.0 0 1 3 5 5
760.1 -5838.1 -14.6 272 0 16.8 43.6 12.5 2.5 2 1 5 4 4
795.0 -5838.4 -14.7 271 0 14.3 46.1 7.5 2.5 2 1 3 5 5
694.9 -5781.2 -14.1 272 0 15.8 52.8 7.5 2.5 2 1 3 5 5
728.8 -5781.7 -14.2 270 0 14.8 51.8 10.0 2.5 2 1 4 4 4
762.8 -5783.0 -14.4 271 0 15.3 47.7 15.0 2.5 2 1 6 2 2
795.0 -5785.6 -14.5 271 0 13.2 46.1 10.0 2.5 2 1 4 5 5
720.5 -5123.0 -14.4 92 0 15.3 23.1 14.0 3.5 2 1 4 2 2
696.3 -4612.5 -15.6 179 0 48.7 164.2 14.0 0.0 0 1 4 1 1
924.7 -4716.3 -15.2 3 0 92.3 43.9 14.0 0.0 0 0 4 3 3
962.3 -4712.3 -15.0 272 0 59.2 37.4 14.0 0.0 0 0 4 0 0
1013.9 -4794.2 -14.9 90 0 17.3 50.2 14.0 3.5 2 1 4 3 3
1045.0 -4795.8 -14.7 90 0 15.3 26.6 14.0 0.0 0 1 4 3 3
821.3 -4489.3 -16.0 270 0 164.3 75.9 14.0 0.0 0 0 4 5 5
955.7 -4923.2 -14.8 90 0 15.7 43.0 7.5 2.5 2 1 3 2 2
921.8 -4924.0 -14.5 90 0 15.7 43.0 7.5 2.5 2 1 3 2 2
887.1 -4922.9 -14.3 90 0 15.7 43.0 12.5 2.5 4 1 5 4 4
825.9 -4927.0 -13.8 90 0 15.7 43.0 5.0 2.5 2 1 2 0 0
793.2 -4925.0 -13.6 89 0 15.7 43.0 7.5 2.5 2 1 3 2 2
959.2 -4826.6 -14.4 269 0 15.7 43.0 7.5 2.5 4 1 3 4 4
921.4 -4826.6 -14.1 269 0 15.7 43.0 10.0 0.0 0 1 4 0 0
886.7 -4826.6 -14.0 269 0 15.7 43.0 7.5 2.5 2 1 3 2 2
826.5 -4830.7 -13.9 269 0 15.7 43.0 10.0 2.5 2 1 4 3 3
792.8 -4830.7 -13.8 269 0 15.7 43.0 10.0 2.5 4 1 4 3 3
759.2 -4830.7 -13.7 269 0 15.7 43.0 7.5 2.5 2 1 3 0 0
721.8 -4875.8 -13.7 89 0 15.7 43.0 7.5 2.5 2 1 3 0 0
685.7 -4830.7 -13.6 269 0 15.7 43.0 5.0 0.0 0 1 2 2 2
646.3 -4876.8 -13.5 90 0 15.7 43.0 7.5 2.5 2 1 3 2 2
1186.6 -6172.8 -16.2 359 0 43.0 15.7 21.0 0.0 0 0 6 0 0
1046.9 -6148.3 -16.5 270 0 15.7 43.0 21.0 0.0 0 1 6 5 5
1045.9 -6309.4 -15.8 269 0 15.4 40.2 21.0 3.5 2 1 6 0 0
1079.6 -6310.3 -15.7 269 0 15.7 43.0 21.0 3.5 2 1 6 4 4
1112.1 -6311.3 -15.7 270 0 15.6 45.7 21.0 3.5 2 1 6 4 4
1179.9 -6312.1 -15.7 268 0 14.8 63.6 21.0 3.5 2 1 6 4 4
1182.1 -6296.1 -16.0 88 0 14.0 67.9 21.0 0.0 0 1 6 3 3
1113.7 -6298.8 -16.1 88 0 14.0 72.1 21.0 3.5 2 1 6 3 3
1147.5 -6302.0 -16.0 88 0 13.4 80.3 21.0 3.5 2 1 6 4 4
1080.2 -6295.1 -16.2 88 0 14.0 72.1 21.0 3.5 2 1 6 4 4
1046.1 -6300.0 -16.3 88 0 13.4 80.3 21.0 3.5 2 1 6 5 5
1078.7 -6145.8 -16.4 275 0 20.0 47.9 21.0 3.5 2 1 6 0 0
1113.0 -6143.8 -16.4 275 0 20.0 47.9 21.0 3.5 2 1 6 3 3
1145.6 -6150.0 -16.2 275 0 20.0 47.9 21.0 3.5 2 1 6 4 4
994.9 -6289.8 -16.4 88 0 14.0 72.1 21.0 3.5 2 1 6 5 5
1148.6 -6317.1 -15.9 270 0 15.6 45.7 21.0 0.0 0 1 6 1 1
992.4 -6142.0 -16.7 270 0 15.0 48.9 21.0 3.5 4 1 6 2 2
599.1 -6143.4 -16.1 182 0 62.9 13.9 17.5 3.5 2 0 5 4 4
633.5 -6107.7 -15.4 274 0 28.2 8.9 10.5 3.5 2 0 3 3 3
662.1 -6111.8 -16.5 275 0 13.9 66.8 17.5 3.5 2 1 5 4 4
630.8 -6176.4 -16.4 94 0 28.2 8.9 10.5 3.5 4 0 3 1 1
959.7 -6136.3 -16.8 269 0 14.7 51.0 21.0 3.5 2 1 6 0 0
924.3 -6134.3 -16.8 273 0 15.3 61.3 21.0 3.5 2 1 6 3 3
923.3 -6267.6 -16.6 89 0 14.7 51.0 21.0 3.5 2 1 6 0 0
957.2 -6268.9 -16.5 89 0 15.1 53.5 21.0 3.5 2 1 6 2 2
888.0 -6129.2 -16.8 269 0 15.1 53.5 21.0 3.5 2 1 6 5 5
948.1 -6318.9 -16.2 104 0 15.0 36.3 21.0 0.0 0 1 6 0 0
979.0 -6330.5 -16.1 104 0 15.0 36.3 21.0 0.0 0 1 6 4 4
911.7 -6308.0 -16.3 104 0 15.0 31.4 21.0 0.0 0 1 6 5 5
878.2 -6295.2 -16.5 104 0 14.6 28.9 21.0 0.0 0 1 6 1 1
878.0 -6262.2 -16.7 95 0 17.0 46.0 21.0 3.5 2 1 6 0 0
392.8 -6107.3 -14.0 273 0 15.1 56.7 17.5 3.5 2 1 5 1 1
387.5 -6225.7 -14.3 93 0 15.1 56.7 17.5 0.0 0 1 5 5 5
354.6 -6190.8 -14.0 93 0 15.1 56.7 17.5 3.5 2 1 5 3 3
223.7 -6197.0 -13.5 183 0 56.7 15.0 17.5 3.5 2 0 5 3 3
231.6 -6148.4 -13.3 93 0 15.1 56.7 17.5 3.5 2 1 5 4 4
265.6 -6165.4 -13.6 273 0 15.1 56.7 17.5 3.5 4 1 5 4 4
261.6 -6153.1 -13.4 93 0 15.1 56.7 17.5 3.5 2 1 5 4 4
292.1 -6145.3 -13.5 93 0 14.8 46.0 17.5 3.5 2 1 5 1 1
328.7 -6100.8 -13.7 273 0 14.8 46.0 17.5 3.5 4 1 5 2 2
293.0 -6176.7 -13.8 273 0 14.8 46.0 17.5 3.5 2 1 5 2 2
323.0 -6223.6 -14.0 93 0 14.8 46.0 17.5 3.5 2 1 5 2 2
358.4 -6105.5 -13.7 272 0 14.1 22.6 17.5 3.5 4 1 5 3 3
356.1 -6222.4 -14.1 92 0 14.1 22.6 17.5 3.5 2 1 5 3 3
394.9 -6094.4 -13.8 4 0 14.8 74.0 17.5 3.5 2 0 5 2 2
227.2 -6082.2 -13.4 184 0 12.7 94.1 17.5 3.5 2 0 5 5 5
204.8 -6150.0 -13.2 0 0 47.2 13.8 17.5 3.5 2 0 5 4 4
166.9 -6171.7 -13.1 90 0 13.8 47.2 17.5 3.5 2 1 5 0 0
133.2 -6169.6 -12.9 90 0 13.8 47.2 17.5 3.5 2 1 5 5 5
102.0 -6175.3 -12.7 90 0 13.6 55.8 17.5 3.5 2 1 5 5 5
205.3 -6206.4 -13.4 0 0 43.4 13.6 17.5 3.5 2 0 5 2 2
205.1 -6103.5 -13.0 0 0 37.7 13.2 17.5 0.0 0 0 5 0 0
136.9 -6078.7 -12.7 270 0 13.2 37.7 17.5 3.5 2 1 5 2 2
38.2 -6175.9 -12.1 272 0 13.8 26.2 17.5 3.5 2 1 5 0 0
35.5 -6236.4 -12.6 92 0 13.8 26.2 17.5 0.0 0 1 5 4 4
69.9 -6114.8 -12.4 92 0 13.7 30.6 17.5 3.5 2 1 5 5 5
41.5 -6114.5 -12.2 92 0 13.7 30.6 17.5 3.5 2 1 5 3 3
56.7 -6064.2 -12.3 275 0 39.2 10.5 17.5 0.0 0 0 5 2 2
-14.2 -6096.5 -11.7 183 0 41.5 14.2 17.5 3.5 2 0 5 2 2
-117.5 -4189.7 -16.6 0 0 77.9 36.7 14.0 0.0 0 0 4 5 5
-203.1 -4231.7 -16.5 89 0 14.8 79.2 14.0 3.5 2 1 4 5 5
-189.2 -4251.9 -15.9 179 0 16.9 19.6 14.0 3.5 2 1 4 4 4
-188.1 -4135.9 -16.7 179 0 16.9 19.6 14.0 0.0 0 1 4 1 1
-249.0 -4072.0 -16.9 269 0 13.7 38.7 14.0 3.5 2 1 4 2 2
-279.7 -4073.3 -16.8 269 0 13.7 38.7 14.0 3.5 2 1 4 0 0
-239.5 -4192.9 -16.2 180 0 19.2 17.9 14.0 0.0 0 0 4 4 4
-714.6 -6745.3 -14.9 110 0 15.5 62.8 14.0 3.5 2 1 4 5 5
-557.3 -6316.9 -12.9 91 0 45.2 9.7 10.5 3.5 2 0 3 1 1
-335.8 -6405.5 -14.5 92 0 11.6 31.8 17.5 3.5 2 1 5 2 2
-342.2 -6451.1 -15.0 181 0 62.8 11.1 17.5 3.5 2 0 5 2 2
-302.0 -6452.2 -15.1 1 0 62.8 11.1 17.5 3.5 2 0 5 5 5
-118.2 -6257.1 -13.9 271 0 60.1 10.9 17.5 3.5 2 0 5 5 5
-187.8 -6255.4 -13.9 272 0 68.2 12.3 17.5 3.5 2 0 5 5 5
-313.2 -6319.8 -14.2 181 0 33.2 13.5 17.5 3.5 4 0 5 3 3
-339.0 -6317.8 -14.0 181 0 32.2 12.9 17.5 3.5 2 0 5 1 1
-282.6 -6250.0 -13.9 272 0 31.9 10.5 17.5 3.5 2 0 5 4 4
-313.2 -6252.3 -13.9 270 0 17.9 42.5 17.5 3.5 2 0 5 5 5
-336.2 -6273.5 -13.8 180 0 42.5 14.0 17.5 3.5 2 0 5 0 0
-377.8 -6250.0 -13.5 271 0 10.7 31.9 14.0 3.5 2 1 4 2 2
-413.8 -6366.0 -13.9 91 0 27.6 62.2 14.0 0.0 0 1 4 4 4
-372.4 -6309.2 -13.8 1 0 41.1 9.8 10.5 3.5 2 0 3 3 3
-423.4 -6246.0 -13.2 270 0 11.5 34.6 14.0 3.5 2 1 4 5 5
-465.6 -6344.2 -13.5 91 0 11.0 43.0 14.0 3.5 2 1 4 2 2
-500.8 -6255.5 -13.0 273 0 14.0 51.7 14.0 3.5 2 1 4 1 1
-527.3 -6306.5 -12.9 92 0 17.6 53.6 14.0 3.5 2 1 4 5 5
-593.9 -6240.0 -12.6 182 0 6.7 96.8 10.5 0.0 0 1 3 5 5
-562.3 -6303.9 -12.8 93 0 37.4 52.2 14.0 0.0 0 1 4 5 5
-96.8 -6173.7 -13.1 90 0 11.2 34.5 17.5 3.5 2 1 5 5 5
-83.3 -6111.1 -12.7 2 0 54.7 11.1 17.5 3.5 2 0 5 4 4
-88.7 -6056.2 -12.0 270 0 9.7 27.4 10.5 3.5 2 0 3 0 0
-200.4 -6200.2 -13.4 93 0 14.7 25.7 17.5 3.5 2 1 5 5 5
-158.0 -6164.7 -13.1 5 0 14.1 59.0 17.5 3.5 2 1 5 5 5
-174.0 -6234.1 -13.7 360 0 23.0 19.3 17.5 3.5 4 0 5 3 3
-233.4 -6225.6 -13.6 91 0 10.6 41.5 17.5 3.5 2 1 5 4 4
-176.0 -6100.5 -12.8 275 0 14.5 36.1 17.5 3.5 2 1 5 2 2
-201.0 -6098.5 -12.8 275 0 14.5 36.1 17.5 3.5 2 1 5 0 0
-195.6 -6048.4 -12.4 275 0 14.5 36.1 17.5 3.5 4 1 5 2 2
-170.1 -6051.4 -12.4 275 0 14.5 36.1 17.5 3.5 2 1 5 2 2
-224.7 -6163.5 -13.1 96 0 12.8 63.6 17.5 3.5 2 1 5 1 1
-250.2 -6092.4 -12.9 270 0 10.6 38.2 17.5 3.5 2 1 5 1 1
-220.8 -6077.4 -12.5 273 0 21.9 11.8 17.5 3.5 2 0 5 2 2
-248.8 -6040.3 -12.5 272 0 19.8 47.7 17.5 3.5 2 1 5 3 3
-326.8 -6034.7 -12.3 182 0 8.6 28.6 10.5 0.0 0 1 3 1 1
-333.8 -6107.7 -12.8 180 0 57.7 14.0 17.5 3.5 2 0 5 1 1
-316.4 -6131.0 -13.0 182 0 12.0 41.5 17.5 3.5 2 1 5 1 1
-331.8 -6231.0 -13.4 91 0 9.6 82.0 10.5 3.5 2 1 3 1 1
-318.1 -6230.9 -13.5 92 0 12.9 8.1 10.5 3.5 2 0 3 0 0
-355.0 -6052.5 -12.1 90 0 13.1 12.9 14.0 3.5 2 0 4 2 2
-348.1 -6034.1 -12.0 3 0 9.0 16.5 10.5 3.5 2 1 3 0 0
-300.2 -5702.5 -9.4 95 0 12.9 25.4 21.0 0.0 0 1 6 4 4
-233.7 -5707.1 -9.5 94 0 9.1 38.9 10.5 0.0 0 1 3 4 4
-166.1 -5689.7 -9.7 93 0 9.3 25.7 10.5 0.0 0 1 3 5 5
-146.6 -5687.7 -9.8 66 0 6.5 23.4 10.5 0.0 0 1 3 4 4
-135.2 -5662.5 -9.8 90 0 14.0 22.7 21.0 0.0 0 1 6 0 0
-126.1 -5623.8 -9.7 2 0 28.6 10.2 21.0 0.0 0 0 6 5 5
-85.4 -5656.6 -10.0 2 0 15.8 39.8 21.0 3.5 2 1 6 2 2
-84.4 -5633.7 -9.9 1 0 21.4 10.6 21.0 0.0 0 0 6 4 4
-76.2 -5611.1 -9.8 1 0 9.0 41.8 10.5 0.0 0 1 3 1 1
-104.4 -5586.5 -9.7 1 0 33.3 12.4 21.0 0.0 0 0 6 4 4
-109.6 -5535.4 -9.5 271 0 12.4 33.3 21.0 0.0 0 1 6 3 3
-72.4 -5573.9 -9.8 1 0 61.2 13.3 21.0 0.0 0 0 6 1 1
-137.9 -5562.8 -9.5 267 0 10.9 41.9 21.0 0.0 0 1 6 1 1
-122.5 -5526.8 -9.4 256 0 17.9 9.3 10.5 0.0 0 0 3 1 1
-164.2 -5590.5 -9.5 258 0 11.1 27.8 21.0 0.0 0 1 6 5 5
-172.4 -5544.4 -9.3 256 0 7.9 41.3 10.5 0.0 0 1 3 4 4
-196.4 -5556.6 -9.2 252 0 38.4 8.9 10.5 0.0 0 0 3 1 1
-230.1 -5586.0 -9.1 257 0 16.7 6.2 10.5 0.0 0 0 3 5 5
-245.5 -5591.9 -9.1 275 0 14.7 34.9 21.0 0.0 0 1 6 3 3
-261.6 -5605.6 -9.1 274 0 10.6 42.1 21.0 0.0 0 1 6 0 0
-255.3 -5633.7 -9.2 183 0 11.9 12.7 21.0 0.0 0 1 6 3 3
-299.6 -5612.6 -8.9 185 0 45.6 10.5 21.0 0.0 0 0 6 2 2
-302.8 -5656.1 -9.0 184 0 36.9 11.8 21.0 0.0 0 0 6 5 5
-548.7 -5565.5 -8.2 183 0 28.2 8.5 10.5 3.5 2 0 3 5 5
-549.5 -5629.5 -8.4 92 0 10.1 25.6 17.5 3.5 2 1 5 1 1
505.1 -4680.0 -14.6 92 0 11.6 40.7 10.0 2.5 4 1 4 3 3
-106.8 -5415.4 -9.1 284 0 10.1 32.8 17.5 3.5 2 1 5 4 4
-67.3 -5369.6 -9.8 92 0 7.4 57.7 10.5 3.5 2 1 3 2 2
-77.0 -5304.0 -9.7 92 0 32.8 39.2 17.5 0.0 0 1 5 5 5
-79.1 -5257.9 -9.5 91 0 23.6 36.4 17.5 0.0 0 1 5 3 3
-485.3 -5350.6 -8.1 104 0 10.7 44.2 17.5 3.5 2 1 5 1 1
-536.7 -5310.0 -8.3 184 0 51.4 14.6 17.5 3.5 2 0 5 4 4
-532.6 -5264.6 -8.5 184 0 23.0 10.4 17.5 3.5 2 0 5 1 1
-530.7 -5232.6 -8.8 183 0 41.3 10.4 17.5 3.5 2 0 5 2 2
-512.0 -5366.9 -7.8 273 0 20.6 10.7 17.5 3.5 2 0 5 3 3
-408.0 -5456.1 -7.9 185 0 40.6 10.1 17.5 3.5 2 0 5 1 1
-376.9 -5468.9 -8.0 96 0 10.2 25.6 17.5 3.5 2 1 5 2 2
-368.7 -5481.5 -8.1 94 0 23.7 9.2 10.5 3.5 2 0 3 5 5
-333.7 -5388.6 -8.1 274 0 12.9 69.8 17.5 3.5 4 1 5 4 4
-299.0 -5405.5 -8.3 3 0 32.0 6.8 10.5 3.5 2 0 3 3 3
-389.4 -5393.3 -7.8 192 0 21.9 12.9 17.5 3.5 2 0 5 3 3
-730.0 -6029.1 -10.7 279 0 11.8 74.8 14.0 3.5 2 1 4 2 2
-725.7 -5976.3 -10.4 278 0 12.0 49.6 14.0 3.5 2 1 4 3 3
-780.7 -5963.9 -10.5 278 0 8.7 20.8 10.5 3.5 2 0 3 4 4
-761.6 -5967.5 -10.5 281 0 30.9 21.1 14.0 0.0 0 0 4 4 4
-707.5 -6266.6 -11.8 3 0 12.4 37.6 14.0 3.5 2 1 4 3 3
-702.2 -6280.0 -11.9 3 0 12.0 7.0 10.5 3.5 2 0 3 1 1
-684.1 -6285.6 -12.1 4 0 49.3 17.4 14.0 3.5 2 0 4 1 1
-650.5 -6185.2 -11.6 3 0 15.1 9.3 10.5 3.5 2 0 3 4 4
-658.9 -6168.5 -11.4 3 0 7.5 13.3 10.5 3.5 2 1 3 1 1
-705.2 -6229.6 -11.7 6 0 51.0 14.8 14.0 3.5 2 0 4 2 2
-698.3 -6180.3 -11.4 4 0 44.0 15.7 14.0 3.5 4 0 4 0 0
-881.8 -6282.3 -11.9 80 0 11.6 74.0 14.0 3.5 2 1 4 5 5
-855.3 -6272.6 -11.8 81 0 10.7 62.3 14.0 3.5 2 1 4 3 3
-932.0 -6247.8 -12.0 161 0 28.0 12.8 14.0 3.5 2 0 4 2 2
-939.8 -6218.6 -11.9 159 0 30.7 18.3 14.0 3.5 2 0 4 4 4
-944.6 -6168.8 -11.9 185 0 47.3 13.5 14.0 3.5 2 0 4 0 0
-913.0 -6173.1 -11.7 184 0 47.0 11.4 14.0 3.5 2 0 4 5 5
-790.8 -6160.7 -11.3 7 0 105.0 13.5 14.0 3.5 2 0 4 4 4
-825.6 -6128.7 -11.3 191 0 63.4 13.2 14.0 0.0 0 0 4 0 0
-393.8 -6229.2 -13.1 91 0 10.3 21.7 2.5 2.5 2 1 1 2 2
-424.6 -6228.5 -12.9 91 0 9.3 64.6 7.5 2.5 2 1 3 0 0
-390.8 -6158.0 -12.6 1 0 11.8 8.0 5.0 2.5 2 0 2 1 1
-419.8 -6130.2 -12.5 272 0 8.7 32.0 7.5 2.5 2 1 3 2 2
-655.4 -6142.0 -11.3 5 0 32.8 14.6 14.0 3.5 2 0 4 3 3
-652.7 -6117.4 -11.1 5 0 14.1 12.8 14.0 3.5 2 0 4 4 4
-695.0 -6140.7 -11.1 6 0 27.2 12.4 14.0 3.5 2 0 4 1 1
-674.9 -6079.8 -10.8 7 0 37.7 15.2 14.0 3.5 2 0 4 3 3
-674.3 -6152.1 -11.2 3 0 7.8 11.2 10.5 3.5 2 1 3 0 0
-643.8 -6076.4 -10.9 5 0 17.5 13.7 14.0 0.0 0 0 4 1 1
-645.8 -6049.9 -10.7 2 0 25.4 12.2 14.0 3.5 2 0 4 3 3
-638.9 -6015.6 -10.5 5 0 23.7 13.8 14.0 3.5 2 0 4 2 2
-647.7 -5982.5 -10.3 275 0 8.8 19.7 10.5 3.5 2 1 3 0 0
-873.1 -6150.9 -11.5 193 0 66.3 12.9 14.0 3.5 2 0 4 3 3
-865.5 -6064.2 -11.2 189 0 17.5 27.1 14.0 3.5 2 1 4 0 0
-868.4 -5990.2 -11.2 279 0 9.1 81.9 10.5 3.5 2 1 3 3 3
-889.6 -6124.8 -11.5 189 0 57.0 11.3 14.0 3.5 2 0 4 4 4
-939.4 -6115.7 -11.7 188 0 57.9 10.0 14.0 0.0 0 0 4 2 2
-931.0 -6068.7 -11.5 188 0 36.9 8.1 10.5 3.5 2 0 3 1 1
-922.6 -6011.9 -11.3 188 0 70.7 12.4 14.0 3.5 2 0 4 3 3
-1049.6 -6180.1 -12.6 91 0 160.0 7.3 10.5 3.5 2 0 3 0 0
-816.1 -6342.4 -11.9 154 0 29.2 11.1 14.0 3.5 2 0 4 2 2
-817.4 -6394.4 -12.4 159 0 61.9 14.8 14.0 0.0 0 0 4 1 1
-868.7 -6367.4 -12.1 148 0 33.7 13.1 14.0 3.5 2 0 4 0 0
-854.1 -6390.1 -12.1 152 0 19.9 12.2 14.0 0.0 0 0 4 2 2
-833.6 -6351.4 -11.9 155 0 24.1 11.0 14.0 3.5 4 0 4 0 0
-839.7 -6417.7 -12.3 153 0 35.4 10.4 14.0 3.5 2 0 4 5 5
-822.9 -6448.3 -12.6 153 0 29.0 8.7 10.5 3.5 2 0 3 5 5
-792.6 -6363.7 -12.1 172 0 19.3 12.2 14.0 3.5 2 0 4 2 2
-790.7 -6390.2 -12.3 173 0 20.8 11.6 14.0 3.5 2 0 4 1 1
-667.1 -6381.5 -12.9 5 0 57.1 10.7 14.0 3.5 2 0 4 1 1
-665.4 -6340.3 -12.5 1 0 14.5 12.0 14.0 0.0 0 0 4 0 0
-665.4 -6321.6 -12.4 0 0 14.6 7.8 10.5 3.5 4 0 3 2 2
-786.1 -6517.1 -13.2 150 0 25.4 14.3 14.0 3.5 2 0 4 3 3
-801.1 -6489.7 -12.9 151 0 34.3 8.2 10.5 3.5 2 0 3 5 5
-828.5 -6479.1 -12.8 329 0 41.2 12.1 14.0 3.5 2 0 4 1 1
-846.9 -6450.5 -12.4 331 0 11.3 11.1 14.0 3.5 2 0 4 5 5
-916.1 -6461.2 -12.7 332 0 59.6 12.6 14.0 3.5 2 0 4 3 3
-931.8 -6505.0 -12.9 62 0 12.6 59.6 14.0 3.5 2 1 4 3 3
-873.4 -6493.7 -12.6 333 0 24.2 12.6 14.0 3.5 2 0 4 4 4
-883.7 -6464.8 -12.6 333 0 24.2 12.6 14.0 3.5 4 0 4 0 0
-936.3 -6361.5 -12.4 330 0 44.3 11.3 14.0 3.5 2 0 4 0 0
-963.9 -6378.4 -12.6 330 0 44.3 11.3 14.0 3.5 2 0 4 0 0
-952.4 -6420.7 -12.7 332 0 30.3 13.1 14.0 3.5 2 0 4 2 2
-977.8 -6482.7 -13.0 61 0 12.7 49.4 14.0 3.5 2 1 4 1 1
-1020.6 -6491.1 -13.2 140 0 55.9 13.3 14.0 3.5 2 0 4 1 1
-970.2 -6510.4 -13.0 142 0 37.9 13.4 14.0 3.5 2 0 4 4 4
4942.2 8030.8 -15.8 349 0 30.7 64.0 10.0 0.0 0 1 4 5 5
-1166.7 -6189.3 -13.1 270 0 11.2 108.9 17.5 3.5 2 1 5 4 4
-889.4 -6331.4 -12.1 149 0 17.1 9.4 10.5 0.0 0 0 3 4 4
-3231.8 -2240.6 12.5 169 0 32.5 25.8 14.0 0.0 0 0 4 3 3
-3166.6 -2229.1 12.8 350 0 17.2 17.1 14.0 3.5 2 0 4 0 0
-3193.6 -2275.9 9.5 78 0 15.3 14.7 14.0 3.5 4 0 4 2 2
-3207.3 -2195.0 14.4 258 0 15.4 14.7 14.0 3.5 2 0 4 1 1
