719.0 -4499.4 -3.9 106 0 9.7 50.7 5.0 2.5 2 1 2 5 5
736.4 -4478.4 -4.1 196 0 50.7 9.7 7.5 2.5 2 0 3 4 4
704.8 -4495.1 -3.6 106 0 9.7 50.7 7.5 2.5 2 1 3 2 2
702.7 -4468.0 -3.3 16 0 50.7 9.7 7.5 0.0 0 0 3 5 5
-2332.9 9673.5 -3.2 342 0 55.4 49.7 10.5 0.0 0 0 3 2 2
-2289.3 9610.5 -3.1 338 0 47.0 15.5 10.5 3.5 2 0 3 0 0
-2306.7 9657.4 -3.3 340 0 50.8 16.0 10.5 3.5 2 0 3 2 2
-2317.2 9688.7 -3.4 340 0 12.0 16.2 10.5 3.5 2 1 3 3 3
-2324.7 9709.3 -3.5 341 0 28.7 15.3 10.5 3.5 2 0 3 1 1
-2373.0 9713.1 -3.3 253 0 56.4 15.2 10.5 3.5 2 0 3 3 3
-2407.9 9704.4 -2.9 254 0 15.9 55.0 10.5 3.5 2 1 3 0 0
-2392.5 9618.7 -2.4 163 0 52.9 16.4 10.5 0.0 0 0 3 5 5
-2318.0 9634.4 -3.0 341 0 14.2 58.5 10.5 3.5 2 1 3 5 5
-2309.4 9601.2 -2.8 337 0 34.2 16.8 10.5 3.5 2 0 3 2 2
-2330.0 9590.7 -2.5 338 0 40.1 16.2 10.5 0.0 0 0 3 4 4
-2370.9 9580.6 -2.3 157 0 30.3 17.8 10.5 3.5 2 0 3 1 1
-2365.7 9559.3 -2.2 170 0 14.1 20.0 10.5 3.5 2 1 3 4 4
-2343.6 9510.1 -2.0 150 0 27.9 15.6 10.5 3.5 2 0 3 0 0
-2276.0 9569.5 -2.9 336 0 30.1 15.3 10.5 3.5 4 0 3 5 5
-2262.2 9514.6 -2.7 61 0 19.5 11.0 10.5 3.5 2 0 3 2 2
-2312.7 9505.8 -2.2 61 0 14.2 31.6 10.5 3.5 2 1 3 5 5
-2291.6 9559.5 -2.7 329 0 8.8 19.1 10.5 3.5 2 1 3 4 4
-2338.3 9536.3 -2.4 155 0 11.0 32.7 10.5 3.5 2 1 3 4 4
-5284.6 -921.5 1.6 9 0 23.7 117.4 17.5 0.0 0 1 7 1 1
2037.1 -6494.1 -9.2 336 0 87.5 24.2 10.0 0.0 0 0 4 1 1
-1960.3 10057.8 -12.1 195 0 115.2 273.8 15.0 0.0 0 1 6 2 2
