-1409.2 9445.3 -4.3 82 0 11.2 26.1 14.0 3.5 2 1 4 1 1
-1455.0 9464.9 -4.5 259 0 6.2 9.0 10.5 3.5 2 1 3 0 0
56.2 9409.5 -7.3 101 0 63.7 69.0 5.0 0.0 0 1 2 2 2
-1210.9 9922.1 -4.1 263 0 19.0 51.0 10.5 3.5 2 1 3 3 3
-1283.1 9381.0 -4.1 63 0 18.0 102.5 14.0 0.0 0 1 4 2 2
-1434.6 9573.3 -5.1 81 0 15.6 28.0 10.5 3.5 2 1 3 0 0
-4399.6 -3091.6 -2.6 241 0 7.3 69.5 7.5 2.5 2 1 3 1 1
-4346.2 -3188.5 -2.6 61 0 7.5 39.2 7.5 2.5 4 1 3 4 4
-4319.9 -3171.0 -2.5 57 0 33.5 8.2 7.5 0.0 0 0 3 5 5
-4286.3 -3148.8 -2.4 58 0 34.5 7.7 7.5 2.5 2 0 3 2 2
-4272.3 -3108.8 -2.4 328 0 39.2 9.3 7.5 2.5 4 0 3 1 1
-4296.4 -3074.1 -2.4 326 0 26.9 9.2 7.5 2.5 2 0 3 5 5
-4326.7 -3118.3 -2.5 142 0 9.6 28.2 7.5 2.5 2 1 3 3 3
-4324.5 -3055.3 -2.5 232 0 25.2 12.4 7.5 2.5 2 0 3 3 3
-6494.6 -7746.4 -11.8 212 0 24.1 22.8 7.5 2.5 2 0 3 5 5
