-6642.7 3582.6 -118.9 90 0 26.7 47.8 7.5 0.0 0 1 3 1 1
-6858.7 4784.3 -114.9 97 0 107.8 15.1 5.0 0.0 0 0 2 5 5
-6864.7 5018.2 -112.6 288 0 37.0 58.6 2.5 0.0 0 1 1 5 5
-5472.0 2920.2 -112.1 52 0 32.4 16.9 10.0 2.5 2 0 4 3 3
-6320.1 5381.3 -94.1 78 0 9.3 16.2 7.5 0.0 0 1 3 2 2
-6262.0 5453.5 -100.1 191 0 25.0 18.3 15.0 0.0 0 0 6 0 0
-5094.2 4596.6 -23.9 177 0 49.0 13.4 10.0 2.5 2 0 4 1 1
-5081.7 4625.7 -26.0 178 0 18.2 8.7 7.5 2.5 2 0 3 3 3
-5025.5 4687.6 -62.1 220 0 12.6 11.7 5.0 2.5 2 0 2 1 1
-3495.9 8685.3 -123.3 137 0 17.4 19.2 2.5 2.5 2 1 1 0 0
-4575.1 -1520.7 -102.9 184 0 13.4 6.5 7.5 2.5 2 0 3 2 2
-4562.4 -1527.5 -101.9 94 0 7.0 12.2 2.5 0.0 0 1 1 2 2
-4542.9 -1522.5 -100.3 3 0 12.2 6.3 5.0 0.0 0 0 2 1 1
-4544.5 -1511.4 -98.4 93 0 6.0 12.0 7.5 2.5 2 0 3 0 0
-4525.6 -1465.6 -92.9 3 0 11.1 6.3 7.5 2.5 2 0 3 5 5
-4568.8 -1487.4 -98.9 183 0 13.0 8.4 7.5 2.5 2 0 3 1 1
-4579.2 -1503.8 -101.5 183 0 11.9 6.0 7.5 2.5 2 0 3 4 4
-4556.1 -1494.8 -98.0 94 0 7.6 14.0 7.5 2.5 2 1 3 2 2
-4545.4 -1459.1 -94.6 272 0 5.9 12.3 7.5 2.5 4 1 3 3 3
-4569.8 -1458.3 -97.1 271 0 7.0 12.7 7.5 2.5 2 1 3 3 3
-4573.0 -1504.4 -100.9 184 0 11.3 6.6 2.5 2.5 2 0 1 3 3
-4560.2 -1510.9 -100.0 93 0 5.8 11.4 5.0 2.5 2 0 2 0 0
-4560.6 -1458.2 -96.1 273 0 6.6 12.7 7.5 2.5 4 1 3 0 0
-4554.1 -1511.2 -99.4 93 0 6.3 11.4 7.5 2.5 2 0 3 5 5
-4552.5 -1459.6 -95.4 273 0 6.1 12.4 5.0 0.0 0 1 2 2 2
-4540.2 -1596.1 -111.4 33 0 7.6 7.9 5.0 2.5 2 0 2 0 0
-4548.7 -1611.3 -115.3 32 0 8.6 7.0 5.0 2.5 2 0 2 5 5
-4535.2 -1586.3 -109.1 28 0 7.2 7.1 5.0 2.5 2 0 2 4 4
-4545.2 -1620.0 -116.6 207 0 7.6 7.1 7.5 2.5 2 0 3 5 5
-4553.2 -1592.2 -111.8 27 0 7.5 5.8 5.0 2.5 2 0 2 2 2
-4521.5 -1570.5 -105.0 209 0 9.3 7.3 5.0 2.5 2 0 2 5 5
-4578.8 -1600.3 -115.8 207 0 7.1 8.8 7.5 2.5 2 0 3 2 2
-4526.8 -1580.9 -107.4 203 0 8.5 7.2 7.5 2.5 2 0 3 4 4
-4553.2 -1619.8 -117.4 28 0 8.8 7.7 5.0 2.5 4 0 2 4 4
-4531.3 -1578.9 -107.5 28 0 9.5 7.1 5.0 2.5 2 0 2 4 4
-4543.5 -1575.0 -107.8 32 0 8.8 7.3 2.5 2.5 2 0 1 1 1
-4576.0 -1593.3 -114.3 210 0 6.9 9.7 5.0 2.5 2 0 2 3 3
-5112.5 4459.6 -56.7 217 0 11.7 23.9 12.5 0.0 0 1 5 5 5
-3572.6 8120.4 -42.9 339 0 18.7 19.5 12.5 2.5 2 1 5 3 3
-1526.7 -10845.5 -125.2 230 0 9.3 3.8 5.0 2.5 2 0 2 2 2
-4071.5 -947.2 -96.9 180 0 10.3 6.2 7.5 2.5 2 0 3 4 4
-1962.9 -10405.7 -131.4 360 0 29.8 15.0 15.0 0.0 0 0 6 5 5
-3812.5 8333.3 -77.5 333 0 16.1 16.1 27.5 0.0 0 0 11 0 0
-1953.0 -10114.9 -126.9 261 0 56.5 10.6 12.5 2.5 2 0 5 4 4
-1985.3 -10145.1 -127.2 80 0 10.9 24.3 10.0 0.0 0 1 4 2 2
-1954.0 -10086.9 -127.8 80 0 24.4 10.8 7.5 2.5 4 0 3 3 3
-1977.0 -10091.0 -128.2 80 0 17.9 11.2 2.5 2.5 2 0 1 1 1
-2001.3 -10082.4 -128.9 172 0 23.7 10.5 5.0 2.5 2 0 2 4 4
-1949.0 -10138.9 -126.5 81 0 57.0 10.8 12.5 2.5 2 0 5 3 3
-1907.3 -10157.9 -125.2 182 0 34.8 10.9 10.0 0.0 0 0 4 2 2
-1910.1 -10198.1 -126.1 182 0 33.5 10.6 7.5 2.5 2 0 3 2 2
-1883.9 -10199.3 -125.7 1 0 33.6 10.9 7.5 0.0 0 0 3 3 3
-1868.9 -10203.2 -125.3 4 0 28.3 10.8 7.5 2.5 2 0 3 3 3
-2000.8 -10049.9 -129.5 263 0 10.3 18.0 5.0 2.5 2 1 2 4 4
-1990.2 -10073.7 -128.7 171 0 10.4 29.3 10.0 2.5 2 1 4 0 0
-1979.3 -10046.2 -129.3 261 0 29.9 11.1 10.0 2.5 2 0 4 4 4
-3337.6 -2075.8 -118.5 181 0 57.0 23.3 15.0 2.5 2 0 6 1 1
-3391.9 -2035.1 -120.4 90 0 88.8 38.3 12.5 0.0 0 0 5 3 3
-3336.5 -2116.5 -119.8 180 0 17.1 23.4 10.0 2.5 2 1 4 1 1
-3515.6 -1801.1 -95.9 180 0 25.2 65.9 12.5 0.0 0 1 5 1 1
-3324.9 -2035.4 -115.1 90 0 24.6 38.3 12.5 0.0 0 1 5 0 0
-3583.9 -1772.5 -114.6 269 0 27.3 77.9 12.5 0.0 0 1 5 4 4
-3137.1 -2124.3 -123.7 180 0 26.2 46.0 7.5 0.0 0 1 3 5 5
-3225.4 -1971.9 -123.7 0 0 20.4 20.7 15.0 0.0 0 1 6 2 2
-1984.2 -10027.6 -130.3 352 0 24.5 10.6 10.0 2.5 4 0 4 1 1
-1245.5 9255.8 -12.0 178 0 21.2 10.2 5.0 2.5 2 0 2 1 1
-1362.1 9270.7 0.1 8 0 45.7 13.3 17.5 2.5 2 0 7 1 1
-1387.5 9326.8 -25.6 299 0 44.1 13.1 10.0 2.5 2 0 4 1 1
-1469.0 9413.3 -94.8 324 0 43.6 13.0 12.5 2.5 2 0 5 2 2
-1286.6 9236.3 -12.2 199 0 34.4 10.2 12.5 2.5 2 0 5 4 4
-1251.7 9364.0 -13.9 256 0 10.9 33.9 10.0 2.5 2 1 4 5 5
-1314.9 9336.1 -6.5 176 0 33.8 10.6 12.5 2.5 2 0 5 0 0
-1431.5 9357.8 -55.4 314 0 44.3 12.6 12.5 2.5 4 0 5 5 5
-1242.2 9292.1 -8.9 90 0 10.0 19.8 7.5 2.5 2 1 3 1 1
-6885.7 3263.6 -92.9 110 0 14.3 25.0 10.0 0.0 0 1 4 3 3
-6777.9 3249.4 -84.3 129 0 12.1 25.1 12.5 0.0 0 1 5 2 2
-6718.0 3270.0 -93.7 303 0 12.9 24.6 10.0 0.0 0 1 4 5 5
-6863.1 3242.0 -89.3 180 0 15.1 49.6 12.5 2.5 2 1 5 0 0
-6904.1 3178.7 -104.7 24 0 19.4 20.9 10.0 2.5 2 1 4 3 3
-6821.7 3173.2 -87.4 87 0 20.9 42.5 12.5 2.5 2 1 5 5 5
-6760.5 3077.3 -83.3 87 0 13.2 15.2 10.0 2.5 2 1 4 3 3
-6854.6 2362.3 -95.4 13 0 15.4 14.9 5.0 0.0 0 0 2 3 3
-6868.4 2339.2 -97.5 284 0 18.2 27.6 10.0 2.5 2 1 4 1 1
-6882.3 2472.6 -96.9 37 0 27.9 18.5 10.0 2.5 2 0 4 4 4
-6847.8 2379.2 -97.2 14 0 7.5 20.6 5.0 2.5 2 1 2 1 1
-6901.2 2469.6 -95.6 127 0 8.5 26.6 7.5 0.0 0 1 3 5 5
-6915.2 2371.1 -98.2 196 0 25.1 9.0 7.5 2.5 2 0 3 3 3
-6828.8 2322.1 -93.5 283 0 23.9 14.0 12.5 2.5 2 0 5 0 0
-6842.5 2337.8 -96.3 103 0 10.4 26.7 15.0 0.0 0 1 6 1 1
-6891.1 2427.5 -95.1 306 0 18.9 18.4 17.5 0.0 0 0 7 0 0
-6801.9 2410.1 -104.7 14 0 12.3 15.5 7.5 0.0 0 1 3 1 1
-6881.3 2441.4 -95.7 306 0 18.4 16.6 12.5 2.5 2 0 5 4 4
-6838.4 2411.1 -104.7 125 0 20.6 39.4 12.5 0.0 0 1 5 4 4
-6877.5 2446.6 -98.7 126 0 18.3 17.0 12.5 2.5 2 0 5 1 1
-6867.7 2461.1 -100.2 126 0 17.6 11.9 7.5 2.5 2 0 3 1 1
-6721.5 1982.7 -115.4 357 0 14.9 24.9 10.0 2.5 2 1 4 5 5
-6758.4 2000.4 -115.4 177 0 23.7 35.9 10.0 0.0 0 1 4 4 4
-6761.2 2037.3 -112.3 177 0 18.4 36.7 12.5 0.0 0 1 5 0 0
-6724.2 2022.2 -113.4 356 0 15.8 24.2 15.0 0.0 0 1 6 4 4
-6733.8 2089.1 -109.5 267 0 26.6 24.9 10.0 0.0 0 0 4 1 1
-1207.5 9161.0 -32.3 309 0 13.1 22.3 10.0 2.5 2 1 4 0 0
-1157.8 9145.3 -43.1 204 0 36.6 11.2 10.0 2.5 4 0 4 1 1
-1113.4 9288.1 -20.4 90 0 12.1 6.6 7.5 2.5 2 0 3 2 2
-1926.2 -10007.0 -129.1 304 0 14.3 38.3 7.5 2.5 2 1 3 1 1
-1913.2 -10132.3 -125.7 81 0 10.6 23.1 5.0 2.5 2 1 2 4 4
-6328.4 2344.1 -79.7 98 0 17.1 32.5 12.5 0.0 0 1 5 3 3
-6358.0 2529.4 -94.6 182 0 25.4 43.0 12.5 0.0 0 1 5 4 4
-6370.3 2596.8 -98.1 1 0 31.3 18.9 10.0 2.5 2 0 4 4 4
-5365.6 4779.7 9.5 109 0 13.8 40.3 12.5 0.0 0 1 5 5 5
-5534.7 7388.8 -103.1 32 0 38.1 8.2 7.5 2.5 2 0 3 0 0
-5654.1 7125.7 -108.2 24 0 56.8 16.0 12.5 2.5 2 0 5 5 5
-5625.9 7324.9 -97.4 105 0 9.4 7.1 5.0 2.5 2 0 2 5 5
-5496.8 7421.1 -105.8 215 0 58.9 10.6 12.5 2.5 4 0 5 5 5
-5345.7 7498.8 -114.3 55 0 15.2 9.1 5.0 2.5 2 0 2 2 2
-5738.9 7242.1 -74.4 122 0 11.4 11.4 2.5 2.5 2 1 1 0 0
-3784.4 8433.3 -85.4 242 0 16.0 16.0 25.0 0.0 0 0 10 1 1
-3585.0 8695.4 -102.6 45 0 87.3 14.9 17.5 2.5 2 0 7 3 3
-3505.4 8603.7 -109.0 135 1 12.1 15.7 20.0 0.0 0 0 8 4 4
-3456.4 8633.9 -114.2 46 1 13.9 15.0 15.0 0.0 0 0 6 3 3
-3799.7 8474.9 -88.4 63 0 8.2 16.0 7.5 0.0 0 0 3 3 3
-3460.1 8514.5 -91.3 241 0 9.3 8.5 7.5 0.0 0 0 3 1 1
-3536.1 8653.8 -116.0 137 0 32.0 17.6 5.0 2.5 2 0 2 1 1
-3501.5 8491.5 -92.6 139 0 9.8 30.9 7.5 2.5 2 1 3 3 3
-3542.4 8712.1 -108.0 317 0 10.7 35.0 15.0 0.0 0 1 6 4 4
-5279.3 4879.9 -97.4 8 0 11.4 26.3 10.0 2.5 2 1 4 1 1
-5242.1 4804.1 -8.7 21 0 33.3 13.9 10.0 2.5 4 0 4 4 4
-4114.3 -1480.3 -124.4 304 0 12.4 24.9 12.5 2.5 2 1 5 1 1
-6285.6 5301.9 -85.6 100 0 8.8 13.7 7.5 2.5 2 1 3 4 4
-6484.7 5272.1 -106.7 354 0 18.0 21.5 10.0 2.5 2 1 4 5 5
-6315.4 5444.1 -103.0 237 0 29.8 17.5 12.5 2.5 2 0 5 4 4
-6426.1 5305.9 -104.6 177 0 7.2 7.4 2.5 2.5 2 1 1 2 2
-4943.1 4631.3 -85.1 155 0 56.4 36.1 10.0 0.0 0 0 4 1 1
-6472.9 5398.6 -105.3 44 0 36.5 11.2 12.5 2.5 2 0 5 5 5
-6456.5 5257.0 -103.9 302 0 30.1 14.9 15.0 0.0 0 0 6 5 5
-5539.3 4352.5 -66.8 273 0 10.8 25.7 7.5 2.5 2 1 3 2 2
-2337.0 160.0 -120.4 267 0 7.3 28.1 2.5 2.5 2 1 1 3 3
-2358.2 152.8 -120.0 266 0 18.0 27.7 10.0 2.5 4 1 4 4 4
-2378.0 100.1 -118.7 88 0 18.6 44.6 10.0 2.5 2 1 4 4 4
-2364.7 332.7 -120.9 288 0 13.6 23.7 10.0 2.5 2 1 4 0 0
-1569.9 509.2 -121.0 273 0 7.6 9.5 7.5 2.5 4 1 3 1 1
-1557.1 509.0 -118.6 271 0 8.7 9.5 7.5 2.5 2 1 3 3 3
-1579.1 510.2 -121.7 273 0 8.1 9.2 5.0 2.5 2 1 2 3 3
-5776.8 11372.1 -117.4 98 0 12.6 22.7 15.0 0.0 0 1 6 1 1
-6687.9 2460.8 -116.8 283 0 7.3 5.7 7.5 2.5 2 0 3 0 0
-6780.7 2634.8 -100.6 10 0 17.2 16.7 10.0 0.0 0 0 4 0 0
-6786.4 2660.9 -98.7 14 0 13.7 17.7 7.5 0.0 0 1 3 1 1
-6740.1 2759.2 -111.4 0 0 16.5 25.6 12.5 0.0 0 0 5 4 4
-6714.2 3898.7 -107.2 9 0 27.6 19.5 7.5 2.5 2 0 3 4 4
-6702.9 3896.9 -107.7 9 0 27.6 11.4 10.0 2.5 2 0 4 5 5
-6912.9 2397.6 -96.9 126 0 19.0 18.4 12.5 2.5 2 0 5 3 3
-6869.4 2403.8 -96.0 23 0 13.9 15.8 2.5 0.0 0 1 1 1 1
-6917.3 2517.8 -93.0 308 0 33.3 18.1 10.0 0.0 0 0 4 4 4
-6909.3 2477.0 -94.2 127 0 6.1 26.9 7.5 2.5 2 1 3 0 0
-6880.7 2517.4 -101.2 128 0 19.2 42.2 10.0 2.5 2 1 4 1 1
-6887.5 2549.4 -98.4 218 0 38.5 12.3 12.5 2.5 2 0 5 3 3
-6880.5 2517.0 -100.1 128 0 19.1 16.0 10.0 2.5 2 0 4 4 4
-6771.7 2479.5 -112.4 37 0 12.2 16.9 5.0 0.0 0 1 2 4 4
-6695.5 2802.8 -114.0 190 0 16.1 7.3 7.5 2.5 2 0 3 0 0
-6693.9 3946.5 -104.7 12 0 26.7 36.7 12.5 0.0 0 1 5 4 4
-6771.2 4009.2 -83.0 97 0 15.4 33.3 12.5 0.0 0 1 5 4 4
-6755.3 4037.1 -82.9 9 0 33.4 25.1 12.5 0.0 0 0 5 0 0
-6698.9 3921.9 -105.6 12 0 22.1 35.2 10.0 0.0 0 1 4 0 0
-6705.5 3923.2 -105.1 12 0 21.8 28.5 10.0 0.0 0 1 4 3 3
-6719.7 3801.0 -113.1 81 0 10.5 28.8 12.5 2.5 2 1 5 5 5
-6699.6 3947.6 -103.7 12 0 26.7 30.4 12.5 0.0 0 1 5 1 1
-6670.9 3740.4 -117.7 342 0 18.8 5.2 5.0 2.5 2 0 2 4 4
-6688.2 3973.0 -99.9 12 0 26.9 38.2 12.5 0.0 0 1 5 4 4
-6689.7 4001.8 -93.8 12 0 21.8 26.8 10.0 2.5 2 1 4 0 0
-6692.0 3972.5 -99.1 11 0 21.3 33.5 12.5 0.0 0 1 5 5 5
-6792.5 3991.5 -90.7 185 0 20.1 25.7 12.5 2.5 2 1 5 5 5
-6684.0 3999.6 -95.1 12 0 24.0 35.5 12.5 0.0 0 1 5 3 3
-6671.5 4086.5 -97.9 4 0 22.9 35.6 12.5 0.0 0 1 5 4 4
-6669.9 4110.9 -103.7 5 0 19.4 38.5 12.5 0.0 0 1 5 3 3
-6689.1 4147.2 -106.7 271 0 38.1 23.7 10.0 0.0 0 0 4 2 2
-6692.0 4173.8 -103.2 83 0 33.2 23.0 12.5 0.0 0 0 5 0 0
-6775.9 4244.7 -90.3 339 0 27.5 24.7 10.0 0.0 0 0 4 5 5
-6713.6 4266.2 -102.0 253 0 40.8 22.9 7.5 0.0 0 0 3 4 4
-6776.4 4244.4 -90.2 339 0 28.0 14.5 10.0 2.5 2 0 4 3 3
-6684.6 4236.7 -102.3 346 0 22.6 37.1 12.5 0.0 0 1 5 1 1
-2073.0 2130.1 -85.7 89 0 9.2 9.6 5.0 2.5 2 1 2 3 3
-2072.5 2164.0 -89.4 189 0 8.8 10.7 7.5 2.5 2 1 3 3 3
-2047.8 2204.2 -92.9 275 0 12.0 34.6 7.5 2.5 2 1 3 2 2
-2031.3 2208.0 -95.4 278 0 9.5 8.4 5.0 2.5 4 0 2 4 4
-5358.5 6169.4 -116.7 99 0 12.8 19.2 10.0 2.5 2 0 4 5 5
-5286.2 6454.4 -105.6 9 0 26.2 17.0 10.0 2.5 2 0 4 5 5
-5345.4 6172.2 -111.3 120 0 9.4 23.4 7.5 2.5 2 0 3 4 4
-6753.2 -8856.1 -127.7 12 0 12.4 12.7 2.5 2.5 2 1 1 0 0
-6742.1 -8855.2 -126.1 10 0 25.2 8.7 7.5 2.5 4 0 3 3 3
-6741.1 -8833.2 -131.4 354 0 13.1 20.8 15.0 0.0 0 1 6 1 1
-1438.3 -10694.2 -119.2 90 0 8.1 6.2 2.5 2.5 2 0 1 2 2
-6802.1 4009.8 -82.9 12 0 29.9 48.0 10.0 0.0 0 1 4 3 3
-6789.7 4274.7 -91.3 333 0 13.7 24.2 12.5 2.5 2 1 5 1 1
-6820.6 4316.9 -89.7 243 0 17.1 26.9 10.0 2.5 4 1 4 0 0
-6796.6 4288.8 -90.7 333 0 17.3 24.5 12.5 2.5 2 1 5 2 2
-6833.9 4196.1 -74.5 176 0 69.5 29.1 12.5 0.0 0 0 5 4 4
-6839.8 4063.6 -67.4 189 0 39.2 46.4 10.0 0.0 0 1 4 4 4
-6822.3 4316.2 -89.7 243 0 20.4 27.1 10.0 0.0 0 1 4 3 3
-6790.0 4274.7 -91.2 333 0 13.9 15.3 7.5 2.5 4 1 3 2 2
-6796.9 4288.8 -90.7 333 0 17.1 16.2 10.0 2.5 2 0 4 1 1
-6678.1 4198.3 -102.4 348 0 17.2 29.9 12.5 2.5 2 1 5 0 0
-6864.1 4567.8 -114.7 60 0 10.0 19.3 7.5 2.5 2 1 3 5 5
-2762.2 -10112.5 -129.2 30 0 23.2 17.8 12.5 0.0 0 0 5 5 5
-4056.1 -1740.5 -129.8 243 0 8.6 12.3 7.5 2.5 4 1 3 0 0
-5621.7 4909.9 1.4 172 0 7.2 15.5 7.5 2.5 2 1 3 4 4
-5629.9 4943.8 -1.0 78 0 4.8 8.2 5.0 0.0 0 1 2 4 4
-6126.3 4024.2 -119.9 225 0 24.3 27.1 15.0 0.0 0 1 6 0 0
-6053.3 4183.5 -110.7 232 0 16.9 41.7 12.5 0.0 0 1 5 4 4
-6272.9 4109.4 -106.5 319 0 68.4 29.3 10.0 0.0 0 0 4 0 0
-6075.7 4164.9 -111.4 232 0 18.0 46.8 12.5 2.5 2 1 5 3 3
-6015.7 4221.2 -108.0 232 0 15.7 31.0 12.5 2.5 2 1 5 5 5
-6064.7 4174.9 -111.8 232 0 10.3 48.6 12.5 2.5 4 1 5 1 1
-6033.2 4202.7 -111.8 232 0 17.9 46.2 12.5 0.0 0 1 5 5 5
-6350.5 4134.1 -102.8 229 0 79.5 35.2 10.0 0.0 0 0 4 2 2
-5583.5 7584.1 -94.1 252 0 4.7 9.0 7.5 0.0 0 1 3 3 3
-5556.2 7572.8 -96.2 342 0 12.1 42.2 7.5 2.5 2 0 3 2 2
-5544.2 7591.4 -95.9 336 0 42.6 7.2 5.0 2.5 2 0 2 0 0
-5513.3 7509.0 -105.8 157 0 28.9 6.5 2.5 2.5 4 0 1 1 1
-5324.1 7652.2 -86.4 76 0 6.4 16.4 7.5 0.0 0 0 3 3 3
-5345.9 7655.8 -82.4 76 0 7.2 16.4 7.5 0.0 0 0 3 5 5
-5337.1 7662.0 -85.9 167 0 8.6 7.1 7.5 0.0 0 0 3 4 4
-5339.3 7657.4 -83.0 76 0 6.4 16.4 7.5 0.0 0 0 3 2 2
-5608.5 7605.1 -92.6 4 0 4.4 4.9 7.5 0.0 0 0 3 2 2
-5711.0 7844.7 -69.8 160 0 16.6 10.2 22.5 0.0 0 0 9 4 4
-5734.0 7818.9 -57.7 338 0 5.8 8.9 7.5 0.0 0 0 3 3 3
-5748.9 7878.9 -58.0 351 0 5.8 8.9 7.5 0.0 0 0 3 4 4
-5715.3 7767.5 -59.9 286 0 4.7 7.2 7.5 0.0 0 0 3 2 2
-5554.4 7708.2 -77.1 347 0 8.8 7.2 7.5 0.0 0 0 3 4 4
-5626.0 7780.0 -75.0 161 0 5.2 10.3 7.5 0.0 0 1 3 2 2
-5590.9 7746.6 -74.5 179 0 5.2 10.3 7.5 0.0 0 1 3 5 5
-5538.8 7706.5 -82.9 347 0 12.6 39.2 20.0 0.0 0 1 8 3 3
-5655.3 7893.1 -54.8 125 0 9.3 11.0 7.5 0.0 0 1 3 1 1
-5659.8 7892.9 -55.7 133 0 24.7 19.1 22.5 0.0 0 0 9 3 3
-5502.6 7745.2 -55.5 48 0 8.3 21.8 7.5 0.0 0 1 3 4 4
-3865.0 8899.0 -96.2 65 0 23.6 9.3 7.5 2.5 2 0 3 4 4
-3860.0 8919.5 -97.4 335 0 9.3 23.6 5.0 2.5 2 1 2 3 3
-3874.9 8930.0 -97.8 246 0 23.6 9.3 7.5 2.5 2 0 3 1 1
-3878.9 8939.7 -98.0 246 0 23.6 9.3 7.5 2.5 2 0 3 2 2
-3844.8 8872.3 -93.0 317 0 11.6 20.6 8.0 2.5 2 1 2 4 4
-4130.8 8987.1 -63.2 47 0 21.8 13.6 10.0 2.5 2 0 4 4 4
-2589.0 9162.7 -107.2 63 0 14.3 20.9 10.0 2.5 2 1 4 3 3
-1872.9 9266.5 -100.2 92 0 33.7 17.4 10.0 2.5 2 0 4 2 2
-1928.9 9249.8 -57.7 241 0 15.3 9.0 5.0 2.5 2 0 2 2 2
-1878.2 9249.3 -90.1 273 0 25.9 21.1 12.5 2.5 2 0 5 4 4
-6011.9 5004.0 123.5 206 0 5.2 14.5 8.0 2.5 2 1 2 2 2
-4589.3 12890.2 -132.4 328 0 28.9 11.0 10.0 2.5 2 0 4 5 5
-2403.2 12430.9 -17.1 250 0 34.4 41.9 12.5 0.0 0 1 5 3 3
-2345.4 12335.8 -30.9 228 0 16.0 13.3 5.0 2.5 2 0 2 5 5
-2393.3 12310.4 -20.5 205 0 11.4 7.5 2.5 2.5 2 0 1 1 1
-2332.9 12341.9 -31.5 226 0 8.5 9.1 7.5 2.5 2 1 3 5 5
-2369.2 12477.7 -12.3 349 0 11.2 9.5 5.0 2.5 2 0 2 0 0
-2383.1 12488.7 -9.5 347 0 8.4 8.4 7.5 2.5 2 1 3 5 5
-5302.8 11348.4 -105.6 108 0 8.4 14.0 5.0 2.5 2 1 2 1 1
-6205.8 9996.5 -111.5 65 0 13.2 5.5 5.0 2.5 2 0 2 3 3
-3277.0 8483.9 -94.6 341 0 6.4 12.1 8.0 0.0 0 1 2 5 5
-4214.7 7840.9 -20.7 344 0 7.9 8.3 7.5 2.5 2 1 3 1 1
-3880.4 8054.3 -37.9 77 0 45.9 19.3 10.0 2.5 2 0 4 0 0
-4650.8 12886.3 -133.2 321 0 5.4 8.5 5.0 2.5 2 0 2 1 1
-3313.8 8240.3 -61.0 247 0 10.0 11.4 7.5 2.5 2 1 3 4 4
-6206.4 6834.2 -19.7 284 0 17.8 22.1 17.5 0.0 0 1 7 3 3
-1365.7 9166.5 -29.2 217 0 33.7 15.8 12.5 2.5 2 0 5 2 2
-1819.7 9201.5 -40.2 260 0 13.0 19.6 10.0 2.5 2 1 4 4 4
-1704.5 9163.6 -39.7 86 0 10.0 37.2 7.5 2.5 2 1 3 4 4
-1730.4 9181.0 -51.8 86 0 10.0 37.2 7.5 2.5 2 1 3 5 5
-1623.8 9157.4 -34.0 104 0 37.0 10.1 10.0 2.5 2 0 4 5 5
-1584.8 9149.4 -33.6 104 0 37.0 10.1 10.0 2.5 2 0 4 5 5
-1544.6 9140.4 -33.7 104 0 37.0 10.1 17.5 0.0 0 0 7 0 0
-1499.7 9135.0 -33.1 104 0 37.0 10.1 10.0 2.5 2 0 4 1 1
-1459.5 9128.4 -34.3 104 0 37.0 10.1 10.0 2.5 2 0 4 3 3
-1419.5 9122.3 -36.2 104 0 37.0 10.1 10.0 2.5 2 0 4 5 5
-1695.0 9055.2 -79.8 88 0 37.0 10.1 12.5 2.5 4 0 5 0 0
-1652.2 9057.1 -71.3 88 0 37.0 10.1 12.5 2.5 2 0 5 0 0
-1611.5 9059.5 -66.4 88 0 37.0 10.1 12.5 2.5 2 0 5 1 1
-1572.5 9060.9 -62.9 88 0 37.0 10.1 10.0 0.0 0 0 4 3 3
-1531.8 9063.2 -62.2 88 0 37.0 10.1 12.5 2.5 2 0 5 4 4
-1491.3 9064.9 -60.4 88 0 37.0 10.1 10.0 2.5 4 0 4 3 3
-1840.8 9205.8 -45.5 260 0 8.5 11.6 2.5 2.5 2 1 1 0 0
-1665.4 9166.0 -36.6 88 0 19.1 18.7 12.5 2.5 2 0 5 0 0
-6716.0 2862.5 -109.3 20 0 15.6 24.6 12.5 0.0 0 1 5 2 2
-6728.6 2826.8 -108.6 63 0 14.2 24.4 12.5 0.0 0 1 5 1 1
-6851.9 2933.0 -81.2 102 0 30.5 15.3 10.0 0.0 0 0 4 2 2
-6758.8 2865.2 -102.2 155 0 18.1 13.5 7.5 2.5 2 0 3 0 0
-6791.8 2946.5 -84.0 88 0 13.7 24.2 12.5 2.5 2 1 5 4 4
-6497.6 3934.2 -108.7 169 0 18.1 20.6 10.0 2.5 2 0 4 0 0
-6795.9 4478.6 -111.8 172 0 23.8 41.3 10.0 0.0 0 1 4 5 5
-6762.8 4447.9 -107.4 259 0 52.1 28.6 10.0 0.0 0 0 4 3 3
-6733.5 4413.6 -101.4 346 0 22.4 26.6 12.5 0.0 0 1 5 3 3
-6712.8 4348.9 -97.8 344 0 26.7 32.0 12.5 0.0 0 1 5 4 4
-6741.7 4485.1 -111.6 353 0 34.4 55.1 12.5 0.0 0 1 5 5 5
-6496.0 3969.2 -106.7 200 0 14.3 20.4 12.5 2.5 2 0 5 4 4
-6725.4 4414.8 -104.5 348 0 22.6 44.8 12.5 2.5 2 1 5 2 2
-6453.3 4074.1 -98.5 88 0 39.7 36.3 15.0 0.0 0 0 6 5 5
-6449.3 4010.7 -105.2 17 0 22.5 18.6 12.5 2.5 2 0 5 4 4
-6492.0 3986.0 -105.2 190 0 24.2 20.2 10.0 2.5 2 0 4 0 0
-6460.5 4110.1 -95.9 270 0 15.0 34.4 10.0 0.0 0 1 4 1 1
-6448.9 4071.3 -102.3 262 0 18.7 24.7 12.5 2.5 2 0 5 5 5
-6191.5 4194.3 -77.1 33 0 16.5 14.1 5.0 2.5 2 0 2 3 3
-6184.1 4161.0 -84.5 33 0 51.6 13.8 10.0 2.5 2 0 4 3 3
-6205.1 4176.1 -77.7 34 0 14.2 10.6 2.5 0.0 0 0 1 0 0
-6867.5 4433.7 -92.2 331 0 21.1 41.1 10.0 0.0 0 1 4 1 1
-6868.4 4433.5 -92.5 330 0 21.1 23.3 12.5 2.5 4 1 5 5 5
-6881.9 4457.7 -95.5 331 0 32.7 39.8 10.0 0.0 0 1 4 4 4
-6837.5 4505.6 -104.7 331 0 46.0 25.0 12.5 0.0 0 0 5 2 2
-6853.7 4539.4 -108.6 337 0 26.4 25.2 10.0 0.0 0 0 4 1 1
-6805.1 4444.3 -97.4 332 0 27.0 26.1 12.5 0.0 0 0 5 0 0
-6827.7 4431.9 -96.0 153 0 26.9 19.2 10.0 2.5 2 0 4 4 4
-6874.3 4528.5 -106.3 153 0 23.8 15.4 12.5 2.5 4 0 5 4 4
-6859.5 4493.8 -103.2 152 0 46.0 18.5 12.5 2.5 2 0 5 4 4
-6879.2 4554.1 -108.2 241 0 18.3 12.6 7.5 2.5 4 0 3 5 5
-6391.4 3352.2 -119.6 158 0 12.2 36.7 10.0 2.5 2 1 4 1 1
-6400.4 3365.5 -118.5 160 0 5.5 70.4 7.5 2.5 2 1 3 4 4
-6558.2 3860.9 -95.6 84 0 17.0 33.8 12.5 2.5 2 1 5 1 1
-6535.6 3916.4 -95.9 14 0 11.0 26.3 10.0 2.5 2 1 4 5 5
-6552.1 4074.3 -98.9 89 0 51.7 29.0 12.5 0.0 0 0 5 0 0
-6579.7 4066.9 -104.3 359 0 70.2 30.1 12.5 0.0 0 0 5 2 2
-6558.3 3957.7 -97.1 269 0 55.4 24.8 10.0 2.5 2 0 4 1 1
-6541.3 4243.5 -103.8 276 0 16.8 15.2 7.5 2.5 4 0 3 5 5
-6554.4 4208.9 -104.0 274 0 13.3 28.6 12.5 2.5 4 1 5 0 0
-6544.0 4111.3 -96.4 92 0 11.5 27.9 12.5 2.5 2 1 5 1 1
-6575.0 4139.9 -102.7 268 0 17.0 29.4 12.5 2.5 2 1 5 0 0
-6631.8 4222.2 -107.6 88 0 13.3 12.1 7.5 2.5 2 0 3 2 2
-6812.1 4501.6 -107.4 172 0 9.3 5.5 2.5 2.5 2 0 1 3 3
-6789.0 4357.5 -91.2 152 0 28.6 27.4 10.0 0.0 0 0 4 2 2
-6802.1 4382.6 -90.7 152 0 27.8 18.5 12.5 2.5 2 0 5 5 5
-6802.3 4382.8 -92.5 152 0 27.9 27.0 12.5 0.0 0 0 5 3 3
-6816.6 4410.0 -92.6 152 0 22.1 16.2 12.5 2.5 2 0 5 3 3
-6788.7 4357.4 -90.6 151 0 28.6 18.7 10.0 2.5 2 0 4 4 4
-6791.3 4420.2 -95.1 332 0 27.9 27.1 12.5 0.0 0 0 5 1 1
-1590.8 509.7 -121.6 272 0 8.0 8.6 5.0 2.5 4 1 2 4 4
-1543.6 488.0 -110.9 238 0 8.7 6.3 5.0 2.5 2 0 2 0 0
-1536.4 480.9 -107.5 239 0 8.1 6.7 7.5 2.5 2 0 3 5 5
-1500.9 499.4 -105.4 272 0 6.3 9.8 5.0 2.5 2 1 2 5 5
-6086.4 4144.2 -110.2 230 0 15.9 34.2 10.0 2.5 2 1 4 0 0
-6103.2 4113.4 -105.5 134 0 8.2 12.2 2.5 2.5 4 1 1 0 0
-6779.8 3784.5 -109.7 85 0 10.0 38.4 15.0 0.0 0 0 6 4 4
-6783.4 3822.4 -109.4 90 0 5.6 8.5 5.0 2.5 2 0 2 2 2
-6892.4 4573.9 -108.7 331 0 10.9 11.9 2.5 2.5 2 1 1 5 5
-6868.4 3105.5 -89.0 178 0 14.5 22.2 10.0 2.5 4 1 4 4 4
-6722.1 3087.8 -91.2 357 0 17.6 19.8 10.0 2.5 2 1 4 4 4
-6777.2 2789.8 -103.5 95 0 13.4 35.3 17.5 0.0 0 1 7 2 2
-6806.6 3228.1 -82.6 267 0 6.1 21.3 3.5 2.5 2 1 1 2 2
-6682.5 3182.9 -96.4 89 0 14.9 17.4 12.5 2.5 2 1 5 2 2
-6604.7 3261.9 -114.2 0 0 30.8 12.7 12.5 2.5 2 0 5 1 1
-2756.2 -10391.0 -121.9 69 0 24.3 15.4 10.0 0.0 0 0 4 4 4
-2744.2 -10341.8 -119.1 268 0 17.1 11.9 15.0 0.0 0 0 6 1 1
-2787.7 -10328.9 -113.3 335 0 26.1 7.9 5.0 2.5 2 0 2 3 3
-2801.1 -10325.3 -110.7 336 0 11.1 12.6 7.5 2.5 2 1 3 3 3
-2800.8 -10308.6 -109.5 334 0 13.9 10.1 7.5 0.0 0 0 3 4 4
-2831.2 -10341.8 -109.0 75 0 13.0 10.5 7.5 0.0 0 0 3 0 0
-2817.3 -10308.8 -107.5 334 0 9.7 23.9 7.5 2.5 4 1 3 2 2
-6731.9 3179.1 -81.4 88 0 20.1 19.8 10.0 2.5 2 0 4 1 1
-6704.1 3180.3 -91.6 89 0 26.4 20.1 10.0 2.5 2 0 4 3 3
-4402.4 7636.2 -50.6 11 0 16.8 19.3 12.5 2.5 2 1 5 4 4
-4411.7 7659.8 -48.9 189 0 16.4 17.7 10.0 2.5 4 1 4 0 0
-4380.0 7675.7 -46.1 10 0 15.6 15.9 5.0 2.5 2 1 2 4 4
-4342.7 7653.0 -49.2 222 0 28.7 18.0 12.5 2.5 2 0 5 0 0
-4334.6 7671.6 -43.6 226 0 8.6 6.2 5.0 2.5 2 0 2 4 4
-4358.0 7613.5 -59.2 214 0 14.0 15.1 5.0 2.5 2 0 2 2 2
-4348.6 7626.0 -56.5 218 0 17.0 14.6 10.0 2.5 2 0 4 2 2
-4302.2 7692.4 -47.6 218 0 25.3 14.8 15.0 0.0 0 0 6 0 0
-4601.4 -1149.4 -77.9 169 0 8.2 8.0 7.5 0.0 0 0 3 4 4
-4607.8 -1125.5 -80.5 98 0 7.9 9.0 7.5 2.5 2 1 3 2 2
-4591.8 -1177.6 -76.2 182 0 8.5 9.3 7.5 0.0 0 1 3 4 4
-4592.8 -1191.5 -74.5 182 0 8.5 9.3 7.5 2.5 2 1 3 4 4
-4594.5 -1203.6 -72.9 182 0 8.5 9.3 7.5 2.5 2 1 3 2 2
-4571.9 -1184.8 -77.8 254 0 9.3 8.5 7.5 0.0 0 0 3 5 5
-4620.2 -1172.6 -71.4 2 0 8.5 9.3 7.5 2.5 2 1 3 3 3
-4644.2 -1172.0 -72.6 182 0 8.5 9.3 7.5 2.5 2 1 3 3 3
-4618.0 -1187.7 -69.7 2 0 8.5 9.3 7.5 2.5 2 1 3 4 4
-4624.4 -1205.0 -70.6 92 0 9.3 8.5 7.5 2.5 2 0 3 3 3
-2665.5 9317.2 -116.4 352 0 44.9 12.3 12.5 2.5 2 0 5 1 1
-3131.9 -10244.6 -124.6 312 0 13.0 20.2 10.0 2.5 2 1 4 2 2
-4655.4 -675.6 -121.6 355 0 8.6 7.4 5.0 2.5 2 0 2 3 3
-5440.9 4442.5 -106.2 156 0 37.4 19.7 15.0 0.0 0 0 6 5 5
-6350.7 5547.0 -105.3 127 0 45.4 32.4 10.0 0.0 0 0 4 3 3
-6383.3 5594.5 -99.3 204 0 26.0 13.5 10.0 2.5 2 0 4 4 4
-6423.8 5638.6 -93.3 173 0 41.0 17.9 12.5 2.5 2 0 5 0 0
-6515.7 5689.3 -69.9 80 0 21.7 34.9 10.0 2.5 2 1 4 3 3
-6539.7 5651.9 -75.1 340 0 36.4 11.9 10.0 2.5 2 0 4 0 0
-6569.1 5704.4 -68.0 249 0 10.0 36.6 7.5 2.5 2 1 3 2 2
-6612.7 5664.9 -64.8 159 0 9.3 35.4 7.5 2.5 2 1 3 0 0
-6527.9 5490.3 -95.8 92 0 21.6 36.8 7.5 0.0 0 1 3 3 3
-6662.2 5551.9 -76.5 191 0 11.5 32.4 17.5 0.0 0 1 7 5 5
-6603.5 5529.7 -83.5 104 0 33.2 13.3 17.5 0.0 0 0 7 1 1
-6508.0 5536.1 -92.3 98 0 17.1 53.0 12.5 2.5 2 1 5 5 5
-6723.1 5341.8 -107.7 106 0 9.5 28.1 7.5 2.5 4 1 3 5 5
-6721.4 5399.2 -103.7 287 0 9.4 28.2 7.5 2.5 2 1 3 1 1
-6682.5 5415.3 -99.4 256 0 8.6 26.0 7.5 2.5 2 1 3 2 2
-6672.0 5380.8 -106.3 288 0 10.0 29.1 10.0 2.5 2 1 4 3 3
-6698.6 5451.4 -95.2 255 0 51.9 18.3 10.0 0.0 0 0 4 2 2
-6711.2 5647.4 -64.7 255 0 24.1 46.3 10.0 0.0 0 1 4 4 4
-6740.8 5558.4 -73.3 102 0 18.9 20.8 10.0 2.5 2 1 4 4 4
-6689.8 5530.4 -79.6 356 0 26.3 9.9 7.5 2.5 2 0 3 0 0
-6669.3 5491.4 -83.9 37 0 10.3 25.5 10.0 2.5 2 1 4 5 5
-6660.4 5372.6 -104.3 169 0 14.3 29.4 12.5 2.5 2 1 5 2 2
-6663.2 5402.1 -100.0 167 0 26.7 10.6 12.5 0.0 0 0 5 1 1
-6635.1 5425.6 -96.6 260 0 21.7 12.5 12.5 2.5 2 0 5 2 2
-6615.3 5437.3 -100.1 258 0 7.0 39.4 7.5 2.5 2 1 3 0 0
-6784.5 5687.6 -53.9 168 0 38.1 13.2 12.5 2.5 4 0 5 3 3
-6799.2 5709.4 -47.1 90 0 10.1 34.1 12.5 2.5 2 1 5 5 5
-6874.7 5577.6 -76.7 174 0 14.5 18.0 10.0 2.5 2 1 4 5 5
-6671.5 5668.4 -64.4 267 0 18.3 53.0 12.5 2.5 2 1 5 2 2
-6600.1 4848.8 -115.7 92 0 22.7 36.2 7.5 0.0 0 1 3 0 0
-6577.4 4679.8 -115.8 80 0 34.1 34.6 15.0 0.0 0 1 6 4 4
-6476.2 4578.1 -104.6 351 0 7.7 34.3 7.5 0.0 0 1 3 1 1
-6523.6 4610.4 -107.5 261 0 8.9 34.6 7.5 0.0 0 1 3 3 3
-6393.0 4797.5 -92.2 5 0 39.0 6.9 7.5 0.0 0 0 3 2 2
-6421.3 4750.5 -96.4 95 0 8.4 36.0 7.5 2.5 2 1 3 2 2
-6367.5 4822.3 -87.9 2 0 34.9 9.7 7.5 2.5 4 0 3 1 1
-6453.4 4823.7 -100.9 274 0 10.9 43.7 12.5 2.5 2 1 5 4 4
-5753.5 6406.0 -115.5 49 0 8.2 15.4 7.5 2.5 2 0 3 2 2
-5739.0 6416.5 -114.7 47 0 8.2 16.1 5.0 2.5 2 0 2 1 1
-5733.4 6422.3 -113.9 42 0 8.1 16.2 7.5 2.5 2 0 3 5 5
-5911.0 6445.0 -106.1 255 0 7.2 18.5 5.0 2.5 2 1 2 5 5
-2261.2 2119.1 -119.1 163 0 12.0 12.7 2.5 2.5 2 1 1 1 1
-5171.1 12606.3 -88.6 19 0 16.7 34.7 12.5 2.5 2 1 5 3 3
-5018.5 12574.7 -83.4 53 0 14.0 26.8 10.0 0.0 0 1 4 5 5
-6433.8 12424.2 -117.6 259 0 11.5 8.2 5.0 2.5 2 0 2 1 1
-6477.9 5203.4 -102.5 148 0 41.3 32.1 12.5 0.0 0 0 5 1 1
-6465.7 5310.3 -108.7 148 0 17.1 7.4 5.0 2.5 2 0 2 5 5
-6397.2 5391.7 -98.5 52 0 6.7 11.6 2.5 0.0 0 1 1 1 1
-6331.0 5360.2 -91.7 322 0 8.7 11.3 2.5 2.5 2 1 1 2 2
-6302.4 5388.0 -94.7 46 0 9.6 12.1 5.0 2.5 2 1 2 1 1
-6290.4 5387.7 -94.6 46 0 12.3 8.4 5.0 2.5 2 0 2 1 1
-6407.5 5120.9 -101.3 113 0 9.2 29.6 7.5 2.5 2 1 3 1 1
-5252.8 4764.3 7.5 138 0 10.6 18.1 10.0 0.0 0 0 4 1 1
-5204.9 4804.3 -3.2 173 0 24.7 10.3 7.5 0.0 0 0 3 4 4
-5217.1 4827.3 -72.0 168 0 19.0 17.8 12.5 2.5 2 0 5 2 2
-5226.3 4833.7 -50.2 0 0 8.2 10.2 2.5 0.0 0 1 1 1 1
-5224.4 4844.8 -114.3 149 0 17.8 22.9 12.5 0.0 0 1 5 0 0
-6243.7 3758.1 -124.8 57 0 25.8 7.1 5.0 2.5 2 0 2 0 0
-6238.7 3750.8 -125.9 57 0 26.8 7.8 5.0 0.0 0 0 2 0 0
-6188.2 3820.8 -126.5 238 0 80.8 21.4 12.5 0.0 0 0 5 5 5
-6196.5 3775.0 -126.6 58 0 26.1 12.0 10.0 0.0 0 0 4 5 5
-6164.9 3785.7 -126.6 58 0 32.0 17.2 10.0 2.5 2 0 4 3 3
-6144.8 3851.4 -126.6 238 0 22.2 33.4 10.0 0.0 0 1 4 4 4
-6105.9 3829.1 -126.5 332 0 6.4 6.5 7.5 2.5 4 1 3 0 0
-6237.0 3789.2 -124.2 237 0 6.7 10.9 2.5 2.5 2 1 1 4 4
-6227.6 3794.9 -125.2 238 0 6.0 10.6 7.5 2.5 2 1 3 0 0
-5677.8 2780.2 -119.9 144 0 21.5 207.0 12.5 0.0 0 1 5 3 3
-6776.6 3113.9 -76.9 268 0 5.1 17.0 7.5 2.5 2 0 3 2 2
-6756.4 3114.8 -81.9 268 0 5.1 17.0 7.5 2.5 2 0 3 4 4
-6751.3 3115.0 -83.2 267 0 5.1 17.0 7.5 2.5 2 0 3 2 2
-6731.0 3115.9 -88.2 267 0 5.1 17.0 7.5 2.5 2 0 3 3 3
-6723.0 3107.7 -89.4 358 0 17.0 5.1 7.5 2.5 2 0 3 4 4
-6783.9 3105.0 -76.8 177 0 17.0 5.1 7.5 2.5 2 0 3 2 2
-6824.6 3149.1 -84.7 267 0 5.3 12.9 7.5 0.0 0 0 3 3 3
-6798.7 3147.9 -83.9 357 0 5.4 15.4 7.5 0.0 0 0 3 1 1
-6798.3 3140.0 -83.8 357 0 10.5 15.4 15.0 0.0 0 0 6 4 4
-6805.1 3124.0 -82.8 87 0 15.4 10.2 15.0 0.0 0 0 6 2 2
-6819.3 3149.4 -84.4 267 0 5.3 12.9 7.5 0.0 0 0 3 3 3
-6832.1 3142.2 -85.0 177 0 12.9 5.2 7.5 0.0 0 0 3 1 1
-6590.9 12552.3 -128.1 335 0 9.8 11.7 7.5 2.5 2 1 3 4 4
-6638.1 12647.9 -122.9 136 0 5.9 16.2 5.0 2.5 2 1 2 1 1
-6508.9 12448.9 -126.7 248 0 13.1 15.4 5.0 2.5 2 1 2 0 0
-6524.6 12516.8 -133.3 184 0 7.4 21.0 7.5 0.0 0 1 3 4 4
-2922.0 -10231.6 -108.4 241 0 50.4 9.6 7.5 2.5 2 0 3 3 3
-2864.8 -10361.5 -111.2 170 0 8.7 55.6 7.5 2.5 4 1 3 3 3
-2921.5 -10260.7 -108.9 235 0 9.6 55.8 7.5 2.5 2 1 3 4 4
-2785.7 -10252.9 -106.0 329 0 9.6 55.7 7.5 2.5 2 1 3 0 0
-2906.3 -10247.7 -104.5 155 0 24.6 10.2 12.5 0.0 0 0 5 4 4
-2872.5 -10214.5 -100.0 242 0 16.5 11.1 10.0 2.5 2 0 4 2 2
-2878.9 -10496.5 -129.8 26 0 30.6 29.1 10.0 0.0 0 0 4 3 3
-2861.8 -10498.7 -127.2 117 0 11.1 16.5 7.5 2.5 2 1 3 5 5
-2740.9 -10310.0 -116.3 343 0 25.2 21.0 10.0 2.5 2 0 4 1 1
-2691.4 -10270.5 -119.6 349 0 13.7 17.4 2.5 2.5 2 1 1 3 3
-2711.0 -10221.9 -124.5 259 0 17.2 41.7 12.5 2.5 2 1 5 0 0
-2747.6 -10189.4 -126.5 149 0 13.7 22.0 10.0 2.5 2 1 4 5 5
-4387.3 -1591.2 -118.0 61 0 18.4 9.8 5.0 2.5 2 0 2 4 4
-6729.9 3067.2 -94.2 268 0 13.7 24.2 10.0 2.5 2 1 4 3 3
-6723.3 4701.3 -116.1 176 0 74.2 49.5 7.5 0.0 0 0 3 2 2
-6560.0 4841.8 -113.7 181 0 16.4 29.3 12.5 2.5 2 0 5 5 5
-6527.9 4902.7 -111.5 95 0 26.4 21.9 12.5 2.5 2 0 5 0 0
-5227.1 4740.9 0.4 294 0 11.0 17.4 7.5 0.0 0 1 3 0 0
-3663.0 -1977.6 -123.3 133 0 13.7 23.4 7.5 0.0 0 1 3 5 5
-3625.5 -1992.3 -123.0 97 0 13.6 23.5 10.0 0.0 0 1 4 1 1
-3596.9 -1958.8 -122.3 10 0 8.3 14.2 7.5 0.0 0 1 3 3 3
-6500.2 12525.0 -133.7 197 0 9.3 6.2 7.5 2.5 2 0 3 4 4
-4369.2 -1429.6 -112.7 94 0 4.7 7.3 5.0 2.5 2 0 2 0 0
-5605.3 7597.8 -93.1 14 0 17.3 15.2 15.0 0.0 0 0 6 2 2
-5689.1 7817.9 -72.2 69 0 7.0 25.6 7.5 2.5 2 0 3 2 2
-6551.7 5141.7 -107.0 180 0 7.4 7.5 5.0 0.0 0 1 2 4 4
