1727.7 1248.7 -0.2 3 0 11.2 22.3 7.5 2.5 2 1 3 5 5
1794.0 1244.6 0.4 275 0 61.8 12.7 7.5 0.0 0 0 3 2 2
1759.9 1025.0 -0.4 96 0 20.0 12.1 5.0 2.5 2 0 2 4 4
1838.9 1032.1 0.4 186 0 12.5 20.7 7.5 2.5 2 1 3 5 5
-4963.4 -10503.4 -5.3 266 0 170.3 15.5 7.5 0.0 0 0 3 3 3
-5039.0 -10614.4 -5.8 176 0 94.5 48.1 7.5 0.0 0 0 3 2 2
-5569.5 -10374.0 -5.0 176 0 79.1 11.2 12.5 2.5 2 0 5 3 3
-5564.7 -10450.0 -5.3 176 0 64.7 14.9 10.0 2.5 2 0 4 2 2
-5086.9 -10092.7 -3.7 176 0 31.6 15.8 17.5 3.5 2 0 5 5 5
-5212.2 -10039.3 -3.6 266 0 59.5 42.2 10.0 0.0 0 0 4 4 4
-5313.4 -10100.4 -3.9 176 0 112.1 14.0 10.0 2.5 2 0 4 4 4
-5245.5 -10194.8 -4.2 86 0 116.9 37.9 10.0 0.0 0 0 4 3 3
-5153.1 -9934.7 -3.3 266 0 15.2 56.3 14.0 3.5 2 1 4 3 3
-4939.9 -9720.7 -2.4 266 0 14.6 59.8 17.5 3.5 2 1 5 1 1
-4947.5 -9684.1 -2.1 85 0 37.8 13.1 17.5 3.5 2 0 5 1 1
-4915.9 -9632.7 -2.0 356 0 98.9 12.9 17.5 3.5 2 0 5 0 0
-4618.5 -10001.4 -3.3 178 0 27.9 42.8 17.5 0.0 0 0 5 1 1
-4466.1 -10006.3 -3.2 358 0 34.0 41.2 17.5 0.0 0 1 5 5 5
-4482.1 -10145.1 -3.7 90 0 12.9 84.8 17.5 3.5 2 1 5 1 1
-4778.8 -9497.5 -1.5 268 0 16.7 74.6 14.0 3.5 2 1 4 5 5
-4929.5 -9512.7 -2.3 356 0 107.5 16.4 17.5 0.0 0 0 5 2 2
-5051.2 -9449.2 -2.7 266 0 16.1 49.6 17.5 0.0 0 1 5 5 5
-5043.4 -9504.5 -2.6 266 0 12.4 69.3 17.5 3.5 2 1 5 5 5
-5101.3 -9886.6 -3.0 176 0 40.9 11.9 17.5 3.5 2 0 5 5 5
-5104.8 -9824.5 -2.8 176 0 62.2 15.0 17.5 3.5 2 0 5 0 0
-5033.6 -9160.8 -3.3 266 0 14.2 56.9 17.5 3.5 2 1 5 1 1
-5015.3 -9269.6 -3.2 356 0 77.8 17.0 17.5 3.5 2 0 5 1 1
1692.2 1205.7 -0.1 173 0 19.8 19.3 12.5 2.5 2 0 5 3 3
1852.5 1055.2 0.0 77 0 17.9 19.2 12.5 2.5 2 0 5 0 0
-4311.9 -8385.4 -1.5 87 0 17.4 51.8 17.5 3.5 4 1 5 0 0
-4355.3 -8336.0 -1.8 267 0 15.8 51.8 17.5 3.5 2 1 5 0 0
-1993.0 -10670.6 -5.1 86 0 25.8 176.8 14.0 0.0 0 1 4 3 3
-1706.6 -10561.7 -4.8 356 0 143.1 277.8 14.0 0.0 0 1 4 4 4
-5939.7 -8939.0 -7.8 175 0 84.1 12.4 17.5 3.5 2 0 5 0 0
-5931.1 -9032.9 -7.6 175 0 84.0 12.4 17.5 3.5 2 0 5 0 0
-5895.0 -8987.6 -7.4 265 0 12.4 84.0 17.5 3.5 4 1 5 3 3
-5898.7 -8977.8 -7.7 85 0 12.4 84.0 17.5 3.5 2 1 5 4 4
-5874.3 -8934.2 -7.5 175 0 84.0 12.4 17.5 3.5 2 0 5 0 0
-5865.3 -9029.1 -7.3 175 0 84.0 12.4 17.5 3.5 2 0 5 0 0
-5853.6 -9081.0 -7.0 265 0 12.4 132.3 17.5 0.0 0 1 5 2 2
-5833.5 -9238.5 -6.6 355 0 41.2 12.4 17.5 3.5 2 0 5 4 4
-5867.8 -9213.4 -6.9 355 0 71.8 12.4 17.5 3.5 2 0 5 1 1
-5886.1 -9085.5 -7.1 265 0 12.4 83.6 17.5 0.0 0 1 5 0 0
-5921.3 -9130.8 -7.3 175 0 83.6 12.4 17.5 0.0 0 0 5 5 5
-5915.1 -9216.6 -7.1 175 0 71.8 12.4 17.5 3.5 2 0 5 3 3
-5935.1 -9215.2 -7.2 355 0 71.8 12.4 17.5 3.5 2 0 5 2 2
-5588.7 -10144.2 -4.1 177 0 38.9 12.0 7.5 2.5 2 0 3 1 1
-5235.5 -9669.4 -3.2 177 0 69.9 13.7 17.5 3.5 4 0 5 1 1
-5587.3 -9966.1 -3.9 267 0 16.0 47.2 14.0 3.5 2 1 4 5 5
-4850.9 -10537.2 -5.4 357 0 59.0 11.2 7.5 2.5 2 0 3 2 2
-4845.2 -10646.8 -5.8 357 0 83.1 10.8 7.5 2.5 2 0 3 3 3
-4369.9 -2313.7 3.4 90 0 28.3 29.4 12.5 0.0 0 1 5 5 5
-4364.4 -2324.8 3.5 90 0 39.8 6.6 7.5 0.0 0 0 3 1 1
-4337.8 -2323.3 3.4 90 0 7.0 42.8 7.5 2.5 4 1 3 1 1
-4362.9 -2271.8 3.2 90 0 40.4 53.4 7.5 0.0 0 1 3 4 4
-4439.5 -2245.8 3.5 180 0 56.1 40.4 5.0 0.0 0 0 2 1 1
-4439.1 -2184.0 3.3 180 0 25.9 56.1 10.0 2.5 4 1 4 0 0
-4439.8 -2303.6 3.5 180 0 43.8 16.1 10.0 2.5 2 0 4 0 0
-4417.2 -2377.5 3.6 180 0 25.1 32.5 7.5 0.0 0 1 3 5 5
-4430.9 -2438.9 3.5 90 0 18.4 105.4 10.0 0.0 0 0 4 2 2
-5171.1 -9601.0 -3.1 87 0 11.6 43.6 17.5 3.5 2 1 5 2 2
-5172.1 -9606.5 -2.9 267 0 22.2 42.7 17.5 0.0 0 1 5 3 3
-4777.2 -7842.6 -6.1 90 0 10.7 284.0 10.5 0.0 0 1 3 3 3
-4965.4 -7852.9 -6.1 90 0 11.7 59.9 10.5 3.5 2 1 3 4 4
-4923.3 -7842.4 -6.0 90 0 15.6 73.3 10.5 0.0 0 1 3 2 2
-4880.3 -7771.0 -5.7 270 0 14.7 56.3 10.5 3.5 2 1 3 4 4
-4841.3 -7771.0 -5.6 270 0 16.5 45.1 10.5 3.5 2 1 3 3 3
-4792.6 -7802.4 -5.4 360 0 63.9 14.6 10.5 3.5 2 0 3 1 1
-4799.0 -7948.7 -5.0 270 0 14.1 48.5 10.5 3.5 2 1 3 5 5
-4799.5 -7940.4 -5.2 90 0 13.7 60.5 14.0 3.5 2 1 4 4 4
-4840.6 -7936.8 -5.4 90 0 14.0 41.7 14.0 3.5 2 1 4 1 1
-4880.6 -7934.2 -5.5 90 0 12.7 49.1 14.0 0.0 0 1 4 4 4
-4920.6 -7936.7 -5.8 90 0 13.5 64.3 14.0 3.5 2 1 4 4 4
-4955.7 -7913.3 -5.9 360 0 79.1 14.4 10.5 3.5 2 0 3 3 3
-4841.3 -7946.3 -5.2 270 0 15.0 62.7 10.5 3.5 2 1 3 5 5
-4882.5 -7946.7 -5.4 270 0 12.5 65.3 10.5 3.5 2 1 3 5 5
-4920.7 -7947.8 -5.5 270 0 14.5 69.3 10.5 3.5 2 1 3 5 5
-5713.3 -10081.2 -4.3 267 0 110.2 6.9 7.5 2.5 2 0 3 4 4
-5628.1 -10221.0 -4.3 87 0 13.0 55.7 10.0 2.5 2 1 4 3 3
-5618.9 -10332.6 -4.8 87 0 10.3 67.9 14.0 3.5 2 1 4 4 4
-5471.9 -10509.5 -5.4 86 0 34.3 11.6 12.5 2.5 2 0 5 5 5
-5470.9 -10492.1 -5.3 86 0 14.0 51.6 10.0 2.5 2 1 4 5 5
-5513.3 -10509.7 -5.4 86 0 43.3 15.1 7.5 2.5 2 0 3 4 4
-6236.5 -4718.9 -6.3 90 0 79.9 178.1 14.0 0.0 0 1 4 2 2
-6159.3 -4721.2 -6.4 90 0 43.6 179.9 14.0 0.0 0 1 4 2 2
-5986.7 -4631.1 -6.5 0 0 179.3 58.7 14.0 0.0 0 0 4 3 3
-6065.3 -4631.6 -6.4 0 0 179.3 61.0 14.0 0.0 0 0 4 4 4
-6035.1 -5159.8 -7.0 180 0 143.1 135.7 14.0 0.0 0 0 4 1 1
-6081.8 -5191.8 -6.6 0 0 230.3 70.6 17.5 0.0 0 0 5 0 0
-6018.5 -4925.0 -6.9 90 0 217.7 104.8 17.5 0.0 0 0 5 3 3
-6017.7 -5063.5 -6.9 90 0 217.7 119.4 17.5 0.0 0 0 5 2 2
-6009.4 -2674.6 -5.8 270 0 94.3 149.0 10.0 0.0 0 1 4 2 2
-6097.7 -2726.8 -5.7 270 0 58.0 96.6 10.0 0.0 0 1 4 3 3
-6380.7 -3745.9 -5.7 90 0 67.6 93.1 14.0 0.0 0 1 4 2 2
-6298.6 -3741.3 -5.8 90 0 68.8 157.9 14.0 0.0 0 1 4 1 1
-6289.8 -3753.1 -5.9 270 0 182.6 134.2 14.0 0.0 0 0 4 2 2
-5599.0 -3119.5 -6.8 90 0 196.7 99.6 10.0 0.0 0 0 4 0 0
-5598.1 -3142.9 -6.8 270 0 196.7 99.6 7.5 0.0 0 0 3 0 0
-5741.9 -3115.1 -6.3 90 0 20.1 97.3 10.0 0.0 0 1 4 4 4
-5742.1 -3242.4 -6.4 90 0 20.1 99.6 7.5 0.0 0 1 3 1 1
-6397.3 -2856.2 -5.6 180 0 143.6 143.4 7.5 0.0 0 0 3 2 2
-6514.6 -3032.2 -5.1 357 0 98.5 161.1 7.5 0.0 0 1 3 2 2
-6597.5 -3234.1 -5.3 87 0 177.2 141.6 15.0 0.0 0 0 6 3 3
-6609.5 -3257.0 -5.3 270 0 174.6 223.9 7.5 0.0 0 1 3 4 4
-5493.3 -3577.8 -7.0 271 0 128.4 72.3 10.0 0.0 0 0 4 0 0
-5665.7 -3577.5 -6.7 271 0 128.4 72.3 10.0 0.0 0 0 4 5 5
-5783.9 -3720.2 -7.4 180 0 102.3 381.2 7.5 0.0 0 1 3 3 3
-6850.9 -4504.2 -5.2 1 0 123.1 68.8 10.0 0.0 0 0 4 3 3
-6097.6 -3738.0 -6.0 360 0 166.4 77.8 14.0 0.0 0 0 4 2 2
-6056.4 -3752.2 -6.5 180 0 167.5 174.7 7.5 0.0 0 1 3 0 0
-5801.7 -9195.7 -6.6 175 0 34.4 9.3 10.5 3.5 2 0 3 3 3
-5829.3 -9199.8 -6.7 175 0 34.4 12.0 17.5 3.5 2 0 5 2 2
-5806.8 -9076.2 -6.8 265 0 11.9 93.4 17.5 3.5 2 1 5 4 4
-5836.0 -9125.9 -7.0 175 0 93.4 12.0 17.5 0.0 0 0 5 1 1
-5706.4 -9196.5 -6.2 357 0 55.9 11.2 17.5 3.5 2 0 5 0 0
-6065.9 -3871.8 -6.2 270 0 58.5 91.4 14.0 0.0 0 1 4 4 4
-6036.2 -4034.6 -6.2 0 0 91.4 58.5 10.5 0.0 0 0 3 2 2
-6919.3 -2834.4 -4.6 180 0 256.6 84.9 10.0 0.0 0 0 4 1 1
-6753.5 -2703.4 -4.7 270 0 84.9 256.6 10.0 0.0 0 1 4 3 3
-2893.5 -10074.5 -3.1 356 0 47.1 13.0 14.0 3.5 2 0 4 4 4
-2934.6 -10054.7 -3.1 266 0 13.0 47.1 14.0 3.5 2 1 4 3 3
-2969.3 -10056.5 -3.1 266 0 13.0 47.1 14.0 3.5 2 1 4 3 3
-3006.9 -10082.7 -3.2 176 0 47.1 13.0 14.0 3.5 4 0 4 1 1
-3207.1 -10831.0 -6.0 267 0 81.4 9.0 10.5 0.0 0 0 3 1 1
-2346.1 -10663.1 -5.2 356 0 26.8 131.4 14.0 0.0 0 1 4 5 5
-2416.9 -10597.1 -5.0 266 0 131.4 44.6 14.0 0.0 0 0 4 5 5
-2806.2 -10646.1 -5.3 356 0 151.2 15.3 14.0 0.0 0 0 4 5 5
-3724.7 -9236.9 -3.6 88 0 43.9 37.0 14.0 0.0 0 0 4 3 3
-3772.3 -9233.0 -3.4 88 0 15.1 30.4 14.0 3.5 2 1 4 3 3
-4857.0 -9539.8 -1.8 177 0 77.3 14.7 14.0 3.5 2 0 4 1 1
-2918.4 -10200.9 -3.5 85 0 12.5 68.7 14.0 3.5 2 1 4 2 2
-2954.3 -10204.1 -3.5 85 0 12.5 68.7 14.0 3.5 2 1 4 0 0
-2991.7 -10207.1 -3.6 85 0 12.5 68.7 14.0 3.5 2 1 4 3 3
-2994.8 -10222.1 -3.7 265 0 13.0 46.5 10.5 3.5 2 1 3 5 5
-2959.0 -10217.1 -3.7 265 0 12.9 46.5 10.5 3.5 2 1 3 1 1
-2924.8 -10214.4 -3.7 265 0 13.0 46.5 10.5 3.5 2 1 3 4 4
-2889.6 -10211.4 -3.7 265 0 12.9 46.5 10.5 3.5 2 1 3 4 4
-2849.9 -10231.5 -3.7 355 0 46.5 13.0 10.5 3.5 2 0 3 5 5
-2869.1 -10160.5 -3.4 176 0 71.2 11.7 10.5 3.5 2 0 3 5 5
-2874.1 -10091.1 -3.2 176 0 49.7 11.7 10.5 3.5 2 0 3 2 2
-2872.1 -10033.0 -2.9 86 0 11.7 45.0 10.5 3.5 2 1 3 2 2
-2907.0 -10035.3 -2.9 86 0 11.7 45.0 10.5 0.0 0 1 3 5 5
-2940.8 -10038.6 -2.9 86 0 11.7 45.0 10.5 3.5 2 1 3 5 5
-2973.6 -10041.9 -2.9 86 0 11.7 45.0 10.5 3.5 4 1 3 4 4
-3008.2 -10044.9 -3.0 86 0 11.7 45.0 10.5 0.0 0 1 3 2 2
-5651.7 -6121.3 -7.7 90 0 66.5 157.9 5.0 0.0 0 1 2 3 3
-5617.6 -5875.4 -7.6 0 0 154.1 66.5 7.5 0.0 0 0 3 1 1
-5767.4 -5875.2 -7.5 180 0 154.1 66.5 7.5 0.0 0 0 3 0 0
-5768.0 -6042.3 -7.6 180 0 157.9 66.5 7.5 0.0 0 0 3 1 1
-4939.7 -10346.1 -4.7 353 0 32.9 7.4 10.5 3.5 2 0 3 1 1
-4935.4 -10400.1 -4.8 82 0 10.4 19.9 17.5 3.5 2 1 5 2 2
-4961.8 -10383.4 -4.8 82 0 9.0 13.3 10.5 3.5 2 1 3 0 0
-4959.9 -10403.0 -4.8 82 0 9.3 17.4 10.5 3.5 2 1 3 5 5
-4903.5 -10524.4 -5.4 266 0 14.0 49.8 10.0 2.5 2 1 4 3 3
-4930.8 -10529.1 -5.4 266 0 12.9 46.7 12.5 2.5 2 1 5 4 4
-4966.7 -10531.2 -5.4 266 0 14.3 45.0 7.5 0.0 0 1 3 3 3
-4553.9 8246.1 -4.9 351 0 37.4 17.0 21.0 3.5 2 0 6 2 2
-4552.5 8179.8 -5.3 81 0 17.0 37.1 17.5 0.0 0 1 5 5 5
-4634.1 8167.5 -5.2 82 0 136.1 10.2 17.5 3.5 2 0 5 4 4
-4643.4 8243.9 -4.6 172 0 17.0 63.1 21.0 3.5 2 1 6 3 3
-4650.1 8242.7 -4.3 352 0 17.0 63.1 17.5 3.5 4 1 5 1 1
-4730.1 8239.5 -4.7 262 0 17.2 87.0 17.5 3.5 2 1 5 2 2
-4632.8 8225.3 -5.0 262 0 87.4 35.2 17.5 0.0 0 0 5 0 0
-4482.9 8170.6 -5.7 82 0 19.4 45.3 17.5 3.5 2 1 5 1 1
-4401.6 8180.2 -6.0 82 0 9.9 67.4 10.5 3.5 2 1 3 0 0
-4420.4 8177.9 -6.0 82 0 11.7 67.0 17.5 3.5 2 1 5 4 4
-4440.2 8175.1 -5.9 82 0 12.1 66.7 17.5 3.5 2 1 5 0 0
-4459.9 8172.4 -5.8 82 0 12.6 66.3 17.5 3.5 2 1 5 1 1
-4398.6 8136.2 -6.4 82 0 11.3 30.1 17.5 3.5 2 1 5 0 0
-4420.0 8133.2 -6.3 82 0 11.2 32.7 17.5 3.5 2 1 5 2 2
-4442.5 8129.7 -6.2 82 0 11.2 33.4 17.5 3.5 2 1 5 2 2
-4469.3 8165.6 -6.2 262 0 10.6 39.6 17.5 3.5 2 1 5 1 1
-4295.8 8249.2 -6.4 352 0 48.2 11.0 17.5 3.5 2 0 5 5 5
-4339.3 8276.8 -6.3 262 0 11.8 57.8 17.5 0.0 0 1 5 3 3
-4362.8 8244.2 -6.0 352 0 57.8 13.1 17.5 3.5 2 0 5 5 5
-4320.6 8148.9 -6.7 82 0 12.1 65.2 17.5 3.5 2 1 5 0 0
-4285.5 8187.0 -6.9 352 0 65.2 12.2 17.5 3.5 2 0 5 1 1
-4354.8 8143.9 -6.6 82 0 13.2 65.2 17.5 0.0 0 1 5 0 0
-4284.7 8146.5 -7.4 261 0 10.5 43.9 17.5 3.5 2 1 5 1 1
-4318.4 8141.1 -7.2 261 0 10.5 43.9 17.5 3.5 2 1 5 0 0
-4350.7 8135.7 -7.1 261 0 10.5 43.9 17.5 3.5 2 1 5 3 3
-4384.9 8130.2 -7.0 261 0 10.5 43.9 17.5 3.5 2 1 5 1 1
-4418.7 8125.2 -6.8 261 0 10.5 43.9 17.5 3.5 2 1 5 2 2
-4449.4 8120.8 -6.7 261 0 10.5 43.9 17.5 3.5 2 1 5 3 3
-4278.1 8058.3 -7.7 81 0 12.8 43.2 17.5 3.5 2 1 5 2 2
-4304.4 8053.5 -7.6 81 0 12.8 42.9 17.5 3.5 4 1 5 3 3
-4329.8 8050.5 -7.5 81 0 12.8 42.0 17.5 3.5 2 1 5 2 2
-4355.4 8045.1 -7.4 81 0 12.0 43.5 17.5 3.5 2 1 5 3 3
-4381.0 8042.5 -7.3 81 0 11.8 42.3 17.5 3.5 2 1 5 5 5
-4404.5 8037.3 -7.2 81 0 11.4 44.0 17.5 3.5 2 1 5 0 0
-4430.9 8033.7 -7.1 81 0 11.4 43.7 17.5 3.5 2 1 5 2 2
-4458.6 8030.2 -6.9 81 0 10.6 43.5 17.5 3.5 2 1 5 0 0
-4849.8 7703.4 -5.4 262 0 71.3 11.0 17.5 0.0 0 0 5 1 1
-4778.9 7568.1 -5.9 82 0 12.3 80.7 14.0 3.5 2 1 4 0 0
-4778.0 7562.1 -6.1 262 0 12.4 59.2 14.0 3.5 2 1 4 2 2
-4826.3 7652.7 -5.3 82 0 12.4 36.3 17.5 3.5 2 1 5 3 3
-4824.9 7642.8 -5.6 262 0 12.4 80.7 14.0 3.5 2 1 4 0 0
-4801.9 7529.3 -5.6 352 0 57.6 12.4 14.0 3.5 4 0 4 4 4
-5036.2 7541.8 -3.5 180 0 54.3 8.2 10.5 3.5 2 0 3 3 3
-5016.6 7473.1 -3.6 90 0 8.6 26.7 10.5 3.5 2 1 3 1 1
-4993.5 7472.7 -3.6 90 0 23.4 25.3 14.0 3.5 2 1 4 1 1
-4746.1 7446.2 -6.3 89 0 11.7 48.3 14.0 3.5 2 1 4 2 2
-4771.2 7446.8 -6.0 89 0 11.7 48.3 14.0 3.5 4 1 4 3 3
-4795.7 7495.7 -5.7 269 0 11.7 48.3 14.0 3.5 2 1 4 0 0
-4819.8 7495.2 -5.4 269 0 11.6 36.3 14.0 3.5 2 1 4 0 0
-4843.9 7495.8 -5.0 269 0 11.5 36.3 14.0 3.5 2 1 4 5 5
-4894.2 7495.1 -4.0 270 0 12.0 24.6 14.0 3.5 2 1 4 1 1
-4918.5 7496.0 -3.5 269 0 12.6 24.7 14.0 3.5 2 1 4 3 3
-4943.5 7496.8 -3.5 270 0 12.5 24.5 14.0 3.5 2 1 4 3 3
-4969.0 7496.0 -3.6 270 0 12.7 24.1 14.0 3.5 2 1 4 1 1
-4827.9 7859.8 -5.3 261 0 5.6 49.3 10.5 3.5 2 1 3 5 5
-4843.1 7859.1 -5.2 262 0 5.4 50.8 10.5 0.0 0 1 3 0 0
-4806.6 7741.7 -5.5 81 0 11.4 57.4 17.5 3.5 2 1 5 1 1
-4858.4 7830.4 -4.9 172 0 48.5 5.9 10.5 3.5 2 0 3 3 3
-4873.0 7827.4 -4.7 171 0 49.1 5.5 10.5 3.5 2 0 3 5 5
-4888.0 7825.8 -4.6 172 0 49.2 5.8 10.5 3.5 2 0 3 0 0
-4904.2 7827.6 -4.4 171 0 58.7 6.3 10.5 3.5 2 0 3 4 4
-4824.7 7739.2 -5.2 81 0 6.1 58.8 10.5 3.5 2 1 3 5 5
-4841.1 7746.6 -5.0 80 0 6.7 49.9 10.5 3.5 2 1 3 1 1
-4858.0 7747.8 -4.8 81 0 5.6 45.6 10.5 3.5 2 1 3 3 3
-4867.8 7732.2 -4.7 81 0 10.5 56.8 17.5 3.5 2 1 5 3 3
-4894.2 7759.0 -4.5 171 0 60.9 5.9 10.5 3.5 2 0 3 5 5
-4861.8 7645.9 -4.8 81 0 10.6 35.9 17.5 3.5 2 1 5 2 2
-4848.5 7595.2 -5.1 351 0 84.1 10.6 14.0 3.5 2 0 4 2 2
-4839.6 7502.8 -5.1 81 0 10.6 39.6 14.0 3.5 2 1 4 1 1
-4949.6 7593.6 -3.1 82 0 10.9 78.1 14.0 0.0 0 1 4 5 5
-4998.7 7625.8 -3.2 352 0 78.1 10.9 14.0 3.5 4 0 4 5 5
-4900.0 7588.9 -4.3 262 0 13.5 75.6 17.5 3.5 2 1 5 0 0
-4925.7 7546.2 -3.4 352 0 75.6 13.6 14.0 3.5 2 0 4 5 5
-4960.6 7542.2 -3.4 352 0 75.6 13.6 17.5 3.5 2 0 5 4 4
-5009.3 7571.0 -3.6 262 0 13.4 70.8 14.0 3.5 2 1 4 4 4
-5331.6 8280.8 -1.6 351 0 104.0 9.6 10.5 3.5 2 0 3 0 0
-4368.9 7943.1 -8.2 261 0 8.5 12.5 10.5 3.5 2 0 3 2 2
-4350.9 7960.0 -8.3 261 0 9.3 25.4 10.5 0.0 0 1 3 3 3
-4331.4 7963.3 -8.4 261 0 8.8 25.9 10.5 3.5 2 1 3 5 5
-4305.2 7953.9 -8.5 261 0 10.8 12.5 17.5 3.5 2 1 5 2 2
-4280.3 7958.9 -8.6 261 0 9.9 12.8 10.5 0.0 0 1 3 1 1
-4345.1 7928.1 -8.5 261 0 8.8 14.9 10.5 3.5 2 1 3 2 2
-4368.8 7916.5 -8.4 171 0 14.7 9.2 10.5 0.0 0 0 3 0 0
-4321.5 7907.5 -8.8 261 0 10.9 12.8 17.5 3.5 2 0 5 5 5
-4319.5 7894.9 -8.9 261 0 10.9 14.5 17.5 3.5 2 0 5 1 1
-4308.3 7833.1 -9.3 81 0 10.8 11.1 17.5 3.5 2 1 5 0 0
-4333.2 7846.4 -9.1 81 0 11.0 11.5 17.5 0.0 0 1 5 1 1
-4349.2 7812.4 -9.3 81 0 8.1 12.7 10.5 0.0 0 1 3 5 5
-5529.8 7960.4 -4.1 271 0 8.7 17.4 10.5 3.5 4 1 3 3 3
-5550.8 7960.4 -4.3 270 0 7.2 16.8 10.5 3.5 2 1 3 2 2
-5500.7 7922.9 -3.5 90 0 9.4 14.5 10.5 3.5 4 1 3 0 0
-5467.9 7960.5 -3.1 269 0 6.7 18.6 10.5 3.5 2 1 3 1 1
-5217.1 6150.4 -11.7 268 0 23.1 58.0 14.0 3.5 4 1 4 2 2
-5250.6 6150.1 -11.6 268 0 23.0 59.0 14.0 3.5 2 1 4 4 4
-5283.4 6148.6 -11.6 268 0 21.6 59.0 14.0 3.5 2 1 4 0 0
-5316.0 6146.5 -11.5 268 0 21.9 59.0 14.0 3.5 2 1 4 3 3
-5344.1 6088.5 -11.4 88 0 25.4 9.4 10.5 0.0 0 0 3 1 1
-5349.7 6145.7 -11.5 268 0 18.2 20.4 14.0 3.5 2 1 4 0 0
-5261.9 6012.0 -11.5 88 0 181.6 59.5 14.0 0.0 0 0 4 0 0
-5383.4 6009.3 -11.3 88 0 21.3 135.0 14.0 0.0 0 1 4 4 4
-5266.7 7833.3 -2.6 171 0 46.2 10.0 10.5 3.5 4 0 3 5 5
-5285.3 7853.5 -2.5 261 0 12.2 42.1 17.5 3.5 4 1 5 3 3
-5320.6 7854.7 -2.2 261 0 12.5 38.3 17.5 3.5 2 1 5 5 5
-5354.6 7849.2 -1.9 261 0 10.7 39.5 17.5 0.0 0 1 5 4 4
-5377.8 7847.4 -1.8 261 0 14.6 42.9 17.5 3.5 2 1 5 1 1
-5374.3 7775.0 -2.1 171 0 56.1 12.1 17.5 3.5 2 0 5 2 2
-5281.9 7675.6 -3.1 171 0 11.3 62.4 14.0 3.5 2 1 4 0 0
-5287.9 7674.5 -3.0 351 0 11.2 55.4 17.5 3.5 2 1 5 1 1
-5227.2 7631.1 -3.6 261 0 11.8 92.0 17.5 3.5 2 1 5 1 1
-5251.7 7627.3 -3.7 261 0 11.8 92.0 17.5 3.5 2 1 5 3 3
-5243.7 7643.1 -3.3 261 0 52.7 10.0 17.5 3.5 2 0 5 0 0
-5301.4 7559.9 -3.4 81 0 11.4 53.0 17.5 3.5 2 1 5 5 5
-5274.1 7565.3 -3.6 81 0 9.8 53.9 10.5 3.5 2 1 3 4 4
-5289.5 7636.1 -3.4 261 0 40.0 13.5 17.5 3.5 2 0 5 2 2
-5201.2 7649.0 -3.5 261 0 14.0 87.6 17.5 3.5 2 1 5 5 5
-5444.1 7971.7 -3.4 81 0 14.8 54.1 14.0 3.5 2 1 4 0 0
-5481.9 7917.9 -2.9 270 0 6.5 33.9 10.5 3.5 2 1 3 0 0
-5437.4 7915.7 -2.1 260 0 7.3 14.1 10.5 3.5 2 1 3 2 2
-5437.6 7900.0 -1.9 270 0 7.8 16.3 10.5 3.5 2 1 3 5 5
-5421.7 7848.4 -1.6 350 0 52.3 11.7 17.5 3.5 2 0 5 1 1
-4625.5 8673.9 -9.4 82 0 10.6 114.5 17.5 3.5 2 1 5 5 5
-4646.7 8670.0 -9.3 82 0 13.5 114.8 17.5 3.5 2 1 5 4 4
-4680.4 8665.1 -9.0 82 0 13.3 113.7 17.5 0.0 0 1 5 0 0
-4713.2 8660.5 -8.7 82 0 13.1 113.3 17.5 3.5 2 1 5 1 1
-4757.5 8767.9 -8.6 262 0 12.1 89.7 17.5 3.5 2 1 5 3 3
-4254.4 8399.0 -8.8 89 0 12.5 66.5 14.0 3.5 4 1 4 1 1
-4287.7 8413.2 -8.6 90 0 11.7 51.3 14.0 3.5 2 1 4 2 2
-4319.5 8414.7 -8.4 90 0 11.9 49.7 14.0 3.5 2 1 4 4 4
-4220.8 8560.0 -10.1 268 0 11.9 83.6 14.0 3.5 2 1 4 5 5
-4254.3 8560.7 -9.9 268 0 11.9 83.6 14.0 3.5 2 1 4 2 2
-4287.3 8561.4 -9.7 268 0 11.9 83.6 14.0 3.5 2 1 4 3 3
-4322.1 8560.0 -9.4 268 0 11.9 83.6 14.0 3.5 2 1 4 5 5
-4356.1 8560.3 -9.2 268 0 11.9 83.6 14.0 3.5 2 1 4 1 1
-4138.3 8857.5 -14.4 90 0 7.9 53.9 10.5 3.5 2 1 3 0 0
-4172.9 8853.4 -13.6 89 0 9.6 4.7 10.5 3.5 2 0 3 5 5
-4162.9 8855.5 -14.2 90 0 8.1 55.3 10.5 3.5 2 1 3 3 3
-4190.0 8895.3 -14.1 177 0 29.1 7.2 10.5 3.5 2 0 3 2 2
-4184.4 8853.0 -13.8 89 0 9.0 26.2 10.5 3.5 2 1 3 5 5
-4743.0 7847.7 -6.2 82 0 7.0 33.9 10.5 3.5 2 1 3 1 1
-4759.0 7845.5 -6.0 82 0 6.8 34.0 10.5 3.5 2 1 3 2 2
-4780.0 7877.4 -5.9 262 0 7.3 34.8 10.5 3.5 4 1 3 0 0
-4795.7 7875.1 -5.7 262 0 7.3 34.7 10.5 3.5 2 1 3 3 3
-4781.3 7809.6 -5.7 351 0 21.2 5.9 10.5 3.5 2 0 3 5 5
-4361.2 7810.5 -9.2 81 0 10.8 90.7 17.5 3.5 2 1 5 3 3
-4232.1 7859.0 -9.7 351 0 49.4 14.3 17.5 3.5 2 0 5 4 4
-4269.3 7827.8 -9.6 81 0 14.1 49.8 17.5 3.5 2 1 5 2 2
-4656.6 7942.1 -6.6 81 0 11.9 51.6 14.0 3.5 2 1 4 4 4
-4694.6 7990.9 -6.6 262 0 13.2 52.7 14.0 3.5 2 1 4 5 5
-4592.1 7952.2 -7.1 82 0 97.3 10.4 14.0 3.5 2 0 4 3 3
-4598.2 7929.7 -7.3 81 0 115.5 10.4 17.5 3.5 4 0 5 1 1
-4811.6 7873.1 -5.5 262 0 7.6 34.5 10.5 3.5 2 1 3 4 4
-4801.6 7795.9 -5.5 82 0 7.1 40.7 10.5 3.5 2 1 3 1 1
-4828.1 7889.1 -5.2 260 0 3.3 14.6 10.5 3.5 2 1 3 4 4
-4791.1 7976.7 -5.8 261 0 10.6 44.9 17.5 3.5 2 1 5 2 2
-4809.7 7972.8 -5.6 261 0 10.8 44.3 17.5 0.0 0 1 5 2 2
-4759.4 7931.0 -6.2 261 0 12.6 44.5 17.5 3.5 2 1 5 5 5
-4789.0 7925.8 -5.8 261 0 12.1 46.4 17.5 0.0 0 1 5 3 3
-4819.1 7919.9 -5.5 262 0 13.2 44.4 17.5 3.5 2 1 5 2 2
-4825.0 7926.8 -5.2 82 0 11.2 45.3 17.5 3.5 2 1 5 4 4
-4853.8 7967.9 -5.0 261 0 8.5 45.0 10.5 3.5 2 1 3 4 4
-4867.7 7965.3 -4.8 261 0 5.7 44.1 10.5 3.5 2 1 3 1 1
-4859.1 7914.2 -4.9 262 0 6.9 44.4 10.5 3.5 2 1 3 0 0
-4884.3 7963.2 -4.7 262 0 10.4 44.7 17.5 3.5 2 1 5 4 4
-4876.1 7911.3 -4.8 261 0 11.2 44.4 17.5 3.5 4 1 5 1 1
-4898.3 7960.8 -4.5 262 0 5.4 44.4 10.5 3.5 2 1 3 3 3
-4889.8 7886.7 -4.5 172 0 44.8 5.6 10.5 3.5 4 0 3 2 2
-4914.3 7959.4 -4.5 261 0 11.4 97.3 17.5 3.5 2 1 5 2 2
-4536.7 7843.5 -8.6 261 0 12.4 48.4 17.5 3.5 2 1 5 4 4
-4568.1 7839.6 -8.4 261 0 12.4 48.4 17.5 3.5 4 1 5 2 2
-4601.5 7834.9 -8.1 261 0 12.4 48.4 17.5 3.5 2 1 5 3 3
-4633.0 7829.1 -7.7 261 0 12.4 48.4 17.5 3.5 2 1 5 0 0
-4426.3 7659.7 -10.1 82 0 7.1 61.9 10.5 3.5 2 1 3 5 5
-4424.4 7652.3 -10.4 262 0 7.9 105.0 10.5 3.5 2 1 3 4 4
-4306.5 7678.1 -10.6 82 0 13.0 62.6 14.0 3.5 2 1 4 3 3
-4305.5 7671.2 -11.3 262 0 13.0 62.1 14.0 3.5 2 1 4 5 5
-4286.7 7587.1 -11.6 352 0 40.7 13.1 14.0 3.5 4 0 4 1 1
-4327.8 7636.6 -11.1 352 0 62.1 12.5 14.0 0.0 0 0 4 0 0
-4319.9 7582.2 -11.4 352 0 40.7 12.5 14.0 3.5 2 0 4 4 4
-4339.4 7673.3 -10.5 82 0 12.4 62.6 17.5 3.5 2 1 5 2 2
-4382.4 7730.3 -10.4 262 0 12.4 62.6 17.5 3.5 4 1 5 4 4
-4372.4 7661.4 -11.0 262 0 12.4 62.1 14.0 3.5 2 1 4 1 1
-4353.9 7577.2 -11.0 352 0 40.7 12.5 14.0 3.5 2 0 4 2 2
-4415.8 7725.4 -10.3 262 0 11.0 62.6 14.0 3.5 4 1 4 5 5
-4405.8 7656.5 -10.5 262 0 11.0 62.1 14.0 3.5 2 1 4 0 0
-4388.0 7572.2 -10.6 352 0 40.7 11.0 14.0 3.5 2 0 4 5 5
-5520.4 7918.1 -3.7 270 0 7.3 32.4 10.5 3.5 2 1 3 4 4
-5544.5 7918.1 -4.1 270 0 6.1 32.7 10.5 3.5 2 1 3 3 3
-5562.6 7917.3 -4.5 270 0 10.9 13.6 17.5 3.5 2 1 5 1 1
-5591.9 7959.8 -3.9 270 0 6.8 16.0 10.5 3.5 2 1 3 4 4
-5592.7 7965.9 -3.6 90 0 5.3 12.9 10.5 3.5 2 1 3 5 5
-5571.9 7960.3 -4.1 270 0 7.3 16.6 10.5 3.5 2 0 3 3 3
-5342.6 8019.0 -1.8 80 0 11.7 52.3 14.0 3.5 2 1 4 4 4
-5375.5 8013.9 -2.4 80 0 12.2 52.4 14.0 3.5 2 1 4 1 1
-5406.6 8008.4 -3.0 80 0 14.1 52.5 14.0 3.5 2 1 4 4 4
-5407.7 8003.0 -2.4 261 0 14.0 77.1 17.5 3.5 2 1 5 2 2
-5380.4 7854.3 -1.4 81 0 16.2 62.0 17.5 3.5 2 1 5 2 2
-5303.3 7686.1 -2.8 81 0 11.0 122.5 17.5 0.0 0 1 5 3 3
-4875.3 8015.1 -4.8 171 0 67.9 10.5 17.5 3.5 2 0 5 5 5
-4818.9 8801.7 -8.5 262 0 10.1 15.3 17.5 3.5 2 0 5 2 2
-4791.5 8805.8 -8.7 262 0 7.7 15.0 10.5 3.5 2 0 3 0 0
-4799.4 8804.6 -8.7 262 0 8.3 38.2 10.5 3.5 2 0 3 0 0
-4641.0 8793.4 -9.9 82 0 6.8 30.8 10.5 3.5 2 1 3 4 4
-4654.9 8791.0 -9.8 82 0 6.8 31.8 10.5 3.5 2 1 3 5 5
-4674.5 8788.2 -9.6 82 0 8.7 30.1 10.5 3.5 2 1 3 0 0
-4694.4 8784.6 -9.4 82 0 7.6 31.3 10.5 3.5 2 1 3 0 0
-4713.3 8782.3 -9.3 82 0 8.0 29.3 10.5 3.5 2 1 3 1 1
-4734.3 8778.7 -9.1 82 0 8.2 33.0 10.5 3.5 2 1 3 1 1
-4755.4 8774.8 -8.9 82 0 8.8 36.0 10.5 3.5 2 1 3 0 0
-4779.8 8806.8 -8.8 262 0 8.8 35.1 10.5 3.5 2 1 3 1 1
-1292.3 6697.2 -4.4 267 0 8.7 70.3 10.5 0.0 0 1 3 0 0
-1319.2 6711.4 -4.9 267 0 7.9 85.6 10.5 3.5 2 1 3 3 3
-1346.0 6723.1 -4.8 267 0 8.3 98.9 10.5 3.5 2 1 3 1 1
-1284.3 6533.1 -4.5 87 0 8.0 90.1 10.5 3.5 2 1 3 0 0
-1310.3 6531.8 -4.6 87 0 8.0 90.1 10.5 3.5 2 1 3 0 0
-1336.1 6530.5 -4.7 87 0 7.6 90.1 10.5 3.5 2 1 3 4 4
-1362.2 6529.5 -4.8 87 0 8.6 195.1 10.5 0.0 0 1 3 5 5
-1202.5 6463.4 -4.4 87 0 7.0 34.9 10.5 3.5 2 1 3 3 3
-1218.7 6462.2 -4.4 87 0 13.7 47.4 10.5 0.0 0 1 3 5 5
-1239.3 6461.5 -4.5 87 0 13.8 47.4 10.5 3.5 2 1 3 3 3
-1259.2 6490.7 -4.6 177 0 60.8 6.2 10.5 0.0 0 0 3 4 4
-1278.9 6458.4 -4.7 87 0 9.1 60.6 10.5 3.5 2 1 3 4 4
-1308.0 6518.4 -4.8 267 0 9.1 60.6 10.5 3.5 2 1 3 5 5
-1333.5 6516.8 -5.0 267 0 9.0 60.6 10.5 3.5 2 1 3 4 4
-1360.1 6515.3 -5.1 267 0 9.0 60.6 10.5 3.5 2 1 3 2 2
-1390.7 6483.6 -5.1 177 0 61.8 11.0 17.5 3.5 2 0 5 0 0
-5508.0 9156.6 -7.5 263 0 15.8 9.8 10.5 3.5 2 0 3 2 2
-5395.5 9093.8 -7.5 265 0 8.4 26.9 10.5 3.5 2 0 3 1 1
-5385.8 8987.2 -7.2 85 0 7.3 80.2 10.5 3.5 2 0 3 4 4
-5420.0 9084.1 -7.3 264 0 6.7 40.5 10.5 3.5 2 0 3 5 5
-5408.3 8984.6 -6.8 84 0 8.5 59.7 10.5 3.5 2 0 3 0 0
-5635.1 9334.0 -8.4 264 0 10.8 45.9 14.0 3.5 2 1 4 0 0
-5691.0 9330.2 -8.0 264 0 12.2 43.8 14.0 3.5 2 1 4 1 1
-5725.4 9327.8 -7.7 264 0 14.0 45.1 14.0 3.5 2 1 4 5 5
-5649.9 9340.9 -8.7 86 0 6.6 32.2 10.5 3.5 2 1 3 3 3
-5658.9 9339.9 -8.4 87 0 10.5 4.7 10.5 3.5 2 0 3 0 0
-5627.9 9342.7 -8.8 85 0 6.5 34.0 10.5 3.5 2 0 3 3 3
-5634.7 9413.8 -9.3 265 0 6.8 37.4 10.5 3.5 2 0 3 5 5
-5636.4 9427.6 -9.6 85 0 7.3 28.3 10.5 3.5 2 1 3 0 0
-5679.2 9338.8 -8.4 87 0 30.3 14.6 14.0 3.5 2 0 4 2 2
-5456.1 9372.0 -10.1 264 0 10.0 20.9 10.5 3.5 2 1 3 4 4
-5475.7 9370.5 -9.9 264 0 6.5 33.1 10.5 3.5 2 1 3 5 5
-5491.2 9367.5 -9.8 264 0 7.0 32.4 10.5 3.5 2 1 3 3 3
-5506.2 9364.9 -9.7 264 0 6.5 32.0 10.5 3.5 2 1 3 2 2
-5522.4 9363.1 -9.5 264 0 6.5 31.6 10.5 3.5 2 1 3 5 5
-5538.0 9360.8 -9.4 264 0 5.6 31.5 10.5 3.5 2 1 3 0 0
-5545.0 9360.1 -9.3 264 0 6.2 32.8 10.5 3.5 2 1 3 4 4
-5556.3 9358.6 -9.3 264 0 11.7 32.2 14.0 3.5 2 1 4 2 2
-5573.2 9356.0 -9.1 264 0 14.7 6.5 10.5 3.5 2 0 3 4 4
-5589.3 9353.7 -9.0 264 0 12.1 59.6 14.0 3.5 2 1 4 0 0
-5535.0 9082.3 -6.5 85 0 17.8 3.1 10.5 3.5 2 0 3 5 5
-5441.6 8999.8 -6.5 84 0 5.4 40.0 10.5 0.0 0 1 3 0 0
-5430.1 8983.5 -7.0 84 0 8.1 105.5 10.5 3.5 2 1 3 2 2
-5465.9 9049.0 -6.7 174 0 20.0 8.1 10.5 3.5 2 0 3 0 0
-5457.4 8997.4 -6.4 84 0 5.8 42.2 10.5 3.5 2 0 3 1 1
-5463.2 8981.2 -6.5 84 0 4.6 78.6 10.5 3.5 2 1 3 4 4
-5478.9 8979.1 -6.4 84 0 8.3 78.0 10.5 3.5 4 1 3 0 0
-5500.8 9052.6 -6.4 263 0 7.7 28.3 10.5 3.5 2 1 3 0 0
-5516.2 9050.1 -6.3 263 0 15.3 4.4 10.5 3.5 2 0 3 5 5
-5535.7 9047.8 -6.1 263 0 24.1 47.4 14.0 0.0 0 0 4 1 1
-5525.5 9142.5 -7.1 264 0 6.1 58.9 10.5 3.5 4 1 3 4 4
-5541.1 9135.8 -7.0 263 0 13.7 45.1 14.0 3.5 2 1 4 3 3
-4489.8 8259.2 -5.2 261 0 10.4 24.1 17.5 3.5 2 1 5 1 1
-4377.1 8147.0 -6.4 81 0 6.1 89.6 10.5 3.5 2 1 3 1 1
-5560.5 9054.5 -6.4 83 0 10.0 55.4 10.5 3.5 2 1 3 4 4
-4032.0 8556.7 -11.4 268 0 10.9 70.5 17.5 0.0 0 1 5 5 5
-4006.7 8382.8 -10.1 178 0 66.0 6.4 10.5 3.5 2 0 3 1 1
-4061.8 8338.2 -9.2 193 0 12.6 55.9 14.0 3.5 2 1 4 4 4
-4135.6 8566.6 -10.8 268 0 10.6 40.7 14.0 3.5 2 1 4 5 5
-4098.1 8463.1 -10.0 268 0 10.4 46.3 14.0 3.5 4 1 4 1 1
-3996.8 8452.9 -10.8 179 0 53.6 11.1 14.0 3.5 2 0 4 4 4
-4060.2 8467.5 -10.3 268 0 10.4 46.3 14.0 3.5 2 1 4 5 5
-4025.5 8471.3 -10.6 268 0 11.0 43.9 14.0 3.5 2 1 4 4 4
-4144.6 8615.3 -11.3 268 0 11.2 42.6 14.0 3.5 4 1 4 3 3
-4104.2 8617.2 -11.6 268 0 11.2 46.8 17.5 3.5 2 1 5 5 5
-4065.8 8617.6 -11.8 269 0 11.2 46.2 17.5 3.5 2 1 5 0 0
-4030.7 8618.4 -12.1 268 0 11.3 47.1 17.5 3.5 2 1 5 5 5
-4000.1 8619.1 -12.3 269 0 9.9 51.9 10.5 3.5 2 1 3 4 4
-4000.4 8525.5 -11.7 179 0 69.5 11.3 14.0 3.5 2 0 4 2 2
-5133.6 8517.5 -3.3 261 0 10.6 31.5 17.5 3.5 2 1 5 5 5
-5110.7 8531.8 -3.6 12 0 11.5 72.7 17.5 3.5 2 1 5 3 3
-5047.3 8220.0 -2.4 82 0 41.6 9.9 10.5 3.5 2 0 3 5 5
-5016.7 8240.2 -2.3 81 0 11.5 89.7 17.5 3.5 2 1 5 5 5
-5017.4 8359.4 -2.4 261 0 13.0 19.6 17.5 3.5 4 1 5 3 3
-5004.2 8316.6 -2.2 351 0 46.0 12.2 17.5 3.5 2 0 5 0 0
-4998.3 8278.3 -2.3 351 0 31.6 12.2 17.5 3.5 2 0 5 1 1
-5105.9 8526.0 -3.7 192 0 17.1 19.7 17.5 3.5 2 0 5 1 1
-5069.9 8526.6 -3.8 282 0 30.9 11.3 17.5 3.5 2 0 5 4 4
-4807.7 8062.6 -5.0 261 0 10.2 10.7 17.5 3.5 2 1 5 3 3
-4842.3 8059.0 -5.1 261 0 7.1 35.9 10.5 3.5 2 1 3 4 4
-4801.1 7980.0 -5.5 81 0 6.4 14.1 10.5 3.5 2 0 3 2 2
-4746.1 8036.0 -5.4 81 0 8.6 37.1 10.5 3.5 2 1 3 5 5
-4739.0 7991.2 -5.8 81 0 8.6 40.1 10.5 3.5 2 1 3 1 1
-4764.1 7988.0 -5.7 81 0 12.5 81.0 17.5 3.5 4 1 5 4 4
-4818.7 8140.5 -4.9 261 0 6.8 74.3 10.5 3.5 2 1 3 4 4
-4909.4 8009.9 -4.2 81 0 9.5 40.2 10.5 3.5 2 1 3 3 3
-4892.7 8013.1 -4.4 81 0 10.1 38.1 17.5 3.5 2 1 5 2 2
-4884.7 7968.7 -4.5 81 0 12.3 37.8 17.5 3.5 2 1 5 2 2
-4901.3 7966.0 -4.3 81 0 11.9 39.0 17.5 3.5 2 1 5 4 4
-4926.1 8000.6 -4.1 261 0 9.5 37.0 10.5 3.5 4 1 3 2 2
-4539.8 6967.9 -6.9 88 0 3.1 24.1 10.5 3.5 2 1 3 2 2
-4533.3 6958.4 -7.2 88 0 6.2 86.2 10.5 3.5 2 1 3 3 3
-4554.2 7045.5 -7.1 268 0 7.1 88.1 10.5 3.5 2 1 3 5 5
-4569.9 6957.2 -6.7 88 0 7.1 86.7 10.5 0.0 0 1 3 3 3
-4563.4 7050.7 -5.9 88 0 4.0 21.4 10.5 3.5 2 1 3 5 5
-4556.4 7051.9 -5.8 88 0 6.6 75.0 10.5 3.5 2 1 3 2 2
-4574.6 7050.9 -5.9 88 0 7.3 75.9 10.5 3.5 2 1 3 4 4
-4588.0 7050.2 -6.0 88 0 10.5 76.5 17.5 3.5 2 1 5 1 1
-4588.1 6956.4 -6.6 88 0 7.0 86.9 10.5 3.5 2 1 3 4 4
-4605.0 7048.5 -6.2 88 0 11.8 76.9 17.5 3.5 2 1 5 4 4
-4604.8 7042.7 -6.7 268 0 11.8 86.0 17.5 3.5 4 1 5 1 1
-5423.2 7745.7 -1.7 270 0 7.9 23.6 10.5 3.5 2 1 3 3 3
-5464.0 7746.0 -1.4 271 0 6.9 23.6 10.5 3.5 2 1 3 4 4
-5503.9 7748.2 -1.8 271 0 7.4 24.3 10.5 3.5 2 1 3 5 5
-3717.2 8321.4 -11.9 88 0 45.2 66.3 17.5 0.0 0 1 5 2 2
-3765.9 8318.5 -11.2 88 0 13.7 42.8 17.5 3.5 2 1 5 2 2
-3814.4 8317.4 -10.8 88 0 11.5 43.4 17.5 3.5 2 1 5 3 3
-3819.5 8554.9 -14.0 178 0 163.4 53.0 14.0 0.0 0 0 4 3 3
-3671.5 8560.4 -14.1 358 0 163.4 74.1 17.5 0.0 0 0 5 3 3
-5868.7 9021.2 -6.2 224 0 6.8 40.4 10.5 3.5 2 1 3 0 0
-4617.6 8296.7 -5.1 171 0 21.6 56.2 17.5 3.5 2 1 5 5 5
-4566.5 8006.9 -7.0 262 0 15.6 36.7 14.0 3.5 2 1 4 0 0
-4599.3 8003.3 -6.8 262 0 15.6 36.7 14.0 3.5 2 1 4 2 2
-4631.8 7998.0 -6.7 262 0 15.6 36.7 14.0 3.5 2 1 4 4 4
-4523.5 7960.3 -7.2 81 0 11.9 52.9 14.0 3.5 2 1 4 0 0
-4521.3 7951.0 -8.1 261 0 11.8 78.2 17.5 3.5 2 1 5 4 4
-4488.8 7757.0 -9.3 260 0 7.8 27.4 10.5 3.5 2 1 3 1 1
-4505.1 7755.8 -9.1 260 0 17.3 14.5 14.0 3.5 2 0 4 2 2
-4543.0 7749.4 -9.0 261 0 55.9 10.0 14.0 3.5 2 0 4 0 0
-4567.5 7668.4 -8.4 83 0 7.8 62.2 10.5 3.5 2 1 3 2 2
-4535.3 7673.6 -8.8 82 0 6.6 60.6 10.5 3.5 2 1 3 1 1
-5244.4 7838.1 -2.7 172 0 49.7 7.6 10.5 3.5 2 0 3 1 1
-5471.5 8430.9 -2.6 261 0 14.1 59.6 17.5 3.5 2 1 5 2 2
-5447.3 8286.2 -2.2 261 0 17.5 35.6 17.5 3.5 2 1 5 0 0
-5373.6 8324.4 -2.0 81 0 10.3 49.8 17.5 3.5 2 0 5 5 5
-5370.5 8272.6 -1.8 171 0 103.3 10.4 17.5 3.5 2 0 5 2 2
-5271.0 8354.3 -1.5 81 0 11.5 38.4 17.5 3.5 2 1 5 4 4
-5304.3 8348.1 -1.6 81 0 11.2 38.3 17.5 3.5 4 1 5 4 4
-5403.4 8290.8 -2.1 82 0 12.4 77.8 17.5 3.5 2 1 5 4 4
-5400.5 8275.8 -1.9 262 0 12.9 54.1 17.5 3.5 2 1 5 4 4
-5141.5 8220.2 -1.3 81 0 8.1 38.9 10.5 3.5 2 1 3 4 4
-5113.7 8242.5 -1.7 81 0 7.0 18.2 10.5 3.5 2 0 3 1 1
-5126.2 8222.6 -1.5 81 0 8.2 39.0 10.5 3.5 2 1 3 0 0
-5156.9 8217.8 -1.2 81 0 8.4 39.0 10.5 3.5 2 1 3 0 0
-5179.5 8233.8 -1.2 171 0 39.9 8.2 10.5 3.5 2 0 3 3 3
-5188.0 7956.7 -2.1 81 0 14.7 52.0 14.0 3.5 4 1 4 2 2
-5459.7 7795.3 -1.6 91 0 10.3 23.6 17.5 3.5 2 1 5 1 1
-5479.4 7795.4 -2.0 91 0 10.8 23.9 17.5 3.5 2 1 5 1 1
-4960.4 7916.6 -3.8 261 0 13.2 45.2 7.5 2.5 2 1 3 2 2
-4954.1 7970.4 -3.8 261 0 11.7 50.0 17.5 0.0 0 1 5 2 2
-4765.1 7832.9 -5.9 351 0 16.9 6.5 10.5 3.5 4 0 3 4 4
-4749.9 7796.4 -6.1 351 0 8.0 29.9 10.5 3.5 2 1 3 1 1
-4763.6 7749.5 -6.2 81 0 38.0 12.5 17.5 3.5 2 0 5 1 1
-4764.8 7763.9 -6.2 83 0 40.1 24.9 17.5 0.0 0 0 5 2 2
-4792.3 7778.1 -5.6 81 0 3.5 17.8 10.5 3.5 2 1 3 2 2
-4791.5 7745.3 -5.7 81 0 14.8 32.1 17.5 3.5 2 0 5 0 0
-5233.7 7869.9 -2.5 81 0 8.8 65.9 10.5 3.5 2 1 3 4 4
-5166.7 7819.2 -2.6 262 0 13.2 35.3 17.5 3.5 2 1 5 3 3
-5167.1 7826.0 -2.4 82 0 12.3 42.7 17.5 3.5 2 1 5 4 4
-5211.5 7817.4 -2.6 82 0 5.8 23.0 10.5 3.5 2 1 3 1 1
-5232.2 7829.3 -2.6 172 0 14.4 6.6 10.5 3.5 4 0 3 5 5
-5356.0 8011.0 -1.4 260 0 9.6 77.5 10.5 3.5 2 1 3 0 0
-5384.0 8006.3 -1.9 260 0 9.6 77.5 10.5 0.0 0 1 3 5 5
-5269.4 7938.5 -2.5 261 0 11.2 76.4 17.5 3.5 2 1 5 2 2
-5285.9 7858.6 -2.2 81 0 11.3 76.4 17.5 3.5 2 1 5 3 3
-5330.9 7930.0 -2.0 261 0 11.3 68.1 17.5 3.5 4 1 5 1 1
-5355.1 7855.9 -1.6 81 0 11.3 68.1 17.5 3.5 2 1 5 3 3
-5652.1 8031.9 -3.1 177 0 65.8 9.8 10.5 3.5 2 0 3 5 5
-5167.3 7708.8 -2.8 81 0 11.7 68.0 14.0 3.5 2 1 4 5 5
-5209.8 7770.7 -3.0 261 0 10.6 67.0 14.0 3.5 2 1 4 4 4
-968.8 6474.2 -3.4 87 0 10.2 60.9 14.0 3.5 2 1 4 0 0
-995.1 6473.5 -3.5 87 0 9.1 60.8 10.5 3.5 2 1 3 4 4
-4841.3 8913.4 -9.7 173 0 22.9 14.7 17.5 3.5 2 0 5 5 5
-4760.7 8817.6 -9.8 81 0 7.1 91.3 10.5 3.5 2 1 3 2 2
-4778.6 8816.0 -9.7 81 0 11.2 90.9 17.5 3.5 2 1 5 0 0
-4815.3 8888.2 -9.6 171 0 28.0 6.5 10.5 3.5 2 0 3 5 5
-4797.2 8811.6 -9.3 81 0 11.4 62.8 17.5 3.5 2 1 5 4 4
-5680.7 8885.9 -4.9 133 0 36.7 7.4 10.5 3.5 2 0 3 3 3
-5646.7 8865.7 -4.6 89 0 5.7 15.6 10.5 3.5 2 1 3 0 0
-5626.6 8832.8 -4.4 137 0 19.2 11.5 17.5 3.5 4 0 5 0 0
-5602.7 8826.3 -4.3 312 0 20.3 12.3 17.5 3.5 2 0 5 2 2
-1143.8 6310.6 -4.5 87 0 10.2 141.2 14.0 3.5 2 1 4 2 2
-1169.9 6309.0 -4.6 87 0 11.9 140.9 14.0 0.0 0 1 4 3 3
-1194.0 6306.9 -4.7 87 0 11.0 142.3 14.0 3.5 2 1 4 3 3
-1227.2 6447.2 -5.0 267 0 10.8 140.5 14.0 3.5 2 1 4 0 0
-1252.6 6446.4 -4.9 267 0 10.7 83.4 14.0 3.5 2 1 4 1 1
-1279.1 6445.8 -5.0 267 0 10.2 85.4 14.0 3.5 2 1 4 5 5
-1304.9 6443.4 -5.1 267 0 9.7 83.8 10.5 3.5 2 1 3 5 5
-1333.1 6399.4 -5.2 177 0 84.1 9.3 10.5 3.5 2 0 3 4 4
-1243.5 6586.9 -4.3 177 0 49.2 16.3 14.0 3.5 2 0 4 0 0
-1263.6 6587.8 -4.3 177 0 46.3 16.9 14.0 0.0 0 0 4 5 5
-1187.9 6585.1 -4.1 177 0 89.1 8.6 10.5 3.5 2 0 3 5 5
-1154.8 6542.4 -4.0 87 0 9.2 88.7 10.5 3.5 2 1 3 3 3
-1128.8 6542.4 -3.9 87 0 9.4 83.2 10.5 3.5 2 1 3 0 0
-1103.2 6545.9 -3.8 87 0 9.9 67.7 10.5 3.5 2 1 3 2 2
-1077.2 6545.6 -3.7 87 0 9.7 55.4 10.5 0.0 0 1 3 4 4
-1051.4 6547.0 -3.5 87 0 9.9 41.4 10.5 3.5 2 1 3 0 0
-1024.9 6547.6 -3.4 87 0 8.9 28.8 10.5 3.5 2 1 3 2 2
-1021.0 6471.1 -3.6 87 0 9.8 61.3 10.5 3.5 2 1 3 4 4
-1047.5 6470.5 -3.7 87 0 9.2 60.3 10.5 3.5 4 1 3 4 4
-1073.5 6469.3 -3.8 87 0 8.5 60.5 10.5 3.5 2 1 3 1 1
-1100.0 6467.5 -3.9 87 0 8.6 61.4 10.5 3.5 2 1 3 2 2
-1125.3 6466.0 -4.0 87 0 8.8 60.7 10.5 3.5 2 1 3 4 4
-1152.0 6464.8 -4.2 87 0 8.2 60.5 10.5 0.0 0 1 3 5 5
-1177.0 6463.6 -4.3 87 0 8.5 60.7 10.5 3.5 2 1 3 1 1
1226.3 7392.8 -4.8 90 0 13.9 7.6 7.5 2.5 2 0 3 1 1
1228.6 7386.1 -4.8 270 0 10.7 59.3 7.5 2.5 2 1 3 0 0
1174.1 7386.9 -4.7 270 0 14.0 60.9 10.0 0.0 0 1 4 5 5
1075.6 7619.6 -5.2 270 0 71.6 123.9 7.5 0.0 0 0 3 5 5
1234.9 7557.1 -5.2 0 0 123.1 38.9 7.5 0.0 0 0 3 3 3
1129.6 7608.6 -5.2 180 0 16.2 62.8 7.5 0.0 0 1 3 3 3
1149.1 7494.6 -5.1 90 0 39.8 98.0 7.5 0.0 0 1 3 4 4
1234.0 7446.5 -5.0 0 0 60.4 38.5 10.0 0.0 0 0 4 4 4
1172.0 7478.2 -4.9 270 0 24.7 32.4 7.5 0.0 0 1 3 4 4
1176.7 7392.3 -4.8 90 0 59.0 17.4 7.5 2.5 2 0 3 0 0
1137.1 7392.0 -4.8 90 0 16.9 86.4 10.0 2.5 2 1 4 1 1
1101.7 7327.6 -4.6 90 0 18.7 53.6 10.0 2.5 2 1 4 3 3
1062.8 7326.9 -4.7 90 0 49.7 150.9 7.5 0.0 0 1 3 2 2
973.0 7063.5 -3.8 270 0 16.2 59.9 10.0 2.5 2 1 4 3 3
906.4 7002.8 -3.6 90 0 13.5 62.0 7.5 2.5 2 1 3 1 1
987.9 7300.8 -4.3 270 0 16.4 103.6 10.0 0.0 0 1 4 1 1
836.0 7194.6 -4.0 90 0 35.0 105.2 10.0 0.0 0 1 4 2 2
915.1 7294.1 -4.2 90 0 10.6 7.0 5.0 2.5 2 0 2 0 0
920.2 7244.6 -4.2 180 0 105.9 33.7 12.5 0.0 0 0 5 3 3
889.1 7180.0 -3.9 270 0 29.3 105.2 10.0 0.0 0 1 4 4 4
835.9 7181.0 -3.9 270 0 35.0 107.0 10.0 0.0 0 1 4 5 5
-4224.4 7502.6 -11.6 266 0 15.7 18.0 17.5 3.5 2 1 5 0 0
-4222.3 7466.1 -10.7 86 0 13.0 16.3 17.5 0.0 0 1 5 4 4
-4291.2 7498.7 -10.8 266 0 9.1 38.9 10.5 3.5 2 1 3 3 3
-4185.3 7414.4 -8.0 266 0 10.6 24.3 17.5 3.5 2 1 5 2 2
-4212.9 7410.9 -8.0 266 0 14.0 21.2 17.5 0.0 0 1 5 0 0
-4238.9 7408.3 -7.9 266 0 11.6 18.7 17.5 3.5 2 1 5 3 3
-4252.2 7462.4 -11.4 86 0 12.9 39.9 17.5 3.5 2 1 5 4 4
-4142.9 7513.6 -11.4 266 0 12.4 40.2 17.5 3.5 4 1 5 3 3
-4170.1 7511.2 -11.5 266 0 12.2 41.0 17.5 0.0 0 1 5 5 5
-4196.7 7508.1 -11.6 266 0 12.4 40.2 17.5 3.5 2 1 5 1 1
-4177.0 7420.9 -10.3 86 0 11.7 41.5 17.5 3.5 4 1 5 1 1
-4200.8 7459.3 -9.9 266 0 13.7 39.2 17.5 3.5 2 1 5 3 3
-4238.8 7456.1 -9.7 266 0 12.7 40.0 17.5 0.0 0 1 5 4 4
-4278.2 7452.9 -8.9 266 0 12.6 40.3 14.0 3.5 2 1 4 1 1
-4311.8 7409.4 -7.8 86 0 12.4 40.0 17.5 3.5 2 1 5 3 3
-6919.0 5677.5 -7.5 88 0 31.2 430.4 14.0 0.0 0 1 4 3 3
-5634.0 9258.9 -7.7 354 0 34.3 13.9 14.0 3.5 2 0 4 5 5
-5581.6 9263.2 -8.3 84 0 13.1 27.8 14.0 3.5 2 1 4 4 4
-5555.2 9261.4 -8.2 264 0 12.0 62.3 17.5 3.5 2 1 5 1 1
-5578.4 9258.1 -8.0 264 0 11.5 60.2 17.5 3.5 2 1 5 4 4
-5436.5 8443.9 -2.5 81 0 9.0 24.0 10.5 3.5 2 1 3 4 4
-5477.0 8436.6 -2.7 81 0 9.5 26.7 10.5 3.5 2 1 3 5 5
-5366.6 8416.1 -2.0 261 0 10.7 29.9 17.5 3.5 2 1 5 4 4
-5399.0 8413.7 -2.2 261 0 11.5 33.9 17.5 0.0 0 1 5 1 1
-5427.5 8376.4 -2.3 81 0 11.6 33.0 17.5 3.5 2 1 5 1 1
-5165.0 8526.4 -3.1 261 0 11.2 49.0 17.5 3.5 2 1 5 0 0
-5101.3 8474.5 -3.3 171 0 63.2 12.6 17.5 3.5 2 0 5 2 2
-4884.4 8399.1 -3.9 353 0 40.0 8.1 10.5 0.0 0 0 3 3 3
-4909.6 8414.8 -3.7 262 0 8.7 35.8 10.5 0.0 0 1 3 2 2
-4896.2 8369.7 -3.4 3 0 9.9 32.5 10.5 0.0 0 1 3 5 5
-4887.4 8341.5 -3.4 85 0 8.4 31.5 10.5 0.0 0 1 3 4 4
-4725.8 8645.7 -7.5 261 0 10.9 75.0 17.5 3.5 2 1 5 0 0
-4657.1 8658.9 -8.1 261 0 11.4 38.7 17.5 3.5 2 1 5 0 0
-4625.3 8662.8 -8.4 262 0 12.1 37.6 17.5 3.5 4 1 5 5 5
-6009.0 9014.1 -6.9 265 0 9.8 23.8 10.5 3.5 2 1 3 3 3
-5962.9 9019.4 -6.7 265 0 10.2 42.2 17.5 3.5 2 1 5 3 3
-5983.0 9017.0 -6.8 265 0 11.8 41.5 17.5 3.5 2 1 5 2 2
-5986.0 9023.6 -6.9 85 0 11.3 63.9 14.0 3.5 2 1 4 2 2
-5883.0 9026.7 -6.3 265 0 17.1 6.6 10.5 3.5 2 0 3 1 1
-5900.3 9025.3 -6.4 265 0 13.6 99.0 17.5 3.5 2 1 5 2 2
-5221.2 8494.4 -2.4 261 0 11.6 40.7 17.5 3.5 2 1 5 2 2
-5209.9 8360.3 -1.2 171 0 40.8 6.2 10.5 0.0 0 0 3 4 4
-5197.6 8294.3 -1.1 171 0 77.3 10.5 17.5 3.5 2 0 5 5 5
-4534.1 8075.8 -6.2 82 0 14.2 43.9 17.5 3.5 4 1 5 0 0
-4526.2 8021.1 -6.7 82 0 13.8 45.6 17.5 3.5 2 1 5 2 2
-4561.2 8072.8 -6.1 82 0 12.4 42.7 17.5 3.5 2 1 5 1 1
-4586.1 8068.4 -6.0 82 0 11.4 43.8 17.5 3.5 2 1 5 2 2
-4556.4 8064.4 -6.6 262 0 10.2 46.6 17.5 3.5 4 1 5 4 4
-4571.8 8062.5 -6.6 262 0 10.3 47.3 17.5 3.5 2 1 5 3 3
-4587.2 8060.3 -6.5 262 0 10.1 48.0 17.5 3.5 2 1 5 4 4
-4477.9 8026.9 -6.9 81 0 14.4 86.9 17.5 3.5 2 1 5 1 1
-4202.6 8277.6 -7.3 270 0 11.3 59.2 14.0 0.0 0 1 4 3 3
-4230.9 8278.4 -7.1 270 0 11.3 59.2 14.0 3.5 4 1 4 0 0
-4254.0 8278.4 -6.9 270 0 11.3 59.2 14.0 3.5 2 1 4 1 1
-4272.9 8277.7 -6.8 270 0 10.6 39.4 14.0 3.5 2 1 4 1 1
-4625.6 9173.3 -14.1 88 0 11.1 29.6 17.5 3.5 2 1 5 5 5
-4621.2 9166.7 -13.8 268 0 12.4 67.2 17.5 3.5 2 1 5 2 2
-5371.9 6705.4 -11.4 267 0 15.3 50.6 7.5 2.5 2 0 3 1 1
-5357.8 6747.1 -11.0 267 0 46.9 39.0 12.5 0.0 0 0 5 5 5
-5295.2 6710.1 -11.1 267 0 23.6 56.6 10.0 2.5 2 0 4 0 0
-5292.6 6592.4 -11.6 87 0 30.2 61.1 10.0 0.0 0 0 4 0 0
-5352.2 6589.8 -11.8 87 0 43.1 65.8 7.5 0.0 0 0 3 5 5
-5065.5 6571.7 -11.1 358 0 78.4 13.9 10.0 2.5 2 0 4 0 0
-5113.7 6528.6 -11.3 88 0 52.7 24.5 12.5 2.5 4 0 5 1 1
-5155.4 6527.8 -11.4 88 0 12.8 79.3 7.5 2.5 2 1 3 4 4
-4728.6 6724.2 -9.1 268 0 9.7 58.4 10.5 0.0 0 1 3 1 1
-4705.1 6724.5 -9.3 268 0 8.6 58.1 10.5 0.0 0 1 3 2 2
-4680.1 6666.1 -9.8 88 0 9.0 59.8 10.5 3.5 2 1 3 0 0
-4638.8 6668.5 -10.0 88 0 22.6 39.4 10.5 0.0 0 1 3 2 2
-4657.7 6667.5 -10.0 88 0 10.9 59.2 10.5 3.5 4 1 3 5 5
-4660.9 6661.6 -10.2 267 0 13.3 62.9 10.5 3.5 2 0 3 0 0
-4699.7 6659.5 -10.5 267 0 12.9 63.9 10.5 3.5 2 1 3 2 2
-4729.2 6594.2 -10.1 87 0 13.5 63.6 10.5 3.5 2 1 3 3 3
-4792.0 6621.9 -10.0 178 0 58.7 16.0 10.5 0.0 0 0 3 3 3
-4856.2 6792.3 -9.3 268 0 87.2 14.7 10.5 3.5 2 0 3 0 0
-4910.0 6781.5 -9.0 358 0 14.7 122.2 10.5 0.0 0 1 3 2 2
-4980.9 6766.8 -9.7 268 0 27.8 87.5 10.5 0.0 0 1 3 1 1
-5161.1 6503.8 -12.3 267 0 17.6 74.0 14.0 3.5 2 1 4 5 5
-6424.2 9286.4 -9.8 358 0 38.6 11.4 17.5 3.5 4 0 5 4 4
-6481.1 9348.2 -10.2 268 0 10.0 34.0 17.5 3.5 2 1 5 1 1
-6438.0 9352.7 -10.0 268 0 12.3 36.4 17.5 3.5 2 1 5 1 1
-6159.4 9268.9 -8.4 358 0 37.3 12.7 17.5 3.5 2 0 5 4 4
-6121.5 9244.4 -8.1 358 0 74.2 12.3 17.5 3.5 2 0 5 4 4
-6161.4 9222.1 -8.3 359 0 43.2 11.4 17.5 3.5 4 0 5 2 2
-6205.2 9338.8 -8.7 89 0 10.0 32.8 10.5 3.5 4 1 3 4 4
-6204.6 9332.5 -8.7 269 0 10.5 125.6 17.5 3.5 2 1 5 3 3
-6165.9 9186.9 -8.2 90 0 28.3 10.7 17.5 3.5 4 0 5 4 4
-6203.5 9187.7 -8.4 90 0 35.2 10.7 17.5 3.5 4 0 5 5 5
-6350.1 9293.2 -9.4 359 0 29.5 10.8 17.5 3.5 4 0 5 1 1
-6353.1 9337.1 -9.5 359 0 46.5 10.2 17.5 3.5 2 0 5 5 5
-6394.0 9337.5 -9.8 359 0 40.4 10.1 17.5 3.5 2 0 5 5 5
-6393.0 9277.3 -9.6 89 0 9.9 35.3 10.5 3.5 2 1 3 5 5
-6399.0 9268.1 -9.6 269 0 11.4 45.5 17.5 3.5 2 1 5 0 0
-6356.8 9270.3 -9.4 269 0 11.3 62.5 17.5 3.5 2 1 5 3 3
-6275.5 9237.9 -8.9 359 0 56.2 11.6 17.5 3.5 2 0 5 4 4
-6315.6 9338.7 -9.4 358 0 48.5 10.5 17.5 0.0 0 0 5 5 5
-6314.3 9286.8 -9.2 359 0 46.7 10.5 17.5 3.5 2 0 5 4 4
-6277.5 9294.1 -9.0 359 0 39.0 10.5 17.5 3.5 2 0 5 0 0
-6279.6 9342.6 -9.2 359 0 46.7 10.5 17.5 3.5 4 0 5 2 2
-6243.8 9369.1 -9.0 269 0 11.8 43.4 14.0 3.5 2 1 4 1 1
-6243.3 9321.3 -8.9 269 0 11.8 43.4 17.5 3.5 2 1 5 0 0
-6240.7 9269.4 -8.7 269 0 11.8 59.9 17.5 3.5 2 1 5 2 2
-6226.1 9198.9 -8.7 0 0 11.5 43.3 17.5 3.5 2 1 5 1 1
-6291.9 9203.7 -8.9 270 0 36.1 12.3 17.5 3.5 2 0 5 5 5
-6324.5 9196.3 -9.2 0 0 11.5 46.4 17.5 3.5 2 1 5 4 4
-6455.7 9268.7 -10.0 145 0 75.3 12.6 17.5 0.0 0 0 5 2 2
-4717.6 6467.3 -11.1 87 0 7.1 51.5 10.5 3.5 2 0 3 0 0
-4681.3 6549.5 -10.7 87 0 89.8 10.2 14.0 3.5 2 0 4 3 3
-4686.9 6543.2 -11.2 267 0 61.4 74.3 14.0 0.0 0 0 4 5 5
-6416.4 9580.3 -10.4 267 0 9.2 30.7 10.5 3.5 2 1 3 0 0
-6877.5 9565.1 -12.9 90 0 15.0 42.9 14.0 3.5 2 1 4 0 0
-6842.8 9552.5 -12.7 90 0 19.0 69.7 14.0 3.5 2 1 4 3 3
-6362.5 9379.3 -9.7 87 0 11.3 44.4 14.0 3.5 2 1 4 5 5
-6199.6 9445.5 -8.9 268 0 11.0 49.9 14.0 3.5 2 1 4 2 2
-6230.2 9442.8 -9.1 268 0 11.4 50.6 14.0 3.5 2 1 4 5 5
-6262.8 9440.7 -9.3 268 0 10.6 50.9 14.0 3.5 4 1 4 5 5
-6296.7 9430.6 -9.4 266 0 11.5 45.0 14.0 3.5 2 1 4 2 2
-6329.5 9427.3 -9.6 267 0 11.3 44.5 14.0 3.5 2 1 4 0 0
-6273.9 9482.5 -9.4 267 0 10.9 31.9 14.0 3.5 2 1 4 0 0
-6307.9 9481.3 -9.6 267 0 6.3 43.8 10.5 0.0 0 1 3 2 2
-6272.1 9492.0 -9.5 87 0 10.9 52.5 14.0 3.5 2 1 4 5 5
-6310.5 9542.5 -9.8 267 0 9.7 52.5 10.5 3.5 2 1 3 3 3
-6338.4 9457.3 -9.7 357 0 41.3 9.7 10.5 3.5 2 0 3 1 1
-6371.3 9475.5 -9.9 267 0 8.2 41.3 10.5 3.5 2 1 3 3 3
-6337.5 9522.4 -9.9 357 0 70.9 10.3 14.0 3.5 2 0 4 4 4
-6374.4 9484.5 -10.0 87 0 9.3 53.3 10.5 3.5 2 1 3 5 5
-6385.6 9557.3 -10.2 177 0 31.7 9.4 10.5 3.5 2 0 3 0 0
-6428.5 9488.3 -10.3 177 0 105.6 10.7 14.0 3.5 2 0 4 2 2
-6417.9 9380.6 -10.0 87 0 9.9 46.4 10.5 0.0 0 1 3 3 3
-5301.7 9014.8 -8.3 81 0 19.6 116.9 14.0 0.0 0 1 4 4 4
-4886.8 8515.1 -5.2 104 0 33.8 20.4 17.5 0.0 0 0 5 4 4
-4816.8 8562.8 -6.2 351 0 60.9 5.4 10.5 3.5 2 0 3 0 0
-4781.4 8304.8 -3.6 351 0 51.3 13.5 21.0 3.5 2 0 6 1 1
-4833.8 8314.5 -3.2 261 0 12.8 47.9 21.0 3.5 2 1 6 1 1
-4868.8 8308.8 -3.2 261 0 12.2 59.4 21.0 3.5 4 1 6 4 4
-4951.2 8492.4 -4.5 191 0 14.5 27.3 21.0 0.0 0 1 6 3 3
-4958.7 8449.0 -4.0 351 0 65.7 12.4 21.0 3.5 2 0 6 4 4
-4984.0 8351.0 -3.0 171 0 105.5 8.0 10.5 0.0 0 0 3 5 5
-3781.7 -10913.5 -6.5 86 0 15.1 103.5 14.0 3.5 2 1 4 0 0
-3516.7 -10875.7 -6.1 86 0 13.5 49.4 14.0 3.5 4 1 4 0 0
-3558.7 -10876.9 -6.2 86 0 13.0 46.1 14.0 0.0 0 1 4 1 1
-3599.2 -10880.5 -6.2 86 0 14.7 48.4 14.0 3.5 2 1 4 4 4
-3638.7 -10883.7 -6.2 86 0 14.7 50.3 14.0 3.5 2 1 4 2 2
-3680.1 -10887.7 -6.2 86 0 14.0 53.8 14.0 3.5 2 1 4 2 2
-3718.8 -10907.3 -6.3 86 0 13.5 67.8 14.0 3.5 4 1 4 3 3
-3751.4 -10911.4 -6.4 86 0 11.9 68.6 14.0 3.5 2 1 4 3 3
-3152.5 -10843.4 -6.0 266 0 72.8 50.3 14.0 0.0 0 0 4 5 5
-3207.5 -10847.4 -6.0 266 0 37.5 43.3 14.0 0.0 0 0 4 1 1
-3273.8 -10876.9 -6.1 176 0 49.5 49.5 14.0 0.0 0 0 4 0 0
-4720.3 -9706.5 -2.2 267 0 10.7 27.0 10.0 2.5 2 1 4 2 2
-4671.5 -9700.0 -2.3 267 0 10.8 62.3 7.5 2.5 2 0 3 5 5
-4719.0 -9746.7 -2.3 267 0 11.4 18.3 7.5 2.5 2 0 3 2 2
-4769.3 -9706.7 -2.3 267 0 12.7 72.4 7.5 2.5 2 0 3 2 2
-5428.4 -10710.2 -6.2 176 0 27.4 9.7 10.5 3.5 2 0 3 5 5
-5451.0 -10711.4 -6.2 176 0 27.5 9.0 10.5 3.5 2 0 3 2 2
-5405.9 -10708.3 -6.2 176 0 27.2 8.9 10.5 3.5 2 0 3 1 1
-5371.0 -10793.3 -6.4 86 0 7.1 109.4 10.5 3.5 2 1 3 4 4
-5371.0 -10799.3 -6.5 266 0 6.9 30.5 10.5 3.5 2 1 3 2 2
-5393.9 -10795.0 -6.4 86 0 10.9 70.2 17.5 3.5 2 1 5 0 0
-5416.2 -10796.3 -6.5 86 0 10.6 69.3 17.5 3.5 2 1 5 5 5
-5439.2 -10798.5 -6.5 86 0 10.9 69.5 17.5 3.5 2 1 5 2 2
-5468.0 -10766.1 -6.4 356 0 69.9 10.4 17.5 3.5 2 0 5 3 3
-5492.9 -10767.5 -6.4 356 0 70.0 10.4 17.5 3.5 2 0 5 0 0
-5524.3 -10769.9 -6.5 176 0 70.3 10.9 17.5 3.5 2 0 5 4 4
-5393.0 -10800.7 -6.6 266 0 10.8 42.6 17.5 0.0 0 1 5 2 2
-5415.4 -10802.2 -6.6 266 0 11.0 42.9 17.5 3.5 2 1 5 1 1
-5438.8 -10804.4 -6.6 266 0 10.6 42.4 17.5 3.5 2 1 5 1 1
-5463.3 -10827.5 -6.6 356 0 43.4 8.9 10.5 3.5 2 0 3 2 2
-5487.3 -10829.5 -6.6 356 0 42.8 8.9 10.5 3.5 2 0 3 3 3
-5519.4 -10832.2 -6.7 176 0 42.7 10.6 17.5 3.5 2 0 5 5 5
-5537.9 -10793.9 -6.6 176 0 123.2 10.4 17.5 3.5 2 0 5 1 1
-4598.5 -10756.1 -6.2 268 0 9.1 47.1 10.5 3.5 4 1 3 0 0
-4617.9 -10755.7 -6.2 268 0 9.1 47.1 10.5 3.5 2 1 3 5 5
-4639.2 -10756.6 -6.2 268 0 9.1 47.1 10.5 3.5 2 1 3 3 3
-4663.7 -10785.6 -6.3 178 0 40.2 10.7 17.5 3.5 2 0 5 4 4
-4597.7 -10747.7 -6.0 89 0 10.1 57.6 17.5 3.5 2 1 5 5 5
-4617.8 -10747.2 -6.1 89 0 10.1 57.6 17.5 3.5 2 1 5 4 4
-4638.0 -10748.3 -6.1 89 0 10.1 57.6 17.5 3.5 2 1 5 5 5
-4659.4 -10749.4 -6.1 90 0 9.9 58.6 10.5 3.5 2 1 3 5 5
-4327.3 -10943.7 -6.7 87 0 8.2 22.5 10.5 3.5 2 1 3 1 1
-4378.4 -10946.1 -6.8 87 0 8.1 19.4 10.5 3.5 2 1 3 3 3
-4438.7 -10944.3 -7.0 88 0 13.8 38.2 17.5 0.0 0 1 5 1 1
-4499.8 -10950.1 -7.1 88 0 13.8 38.2 17.5 0.0 0 1 5 4 4
-4469.1 -10946.4 -7.0 88 0 13.8 38.2 17.5 0.0 0 1 5 1 1
-4410.2 -10942.1 -7.1 88 0 13.8 38.2 17.5 0.0 0 1 5 3 3
-4904.1 -9845.6 -2.8 268 0 10.4 31.8 17.5 3.5 2 1 5 2 2
-4901.6 -9886.0 -2.9 268 0 12.0 23.4 17.5 3.5 2 1 5 4 4
-4926.9 -9887.9 -2.9 268 0 10.7 22.1 17.5 3.5 2 1 5 2 2
-4927.5 -9880.0 -2.9 88 0 10.7 32.7 17.5 3.5 2 1 5 3 3
-4951.6 -9881.3 -2.9 88 0 9.9 32.4 10.5 3.5 2 1 3 4 4
-4975.1 -9882.9 -2.9 88 0 11.0 32.4 17.5 3.5 2 1 5 1 1
-5000.0 -9884.6 -2.9 88 0 11.3 32.4 17.5 3.5 2 1 5 1 1
-4950.9 -9888.4 -3.0 268 0 9.4 38.2 10.5 3.5 2 1 3 5 5
-4974.1 -9889.8 -3.0 268 0 11.0 37.9 17.5 3.5 2 1 5 1 1
-4999.0 -9890.3 -3.0 268 0 10.0 38.5 10.5 3.5 2 1 3 4 4
-4769.3 9296.6 -14.4 179 0 43.5 9.3 10.5 3.5 2 0 3 4 4
-4728.6 9366.9 -15.1 267 0 6.8 44.3 10.5 3.5 2 1 3 5 5
-4687.2 9367.0 -14.9 179 0 20.1 6.2 10.5 3.5 2 0 3 1 1
-4707.5 9376.6 -15.1 178 0 38.8 6.5 10.5 3.5 2 0 3 1 1
-4702.8 9332.7 -15.0 265 0 5.3 18.7 10.5 3.5 2 1 3 2 2
-4724.0 9317.6 -14.6 267 0 5.3 17.5 10.5 3.5 4 1 3 5 5
-4697.6 9271.7 -14.5 88 0 8.3 18.9 10.5 3.5 2 1 3 5 5
-4684.7 9296.7 -14.7 359 0 10.4 13.9 17.5 3.5 2 1 5 4 4
-4664.7 9291.3 -14.9 358 0 38.1 3.8 10.5 3.5 2 0 3 1 1
-4679.5 9271.4 -14.8 88 0 5.6 39.0 10.5 3.5 2 1 3 3 3
-5476.3 8648.6 -3.3 314 0 44.9 10.8 17.5 3.5 4 0 5 1 1
-5506.4 8626.9 -3.3 171 0 51.2 6.3 10.5 0.0 0 0 3 5 5
-5511.4 8601.9 -3.3 171 0 102.9 6.5 10.5 3.5 2 0 3 4 4
-5496.7 8508.5 -3.0 171 0 40.0 6.5 10.5 3.5 2 0 3 1 1
-5502.2 8539.5 -3.1 171 0 23.1 9.3 10.5 3.5 2 0 3 2 2
-5467.7 8520.6 -2.9 351 0 27.6 12.4 17.5 3.5 4 0 5 0 0
-5473.5 8481.0 -2.8 171 0 33.1 12.4 17.5 3.5 2 0 5 4 4
-5518.6 8465.2 -3.0 80 0 9.5 15.9 10.5 3.5 2 1 3 4 4
-5529.2 8516.9 -3.2 265 0 12.5 34.1 17.5 0.0 0 1 5 5 5
-5641.9 9489.4 -10.2 351 0 52.5 11.5 14.0 3.5 2 0 4 0 0
-5681.9 9544.5 -10.3 266 0 9.9 33.0 10.5 3.5 2 1 3 1 1
-5674.5 9484.7 -9.9 356 0 47.9 12.5 14.0 3.5 4 0 4 2 2
-5715.7 9511.3 -9.8 266 0 12.2 53.0 14.0 3.5 2 1 4 1 1
-5474.0 9522.3 -11.6 260 0 13.8 34.5 7.5 0.0 0 1 3 5 5
-5461.0 9417.0 -11.1 84 0 13.0 61.6 10.0 0.0 0 1 4 0 0
-5497.4 9414.5 -10.9 84 0 11.1 74.1 7.5 2.5 2 1 3 2 2
-5664.5 8161.7 -3.0 177 0 13.8 143.4 17.5 0.0 0 1 5 3 3
-5438.6 8435.7 -2.5 261 0 8.1 24.8 10.5 3.5 2 1 3 3 3
-5419.3 8439.2 -2.4 261 0 8.4 24.4 10.5 3.5 2 1 3 2 2
-5360.5 8449.1 -2.1 261 0 8.6 24.1 10.5 3.5 2 1 3 3 3
-5361.5 8457.0 -2.2 81 0 8.6 22.9 10.5 3.5 2 1 3 5 5
-5380.9 8453.2 -2.2 81 0 8.4 23.9 10.5 3.5 4 1 3 5 5
-5440.4 6249.4 -11.6 268 0 8.7 33.7 10.5 3.5 2 1 3 5 5
-5472.0 6248.7 -11.6 268 0 14.4 35.0 14.0 3.5 2 1 4 2 2
-5493.4 6102.1 -11.5 178 0 202.3 84.2 14.0 0.0 0 0 4 1 1
-5149.2 6018.9 -11.5 88 0 10.3 55.9 14.0 0.0 0 1 4 1 1
-5148.0 6124.6 -11.7 359 0 59.8 10.3 14.0 3.5 2 0 4 0 0
-5047.8 6182.8 -11.9 359 0 7.5 41.7 10.5 3.5 2 1 3 1 1
-5418.9 9661.9 -13.4 274 0 7.2 20.6 10.5 3.5 2 1 3 1 1
-5435.3 9618.6 -12.9 182 0 4.2 13.0 10.5 3.5 2 1 3 0 0
-5445.7 9629.3 -13.0 183 0 16.5 7.5 10.5 3.5 2 0 3 4 4
-5447.0 9602.3 -12.8 182 0 30.2 8.6 10.5 3.5 2 0 3 4 4
-5406.3 9419.5 -11.0 263 0 12.5 36.4 14.0 3.5 2 1 4 2 2
-5430.3 9382.1 -10.7 83 0 11.0 36.0 14.0 3.5 2 1 4 4 4
-5460.0 9379.7 -10.4 83 0 8.0 28.0 10.5 3.5 2 1 3 4 4
-5477.1 9375.7 -10.2 83 0 5.4 31.9 10.5 3.5 2 1 3 4 4
-5508.5 9372.0 -10.0 83 0 5.6 32.1 10.5 3.5 2 1 3 1 1
-5523.3 9370.6 -9.8 83 0 6.1 31.3 10.5 3.5 2 1 3 4 4
-5554.4 9367.4 -9.6 83 0 7.1 28.9 10.5 3.5 2 1 3 1 1
-5564.8 9365.8 -9.5 83 0 10.5 29.5 14.0 3.5 2 1 4 1 1
-5590.8 9361.3 -9.3 83 0 11.6 29.6 14.0 3.5 2 1 4 5 5
-5607.5 9211.9 -7.5 354 0 50.6 12.9 14.0 3.5 2 0 4 0 0
-5491.6 9276.5 -9.3 83 0 9.6 54.7 10.5 3.5 2 1 3 2 2
-5518.2 6342.9 -12.0 178 0 34.6 96.8 10.0 0.0 0 1 4 0 0
-5501.9 6389.5 -12.0 178 0 36.4 48.8 12.5 0.0 0 1 5 5 5
-5518.9 6447.1 -12.1 178 0 71.4 16.6 7.5 2.5 2 0 3 3 3
-5430.5 6590.7 -12.1 88 0 14.1 48.8 7.5 0.0 0 1 3 1 1
-5384.7 6581.8 -12.0 88 0 14.6 56.8 7.5 2.5 2 0 3 4 4
-5405.4 6517.5 -12.3 88 0 61.4 63.3 10.0 0.0 0 0 4 4 4
-5091.3 6293.7 -12.2 86 0 14.9 50.9 10.5 3.5 2 1 3 3 3
-5127.5 6292.1 -12.1 86 0 14.9 50.8 10.5 3.5 2 1 3 5 5
-5421.2 8852.4 -4.8 271 0 7.2 36.6 10.5 3.5 2 1 3 5 5
-5450.8 8835.8 -4.4 271 0 4.5 18.0 10.5 0.0 0 1 3 2 2
-5442.2 8829.5 -4.4 271 0 9.0 25.2 10.5 3.5 2 1 3 1 1
-5463.8 8852.9 -4.5 271 0 6.7 35.2 10.5 3.5 2 1 3 3 3
-5482.9 8852.9 -4.4 271 0 6.8 33.5 10.5 3.5 2 1 3 3 3
-5501.7 8853.1 -4.2 271 0 6.6 33.0 10.5 3.5 4 1 3 3 3
-5519.7 8854.3 -4.1 272 0 6.5 30.9 10.5 0.0 0 1 3 1 1
-5538.3 8854.3 -4.0 264 0 7.2 31.8 10.5 3.5 2 1 3 1 1
-5413.3 8165.3 -1.9 81 0 11.2 37.6 17.5 3.5 2 1 5 1 1
-5429.3 8242.9 -2.0 261 0 5.9 39.4 10.5 3.5 2 1 3 1 1
-5442.4 8238.1 -2.0 261 0 15.8 77.7 17.5 0.0 0 1 5 0 0
-5073.6 8228.6 -2.1 81 0 8.1 58.3 10.5 0.0 0 1 3 3 3
-5054.5 8233.7 -2.2 81 0 10.7 88.7 17.5 3.5 2 1 5 0 0
-5293.5 8572.4 -2.8 281 0 30.1 14.0 17.5 3.5 2 0 5 2 2
-5523.8 8739.1 -3.8 84 0 13.4 83.0 17.5 3.5 2 1 5 3 3
-5427.3 8744.7 -4.1 87 0 10.0 58.0 10.5 3.5 2 1 3 1 1
-5452.2 8742.6 -3.9 87 0 10.5 59.4 17.5 0.0 0 1 5 5 5
-5043.1 8362.6 -2.6 81 0 7.3 45.5 10.5 3.5 2 0 3 5 5
-5049.0 8425.0 -3.0 351 0 34.1 7.1 10.5 3.5 2 0 3 1 1
-5060.4 8360.1 -2.7 81 0 9.6 80.9 10.5 3.5 2 1 3 1 1
-5077.9 8358.4 -2.6 81 0 10.8 80.1 17.5 0.0 0 1 5 0 0
-4649.6 8329.2 -5.1 81 0 5.8 58.1 10.5 3.5 2 1 3 1 1
-4653.3 8400.9 -5.5 261 0 25.5 9.1 10.5 3.5 2 0 3 3 3
-4672.8 8390.9 -5.2 261 0 12.1 59.0 17.5 3.5 2 1 5 4 4
-4593.9 8395.7 -5.8 351 0 22.0 5.5 10.5 3.5 2 0 3 3 3
-4576.8 8324.2 -5.7 81 0 22.4 62.3 17.5 3.5 2 0 5 5 5
-4610.3 8398.5 -5.7 261 0 9.1 15.5 10.5 3.5 2 0 3 2 2
-4618.2 8317.9 -5.4 81 0 13.7 78.3 17.5 3.5 2 0 5 3 3
-4659.2 8309.5 -4.7 81 0 48.8 14.0 17.5 3.5 2 0 5 1 1
-4718.6 8302.6 -4.2 81 0 63.7 8.2 10.5 3.5 2 0 3 3 3
-5677.2 6063.1 -11.1 177 0 59.5 25.7 14.0 3.5 2 0 4 3 3
-5607.5 6095.3 -11.1 267 0 13.1 61.4 14.0 3.5 2 1 4 0 0
-5839.6 9713.3 -11.0 262 0 7.3 27.9 10.5 3.5 2 1 3 4 4
-5828.1 9684.9 -10.8 262 0 18.0 39.9 17.5 3.5 2 1 5 5 5
-5843.9 9678.1 -10.6 262 0 14.2 31.3 17.5 3.5 2 1 5 3 3
-5856.6 9639.9 -10.4 83 0 6.3 31.6 10.5 3.5 2 1 3 5 5
-5821.0 9564.5 -10.0 81 0 6.3 58.6 10.5 3.5 2 1 3 2 2
-5838.8 9562.5 -10.0 81 0 6.6 77.2 10.5 3.5 2 1 3 3 3
-5521.9 -8136.6 -7.7 267 0 17.6 43.8 10.5 3.5 2 1 3 4 4
-5552.0 -8236.6 -7.7 87 0 10.7 46.3 10.5 3.5 2 1 3 5 5
-5563.9 -8136.7 -7.8 267 0 11.2 49.0 10.5 3.5 2 1 3 4 4
-5592.3 -8141.7 -8.0 267 0 11.5 48.2 10.5 0.0 0 1 3 4 4
-5621.6 -8134.3 -8.1 266 0 12.5 59.1 10.5 3.5 2 1 3 4 4
-5666.4 -8195.7 -8.2 86 0 19.7 6.9 10.5 3.5 2 0 3 4 4
-5651.6 -8135.9 -8.2 266 0 11.2 58.6 10.5 3.5 4 1 3 5 5
-5691.1 -8138.9 -8.3 266 0 11.1 57.9 10.5 3.5 2 1 3 5 5
-5728.2 -8169.7 -8.3 176 0 61.5 9.4 10.5 0.0 0 0 3 0 0
-5641.5 -8249.6 -8.1 86 0 8.3 52.5 10.5 3.5 2 1 3 4 4
-5661.1 -8250.9 -8.2 86 0 8.3 52.5 10.5 3.5 2 1 3 0 0
-5679.1 -8252.5 -8.3 86 0 8.3 52.5 10.5 3.5 2 1 3 3 3
-5699.1 -8253.9 -8.3 86 0 8.3 52.5 10.5 3.5 2 1 3 3 3
-5582.0 -8295.9 -7.7 86 0 8.3 43.5 10.5 3.5 2 1 3 0 0
-5600.6 -8297.1 -7.8 86 0 8.3 43.5 10.5 0.0 0 1 3 1 1
-5619.0 -8298.6 -7.9 86 0 8.3 43.5 10.5 3.5 4 1 3 4 4
-5641.0 -8255.8 -7.9 266 0 8.3 43.5 10.5 3.5 2 1 3 4 4
-5659.4 -8257.6 -8.0 266 0 8.3 43.5 10.5 3.5 2 1 3 3 3
-5678.8 -8259.4 -8.1 266 0 8.3 43.5 10.5 3.5 4 1 3 5 5
-5698.2 -8260.6 -8.1 266 0 8.3 43.5 10.5 3.5 4 1 3 0 0
-5581.9 -8301.6 -7.5 266 0 8.9 34.1 10.5 3.5 2 1 3 4 4
-5600.6 -8302.9 -7.6 266 0 9.0 34.2 10.5 3.5 2 1 3 3 3
-5619.2 -8304.1 -7.7 266 0 8.5 34.2 10.5 3.5 2 1 3 4 4
-5637.6 -8305.2 -7.8 266 0 8.8 34.7 10.5 3.5 2 1 3 5 5
-5656.3 -8306.4 -7.9 266 0 9.4 34.3 10.5 3.5 2 1 3 0 0
-5675.1 -8308.4 -7.9 266 0 9.5 33.9 10.5 3.5 2 1 3 1 1
-5692.7 -8343.6 -8.1 86 0 8.3 33.2 10.5 3.5 2 1 3 2 2
-5717.3 -8255.8 -8.3 86 0 7.1 52.9 10.5 0.0 0 1 3 3 3
-5710.4 -8344.8 -8.3 86 0 7.9 81.8 10.5 3.5 2 1 3 3 3
-5563.3 -8293.5 -7.6 176 0 82.6 10.5 10.5 3.5 2 0 3 2 2
-5485.2 -8307.8 -7.2 266 0 16.4 20.8 10.5 3.5 2 1 3 2 2
-5514.0 -8277.7 -7.5 356 0 59.6 17.3 10.5 3.5 2 0 3 3 3
-5330.6 -7666.7 -7.9 175 0 21.0 10.6 10.5 3.5 2 0 3 1 1
-5295.0 -7617.1 -7.8 265 0 11.5 29.6 10.5 3.5 4 1 3 3 3
-5332.7 -7635.7 -8.0 175 0 29.7 12.6 10.5 3.5 2 0 3 2 2
-5332.8 -7556.4 -8.1 265 0 11.9 25.0 10.5 3.5 2 1 3 4 4
-5335.3 -7600.0 -8.1 175 0 22.3 12.6 10.5 3.5 2 0 3 0 0
-5333.3 -7547.4 -8.2 85 0 12.7 11.8 10.5 0.0 0 0 3 5 5
-5359.1 -7559.0 -8.3 265 0 11.9 25.0 10.5 3.5 2 1 3 4 4
-5355.2 -7613.2 -8.2 85 0 11.1 22.3 10.5 3.5 2 1 3 1 1
-5359.6 -7550.0 -8.3 85 0 12.7 11.8 10.5 3.5 2 0 3 3 3
-5381.9 -7552.5 -8.4 85 0 12.7 11.8 10.5 3.5 2 0 3 5 5
-5381.5 -7561.5 -8.3 265 0 11.9 25.0 10.5 3.5 4 1 3 3 3
-5377.6 -7615.7 -8.3 85 0 11.1 22.3 10.5 3.5 4 1 3 0 0
-5396.9 -7618.2 -8.4 85 0 14.4 23.5 10.5 3.5 2 1 3 5 5
-5342.9 -7669.8 -8.0 355 0 15.2 14.7 10.5 3.5 2 0 3 4 4
-5379.8 -7672.9 -8.1 176 0 16.3 13.3 10.5 3.5 4 0 3 0 0
-5354.5 -7622.1 -8.1 265 0 12.3 34.3 10.5 3.5 2 1 3 1 1
-5376.1 -7624.0 -8.2 265 0 13.8 34.6 10.5 3.5 2 1 3 4 4
-5636.1 -7015.8 -8.0 359 0 183.5 81.2 14.0 0.0 0 0 4 5 5
-6741.1 -6752.3 -6.2 270 0 50.3 41.5 7.5 0.0 0 0 3 4 4
-6672.4 -6874.6 -6.4 90 0 22.8 53.6 5.0 2.5 2 1 2 1 1
-6617.5 -6817.6 -6.4 270 0 15.4 57.6 7.5 2.5 2 1 3 3 3
-6923.5 9526.5 -13.0 269 0 8.6 113.0 10.5 3.5 2 1 3 3 3
-5300.4 8486.4 -1.9 261 0 13.0 46.4 17.5 3.5 2 1 5 2 2
-4871.0 6730.2 -9.5 88 0 43.2 45.6 10.5 0.0 0 1 3 3 3
-4874.7 6721.1 -9.9 268 0 35.1 43.1 10.5 0.0 0 1 3 0 0
-5820.7 9405.9 -7.9 266 0 10.1 45.5 14.0 3.5 2 1 4 1 1
-5835.7 9327.0 -7.2 86 0 11.4 29.3 14.0 3.5 2 1 4 3 3
-5818.4 9315.8 -7.4 175 0 84.7 11.4 14.0 3.5 2 0 4 4 4
-5838.2 9294.4 -6.8 176 0 40.9 11.0 14.0 3.5 2 0 4 5 5
-5761.1 9276.4 -7.0 269 0 39.6 11.3 14.0 3.5 2 0 4 1 1
-5798.4 9195.9 -6.5 88 0 10.8 75.3 14.0 3.5 2 1 4 3 3
-5832.4 9234.1 -6.5 179 0 74.4 10.2 14.0 3.5 2 0 4 0 0
-5831.5 9186.8 -6.3 182 0 12.7 41.6 14.0 3.5 2 0 4 2 2
-5719.2 9176.4 -6.6 92 0 22.4 46.5 14.0 3.5 2 0 4 2 2
-5760.2 9177.9 -6.2 92 0 59.8 13.2 14.0 3.5 2 0 4 5 5
-5652.6 9172.6 -6.9 92 0 66.5 12.5 14.0 3.5 4 0 4 5 5
-5678.4 9276.3 -7.5 264 0 13.7 41.5 14.0 3.5 2 1 4 5 5
-4800.1 7115.4 -7.4 268 0 8.0 41.3 10.5 3.5 2 0 3 1 1
-4797.3 7030.5 -7.7 88 0 8.0 43.6 10.5 3.5 2 0 3 5 5
-4857.1 7112.7 -7.3 268 0 97.1 9.4 10.5 3.5 2 0 3 5 5
-4899.4 7031.7 -6.7 89 0 8.8 60.8 10.5 3.5 2 1 3 0 0
-4871.7 7032.4 -7.3 88 0 27.7 59.6 17.5 0.0 0 0 5 0 0
-4854.9 7052.2 -7.3 88 0 7.4 40.3 10.5 3.5 2 0 3 0 0
-4813.0 7035.5 -7.7 88 0 17.6 52.3 17.5 3.5 2 0 5 5 5
-4839.7 7032.7 -7.7 88 0 21.5 60.3 17.5 3.5 2 0 5 3 3
-4805.5 6961.0 -8.1 88 0 11.5 58.9 17.5 3.5 2 1 5 5 5
-4805.4 6948.0 -8.7 268 0 12.6 70.3 17.5 3.5 2 1 5 2 2
-4838.0 7019.7 -7.8 268 0 20.3 4.2 10.5 3.5 2 0 3 0 0
-4842.5 6962.9 -8.1 88 0 32.6 52.4 17.5 0.0 0 0 5 4 4
-4871.0 6962.1 -7.8 88 0 24.3 52.4 17.5 3.5 2 0 5 5 5
-4898.2 7018.3 -7.3 268 0 8.6 57.5 10.5 3.5 2 1 3 3 3
-4837.1 6945.5 -8.7 268 0 20.1 61.1 17.5 3.5 2 0 5 5 5
-4811.8 6880.1 -8.6 358 0 10.8 32.6 17.5 3.5 2 0 5 4 4
-4896.9 6868.9 -8.5 178 0 9.3 31.4 10.5 0.0 0 1 3 4 4
-4895.5 6943.7 -8.0 269 0 8.4 60.9 10.5 0.0 0 1 3 1 1
-4919.7 6896.5 -7.8 358 0 26.5 7.1 10.5 3.5 4 0 3 3 3
-4955.1 6942.1 -8.1 268 0 34.7 61.8 17.5 0.0 0 0 5 4 4
-4984.0 6941.4 -8.2 268 0 23.0 61.8 17.5 3.5 2 0 5 3 3
-4918.4 6866.2 -8.3 358 0 8.9 100.4 10.5 3.5 2 1 3 0 0
-4924.3 7076.8 -6.5 358 0 26.7 8.8 10.5 0.0 0 0 3 1 1
-4928.1 7029.9 -6.8 88 0 8.6 28.0 10.5 3.5 4 1 3 2 2
-4951.9 7028.6 -6.9 88 0 20.1 60.2 17.5 3.5 2 1 5 4 4
-4987.3 7026.4 -7.0 88 0 19.9 62.2 17.5 3.5 2 1 5 5 5
-4949.0 6959.3 -7.4 88 0 20.3 52.0 17.5 3.5 2 1 5 1 1
-4985.1 6958.5 -7.5 88 0 20.0 52.2 17.5 0.0 0 1 5 1 1
-5008.4 6958.7 -7.6 89 0 7.2 51.6 10.5 3.5 2 1 3 1 1
-5006.4 6941.4 -8.3 268 0 7.6 62.3 10.5 3.5 2 1 3 1 1
-4777.0 7289.5 -6.3 268 0 10.8 35.1 17.5 3.5 2 1 5 5 5
-4802.6 7292.6 -6.1 88 0 10.7 71.7 17.5 3.5 2 1 5 0 0
-4802.4 7288.3 -6.4 268 0 10.9 35.1 17.5 3.5 2 1 5 3 3
-4834.8 7328.0 -6.0 178 0 71.7 10.7 17.5 3.5 2 0 5 2 2
-4833.1 7269.2 -6.3 178 0 35.1 10.9 17.5 3.5 2 0 5 2 2
-4787.8 6862.5 -8.7 358 0 10.0 110.4 17.5 3.5 2 1 5 5 5
-4915.2 6855.5 -8.5 358 0 10.0 120.5 17.5 3.5 2 1 5 3 3
-5955.8 7680.0 -6.2 8 0 63.8 9.7 10.5 3.5 2 0 3 2 2
-5988.3 7716.4 -6.2 278 0 9.6 63.8 10.5 3.5 4 1 3 5 5
-6022.7 7721.4 -6.2 278 0 9.6 63.8 10.5 3.5 2 1 3 1 1
-6056.4 7724.8 -5.9 278 0 9.6 63.8 10.5 3.5 2 1 3 0 0
-5586.0 7556.7 -3.5 187 0 13.3 52.4 7.5 2.5 2 1 3 1 1
-5061.1 9204.8 -11.2 266 0 31.9 10.6 17.5 3.5 2 0 5 1 1
-5107.6 9144.3 -10.5 356 0 87.1 24.6 10.0 0.0 0 0 4 0 0
-5195.8 9129.5 -10.3 176 0 101.9 62.6 12.5 0.0 0 0 5 4 4
-2064.3 -9636.4 -2.9 176 0 29.5 92.8 14.0 0.0 0 1 4 2 2
-4505.0 8641.5 -9.2 353 0 59.4 9.4 10.5 3.5 2 0 3 0 0
-4578.3 8634.2 -8.6 172 0 47.1 9.0 10.5 3.5 2 0 3 3 3
-4466.7 7873.0 -8.5 262 0 9.1 29.9 10.5 3.5 4 1 3 3 3
-4449.1 7919.8 -8.1 352 0 47.5 12.0 7.5 2.5 2 0 3 3 3
-4964.2 8343.2 -2.7 171 0 24.1 10.0 21.0 0.0 0 0 6 4 4
-4954.9 8312.7 -2.5 171 0 23.2 11.8 21.0 0.0 0 0 6 0 0
-4967.3 8310.7 -2.3 171 0 23.0 4.7 10.5 0.0 0 0 3 4 4
-4891.4 8268.6 -3.0 351 0 44.2 12.6 21.0 0.0 0 0 6 3 3
-4915.0 8301.5 -2.5 351 0 9.7 30.3 10.5 0.0 0 1 3 1 1
-4935.9 8236.7 -2.8 81 0 28.5 15.0 21.0 0.0 0 0 6 1 1
-4969.3 8265.4 -2.7 171 0 61.0 14.5 21.0 3.5 2 0 6 4 4
-5702.7 8958.2 -5.1 180 0 8.9 76.6 10.5 3.5 2 1 3 5 5
-5702.9 8942.6 -5.1 180 0 8.9 76.6 10.5 3.5 2 1 3 3 3
-5584.2 8908.6 -4.5 83 0 10.0 33.4 10.5 3.5 2 1 3 3 3
-5575.2 8891.7 -4.3 353 0 27.3 8.6 7.5 2.5 2 0 3 3 3
-5849.8 8981.9 -6.0 265 0 12.3 52.4 17.5 0.0 0 1 5 3 3
-5460.6 9225.4 -8.5 263 0 12.8 36.0 5.0 2.5 2 1 2 0 0
-4474.3 8017.8 -7.7 262 0 14.6 68.3 17.5 3.5 2 1 5 4 4
-4547.3 8918.5 -11.7 266 0 9.8 49.5 10.5 3.5 2 1 3 4 4
-4571.0 8867.9 -11.3 84 0 10.4 46.4 14.0 3.5 2 1 4 0 0
-4613.4 8887.6 -11.1 174 0 44.1 11.2 17.5 3.5 2 0 5 1 1
