-6856.2 -9170.2 -10.1 90 0 13.2 43.7 5.0 2.5 2 1 2 1 1
-6815.4 -9172.5 -10.4 90 0 14.4 45.4 10.0 2.5 2 1 4 3 3
-6772.8 -9217.1 -10.7 90 0 13.6 89.6 7.5 2.5 2 1 3 0 0
-6729.5 -9212.3 -11.0 90 0 13.6 78.6 7.5 0.0 0 1 3 3 3
-6723.2 -9089.4 -11.0 0 0 77.9 13.9 7.5 0.0 0 0 3 2 2
-6771.5 -9079.6 -10.6 0 0 73.3 14.3 7.5 2.5 2 0 3 3 3
-6828.3 -9080.1 -10.3 181 0 72.6 14.0 10.0 2.5 2 0 4 2 2
-6872.1 -9079.5 -10.0 181 0 73.0 14.5 7.5 2.5 2 0 3 3 3
-6884.9 -8999.0 -9.9 180 0 67.8 13.2 7.5 2.5 2 0 3 5 5
-6879.3 -8893.0 -9.9 270 0 13.4 65.3 10.0 2.5 2 1 4 5 5
-6841.9 -8997.1 -10.2 180 0 69.7 13.9 10.0 2.5 2 0 4 4 4
-6835.4 -8874.9 -10.2 270 0 14.4 78.3 10.0 2.5 2 1 4 5 5
-6766.2 -8984.9 -10.6 0 0 51.4 13.2 7.5 2.5 2 0 3 5 5
-6723.4 -9022.2 -10.9 360 0 44.3 12.5 10.0 2.5 2 0 4 3 3
-6778.4 -8873.0 -10.6 270 0 13.2 78.3 7.5 2.5 2 1 3 1 1
-6782.5 -8801.9 -10.6 270 0 13.1 66.2 7.5 2.5 2 1 3 1 1
-2299.8 -6990.7 -3.6 271 0 183.9 243.4 14.0 0.0 0 1 4 2 2
-2375.7 -7394.7 -5.0 180 0 115.8 117.3 17.5 0.0 0 1 5 1 1
-2224.7 -7249.9 -3.6 269 0 31.8 53.3 14.0 0.0 0 1 4 0 0
-2301.3 -6978.6 -3.6 91 0 185.8 75.0 17.5 0.0 0 0 5 4 4
-2598.7 -7802.3 -8.2 274 0 14.0 66.3 10.0 2.5 4 1 4 5 5
-2423.5 -7334.5 -4.8 1 0 60.3 10.4 17.5 3.5 2 0 5 4 4
-2416.0 -7315.7 -4.5 179 0 23.9 22.5 14.0 3.5 2 0 4 0 0
-2396.4 -7419.9 -5.1 0 0 30.8 21.4 17.5 0.0 0 0 5 5 5
-5707.5 -10593.7 -8.4 8 0 13.8 28.4 17.5 3.5 2 0 5 2 2
