-3842.5 -3291.5 -2.7 185 0 23.8 53.7 10.5 3.5 2 1 3 2 2
-3906.1 -3312.2 -2.6 5 0 52.5 13.2 14.0 3.5 2 0 4 1 1
-3915.8 -3262.7 -2.8 5 0 38.0 15.2 14.0 3.5 2 0 4 2 2
-3870.2 -3222.2 -3.1 5 0 34.6 62.8 14.0 0.0 0 1 4 2 2
-3333.3 -2369.3 -2.0 269 0 15.7 39.8 14.0 0.0 0 1 4 1 1
-3334.1 -2316.0 -2.2 269 0 15.7 43.1 14.0 3.5 2 1 4 5 5
-3367.2 -2312.2 -2.6 269 0 17.8 47.4 14.0 3.5 2 1 4 2 2
-3411.6 -2309.4 -3.3 270 0 45.1 50.2 14.0 0.0 0 1 4 5 5
-3462.6 -2366.2 -3.5 179 0 46.7 16.8 14.0 3.5 2 0 4 5 5
-4688.4 -5795.7 -3.5 272 0 13.4 82.8 10.0 2.5 2 1 4 5 5
-4606.6 -5863.1 -3.2 4 0 38.3 16.1 12.5 2.5 2 0 5 0 0
-4660.5 -5862.3 -3.4 184 0 38.3 16.1 7.5 0.0 0 0 3 4 4
-4649.5 -5798.2 -2.7 274 0 16.1 29.8 10.0 2.5 2 1 4 5 5
-4611.2 -5799.8 -2.2 274 0 16.1 29.8 12.5 2.5 2 1 5 1 1
