-2261.8 2608.4 -3.3 94 0 12.3 76.5 17.5 3.5 2 1 5 2 2
-2270.0 2476.7 -3.0 94 0 12.3 123.7 17.5 3.5 2 1 5 3 3
-2336.9 2680.0 -4.1 273 0 15.9 66.1 17.5 3.5 2 1 5 2 2
-2374.8 2551.5 -4.1 4 0 98.8 11.4 17.5 3.5 2 0 5 5 5
-2337.9 2556.6 -3.8 4 0 87.6 11.4 17.5 3.5 2 0 5 0 0
-2296.1 2679.0 -3.7 274 0 11.4 67.3 17.5 3.5 2 1 5 3 3
-2301.5 2599.2 -3.4 274 0 11.4 76.0 17.5 3.5 2 1 5 2 2
-2133.4 2810.3 -1.0 229 0 7.0 55.5 7.5 2.5 2 1 3 5 5
-2214.7 2898.4 -0.5 50 0 7.1 30.4 5.0 2.5 2 1 2 4 4
-2227.6 707.4 -0.5 92 0 32.1 10.0 10.5 3.5 2 0 3 1 1
-2271.2 649.8 -0.4 89 0 10.5 69.8 14.0 3.5 2 1 4 0 0
-2260.9 650.4 -0.3 92 0 7.2 50.6 10.5 3.5 2 1 3 3 3
-2161.5 671.1 -0.5 272 0 37.0 73.6 14.0 0.0 0 1 4 2 2
-2305.7 266.9 1.0 88 0 12.4 70.9 17.5 3.5 2 1 5 4 4
-2298.2 222.0 1.0 358 0 73.2 12.5 14.0 3.5 2 0 4 2 2
-2363.3 266.5 0.7 91 0 9.8 74.3 10.5 3.5 2 1 3 5 5
-2387.3 266.8 0.6 91 0 10.7 74.3 17.5 3.5 2 1 5 3 3
-2411.8 267.1 0.5 91 0 10.9 74.3 14.0 3.5 2 1 4 5 5
-2460.7 267.7 0.4 91 0 9.6 74.3 10.5 3.5 2 1 3 2 2
-2436.5 267.4 0.4 91 0 8.8 74.3 10.5 3.5 2 1 3 3 3
-2368.7 220.6 0.7 181 0 74.3 9.8 10.5 3.5 2 0 3 2 2
-2393.2 220.9 0.6 181 0 74.3 10.7 17.5 3.5 2 0 5 1 1
-2417.8 221.2 0.5 181 0 74.3 10.9 14.0 3.5 2 0 4 3 3
-2441.5 221.5 0.4 181 0 74.3 8.8 10.5 3.5 2 0 3 3 3
-2460.8 258.9 0.5 271 0 9.6 74.3 10.5 3.5 2 1 3 0 0
-2313.0 1564.7 1.0 2 0 81.8 10.9 14.0 3.5 2 0 4 1 1
-790.5 3215.5 -2.3 93 0 13.6 67.3 10.5 3.5 4 1 3 3 3
-2042.5 2082.4 -1.1 89 0 12.6 20.7 14.0 3.5 2 1 4 4 4
-2079.0 2102.4 -1.1 269 0 12.6 20.7 14.0 3.5 2 1 4 2 2
-2113.3 2082.3 -1.1 89 0 12.6 23.0 14.0 3.5 2 1 4 4 4
-2087.8 2184.2 -1.2 89 0 12.6 18.5 14.0 3.5 4 1 4 2 2
-2109.2 2127.8 -1.1 359 0 35.4 12.6 14.0 3.5 2 0 4 5 5
-1974.0 2177.2 -1.3 269 0 11.7 17.4 14.0 3.5 2 1 4 2 2
-1940.3 2195.4 -1.3 88 0 11.0 58.2 14.0 3.5 2 0 4 0 0
-1980.2 2187.2 -1.4 89 0 11.1 94.2 14.0 0.0 0 1 4 5 5
-2016.2 2186.7 -1.4 89 0 11.1 105.8 14.0 3.5 4 1 4 3 3
-2050.1 2187.2 -1.3 89 0 11.1 45.3 14.0 3.5 4 1 4 2 2
-2084.3 2139.8 -1.2 179 0 62.6 11.1 14.0 3.5 2 0 4 0 0
-2044.5 2174.3 -1.2 269 0 11.1 62.6 14.0 3.5 2 1 4 4 4
-2008.6 2174.8 -1.2 269 0 11.0 62.6 14.0 3.5 2 1 4 5 5
-2320.1 1471.5 2.3 91 0 8.5 13.5 10.5 0.0 0 1 3 5 5
-2364.5 1486.6 1.1 94 0 7.2 107.0 10.5 3.5 2 1 3 0 0
-2387.8 1489.0 1.3 94 0 9.4 87.2 10.5 3.5 2 1 3 4 4
-2411.0 1490.3 1.5 95 0 8.2 71.5 10.5 3.5 2 1 3 5 5
-2394.1 1468.8 2.4 272 0 10.2 61.8 17.5 3.5 2 1 5 3 3
-2414.2 1469.7 2.4 271 0 9.7 52.7 10.5 3.5 4 1 3 2 2
-2434.6 1471.6 2.4 271 0 9.9 56.7 10.5 3.5 2 1 3 1 1
-2455.1 1471.1 2.3 270 0 8.6 68.7 10.5 3.5 4 1 3 4 4
-2475.4 1470.7 2.2 270 0 9.4 68.1 10.5 0.0 0 1 3 2 2
-2492.7 1470.5 2.1 271 0 8.5 68.7 10.5 3.5 4 1 3 1 1
-2120.2 1463.9 2.5 2 0 54.5 9.8 10.5 3.5 2 0 3 5 5
-2136.8 1465.8 2.5 3 0 51.9 10.4 17.5 3.5 2 0 5 1 1
-2161.7 1439.5 2.5 93 0 9.8 52.8 10.5 3.5 2 1 3 4 4
-2182.2 1444.1 2.5 94 0 10.5 49.0 17.5 3.5 2 1 5 2 2
-987.3 2157.3 -0.9 0 0 71.2 21.6 17.5 3.5 2 0 5 5 5
-988.0 2045.3 -1.6 0 0 70.6 21.6 17.5 3.5 2 0 5 5 5
-918.9 3471.6 -4.4 93 0 11.5 73.1 14.0 3.5 2 1 4 5 5
-875.9 3469.9 -4.6 93 0 11.5 73.1 14.0 0.0 0 1 4 5 5
-835.2 3470.4 -5.0 93 0 11.5 67.3 14.0 3.5 2 1 4 1 1
-790.4 3524.1 -4.9 273 0 11.5 56.4 14.0 3.5 2 1 4 5 5
-747.5 3521.5 -5.1 273 0 11.5 56.4 14.0 0.0 0 1 4 0 0
-732.3 3416.8 -4.2 3 0 68.7 11.5 10.5 0.0 0 0 3 5 5
-775.7 3454.0 -4.6 273 0 11.5 68.7 10.5 3.5 2 1 3 5 5
-814.7 3422.2 -4.8 3 0 68.7 11.5 14.0 3.5 2 0 4 0 0
-904.3 3463.1 -4.5 273 0 9.6 68.7 10.5 3.5 2 1 3 2 2
-860.6 3460.0 -4.8 273 0 9.6 68.7 10.5 3.5 2 1 3 3 3
-820.0 3336.9 -2.9 3 0 79.1 9.5 10.5 0.0 0 0 3 0 0
-869.4 3300.4 -3.5 93 0 9.5 79.1 10.5 3.5 2 1 3 4 4
-905.3 3343.5 -3.9 3 0 79.1 9.5 10.5 3.5 2 0 3 2 2
-910.9 3259.3 -1.7 3 0 70.3 9.5 10.5 3.5 4 0 3 5 5
-875.8 3221.1 -1.3 93 0 9.6 70.3 10.5 3.5 2 1 3 1 1
-832.1 3218.4 -1.4 93 0 9.6 70.3 10.5 3.5 2 1 3 0 0
-750.2 3214.7 -2.9 93 0 9.6 70.3 10.5 3.5 2 1 3 2 2
-943.6 3429.6 -4.4 3 0 69.7 11.6 14.0 3.5 2 0 4 2 2
-948.1 3344.2 -4.2 3 0 79.9 11.6 14.0 3.5 2 0 4 5 5
-952.4 3261.7 -2.1 3 0 68.6 11.6 14.0 3.5 2 0 4 3 3
-931.4 3212.6 -0.7 273 0 13.2 61.1 14.0 0.0 0 1 4 1 1
-887.3 3210.3 -1.6 273 0 14.5 61.1 14.0 3.5 4 1 4 1 1
-846.4 3208.2 -2.3 273 0 13.7 61.1 14.0 3.5 2 1 4 1 1
-804.1 3205.9 -2.9 273 0 13.0 59.1 14.0 3.5 2 1 4 4 4
-760.5 3203.6 -3.2 273 0 10.6 58.7 14.0 3.5 2 1 4 2 2
-691.5 3444.1 -5.2 93 0 13.2 73.3 14.0 3.5 4 1 4 4 4
-692.2 3432.8 -3.2 273 0 13.2 88.2 14.0 3.5 2 1 4 4 4
-707.6 3274.5 -3.4 183 0 92.0 13.2 14.0 3.5 2 0 4 2 2
-699.0 3184.8 -3.4 2 0 73.8 15.7 14.0 3.5 2 0 4 1 1
-620.6 3472.8 -4.7 3 0 81.0 12.6 14.0 3.5 2 0 4 2 2
-625.5 3380.0 -3.1 3 0 86.3 12.6 14.0 3.5 2 0 4 3 3
-630.8 3279.7 -3.8 3 0 89.3 12.6 14.0 3.5 2 0 4 2 2
-636.7 3168.2 -3.7 3 0 116.4 12.6 14.0 0.0 0 0 4 5 5
-1756.5 2817.8 -2.2 12 0 29.5 11.0 14.0 3.5 2 0 4 2 2
-1741.0 2906.5 -2.2 282 0 11.0 61.0 14.0 0.0 0 1 4 0 0
-1775.0 2912.6 -2.2 282 0 11.0 135.8 14.0 3.5 2 1 4 3 3
-1809.8 2922.5 -2.2 282 0 11.0 140.4 14.0 3.5 2 1 4 0 0
-1844.6 2928.6 -2.2 282 0 11.0 140.4 14.0 0.0 0 1 4 1 1
-1902.5 2940.7 -1.8 282 0 17.1 139.5 14.0 0.0 0 1 4 1 1
-1877.8 2934.8 -2.2 282 0 11.0 138.4 14.0 3.5 2 1 4 5 5
-2361.4 2199.0 -2.4 273 0 13.4 67.5 21.0 3.5 2 1 6 5 5
-2324.4 2196.9 -2.1 273 0 13.4 67.5 21.0 3.5 2 1 6 5 5
-2290.4 2192.3 -1.7 273 0 13.4 67.5 21.0 3.5 2 1 6 3 3
-2289.9 2080.5 -1.5 3 0 67.5 13.4 21.0 0.0 0 0 6 4 4
-2334.5 2051.6 -1.8 93 0 13.4 58.8 21.0 3.5 2 1 6 2 2
-2375.1 2085.7 -2.1 183 0 62.2 13.4 21.0 3.5 2 0 6 0 0
-484.0 3573.1 -4.9 273 0 9.7 59.2 10.5 3.5 2 1 3 3 3
-460.8 3570.3 -4.6 273 0 9.7 59.2 10.5 3.5 2 1 3 0 0
-439.0 3569.6 -4.4 273 0 9.7 59.2 10.5 3.5 2 1 3 2 2
-415.1 3567.6 -4.2 273 0 9.7 59.2 10.5 3.5 4 1 3 4 4
-391.2 3565.8 -4.6 273 0 9.7 59.2 10.5 3.5 2 1 3 0 0
-368.6 3564.7 -5.0 273 0 9.7 59.2 10.5 3.5 2 1 3 3 3
-376.1 3417.0 -5.0 93 0 9.7 78.6 10.5 3.5 2 1 3 2 2
-395.2 3498.9 -5.1 273 0 9.7 78.6 10.5 3.5 2 1 3 5 5
-418.5 3499.6 -5.0 273 0 9.7 78.6 10.5 3.5 2 1 3 5 5
-442.0 3501.7 -4.8 273 0 9.7 78.6 10.5 3.5 4 1 3 5 5
-465.0 3503.4 -4.5 273 0 9.7 78.6 10.5 0.0 0 1 3 2 2
-495.4 3465.6 -4.2 183 0 78.6 9.7 10.5 0.0 0 0 3 4 4
-516.2 3428.1 -3.6 93 0 9.7 78.6 10.5 3.5 2 1 3 3 3
-539.6 3429.4 -3.7 93 0 10.2 78.6 14.0 3.5 2 1 4 5 5
-562.2 3430.6 -3.9 93 0 9.8 78.6 10.5 3.5 2 1 3 2 2
-585.1 3431.8 -4.1 93 0 8.6 78.6 10.5 0.0 0 1 3 0 0
-612.3 3472.7 -4.5 183 0 78.6 10.3 14.0 0.0 0 0 4 5 5
-381.8 3319.2 -4.5 93 0 9.3 40.6 10.5 0.0 0 1 3 1 1
-405.1 3320.4 -4.6 93 0 9.3 40.6 10.5 3.5 2 1 3 3 3
-428.8 3321.7 -4.6 93 0 8.8 40.6 10.5 3.5 2 1 3 0 0
-452.4 3322.9 -4.7 93 0 8.8 40.6 10.5 3.5 2 1 3 4 4
-476.0 3324.2 -4.6 93 0 9.1 40.6 10.5 3.5 2 1 3 4 4
-503.2 3346.8 -4.5 183 0 40.6 10.3 14.0 3.5 2 0 4 2 2
-516.7 3418.8 -4.4 273 0 10.4 90.7 14.0 0.0 0 1 4 4 4
-540.8 3420.4 -4.3 273 0 10.3 90.7 14.0 3.5 2 1 4 1 1
-562.9 3421.7 -4.2 273 0 10.4 90.7 14.0 3.5 2 1 4 5 5
-587.0 3423.5 -3.8 273 0 10.3 90.7 14.0 3.5 2 1 4 0 0
-609.7 3425.1 -3.5 273 0 10.3 90.7 14.0 3.5 2 1 4 5 5
-405.8 3309.8 -4.2 273 0 8.9 40.8 10.5 3.5 2 1 3 3 3
-429.0 3311.3 -4.2 273 0 8.9 50.7 10.5 0.0 0 1 3 5 5
-453.3 3313.2 -4.3 273 0 8.9 69.5 10.5 3.5 2 1 3 2 2
-475.7 3314.5 -4.3 273 0 8.5 91.4 10.5 3.5 2 1 3 5 5
-506.7 3265.3 -4.3 183 0 101.9 8.5 10.5 3.5 2 0 3 3 3
-527.9 3215.6 -4.3 93 0 9.5 101.9 10.5 3.5 4 1 3 0 0
-551.8 3217.0 -4.2 93 0 8.4 101.9 10.5 3.5 2 1 3 1 1
-568.6 3321.1 -4.2 273 0 7.1 101.8 10.5 3.5 2 1 3 0 0
-592.2 3322.4 -3.9 273 0 7.7 101.8 10.5 3.5 2 1 3 0 0
-623.3 3272.8 -3.8 183 0 101.8 10.3 14.0 3.5 2 0 4 2 2
-578.4 3142.2 -3.6 93 0 10.3 69.5 14.0 3.5 2 1 4 3 3
-603.8 3132.9 -3.6 93 0 10.3 79.5 14.0 3.5 2 1 4 0 0
-629.5 3169.5 -3.7 183 0 88.8 10.3 14.0 3.5 2 0 4 0 0
-2050.8 1548.4 1.4 90 0 13.8 57.9 17.5 3.5 2 0 5 1 1
-1925.3 2688.6 -2.1 100 0 12.5 50.9 14.0 3.5 2 1 4 4 4
-1889.2 2681.5 -2.1 100 0 12.4 50.9 14.0 3.5 2 1 4 1 1
-1850.2 2674.4 -2.1 100 0 12.4 50.9 14.0 3.5 4 1 4 3 3
-1812.8 2667.6 -2.1 100 0 12.4 50.9 14.0 3.5 2 1 4 3 3
-1780.0 2681.8 -2.0 190 0 35.3 12.4 14.0 3.5 2 0 4 2 2
-1741.3 2651.4 -2.0 100 0 12.5 91.0 14.0 3.5 2 1 4 5 5
-1760.9 2708.5 -2.1 100 0 12.4 40.5 14.0 3.5 2 1 4 5 5
-1783.1 2761.7 -2.1 280 0 12.4 35.3 14.0 3.5 2 1 4 5 5
-1821.6 2768.9 -2.1 280 0 12.4 35.3 14.0 3.5 2 1 4 4 4
-1878.7 2742.7 -2.1 100 0 12.4 35.3 17.5 3.5 2 1 5 3 3
-1909.3 2785.2 -2.2 280 0 12.4 35.3 17.5 3.5 2 1 5 4 4
-1939.1 2790.6 -2.2 281 0 12.6 50.1 17.5 3.5 2 1 5 5 5
-2015.9 1532.6 1.4 90 0 14.8 73.9 17.5 3.5 2 0 5 5 5
-2025.3 1376.8 2.5 93 0 14.1 86.1 17.5 3.5 2 0 5 1 1
-2052.0 1540.0 1.9 273 0 12.8 101.8 17.5 3.5 2 1 5 3 3
-2064.3 1406.3 2.8 183 0 55.1 12.8 17.5 3.5 2 0 5 5 5
-2087.2 1567.0 1.6 180 0 40.4 12.3 17.5 3.5 2 0 5 0 0
-2092.0 1510.6 2.0 182 0 56.5 11.7 17.5 3.5 2 0 5 3 3
-2082.9 1427.4 2.5 2 0 94.7 11.7 17.5 3.5 2 0 5 4 4
-2448.1 984.5 1.5 86 0 8.9 46.8 10.5 3.5 2 1 3 3 3
-2482.1 1108.5 1.6 269 0 24.7 52.5 17.5 3.5 2 1 5 2 2
-2436.2 1108.8 1.9 267 0 55.1 18.3 17.5 3.5 2 0 5 0 0
-2455.1 1086.7 1.9 177 0 5.4 47.6 10.5 3.5 2 0 3 5 5
-2461.1 1083.7 1.7 267 0 64.6 33.3 17.5 0.0 0 0 5 2 2
-2347.7 1133.7 2.3 267 0 10.7 83.2 17.5 3.5 2 1 5 1 1
-2386.1 1112.6 2.1 267 0 10.4 65.8 17.5 3.5 2 1 5 3 3
-2588.0 2706.9 -6.6 5 0 41.5 11.4 17.5 3.5 2 0 5 3 3
-2631.9 2690.5 -6.6 95 0 11.4 41.5 17.5 3.5 4 1 5 1 1
-2676.5 2695.1 -6.5 95 0 11.4 41.5 17.5 3.5 2 1 5 2 2
-2714.6 2719.9 -6.6 185 0 41.5 11.4 17.5 3.5 2 0 5 0 0
-2677.8 2603.1 -6.2 91 0 13.1 82.0 17.5 3.5 2 1 5 5 5
-2636.1 2557.1 -5.6 1 0 66.9 13.1 17.5 3.5 2 0 5 2 2
-2633.1 2642.5 -6.2 1 0 79.7 13.1 17.5 3.5 2 0 5 4 4
-2603.7 2597.8 -6.3 91 0 13.1 79.7 17.5 3.5 2 1 5 5 5
-2603.9 2590.7 -5.7 272 0 13.5 70.5 17.5 3.5 2 1 5 2 2
-2521.4 2640.3 -5.7 2 0 38.7 12.4 17.5 3.5 2 0 5 0 0
-3289.7 3728.8 -0.2 182 0 131.0 97.0 14.0 0.0 0 0 4 3 3
-3311.6 3730.3 -0.2 2 0 131.0 60.9 14.0 0.0 0 0 4 2 2
-3391.8 3378.6 3.7 182 0 26.6 70.7 10.5 0.0 0 1 3 1 1
-3351.0 3504.2 2.6 272 0 68.3 27.0 10.5 0.0 0 0 3 0 0
-3388.6 3435.8 3.0 182 0 63.2 68.3 10.5 0.0 0 1 3 3 3
-3293.9 3481.3 2.2 182 0 138.0 23.8 10.5 0.0 0 0 3 0 0
-2409.5 2609.0 -4.6 3 0 77.2 12.4 17.5 3.5 2 0 5 5 5
-2452.0 2658.0 -5.0 272 0 12.4 38.8 17.5 3.5 2 1 5 1 1
-2448.4 2591.7 -4.9 2 0 38.8 12.4 17.5 3.5 2 0 5 5 5
-2490.7 2659.2 -5.4 272 0 12.4 31.3 17.5 3.5 2 1 5 5 5
-2493.5 2571.5 -5.2 92 0 12.4 31.3 17.5 3.5 4 1 5 4 4
-2523.6 2593.4 -5.6 2 0 38.7 12.4 17.5 3.5 2 0 5 0 0
-2560.3 2619.5 -6.1 2 0 84.5 12.4 17.5 3.5 2 0 5 0 0
-2586.6 2496.8 -5.1 183 0 10.6 203.3 17.5 0.0 0 1 5 2 2
-2447.6 2557.8 -4.6 272 0 11.2 52.7 17.5 3.5 2 1 5 1 1
-2494.4 2558.7 -5.3 273 0 65.9 17.3 17.5 3.5 2 0 5 1 1
-2549.3 2561.1 -5.5 272 0 34.4 6.8 10.5 3.5 2 0 3 4 4
-2582.8 2536.5 -5.6 182 0 54.9 12.8 17.5 3.5 2 0 5 1 1
-2977.7 1563.8 1.5 89 0 12.0 63.4 14.0 3.5 2 1 4 0 0
-3018.4 1560.6 1.6 89 0 12.0 63.4 14.0 3.5 2 1 4 4 4
-3068.5 1560.0 1.7 89 0 12.0 63.4 14.0 3.5 4 1 4 1 1
-3112.9 1558.9 1.7 89 0 12.0 63.4 14.0 0.0 0 1 4 4 4
-3109.0 1480.1 2.3 89 0 12.0 67.3 14.0 3.5 2 1 4 1 1
-3067.5 1479.0 2.2 89 0 12.0 70.3 14.0 3.5 2 1 4 1 1
-3017.1 1479.3 2.2 89 0 12.0 70.3 14.0 3.5 2 1 4 2 2
-2977.6 1552.2 2.1 269 0 12.0 70.3 14.0 3.5 2 1 4 1 1
-1314.6 3129.0 -2.3 283 0 66.5 14.2 17.5 3.5 2 0 5 4 4
-1373.8 2960.7 -1.1 270 0 11.9 48.6 17.5 3.5 2 1 5 0 0
-1360.3 3013.0 -1.8 0 0 71.8 11.9 17.5 3.5 2 0 5 2 2
-1313.5 3005.3 -1.0 0 0 57.0 11.9 17.5 3.5 4 0 5 1 1
-1319.9 2941.5 -0.4 0 0 37.4 11.9 17.5 3.5 2 0 5 1 1
-1321.0 2885.9 -0.1 0 0 43.1 11.9 17.5 3.5 2 0 5 4 4
-1190.3 3026.1 0.3 103 0 13.5 40.0 17.5 3.5 2 1 5 2 2
-1231.2 3037.6 -0.2 103 0 13.6 49.5 17.5 3.5 2 1 5 1 1
-1260.8 2999.9 -0.1 180 0 53.7 12.8 14.0 3.5 2 0 4 0 0
-1253.6 2909.3 0.2 90 0 12.8 58.2 14.0 3.5 2 1 4 5 5
-1213.2 3017.3 0.3 267 0 12.7 54.2 14.0 3.5 2 1 4 0 0
-1169.4 3017.5 0.5 267 0 12.7 45.8 14.0 3.5 2 1 4 1 1
-1160.4 2940.3 0.5 357 0 54.5 12.7 14.0 3.5 2 0 4 0 0
-1121.2 2997.6 0.5 357 0 31.4 12.4 17.5 3.5 2 0 5 2 2
-1123.4 2912.1 0.3 87 0 12.4 61.5 17.5 3.5 2 1 5 1 1
-1092.4 3008.9 0.3 178 0 44.8 10.9 17.5 3.5 2 0 5 4 4
-1090.3 2953.4 0.1 178 0 57.8 10.9 17.5 3.5 2 0 5 2 2
-1087.5 2887.1 -0.1 178 0 50.1 11.1 17.5 3.5 2 0 5 0 0
-1085.3 2825.6 -0.3 178 0 65.3 11.1 17.5 0.0 0 0 5 1 1
-1082.0 2755.6 -0.5 178 0 64.0 11.1 17.5 3.5 2 0 5 2 2
-1292.3 2798.1 0.3 91 0 12.0 54.2 17.5 3.5 2 1 5 0 0
-1342.1 2786.8 0.0 91 0 12.1 54.2 17.5 3.5 2 1 5 1 1
-1337.9 2774.1 0.2 271 0 12.1 50.1 17.5 0.0 0 1 5 5 5
-1241.3 2722.9 0.4 90 0 12.6 54.3 17.5 3.5 2 1 5 3 3
-1251.4 2841.7 0.5 179 0 93.0 11.8 17.5 3.5 2 0 5 4 4
-1204.8 2889.4 0.3 267 0 12.4 89.5 17.5 3.5 2 1 5 0 0
-1152.8 2846.3 0.1 357 0 89.5 12.4 17.5 3.5 2 0 5 5 5
-1123.7 2900.4 -0.1 267 0 12.4 99.5 17.5 3.5 2 1 5 0 0
-1109.7 2757.8 -0.3 358 0 63.9 9.5 10.5 3.5 2 0 3 3 3
-1212.7 2715.7 0.2 87 0 9.5 66.6 10.5 3.5 4 1 3 3 3
-1188.9 2717.2 0.1 87 0 9.5 66.6 10.5 3.5 2 1 3 2 2
-1163.4 2718.5 -0.1 87 0 9.5 66.6 10.5 3.5 2 1 3 4 4
-1137.8 2719.6 -0.2 87 0 9.5 66.6 10.5 3.5 2 1 3 4 4
