6939.1 -4539.5 -4.4 0 0 149.0 70.2 5.0 0.0 0 0 2 0 0
6828.1 -4613.3 -3.9 90 0 70.2 149.0 10.0 0.0 0 1 4 3 3
6751.6 -4614.1 -3.5 90 0 70.2 149.0 5.0 0.0 0 1 2 2 2
6928.9 -4371.8 -4.2 0 0 155.3 100.6 10.0 0.0 0 0 4 3 3
6712.0 -4371.8 -3.5 180 0 155.3 100.6 10.0 0.0 0 0 4 5 5
6921.2 -4949.7 -4.7 180 0 191.7 79.5 7.5 0.0 0 0 3 2 2
6806.0 -2948.2 -3.0 0 0 214.4 87.8 7.5 0.0 0 0 3 1 1
6937.5 -2866.8 -3.7 0 0 377.2 104.0 7.5 0.0 0 0 3 2 2
6891.6 5666.7 -7.1 88 0 69.2 447.7 14.0 0.0 0 1 4 2 2
6906.9 9534.1 -12.6 89 0 30.4 90.6 10.5 0.0 0 1 3 1 1
