1130.0 4744.2 -1.4 17 0 62.8 13.3 17.5 3.5 2 0 5 3 3
1009.8 4021.2 -1.8 12 0 60.6 12.7 17.5 3.5 2 0 5 4 4
943.4 5224.9 -1.4 108 0 15.3 76.9 5.0 2.5 2 1 2 0 0
958.5 4575.9 -1.0 288 0 16.4 50.9 17.5 3.5 2 1 5 2 2
966.6 3855.7 -1.1 13 0 86.3 10.2 17.5 3.5 2 0 5 2 2
765.7 5430.7 -3.4 12 0 74.8 12.3 7.5 2.5 2 0 3 1 1
-831.9 3787.0 -1.4 195 0 89.9 13.0 14.0 3.5 2 0 4 3 3
987.4 3942.8 -1.4 13 0 83.4 11.0 17.5 3.5 2 0 5 4 4
1456.0 4698.0 0.7 194 0 111.6 12.1 17.5 3.5 2 0 5 4 4
1002.4 5241.0 -1.5 111 0 15.3 45.9 10.0 0.0 0 1 4 5 5
1411.5 4639.2 0.7 9 0 46.4 13.9 17.5 3.5 2 0 5 2 2
2143.7 5030.7 1.0 292 0 12.6 46.3 14.0 3.5 2 1 4 3 3
2119.6 5052.7 1.1 291 0 11.9 54.5 14.0 3.5 2 1 4 3 3
-542.4 7786.0 -0.4 53 0 42.8 8.1 10.5 0.0 0 0 3 3 3
-393.0 7636.5 1.0 231 0 46.6 21.6 14.0 3.5 2 0 4 5 5
2009.2 9340.1 -6.0 18 0 26.3 7.3 5.0 2.5 2 0 2 1 1
1971.1 9340.0 -6.0 108 0 7.9 24.9 2.5 2.5 2 1 1 4 4
2034.8 9454.7 -6.5 283 0 8.1 22.9 7.5 2.5 2 1 3 3 3
2028.2 9407.1 -6.3 13 0 25.1 6.6 7.5 2.5 2 0 3 5 5
1998.8 9451.0 -6.5 283 0 17.9 39.4 7.5 0.0 0 1 3 1 1
-196.4 3299.1 -3.1 99 0 12.7 78.7 15.0 2.5 2 1 6 5 5
-72.1 3428.5 -3.5 279 0 25.2 59.6 7.5 2.5 2 1 3 0 0
-136.1 3442.7 -3.0 279 0 85.8 65.3 10.0 0.0 0 0 4 2 2
-134.8 3279.5 -3.3 99 0 24.8 89.6 10.0 0.0 0 1 4 4 4
-99.8 3269.1 -3.8 99 0 34.1 92.9 15.0 0.0 0 1 6 5 5
-13.9 3243.5 -4.7 105 0 123.5 18.6 10.0 0.0 0 0 4 5 5
35.8 3299.8 -4.7 15 0 61.0 97.2 10.0 0.0 0 1 4 4 4
-12.6 3412.1 -4.5 285 0 50.3 56.0 7.5 0.0 0 1 3 2 2
32.8 3400.9 -4.7 285 0 17.1 55.4 10.0 2.5 2 1 4 0 0
6364.2 1850.1 -11.4 95 0 19.4 73.9 7.5 2.5 2 0 3 1 1
6351.0 1807.6 -11.3 95 0 17.6 43.5 5.0 2.5 2 0 2 5 5
6288.1 1812.8 -11.1 95 0 93.7 17.3 12.5 0.0 0 0 5 2 2
6256.2 1913.3 -10.0 275 0 14.8 48.1 10.0 2.5 4 1 4 1 1
4344.2 3959.9 -2.9 90 0 13.9 68.4 10.0 2.5 2 1 4 1 1
4302.6 4031.5 -2.5 270 0 12.7 78.6 10.0 2.5 2 1 4 1 1
565.8 4558.1 -2.1 270 0 16.8 50.1 21.0 3.5 4 1 6 0 0
528.1 4558.4 -2.3 270 0 17.6 66.0 21.0 3.5 2 1 6 0 0
495.2 4539.5 -2.4 273 0 12.1 46.3 21.0 0.0 0 1 6 1 1
438.5 4559.1 -2.7 273 0 13.6 53.3 21.0 3.5 2 1 6 3 3
379.6 4522.4 -2.9 185 0 28.8 13.1 21.0 0.0 0 0 6 4 4
379.3 4487.6 -2.8 185 0 31.5 15.0 21.0 0.0 0 0 6 0 0
348.6 4490.8 -3.0 185 0 33.2 15.0 21.0 0.0 0 0 6 3 3
318.4 4494.3 -3.1 185 0 33.2 15.0 21.0 0.0 0 0 6 3 3
385.0 4385.1 -2.6 95 0 14.4 78.7 21.0 3.5 2 1 6 5 5
344.9 4389.8 -2.9 95 0 14.4 78.7 21.0 3.5 4 1 6 4 4
310.8 4392.2 -3.0 95 0 14.4 78.7 21.0 3.5 2 1 6 1 1
515.7 4700.0 -2.9 95 0 20.1 37.8 17.5 0.0 0 1 5 5 5
371.0 4830.3 -3.4 188 0 45.1 13.6 17.5 3.5 2 0 5 5 5
449.6 5029.2 -3.9 279 0 8.4 31.8 10.5 3.5 2 1 3 3 3
435.1 4939.6 -3.8 99 0 13.5 56.3 17.5 0.0 0 1 5 3 3
556.2 4917.9 -3.3 99 0 9.5 72.9 10.5 3.5 2 1 3 3 3
578.2 5044.7 -3.5 279 0 10.3 49.5 17.5 3.5 2 1 5 1 1
557.8 5047.2 -3.6 279 0 10.3 47.9 17.5 3.5 4 1 5 1 1
520.8 5053.0 -3.8 279 0 15.4 48.5 17.5 3.5 2 1 5 5 5
466.8 4934.0 -3.8 99 0 12.8 73.0 17.5 3.5 2 1 5 5 5
502.9 4928.5 -3.6 99 0 14.1 73.5 17.5 3.5 4 1 5 0 0
539.4 4920.7 -3.4 99 0 12.5 73.2 17.5 3.5 2 1 5 0 0
553.0 4909.7 -3.2 279 0 11.7 40.8 17.5 0.0 0 1 5 3 3
531.6 4913.6 -3.3 279 0 11.4 41.2 17.5 3.5 2 1 5 1 1
523.9 4868.5 -3.2 279 0 11.4 32.5 17.5 3.5 2 1 5 1 1
544.3 4864.4 -3.1 279 0 10.4 31.2 17.5 3.5 2 1 5 5 5
510.2 4917.5 -3.5 279 0 12.2 79.2 17.5 3.5 2 1 5 4 4
470.8 4923.8 -3.7 279 0 12.2 79.2 17.5 3.5 2 1 5 3 3
437.7 4929.4 -3.8 279 0 12.2 79.2 17.5 3.5 2 1 5 0 0
109.5 4335.7 -1.8 189 0 74.3 31.6 17.5 0.0 0 0 5 4 4
1388.8 3616.6 -1.6 284 0 11.3 33.5 14.0 0.0 0 1 4 1 1
1466.4 3613.8 -2.1 284 0 45.8 79.7 14.0 0.0 0 1 4 0 0
1414.5 3622.9 -1.8 284 0 21.4 72.4 14.0 3.5 2 1 4 3 3
1520.4 3499.7 -2.2 194 0 14.9 92.8 17.5 3.5 2 1 5 1 1
1550.4 3530.5 -2.3 194 0 31.4 34.8 17.5 0.0 0 1 5 3 3
1586.1 3564.2 -2.6 194 0 18.1 16.8 17.5 3.5 2 0 5 5 5
1602.7 3583.0 -2.6 194 0 21.3 29.8 17.5 0.0 0 1 5 4 4
1663.5 3565.1 -2.5 14 0 22.3 12.6 17.5 3.5 2 0 5 4 4
1592.6 3650.0 -2.1 106 0 14.7 11.1 14.0 3.5 4 0 4 4 4
1630.6 3705.1 -1.9 38 0 83.4 14.0 14.0 3.5 2 0 4 2 2
1563.7 3802.7 -2.2 284 0 12.1 119.0 14.0 3.5 2 1 4 3 3
1602.1 3793.7 -2.1 284 0 12.2 119.0 14.0 0.0 0 1 4 4 4
1638.0 3788.8 -1.0 286 0 10.9 36.6 14.0 3.5 2 1 4 5 5
1674.7 3786.6 -0.8 286 0 10.8 44.7 14.0 3.5 2 1 4 4 4
1559.5 4888.3 -1.0 104 0 17.4 86.8 17.5 0.0 0 1 5 3 3
1575.4 5061.0 -1.5 284 0 15.8 49.1 17.5 3.5 2 1 5 4 4
1552.9 4993.0 -1.2 194 0 33.7 6.6 10.5 3.5 2 0 3 3 3
1522.6 4979.1 -1.1 194 0 87.3 15.6 17.5 3.5 2 0 5 1 1
1503.7 4886.0 -0.5 194 0 83.8 12.1 17.5 3.5 2 0 5 5 5
1483.0 4800.9 0.1 194 0 83.1 10.9 17.5 3.5 4 0 5 3 3
1890.3 4630.4 5.7 14 0 32.5 12.6 17.5 3.5 2 0 5 3 3
1931.3 4630.8 6.0 14 0 13.0 35.3 17.5 3.5 2 1 5 2 2
1928.1 4408.5 4.4 283 0 60.9 53.2 17.5 0.0 0 0 5 1 1
1940.9 4066.5 3.6 108 0 19.0 20.7 17.5 3.5 2 1 5 5 5
2374.4 4496.7 -0.0 5 0 74.7 14.7 14.0 3.5 2 0 4 2 2
2340.5 4498.2 0.3 3 0 71.5 13.0 14.0 3.5 4 0 4 4 4
2210.0 4995.2 0.6 290 0 12.9 78.6 14.0 3.5 2 1 4 3 3
2097.0 4964.8 2.3 208 0 46.7 11.8 14.0 3.5 4 0 4 5 5
1832.0 4831.4 3.2 108 0 18.1 44.9 17.5 3.5 2 1 5 1 1
1865.6 4802.6 3.9 109 0 15.2 62.4 17.5 3.5 2 1 5 2 2
1942.9 4777.4 5.4 109 0 14.1 40.7 17.5 3.5 2 1 5 3 3
1905.9 4793.5 4.7 109 0 13.7 37.5 17.5 3.5 2 1 5 0 0
1425.4 4612.7 1.1 193 0 64.9 48.8 17.5 0.0 0 0 5 5 5
