-5511.0 10858.1 -12.4 176 0 78.0 16.3 14.0 3.5 2 0 4 2 2
-5388.6 10658.7 -11.6 356 0 62.7 12.5 14.0 3.5 2 0 4 3 3
-5431.5 10686.3 -11.6 266 0 12.4 62.7 14.0 3.5 2 1 4 2 2
-5467.1 10683.3 -11.6 266 0 11.8 62.7 14.0 0.0 0 1 4 0 0
-5499.3 10681.8 -11.7 266 0 11.8 62.7 14.0 3.5 2 1 4 0 0
-5371.8 10731.3 -11.9 86 0 17.4 71.8 14.0 3.5 2 1 4 3 3
-5411.8 10727.9 -11.9 86 0 17.3 71.8 14.0 3.5 2 1 4 4 4
-5454.7 10729.4 -12.0 86 0 17.3 71.8 14.0 3.5 2 1 4 4 4
-5503.9 10767.4 -12.1 176 0 82.5 14.0 14.0 3.5 2 0 4 0 0
-2117.8 10501.1 -9.5 176 0 97.4 27.7 7.5 0.0 0 0 3 0 0
-2127.3 10655.5 -10.1 176 0 50.8 7.6 7.5 2.5 2 0 3 4 4
-2123.6 10599.9 -9.9 176 0 60.9 100.5 7.5 0.0 0 0 3 1 1
-3226.4 10818.6 -11.2 176 0 18.0 62.2 10.5 0.0 0 1 3 4 4
-3265.1 10881.6 -11.5 176 0 66.1 74.4 14.0 0.0 0 1 4 2 2
-3253.1 10841.5 -11.2 266 0 18.1 61.3 14.0 3.5 2 1 4 1 1
-3114.5 10936.6 -12.1 86 0 19.3 66.6 14.0 3.5 2 1 4 2 2
-3218.6 10956.9 -12.5 176 0 54.7 24.6 14.0 3.5 2 0 4 0 0
-3268.7 10958.0 -12.5 176 0 64.3 50.0 14.0 0.0 0 0 4 1 1
-5496.9 10687.1 -11.7 86 0 13.3 30.7 14.0 3.5 2 1 4 2 2
-4328.1 10951.9 -12.2 266 0 8.1 31.8 10.5 3.5 2 1 3 2 2
-4352.8 10950.2 -12.2 266 0 8.1 31.7 10.5 3.5 2 1 3 1 1
-4378.8 10949.0 -12.2 266 0 8.1 32.8 10.5 3.5 2 1 3 3 3
-4269.0 10927.5 -12.0 354 0 7.0 12.5 10.5 3.5 2 0 3 4 4
-4266.1 10898.4 -12.0 354 0 51.4 18.9 14.0 3.5 2 0 4 5 5
-4347.1 10913.1 -12.0 264 0 17.4 48.3 14.0 3.5 2 1 4 2 2
-4409.2 10951.4 -12.2 268 0 13.7 38.2 14.0 0.0 0 1 4 4 4
-4439.3 10949.1 -12.2 268 0 13.7 38.2 14.0 0.0 0 1 4 5 5
-4468.0 10947.4 -12.2 268 0 13.7 38.2 14.0 0.0 0 1 4 4 4
-4499.2 10947.0 -12.2 268 0 13.7 38.2 14.0 0.0 0 1 4 0 0
-4388.9 10912.0 -12.0 266 0 10.5 47.4 14.0 3.5 2 1 4 5 5
-4419.3 10909.2 -12.0 266 0 8.5 48.1 10.5 3.5 2 1 3 4 4
-4447.3 10906.8 -12.0 266 0 8.3 48.6 10.5 0.0 0 1 3 2 2
-4479.3 10880.3 -12.0 176 0 47.7 11.6 14.0 3.5 2 0 4 5 5
-4507.8 10878.6 -12.0 177 0 48.5 13.5 14.0 0.0 0 0 4 0 0
-4532.8 10950.0 -12.5 87 0 13.5 36.9 14.0 3.5 4 1 4 1 1
-4523.9 10924.5 -12.2 357 0 38.9 13.7 14.0 3.5 4 0 4 2 2
-4520.6 10877.5 -12.0 357 0 47.9 14.4 14.0 3.5 2 0 4 0 0
-2760.5 10647.5 -10.4 176 0 150.0 15.3 10.5 0.0 0 0 3 0 0
-2770.6 10685.6 -10.5 356 0 72.4 37.4 10.5 0.0 0 0 3 5 5
-2161.9 10745.7 -10.4 356 0 41.8 11.9 10.5 3.5 2 0 3 4 4
-2048.9 10857.5 -10.9 86 0 11.8 52.4 10.5 3.5 2 0 3 1 1
-2068.1 10908.6 -11.0 266 0 18.9 43.5 10.5 3.5 2 0 3 2 2
-2121.6 10849.8 -10.9 86 0 11.8 54.0 10.5 3.5 2 1 3 2 2
-2250.7 10662.9 -10.1 266 0 15.4 109.7 10.5 0.0 0 1 3 4 4
-2289.6 10754.9 -10.5 266 0 31.3 62.8 10.5 0.0 0 1 3 1 1
-2158.0 10697.9 -10.2 356 0 41.9 46.5 10.5 0.0 0 0 3 5 5
-2166.3 10670.0 -10.1 266 0 20.6 112.7 10.5 0.0 0 1 3 2 2
-2209.8 10665.7 -10.1 266 0 39.6 110.6 10.5 0.0 0 1 3 1 1
-677.5 9433.7 -5.0 88 0 33.4 122.2 10.0 0.0 0 1 4 5 5
-606.6 9440.0 -4.8 88 0 10.6 23.0 10.0 2.5 2 1 4 5 5
-609.7 9553.3 -5.1 268 0 18.1 86.7 10.0 2.5 2 0 4 2 2
-501.8 9450.6 -4.7 358 0 15.6 30.7 12.5 2.5 4 1 5 4 4
-523.7 9579.3 -5.2 268 0 24.0 110.8 7.5 0.0 0 0 3 3 3
-577.6 9577.6 -5.2 268 0 83.7 23.3 15.0 0.0 0 0 6 2 2
-646.0 9575.2 -5.2 268 0 31.0 120.9 7.5 0.0 0 1 3 0 0
-758.2 9431.2 -4.8 88 0 15.0 31.0 5.0 0.0 0 1 2 0 0
-712.8 9573.5 -5.3 268 0 61.3 11.4 7.5 2.5 2 0 3 5 5
-758.4 9572.0 -5.3 268 0 30.0 102.5 10.0 0.0 0 0 4 3 3
5073.8 2658.5 -2.3 262 0 9.8 89.2 7.5 2.5 4 1 3 2 2
5098.6 2520.9 -2.3 352 0 80.4 10.3 10.0 2.5 2 0 4 0 0
5510.6 1922.9 -3.8 258 0 16.3 70.3 12.5 2.5 2 1 5 0 0
5483.1 1866.9 -3.7 168 0 45.3 12.1 10.0 2.5 2 0 4 2 2
5484.4 1921.0 -3.6 348 0 44.0 12.2 7.5 2.5 2 0 3 1 1
