-890.1 4121.5 -0.5 95 0 12.0 45.8 14.0 3.5 2 0 4 0 0
-882.1 4108.5 -0.5 95 0 33.2 10.5 14.0 3.5 2 0 4 2 2
-866.4 4090.5 -0.5 273 0 10.0 26.2 10.5 3.5 2 1 3 3 3
-854.7 4091.3 -0.5 274 0 8.0 27.1 10.5 3.5 2 1 3 1 1
-821.0 4088.0 -0.7 274 0 8.0 26.7 10.5 3.5 2 1 3 3 3
-821.3 4020.0 -0.6 2 0 21.1 4.5 10.5 0.0 0 0 3 0 0
-870.5 4012.0 -0.4 95 0 16.7 49.6 17.5 3.5 2 1 5 5 5
-896.3 4020.2 -0.2 96 0 10.4 42.7 17.5 3.5 2 1 5 5 5
-931.4 4101.2 -0.1 275 0 9.5 5.8 10.5 3.5 2 0 3 2 2
-920.0 4100.8 -0.2 275 0 8.5 40.8 10.5 3.5 2 1 3 4 4
-940.6 4101.8 -0.0 275 0 6.4 39.7 10.5 3.5 2 1 3 1 1
-923.7 4018.1 -0.1 95 0 13.4 36.9 17.5 3.5 2 1 5 4 4
-956.6 4040.3 0.1 185 0 38.2 13.6 17.5 3.5 2 0 5 0 0
1051.5 9930.9 -7.5 85 0 24.8 28.3 12.5 0.0 0 1 5 5 5
1063.1 10022.0 -9.5 355 0 60.6 13.4 10.0 2.5 2 0 4 2 2
968.4 9921.2 -7.4 84 0 10.4 36.8 7.5 2.5 2 1 3 5 5
926.6 9936.2 -7.5 174 0 37.0 10.0 7.5 2.5 2 0 3 4 4
952.7 10043.2 -9.2 264 0 16.9 60.8 7.5 2.5 2 1 3 4 4
-911.5 4198.6 -0.4 276 0 9.5 49.4 10.5 3.5 2 1 3 1 1
-929.3 4125.1 -0.2 96 0 9.7 22.0 10.5 3.5 2 1 3 1 1
-978.9 4121.3 0.1 96 0 11.5 30.8 14.0 3.5 2 1 4 2 2
-999.6 4198.4 0.0 188 0 74.5 8.8 10.5 3.5 2 0 3 1 1
