-2384.9 -9722.3 -4.5 166 0 41.7 18.4 5.0 2.5 2 0 2 1 1
-2637.8 -9453.8 -6.7 345 0 42.6 19.5 12.5 2.5 2 0 5 4 4
1414.0 -4671.6 -1.0 272 0 13.2 36.3 17.5 3.5 2 1 5 3 3
1522.9 -4669.9 -1.4 272 0 13.5 54.8 17.5 3.5 2 1 5 4 4
1531.1 -4636.9 -1.1 2 0 54.8 13.5 17.5 3.5 2 0 5 3 3
1492.6 -4636.1 -1.0 2 0 56.6 12.3 17.5 3.5 2 0 5 0 0
1456.3 -4633.4 -0.8 2 0 50.1 11.7 17.5 3.5 2 0 5 0 0
1451.7 -4667.4 -1.1 272 0 11.3 42.1 17.5 3.5 2 1 5 3 3
1487.3 -4671.4 -1.3 272 0 11.3 42.1 17.5 3.5 2 1 5 4 4
1558.5 -4610.5 -1.2 272 0 11.5 55.6 17.5 0.0 0 1 5 2 2
1556.6 -4593.5 -1.1 92 0 11.5 61.5 17.5 3.5 2 1 5 5 5
1532.2 -4562.4 -1.0 2 0 61.5 11.5 17.5 0.0 0 0 5 1 1
1495.1 -4563.2 -0.8 2 0 61.5 11.5 17.5 3.5 2 0 5 0 0
1450.7 -4593.3 -0.6 92 0 11.5 61.5 17.5 3.5 2 1 5 0 0
1415.2 -4593.5 -0.4 92 0 11.5 61.5 17.5 3.5 2 1 5 3 3
1377.9 -4529.8 -0.2 272 0 11.5 61.5 17.5 3.5 2 1 5 2 2
1561.6 -4420.9 -0.1 358 0 19.4 44.2 21.0 3.5 2 1 6 4 4
1690.3 -4569.0 -1.8 270 0 12.4 116.4 17.5 3.5 2 1 5 2 2
1655.7 -4569.9 -1.6 270 0 12.3 116.4 17.5 3.5 2 1 5 5 5
1618.2 -4568.4 -1.5 270 0 12.4 116.4 17.5 3.5 2 1 5 3 3
1608.0 -4544.4 -1.1 270 0 25.2 8.8 10.5 3.5 4 0 3 2 2
1444.7 -5369.2 -2.0 5 0 20.2 7.5 10.5 3.5 2 0 3 5 5
1438.5 -5397.9 -2.0 95 0 7.5 19.0 10.5 3.5 2 0 3 1 1
1403.3 -5396.3 -2.0 94 0 8.3 19.0 10.5 3.5 2 1 3 4 4
1385.0 -5395.4 -1.9 95 0 9.2 38.6 10.5 3.5 2 1 3 4 4
1402.4 -4860.0 -0.6 271 0 49.8 11.2 17.5 3.5 2 0 5 2 2
1431.8 -4937.8 -0.6 91 0 11.5 77.3 17.5 3.5 2 0 5 0 0
1393.5 -4935.9 -0.5 91 0 13.8 64.8 17.5 3.5 2 0 5 1 1
1511.6 -5246.6 -1.9 90 0 60.8 7.6 10.5 3.5 2 0 3 5 5
1505.1 -5178.6 -1.9 271 0 13.3 55.6 17.5 3.5 2 1 5 4 4
1455.5 -5180.4 -1.7 271 0 13.3 55.6 17.5 3.5 2 1 5 4 4
1404.3 -5179.9 -1.6 271 0 13.3 55.6 17.5 0.0 0 1 5 0 0
1571.6 -5046.4 0.3 91 0 14.0 95.2 17.5 3.5 4 1 5 2 2
1585.5 -4902.0 -0.6 1 0 74.0 13.9 17.5 3.5 2 0 5 0 0
1544.8 -4938.3 -0.4 91 0 13.1 62.3 17.5 3.5 2 1 5 3 3
1476.1 -4902.0 -0.5 1 0 72.0 11.8 17.5 3.5 2 0 5 5 5
1540.3 -4955.0 0.1 271 0 14.7 91.6 17.5 3.5 2 1 5 0 0
1507.4 -4953.7 -0.0 271 0 14.8 69.0 17.5 3.5 4 1 5 1 1
1468.8 -4952.5 -0.3 271 0 13.6 48.7 17.5 3.5 2 1 5 5 5
1433.4 -4951.9 -0.7 271 0 13.1 50.7 17.5 3.5 2 1 5 4 4
1353.1 -5061.0 -1.4 271 0 13.0 165.3 17.5 0.0 0 0 5 2 2
1431.7 -5135.4 -1.6 1 0 59.5 11.5 17.5 0.0 0 0 5 3 3
1396.6 -5099.0 -1.4 1 0 68.2 12.7 17.5 3.5 2 0 5 1 1
1348.6 -4940.4 -1.0 181 0 14.2 14.6 17.5 3.5 2 0 5 4 4
1401.3 -4998.8 -1.3 1 0 97.7 13.3 17.5 3.5 2 0 5 4 4
1354.3 -5046.3 -1.2 91 0 14.6 98.7 17.5 3.5 2 0 5 2 2
1902.0 -4047.3 0.8 268 0 5.6 57.3 10.5 3.5 4 1 3 5 5
1918.8 -4047.3 0.8 268 0 6.1 68.8 10.5 3.5 2 1 3 2 2
1935.5 -4045.1 0.7 268 0 7.0 68.9 10.5 3.5 2 1 3 5 5
1951.5 -4045.5 0.7 268 0 7.0 66.2 10.5 3.5 2 1 3 2 2
1968.9 -4044.5 0.7 268 0 6.0 66.1 10.5 0.0 0 1 3 5 5
2000.2 -4048.1 0.7 268 0 6.6 54.3 10.5 3.5 2 1 3 3 3
2017.2 -4044.6 1.0 269 0 7.4 58.5 10.5 0.0 0 1 3 2 2
2033.9 -4042.3 1.1 268 0 7.5 60.9 10.5 0.0 0 1 3 1 1
2050.6 -4042.2 1.4 269 0 7.0 58.0 10.5 3.5 2 1 3 5 5
2068.5 -4040.6 1.7 268 0 7.4 57.4 10.5 3.5 2 1 3 2 2
2070.1 -4130.3 1.5 265 0 10.7 19.7 14.0 3.5 2 1 4 2 2
2048.6 -4132.9 1.2 265 0 10.8 19.9 14.0 3.5 2 1 4 1 1
2026.6 -4134.3 1.1 265 0 10.2 20.1 14.0 3.5 2 1 4 3 3
2001.7 -4135.9 1.1 265 0 12.0 21.1 14.0 3.5 2 1 4 4 4
1977.4 -4137.1 1.2 265 0 7.8 24.1 10.5 3.5 2 1 3 2 2
1981.0 -4130.8 1.0 85 0 11.8 20.4 14.0 3.5 2 1 4 0 0
2004.2 -4129.6 1.0 85 0 11.9 20.9 14.0 3.5 2 1 4 5 5
2026.2 -4127.0 0.9 85 0 11.3 19.6 14.0 3.5 2 1 4 1 1
2048.0 -4125.8 1.2 85 0 11.0 20.7 14.0 3.5 2 1 4 5 5
2069.7 -4124.0 1.6 85 0 9.6 22.6 10.5 3.5 2 1 3 0 0
2093.3 -4129.3 1.9 269 0 10.2 20.4 14.0 0.0 0 1 4 4 4
2091.6 -4122.9 1.9 89 0 9.2 84.3 10.5 3.5 4 1 3 3 3
2245.8 -4112.1 1.2 90 0 14.3 77.5 14.0 3.5 2 1 4 0 0
2166.3 -4124.5 1.4 270 0 10.6 68.2 14.0 3.5 2 1 4 0 0
2208.8 -4125.8 1.0 270 0 9.9 67.5 10.5 3.5 4 1 3 5 5
2208.3 -4110.7 1.3 90 0 10.5 69.0 14.0 3.5 2 1 4 1 1
2128.1 -4110.7 2.1 90 0 10.6 68.4 14.0 3.5 2 1 4 3 3
2171.9 -4076.2 1.7 0 0 69.2 11.4 14.0 3.5 2 0 4 4 4
1136.2 -2297.8 -0.3 7 0 14.7 10.1 14.0 3.5 2 0 4 5 5
1115.7 -2355.1 -0.4 97 0 6.2 76.2 10.5 3.5 2 0 3 5 5
1097.0 -2352.1 -0.5 97 0 6.1 76.2 10.5 0.0 0 1 3 3 3
1079.4 -2349.3 -0.6 97 0 6.1 21.8 10.5 3.5 4 1 3 3 3
1044.8 -2345.7 -0.8 97 0 6.1 21.8 10.5 3.5 2 1 3 4 4
1029.7 -2342.8 -0.9 97 0 7.4 21.8 10.5 3.5 2 1 3 0 0
1011.9 -2341.9 -1.1 97 0 8.1 22.8 10.5 3.5 2 1 3 5 5
996.7 -2340.1 -1.2 97 0 8.0 37.6 10.5 3.5 2 1 3 5 5
924.1 -2271.0 -1.9 277 0 7.6 58.0 10.5 3.5 4 1 3 0 0
936.4 -2330.6 -1.7 97 0 8.3 56.6 10.5 3.5 2 1 3 4 4
955.9 -2333.8 -1.6 97 0 8.0 57.4 10.5 3.5 2 1 3 0 0
976.1 -2337.2 -1.4 97 0 7.1 58.2 10.5 3.5 2 1 3 5 5
1723.8 -4035.9 0.6 89 0 19.2 71.0 17.5 3.5 2 1 5 3 3
1554.7 -4245.1 1.5 176 0 16.1 42.2 17.5 3.5 2 1 5 5 5
2029.9 -4724.4 -2.8 91 0 12.6 100.1 14.0 3.5 2 1 4 0 0
1996.0 -4610.5 -0.4 91 0 12.2 71.9 14.0 3.5 2 1 4 2 2
1993.4 -4723.9 -2.7 91 0 12.7 100.1 14.0 3.5 2 1 4 3 3
1960.5 -4610.5 -0.8 91 0 12.2 96.5 14.0 3.5 2 1 4 4 4
1958.0 -4723.9 -2.6 91 0 12.6 100.1 14.0 3.5 2 1 4 2 2
1923.2 -4610.5 -1.2 91 0 12.2 96.5 14.0 3.5 2 1 4 3 3
1920.6 -4723.9 -2.5 91 0 12.7 100.1 14.0 3.5 2 1 4 1 1
1889.0 -4610.4 -1.4 91 0 12.2 96.5 14.0 0.0 0 1 4 5 5
1886.4 -4723.9 -2.4 91 0 12.7 100.1 14.0 3.5 2 1 4 0 0
1840.3 -4723.8 -2.4 91 0 12.2 102.0 14.0 3.5 2 1 4 0 0
2014.1 -3750.0 2.4 270 0 8.9 46.0 10.5 3.5 4 1 3 3 3
1994.9 -3796.2 2.1 90 0 8.6 46.2 10.5 3.5 2 1 3 2 2
1972.8 -3796.6 1.6 90 0 8.4 16.6 10.5 3.5 2 1 3 1 1
1953.7 -3795.3 1.2 90 0 7.9 47.2 10.5 3.5 2 1 3 3 3
1935.0 -3795.3 0.7 92 0 10.0 46.2 17.5 3.5 2 1 5 0 0
1913.0 -3794.5 0.2 92 0 8.9 46.3 10.5 0.0 0 1 3 1 1
1895.1 -3748.5 -0.1 272 0 8.0 46.6 10.5 3.5 2 1 3 5 5
1959.4 -3548.7 2.1 267 0 6.6 15.0 10.5 3.5 2 1 3 0 0
1924.6 -3548.8 2.1 267 0 6.5 17.8 10.5 3.5 2 1 3 2 2
1909.4 -3548.1 2.1 267 0 5.6 19.7 10.5 3.5 2 1 3 5 5
2011.0 -3565.3 2.2 269 0 6.4 35.3 10.5 3.5 2 1 3 5 5
1996.5 -3606.8 2.2 87 0 6.9 38.8 10.5 3.5 2 1 3 2 2
1980.5 -3608.1 2.1 87 0 8.2 38.9 10.5 3.5 2 1 3 1 1
1964.8 -3608.8 2.1 87 0 7.2 40.6 10.5 3.5 2 1 3 0 0
1948.7 -3609.2 2.1 87 0 6.4 40.0 10.5 3.5 2 1 3 4 4
1933.1 -3610.4 2.1 87 0 6.8 40.0 10.5 3.5 2 1 3 5 5
1917.2 -3611.5 2.1 87 0 7.3 40.9 10.5 3.5 2 1 3 2 2
1899.7 -3571.9 2.0 267 0 7.2 20.3 10.5 3.5 2 0 3 5 5
1885.9 -3613.3 1.5 87 0 6.0 39.8 10.5 3.5 2 1 3 1 1
1864.3 -3594.0 1.1 177 0 41.1 7.7 10.5 3.5 2 0 3 1 1
1944.5 -3654.8 2.2 87 0 9.1 4.3 10.5 3.5 2 0 3 3 3
1927.5 -3655.7 1.9 87 0 9.3 4.3 10.5 3.5 2 0 3 2 2
1911.9 -3656.6 1.6 87 0 8.9 4.3 10.5 3.5 2 0 3 0 0
1879.7 -3658.4 0.8 87 0 10.5 3.9 10.5 3.5 2 0 3 2 2
2019.3 -3628.4 2.2 87 0 6.7 19.7 10.5 3.5 2 1 3 3 3
2000.3 -3651.6 2.2 87 0 6.2 41.0 10.5 3.5 2 0 3 5 5
1984.2 -3652.5 2.2 87 0 6.5 41.0 10.5 3.5 2 0 3 5 5
1967.4 -3653.5 2.2 87 0 7.4 41.0 10.5 3.5 2 0 3 4 4
1952.4 -3654.3 2.2 87 0 6.7 41.0 10.5 3.5 2 0 3 1 1
1936.1 -3655.2 2.1 87 0 7.7 41.0 10.5 3.5 2 0 3 0 0
1919.6 -3656.2 1.8 87 0 6.6 41.0 10.5 3.5 2 0 3 1 1
1903.8 -3657.1 1.4 87 0 7.4 41.0 10.5 3.5 2 0 3 5 5
1888.3 -3657.9 1.1 87 0 6.9 41.0 10.5 3.5 2 0 3 3 3
1871.0 -3658.9 0.7 87 0 6.9 41.0 10.5 3.5 2 0 3 0 0
1878.8 -3741.7 -0.0 91 0 8.3 71.7 10.5 3.5 2 1 3 2 2
1874.5 -3794.1 -0.5 92 0 9.4 45.7 10.5 3.5 2 1 3 4 4
1874.6 -3802.2 -0.5 271 0 9.7 41.5 10.5 3.5 2 1 3 4 4
1849.5 -3518.4 1.2 271 0 12.5 29.1 17.5 3.5 2 1 5 3 3
1841.9 -3595.3 0.5 181 0 38.3 12.9 17.5 3.5 2 0 5 1 1
1848.7 -3659.3 0.1 91 0 13.3 39.1 17.5 3.5 2 1 5 4 4
1848.7 -3742.4 -0.8 91 0 12.8 74.2 14.0 3.5 4 1 4 1 1
1665.2 -4064.4 1.4 272 0 11.2 65.9 14.0 3.5 2 1 4 5 5
1526.1 -4250.5 1.0 266 0 17.6 67.5 14.0 3.5 2 1 4 5 5
440.5 -4608.1 1.9 273 0 6.4 44.0 10.5 3.5 2 1 3 4 4
423.8 -4606.2 1.9 273 0 6.4 42.5 10.5 0.0 0 1 3 5 5
407.6 -4603.6 1.8 273 0 6.7 43.2 10.5 3.5 2 1 3 5 5
391.7 -4602.2 1.8 272 0 7.7 43.4 10.5 0.0 0 1 3 4 4
370.8 -4622.0 1.7 183 0 41.7 7.3 10.5 3.5 2 0 3 4 4
355.0 -4620.4 1.7 183 0 41.5 7.8 10.5 3.5 2 0 3 1 1
533.9 -4581.6 2.3 91 0 7.9 31.8 10.5 3.5 2 1 3 0 0
517.1 -4581.2 2.2 91 0 8.7 31.8 10.5 0.0 0 1 3 4 4
484.2 -4580.4 2.1 91 0 8.2 32.1 10.5 3.5 4 1 3 1 1
462.7 -4578.3 2.1 91 0 6.2 29.5 10.5 3.5 2 1 3 5 5
444.0 -4579.1 2.0 91 0 7.3 31.4 10.5 3.5 4 1 3 0 0
423.2 -4578.6 1.9 92 0 9.3 30.8 10.5 3.5 2 1 3 1 1
402.9 -4577.1 1.9 92 0 8.0 30.6 10.5 3.5 2 1 3 2 2
383.1 -4576.4 1.8 92 0 6.9 30.2 10.5 0.0 0 1 3 4 4
336.4 -5122.4 0.8 271 0 5.9 5.6 7.5 2.5 2 0 3 1 1
339.0 -5144.5 0.8 1 0 17.4 5.6 5.0 0.0 0 0 2 4 4
395.6 -3263.1 6.7 264 0 7.3 17.3 10.5 3.5 2 1 3 5 5
405.0 -3348.5 6.4 84 0 7.2 31.7 10.5 3.5 4 1 3 2 2
410.9 -3367.0 6.3 354 0 31.7 7.4 10.5 3.5 2 0 3 1 1
414.4 -3433.2 6.1 84 0 7.5 45.6 10.5 3.5 2 1 3 5 5
378.8 -3285.8 6.5 264 0 7.5 30.4 10.5 3.5 4 1 3 0 0
387.6 -3334.3 6.3 354 0 31.7 7.2 10.5 0.0 0 0 3 5 5
391.6 -3368.9 6.2 354 0 31.7 7.4 10.5 3.5 2 0 3 5 5
395.0 -3435.1 6.0 84 0 7.5 45.7 10.5 3.5 2 1 3 4 4
357.5 -3267.4 6.5 264 0 7.3 17.3 10.5 3.5 2 1 3 4 4
357.9 -3303.7 6.4 174 0 30.4 7.6 10.5 3.5 2 0 3 2 2
361.6 -3337.5 6.2 174 0 31.7 7.2 10.5 3.5 2 0 3 5 5
365.4 -3372.1 6.1 174 0 31.7 7.4 10.5 3.5 2 0 3 4 4
376.2 -3437.5 5.8 84 0 7.5 45.9 10.5 3.5 2 1 3 3 3
557.7 -4459.9 2.6 180 0 7.0 20.2 10.5 3.5 2 1 3 0 0
592.5 -4485.9 2.7 91 0 5.7 14.4 10.5 3.5 2 1 3 3 3
655.1 -4466.9 2.9 87 0 23.9 7.4 10.5 3.5 2 0 3 5 5
655.0 -4478.0 2.8 360 0 20.9 11.8 14.0 3.5 2 0 4 5 5
639.2 -4473.1 2.8 360 0 25.4 14.4 14.0 3.5 2 0 4 5 5
641.2 -4506.8 2.8 92 0 5.9 16.7 10.5 0.0 0 1 3 0 0
607.3 -4505.2 2.7 92 0 5.5 16.8 10.5 3.5 2 0 3 2 2
576.3 -4504.1 2.6 92 0 8.8 16.4 10.5 3.5 2 1 3 3 3
717.2 -4502.0 2.6 91 0 8.2 9.4 10.5 3.5 2 0 3 3 3
698.1 -4501.5 2.7 91 0 7.5 13.1 10.5 3.5 2 0 3 2 2
694.5 -4507.5 2.5 91 0 55.9 6.1 10.5 3.5 2 0 3 0 0
660.3 -4489.8 2.9 181 0 33.7 6.7 10.5 3.5 2 0 3 5 5
628.0 -4515.2 2.7 272 0 14.9 6.7 10.5 0.0 0 0 3 4 4
607.7 -4514.3 2.6 272 0 8.6 13.3 10.5 3.5 2 1 3 3 3
576.6 -4513.2 2.5 272 0 9.4 14.9 10.5 3.5 2 0 3 3 3
555.4 -4519.7 2.5 182 0 13.6 6.7 10.5 0.0 0 0 3 2 2
639.6 -4585.3 2.6 92 0 6.8 31.4 10.5 3.5 2 1 3 4 4
621.6 -4584.5 2.6 92 0 8.6 31.5 10.5 3.5 2 1 3 0 0
605.2 -4583.4 2.5 92 0 8.3 31.3 10.5 3.5 2 1 3 5 5
588.9 -4581.5 2.5 92 0 7.1 30.4 10.5 3.5 4 1 3 1 1
573.0 -4581.2 2.4 92 0 8.5 30.1 10.5 3.5 2 1 3 0 0
557.9 -4581.3 2.4 93 0 8.5 30.8 10.5 3.5 2 1 3 2 2
820.9 -2091.3 -2.4 180 0 9.4 58.8 10.5 3.5 2 0 3 3 3
922.6 -2111.4 -2.5 1 0 6.8 103.0 10.5 3.5 2 1 3 4 4
823.9 -2119.5 -2.5 272 0 9.7 14.5 10.5 3.5 2 1 3 3 3
817.1 -2155.5 -2.5 182 0 13.9 10.1 14.0 3.5 4 0 4 2 2
842.7 -2119.2 -2.4 272 0 7.9 44.1 10.5 3.5 2 1 3 0 0
863.1 -2120.1 -2.3 272 0 9.3 37.7 10.5 3.5 2 1 3 3 3
882.1 -2120.5 -2.2 272 0 8.8 44.5 10.5 0.0 0 1 3 1 1
899.0 -2212.4 -2.2 92 0 8.8 44.5 10.5 3.5 2 1 3 2 2
902.3 -2121.1 -2.1 272 0 8.8 44.5 10.5 3.5 2 1 3 0 0
877.2 -2211.4 -2.3 92 0 8.8 44.5 10.5 3.5 2 1 3 4 4
859.3 -2211.0 -2.5 92 0 8.8 44.5 10.5 3.5 2 1 3 0 0
838.5 -2210.3 -2.6 92 0 8.8 44.5 10.5 3.5 2 1 3 5 5
820.6 -2209.9 -2.8 92 0 8.8 44.5 10.5 3.5 4 1 3 1 1
733.5 -2123.4 -3.1 3 0 48.1 11.7 17.5 3.5 4 0 5 5 5
769.9 -2126.9 -3.0 3 0 49.9 11.7 17.5 3.5 2 0 5 3 3
806.2 -2119.0 -2.7 3 0 19.5 12.4 17.5 3.5 2 0 5 0 0
759.2 -2208.4 -3.0 93 0 12.6 46.7 17.5 3.5 2 1 5 1 1
732.4 -2181.5 -3.2 3 0 47.5 11.4 17.5 3.5 4 0 5 1 1
673.7 -2211.4 -3.6 273 0 12.0 70.5 17.5 3.5 2 1 5 1 1
710.4 -2215.2 -3.4 273 0 12.0 70.5 17.5 3.5 2 1 5 2 2
796.4 -2222.5 -2.9 273 0 12.0 71.3 17.5 3.5 2 1 5 2 2
763.7 -2256.5 -3.2 3 0 71.2 12.0 17.5 0.0 0 0 5 0 0
632.3 -2206.8 -3.8 265 0 11.5 88.2 17.5 3.5 2 1 5 5 5
-201.0 -2490.2 -1.9 92 0 18.8 30.7 7.5 2.5 2 1 3 5 5
-237.7 -2487.2 -1.6 92 0 18.8 30.7 7.5 2.5 2 1 3 0 0
-287.6 -2490.5 -1.1 93 0 17.6 35.4 7.5 2.5 2 1 3 0 0
-286.5 -2383.3 -2.2 270 0 13.2 65.9 12.5 2.5 2 1 5 3 3
-117.4 -2151.2 -6.8 273 0 8.2 60.1 10.5 3.5 2 1 3 3 3
-159.6 -2161.4 -6.2 180 0 124.9 13.6 10.5 0.0 0 0 3 0 0
-224.1 -2083.6 -7.2 270 0 63.9 13.4 10.5 3.5 2 0 3 4 4
-291.8 -2144.3 -6.1 270 0 14.7 131.7 10.5 0.0 0 1 3 5 5
-188.9 -2215.0 -6.1 270 0 17.8 58.5 10.5 3.5 2 0 3 2 2
-237.5 -2243.1 -5.8 180 0 60.9 31.2 10.5 0.0 0 0 3 2 2
-183.7 -2149.7 -6.9 270 0 29.4 58.8 10.5 0.0 0 1 3 1 1
-221.8 -2149.6 -6.8 270 0 28.7 59.3 10.5 0.0 0 1 3 0 0
-192.7 -2361.5 -4.2 90 0 15.1 35.2 10.5 3.5 4 1 3 3 3
-273.1 -2305.3 -4.2 180 0 33.1 31.1 10.5 0.0 0 0 3 1 1
-239.4 -2360.0 -3.7 90 0 16.7 33.6 10.5 3.5 4 1 3 2 2
-265.0 -2359.4 -3.4 90 0 12.6 32.1 10.5 3.5 2 1 3 0 0
-287.4 -2365.9 -3.9 90 0 12.7 85.7 10.5 3.5 2 1 3 2 2
2045.6 -3564.1 2.2 269 0 6.8 35.1 10.5 3.5 2 1 3 4 4
2028.9 -3555.1 2.2 269 0 6.3 36.3 10.5 3.5 2 1 3 1 1
1993.5 -3526.6 2.1 267 0 7.5 35.5 10.5 3.5 2 1 3 0 0
1975.4 -3517.1 2.1 267 0 6.3 46.0 10.5 3.5 2 1 3 4 4
1957.4 -3512.7 2.1 267 0 7.8 18.7 10.5 3.5 2 0 3 4 4
1940.2 -3513.8 2.1 267 0 6.7 23.0 10.5 3.5 2 1 3 3 3
1922.4 -3517.7 2.1 267 0 6.7 30.6 10.5 3.5 2 1 3 0 0
1908.3 -3515.2 2.0 267 0 6.9 30.6 10.5 3.5 2 1 3 5 5
1893.9 -3516.2 2.0 267 0 6.3 30.6 10.5 3.5 2 1 3 3 3
1878.5 -3517.0 2.0 267 0 6.1 30.6 10.5 3.5 4 1 3 4 4
1864.1 -3517.8 1.7 267 0 6.8 30.3 10.5 3.5 2 1 3 0 0
2054.3 -3744.2 2.3 91 0 9.7 87.9 10.5 3.5 2 1 3 0 0
2034.7 -3743.3 2.2 91 0 8.5 86.8 10.5 3.5 4 1 3 0 0
2015.6 -3742.7 2.2 91 0 8.9 84.5 10.5 3.5 2 1 3 0 0
886.9 -2439.5 -1.8 7 0 61.7 11.6 17.5 3.5 4 0 5 3 3
849.8 -2458.1 -2.0 97 0 12.5 51.4 17.5 3.5 2 1 5 2 2
824.1 -2455.4 -2.2 97 0 12.7 52.4 17.5 3.5 2 1 5 5 5
797.7 -2456.1 -2.4 97 0 12.4 56.5 17.5 3.5 2 1 5 0 0
1015.7 -2580.8 -0.5 99 0 13.6 70.6 17.5 3.5 2 1 5 1 1
991.5 -2576.5 -0.7 99 0 14.7 71.0 17.5 0.0 0 1 5 0 0
966.1 -2572.4 -0.9 99 0 9.5 71.7 10.5 3.5 2 1 3 3 3
942.7 -2568.3 -1.1 99 0 10.8 70.5 17.5 0.0 0 1 5 0 0
146.5 -5374.3 1.0 90 0 15.6 53.3 17.5 3.5 2 1 5 2 2
911.4 -2541.4 -1.4 99 0 17.1 49.0 17.5 3.5 2 0 5 4 4
921.7 -2564.7 -1.3 99 0 10.7 70.3 17.5 3.5 2 0 5 5 5
146.1 -5464.3 0.8 270 0 14.9 72.5 14.0 3.5 2 1 4 3 3
-65.3 -5426.6 1.3 360 0 36.0 15.4 14.0 3.5 2 0 4 0 0
-98.8 -5471.1 1.3 270 0 11.6 47.0 14.0 3.5 2 1 4 0 0
-103.9 -5390.1 1.4 90 0 11.5 47.6 14.0 3.5 2 1 4 5 5
-73.1 -5380.5 1.4 90 0 8.7 37.5 10.5 3.5 2 1 3 0 0
119.0 -5379.7 1.0 90 0 10.7 58.9 17.5 3.5 4 1 5 4 4
92.3 -5379.8 1.1 90 0 9.6 58.9 10.5 3.5 4 1 3 0 0
64.9 -5379.9 1.1 90 0 9.4 58.9 10.5 3.5 4 1 3 2 2
38.7 -5380.1 1.2 90 0 9.0 58.9 10.5 3.5 4 1 3 3 3
11.9 -5380.2 1.2 90 0 8.4 58.9 10.5 3.5 2 1 3 3 3
-16.9 -5380.3 1.3 90 0 7.5 58.9 10.5 3.5 2 1 3 0 0
-45.8 -5380.4 1.3 90 0 8.8 58.9 10.5 3.5 2 1 3 4 4
92.3 -5391.8 1.1 270 0 9.6 38.4 10.5 3.5 2 1 3 3 3
65.0 -5392.0 1.1 270 0 9.4 59.1 10.5 3.5 2 1 3 1 1
38.8 -5392.1 1.1 270 0 9.0 59.1 10.5 3.5 2 1 3 4 4
11.9 -5392.2 1.2 270 0 8.4 59.1 10.5 0.0 0 1 3 5 5
-16.9 -5392.3 1.3 270 0 7.5 59.1 10.5 3.5 2 1 3 4 4
-45.4 -5454.4 1.2 90 0 8.7 62.0 10.5 3.5 2 1 3 0 0
119.7 -5464.0 0.9 270 0 9.9 86.1 10.5 3.5 2 1 3 3 3
92.7 -5464.1 0.9 270 0 9.6 86.1 10.5 3.5 2 1 3 3 3
65.3 -5464.2 1.0 270 0 9.4 86.1 10.5 3.5 2 1 3 3 3
39.1 -5464.3 1.1 270 0 9.0 86.1 10.5 3.5 2 1 3 3 3
12.2 -5464.5 1.1 270 0 8.4 86.1 10.5 3.5 2 1 3 4 4
-16.5 -5464.6 1.2 270 0 7.5 86.1 10.5 0.0 0 1 3 4 4
-45.4 -5464.7 1.2 270 0 8.7 86.1 10.5 3.5 2 1 3 0 0
-72.1 -5464.8 1.3 270 0 8.8 86.1 10.5 3.5 2 1 3 2 2
907.1 -5808.4 -1.6 359 0 63.9 13.8 14.0 3.5 2 0 4 5 5
860.9 -5841.3 -1.5 89 0 11.5 62.5 14.0 3.5 2 1 4 5 5
823.9 -5950.4 -1.6 89 0 13.5 67.6 14.0 3.5 2 1 4 0 0
822.5 -5842.4 -1.4 89 0 12.5 66.4 14.0 3.5 2 1 4 3 3
945.4 -5055.4 -0.2 91 0 11.5 34.3 17.5 3.5 2 1 5 4 4
989.2 -5026.3 -0.3 271 0 13.1 34.3 17.5 3.5 4 1 5 2 2
1031.8 -5034.0 -0.4 271 0 13.1 34.3 17.5 3.5 4 1 5 4 4
1190.3 -4947.9 -0.7 190 0 59.8 13.1 17.5 3.5 2 0 5 1 1
1180.9 -5043.9 -0.8 100 0 13.2 54.0 17.5 3.5 2 1 5 0 0
1208.7 -4898.7 -0.6 91 0 13.5 29.3 17.5 3.5 2 0 5 0 0
1187.5 -4869.0 -0.6 91 0 30.1 7.5 10.5 3.5 2 0 3 0 0
1165.1 -4898.8 -0.5 91 0 13.5 37.7 17.5 3.5 2 0 5 4 4
1125.2 -4859.7 -0.4 270 0 13.5 37.7 17.5 3.5 2 1 5 5 5
1070.4 -4859.9 -0.3 271 0 10.9 35.6 14.0 3.5 2 1 4 0 0
1010.6 -4858.8 -0.2 271 0 10.9 35.6 14.0 3.5 2 1 4 4 4
963.8 -4858.3 -0.1 271 0 10.9 35.6 14.0 3.5 2 1 4 1 1
928.6 -4858.3 -0.0 271 0 11.4 64.4 17.5 0.0 0 1 5 4 4
936.6 -4974.3 -0.1 1 0 68.4 11.4 17.5 3.5 2 0 5 1 1
1147.0 -5027.6 -0.7 90 0 11.6 32.4 17.5 3.5 2 1 5 5 5
1060.8 -5018.9 -0.4 93 0 11.6 32.4 17.5 3.5 4 1 5 4 4
1016.0 -5012.7 -0.3 90 0 11.7 39.5 17.5 3.5 2 1 5 2 2
981.2 -4913.0 -0.2 270 0 10.9 39.2 17.5 3.5 2 1 5 2 2
972.4 -4999.0 -0.2 90 0 12.6 40.1 17.5 3.5 2 1 5 3 3
1273.3 -3452.2 0.7 181 0 82.2 13.4 17.5 3.5 2 0 5 3 3
973.2 -3506.8 2.1 174 0 91.2 7.6 10.5 3.5 2 0 3 5 5
1213.7 -3427.7 1.3 91 0 86.9 8.2 10.5 3.5 2 0 3 4 4
1125.8 -3427.3 1.1 91 0 73.4 8.2 10.5 3.5 2 0 3 3 3
1246.7 -3489.4 0.7 90 0 23.0 26.7 17.5 0.0 0 1 5 1 1
1253.6 -3435.7 1.0 271 0 9.7 25.0 10.5 3.5 2 1 3 1 1
1241.0 -3435.8 1.0 271 0 9.7 25.0 10.5 3.5 2 1 3 1 1
1225.4 -3435.8 0.7 271 0 9.0 54.4 10.5 3.5 2 1 3 0 0
1211.8 -3436.0 0.8 271 0 9.7 54.4 10.5 3.5 2 1 3 0 0
1195.2 -3435.3 0.8 271 0 9.7 58.0 10.5 3.5 2 1 3 1 1
1181.2 -3435.2 0.9 271 0 9.7 59.2 10.5 3.5 2 1 3 2 2
1164.5 -3435.2 1.0 271 0 9.7 59.2 10.5 3.5 2 1 3 4 4
1150.7 -3435.3 1.0 271 0 9.7 59.2 10.5 3.5 2 1 3 3 3
1129.2 -3435.3 1.1 271 0 9.7 59.2 10.5 3.5 2 1 3 4 4
1116.3 -3435.9 1.1 271 0 10.2 58.1 17.5 3.5 4 1 5 5 5
1093.7 -3493.9 1.0 91 0 16.6 57.9 17.5 3.5 2 1 5 2 2
1204.9 -3502.5 0.6 265 0 105.4 11.6 17.5 3.5 2 0 5 2 2
1055.1 -3527.1 1.3 174 0 37.8 35.7 17.5 0.0 0 0 5 4 4
1114.2 -3530.1 1.1 74 0 37.4 12.0 17.5 3.5 2 0 5 4 4
1050.8 -3487.9 1.3 174 0 41.4 8.5 10.5 3.5 2 0 3 1 1
1019.7 -3452.3 1.2 82 0 80.7 25.3 14.0 0.0 0 0 4 1 1
1010.0 -3515.1 1.8 354 0 102.9 19.1 14.0 0.0 0 0 4 3 3
2613.2 -2703.1 1.8 44 0 14.4 92.1 14.0 3.5 2 0 4 2 2
1310.7 -2098.4 0.5 180 0 21.6 9.9 10.5 3.5 2 0 3 4 4
1276.1 -2101.2 0.1 90 0 32.1 14.9 14.0 3.5 2 0 4 2 2
1260.1 -2111.0 0.0 360 0 45.1 14.0 14.0 3.5 2 0 4 2 2
1084.8 -2455.7 -0.3 5 0 67.3 5.4 10.5 3.5 2 0 3 2 2
1077.3 -2502.0 -0.4 5 0 21.9 28.3 17.5 0.0 0 1 5 0 0
963.5 -2455.9 -1.1 277 0 16.6 36.9 17.5 3.5 2 1 5 4 4
930.3 -2398.7 -1.6 97 0 9.6 39.6 10.5 3.5 2 1 3 4 4
976.1 -2363.8 -1.4 277 0 60.2 14.3 17.5 3.5 2 0 5 5 5
1076.3 -2451.5 -0.4 5 0 62.2 12.0 17.5 3.5 2 0 5 5 5
1265.6 -4253.9 1.1 182 0 42.4 13.3 17.5 3.5 2 0 5 1 1
1273.8 -4183.0 1.6 272 0 12.2 40.1 17.5 3.5 2 1 5 0 0
1237.2 -4178.6 1.5 272 0 13.3 46.5 17.5 0.0 0 1 5 1 1
1241.1 -4161.8 2.1 92 0 13.5 58.7 17.5 3.5 2 1 5 4 4
1278.6 -4166.6 2.0 92 0 12.6 66.4 17.5 0.0 0 1 5 4 4
1309.7 -4181.4 1.2 272 0 14.4 94.8 17.5 3.5 2 1 5 0 0
1309.7 -4172.1 2.0 92 0 14.0 92.8 17.5 3.5 2 1 5 3 3
1748.2 -3173.8 1.7 271 0 11.1 70.1 14.0 3.5 2 1 4 2 2
1748.0 -3162.7 1.9 91 0 11.1 45.5 14.0 3.5 2 1 4 1 1
1706.3 -3162.9 1.7 91 0 11.1 54.7 14.0 3.5 2 1 4 1 1
1704.9 -3179.5 1.5 271 0 11.1 62.9 14.0 3.5 2 1 4 5 5
1998.8 -3131.4 0.2 90 0 10.3 50.9 17.5 3.5 2 0 5 1 1
2005.3 -3069.9 0.7 0 0 21.2 12.9 17.5 3.5 2 0 5 0 0
2026.3 -3055.8 -1.1 181 0 8.0 71.2 10.5 3.5 2 1 3 2 2
1794.6 -3055.7 2.5 1 0 41.9 14.7 14.0 3.5 2 0 4 1 1
1853.9 -3303.8 2.0 91 0 13.0 40.2 17.5 3.5 2 1 5 5 5
1888.9 -3332.2 1.3 273 0 16.0 38.5 17.5 3.5 2 1 5 3 3
1948.8 -3314.4 0.5 273 0 13.0 83.5 17.5 3.5 4 1 5 5 5
1913.7 -3314.7 1.0 273 0 13.1 92.6 17.5 3.5 2 1 5 5 5
1853.3 -3310.9 2.0 271 0 14.1 15.4 17.5 3.5 2 0 5 3 3
1845.6 -3349.5 1.9 181 0 46.8 11.6 17.5 3.5 2 0 5 4 4
2307.1 -3192.3 0.6 270 0 14.1 51.4 17.5 3.5 2 0 5 5 5
2307.7 -3263.7 1.7 90 0 14.1 20.1 17.5 3.5 2 0 5 2 2
2281.1 -3189.5 0.0 89 0 10.9 17.2 17.5 3.5 2 1 5 4 4
2203.1 -3188.7 -0.7 89 0 10.9 17.1 17.5 3.5 2 1 5 4 4
2148.5 -3188.6 -1.2 89 0 10.9 17.1 17.5 3.5 4 1 5 2 2
2123.0 -3188.9 -1.4 89 0 10.9 17.2 17.5 3.5 2 1 5 4 4
2284.1 -3193.4 0.5 270 0 10.3 19.7 17.5 3.5 2 1 5 2 2
2284.2 -3262.9 1.4 90 0 10.3 20.6 17.5 3.5 2 1 5 3 3
2261.2 -3193.5 0.3 270 0 10.3 19.7 17.5 3.5 2 1 5 2 2
2261.3 -3262.9 1.2 90 0 10.3 20.6 17.5 3.5 2 1 5 1 1
2240.3 -3218.2 0.6 270 0 10.3 20.1 17.5 3.5 2 1 5 0 0
2240.3 -3194.2 0.1 270 0 10.3 19.0 17.5 3.5 4 1 5 3 3
2240.4 -3263.6 1.1 90 0 10.3 20.6 17.5 3.5 2 1 5 0 0
2215.1 -3218.4 0.4 270 0 10.3 20.1 17.5 3.5 2 1 5 3 3
2215.2 -3263.8 0.8 90 0 10.3 20.6 17.5 3.5 2 1 5 1 1
2175.9 -3218.2 0.0 269 0 12.4 19.9 17.5 3.5 2 1 5 0 0
2175.7 -3193.8 -0.5 269 0 12.4 22.3 17.5 3.5 2 1 5 5 5
2149.7 -3218.6 -0.2 269 0 12.4 19.9 17.5 3.5 2 1 5 1 1
2149.6 -3194.2 -0.7 269 0 12.4 22.3 17.5 3.5 4 1 5 5 5
2123.2 -3194.4 -0.9 269 0 12.4 22.3 17.5 3.5 2 1 5 1 1
2123.4 -3218.8 -0.5 269 0 12.4 19.9 17.5 0.0 0 1 5 3 3
2198.6 -3322.3 2.3 270 0 9.7 30.5 10.5 3.5 2 1 3 4 4
2178.2 -3321.1 2.1 270 0 9.7 33.2 10.5 3.5 2 1 3 1 1
2157.4 -3319.4 1.9 270 0 9.7 38.7 10.5 3.5 2 1 3 1 1
2137.0 -3320.2 1.7 270 0 10.8 17.4 17.5 3.5 2 1 5 3 3
2195.7 -3308.5 0.6 90 0 9.7 65.7 10.5 3.5 2 1 3 5 5
2175.1 -3309.4 0.5 90 0 9.7 65.7 10.5 3.5 2 1 3 2 2
2154.6 -3309.0 0.3 90 0 9.7 65.7 10.5 3.5 2 1 3 5 5
2134.9 -3310.0 0.1 90 0 9.7 65.7 10.5 3.5 2 1 3 3 3
2114.9 -3275.7 -0.0 90 0 9.7 32.3 10.5 3.5 2 1 3 1 1
2115.8 -3303.2 0.7 90 0 9.7 24.4 10.5 3.5 2 1 3 3 3
2115.7 -3327.4 1.6 270 0 9.7 35.6 10.5 3.5 2 1 3 1 1
2103.5 -3185.8 -1.5 90 0 11.6 48.0 17.5 0.0 0 1 5 0 0
2102.5 -3193.5 -1.1 270 0 11.6 49.5 17.5 3.5 2 1 5 2 2
2058.1 -3185.9 -0.9 90 0 11.6 47.1 17.5 3.5 2 1 5 0 0
2057.8 -3192.7 -0.9 270 0 11.6 49.6 17.5 3.5 2 1 5 0 0
2091.4 -3323.8 1.3 270 0 11.6 42.2 17.5 3.5 2 1 5 2 2
2054.5 -3323.0 1.0 270 0 11.5 47.8 17.5 3.5 2 1 5 0 0
2091.2 -3311.2 -0.2 90 0 11.0 64.9 17.5 3.5 2 1 5 4 4
2053.2 -3312.0 -0.6 90 0 10.8 66.5 17.5 3.5 2 1 5 0 0
2178.4 -3073.9 -2.7 90 0 29.1 7.9 10.5 3.5 2 0 3 1 1
2192.3 -3166.5 -1.2 0 0 7.4 31.2 10.5 3.5 2 1 3 2 2
2030.3 -3186.5 -0.5 90 0 10.9 49.0 17.5 3.5 2 1 5 3 3
2025.5 -3111.5 -0.4 180 0 38.4 13.5 17.5 3.5 2 0 5 1 1
1997.5 -3141.0 0.2 271 0 9.7 165.3 10.5 3.5 2 1 3 5 5
1937.1 -3153.1 0.9 271 0 10.8 85.7 14.0 3.5 2 1 4 4 4
1896.5 -3246.7 1.4 271 0 13.0 45.7 14.0 3.5 2 1 4 2 2
1906.8 -3193.0 1.5 2 0 54.0 14.3 17.5 3.5 2 0 5 0 0
1795.9 -2969.6 3.0 1 0 28.6 20.9 14.0 3.5 2 0 4 0 0
1796.1 -3010.2 2.7 1 0 46.6 14.1 14.0 0.0 0 0 4 1 1
1786.5 -3127.3 2.3 91 0 14.7 50.8 14.0 3.5 2 0 4 1 1
1787.0 -3139.7 2.0 271 0 15.5 80.0 14.0 3.5 2 0 4 2 2
1793.6 -3237.7 1.9 1 0 36.0 13.5 14.0 3.5 2 0 4 1 1
1793.2 -3281.8 1.8 1 0 52.1 11.9 14.0 3.5 2 0 4 1 1
1845.4 -3232.1 2.2 180 0 34.8 16.0 17.5 3.5 2 0 5 2 2
1854.8 -3141.4 2.4 270 0 13.5 42.6 17.5 3.5 2 1 5 5 5
2062.0 -4029.6 1.8 88 0 8.4 116.5 10.5 3.5 2 1 3 1 1
2037.8 -4030.7 1.4 88 0 7.0 18.7 10.5 3.5 4 1 3 2 2
2036.4 -4009.1 1.4 88 0 8.5 95.1 10.5 3.5 2 1 3 4 4
2020.7 -4032.3 1.1 88 0 7.7 57.5 10.5 3.5 4 1 3 1 1
2016.4 -3919.8 1.3 268 0 7.8 50.3 10.5 3.5 2 1 3 1 1
2004.4 -4033.4 0.8 88 0 7.7 57.5 10.5 0.0 0 1 3 1 1
2000.1 -3921.0 1.0 268 0 7.8 50.3 10.5 3.5 2 1 3 0 0
1988.4 -4034.0 0.6 88 0 7.7 57.5 10.5 3.5 2 1 3 1 1
1984.1 -3921.6 0.8 268 0 7.8 50.3 10.5 3.5 2 1 3 2 2
1972.1 -4035.1 0.4 88 0 7.8 57.5 10.5 3.5 2 1 3 0 0
1967.8 -3922.6 0.5 268 0 7.8 50.3 10.5 3.5 2 1 3 0 0
1955.2 -4035.3 0.3 88 0 7.8 57.5 10.5 3.5 2 1 3 5 5
1950.9 -3922.9 0.3 268 0 7.8 50.3 10.5 3.5 2 1 3 1 1
1933.3 -3922.9 0.0 268 0 7.7 50.3 10.5 3.5 2 1 3 3 3
1937.6 -4035.4 0.3 88 0 7.8 57.5 10.5 3.5 2 1 3 5 5
1786.5 -2408.6 2.9 40 0 8.8 60.3 10.5 3.5 2 0 3 0 0
1751.3 -2474.2 3.2 0 0 32.8 13.4 14.0 3.5 2 0 4 2 2
1751.3 -2414.9 2.9 0 0 59.5 13.6 14.0 3.5 2 0 4 1 1
1788.9 -2476.4 3.3 90 0 12.0 63.5 14.0 3.5 4 1 4 2 2
1789.4 -2613.1 3.6 90 0 16.0 110.9 14.0 0.0 0 1 4 3 3
1679.3 -2513.7 3.0 179 0 15.9 12.8 14.0 3.5 2 0 4 1 1
1663.6 -2547.3 3.0 179 0 15.9 12.8 14.0 3.5 2 0 4 2 2
1705.4 -2532.4 3.2 269 0 12.5 16.6 14.0 3.5 2 1 4 2 2
1756.6 -2529.8 3.5 89 0 14.1 16.1 14.0 3.5 4 1 4 5 5
1763.0 -2558.5 3.6 359 0 17.3 13.5 14.0 0.0 0 0 4 1 1
1763.6 -2597.3 3.7 359 0 17.3 13.5 14.0 3.5 2 0 4 4 4
1721.9 -2574.8 3.4 89 0 13.5 17.3 14.0 3.5 2 1 4 4 4
1671.0 -2580.6 3.1 359 0 17.3 13.5 14.0 3.5 2 0 4 3 3
1644.4 -2613.3 3.2 179 0 16.1 13.5 14.0 3.5 2 0 4 5 5
1680.1 -2627.1 3.4 269 0 13.5 16.1 14.0 3.5 4 1 4 0 0
1708.8 -2638.2 3.6 269 0 13.4 16.1 14.0 3.5 2 1 4 0 0
1741.3 -2629.1 3.8 269 0 13.5 16.1 14.0 3.5 2 1 4 1 1
1743.3 -2675.3 3.9 1 0 16.1 13.5 14.0 3.5 2 0 4 1 1
1683.6 -2663.5 3.5 271 0 13.5 16.1 14.0 3.5 2 1 4 1 1
1632.1 -2656.9 3.2 181 0 16.1 13.5 14.0 3.5 2 0 4 1 1
1744.0 -2714.9 4.0 98 0 12.6 17.7 14.0 3.5 2 1 4 4 4
1709.9 -2710.2 3.8 98 0 12.6 17.7 14.0 3.5 2 1 4 3 3
1653.7 -2702.7 3.4 98 0 12.6 17.7 14.0 3.5 4 1 4 5 5
496.7 -3078.0 1.9 354 0 66.6 9.4 10.5 3.5 2 0 3 2 2
405.7 -3026.1 2.0 176 0 31.6 10.8 17.5 3.5 2 0 5 2 2
407.4 -3081.4 2.7 176 0 58.5 16.5 17.5 3.5 4 0 5 4 4
1144.9 -2177.8 -0.6 1 0 19.0 11.4 14.0 0.0 0 0 4 3 3
1140.1 -2223.0 -0.5 92 0 10.8 22.5 14.0 3.5 2 1 4 5 5
1119.1 -2222.5 -0.6 92 0 10.8 22.5 14.0 3.5 2 1 4 1 1
1096.2 -2221.9 -0.8 92 0 10.8 22.5 14.0 3.5 2 1 4 0 0
1074.9 -2221.3 -1.0 92 0 10.8 22.5 14.0 3.5 2 1 4 4 4
1054.4 -2220.6 -1.1 92 0 10.8 22.5 14.0 3.5 2 1 4 4 4
1050.9 -2239.8 -1.0 182 0 23.6 11.3 14.0 3.5 2 0 4 1 1
1078.5 -2228.7 -0.9 272 0 11.3 23.6 14.0 3.5 4 1 4 4 4
1099.0 -2253.6 -0.7 92 0 11.3 23.6 14.0 3.5 2 1 4 2 2
1121.7 -2254.5 -0.5 92 0 11.3 23.6 14.0 3.5 4 1 4 1 1
1143.8 -2255.2 -0.4 92 0 11.3 23.6 14.0 3.5 2 1 4 2 2
1146.4 -2269.0 -0.3 271 0 14.7 6.0 10.5 3.5 2 0 3 1 1
1104.3 -2261.5 -0.6 272 0 13.4 11.4 14.0 3.5 4 0 4 0 0
1116.0 -2188.7 -0.9 92 0 12.9 62.7 14.0 3.5 2 1 4 5 5
1078.8 -2187.7 -1.1 92 0 12.9 62.7 14.0 0.0 0 1 4 2 2
1039.3 -2185.9 -1.3 92 0 12.9 62.7 14.0 3.5 2 1 4 1 1
983.8 -2184.2 -1.7 272 0 12.6 10.9 14.0 3.5 2 0 4 4 4
964.0 -2194.6 -1.8 92 0 12.6 10.9 14.0 3.5 2 0 4 4 4
1004.9 -2225.2 -1.5 92 0 10.8 24.3 14.0 3.5 4 1 4 3 3
982.8 -2225.3 -1.6 92 0 10.8 24.3 14.0 3.5 2 1 4 1 1
962.7 -2224.0 -1.8 92 0 10.8 24.3 14.0 0.0 0 1 4 5 5
997.3 -2243.7 -1.4 92 0 13.8 9.6 10.5 3.5 2 0 3 0 0
1000.9 -2179.6 -1.9 0 0 4.1 49.5 10.5 3.5 2 0 3 3 3
1020.4 -2093.9 -1.2 0 0 13.3 21.0 14.0 3.5 2 0 4 5 5
1001.1 -2139.0 -1.5 180 0 77.1 9.3 10.5 3.5 2 0 3 4 4
986.6 -2104.4 -1.5 0 0 11.3 33.1 14.0 3.5 2 0 4 0 0
931.5 -2091.4 -1.8 180 0 14.0 55.2 14.0 3.5 2 0 4 1 1
966.1 -2141.4 -1.9 0 0 58.1 13.6 14.0 3.5 2 0 4 4 4
1997.9 -3742.9 2.2 91 0 8.6 82.8 10.5 3.5 2 1 3 3 3
1975.0 -3743.4 2.2 91 0 7.7 81.6 10.5 3.5 2 1 3 5 5
1935.4 -3742.2 1.3 91 0 9.3 75.4 10.5 3.5 2 1 3 4 4
1916.5 -3663.4 0.8 272 0 6.8 79.5 10.5 3.5 4 1 3 2 2
1894.3 -3741.7 0.4 92 0 6.6 77.0 10.5 3.5 4 1 3 3 3
465.6 -2936.8 0.3 271 0 13.7 41.1 17.5 3.5 2 1 5 4 4
430.6 -2945.5 0.6 271 0 13.5 46.4 17.5 3.5 2 0 5 3 3
390.4 -2991.6 1.0 91 0 11.9 47.0 17.5 3.5 2 0 5 1 1
498.3 -2999.2 1.1 265 0 9.3 32.7 10.5 3.5 2 1 3 2 2
476.3 -3001.3 1.2 265 0 8.8 34.4 10.5 3.5 2 1 3 5 5
455.3 -3002.9 1.4 265 0 8.6 35.1 10.5 3.5 2 1 3 2 2
430.1 -3024.1 1.7 175 0 35.4 7.8 10.5 3.5 2 0 3 4 4
1075.6 -4583.2 0.7 274 0 6.1 42.8 10.5 3.5 2 1 3 5 5
1061.7 -4581.7 0.7 274 0 8.3 43.3 10.5 3.5 2 1 3 3 3
1046.4 -4579.9 0.8 273 0 8.1 43.9 10.5 3.5 4 1 3 5 5
1030.6 -4578.8 0.9 273 0 6.3 33.2 10.5 3.5 2 1 3 3 3
1015.6 -4575.9 0.9 273 0 6.0 45.1 10.5 3.5 2 0 3 3 3
1000.5 -4575.8 1.0 274 0 6.7 44.1 10.5 3.5 2 1 3 2 2
986.2 -4573.6 1.0 274 0 6.7 45.1 10.5 3.5 2 1 3 4 4
971.3 -4573.8 1.1 274 0 6.8 43.0 10.5 0.0 0 1 3 3 3
956.6 -4571.9 1.1 275 0 6.5 43.8 10.5 3.5 4 1 3 5 5
942.0 -4574.6 1.2 275 0 7.3 34.5 10.5 3.5 4 1 3 4 4
926.3 -4569.7 1.2 275 0 6.9 43.8 10.5 3.5 2 1 3 5 5
911.2 -4568.7 1.2 274 0 6.9 42.3 10.5 3.5 2 1 3 0 0
966.3 -4632.0 0.6 261 0 12.9 56.1 17.5 3.5 2 1 5 1 1
1104.2 -4749.7 -0.2 86 0 14.9 45.4 17.5 3.5 2 1 5 1 1
1027.1 -4741.6 0.1 84 0 13.9 45.4 17.5 3.5 2 1 5 1 1
1031.5 -4636.5 0.6 275 0 13.2 18.3 17.5 3.5 2 0 5 3 3
1029.9 -4655.4 0.5 269 0 13.4 25.2 17.5 3.5 2 0 5 1 1
1080.4 -4641.7 0.4 270 0 12.5 31.0 17.5 3.5 2 1 5 3 3
1127.6 -4646.3 0.1 271 0 13.4 41.8 17.5 3.5 2 1 5 1 1
1173.4 -4648.0 -0.1 270 0 13.6 42.2 17.5 3.5 2 1 5 2 2
1229.2 -4694.3 -0.4 1 0 46.0 14.4 17.5 3.5 2 0 5 3 3
1219.0 -4771.9 -0.7 91 0 14.6 37.7 17.5 3.5 4 1 5 3 3
1125.9 -4760.6 -0.3 271 0 16.8 32.5 17.5 3.5 2 0 5 4 4
1076.5 -4764.3 -0.2 271 0 15.1 27.8 17.5 3.5 2 0 5 1 1
1021.9 -4760.9 -0.1 271 0 16.0 30.2 17.5 3.5 2 0 5 2 2
959.3 -4769.3 0.0 181 0 41.0 14.0 17.5 3.5 2 0 5 2 2
1361.2 -4682.0 -0.8 182 0 35.6 11.5 17.5 3.5 2 0 5 4 4
1442.1 -4762.3 -1.4 91 0 13.6 44.6 17.5 3.5 4 1 5 0 0
1404.3 -4762.6 -1.3 91 0 11.0 48.1 17.5 3.5 2 1 5 1 1
1538.3 -4807.9 -1.5 360 0 8.4 55.1 10.5 3.5 2 0 3 0 0
1540.9 -4777.7 -1.7 180 0 51.6 11.9 17.5 3.5 2 0 5 2 2
1518.6 -4774.3 -1.6 271 0 11.1 35.5 17.5 3.5 2 0 5 3 3
1479.9 -4773.4 -1.5 271 0 11.9 29.1 17.5 3.5 2 0 5 4 4
1441.6 -4772.0 -1.3 271 0 11.7 29.9 17.5 3.5 2 0 5 2 2
1457.1 -4811.1 -1.4 91 0 52.2 8.9 10.5 3.5 2 0 3 1 1
1699.3 -5091.5 0.6 91 0 11.0 60.5 17.5 3.5 4 1 5 4 4
1705.2 -5011.2 0.4 359 0 16.5 43.3 17.5 3.5 2 1 5 0 0
-540.6 -6658.8 0.5 180 0 34.7 8.0 10.5 3.5 2 0 3 3 3
-540.9 -6708.6 0.4 180 0 39.4 12.9 14.0 3.5 2 0 4 4 4
-495.0 -6706.3 0.4 180 0 18.5 6.7 10.5 3.5 2 0 3 4 4
-494.7 -6680.1 0.3 180 0 19.7 12.0 14.0 3.5 2 0 4 2 2
-495.0 -6653.0 0.3 180 0 31.1 13.8 14.0 3.5 2 0 4 3 3
-492.3 -6844.3 0.3 90 0 17.4 87.0 14.0 3.5 2 1 4 3 3
-446.6 -6677.7 0.2 0 0 95.6 15.9 14.0 3.5 2 0 4 3 3
-483.1 -6456.2 0.3 270 0 101.7 100.7 14.0 0.0 0 0 4 3 3
-431.5 -6584.6 0.2 0 0 44.3 101.9 14.0 0.0 0 1 4 3 3
-198.7 -5130.5 -0.6 90 0 20.9 28.0 14.0 0.0 0 1 4 2 2
-103.6 -5235.1 2.4 270 0 12.7 30.1 14.0 3.5 2 1 4 3 3
71.9 -5231.2 1.3 270 0 9.1 18.9 10.5 3.5 2 0 3 2 2
-8.5 -5233.1 1.7 270 0 11.2 33.7 17.5 3.5 2 0 5 2 2
32.1 -5249.8 1.1 270 0 137.1 10.8 17.5 3.5 2 0 5 3 3
134.3 -5221.5 1.1 180 0 57.8 15.7 17.5 3.5 2 0 5 0 0
138.4 -5135.0 1.5 180 0 60.7 12.6 17.5 3.5 2 0 5 1 1
87.0 -5112.1 1.9 270 0 15.2 60.0 17.5 3.5 2 1 5 3 3
36.8 -5112.1 2.5 270 0 13.6 34.1 17.5 3.5 2 1 5 1 1
-17.0 -5112.1 1.8 270 0 13.9 66.1 17.5 3.5 2 1 5 2 2
-69.7 -5111.9 1.2 270 0 13.4 68.9 17.5 3.5 4 1 5 5 5
-123.7 -5114.5 0.6 270 0 12.7 33.0 17.5 3.5 2 1 5 0 0
-209.0 -5155.7 0.2 270 0 8.9 40.9 10.5 0.0 0 1 3 2 2
-272.0 -5155.6 -0.5 270 0 8.9 40.9 10.5 0.0 0 1 3 0 0
699.5 -3401.9 6.4 356 0 8.6 31.1 10.5 3.5 2 0 3 2 2
677.3 -3427.8 6.6 86 0 14.1 19.9 17.5 3.5 2 0 5 4 4
622.6 -3483.8 7.0 177 0 21.4 15.4 17.5 3.5 2 0 5 4 4
647.1 -3446.9 7.2 357 0 43.7 14.1 17.5 3.5 2 0 5 4 4
92.0 -1722.9 -4.5 90 0 14.0 81.7 10.5 3.5 2 1 3 5 5
-103.9 -1583.6 -2.2 180 0 52.5 30.8 10.5 0.0 0 0 3 0 0
-19.5 -1607.9 -3.1 90 0 33.1 49.9 10.5 0.0 0 1 3 2 2
39.7 -1611.0 -3.8 90 0 32.2 55.5 10.5 0.0 0 1 3 1 1
113.9 -1845.3 -5.0 270 0 11.4 29.2 14.0 3.5 2 1 4 0 0
90.3 -1845.6 -4.8 270 0 17.0 28.6 14.0 3.5 2 1 4 0 0
65.5 -1845.3 -4.5 270 0 12.2 29.2 14.0 3.5 2 1 4 0 0
41.9 -1845.7 -4.2 270 0 13.2 27.9 14.0 3.5 2 1 4 2 2
114.1 -1963.2 -5.2 90 0 16.6 85.9 14.0 3.5 2 1 4 0 0
364.2 -1969.8 -4.6 360 0 24.5 12.0 5.0 2.5 2 0 2 4 4
372.2 -1988.9 -4.6 360 0 13.7 19.9 10.0 2.5 2 0 4 1 1
343.2 -1882.1 -4.9 360 0 40.2 14.8 7.5 2.5 2 0 3 2 2
282.3 -1880.9 -5.5 180 0 36.0 30.2 10.0 0.0 0 0 4 1 1
215.3 -1881.1 -6.2 180 0 39.5 13.5 12.5 2.5 2 0 5 5 5
211.8 -2005.4 -6.4 180 0 16.5 74.0 7.5 2.5 2 1 3 2 2
359.8 -2021.7 -4.9 90 0 62.2 12.2 10.0 2.5 2 0 4 2 2
304.6 -2022.9 -5.5 90 0 35.6 12.9 5.0 0.0 0 0 2 2 2
392.0 -1765.7 -4.4 360 0 36.9 26.0 7.5 0.0 0 0 3 5 5
309.6 -1748.7 -5.7 270 0 85.0 24.1 12.5 0.0 0 0 5 5 5
390.9 -1801.3 -5.7 360 0 25.4 125.4 12.5 0.0 0 1 5 2 2
257.6 -1761.9 -5.9 270 0 13.1 55.2 10.0 2.5 2 0 4 1 1
253.5 -1748.0 -6.0 270 0 21.2 14.0 7.5 2.5 2 0 3 5 5
223.4 -1748.2 -6.0 270 0 39.0 15.5 10.0 2.5 2 0 4 4 4
215.5 -1837.1 -6.2 180 0 39.5 62.7 10.0 0.0 0 0 4 1 1
317.6 -1732.3 -5.1 90 0 16.1 20.8 17.5 3.5 2 1 5 5 5
283.7 -1733.3 -5.6 90 0 26.0 18.1 17.5 3.5 2 0 5 5 5
203.8 -1727.7 -5.8 180 0 12.1 66.8 17.5 3.5 2 0 5 4 4
278.0 -1446.3 -5.8 270 0 64.7 21.4 17.5 0.0 0 0 5 2 2
264.9 -1469.6 -5.7 270 0 70.9 43.4 17.5 0.0 0 0 5 0 0
265.5 -1574.1 -5.8 90 0 71.7 55.5 17.5 0.0 0 0 5 2 2
265.1 -1584.2 -5.9 270 0 71.9 42.6 17.5 0.0 0 0 5 2 2
328.8 -1623.3 -5.0 360 0 59.4 12.3 17.5 3.5 2 0 5 2 2
322.5 -1682.2 -5.1 360 0 56.7 10.6 17.5 0.0 0 0 5 3 3
276.6 -1652.1 -5.6 270 0 14.1 60.5 17.5 3.5 2 1 5 3 3
209.7 -1681.2 -6.1 180 0 68.1 25.1 17.5 0.0 0 0 5 4 4
-177.4 -4647.4 0.6 180 0 59.5 13.4 17.5 3.5 2 0 5 5 5
147.3 -4612.2 1.0 90 0 12.6 45.9 17.5 3.5 2 1 5 0 0
131.8 -4534.0 1.0 0 0 42.7 14.2 17.5 3.5 2 0 5 3 3
114.7 -4601.7 0.9 91 0 13.0 33.6 17.5 3.5 4 1 5 5 5
80.2 -4560.6 0.9 181 0 80.9 13.1 17.5 3.5 2 0 5 4 4
42.3 -4503.5 0.8 177 0 14.3 56.5 17.5 3.5 2 0 5 1 1
-132.4 -4518.9 0.1 87 0 107.1 15.5 17.5 0.0 0 0 5 3 3
-197.1 -4517.2 0.0 87 0 21.9 10.4 17.5 3.5 2 0 5 1 1
-228.4 -4518.8 -0.1 87 0 40.7 10.4 17.5 3.5 2 0 5 1 1
36.9 -4559.4 0.8 182 0 66.4 14.5 14.0 3.5 2 0 4 5 5
-35.3 -4695.7 1.8 271 0 12.1 82.0 14.0 3.5 2 1 4 5 5
5.6 -4695.0 1.8 271 0 12.1 82.0 14.0 3.5 2 1 4 1 1
48.1 -4603.9 0.9 271 0 12.1 75.0 14.0 3.5 2 1 4 3 3
46.6 -4696.1 1.9 271 0 12.1 82.0 14.0 3.5 2 1 4 1 1
-89.8 -4615.2 0.8 270 0 12.0 72.4 17.5 0.0 0 1 5 4 4
-131.7 -4615.1 0.7 270 0 13.4 72.4 17.5 3.5 2 1 5 4 4
-170.6 -4604.5 0.0 90 0 13.4 59.8 17.5 3.5 2 1 5 4 4
-268.6 -4573.0 -0.3 0 0 59.8 13.4 17.5 3.5 2 0 5 3 3
-268.6 -4645.8 0.4 0 0 59.5 13.4 17.5 3.5 2 0 5 5 5
-522.9 -3718.4 1.2 272 0 13.0 33.3 10.0 2.5 2 1 4 3 3
-518.5 -3796.5 0.9 4 0 63.5 15.5 10.0 2.5 2 0 4 2 2
-546.5 -4450.5 -1.0 180 0 29.6 13.6 10.5 0.0 0 0 3 0 0
-499.7 -4744.5 1.2 90 0 34.4 17.4 14.0 3.5 2 0 4 2 2
-504.6 -4671.2 0.6 270 0 5.5 46.2 10.5 3.5 2 1 3 1 1
2172.4 -2952.5 -3.4 270 0 168.4 12.7 17.5 0.0 0 0 5 3 3
2087.6 -2986.9 -0.4 181 0 40.7 8.0 10.5 3.5 2 0 3 5 5
2092.9 -3048.9 -1.1 91 0 11.7 41.6 17.5 3.5 2 0 5 3 3
1056.0 -2590.3 -0.1 100 0 7.4 31.8 10.5 3.5 4 1 3 1 1
1062.6 -2641.0 0.1 100 0 3.9 10.0 10.5 3.5 2 1 3 3 3
1077.7 -2646.1 0.0 10 0 4.5 24.8 10.5 3.5 2 0 3 3 3
1029.2 -2638.2 -0.1 190 0 14.5 7.8 10.5 3.5 2 0 3 4 4
1016.4 -2637.6 -0.3 100 0 7.9 15.2 10.5 0.0 0 1 3 0 0
1001.4 -2635.2 -0.4 100 0 7.0 15.5 10.5 3.5 2 1 3 2 2
1050.4 -2626.2 -0.1 100 0 6.2 13.8 10.5 3.5 2 0 3 1 1
1021.8 -2621.8 -0.3 100 0 6.7 14.5 10.5 3.5 2 1 3 4 4
1094.0 -2458.6 -0.3 5 0 112.5 7.3 10.5 3.5 2 0 3 1 1
1083.7 -2541.5 -0.0 10 0 17.7 6.1 10.5 3.5 2 0 3 2 2
1068.6 -2543.8 -0.2 10 0 27.9 7.0 10.5 3.5 2 0 3 5 5
1047.0 -2547.7 -0.3 101 0 7.0 26.6 10.5 3.5 2 1 3 0 0
1038.8 -2587.7 -0.3 100 0 6.9 39.6 10.5 3.5 2 1 3 3 3
1042.1 -2591.1 -0.2 280 0 8.9 15.4 10.5 3.5 2 1 3 5 5
1026.7 -2589.0 -0.3 280 0 7.9 14.6 10.5 3.5 2 1 3 2 2
1011.8 -2586.6 -0.4 280 0 7.2 14.5 10.5 3.5 2 1 3 2 2
996.9 -2584.1 -0.5 280 0 6.6 14.1 10.5 3.5 2 1 3 1 1
954.8 -2575.6 -0.8 280 0 6.3 16.4 10.5 3.5 2 1 3 3 3
-499.4 -5041.6 -1.2 270 0 28.4 11.0 10.5 0.0 0 0 3 3 3
-406.3 -4532.8 -0.6 180 0 58.2 17.9 14.0 3.5 2 0 4 5 5
-444.2 -4487.9 -0.8 0 0 49.3 7.1 10.5 3.5 2 0 3 3 3
-443.9 -4540.2 -0.8 0 0 48.9 13.7 14.0 3.5 2 0 4 5 5
-496.7 -4522.6 -1.0 270 0 12.9 44.0 14.0 0.0 0 1 4 4 4
-473.2 -4639.0 -0.1 90 0 12.0 36.8 14.0 3.5 2 1 4 2 2
-473.8 -4675.8 0.7 270 0 14.0 60.8 14.0 3.5 4 1 4 2 2
578.6 -5018.6 0.5 96 0 7.5 37.8 10.5 3.5 2 1 3 4 4
484.1 -4968.9 0.7 276 0 13.4 39.0 17.5 3.5 4 1 5 0 0
569.7 -5055.2 0.4 186 0 31.1 16.7 17.5 3.5 2 0 5 4 4
527.3 -5066.4 0.5 96 0 14.5 34.6 17.5 0.0 0 1 5 0 0
470.6 -5061.0 0.7 96 0 12.2 40.1 17.5 3.5 2 1 5 1 1
1744.8 -4711.5 -2.2 91 0 10.8 20.7 17.5 3.5 2 1 5 1 1
1726.5 -4711.7 -2.1 91 0 10.8 19.5 17.5 3.5 2 1 5 2 2
1707.4 -4711.7 -2.0 91 0 11.1 20.0 17.5 0.0 0 1 5 4 4
1689.1 -4711.1 -2.0 91 0 9.9 19.2 10.5 3.5 2 1 3 5 5
1670.2 -4711.5 -1.9 91 0 10.3 20.1 17.5 3.5 2 1 5 4 4
1651.1 -4711.3 -1.8 91 0 10.3 20.0 17.5 3.5 2 1 5 4 4
1632.3 -4711.4 -1.8 91 0 11.7 20.4 17.5 3.5 2 1 5 4 4
1744.1 -4720.3 -2.3 271 0 11.2 19.4 17.5 3.5 2 1 5 3 3
1725.5 -4718.9 -2.2 271 0 12.0 20.7 17.5 3.5 2 1 5 3 3
1706.2 -4717.6 -2.2 271 0 11.9 23.1 17.5 0.0 0 1 5 1 1
1687.3 -4718.8 -2.1 271 0 11.6 21.0 17.5 3.5 2 1 5 3 3
1670.6 -4719.7 -2.1 271 0 11.6 20.5 17.5 3.5 2 1 5 0 0
1650.7 -4719.5 -2.0 271 0 11.8 20.7 17.5 3.5 2 1 5 4 4
1632.1 -4718.7 -1.9 271 0 11.5 20.5 17.5 3.5 2 1 5 3 3
1612.2 -4711.1 -1.7 91 0 14.8 20.3 17.5 3.5 2 1 5 1 1
1612.4 -4718.3 -1.8 271 0 13.8 21.1 17.5 3.5 2 1 5 3 3
-400.0 -4903.7 -0.5 270 0 20.3 98.1 14.0 0.0 0 1 4 0 0
23.2 -4354.2 1.0 91 0 11.9 75.9 17.5 3.5 2 1 5 2 2
-53.8 -4353.4 0.8 91 0 12.3 70.1 17.5 3.5 2 1 5 4 4
134.8 -4364.9 1.3 271 0 9.8 45.4 10.5 3.5 2 1 3 3 3
96.2 -4366.8 1.2 271 0 12.8 45.7 17.5 3.5 2 1 5 5 5
-52.9 -4365.4 0.7 271 0 10.8 55.0 17.5 3.5 2 1 5 2 2
-82.9 -4437.2 0.2 356 0 18.4 96.5 17.5 0.0 0 1 5 0 0
-225.8 -4431.8 0.1 88 0 13.5 7.6 10.5 3.5 2 0 3 1 1
-272.2 -4448.7 -0.1 176 0 13.2 52.7 17.5 3.5 2 0 5 0 0
-208.6 -4451.5 0.1 89 0 13.7 31.2 17.5 3.5 2 1 5 5 5
-205.7 -4365.2 0.2 271 0 13.1 52.1 17.5 3.5 4 1 5 4 4
-177.5 -4351.7 0.4 91 0 12.1 60.2 14.0 3.5 4 1 4 1 1
-144.0 -4351.3 0.5 91 0 12.5 41.2 14.0 3.5 4 1 4 0 0
-108.0 -4288.2 0.6 271 0 13.0 62.6 14.0 3.5 2 1 4 5 5
-88.1 -4285.6 0.7 271 0 10.7 66.5 14.0 3.5 4 1 4 4 4
-88.5 -4365.9 0.6 271 0 11.8 58.5 17.5 3.5 2 1 5 3 3
-111.7 -4365.3 0.5 271 0 12.3 57.6 17.5 3.5 2 1 5 0 0
-134.9 -4365.5 0.4 271 0 12.5 57.7 17.5 3.5 2 1 5 1 1
-160.1 -4364.5 0.3 271 0 12.5 63.2 17.5 0.0 0 1 5 1 1
-182.7 -4363.7 0.3 271 0 10.3 53.6 17.5 3.5 4 1 5 0 0
-201.7 -4347.7 0.3 90 0 10.0 49.2 10.5 3.5 2 1 3 3 3
-229.9 -4257.8 0.4 270 0 26.3 21.5 14.0 3.5 2 0 4 2 2
-251.7 -4349.9 0.1 90 0 17.1 92.1 14.0 3.5 2 0 4 1 1
801.4 -4280.7 2.9 176 0 31.3 19.3 17.5 0.0 0 0 5 1 1
805.2 -4318.1 2.9 176 0 43.8 19.7 17.5 3.5 2 0 5 2 2
810.0 -4366.5 2.8 176 0 53.5 19.8 17.5 3.5 2 0 5 5 5
1739.3 -4131.1 1.2 92 0 11.2 68.8 14.0 3.5 2 1 4 4 4
1700.0 -4131.3 1.3 92 0 13.3 69.0 14.0 3.5 2 1 4 0 0
1623.6 -4147.3 2.0 270 0 15.0 22.1 17.5 3.5 2 1 5 3 3
1631.2 -4184.5 2.1 0 0 22.1 15.1 17.5 3.5 2 0 5 0 0
1630.7 -4211.3 1.8 0 0 22.1 15.0 17.5 3.5 4 0 5 2 2
1679.9 -4181.2 1.8 1 0 70.3 13.3 17.5 3.5 2 0 5 4 4
458.2 -4786.2 1.8 90 0 11.7 40.3 14.0 3.5 2 0 4 0 0
464.6 -4706.2 1.9 181 0 60.2 12.5 14.0 3.5 2 0 4 1 1
629.4 -4747.0 1.3 270 0 9.4 39.9 10.5 3.5 2 0 3 2 2
747.0 -4625.4 1.5 9 0 84.5 8.6 10.5 3.5 2 0 3 3 3
729.3 -4734.9 0.7 9 0 101.5 8.6 10.5 3.5 2 0 3 3 3
535.0 -3636.4 5.4 276 0 55.4 21.7 17.5 0.0 0 0 5 1 1
589.4 -3564.3 6.2 360 0 48.6 12.4 14.0 3.5 4 0 4 0 0
583.7 -3642.9 6.0 90 0 12.4 48.6 14.0 3.5 2 1 4 1 1
550.8 -3497.1 6.3 270 0 14.2 55.3 14.0 3.5 2 1 4 4 4
544.8 -3617.5 5.9 90 0 13.2 59.1 14.0 3.5 2 1 4 3 3
511.2 -3494.6 6.1 270 0 11.4 57.2 14.0 3.5 2 1 4 3 3
506.8 -3618.5 5.7 90 0 12.2 58.9 14.0 3.5 4 1 4 5 5
478.0 -3524.0 5.8 360 0 61.5 12.1 14.0 3.5 4 0 4 0 0
549.8 -2346.2 -4.4 97 0 7.0 43.3 10.5 3.5 4 1 3 3 3
560.8 -2114.6 -4.0 5 0 8.3 18.0 10.5 3.5 2 0 3 1 1
530.2 -2145.3 -4.2 96 0 19.0 37.6 17.5 0.0 0 0 5 1 1
579.7 -2095.4 -3.8 351 0 17.0 29.5 17.5 0.0 0 0 5 1 1
537.4 -2181.3 -4.1 94 0 11.1 29.4 17.5 0.0 0 1 5 2 2
512.1 -2179.2 -4.3 94 0 13.3 29.9 17.5 3.5 2 1 5 3 3
486.3 -2176.3 -4.5 94 0 10.6 29.8 17.5 3.5 2 1 5 5 5
458.2 -2138.7 -4.6 185 0 70.6 9.2 10.5 3.5 2 0 3 5 5
583.0 -2128.6 -3.8 355 0 47.6 19.1 17.5 3.5 2 0 5 3 3
584.6 -2179.4 -3.8 84 0 13.0 26.3 17.5 3.5 2 1 5 1 1
585.3 -2185.6 -4.1 266 0 12.6 28.1 17.5 3.5 4 1 5 4 4
543.5 -2186.2 -4.2 275 0 11.5 22.7 17.5 3.5 2 1 5 4 4
525.2 -2185.9 -4.3 274 0 11.4 22.7 17.5 0.0 0 1 5 2 2
506.2 -2184.4 -4.3 274 0 11.5 22.7 17.5 3.5 2 1 5 4 4
459.6 -2202.9 -4.7 95 0 11.1 22.4 17.5 3.5 2 1 5 1 1
555.7 -2218.4 -4.5 275 0 12.9 80.8 17.5 3.5 4 1 5 4 4
532.9 -2217.4 -4.6 274 0 12.9 78.9 17.5 3.5 2 1 5 5 5
509.3 -2216.0 -4.7 274 0 12.7 78.5 17.5 3.5 2 1 5 5 5
485.6 -2215.6 -4.8 274 0 13.3 38.7 17.5 3.5 2 1 5 3 3
462.3 -2211.1 -5.0 274 0 11.3 80.0 17.5 3.5 2 1 5 2 2
580.0 -2414.7 -4.3 7 0 28.6 42.7 17.5 0.0 0 1 5 1 1
578.2 -2348.4 -4.2 97 0 7.0 42.9 10.5 3.5 2 1 3 0 0
543.9 -2306.0 -4.9 6 0 9.4 55.1 10.5 3.5 2 1 3 1 1
477.9 -2391.3 -4.7 186 0 8.0 56.7 10.5 3.5 2 1 3 3 3
530.7 -2381.5 -4.8 6 0 14.9 49.4 17.5 3.5 2 1 5 0 0
538.8 -2323.9 -4.9 6 0 16.3 53.3 17.5 3.5 2 1 5 3 3
534.6 -2352.2 -4.8 6 0 24.4 51.8 17.5 0.0 0 1 5 4 4
460.0 -2392.2 -4.9 96 0 9.3 95.3 10.5 0.0 0 1 3 1 1
601.0 -2352.1 -4.2 85 0 12.6 50.2 17.5 3.5 2 1 5 4 4
971.1 -1696.5 0.3 90 0 220.4 80.6 14.0 0.0 0 0 4 2 2
1105.5 -1717.1 -0.3 270 0 202.6 81.2 14.0 0.0 0 0 4 4 4
886.3 -1715.9 -0.4 270 0 212.5 80.3 14.0 0.0 0 0 4 3 3
1011.2 -1830.4 -0.2 271 0 13.3 28.0 17.5 3.5 2 1 5 3 3
939.3 -1828.5 -0.9 271 0 13.3 28.0 17.5 3.5 2 1 5 3 3
875.6 -1829.9 -1.5 271 0 13.3 28.0 17.5 3.5 2 1 5 4 4
1245.0 -1826.2 0.5 270 0 12.8 73.6 17.5 3.5 2 1 5 0 0
1274.4 -2012.1 0.5 90 0 12.6 100.2 17.5 3.5 2 1 5 5 5
854.1 -2014.5 -1.9 270 0 82.0 11.7 14.0 3.5 2 0 4 0 0
805.4 -2014.1 -1.9 270 0 15.3 13.1 14.0 3.5 2 0 4 2 2
1098.3 -2016.5 -0.8 270 0 36.2 11.1 14.0 3.5 2 0 4 5 5
1063.7 -2016.2 -1.0 270 0 33.0 10.3 14.0 3.5 2 0 4 3 3
1132.5 -2016.8 -0.5 270 0 32.3 10.3 14.0 3.5 2 0 4 2 2
1221.8 -2018.6 -0.1 271 0 116.0 10.0 14.0 3.5 2 0 4 5 5
412.1 -1731.6 -4.0 89 0 19.9 50.6 17.5 3.5 2 1 5 5 5
518.0 -1730.4 -2.7 89 0 30.1 28.9 17.5 0.0 0 0 5 2 2
459.2 -1731.4 -3.5 89 0 38.5 29.9 17.5 0.0 0 0 5 3 3
439.9 -1674.6 -3.5 180 0 37.3 89.0 17.5 0.0 0 1 5 4 4
1240.7 -3301.2 1.0 271 0 14.2 35.0 17.5 3.5 4 1 5 1 1
1291.6 -3315.7 1.0 2 0 30.1 15.3 17.5 3.5 2 0 5 3 3
1302.1 -3353.8 1.1 1 0 30.3 15.3 17.5 0.0 0 0 5 1 1
1333.4 -3378.6 1.1 92 0 12.9 41.6 17.5 3.5 2 1 5 1 1
1316.8 -3483.6 0.8 72 0 14.2 33.9 17.5 3.5 2 1 5 4 4
1315.7 -3385.1 1.3 269 0 37.8 6.8 10.5 3.5 4 0 3 5 5
1318.0 -3411.1 1.4 271 0 14.6 30.5 17.5 3.5 2 1 5 3 3
1341.4 -3432.5 1.4 0 0 20.5 14.7 17.5 0.0 0 0 5 3 3
1341.0 -3384.2 1.3 272 0 8.6 35.3 10.5 3.5 2 1 3 3 3
1055.2 -3414.8 1.2 352 0 13.7 35.4 14.0 3.5 2 0 4 5 5
1498.2 -4434.6 -0.5 270 0 7.8 39.2 10.5 0.0 0 1 3 1 1
1514.9 -4434.2 -0.4 270 0 7.5 39.4 10.5 0.0 0 1 3 5 5
1535.1 -4453.8 -0.4 0 0 39.0 7.3 10.5 0.0 0 0 3 4 4
1551.0 -4454.4 -0.4 0 0 38.3 7.8 10.5 0.0 0 0 3 0 0
1546.6 -4515.7 -0.8 90 0 7.4 39.8 10.5 0.0 0 1 3 3 3
1530.5 -4516.2 -0.8 90 0 7.4 39.8 10.5 0.0 0 1 3 5 5
1514.5 -4516.3 -0.8 90 0 7.4 39.8 10.5 0.0 0 1 3 0 0
1497.2 -4516.7 -0.8 90 0 7.4 39.8 10.5 0.0 0 1 3 1 1
1479.8 -4480.5 -0.6 90 0 6.5 21.4 10.5 0.0 0 1 3 1 1
1476.8 -4450.3 -0.3 180 0 13.0 6.5 10.5 0.0 0 0 3 2 2
1479.6 -4518.6 -0.7 90 0 6.5 10.6 10.5 0.0 0 1 3 5 5
1479.7 -4504.7 -0.7 90 0 6.6 20.5 10.5 0.0 0 1 3 4 4
1461.8 -4469.6 -0.6 180 0 22.7 6.5 10.5 0.0 0 0 3 2 2
1462.0 -4449.5 -0.3 180 0 13.0 6.5 10.5 0.0 0 0 3 5 5
1464.7 -4518.9 -0.6 90 0 6.5 11.7 10.5 0.0 0 1 3 0 0
1464.8 -4503.9 -0.6 90 0 6.5 20.5 10.5 0.0 0 1 3 5 5
1446.4 -4468.5 -0.5 180 0 21.4 6.5 10.5 0.0 0 0 3 5 5
1446.6 -4449.1 -0.4 180 0 13.0 6.5 10.5 0.0 0 0 3 5 5
1449.3 -4519.5 -0.5 90 0 6.5 12.8 10.5 0.0 0 1 3 1 1
1446.3 -4493.2 -0.5 180 0 20.5 6.5 10.5 0.0 0 0 3 3 3
1432.2 -4449.0 -0.4 180 0 13.0 6.5 10.5 0.0 0 0 3 3 3
1432.1 -4468.4 -0.4 180 0 21.4 6.5 10.5 0.0 0 0 3 4 4
1431.9 -4493.1 -0.5 180 0 20.5 6.5 10.5 0.0 0 0 3 0 0
1431.7 -4513.1 -0.5 180 0 12.8 6.5 10.5 0.0 0 0 3 2 2
1431.7 -4425.8 -0.2 177 0 13.2 62.7 21.0 3.5 2 1 6 0 0
1427.0 -4426.1 -0.2 360 0 10.5 36.7 17.5 3.5 2 1 5 0 0
1417.9 -4463.2 -0.3 1 0 59.7 8.4 10.5 3.5 2 0 3 4 4
1397.6 -4462.2 -0.2 1 0 59.0 7.6 10.5 3.5 2 0 3 2 2
1370.8 -4421.9 -0.2 266 0 20.4 16.1 17.5 3.5 2 0 5 3 3
1365.5 -4460.9 -0.1 179 0 45.0 11.7 17.5 3.5 2 0 5 3 3
429.7 -2867.9 -0.8 356 0 23.9 5.1 10.5 3.5 2 0 3 1 1
371.8 -2883.5 -0.3 86 0 5.4 23.7 10.5 3.5 2 1 3 2 2
418.4 -2906.8 -0.3 86 0 5.2 22.8 10.5 3.5 2 1 3 1 1
407.6 -2906.4 -0.2 86 0 5.1 22.2 10.5 3.5 2 1 3 4 4
373.6 -2910.8 0.1 86 0 5.2 24.9 10.5 3.5 2 1 3 0 0
359.9 -2911.8 -0.8 86 0 5.2 87.4 10.5 3.5 2 1 3 3 3
1253.7 -2229.7 0.4 359 0 19.3 6.4 10.5 3.5 2 0 3 0 0
1233.1 -2238.8 0.3 89 0 5.6 17.8 10.5 3.5 2 1 3 0 0
1217.4 -2239.4 0.1 89 0 6.5 18.3 10.5 3.5 2 1 3 5 5
1201.4 -2258.1 0.1 89 0 6.4 17.6 10.5 3.5 2 0 3 5 5
1181.3 -2232.3 -0.1 179 0 16.6 6.7 10.5 3.5 2 0 3 5 5
1181.6 -2249.4 -0.0 179 0 17.7 6.3 10.5 3.5 2 0 3 5 5
1163.4 -2233.3 -0.2 179 0 18.3 7.5 10.5 3.5 2 0 3 3 3
1166.1 -2250.5 -0.2 179 0 16.3 6.6 10.5 3.5 2 0 3 3 3
1260.2 -2153.0 0.2 359 0 27.4 12.2 14.0 3.5 2 0 4 2 2
1226.9 -2217.1 0.0 89 0 6.5 59.4 10.5 3.5 2 1 3 5 5
1210.7 -2217.5 -0.1 89 0 7.6 58.9 10.5 3.5 2 1 3 3 3
1189.8 -2180.5 -0.2 179 0 43.9 7.2 10.5 3.5 2 0 3 1 1
1191.4 -2210.2 -0.1 179 0 14.8 7.4 10.5 3.5 4 0 3 3 3
1227.0 -2114.8 -0.1 359 0 9.2 5.2 10.5 3.5 2 0 3 0 0
1228.1 -2119.4 -0.1 269 0 5.2 34.6 10.5 3.5 2 0 3 0 0
1189.6 -2133.2 -0.3 179 0 43.1 6.7 10.5 3.5 2 0 3 2 2
1173.5 -2133.6 -0.4 179 0 44.3 6.6 10.5 3.5 2 0 3 0 0
1150.3 -2133.6 -0.6 179 0 44.6 7.9 10.5 3.5 2 0 3 5 5
1162.1 -2218.5 -0.4 89 0 4.8 45.6 10.5 3.5 2 1 3 1 1
1173.5 -2180.2 -0.3 179 0 43.0 7.1 10.5 3.5 4 0 3 2 2
1597.9 -3392.2 1.4 91 0 10.5 29.3 7.5 2.5 4 1 3 5 5
1622.0 -3332.6 1.1 175 0 103.7 13.0 14.0 3.5 2 0 4 5 5
1575.8 -3341.3 1.3 269 0 14.0 49.5 10.0 2.5 4 1 4 3 3
1540.2 -3342.8 1.3 269 0 11.8 51.6 10.0 2.5 2 1 4 3 3
1504.7 -3340.8 1.3 269 0 11.9 58.8 10.0 2.5 4 1 4 3 3
1534.9 -3443.5 1.5 89 0 11.3 34.4 7.5 2.5 2 1 3 0 0
1501.2 -3446.3 1.5 89 0 12.8 40.6 10.0 2.5 2 1 4 0 0
1384.3 -3407.4 1.3 183 0 41.4 7.6 10.5 0.0 0 0 3 4 4
1394.5 -3333.5 1.2 271 0 12.6 51.7 17.5 3.5 2 1 5 5 5
1600.5 -3302.1 1.2 91 0 7.7 11.8 10.5 3.5 2 1 3 1 1
1598.8 -3332.0 1.2 91 0 6.9 28.0 10.5 3.5 4 1 3 5 5
1579.3 -3331.0 1.1 91 0 10.1 53.6 14.0 3.5 2 1 4 3 3
1558.1 -3331.3 1.1 91 0 9.6 55.6 10.5 3.5 2 1 3 1 1
1538.4 -3330.2 1.0 91 0 11.3 54.8 14.0 3.5 2 1 4 3 3
1516.8 -3330.2 1.0 91 0 11.9 54.4 14.0 3.5 2 1 4 2 2
1495.0 -3329.4 1.0 91 0 10.7 55.8 14.0 3.5 2 1 4 1 1
1446.4 -3312.8 1.0 91 0 26.9 42.2 14.0 0.0 0 1 4 1 1
1448.0 -3327.1 1.1 91 0 28.1 13.1 14.0 3.5 2 0 4 0 0
629.2 -2683.6 -3.2 356 0 6.6 34.2 10.5 3.5 2 0 3 4 4
635.1 -2667.9 -3.0 355 0 37.0 7.1 10.5 3.5 2 0 3 0 0
582.0 -2642.8 -3.4 266 0 14.9 41.9 17.5 3.5 2 1 5 1 1
751.4 -2556.7 -2.5 91 0 5.6 64.5 10.5 0.0 0 1 3 2 2
741.2 -2629.2 -2.4 92 0 7.7 33.7 10.5 3.5 2 1 3 0 0
759.2 -2632.7 -2.2 92 0 7.9 32.4 10.5 3.5 2 1 3 4 4
742.2 -2562.7 -2.4 272 0 7.1 29.6 10.5 3.5 2 1 3 5 5
776.4 -2564.4 -2.2 270 0 7.7 30.4 10.5 3.5 2 1 3 3 3
807.5 -2565.6 -1.9 273 0 7.5 29.9 10.5 3.5 2 1 3 1 1
802.5 -2510.9 -2.2 90 0 5.6 36.7 10.5 3.5 2 1 3 0 0
787.0 -2510.5 -2.3 90 0 5.6 39.8 10.5 3.5 2 1 3 5 5
768.9 -2509.9 -2.5 90 0 5.8 40.3 10.5 3.5 2 1 3 0 0
769.5 -2559.3 -2.4 91 0 7.4 42.7 10.5 3.5 4 1 3 5 5
785.2 -2559.1 -2.2 91 0 6.4 44.5 10.5 3.5 2 1 3 2 2
802.2 -2560.4 -2.1 91 0 7.0 44.8 10.5 0.0 0 1 3 1 1
1210.4 -4587.9 0.4 95 0 8.4 50.6 10.5 3.5 2 0 3 3 3
2054.7 -5527.7 1.1 90 0 18.6 68.1 14.0 3.5 2 1 4 2 2
2032.0 -5475.4 1.4 90 0 16.2 17.5 14.0 3.5 2 1 4 1 1
2012.3 -5525.8 0.6 90 0 17.0 67.5 14.0 3.5 2 1 4 1 1
1986.8 -5454.9 0.8 270 0 15.1 24.3 14.0 0.0 0 1 4 5 5
1967.6 -5525.5 0.1 90 0 17.6 72.5 14.0 3.5 2 1 4 0 0
1548.9 -5508.8 -2.5 270 0 11.5 29.6 17.5 3.5 2 1 5 5 5
1607.4 -5516.6 -2.7 270 0 11.5 29.6 17.5 3.5 2 1 5 4 4
1658.8 -5521.7 -2.8 270 0 11.5 46.8 17.5 3.5 4 1 5 1 1
1706.8 -5528.7 -3.0 270 0 11.5 46.8 17.5 3.5 2 1 5 3 3
1752.7 -5569.3 -3.1 180 0 75.8 18.3 17.5 3.5 2 0 5 5 5
1520.2 -5535.6 -2.5 270 0 10.8 31.7 17.5 3.5 2 1 5 0 0
1504.2 -5577.7 -2.6 180 0 9.6 13.5 10.5 3.5 2 1 3 5 5
1552.1 -5613.4 -2.7 0 0 16.5 16.6 17.5 3.5 2 1 5 4 4
1552.3 -5591.2 -2.7 0 0 17.4 16.3 17.5 3.5 2 0 5 5 5
1559.4 -5562.1 -2.6 0 0 28.8 17.7 17.5 3.5 2 0 5 5 5
1587.3 -5587.4 -2.8 180 0 25.6 14.3 17.5 3.5 2 0 5 5 5
1570.0 -5637.3 -2.8 360 0 13.5 16.2 17.5 3.5 2 0 5 5 5
1917.2 -5527.5 -0.5 90 0 18.2 71.1 14.0 3.5 2 1 4 0 0
1847.0 -5530.0 -1.4 90 0 18.0 83.3 14.0 3.5 2 1 4 3 3
1369.5 -4199.6 1.8 90 0 10.3 17.8 14.0 3.5 2 1 4 5 5
1369.8 -4235.9 1.5 90 0 13.1 31.3 17.5 0.0 0 1 5 2 2
249.6 -4510.1 1.4 270 0 12.4 37.1 14.0 3.5 2 1 4 3 3
223.4 -4496.3 1.4 88 0 35.2 15.9 17.5 3.5 2 0 5 0 0
217.9 -4505.2 1.3 270 0 15.9 41.8 14.0 3.5 2 1 4 4 4
218.0 -4584.8 1.3 90 0 15.9 32.5 14.0 3.5 2 1 4 0 0
218.2 -4590.3 1.2 270 0 12.5 30.7 17.5 0.0 0 1 5 0 0
217.9 -4627.1 1.5 270 0 11.4 36.4 17.5 3.5 2 1 5 3 3
217.4 -4705.4 1.9 90 0 11.3 35.6 14.0 3.5 2 1 4 1 1
1196.1 -5574.0 -1.8 269 0 8.2 26.0 10.5 3.5 2 1 3 1 1
1177.2 -5623.3 -1.9 179 0 74.4 12.3 17.5 3.5 2 0 5 2 2
1281.4 -5357.1 -1.7 272 0 10.8 86.2 17.5 3.5 2 0 5 1 1
1282.9 -5494.8 -1.9 2 0 102.8 14.0 17.5 3.5 2 0 5 1 1
1248.8 -5459.9 -1.8 271 0 12.2 80.3 17.5 3.5 2 1 5 0 0
1210.2 -5526.4 -1.8 181 0 81.3 11.3 17.5 3.5 2 0 5 0 0
1135.1 -5511.0 -1.6 270 0 10.4 22.1 14.0 3.5 2 1 4 3 3
1135.3 -5537.2 -1.6 270 0 10.4 22.1 14.0 3.5 2 1 4 0 0
1111.2 -5537.2 -1.6 270 0 11.2 22.0 14.0 3.5 4 1 4 0 0
1135.3 -5585.7 -1.7 90 0 10.4 22.1 14.0 3.5 2 1 4 2 2
1111.9 -5585.9 -1.6 90 0 11.2 22.0 14.0 0.0 0 1 4 1 1
1089.3 -5586.0 -1.6 90 0 11.1 22.0 14.0 3.5 2 1 4 5 5
1213.5 -5666.1 -2.0 91 0 14.1 54.9 17.5 3.5 2 1 5 5 5
1171.1 -5670.0 -2.0 180 0 15.1 31.0 17.5 3.5 2 1 5 0 0
1164.4 -5629.6 -1.8 359 0 61.8 11.1 14.0 3.5 2 0 4 1 1
1046.6 -5640.2 -1.6 359 0 41.4 11.8 14.0 3.5 4 0 4 0 0
1155.6 -5677.3 -1.9 89 0 12.1 15.9 14.0 3.5 2 1 4 5 5
1138.1 -5677.5 -1.9 89 0 9.6 15.9 10.5 0.0 0 1 3 1 1
1121.7 -5677.7 -1.8 89 0 10.7 15.9 14.0 3.5 2 1 4 5 5
1104.6 -5677.9 -1.8 89 0 11.8 15.9 14.0 3.5 4 1 4 1 1
1072.8 -5678.3 -1.7 89 0 8.9 15.9 10.5 3.5 2 1 3 0 0
1039.4 -5678.6 -1.6 89 0 9.6 15.9 10.5 3.5 2 1 3 3 3
1498.5 -5663.8 -2.7 90 0 15.5 65.6 17.5 3.5 2 1 5 4 4
1371.7 -5461.6 -2.0 271 0 14.5 21.3 17.5 3.5 2 1 5 0 0
1405.5 -5468.3 -2.1 270 0 14.5 33.9 17.5 3.5 2 1 5 2 2
1456.4 -5553.5 -2.4 90 0 8.5 19.3 10.5 3.5 2 1 3 2 2
1456.3 -5577.1 -2.4 90 0 8.5 19.8 10.5 3.5 2 1 3 4 4
1429.8 -5505.1 -2.2 270 0 10.0 20.7 17.5 3.5 2 1 5 5 5
1430.0 -5551.3 -2.3 90 0 10.0 19.3 17.5 3.5 2 1 5 1 1
1403.5 -5525.9 -2.2 90 0 9.6 20.7 10.5 3.5 2 1 3 4 4
1376.9 -5559.8 -2.2 90 0 12.7 66.3 17.5 3.5 4 1 5 1 1
1449.7 -5593.6 -2.5 270 0 11.5 64.1 17.5 3.5 2 0 5 4 4
1413.1 -5593.1 -2.4 270 0 12.3 64.6 17.5 3.5 2 0 5 3 3
1378.3 -5608.2 -2.3 270 0 11.8 49.4 17.5 3.5 2 0 5 3 3
1340.5 -5576.6 -2.1 92 0 12.0 98.5 17.5 0.0 0 1 5 0 0
829.1 -2552.5 -1.9 88 0 7.7 31.5 10.5 3.5 2 1 3 1 1
907.2 -2593.1 -1.2 358 0 10.8 9.5 10.5 3.5 2 0 3 1 1
905.9 -2614.5 -1.2 88 0 9.5 12.6 10.5 3.5 2 1 3 0 0
881.7 -2615.3 -1.3 88 0 9.5 12.6 10.5 3.5 2 1 3 2 2
854.5 -2615.7 -1.5 88 0 9.5 12.6 10.5 3.5 4 1 3 2 2
880.7 -2555.5 -1.4 268 0 9.5 43.2 10.5 3.5 2 1 3 1 1
855.8 -2557.2 -1.6 268 0 9.5 43.2 10.5 3.5 2 1 3 0 0
831.4 -2557.4 -1.8 268 0 9.5 43.2 10.5 0.0 0 1 3 3 3
-540.8 -4190.0 -0.3 181 0 27.3 14.9 14.0 3.5 2 0 4 5 5
-542.1 -4236.1 -0.5 181 0 54.4 7.7 10.5 3.5 2 0 3 2 2
1560.0 -3659.1 -0.2 94 0 16.3 63.0 17.5 0.0 0 1 5 0 0
1544.4 -3585.4 -0.2 274 0 8.9 36.2 10.5 3.5 2 1 3 3 3
1541.3 -3661.7 -0.2 94 0 12.2 37.6 17.5 0.0 0 1 5 1 1
1518.7 -3660.9 -0.2 94 0 12.6 36.9 17.5 3.5 2 1 5 3 3
1489.0 -3656.0 -0.1 94 0 27.9 73.3 17.5 0.0 0 1 5 1 1
355.0 -4678.4 2.1 185 0 32.3 7.6 10.5 3.5 4 0 3 0 0
731.2 -4325.4 3.3 269 0 33.1 9.2 10.5 3.5 2 0 3 5 5
732.9 -4390.7 3.1 88 0 7.6 22.3 10.5 3.5 4 1 3 2 2
697.1 -4361.2 3.2 268 0 19.0 31.2 17.5 3.5 2 1 5 5 5
1778.6 -4758.2 -2.4 0 0 31.1 7.8 10.5 0.0 0 0 3 4 4
1620.8 -4791.0 -1.7 181 0 6.3 31.6 10.5 3.5 2 0 3 2 2
1611.0 -4776.5 -1.9 181 0 67.2 9.9 10.5 3.5 2 0 3 0 0
1687.5 -4812.5 -2.2 91 0 11.5 68.9 17.5 3.5 2 1 5 0 0
2250.3 -4195.9 0.4 271 0 11.8 62.7 14.0 3.5 2 1 4 1 1
1235.6 -4654.6 -0.2 182 0 17.3 13.3 17.5 3.5 2 0 5 3 3
1284.9 -4656.7 -0.3 2 0 17.3 7.0 10.5 3.5 4 0 3 2 2
1251.4 -4718.9 -0.6 184 0 28.9 14.8 17.5 3.5 2 0 5 4 4
1201.0 -4794.6 -0.7 181 0 23.1 41.3 17.5 0.0 0 1 5 3 3
1288.5 -4760.7 -0.9 2 0 26.2 12.0 17.5 3.5 2 0 5 0 0
1296.8 -4788.0 -0.9 2 0 27.8 13.5 17.5 3.5 2 0 5 5 5
1302.4 -4600.3 -0.2 272 0 12.8 38.0 17.5 3.5 2 1 5 4 4
1306.8 -4657.3 -0.4 2 0 17.3 14.3 17.5 3.5 2 0 5 4 4
1305.5 -4703.6 -0.7 2 0 67.9 12.4 17.5 3.5 2 0 5 1 1
-538.5 -6985.3 0.4 270 0 57.9 23.9 14.0 3.5 2 0 4 2 2
-555.4 -7041.5 0.5 0 0 72.1 12.2 14.0 3.5 2 0 4 0 0
-481.3 -6867.5 0.3 270 0 13.0 143.8 14.0 0.0 0 1 4 4 4
-439.7 -6391.8 0.5 271 0 13.5 47.0 14.0 0.0 0 1 4 2 2
651.2 -3264.7 4.6 266 0 11.9 39.6 17.5 3.5 2 1 5 5 5
667.8 -3335.1 5.2 359 0 49.7 13.4 17.5 3.5 2 0 5 5 5
623.3 -3312.6 5.4 269 0 13.5 74.8 17.5 3.5 2 1 5 3 3
585.6 -5392.5 -0.0 94 0 8.0 82.3 10.5 3.5 4 1 3 5 5
567.5 -5392.0 0.0 94 0 7.0 79.1 10.5 3.5 2 1 3 5 5
550.4 -5390.6 0.1 94 0 6.7 77.9 10.5 3.5 2 1 3 1 1
532.9 -5389.3 0.1 94 0 7.1 76.5 10.5 3.5 2 1 3 2 2
586.0 -5399.0 -0.1 274 0 7.6 73.8 10.5 3.5 2 1 3 1 1
567.8 -5397.6 -0.0 274 0 7.9 73.3 10.5 3.5 4 1 3 5 5
549.7 -5397.2 0.0 274 0 8.3 71.5 10.5 3.5 4 1 3 5 5
532.2 -5397.4 0.0 274 0 7.7 71.7 10.5 3.5 2 1 3 2 2
518.7 -5391.8 0.1 4 0 154.2 8.2 10.5 3.5 2 0 3 5 5
756.7 -5015.1 0.2 90 0 10.7 38.2 17.5 3.5 2 1 5 3 3
776.5 -5015.9 0.1 90 0 10.7 38.2 17.5 3.5 2 1 5 0 0
797.3 -5015.7 0.1 90 0 10.7 38.2 17.5 3.5 2 1 5 2 2
817.6 -5016.1 0.1 90 0 10.7 38.2 17.5 3.5 2 1 5 0 0
993.9 -4460.7 1.6 267 0 11.0 46.6 17.5 0.0 0 1 5 4 4
968.4 -4465.0 1.7 272 0 10.8 43.1 17.5 3.5 2 1 5 4 4
921.7 -4495.1 1.8 180 0 32.6 7.0 10.5 3.5 2 0 3 3 3
864.3 -4527.5 1.8 359 0 22.8 12.3 17.5 3.5 2 0 5 3 3
937.6 -4444.5 2.0 267 0 41.1 14.8 17.5 3.5 2 0 5 4 4
878.3 -4454.2 2.1 177 0 12.5 39.3 17.5 3.5 2 0 5 5 5
1252.6 -4591.6 0.2 95 0 8.8 63.1 10.5 0.0 0 1 3 5 5
1232.8 -4589.1 0.3 95 0 8.8 58.7 10.5 0.0 0 1 3 1 1
1194.1 -4587.1 0.4 95 0 7.4 82.8 10.5 3.5 4 1 3 4 4
1186.4 -4504.4 0.8 275 0 8.2 12.0 10.5 3.5 2 0 3 4 4
1178.0 -4584.7 0.5 95 0 6.5 68.8 10.5 3.5 2 0 3 5 5
1161.5 -4583.7 0.5 95 0 7.8 73.3 10.5 3.5 4 1 3 0 0
1146.0 -4570.3 0.7 95 0 6.6 57.8 10.5 3.5 2 1 3 1 1
1127.7 -4581.2 0.7 95 0 7.3 67.6 10.5 3.5 2 1 3 0 0
1111.3 -4579.3 0.7 95 0 6.5 65.6 10.5 3.5 2 1 3 4 4
1094.4 -4578.2 0.8 95 0 8.4 63.7 10.5 0.0 0 1 3 0 0
1061.8 -4574.7 0.9 94 0 5.5 33.7 10.5 0.0 0 1 3 2 2
1032.1 -4572.7 1.1 94 0 5.8 45.4 10.5 3.5 2 1 3 1 1
1002.5 -4570.3 1.2 94 0 8.0 51.7 10.5 3.5 2 1 3 5 5
987.9 -4568.1 1.2 94 0 6.3 49.7 10.5 3.5 2 1 3 3 3
973.4 -4567.6 1.3 94 0 6.4 49.9 10.5 3.5 2 1 3 1 1
957.5 -4565.2 1.4 94 0 7.2 48.0 10.5 3.5 2 1 3 4 4
944.3 -4564.5 1.4 94 0 6.9 53.4 10.5 3.5 2 1 3 0 0
928.7 -4562.4 1.5 94 0 9.0 47.0 10.5 3.5 2 1 3 0 0
913.6 -4561.9 1.5 94 0 6.8 29.5 10.5 3.5 2 1 3 1 1
1150.0 -5050.2 -0.7 277 0 9.7 21.9 5.0 2.5 2 1 2 2 2
1133.5 -5045.4 -0.7 277 0 8.4 24.8 5.0 2.5 2 1 2 3 3
1113.7 -5040.7 -0.6 277 0 8.4 25.2 5.0 2.5 2 1 2 2 2
1094.6 -5037.5 -0.6 277 0 11.4 26.2 10.0 0.0 0 1 4 1 1
2381.8 -2768.0 -3.2 43 0 31.2 13.7 14.0 3.5 2 0 4 1 1
2303.2 -2730.9 -0.5 39 0 6.6 74.2 10.5 3.5 2 1 3 3 3
2306.5 -2756.0 -1.3 39 0 6.4 107.5 10.5 3.5 2 1 3 1 1
2193.2 -2662.3 2.5 129 0 70.1 16.5 14.0 3.5 4 0 4 5 5
2119.5 -2603.3 4.8 129 0 107.0 16.5 14.0 0.0 0 0 4 0 0
2034.3 -2531.9 4.8 129 0 73.8 12.8 14.0 0.0 0 0 4 1 1
1946.2 -2461.3 4.0 129 0 129.1 12.8 14.0 0.0 0 0 4 5 5
1857.5 -2301.7 3.1 90 0 15.4 75.8 14.0 3.5 4 1 4 4 4
1896.2 -2073.6 2.6 185 0 25.1 74.4 14.0 0.0 0 1 4 3 3
1904.5 -2108.3 3.0 273 0 7.3 28.6 10.5 3.5 2 1 3 5 5
1884.3 -2107.1 2.9 273 0 7.2 28.6 10.5 3.5 2 1 3 2 2
1938.0 -2124.5 3.1 3 0 28.6 7.2 10.5 3.5 2 0 3 1 1
1923.7 -2124.0 3.1 3 0 28.6 7.2 10.5 3.5 2 0 3 2 2
1866.3 -2143.5 2.9 273 0 7.2 28.6 10.5 3.5 2 1 3 2 2
1902.4 -2145.3 3.1 273 0 7.3 28.6 10.5 3.5 2 1 3 5 5
1882.2 -2144.1 3.0 273 0 7.2 28.6 10.5 3.5 2 1 3 0 0
1935.9 -2161.5 3.3 3 0 28.6 7.2 10.5 3.5 2 0 3 4 4
1921.6 -2161.0 3.2 3 0 28.6 7.2 10.5 3.5 2 0 3 3 3
1929.3 -2210.8 3.4 93 0 7.3 28.6 10.5 3.5 2 1 3 5 5
1915.1 -2210.3 3.3 93 0 7.3 28.6 10.5 3.5 2 1 3 2 2
1898.7 -2209.1 3.2 93 0 7.3 28.6 10.5 3.5 2 1 3 0 0
1878.5 -2207.9 3.1 93 0 7.3 28.6 10.5 3.5 2 1 3 1 1
1864.2 -2178.7 3.0 273 0 7.3 28.6 10.5 3.5 2 1 3 5 5
1849.1 -2177.8 2.9 273 0 7.2 28.6 10.5 3.5 2 1 3 2 2
1853.1 -2131.5 2.8 206 0 73.8 5.9 10.5 3.5 2 0 3 2 2
1773.0 -2268.3 2.6 89 0 8.6 43.6 10.5 3.5 2 1 3 1 1
1788.4 -2222.5 2.6 89 0 12.0 32.3 14.0 3.5 2 1 4 1 1
1769.4 -2222.7 2.5 89 0 9.7 32.7 10.5 3.5 2 1 3 4 4
1750.2 -2221.9 2.4 89 0 9.1 29.5 10.5 3.5 2 1 3 0 0
1732.2 -2221.2 2.4 89 0 9.1 30.7 10.5 3.5 2 1 3 5 5
1710.3 -2222.4 2.6 89 0 7.3 15.5 10.5 3.5 2 0 3 1 1
1710.1 -2206.9 2.6 89 0 7.3 14.4 10.5 3.5 2 0 3 5 5
1802.4 -2181.3 2.6 89 0 7.1 24.3 10.5 3.5 2 0 3 5 5
1784.1 -2186.8 2.4 89 0 9.5 30.7 10.5 0.0 0 1 3 5 5
1767.2 -2186.9 2.4 89 0 8.1 31.1 10.5 3.5 2 1 3 1 1
1730.0 -2180.0 2.6 359 0 13.4 8.5 10.5 3.5 2 0 3 4 4
1689.8 -2187.4 3.0 89 0 7.7 13.9 10.5 3.5 2 1 3 3 3
1671.2 -2187.8 3.2 89 0 10.6 14.9 14.0 3.5 2 1 4 4 4
1832.2 -2144.1 2.6 359 0 14.5 9.4 10.5 3.5 2 0 3 2 2
1824.5 -2130.7 2.6 359 0 12.4 8.8 10.5 3.5 2 0 3 1 1
1803.1 -2153.0 2.4 89 0 8.9 30.7 10.5 0.0 0 1 3 3 3
1784.8 -2152.9 2.4 89 0 8.8 30.9 10.5 3.5 2 1 3 5 5
1745.3 -2123.6 2.5 269 0 11.9 47.8 14.0 3.5 2 1 4 0 0
1724.5 -2134.9 2.8 269 0 11.8 35.9 14.0 0.0 0 1 4 0 0
1704.5 -2136.6 3.0 269 0 9.8 35.1 10.5 3.5 2 0 3 3 3
1683.7 -2124.9 3.2 269 0 9.7 46.5 10.5 3.5 2 1 3 0 0
1659.2 -2146.4 3.1 179 0 40.0 11.7 14.0 3.5 2 0 4 1 1
1641.3 -2147.5 3.0 179 0 41.1 9.4 10.5 3.5 4 0 3 0 0
1620.9 -2144.6 2.8 179 0 33.4 9.8 10.5 3.5 2 0 3 5 5
1836.1 -2111.9 2.5 359 0 10.6 12.5 14.0 3.5 2 1 4 1 1
1811.7 -2106.2 2.4 269 0 11.8 11.9 14.0 3.5 2 1 4 1 1
1787.9 -2107.3 2.5 269 0 11.9 10.6 14.0 3.5 2 0 4 1 1
1766.0 -2098.4 2.7 269 0 13.1 19.8 14.0 3.5 2 1 4 0 0
1766.7 -2074.2 2.9 269 0 9.7 22.5 10.5 3.5 4 1 3 1 1
1744.2 -2074.7 3.0 269 0 9.7 33.7 10.5 3.5 2 1 3 4 4
1723.8 -2074.1 3.2 269 0 9.7 46.0 10.5 3.5 2 1 3 4 4
1704.2 -2074.6 3.3 269 0 9.7 46.0 10.5 3.5 2 1 3 1 1
1684.7 -2075.4 3.1 269 0 9.7 46.0 10.5 3.5 2 1 3 1 1
1664.7 -2075.3 3.0 269 0 9.7 46.0 10.5 0.0 0 1 3 4 4
1644.5 -2075.2 2.8 269 0 9.7 46.0 10.5 3.5 2 1 3 0 0
1625.2 -2075.4 2.7 269 0 9.7 46.0 10.5 3.5 2 1 3 3 3
1603.2 -2076.4 2.5 269 0 24.3 8.2 7.5 2.5 2 0 3 5 5
1584.5 -2076.6 2.4 269 0 13.3 45.1 10.0 2.5 2 0 4 3 3
1597.2 -2159.0 2.7 220 0 15.9 74.4 10.0 2.5 2 1 4 2 2
1678.4 -2237.4 2.4 130 0 76.2 26.0 14.0 0.0 0 0 4 1 1
-723.4 -3114.2 2.6 180 0 47.2 27.0 7.5 0.0 0 0 3 5 5
-660.1 -2933.1 3.1 8 0 139.5 24.8 7.5 0.0 0 0 3 1 1
-281.3 -5323.5 1.9 271 0 13.8 23.8 14.0 3.5 2 1 4 1 1
-250.8 -5394.2 2.3 91 0 19.6 57.4 14.0 3.5 2 1 4 3 3
-158.4 -5661.0 1.2 89 0 13.6 45.9 10.5 3.5 2 1 3 1 1
-204.5 -5624.4 1.4 359 0 30.1 13.6 14.0 3.5 2 0 4 4 4
-153.6 -5385.7 1.7 89 0 14.9 39.0 14.0 3.5 4 1 4 1 1
-147.4 -5475.5 1.4 359 0 30.4 14.9 10.5 3.5 2 0 3 2 2
-152.1 -5533.2 1.4 359 0 39.0 14.9 10.5 3.5 2 0 3 2 2
-274.4 -5454.3 2.0 89 0 15.3 39.3 14.0 3.5 2 1 4 4 4
-252.3 -5513.8 1.6 89 0 15.3 39.3 14.0 3.5 2 1 4 3 3
-277.3 -5535.9 1.6 269 0 14.8 38.8 14.0 3.5 2 1 4 5 5
779.7 -4664.1 0.8 190 0 98.3 14.7 17.5 3.5 2 0 5 1 1
1225.5 -4594.8 0.1 275 0 7.6 45.2 10.5 3.5 2 1 3 2 2
1209.4 -4593.2 0.1 276 0 7.1 46.1 10.5 3.5 2 1 3 3 3
1192.1 -4590.9 0.2 275 0 8.0 46.1 10.5 3.5 2 1 3 0 0
1175.0 -4590.9 0.3 274 0 6.8 44.8 10.5 3.5 2 1 3 2 2
1157.4 -4588.7 0.3 274 0 7.0 45.2 10.5 3.5 2 1 3 3 3
1125.2 -4586.2 0.5 274 0 7.4 44.7 10.5 3.5 2 1 3 3 3
749.2 -5894.8 -1.4 1 0 90.5 12.1 14.0 3.5 2 0 4 1 1
749.5 -5836.7 -1.2 1 0 14.0 41.5 14.0 0.0 0 1 4 3 3
-366.3 -2627.8 2.7 270 0 11.4 76.1 10.5 3.5 2 1 3 3 3
-360.3 -2770.6 4.0 360 0 118.0 11.4 10.5 3.5 2 0 3 3 3
-360.1 -2894.1 4.4 360 0 115.3 11.4 10.5 3.5 2 0 3 4 4
-365.5 -3035.5 4.1 90 0 11.4 76.1 10.5 3.5 2 1 3 4 4
-695.7 -2520.4 2.5 268 0 11.3 47.1 7.5 2.5 4 1 3 5 5
-722.6 -2570.9 2.3 90 0 14.0 50.3 12.5 2.5 4 1 5 3 3
493.5 -3152.5 3.3 355 0 59.7 10.8 17.5 3.5 2 0 5 1 1
467.9 -3184.5 3.6 85 0 10.0 58.5 10.5 3.5 2 1 3 3 3
446.7 -3186.5 3.8 85 0 9.1 58.7 10.5 3.5 2 1 3 0 0
422.9 -3188.9 4.1 85 0 8.3 59.1 10.5 3.5 2 1 3 3 3
-643.4 -2410.1 2.8 3 0 48.9 36.6 5.0 0.0 0 0 2 3 3
2296.9 -2579.2 2.0 133 0 121.3 9.4 10.5 3.5 2 0 3 0 0
2332.8 -2720.6 -0.8 90 0 8.0 56.4 10.5 3.5 2 1 3 2 2
2312.1 -2700.1 0.2 90 0 8.4 35.1 10.5 3.5 2 1 3 4 4
2321.3 -2731.1 -0.9 90 0 18.5 29.4 14.0 3.5 2 1 4 4 4
2311.0 -2610.7 1.3 270 0 5.4 53.4 10.5 3.5 2 1 3 1 1
2289.9 -2590.3 0.5 270 0 7.8 115.2 10.5 3.5 2 1 3 4 4
2267.0 -2566.8 1.4 270 0 7.5 120.3 10.5 3.5 2 1 3 5 5
2244.5 -2554.8 2.5 270 0 8.8 110.4 10.5 3.5 2 1 3 1 1
2216.0 -2531.1 3.4 270 0 9.5 113.2 10.5 3.5 2 1 3 2 2
2190.2 -2536.3 3.7 270 0 9.2 41.1 10.5 3.5 2 1 3 3 3
2190.7 -2581.4 4.4 270 0 9.0 38.4 10.5 0.0 0 1 3 3 3
1901.0 -3501.1 2.0 85 0 33.3 19.6 17.5 0.0 0 0 5 2 2
1903.4 -3462.1 2.0 261 0 29.4 13.5 17.5 3.5 4 0 5 3 3
2435.8 -3224.8 1.7 90 0 8.2 36.4 10.5 3.5 2 1 3 2 2
2406.8 -3199.1 1.5 180 0 21.4 10.1 14.0 3.5 2 0 4 3 3
2411.7 -3252.1 1.9 90 0 10.1 42.3 14.0 3.5 2 0 4 4 4
2371.4 -3259.5 1.1 90 0 12.2 73.1 14.0 3.5 2 1 4 4 4
2375.1 -3268.9 2.4 270 0 14.2 57.3 14.0 3.5 2 1 4 3 3
1753.7 -3258.6 1.7 270 0 12.4 40.6 14.0 3.5 2 1 4 0 0
1712.2 -3258.5 1.5 271 0 12.7 40.9 14.0 3.5 2 1 4 2 2
1670.2 -3256.3 1.3 271 0 12.1 43.1 14.0 3.5 2 1 4 1 1
2274.0 -5261.3 0.1 173 0 29.4 22.3 17.5 0.0 0 0 5 5 5
2282.0 -5520.3 2.4 91 0 41.0 44.7 17.5 0.0 0 1 5 3 3
1612.6 -5043.2 0.6 181 0 43.2 16.7 17.5 3.5 2 0 5 1 1
1620.1 -5087.2 0.6 91 0 17.3 36.3 17.5 0.0 0 1 5 1 1
1627.8 -4878.6 -0.6 0 0 15.1 13.6 17.5 3.5 4 0 5 1 1
1612.3 -4918.1 -0.3 180 0 46.1 13.4 17.5 3.5 2 0 5 0 0
2121.2 -5507.5 1.8 1 0 26.2 25.3 14.0 0.0 0 0 4 0 0
2012.8 -5390.2 1.5 271 0 17.6 53.3 14.0 3.5 2 1 4 4 4
2309.2 -4518.1 -1.0 90 0 13.2 74.1 14.0 3.5 2 1 4 5 5
2246.8 -4535.1 -0.4 269 0 10.0 22.4 10.5 3.5 2 0 3 5 5
2268.1 -4537.8 -0.7 269 0 7.3 18.5 10.5 3.5 2 0 3 2 2
2270.0 -4592.1 -0.8 90 0 10.0 35.9 17.5 3.5 2 0 5 3 3
2247.3 -4592.2 -0.5 89 0 9.7 34.8 10.5 3.5 2 0 3 3 3
2223.5 -4592.0 -0.3 89 0 9.0 34.8 10.5 3.5 2 1 3 3 3
2222.3 -4599.7 -1.1 269 0 9.4 33.5 10.5 3.5 2 1 3 3 3
2245.2 -4600.8 -1.2 270 0 9.1 32.7 10.5 3.5 2 1 3 5 5
2243.5 -4646.8 -1.6 89 0 14.6 10.5 17.5 3.5 2 0 5 2 2
2267.9 -4599.7 -1.7 269 0 8.7 51.6 10.5 3.5 2 1 3 3 3
2305.2 -4592.2 -1.2 89 0 15.4 53.4 17.5 3.5 2 1 5 3 3
2304.8 -4598.0 -1.9 270 0 14.4 57.7 17.5 3.5 2 1 5 2 2
2113.2 -4709.2 -3.8 270 0 11.3 47.1 14.0 3.5 2 1 4 5 5
2112.0 -4813.3 -3.8 90 0 11.1 47.4 14.0 3.5 2 1 4 4 4
2154.2 -4710.8 -4.0 270 0 11.3 47.1 14.0 3.5 2 1 4 0 0
2153.0 -4814.8 -4.0 90 0 11.1 47.4 14.0 3.5 2 1 4 3 3
2193.6 -4653.2 -2.1 180 0 47.1 9.2 10.5 3.5 4 0 3 0 0
2197.2 -4743.6 -3.8 90 0 8.8 56.8 10.5 3.5 2 1 3 0 0
2239.5 -4652.8 -2.5 270 0 9.6 35.8 10.5 3.5 2 1 3 3 3
2239.0 -4742.7 -3.9 90 0 9.6 43.5 10.5 3.5 2 1 3 4 4
2308.6 -4700.2 -3.9 359 0 73.4 14.7 14.0 3.5 2 0 4 1 1
1924.4 -4737.2 -2.9 270 0 18.4 64.6 7.5 2.5 2 1 3 1 1
664.0 -3048.1 1.6 266 0 14.8 25.6 17.5 3.5 2 1 5 3 3
3161.7 -3355.9 2.3 270 0 4.1 19.4 10.5 3.5 2 0 3 2 2
3148.2 -3356.0 2.2 270 0 7.8 18.7 10.5 3.5 2 0 3 5 5
3155.9 -3355.9 2.2 270 0 7.6 31.4 10.5 3.5 2 0 3 2 2
3146.1 -3430.7 1.6 90 0 36.7 15.9 14.0 3.5 2 0 4 4 4
3094.5 -3409.1 2.2 180 0 14.7 24.7 14.0 3.5 2 0 4 5 5
3121.3 -3317.5 2.0 268 0 22.1 10.0 10.5 3.5 2 0 3 3 3
3116.5 -3327.6 2.0 268 0 32.6 23.9 14.0 0.0 0 0 4 5 5
3081.0 -3354.8 2.0 182 0 50.5 10.2 14.0 3.5 2 0 4 5 5
604.2 -3048.8 1.5 84 0 49.1 6.9 10.5 3.5 2 0 3 2 2
642.6 -3073.2 1.7 86 0 13.4 20.4 17.5 3.5 2 1 5 5 5
611.2 -3059.9 1.8 266 0 11.2 11.4 17.5 3.5 2 1 5 0 0
612.7 -3108.6 2.1 86 0 13.3 26.1 17.5 3.5 2 1 5 5 5
580.7 -3084.8 1.8 356 0 49.8 12.8 17.5 3.5 4 0 5 3 3
2080.5 -3579.6 2.3 269 0 8.2 19.7 10.5 3.5 2 1 3 3 3
2064.2 -3577.7 2.2 269 0 8.5 21.1 10.5 3.5 2 1 3 5 5
2092.3 -3619.8 2.3 89 0 4.5 13.6 10.5 3.5 2 1 3 1 1
2063.9 -3620.5 2.3 89 0 8.0 16.6 10.5 3.5 2 1 3 1 1
2545.4 -2627.2 1.5 314 0 18.9 14.5 14.0 3.5 2 0 4 3 3
2536.9 -2607.4 1.1 314 0 20.8 26.0 14.0 3.5 2 0 4 0 0
2737.3 -2916.7 -0.3 133 0 11.1 63.5 14.0 3.5 2 1 4 2 2
2711.6 -2897.0 -0.3 133 0 11.1 63.5 14.0 3.5 2 1 4 5 5
2687.1 -2875.0 -0.3 133 0 11.1 63.5 14.0 3.5 2 1 4 5 5
2645.8 -2728.1 3.5 134 0 64.4 12.8 14.0 3.5 2 0 4 5 5
2611.9 -2729.1 2.7 224 0 12.5 24.0 10.0 2.5 2 0 4 0 0
2646.4 -2748.8 2.6 314 0 29.4 5.1 7.5 2.5 2 0 3 5 5
2691.2 -2801.2 1.6 43 0 12.3 52.2 12.5 2.5 2 1 5 5 5
2669.0 -2822.8 0.2 43 0 31.6 8.8 7.5 2.5 2 0 3 5 5
2628.7 -2834.4 -0.5 134 0 37.5 10.5 7.5 2.5 2 0 3 1 1
1510.9 -3510.3 0.6 264 0 59.3 12.5 17.5 3.5 2 0 5 2 2
1653.7 -3658.0 -0.6 2 0 12.1 22.7 17.5 3.5 2 0 5 4 4
1604.4 -3664.2 -0.5 92 0 52.7 12.0 17.5 3.5 2 0 5 3 3
1449.9 -3739.0 0.3 92 0 14.9 36.3 14.0 3.5 2 1 4 5 5
1414.5 -3737.8 0.5 92 0 12.9 38.2 14.0 3.5 2 1 4 1 1
2647.7 -3046.9 0.0 41 0 5.4 38.7 10.5 3.5 2 1 3 2 2
2675.3 -2924.3 -1.5 88 0 6.1 16.4 10.5 3.5 2 0 3 1 1
2658.5 -2932.4 -1.8 88 0 8.5 22.5 10.5 3.5 2 0 3 4 4
2726.8 -3011.4 -0.1 94 0 14.1 38.7 14.0 0.0 0 1 4 4 4
2703.9 -3008.7 -0.5 94 0 15.2 49.3 14.0 3.5 2 1 4 5 5
2673.3 -2979.0 -0.8 184 0 55.0 16.3 14.0 3.5 2 0 4 1 1
2643.9 -2969.7 -1.4 184 0 70.5 20.0 14.0 3.5 2 0 4 0 0
2627.3 -2932.3 -1.7 274 0 17.5 72.4 14.0 3.5 2 1 4 0 0
2768.4 -2977.3 -0.7 30 0 6.9 64.9 10.5 3.5 4 1 3 0 0
1641.8 -5808.1 -3.4 90 0 37.7 39.8 14.0 0.0 0 1 4 5 5
1746.3 -5882.9 -3.7 91 0 12.0 32.1 14.0 3.5 2 1 4 5 5
2491.0 -3135.6 1.1 270 0 13.3 48.9 14.0 3.5 2 1 4 3 3
2452.7 -3131.7 0.7 270 0 11.4 54.4 14.0 3.5 2 1 4 3 3
2530.6 -3268.3 2.4 270 0 8.1 25.3 10.5 3.5 2 1 3 5 5
2529.8 -3326.7 2.4 90 0 8.2 30.7 10.5 0.0 0 1 3 4 4
2510.9 -3267.6 2.4 270 0 8.0 61.6 10.5 3.5 2 1 3 0 0
2528.5 -3262.0 2.5 90 0 8.1 74.1 10.5 0.0 0 1 3 4 4
2510.4 -3261.6 2.3 90 0 8.2 74.1 10.5 3.5 2 1 3 1 1
2492.6 -3261.9 2.2 90 0 8.2 74.1 10.5 0.0 0 1 3 3 3
2473.4 -3261.7 2.0 90 0 8.1 74.1 10.5 3.5 2 1 3 1 1
2454.8 -3261.5 1.8 90 0 8.1 74.1 10.5 3.5 2 1 3 3 3
2491.3 -3268.0 2.4 269 0 9.1 37.6 10.5 3.5 2 1 3 2 2
2491.8 -3335.3 2.3 89 0 9.0 28.0 10.5 3.5 2 1 3 5 5
2472.8 -3267.9 2.4 269 0 9.1 37.6 10.5 3.5 2 1 3 2 2
2473.2 -3335.4 2.3 89 0 9.1 28.2 10.5 3.5 4 1 3 4 4
2454.1 -3267.9 2.4 269 0 9.1 37.6 10.5 3.5 2 1 3 4 4
2454.5 -3337.0 2.3 89 0 9.1 29.8 10.5 3.5 2 1 3 5 5
2651.5 -3338.6 2.4 84 0 104.8 14.9 17.5 3.5 2 0 5 3 3
2586.6 -3336.6 2.4 174 0 18.4 11.8 17.5 3.5 2 0 5 4 4
2524.5 -3354.0 2.4 83 0 13.4 22.4 14.0 3.5 2 1 4 2 2
2452.8 -3362.6 2.3 83 0 110.6 17.4 14.0 0.0 0 0 4 5 5
2397.5 -3496.1 2.4 266 0 13.5 9.8 10.5 0.0 0 0 3 3 3
2464.0 -3504.3 2.5 269 0 6.0 17.2 10.5 3.5 2 1 3 5 5
2436.3 -3505.2 2.5 269 0 6.5 18.1 10.5 0.0 0 1 3 0 0
2406.6 -3506.5 2.5 269 0 6.5 17.9 10.5 3.5 2 1 3 0 0
2464.8 -3564.8 2.5 89 0 6.5 38.5 10.5 3.5 2 1 3 5 5
2450.7 -3565.3 2.5 89 0 7.4 38.7 10.5 3.5 2 1 3 4 4
2436.1 -3562.6 2.5 89 0 7.4 34.9 10.5 0.0 0 1 3 2 2
2421.6 -3563.1 2.5 90 0 6.8 35.3 10.5 3.5 2 1 3 1 1
2407.2 -3560.3 2.5 90 0 6.9 32.3 10.5 3.5 2 1 3 2 2
2393.0 -3561.8 2.5 90 0 7.6 15.4 10.5 3.5 2 0 3 5 5
2384.4 -3560.8 2.5 90 0 7.2 31.4 10.5 0.0 0 1 3 1 1
2373.6 -3486.9 2.4 270 0 11.9 20.1 14.0 3.5 2 0 4 5 5
2367.6 -3516.0 2.4 180 0 18.0 8.5 10.5 3.5 2 0 3 3 3
2368.4 -3545.7 2.4 180 0 30.9 9.0 10.5 3.5 2 0 3 5 5
2434.1 -3474.3 2.4 82 0 7.0 14.4 10.5 0.0 0 1 3 2 2
2450.4 -3472.5 2.4 82 0 7.0 14.1 10.5 3.5 2 1 3 0 0
2483.3 -3467.7 2.5 82 0 7.0 15.7 10.5 3.5 2 1 3 1 1
2500.3 -3464.8 2.5 82 0 7.4 14.4 10.5 3.5 2 1 3 3 3
2517.0 -3462.8 2.5 82 0 6.0 14.2 10.5 3.5 2 1 3 0 0
2554.8 -3462.5 2.5 262 0 7.0 13.3 10.5 0.0 0 1 3 0 0
2516.4 -3465.9 2.5 262 0 6.6 15.7 10.5 3.5 2 1 3 0 0
2499.9 -3468.7 2.5 262 0 7.1 15.1 10.5 3.5 2 1 3 5 5
2451.5 -3476.4 2.5 262 0 9.2 19.1 10.5 3.5 2 1 3 3 3
2433.8 -3478.8 2.5 262 0 8.7 18.2 10.5 3.5 2 1 3 4 4
2541.5 -3416.7 2.5 353 0 16.9 8.1 10.5 3.5 2 0 3 3 3
2549.9 -3441.4 2.5 83 0 6.9 34.3 10.5 3.5 2 1 3 5 5
2532.6 -3441.5 2.4 83 0 7.3 32.0 10.5 3.5 2 0 3 2 2
2515.5 -3443.4 2.4 83 0 7.3 31.1 10.5 3.5 2 1 3 5 5
2373.4 -3481.0 2.3 90 0 13.8 36.9 17.5 3.5 2 1 5 3 3
2524.7 -3388.8 2.4 263 0 66.0 16.8 17.5 3.5 2 0 5 1 1
2476.0 -3400.7 2.4 262 0 10.2 48.0 17.5 3.5 2 1 5 1 1
2460.7 -3396.7 2.4 262 0 6.1 56.5 10.5 3.5 2 1 3 2 2
2431.8 -3458.9 2.4 82 0 63.7 6.5 10.5 3.5 2 0 3 1 1
1731.1 -3333.3 1.5 359 0 46.9 7.3 10.5 3.5 2 0 3 5 5
1758.1 -3321.9 1.6 0 0 22.9 13.9 14.0 3.5 2 0 4 1 1
1771.0 -3333.5 1.7 0 0 45.9 13.0 14.0 3.5 2 0 4 1 1
1786.6 -3404.0 1.5 359 0 56.4 54.0 14.0 0.0 0 0 4 3 3
1854.5 -3130.0 2.7 90 0 13.6 51.8 17.5 3.5 2 1 5 1 1
2246.3 -3360.3 2.2 266 0 28.1 4.7 10.5 3.5 2 0 3 4 4
2218.8 -3307.5 1.3 90 0 10.5 39.9 17.5 3.5 2 1 5 0 0
2265.1 -3333.0 2.2 227 0 19.3 30.4 17.5 0.0 0 1 5 3 3
2253.6 -3331.1 1.8 90 0 15.2 55.4 17.5 3.5 2 1 5 4 4
2255.4 -3500.6 2.3 174 0 10.7 10.8 17.5 3.5 2 1 5 1 1
2236.3 -3501.8 2.3 174 0 10.8 11.7 17.5 3.5 2 1 5 1 1
2236.4 -3517.2 2.3 174 0 11.1 11.9 17.5 3.5 2 1 5 1 1
2286.0 -3511.8 2.3 354 0 11.8 11.8 17.5 3.5 2 0 5 0 0
2249.5 -3470.6 2.3 179 0 45.2 11.1 17.5 3.5 2 0 5 5 5
2239.2 -3552.4 2.3 179 0 56.8 11.7 17.5 3.5 2 0 5 1 1
2240.3 -3618.4 2.4 179 0 51.0 11.3 17.5 0.0 0 0 5 1 1
2305.6 -4080.5 1.0 270 0 10.5 35.5 14.0 3.5 4 1 4 2 2
2220.6 -3685.2 2.5 89 0 14.6 17.0 17.5 3.5 2 1 5 3 3
2199.5 -3685.1 2.4 89 0 13.8 24.9 17.5 0.0 0 1 5 3 3
2177.7 -3685.6 2.4 89 0 13.5 27.6 17.5 3.5 2 1 5 5 5
2154.7 -3685.9 2.4 89 0 13.2 40.1 17.5 3.5 2 1 5 4 4
2130.1 -3685.6 2.4 89 0 13.9 27.2 17.5 3.5 2 1 5 0 0
2106.2 -3686.3 2.4 89 0 12.9 12.9 17.5 3.5 2 1 5 5 5
2254.8 -3705.9 2.5 179 0 21.0 11.3 17.5 3.5 4 0 5 1 1
2232.9 -3694.0 2.5 269 0 13.9 22.9 17.5 3.5 2 1 5 0 0
2210.1 -3694.6 2.5 269 0 11.9 23.0 17.5 3.5 2 1 5 2 2
2188.0 -3696.0 2.5 269 0 12.1 21.4 17.5 3.5 2 1 5 0 0
2162.7 -3695.6 2.4 269 0 11.4 22.4 17.5 3.5 2 1 5 3 3
2140.0 -3696.0 2.4 269 0 11.3 22.4 17.5 3.5 2 1 5 0 0
2118.6 -3697.3 2.4 269 0 11.3 21.4 17.5 3.5 2 1 5 2 2
2096.5 -3696.1 2.4 269 0 12.7 23.4 17.5 3.5 2 1 5 0 0
2180.3 -3732.3 2.5 269 0 12.9 9.2 10.5 3.5 2 0 3 2 2
2187.1 -3754.8 2.5 359 0 21.2 12.9 14.0 3.5 2 0 4 0 0
2187.5 -3781.2 2.5 359 0 23.2 12.9 14.0 3.5 2 0 4 4 4
2181.5 -3819.6 2.5 89 0 12.9 23.6 14.0 3.5 2 1 4 1 1
2245.9 -3751.5 2.6 270 0 13.1 59.1 14.0 3.5 2 1 4 3 3
2098.9 -3820.3 2.4 89 0 13.5 87.9 14.0 3.5 2 1 4 3 3
953.4 -3506.0 2.6 262 0 11.7 41.1 14.0 3.5 2 1 4 5 5
948.4 -3484.0 3.0 87 0 11.8 30.5 14.0 3.5 2 1 4 0 0
928.6 -3487.0 3.4 87 0 10.6 35.7 14.0 3.5 2 1 4 0 0
904.9 -3489.9 3.9 86 0 9.6 38.1 10.5 3.5 2 1 3 0 0
883.8 -3491.4 4.4 86 0 9.8 40.8 10.5 3.5 2 1 3 2 2
-412.3 -4052.4 0.4 0 0 7.4 42.4 10.5 3.5 2 1 3 0 0
-532.8 -3940.8 0.4 270 0 9.4 37.0 10.5 3.5 2 1 3 5 5
-466.8 -3933.5 0.7 270 0 9.3 21.9 10.5 3.5 2 1 3 4 4
-427.5 -3958.8 0.8 270 0 30.1 7.0 10.5 3.5 2 0 3 0 0
-401.9 -3931.8 0.8 270 0 14.1 54.4 14.0 3.5 2 1 4 0 0
-477.1 -4036.5 0.4 90 0 13.0 47.3 14.0 3.5 2 1 4 1 1
-497.1 -4134.9 -0.1 0 0 4.2 31.0 10.5 3.5 2 0 3 4 4
-499.6 -4073.0 0.1 90 0 56.6 13.0 14.0 3.5 2 0 4 0 0
-524.4 -4132.7 -0.1 90 0 13.3 56.5 14.0 3.5 2 0 4 3 3
-434.3 -4146.4 0.1 90 0 37.6 10.7 14.0 3.5 2 0 4 4 4
685.5 -2666.7 -2.6 265 0 11.7 43.0 17.5 3.5 2 1 5 4 4
751.6 -2656.3 -2.1 270 0 12.9 64.8 17.5 3.5 2 1 5 2 2
729.2 -2662.5 -2.3 266 0 8.1 59.6 10.5 3.5 2 1 3 3 3
658.6 -3143.1 2.9 265 0 6.7 23.6 10.5 3.5 2 1 3 3 3
678.8 -3200.3 3.2 85 0 8.6 32.6 10.5 0.0 0 1 3 2 2
628.7 -3179.3 3.3 176 0 16.4 38.0 17.5 3.5 2 1 5 4 4
777.1 -3501.3 6.5 84 0 24.1 8.5 10.5 3.5 2 0 3 3 3
749.0 -3504.9 6.5 84 0 14.9 91.0 17.5 3.5 2 1 5 2 2
2264.0 -6342.2 -4.9 90 0 10.3 46.9 14.0 3.5 2 1 4 2 2
2242.0 -6341.1 -5.2 90 0 9.4 46.0 10.5 3.5 2 1 3 5 5
2216.3 -6341.0 -5.5 90 0 10.8 46.0 14.0 3.5 2 1 4 2 2
2195.9 -6341.0 -5.6 90 0 8.9 46.0 10.5 3.5 2 1 3 2 2
2262.8 -6450.2 -5.9 90 0 9.0 92.2 10.5 3.5 2 1 3 1 1
2242.6 -6450.7 -5.9 90 0 9.0 92.2 10.5 3.5 2 1 3 2 2
2217.4 -6450.4 -5.9 90 0 9.0 94.6 10.5 3.5 2 1 3 5 5
2195.8 -6449.9 -5.8 90 0 9.0 94.6 10.5 3.5 2 1 3 3 3
2287.1 -6484.8 -6.1 0 0 45.2 9.0 10.5 3.5 2 0 3 3 3
2261.7 -6462.8 -6.0 270 0 9.0 45.2 10.5 3.5 2 1 3 4 4
2242.3 -6462.8 -6.0 270 0 9.0 45.2 10.5 3.5 2 1 3 0 0
2216.3 -6461.9 -5.9 270 0 10.8 46.6 14.0 3.5 2 1 4 2 2
2190.9 -6486.4 -5.9 180 0 46.6 10.8 14.0 3.5 2 0 4 2 2
2179.2 -6401.3 -5.7 0 0 61.2 12.5 14.0 3.5 2 0 4 0 0
2176.7 -6322.6 -5.5 0 0 57.6 13.9 14.0 0.0 0 0 4 0 0
2126.6 -6351.7 -5.5 90 0 13.5 57.5 14.0 3.5 4 1 4 3 3
2174.9 -6478.0 -5.8 0 0 39.0 11.5 14.0 0.0 0 0 4 5 5
2119.3 -6493.3 -5.7 90 0 13.1 37.4 14.0 3.5 4 1 4 3 3
2062.8 -6369.3 -5.4 270 0 10.2 45.8 14.0 0.0 0 1 4 5 5
669.3 -3595.4 6.7 175 0 31.6 11.8 17.5 3.5 2 0 5 1 1
1332.6 -1146.6 -0.0 94 0 14.1 29.4 10.5 3.5 2 0 3 0 0
1344.1 -1147.4 -0.2 94 0 8.9 36.9 10.5 3.5 2 0 3 4 4
1355.7 -1136.5 -0.3 94 0 12.7 25.2 10.5 3.5 2 0 3 0 0
1369.4 -1150.3 -0.5 94 0 16.6 38.0 10.5 3.5 2 0 3 4 4
1316.0 -971.1 -0.5 270 0 10.5 43.1 10.5 0.0 0 1 3 2 2
1373.9 -967.7 -1.3 267 0 16.4 50.9 10.5 3.5 2 1 3 5 5
1343.5 -969.5 -0.9 267 0 24.7 46.5 10.5 0.0 0 1 3 1 1
1217.1 -1195.4 0.2 185 0 22.6 136.3 10.5 0.0 0 0 3 2 2
1331.9 -1282.4 0.7 96 0 11.3 36.1 10.5 3.5 2 1 3 3 3
1430.5 -1182.0 -0.9 4 0 36.2 48.3 10.5 0.0 0 1 3 4 4
1437.7 -1102.6 -1.3 4 0 25.5 57.1 10.5 3.5 2 0 3 5 5
1409.9 -1152.7 -1.2 94 0 48.3 39.2 10.5 0.0 0 0 3 5 5
1313.5 -1072.8 -0.3 94 0 11.7 49.4 10.5 3.5 2 1 3 3 3
1337.3 -1074.8 -0.6 94 0 22.4 47.4 10.5 0.0 0 1 3 4 4
1364.6 -1077.9 -0.9 94 0 16.0 48.6 10.5 3.5 4 1 3 3 3
1431.0 -964.4 -2.1 267 0 34.2 56.2 10.5 0.0 0 1 3 5 5
1415.7 -1081.4 -1.6 94 0 49.4 47.8 14.0 0.0 0 0 4 1 1
2084.7 -6301.4 -5.3 0 0 15.8 26.4 14.0 3.5 4 1 4 0 0
2042.0 -6352.6 -5.3 90 0 20.9 60.3 14.0 3.5 2 1 4 5 5
-362.0 -1849.2 0.8 1 0 39.2 7.0 5.0 2.5 2 0 2 2 2
-392.0 -1829.3 0.9 271 0 46.3 10.3 7.5 2.5 2 0 3 0 0
-366.9 -1887.2 -0.0 1 0 18.1 37.8 12.5 2.5 2 1 5 5 5
-446.9 -1909.0 -4.1 181 0 15.7 55.9 12.5 2.5 2 0 5 2 2
-363.6 -1962.6 -4.6 1 0 21.1 13.8 10.0 2.5 2 0 4 0 0
-377.4 -1966.4 -6.1 1 0 13.3 26.6 12.5 2.5 2 0 5 5 5
-416.9 -1945.6 -6.8 181 0 54.0 13.1 15.0 2.5 2 0 6 2 2
-425.6 -2019.8 -6.9 91 0 15.9 101.3 10.0 0.0 0 0 4 5 5
-286.3 -1751.6 0.0 271 0 11.0 26.3 14.0 3.5 2 1 4 3 3
794.8 -5192.6 -0.2 274 0 8.0 34.8 10.5 3.5 2 1 3 1 1
775.0 -5190.5 -0.1 274 0 7.6 35.5 10.5 3.5 2 1 3 4 4
756.6 -5187.3 -0.1 274 0 8.5 36.4 10.5 3.5 2 1 3 3 3
736.7 -5181.5 -0.0 274 0 7.5 40.6 10.5 3.5 2 1 3 3 3
719.6 -5178.0 0.0 273 0 8.0 41.9 10.5 3.5 2 1 3 5 5
706.2 -5174.8 0.1 280 0 12.9 42.8 14.0 3.5 4 1 4 4 4
704.0 -5407.7 -0.4 274 0 30.5 7.8 10.5 0.0 0 0 3 0 0
733.5 -5411.2 -0.5 273 0 19.2 83.2 17.5 3.5 2 1 5 2 2
671.7 -5481.8 -0.5 190 0 10.7 45.5 17.5 3.5 2 1 5 3 3
659.5 -5490.2 -0.4 190 0 178.8 8.4 10.5 3.5 2 0 3 3 3
1839.3 -4955.4 -0.6 270 0 11.8 39.1 14.0 3.5 2 1 4 5 5
1845.5 -5030.1 -0.3 360 0 66.6 11.8 14.0 0.0 0 0 4 5 5
1845.7 -5086.7 0.4 360 0 30.9 11.8 14.0 3.5 4 0 4 0 0
4859.0 -9419.2 -9.3 186 0 25.6 13.0 14.0 3.5 4 0 4 5 5
4931.3 -9444.1 -9.4 6 0 6.4 23.1 10.5 3.5 2 0 3 3 3
4909.0 -9403.6 -9.3 276 0 7.2 41.0 10.5 3.5 2 0 3 2 2
4924.6 -9508.1 -9.4 81 0 48.4 5.8 10.5 3.5 2 0 3 4 4
4885.9 -9608.9 -9.5 82 0 15.8 93.6 14.0 3.5 2 1 4 1 1
4906.6 -9521.4 -9.4 261 0 20.9 50.3 14.0 3.5 2 1 4 5 5
4982.6 -9644.9 -9.4 352 0 20.2 7.1 10.5 3.5 2 0 3 1 1
4971.6 -9608.8 -9.4 262 0 10.0 21.6 10.5 3.5 2 1 3 4 4
4952.7 -9611.4 -9.4 261 0 10.8 48.9 14.0 3.5 2 1 4 4 4
4979.1 -9698.4 -9.5 81 0 7.9 39.7 10.5 3.5 2 1 3 5 5
4964.0 -9701.7 -9.5 82 0 8.8 39.6 10.5 3.5 2 1 3 4 4
4933.3 -9613.7 -9.4 261 0 17.6 51.7 14.0 3.5 2 1 4 0 0
4925.0 -9697.6 -9.5 81 0 42.5 12.9 14.0 3.5 2 0 4 1 1
4888.8 -9622.0 -9.4 261 0 16.0 52.4 14.0 3.5 2 1 4 3 3
1291.3 -5152.4 -1.2 1 0 31.0 16.0 14.0 3.5 2 0 4 0 0
1293.7 -5114.0 -1.2 1 0 38.5 12.4 14.0 3.5 2 0 4 2 2
1298.1 -5075.9 -1.1 1 0 31.9 6.9 10.5 3.5 2 0 3 5 5
1294.5 -5023.4 -1.0 1 0 64.0 11.9 14.0 3.5 2 0 4 4 4
1299.1 -4973.0 -0.9 1 0 36.9 11.4 14.0 3.5 2 0 4 3 3
530.7 -1753.9 -2.4 270 0 15.5 16.6 17.5 3.5 2 1 5 1 1
522.8 -1804.1 -2.4 180 0 15.9 16.2 17.5 3.5 2 1 5 3 3
565.4 -1844.6 -2.0 0 0 19.6 12.6 17.5 3.5 2 0 5 0 0
558.8 -1900.7 -2.0 90 0 12.6 18.4 17.5 3.5 2 1 5 3 3
565.3 -1868.0 -2.0 0 0 19.6 12.6 17.5 0.0 0 0 5 5 5
522.4 -1842.9 -2.4 180 0 19.6 12.6 17.5 3.5 2 0 5 4 4
522.3 -1866.3 -2.4 180 0 19.6 12.6 17.5 3.5 2 0 5 1 1
528.4 -1899.0 -2.4 90 0 12.6 18.4 17.5 3.5 2 1 5 1 1
559.4 -1911.7 -2.1 270 0 11.5 18.4 17.5 3.5 2 1 5 1 1
565.0 -1946.0 -2.1 0 0 19.1 11.6 17.5 3.5 2 0 5 1 1
528.7 -1910.2 -2.4 270 0 11.5 18.4 17.5 3.5 2 1 5 5 5
522.6 -1970.1 -2.5 180 0 15.1 11.6 17.5 3.5 2 0 5 5 5
528.6 -1934.9 -2.4 270 0 11.5 19.1 17.5 3.5 2 1 5 0 0
498.9 -1912.0 -2.8 270 0 11.5 18.4 17.5 3.5 2 1 5 0 0
493.0 -1946.2 -2.8 180 0 19.1 11.6 17.5 3.5 2 0 5 3 3
492.8 -1971.9 -2.8 180 0 15.1 11.5 17.5 3.5 2 0 5 5 5
497.2 -1900.8 -2.8 90 0 13.0 75.4 17.5 3.5 2 1 5 0 0
546.7 -2021.8 -2.6 90 0 19.3 33.8 17.5 0.0 0 1 5 1 1
489.5 -2005.4 -2.9 180 0 33.6 16.8 17.5 3.5 2 0 5 2 2
477.0 -1833.9 -3.7 1 0 17.3 53.2 7.5 2.5 2 1 3 3 3
-5731.4 -6120.8 -5.0 187 0 9.1 31.3 10.5 3.5 2 1 3 2 2
-5685.9 -6162.7 -4.9 7 0 7.2 66.2 10.5 3.5 2 1 3 1 1
-5699.1 -6136.7 -4.8 186 0 35.3 16.1 14.0 3.5 2 0 4 5 5
-5753.0 -6092.1 -5.5 96 0 12.3 28.6 14.0 3.5 2 1 4 2 2
-5777.2 -6112.4 -5.4 276 0 11.7 68.2 14.0 3.5 2 1 4 5 5
-5673.9 -6163.2 -5.0 97 0 11.6 89.0 14.0 3.5 2 1 4 3 3
-5631.5 -6155.0 -4.7 97 0 14.9 72.3 14.0 3.5 2 1 4 5 5
-5541.3 -6124.7 -4.1 97 0 14.8 36.7 14.0 3.5 2 1 4 0 0
-5543.1 -6140.1 -3.8 277 0 14.8 36.3 14.0 3.5 4 1 4 5 5
-5473.0 -6039.0 -4.2 6 0 101.8 19.6 14.0 0.0 0 0 4 1 1
-5461.2 -6034.1 -3.9 186 0 40.1 9.8 10.5 3.5 2 0 3 4 4
-5463.6 -6098.6 -3.7 96 0 9.8 41.3 10.5 3.5 2 1 3 5 5
-5435.7 -5986.2 -4.1 277 0 47.3 24.1 10.5 3.5 2 0 3 5 5
-5330.2 -6057.1 -3.2 186 0 96.2 17.9 14.0 0.0 0 0 4 3 3
-5382.6 -6006.6 -3.5 186 0 17.4 50.8 10.5 3.5 2 1 3 0 0
-5336.7 -6048.1 -3.1 6 0 41.8 8.2 10.5 3.5 2 0 3 5 5
-5342.1 -6092.2 -2.9 6 0 39.3 8.7 10.5 3.5 2 0 3 2 2
-5377.9 -6064.5 -3.4 186 0 83.2 22.2 10.5 0.0 0 0 3 1 1
-5427.8 -6059.0 -3.8 6 0 84.7 20.7 10.5 0.0 0 0 3 4 4
-4370.7 -5925.9 -6.6 9 0 13.8 80.2 10.0 2.5 2 1 4 4 4
-4295.3 -6005.9 -8.5 186 0 41.0 7.9 7.5 2.5 2 0 3 0 0
-4306.9 -6036.2 -8.8 186 0 21.7 16.1 7.5 2.5 2 0 3 5 5
-4297.1 -5971.6 -7.8 96 0 23.8 16.1 7.5 2.5 2 0 3 2 2
-4341.1 -5938.4 -7.2 276 0 24.0 12.2 10.0 2.5 2 0 4 3 3
-4375.7 -6039.9 -8.1 96 0 16.0 93.1 10.0 2.5 2 1 4 5 5
-4317.8 -5999.5 -8.5 6 0 92.9 14.6 10.0 2.5 2 0 4 5 5
-4246.7 -6025.0 -8.8 6 0 7.3 17.5 7.5 2.5 2 0 3 5 5
-4244.8 -6041.4 -9.1 6 0 24.8 30.6 7.5 0.0 0 0 3 5 5
-4217.0 -6034.4 -9.3 186 0 44.2 16.8 7.5 2.5 2 0 3 3 3
-4137.8 -6062.2 -9.5 96 0 12.4 41.7 10.0 2.5 2 1 4 5 5
-4164.9 -6038.7 -9.4 186 0 41.6 11.9 12.5 2.5 2 0 5 5 5
-4107.0 -5797.0 -9.3 276 0 61.4 222.7 10.0 0.0 0 1 4 4 4
-4194.2 -5854.6 -7.8 7 0 174.3 36.5 12.5 0.0 0 0 5 3 3
-4276.5 -5833.8 -7.0 7 0 171.5 47.0 12.5 0.0 0 0 5 1 1
-3943.4 -5835.0 -8.4 6 0 18.3 60.4 7.5 2.5 2 1 3 1 1
-3776.8 -6025.9 -9.0 6 0 43.3 10.6 7.5 2.5 2 0 3 2 2
-3748.6 -5923.5 -9.8 96 0 28.8 24.1 7.5 0.0 0 0 3 0 0
-3797.2 -5928.5 -9.8 186 0 49.7 22.3 7.5 2.5 4 0 3 2 2
-3893.3 -6076.5 -9.7 96 0 122.3 110.2 10.0 0.0 0 0 4 0 0
-3963.9 -6012.8 -9.7 6 0 111.1 47.8 7.5 0.0 0 0 3 0 0
-774.0 -4223.0 -1.3 0 0 90.2 14.3 10.0 0.0 0 0 4 0 0
-3714.2 -6360.1 -6.1 186 0 12.0 36.5 7.5 2.5 2 1 3 2 2
-3774.1 -6359.7 -6.4 96 0 23.4 18.5 7.5 2.5 2 0 3 5 5
-3738.7 -6363.8 -6.5 96 0 20.9 47.4 7.5 2.5 2 1 3 4 4
-3852.1 -6352.5 -7.2 96 0 81.7 74.4 7.5 0.0 0 0 3 1 1
-3835.5 -6189.1 -7.8 276 0 81.3 72.0 7.5 0.0 0 0 3 5 5
-3939.1 -6253.6 -7.9 96 0 63.8 40.2 7.5 0.0 0 0 3 0 0
-3936.3 -6177.0 -8.2 276 0 72.2 28.8 10.0 0.0 0 0 4 4 4
-4015.5 -6245.8 -8.5 96 0 70.9 76.8 7.5 0.0 0 0 3 2 2
-3940.2 -6267.7 -7.4 276 0 62.9 41.1 10.0 0.0 0 0 4 1 1
-3953.7 -6340.9 -7.1 96 0 72.6 25.8 7.5 0.0 0 0 3 2 2
-4024.6 -6333.4 -7.8 96 0 70.2 75.2 7.5 0.0 0 0 3 3 3
-1142.7 6836.7 -9.8 8 0 19.6 9.8 5.0 2.5 2 0 2 4 4
-1117.4 6934.0 -10.0 187 0 12.2 20.2 5.0 2.5 2 1 2 5 5
-1117.3 6909.4 -10.0 187 0 32.6 15.3 7.5 2.5 2 0 3 0 0
-1133.3 6727.4 -9.6 188 0 42.8 8.1 7.5 2.5 2 0 3 2 2
-3045.3 -5697.5 -10.1 89 0 18.3 72.6 12.5 0.0 0 1 5 0 0
-3088.8 -5511.3 -10.2 179 0 205.4 74.5 10.0 0.0 0 0 4 4 4
-3174.6 -5525.5 -9.7 270 0 30.1 20.8 7.5 0.0 0 0 3 4 4
-3195.0 -5707.0 -10.4 90 0 19.6 68.9 10.0 2.5 2 1 4 1 1
-3276.4 -5707.9 -10.2 90 0 98.4 36.9 7.5 0.0 0 0 3 3 3
-3274.5 -5623.0 -10.3 270 0 96.7 40.1 7.5 0.0 0 0 3 3 3
-3335.5 -5651.4 -10.2 0 0 56.7 76.9 10.0 0.0 0 1 4 2 2
-3436.6 -5535.2 -7.8 0 0 20.6 17.5 10.0 2.5 2 0 4 2 2
-3446.1 -5610.0 -8.7 90 0 16.4 60.5 10.0 2.5 2 1 4 5 5
-3380.2 -5525.4 -9.3 270 0 89.3 84.7 12.5 0.0 0 0 5 1 1
-3330.5 -5525.7 -9.0 270 0 10.0 57.1 7.5 2.5 2 0 3 4 4
-3263.5 -5526.1 -10.3 270 0 124.0 85.1 12.5 0.0 0 0 5 5 5
-2287.6 -5463.8 -10.2 90 0 15.0 46.0 7.5 2.5 2 1 3 4 4
-2317.1 -5462.7 -10.6 90 0 16.6 45.1 10.0 0.0 0 1 4 4 4
-2346.1 -5408.2 -10.6 270 0 17.1 54.2 15.0 2.5 4 1 6 1 1
-2257.1 -5463.4 -10.3 90 0 16.4 52.4 12.5 2.5 2 1 5 0 0
-2256.3 -5476.0 -10.1 270 0 18.1 74.2 10.0 2.5 2 1 4 3 3
-2288.0 -5477.3 -9.7 270 0 15.4 15.7 5.0 2.5 2 1 2 0 0
-2287.9 -5496.5 -9.3 270 0 15.4 16.2 5.0 2.5 2 1 2 4 4
-2287.7 -5532.7 -8.8 90 0 15.4 15.7 5.0 2.5 2 1 2 3 3
-2287.6 -5552.6 -8.4 90 0 15.4 16.2 10.0 2.5 2 1 4 2 2
-2316.7 -5477.1 -9.4 270 0 15.4 15.7 5.0 2.5 2 1 2 1 1
-2316.6 -5496.3 -9.0 270 0 15.4 16.2 10.0 2.5 4 1 4 2 2
-2316.4 -5532.5 -8.5 90 0 15.4 15.7 5.0 2.5 2 1 2 1 1
-2316.2 -5552.3 -8.2 90 0 15.4 16.2 5.0 2.5 2 1 2 3 3
-2345.8 -5477.8 -9.1 270 0 15.4 15.7 5.0 2.5 2 1 2 5 5
-2345.7 -5497.0 -8.7 270 0 15.4 16.2 10.0 2.5 2 1 4 3 3
-2345.5 -5533.2 -8.5 90 0 15.4 15.7 2.5 0.0 0 1 1 1 1
-2345.4 -5553.0 -8.3 90 0 15.4 16.2 2.5 0.0 0 1 1 4 4
-2374.7 -5486.8 -8.9 270 0 15.4 24.9 7.5 2.5 2 1 3 2 2
-2374.4 -5531.8 -8.7 90 0 15.4 15.7 10.0 2.5 2 1 4 1 1
-2374.3 -5551.6 -8.5 90 0 15.4 16.2 5.0 2.5 4 1 2 5 5
-2403.8 -5489.6 -9.0 270 0 15.4 21.8 5.0 2.5 2 1 2 5 5
-2403.5 -5531.4 -8.8 90 0 15.4 15.7 5.0 2.5 2 1 2 5 5
-2403.4 -5551.3 -8.6 90 0 15.4 16.2 7.5 2.5 2 1 3 0 0
-2432.0 -5478.5 -9.3 270 0 15.4 15.7 10.0 2.5 2 1 4 4 4
-2431.9 -5497.7 -9.1 270 0 15.4 16.2 7.5 2.5 2 1 3 2 2
-2431.6 -5533.9 -8.9 90 0 15.4 15.7 7.5 2.5 2 1 3 2 2
-2431.5 -5553.7 -8.7 90 0 15.4 16.2 2.5 2.5 2 1 1 4 4
-2460.9 -5480.3 -9.4 270 0 15.4 15.7 2.5 0.0 0 1 1 5 5
-2460.8 -5499.5 -9.2 270 0 15.4 16.2 7.5 2.5 2 1 3 0 0
-2460.6 -5535.7 -9.0 90 0 15.4 15.7 7.5 2.5 2 1 3 2 2
-2460.4 -5555.5 -8.8 90 0 15.4 16.2 5.0 2.5 2 1 2 5 5
-2488.3 -5479.8 -9.5 270 0 13.3 73.3 10.0 0.0 0 1 4 4 4
-2023.8 -5567.1 -9.4 89 0 16.2 24.1 14.0 3.5 2 0 4 3 3
-2038.4 -5574.9 -9.8 89 0 13.2 40.8 14.0 3.5 2 0 4 5 5
-1987.9 -5561.5 -8.5 89 0 13.4 29.7 14.0 0.0 0 1 4 1 1
-1973.2 -5570.0 -8.4 89 0 13.9 41.5 14.0 3.5 4 1 4 3 3
-1812.0 -5684.4 -8.9 180 0 33.0 15.7 14.0 3.5 2 0 4 2 2
-2607.3 -5653.0 -8.4 271 0 11.8 54.2 7.5 2.5 2 1 3 5 5
-2634.3 -5707.7 -8.6 91 0 11.9 54.2 10.0 0.0 0 1 4 3 3
-733.6 7621.5 -11.1 100 0 45.5 5.8 7.5 2.5 2 0 3 0 0
-702.4 7616.1 -11.1 100 0 17.9 48.8 7.5 2.5 2 0 3 2 2
-403.4 7570.6 -11.0 99 0 53.7 7.4 7.5 2.5 2 0 3 1 1
-2533.6 -5359.4 -10.8 90 0 10.8 92.9 10.0 0.0 0 1 4 5 5
-2582.6 -5265.5 -10.7 270 0 32.7 59.3 10.0 0.0 0 1 4 1 1
-2616.6 -5354.0 -10.9 90 0 21.0 88.4 10.0 0.0 0 1 4 5 5
-2532.3 -5427.7 -10.7 360 0 88.9 36.3 10.0 0.0 0 0 4 1 1
-2607.2 -5384.3 -10.8 270 0 36.4 88.9 10.0 0.0 0 1 4 5 5
-2786.6 -5691.3 -9.7 90 0 18.6 97.7 7.5 0.0 0 1 3 5 5
-5111.4 -6126.6 -5.3 186 0 174.9 8.6 10.5 3.5 2 0 3 0 0
-5836.8 -5972.2 -6.3 277 0 35.0 7.4 10.5 3.5 2 0 3 1 1
-5104.1 -6164.4 -5.5 186 0 100.5 16.7 14.0 0.0 0 0 4 3 3
-5022.1 -6193.9 -6.1 5 0 54.7 12.2 14.0 3.5 2 0 4 5 5
-5017.6 -6143.9 -5.4 5 0 45.6 12.2 14.0 3.5 2 0 4 3 3
-5012.9 -6093.3 -4.8 5 0 56.0 12.2 14.0 3.5 2 0 4 2 2
-5271.4 -6046.4 -2.6 187 0 21.2 11.1 14.0 3.5 2 0 4 5 5
-5135.4 -6271.2 -6.0 92 0 12.2 56.2 14.0 3.5 2 1 4 1 1
-5192.2 -6269.9 -5.8 92 0 62.9 56.8 14.0 0.0 0 0 4 0 0
-5277.6 -6098.3 -3.1 187 0 18.1 35.9 14.0 0.0 0 1 4 4 4
-5281.4 -6132.1 -3.4 187 0 35.3 10.3 14.0 3.5 2 0 4 3 3
-5197.3 -6198.1 -5.0 273 0 56.6 10.3 14.0 3.5 4 0 4 2 2
-5182.3 -6027.9 -2.5 97 0 30.5 11.2 14.0 0.0 0 0 4 3 3
-5144.4 -6130.1 -4.1 97 0 20.1 75.3 14.0 3.5 2 1 4 5 5
-5170.1 -6127.7 -3.9 97 0 18.3 77.6 14.0 3.5 2 1 4 3 3
-5195.7 -6124.7 -3.7 97 0 18.7 77.5 14.0 3.5 2 1 4 2 2
-5151.9 -6191.2 -4.9 97 0 19.4 50.1 14.0 3.5 2 1 4 3 3
-5178.5 -6189.6 -4.7 97 0 19.2 52.2 14.0 3.5 2 1 4 3 3
-5197.2 -6134.4 -4.4 277 0 18.8 52.4 14.0 3.5 2 1 4 0 0
-5224.8 -6153.5 -4.1 7 0 55.1 14.3 14.0 3.5 2 0 4 4 4
-5214.7 -6068.2 -3.4 7 0 108.4 16.2 14.0 0.0 0 0 4 5 5
-5921.6 -5983.4 -6.3 187 0 18.4 10.3 14.0 3.5 2 0 4 2 2
-5457.5 -5711.0 -5.6 186 0 9.4 33.9 10.5 3.5 2 1 3 2 2
-5583.5 -5658.7 -6.2 278 0 5.6 13.0 10.5 3.5 2 1 3 5 5
-5618.2 -5645.9 -6.2 282 0 74.8 4.8 10.5 3.5 2 0 3 1 1
-5671.5 -5675.2 -6.2 96 0 18.3 37.3 17.5 3.5 2 0 5 5 5
-5620.7 -5680.8 -6.3 96 0 83.8 8.8 10.5 3.5 2 0 3 4 4
-5402.2 -5692.6 -5.4 276 0 13.1 16.4 17.5 3.5 2 1 5 3 3
-5367.5 -5723.7 -5.0 186 0 18.0 67.1 10.5 3.5 2 1 3 0 0
-5306.8 -5920.7 -3.9 96 0 21.7 57.2 14.0 0.0 0 1 4 1 1
-5341.7 -5770.3 -4.8 96 0 52.8 19.9 10.5 3.5 4 0 3 2 2
-5357.8 -5796.0 -4.5 276 0 20.4 47.5 10.5 3.5 2 1 3 4 4
-5369.0 -5908.1 -4.3 96 0 20.5 47.5 14.0 3.5 4 1 4 0 0
-5715.2 -5715.1 -6.2 6 0 48.0 24.8 14.0 0.0 0 0 4 5 5
-5721.7 -5779.2 -6.2 6 0 48.1 25.4 17.5 0.0 0 0 5 2 2
-5730.1 -5844.4 -6.3 6 0 48.2 24.9 17.5 0.0 0 0 5 3 3
-5667.5 -5737.0 -6.3 96 0 17.9 36.2 17.5 3.5 2 1 5 5 5
-5628.6 -5723.1 -6.3 186 0 36.2 18.6 17.5 0.0 0 0 5 1 1
-5624.3 -5768.1 -6.2 276 0 18.6 42.3 14.0 3.5 2 1 4 4 4
-5669.4 -5763.1 -6.2 276 0 20.3 42.3 17.5 3.5 2 1 5 1 1
-5553.0 -5705.7 -6.2 276 0 24.9 50.5 17.5 3.5 2 1 5 3 3
-5560.2 -5771.4 -5.9 276 0 24.9 50.0 14.0 3.5 4 1 4 5 5
-5572.9 -5885.6 -5.7 96 0 24.9 48.7 14.0 0.0 0 1 4 3 3
-5542.7 -5864.5 -5.4 186 0 48.7 22.3 17.5 0.0 0 0 5 2 2
-5502.4 -5893.5 -5.2 96 0 20.8 48.7 17.5 3.5 2 1 5 1 1
-5470.8 -5897.3 -5.0 96 0 23.4 48.6 17.5 3.5 2 1 5 1 1
-5454.7 -5912.5 -4.6 276 0 49.9 20.8 17.5 3.5 2 0 5 1 1
-5518.7 -5905.1 -5.0 276 0 48.6 21.8 17.5 3.5 2 0 5 5 5
-5601.0 -5896.1 -5.7 276 0 81.0 23.4 17.5 0.0 0 0 5 1 1
-5716.6 -5887.6 -6.2 276 0 85.0 20.7 17.5 0.0 0 0 5 5 5
6659.6 4482.2 -7.9 358 0 5.4 21.4 10.5 3.5 2 0 3 5 5
6666.8 4472.4 -7.9 358 0 25.6 6.8 10.5 3.5 2 0 3 0 0
6625.5 4470.7 -7.8 178 0 25.6 8.7 10.5 3.5 2 0 3 2 2
6637.0 4507.8 -7.9 179 0 34.9 8.8 10.5 3.5 2 0 3 5 5
6624.7 4507.5 -7.9 179 0 34.9 12.3 14.0 3.5 2 0 4 4 4
6626.3 4605.1 -7.9 268 0 7.9 30.9 10.5 3.5 2 1 3 0 0
6557.9 4601.7 -7.7 267 0 12.5 49.8 14.0 3.5 2 1 4 5 5
-3381.1 1789.0 -4.3 90 0 8.0 22.2 7.5 2.5 2 1 3 1 1
-3402.0 1845.9 -4.3 270 0 7.9 24.2 5.0 2.5 2 1 2 3 3
-3405.7 1800.7 -4.3 180 0 22.2 7.9 7.5 2.5 2 0 3 3 3
-3421.4 1846.0 -4.3 269 0 7.4 55.3 7.5 2.5 2 1 3 5 5
-3415.9 1742.9 -4.3 87 0 7.9 45.4 7.5 2.5 2 1 3 1 1
-6319.7 -5795.9 -6.1 13 0 20.9 47.2 14.0 0.0 0 1 4 0 0
-6354.4 -5834.1 -6.1 103 0 61.6 23.6 14.0 3.5 2 0 4 0 0
-6397.8 -5823.9 -6.1 103 0 27.8 64.3 14.0 0.0 0 0 4 2 2
-5700.8 -5588.4 -6.2 102 0 48.5 14.2 14.0 3.5 2 0 4 3 3
-5621.0 -5559.2 -6.2 96 0 71.9 27.3 14.0 0.0 0 0 4 1 1
-5662.0 -5554.5 -6.2 96 0 10.6 29.8 14.0 3.5 2 0 4 0 0
-5677.6 -5552.8 -6.2 96 0 20.9 29.8 14.0 0.0 0 0 4 0 0
-5678.8 -5513.4 -6.2 96 0 13.7 23.5 14.0 3.5 2 1 4 4 4
-5672.7 -5452.2 -6.2 96 0 14.1 29.4 14.0 3.5 2 1 4 5 5
-5674.3 -5459.8 -6.1 276 0 15.2 26.5 14.0 3.5 2 1 4 2 2
-5636.6 -5453.2 -6.2 96 0 50.8 27.8 14.0 0.0 0 0 4 4 4
-5621.7 -5472.7 -6.2 276 0 72.3 21.0 14.0 3.5 2 0 4 3 3
-5527.4 -5490.7 -6.2 6 0 30.7 12.0 14.0 3.5 2 0 4 1 1
-5556.5 -5502.9 -6.2 96 0 31.0 65.4 14.0 0.0 0 0 4 5 5
-5606.6 -5520.8 -6.3 97 0 108.9 20.4 14.0 0.0 0 0 4 5 5
-5560.4 -5574.9 -6.3 187 0 81.3 22.4 14.0 0.0 0 0 4 3 3
-5664.0 -5261.4 -6.1 97 0 17.3 66.7 14.0 3.5 2 0 4 1 1
-5647.3 -5263.3 -6.1 97 0 16.4 66.7 14.0 3.5 2 0 4 0 0
-5662.4 -5178.4 -6.2 187 0 17.9 125.9 14.0 0.0 0 0 4 0 0
-5612.8 -5264.3 -6.1 97 0 36.0 62.9 14.0 0.0 0 1 4 1 1
-5663.4 -5352.1 -6.1 97 0 37.1 11.8 14.0 3.5 2 0 4 3 3
-5688.1 -5304.4 -6.1 277 0 10.6 44.8 14.0 3.5 2 1 4 3 3
-5668.6 -5359.2 -6.1 277 0 16.1 55.9 14.0 3.5 2 1 4 2 2
-5631.5 -5391.0 -6.2 187 0 50.8 69.1 14.0 0.0 0 1 4 5 5
-5636.1 -5318.4 -6.2 187 0 59.8 100.8 14.0 0.0 0 1 4 4 4
-5453.6 -5217.8 -6.1 276 0 23.9 13.1 14.0 3.5 2 0 4 1 1
-5484.4 -5243.2 -6.1 6 0 23.0 7.0 10.5 3.5 2 0 3 5 5
-5493.6 -5318.1 -6.1 6 0 61.7 7.3 10.5 3.5 2 0 3 5 5
-5514.2 -5499.4 -6.2 6 0 34.7 8.1 10.5 3.5 2 0 3 3 3
-5519.8 -5554.3 -6.2 6 0 63.6 8.9 10.5 3.5 2 0 3 5 5
-5277.5 -5473.2 -6.1 96 0 24.4 46.2 10.5 0.0 0 1 3 5 5
-5497.1 -5425.6 -6.2 186 0 45.2 34.4 14.0 0.0 0 0 4 5 5
-5383.0 -5517.1 -6.2 6 0 21.1 63.7 14.0 3.5 2 1 4 0 0
-5386.8 -5552.2 -6.2 6 0 21.5 63.7 14.0 3.5 2 1 4 3 3
-5390.4 -5585.2 -6.2 6 0 20.0 63.7 14.0 3.5 2 1 4 5 5
-5410.1 -5472.3 -6.2 276 0 63.7 19.8 14.0 3.5 2 0 4 3 3
-5427.1 -5627.5 -6.2 96 0 63.7 22.0 14.0 3.5 2 0 4 2 2
-5507.1 -5503.0 -6.3 186 0 21.1 56.8 14.0 3.5 2 1 4 5 5
-5514.5 -5571.1 -6.3 186 0 20.0 56.8 14.0 3.5 2 1 4 5 5
-5510.9 -5538.1 -6.3 186 0 21.5 56.8 14.0 3.5 4 1 4 3 3
-5518.0 -5602.6 -6.2 186 0 15.4 56.8 14.0 3.5 2 1 4 2 2
-5503.6 -5471.5 -6.2 186 0 19.7 56.8 14.0 3.5 2 1 4 0 0
-5481.7 -5275.3 -6.2 186 0 21.1 56.8 14.0 3.5 4 1 4 0 0
-5485.6 -5310.3 -6.2 186 0 21.5 56.8 14.0 3.5 2 1 4 0 0
-5489.2 -5343.3 -6.2 186 0 20.0 56.8 14.0 3.5 2 1 4 0 0
-5478.3 -5243.8 -6.2 186 0 19.7 56.8 14.0 3.5 2 1 4 0 0
-5493.0 -5378.1 -6.2 186 0 22.0 56.8 14.0 3.5 2 1 4 3 3
-5357.7 -5289.4 -6.2 6 0 21.1 63.7 14.0 3.5 2 1 4 5 5
-5361.5 -5324.4 -6.2 6 0 21.5 63.7 14.0 3.5 2 1 4 5 5
-5365.1 -5357.4 -6.2 6 0 20.0 63.7 14.0 0.0 0 1 4 4 4
-5384.8 -5244.6 -6.2 276 0 63.7 19.8 14.0 3.5 2 0 4 1 1
-5401.8 -5399.7 -6.2 96 0 63.7 22.0 14.0 3.5 2 0 4 0 0
-5236.0 -5304.6 -6.2 6 0 21.1 79.2 14.0 0.0 0 1 4 4 4
-5239.5 -5338.0 -6.2 6 0 21.5 79.2 14.0 0.0 0 1 4 4 4
-5243.2 -5371.4 -6.2 6 0 20.0 79.2 14.0 3.5 2 1 4 4 4
-5232.6 -5273.1 -6.2 6 0 19.8 79.2 14.0 3.5 2 1 4 3 3
-5247.0 -5406.2 -6.1 6 0 22.0 79.2 14.0 0.0 0 1 4 2 2
-5257.1 -5497.2 -6.0 6 0 19.8 79.2 14.0 3.5 2 1 4 5 5
-5261.8 -5531.9 -5.9 6 0 21.1 79.2 14.0 0.0 0 1 4 5 5
-5265.7 -5567.0 -5.7 6 0 21.5 79.2 14.0 0.0 0 1 4 0 0
-5269.3 -5600.0 -5.5 6 0 20.0 79.2 14.0 3.5 2 1 4 4 4
-5273.1 -5634.8 -5.4 6 0 22.0 79.2 14.0 0.0 0 1 4 1 1
-6350.7 -5718.2 -6.1 7 0 39.4 31.7 14.0 0.0 0 0 4 3 3
-6378.8 -5643.4 -6.0 277 0 11.3 90.4 14.0 3.5 2 0 4 3 3
-6269.2 -5761.2 -6.1 7 0 10.4 133.8 14.0 3.5 2 1 4 5 5
-6254.8 -5540.0 -6.0 286 0 61.0 87.4 14.0 0.0 0 1 4 5 5
1613.6 8487.5 -11.1 24 0 38.1 9.0 10.5 3.5 2 0 3 3 3
1610.2 8507.7 -11.2 25 0 52.7 51.9 14.0 0.0 0 0 4 2 2
174.2 3671.4 3.9 261 0 15.8 31.2 10.0 2.5 2 1 4 4 4
309.3 3618.0 4.1 81 0 78.3 29.7 10.0 0.0 0 0 4 1 1
278.1 3689.8 4.0 261 0 115.3 27.1 7.5 0.0 0 0 3 0 0
840.6 2897.1 -0.0 359 0 108.0 106.4 7.5 0.0 0 0 3 2 2
719.6 2896.9 0.4 359 0 116.0 73.4 7.5 0.0 0 0 3 0 0
1822.1 -259.5 -0.2 270 0 8.4 29.4 7.5 2.5 2 1 3 5 5
1795.3 -264.3 -0.1 270 0 10.4 18.6 5.0 0.0 0 1 2 4 4
1757.8 -261.3 -0.1 270 0 13.3 19.6 10.0 2.5 4 1 4 1 1
1720.1 -258.3 -0.1 270 0 13.1 17.9 2.5 2.5 2 1 1 3 3
1679.7 -255.0 -0.1 270 0 12.8 17.8 5.0 2.5 4 1 2 5 5
1641.5 -252.5 -0.1 270 0 12.4 17.3 5.0 2.5 2 1 2 0 0
1618.9 -251.4 -0.1 270 0 13.6 17.3 2.5 2.5 2 1 1 3 3
1798.5 -330.4 -0.4 90 0 18.8 40.6 10.0 2.5 2 1 4 4 4
1761.5 -330.4 -0.4 90 0 20.1 40.6 7.5 2.5 2 1 3 4 4
1722.7 -330.4 -0.5 90 0 20.7 40.6 7.5 0.0 0 1 3 4 4
1681.3 -330.4 -0.5 90 0 18.3 40.6 7.5 2.5 2 1 3 3 3
1644.7 -330.4 -0.5 90 0 20.6 40.6 10.0 0.0 0 1 4 0 0
1615.0 -330.4 -0.5 90 0 20.3 40.6 7.5 0.0 0 1 3 4 4
689.7 -3261.8 4.4 356 0 11.8 27.0 17.5 3.5 2 1 5 4 4
1640.2 -3494.4 1.0 263 0 90.9 10.9 17.5 3.5 2 0 5 4 4
2228.2 -4125.7 0.8 270 0 10.2 50.7 14.0 3.5 2 1 4 5 5
1776.3 -4058.4 1.1 271 0 22.8 73.3 14.0 0.0 0 1 4 5 5
728.7 -5020.0 0.2 270 0 13.0 31.6 17.5 3.5 2 1 5 0 0
761.6 -5050.2 0.1 90 0 9.5 15.2 10.5 3.5 2 0 3 1 1
779.9 -5019.2 0.1 270 0 8.6 31.0 10.5 0.0 0 1 3 5 5
798.9 -5019.3 0.1 270 0 8.5 31.0 10.5 3.5 2 1 3 0 0
816.6 -5019.3 0.1 270 0 7.3 31.0 10.5 3.5 2 1 3 1 1
782.4 -5166.4 -0.1 269 0 53.3 7.2 10.5 3.5 2 0 3 4 4
769.3 -5054.3 0.1 268 0 35.7 12.4 17.5 3.5 2 0 5 5 5
789.5 -5084.2 -0.0 269 0 22.8 68.5 17.5 3.5 2 1 5 1 1
1662.8 -5090.2 0.7 91 0 18.4 57.4 17.5 3.5 2 1 5 0 0
1632.9 -5006.8 0.5 181 0 12.3 23.7 17.5 3.5 2 1 5 4 4
1609.7 -4965.4 0.1 181 0 35.4 28.6 17.5 0.0 0 0 5 3 3
291.9 -5192.7 0.9 90 0 10.1 13.1 7.5 2.5 2 1 3 2 2
1103.8 -5024.3 -0.6 92 0 11.6 37.0 17.5 3.5 2 1 5 0 0
2291.1 -4294.2 -0.2 360 0 43.7 11.9 14.0 3.5 2 0 4 0 0
2222.1 -4320.4 0.4 91 0 15.6 50.1 14.0 3.5 2 1 4 1 1
1668.2 -5628.1 -3.1 270 0 15.7 28.8 17.5 3.5 2 0 5 4 4
1720.5 -5628.5 -3.2 270 0 16.6 27.0 17.5 3.5 2 0 5 1 1
