-6680.4 7690.3 -3.2 178 0 57.5 134.9 17.5 0.0 0 1 5 4 4
-6619.3 7111.6 -5.9 89 0 32.9 78.4 17.5 0.0 0 1 5 0 0
-4530.9 8810.3 -9.2 67 0 7.8 42.1 10.5 3.5 2 1 3 3 3
-4547.2 8808.5 -9.2 89 0 9.7 15.5 10.5 3.5 2 1 3 5 5
-4559.0 8808.2 -9.2 89 0 11.3 79.2 17.5 3.5 2 1 5 2 2
-4563.3 8900.8 -8.6 179 0 26.6 7.9 10.5 3.5 2 0 3 4 4
-4502.1 8802.6 -9.1 67 0 8.7 71.0 10.5 0.0 0 1 3 2 2
-5933.6 10708.3 -14.5 196 0 7.1 10.6 10.5 3.5 2 1 3 0 0
-5001.7 10093.6 -10.1 274 0 24.1 17.9 21.0 0.0 0 0 6 0 0
-6884.0 6254.3 -3.6 90 0 11.1 52.1 14.0 3.5 2 1 4 1 1
-6913.8 6365.3 -3.6 270 0 11.1 52.1 14.0 3.5 4 1 4 5 5
-6884.3 6366.0 -3.5 270 0 11.0 52.1 14.0 3.5 2 1 4 4 4
-6792.3 6243.6 -3.5 90 0 13.5 52.7 14.0 3.5 2 1 4 4 4
-6733.1 6263.3 -4.2 360 0 36.1 15.6 14.0 3.5 2 0 4 0 0
-6739.1 6353.0 -4.0 270 0 15.6 41.4 14.0 3.5 2 1 4 5 5
-6913.0 6253.8 -3.7 90 0 11.0 52.1 14.0 3.5 2 1 4 2 2
-6855.5 6366.3 -3.5 270 0 11.1 52.1 14.0 3.5 2 1 4 4 4
-6829.3 6254.4 -3.5 90 0 11.1 52.1 14.0 3.5 2 1 4 0 0
-6856.7 6254.3 -3.6 90 0 11.1 52.1 14.0 3.5 2 1 4 1 1
-6828.1 6367.3 -3.4 270 0 11.0 52.1 14.0 3.5 2 1 4 3 3
-5925.1 8928.8 -10.0 250 0 16.7 23.9 17.5 0.0 0 0 5 4 4
-5907.7 8915.8 -9.6 202 0 7.6 17.0 10.5 3.5 2 0 3 5 5
-5922.1 8804.2 -10.0 299 0 16.8 22.0 17.5 3.5 4 1 5 3 3
-4711.9 9176.3 -9.0 183 0 48.7 11.9 14.0 0.0 0 0 4 2 2
-4682.9 9176.4 -9.3 183 0 49.1 11.4 14.0 3.5 2 0 4 1 1
-4656.7 9148.7 -9.3 93 0 11.4 50.6 14.0 3.5 4 1 4 4 4
-4623.6 9172.3 -9.2 3 0 49.7 11.3 14.0 3.5 2 0 4 3 3
-4596.6 9171.0 -9.1 4 0 48.7 15.5 14.0 3.5 2 0 4 5 5
-4578.5 9169.3 -9.1 6 0 48.4 10.8 14.0 3.5 2 0 4 3 3
-4482.3 9954.5 -7.0 11 0 48.7 12.3 17.5 3.5 4 0 5 0 0
-4510.6 9982.8 -6.9 281 0 14.0 46.7 17.5 3.5 2 1 5 3 3
-5872.9 10156.3 -9.2 105 0 13.6 73.2 17.5 3.5 2 1 5 2 2
-5842.3 10147.5 -9.4 106 0 11.9 74.6 17.5 3.5 2 1 5 3 3
-5810.9 10136.0 -9.6 105 0 12.3 77.5 17.5 0.0 0 1 5 2 2
-5780.8 10126.8 -9.6 105 0 12.0 78.7 17.5 3.5 2 1 5 2 2
-5749.7 10116.7 -9.6 105 0 12.6 81.1 17.5 3.5 2 1 5 5 5
-5701.1 10145.0 -9.7 15 0 83.9 13.7 17.5 0.0 0 0 5 0 0
-5631.4 9525.0 -10.4 299 0 77.0 15.9 7.5 0.0 0 0 3 1 1
-4700.8 9271.3 -8.3 273 0 12.2 62.2 14.0 3.5 2 1 4 2 2
-4673.1 9271.6 -8.3 272 0 10.9 65.0 14.0 3.5 4 1 4 3 3
-4650.4 9274.7 -8.3 273 0 11.8 69.3 14.0 3.5 2 1 4 5 5
-4623.5 9262.8 -8.4 274 0 11.3 59.0 14.0 3.5 2 1 4 3 3
-4599.1 9262.9 -8.7 274 0 12.1 60.3 14.0 3.5 2 1 4 2 2
-4572.8 9228.7 -9.0 6 0 57.4 14.0 14.0 3.5 2 0 4 5 5
-4622.4 9285.9 -7.5 271 0 13.0 22.6 14.0 3.5 2 1 4 3 3
-4653.9 9288.5 -7.5 268 0 48.6 10.1 14.0 3.5 2 0 4 4 4
-4696.0 9286.8 -7.6 269 0 31.0 9.3 10.5 3.5 2 0 3 0 0
-4736.2 9285.9 -7.8 269 0 32.3 9.1 10.5 3.5 2 0 3 3 3
-4736.6 9133.9 -9.1 184 0 30.7 14.8 14.0 3.5 2 0 4 0 0
-4701.1 9109.4 -9.1 94 0 12.3 38.7 14.0 0.0 0 1 4 2 2
-4671.6 9104.4 -9.2 92 0 12.5 41.5 14.0 3.5 4 1 4 2 2
-4641.7 9102.7 -9.1 93 0 12.3 41.4 14.0 3.5 2 1 4 2 2
-4615.7 9101.6 -8.9 93 0 12.0 40.7 14.0 3.5 2 1 4 0 0
-4582.5 9120.0 -8.8 6 0 39.8 10.6 14.0 3.5 2 0 4 3 3
-4589.2 9065.3 -7.7 10 0 50.3 12.3 14.0 3.5 4 0 4 4 4
-5805.3 8904.8 -9.3 279 0 88.5 28.7 17.5 0.0 0 0 5 0 0
-5019.5 10396.3 -10.2 8 0 18.4 20.1 17.5 3.5 2 1 5 5 5
-882.5 10008.3 -10.4 360 0 62.7 32.7 7.5 0.0 0 0 3 4 4
4169.1 10639.6 -14.4 358 0 68.4 14.7 7.5 2.5 2 0 3 3 3
4190.1 10544.5 -15.0 178 0 60.9 12.0 14.0 3.5 2 0 4 3 3
4162.6 10572.1 -15.0 270 0 11.0 58.9 14.0 3.5 2 1 4 0 0
4256.7 10556.3 -15.1 358 0 56.2 14.1 14.0 0.0 0 0 4 1 1
-1560.7 5522.9 -3.8 355 0 69.4 17.3 14.0 3.5 2 0 4 4 4
-1618.9 5552.8 -4.2 265 0 17.3 69.4 14.0 3.5 4 1 4 2 2
-1629.0 5397.5 -4.8 85 0 17.3 69.4 14.0 3.5 2 1 4 4 4
-1559.5 5387.9 -4.4 265 0 17.3 69.4 10.5 3.5 2 1 3 3 3
-1602.6 5383.2 -4.4 265 0 17.3 69.4 10.5 3.5 2 1 3 5 5
-1648.6 5380.9 -4.5 265 0 17.3 69.4 10.5 3.5 2 1 3 3 3
-1628.1 5141.7 -1.7 85 0 17.3 69.4 14.0 3.5 2 1 4 0 0
-1570.5 5191.9 -2.2 355 0 69.4 17.3 14.0 3.5 4 0 4 1 1
-1765.0 5265.3 -3.4 265 0 17.3 69.4 14.0 3.5 2 1 4 2 2
-1686.6 5104.7 -2.1 85 0 17.5 102.5 14.0 0.0 0 1 4 4 4
-1665.7 5544.9 -4.6 265 0 17.3 69.4 14.0 3.5 2 1 4 1 1
-1751.0 5663.5 -4.3 355 0 69.4 17.3 10.0 2.5 2 0 4 2 2
-1695.0 5376.7 -4.9 265 0 17.3 69.4 10.5 3.5 4 1 3 3 3
-1760.2 5128.0 -2.6 175 0 111.3 17.0 14.0 0.0 0 0 4 5 5
-1460.3 6192.3 1.2 85 0 17.1 59.9 14.0 3.5 2 1 4 3 3
-1493.3 6188.8 1.0 85 0 17.1 59.9 14.0 3.5 2 1 4 0 0
-1536.2 6234.3 0.7 176 0 96.7 17.1 14.0 0.0 0 0 4 0 0
-1701.2 6296.5 -0.9 265 0 17.1 59.9 14.0 3.5 2 1 4 5 5
-1661.8 6273.9 -0.7 355 0 59.9 17.1 14.0 3.5 2 0 4 4 4
-1656.3 6194.6 -0.1 355 0 59.9 17.1 14.0 3.5 2 0 4 1 1
-1689.6 6164.7 -0.2 85 0 17.1 59.9 14.0 3.5 2 1 4 5 5
-5100.1 10030.6 -10.1 100 0 14.2 6.5 10.5 3.5 2 0 3 1 1
-5074.0 10030.0 -10.1 10 0 8.1 15.7 10.5 3.5 2 1 3 2 2
-5237.0 10100.2 -10.0 98 0 15.7 36.5 12.5 2.5 2 1 5 4 4
-5126.4 10102.1 -10.0 279 0 31.1 5.9 10.5 3.5 2 0 3 0 0
-5169.4 10052.0 -10.1 190 0 6.1 45.1 10.5 3.5 2 1 3 4 4
-5163.6 10084.1 -10.1 190 0 6.1 45.1 10.5 3.5 2 1 3 3 3
-3942.5 7913.4 -5.7 242 0 15.5 55.0 14.0 3.5 2 1 4 0 0
-3908.8 7930.7 -5.6 242 0 15.5 55.0 14.0 3.5 2 1 4 1 1
-3939.3 7834.1 -6.5 153 0 52.7 15.3 14.0 3.5 2 0 4 0 0
-3961.7 7789.6 -6.4 331 0 65.3 15.6 17.5 3.5 2 0 5 3 3
-3992.9 7850.4 -6.5 332 0 55.0 15.5 17.5 3.5 2 0 5 0 0
-3876.1 7713.8 -5.0 153 0 48.3 15.6 14.0 3.5 2 0 4 5 5
-3842.4 7789.4 -6.3 63 0 15.3 52.7 14.0 3.5 4 1 4 1 1
-4515.5 7299.5 -5.1 18 0 54.5 14.7 17.5 3.5 2 0 5 3 3
-4568.0 7287.9 -3.9 108 0 14.7 54.5 17.5 3.5 2 1 5 5 5
-4604.5 7328.2 -2.7 198 0 54.5 14.7 17.5 3.5 2 0 5 2 2
-4216.5 8514.2 -6.0 8 0 54.2 13.0 14.0 3.5 2 0 4 4 4
-4225.2 8451.1 -5.4 7 0 58.6 13.0 14.0 3.5 2 0 4 5 5
-4368.0 8519.1 -8.3 173 0 70.1 15.6 14.0 3.5 2 0 4 2 2
-4330.8 8562.6 -8.1 263 0 15.6 70.1 14.0 3.5 2 1 4 3 3
-1450.2 2155.9 3.4 254 0 61.0 137.9 10.5 0.0 0 1 3 3 3
-6757.6 8582.0 -8.6 271 0 9.7 65.2 10.5 3.5 2 1 3 3 3
-5480.1 8328.1 -7.7 125 0 93.6 79.3 14.0 0.0 0 0 4 1 1
-4926.0 9995.0 -10.3 4 0 59.7 11.6 21.0 3.5 2 0 6 3 3
-4935.2 9914.0 -10.3 5 0 19.2 43.5 21.0 3.5 2 1 6 4 4
-4876.6 9854.4 -10.5 189 0 9.7 40.3 10.5 3.5 2 1 3 1 1
-4082.5 8024.3 -6.3 333 0 97.3 12.7 17.5 3.5 2 0 5 3 3
-4035.5 7935.5 -6.3 332 0 46.6 8.0 10.5 3.5 4 0 3 1 1
-3905.7 7680.4 -4.4 332 0 65.3 13.5 17.5 3.5 2 0 5 4 4
-3916.7 7789.2 -6.5 153 0 44.9 14.7 14.0 3.5 2 0 4 4 4
-3897.7 7752.5 -5.8 153 0 34.1 14.2 14.0 3.5 2 0 4 5 5
-4228.6 8324.6 -5.2 352 0 34.7 14.0 17.5 3.5 2 0 5 1 1
-4209.0 8290.4 -5.2 332 0 34.6 14.0 17.5 3.5 2 0 5 0 0
-6288.3 9514.3 -7.3 207 0 35.3 15.0 21.0 0.0 0 0 6 2 2
-6293.2 9454.1 -8.4 153 0 10.8 13.3 21.0 0.0 0 0 6 3 3
-6356.8 9491.7 -7.9 27 0 43.7 25.5 17.5 3.5 2 0 5 2 2
-6425.0 9700.1 -8.2 98 0 17.1 41.3 14.0 3.5 2 1 4 4 4
-6102.8 9911.0 -9.9 107 0 16.6 49.9 14.0 3.5 2 1 4 2 2
-6199.1 9945.4 -10.0 17 0 58.9 23.8 17.5 3.5 2 0 5 0 0
