2033.1 -3551.0 -4.3 75 0 16.5 24.2 17.5 3.5 2 1 5 0 0
1798.2 -4746.4 -1.8 11 0 74.9 25.4 14.0 0.0 0 0 4 0 0
1758.5 -4699.8 -1.8 281 0 25.4 74.9 14.0 0.0 0 1 4 5 5
1704.0 -4729.1 -1.9 191 0 74.9 25.4 14.0 0.0 0 0 4 2 2
1843.0 -5162.8 -0.8 101 0 16.4 76.9 17.5 3.5 2 1 5 4 4
1559.9 -5547.8 -2.4 272 0 11.6 77.3 14.0 3.5 2 1 4 4 4
1560.6 -5469.8 -2.3 271 0 11.9 70.8 14.0 3.5 2 1 4 5 5
1523.4 -5469.5 -2.5 271 0 12.9 70.8 14.0 3.5 2 1 4 0 0
1476.0 -5503.8 -2.7 181 0 70.8 11.8 14.0 3.5 2 0 4 1 1
1427.1 -5541.4 -3.0 91 0 11.8 70.8 14.0 3.5 2 1 4 2 2
1386.4 -5541.7 -3.2 91 0 11.8 70.8 14.0 0.0 0 1 4 0 0
1347.4 -5541.7 -3.4 91 0 11.8 70.8 14.0 3.5 2 1 4 1 1
266.7 -4625.9 -2.3 280 0 12.2 36.9 14.0 3.5 2 1 4 4 4
302.8 -4632.8 -1.8 280 0 12.2 36.9 14.0 0.0 0 1 4 1 1
339.2 -4639.3 -1.2 280 0 12.2 40.0 14.0 3.5 2 1 4 5 5
375.3 -4646.7 -0.6 280 0 12.2 40.1 14.0 3.5 2 1 4 3 3
411.8 -4652.4 -0.0 279 0 12.2 40.9 14.0 3.5 2 1 4 0 0
578.3 -4866.1 -4.0 281 0 11.2 61.8 17.5 3.5 2 1 5 2 2
551.8 -4995.3 -4.5 101 0 11.2 61.8 17.5 3.5 2 1 5 1 1
511.6 -5000.9 -4.6 101 0 11.2 78.5 17.5 3.5 2 1 5 4 4
499.6 -4848.6 -2.7 281 0 11.2 61.8 17.5 3.5 2 1 5 1 1
473.6 -4989.1 -4.5 101 0 11.2 73.3 17.5 3.5 2 1 5 4 4
447.8 -4872.4 -2.3 191 0 65.8 11.2 17.5 3.5 2 0 5 3 3
433.0 -4990.3 -4.3 101 0 11.3 81.8 17.5 3.5 2 1 5 5 5
434.2 -5002.3 -4.8 281 0 12.6 59.8 17.5 3.5 2 1 5 4 4
461.4 -5067.8 -4.8 101 0 10.8 60.8 17.5 3.5 2 1 5 2 2
510.5 -5016.7 -4.8 282 0 10.4 39.8 17.5 3.5 2 1 5 3 3
606.3 -4905.2 -4.3 191 0 62.6 9.7 10.5 3.5 2 0 3 5 5
591.8 -4978.9 -4.6 191 0 75.0 9.7 10.5 3.5 2 0 3 1 1
538.2 -5086.9 -4.9 102 0 10.3 71.5 17.5 3.5 2 1 5 5 5
576.0 -5095.4 -4.9 102 0 10.3 72.1 17.5 3.5 2 1 5 5 5
561.9 -5168.8 -5.2 102 0 10.3 66.6 17.5 3.5 2 1 5 0 0
409.8 -5130.3 -5.1 101 0 12.6 59.8 17.5 3.5 2 1 5 4 4
-441.6 -5449.0 -6.7 93 0 10.3 118.9 14.0 3.5 2 1 4 5 5
2547.0 -5406.4 0.1 102 0 11.2 47.6 10.5 3.5 2 1 3 2 2
2139.0 -4753.6 -0.3 10 0 71.6 13.1 17.5 3.5 2 0 5 0 0
1738.7 -4395.8 3.1 284 0 36.8 23.8 17.5 0.0 0 0 5 0 0
1752.8 -4328.2 1.9 282 0 10.6 60.3 17.5 3.5 2 1 5 3 3
1771.7 -4241.8 0.2 283 0 10.9 79.8 17.5 3.5 2 1 5 1 1
1713.9 -4382.2 2.0 103 0 10.7 60.3 17.5 3.5 2 1 5 0 0
1728.5 -4314.7 0.3 103 0 10.9 79.8 17.5 3.5 2 1 5 2 2
1678.4 -4373.9 2.2 103 0 10.7 60.3 17.5 3.5 2 1 5 4 4
1710.3 -4228.6 0.5 283 0 10.9 79.8 17.5 3.5 2 1 5 4 4
1643.1 -4366.7 2.4 103 0 10.7 60.3 17.5 3.5 2 1 5 4 4
1675.5 -4220.0 0.7 283 0 10.9 79.8 14.0 3.5 2 1 4 3 3
1641.5 -4212.7 0.9 283 0 10.9 79.8 14.0 3.5 4 1 4 2 2
1609.1 -4359.3 2.6 103 0 10.6 60.3 17.5 3.5 2 1 5 0 0
1663.4 -4388.9 3.3 194 0 20.3 53.7 17.5 3.5 2 1 5 5 5
1621.2 -4369.5 3.6 282 0 74.2 20.5 17.5 3.5 2 0 5 2 2
1352.7 -5554.5 -3.4 271 0 13.0 66.1 14.0 3.5 2 1 4 3 3
1407.3 -5551.1 -3.2 271 0 13.0 66.1 14.0 0.0 0 1 4 3 3
1520.0 -5555.5 -2.6 271 0 13.0 66.1 14.0 3.5 2 1 4 1 1
1466.9 -5555.4 -2.9 271 0 13.0 66.1 14.0 3.5 2 1 4 2 2
1592.9 -5470.1 -2.2 271 0 12.0 20.4 14.0 0.0 0 1 4 4 4
1586.1 -5495.6 -2.2 272 0 6.5 106.5 10.5 0.0 0 1 3 3 3
2784.0 -5423.2 -0.6 284 0 12.2 60.1 10.5 3.5 2 1 3 3 3
2744.2 -5412.8 -0.5 284 0 12.2 45.5 10.5 3.5 2 1 3 1 1
2705.3 -5403.4 -0.4 284 0 12.2 45.5 10.5 3.5 2 1 3 5 5
2666.2 -5393.1 -0.2 284 0 11.7 48.6 10.5 0.0 0 1 3 4 4
-169.2 -4701.9 -5.8 182 0 107.5 10.7 17.5 3.5 2 0 5 5 5
-174.1 -4826.7 -5.8 182 0 107.5 10.7 17.5 3.5 2 0 5 3 3
-179.1 -4950.7 -5.7 182 0 107.5 10.7 17.5 3.5 2 0 5 0 0
-185.0 -5082.1 -5.7 182 0 107.5 10.7 17.5 3.5 2 0 5 4 4
-186.3 -5249.7 -5.8 92 0 10.7 107.5 17.5 3.5 2 1 5 2 2
-400.1 -5434.4 -6.6 92 0 12.1 109.9 14.0 3.5 2 1 4 1 1
337.2 -4293.9 -2.5 281 0 11.6 93.1 14.0 3.5 2 1 4 5 5
371.1 -4300.0 -1.9 281 0 11.6 93.1 14.0 3.5 2 1 4 0 0
406.8 -4644.6 -0.2 101 0 13.0 47.8 14.0 3.5 2 1 4 0 0
380.8 -4641.4 -0.6 101 0 7.2 71.1 10.5 3.5 2 1 3 2 2
351.6 -4633.7 -1.1 101 0 12.9 71.1 14.0 3.5 4 1 4 1 1
313.7 -4627.4 -1.7 101 0 13.0 71.1 14.0 3.5 2 1 4 3 3
277.8 -4616.0 -2.3 101 0 12.8 67.3 14.0 3.5 2 1 4 5 5
443.1 -4475.2 -0.3 101 0 13.0 59.9 14.0 3.5 2 1 4 5 5
400.2 -4467.6 -0.9 101 0 13.0 59.9 14.0 3.5 2 1 4 1 1
356.8 -4459.4 -1.6 101 0 13.0 59.9 14.0 3.5 2 1 4 5 5
302.9 -4449.9 -2.5 101 0 13.0 59.9 14.0 3.5 2 1 4 3 3
442.0 -4495.3 -0.1 280 0 13.3 77.5 14.0 0.0 0 1 4 2 2
398.3 -4486.6 -0.8 280 0 13.3 77.5 14.0 3.5 2 1 4 2 2
356.1 -4479.8 -1.5 280 0 13.3 77.5 14.0 0.0 0 1 4 0 0
299.7 -4469.6 -2.4 280 0 13.3 77.5 14.0 3.5 2 1 4 0 0
2632.9 -5377.0 -0.1 283 0 11.1 53.0 10.5 3.5 2 1 3 0 0
2584.3 -5421.8 -0.1 102 0 12.0 53.9 10.5 0.0 0 1 3 2 2
2504.0 -5397.5 0.2 102 0 11.5 132.9 10.5 3.5 2 1 3 3 3
2512.0 -5187.0 0.5 283 0 12.8 62.2 14.0 3.5 2 1 4 2 2
2495.3 -5261.0 0.4 283 0 11.3 129.4 14.0 0.0 0 1 4 2 2
2425.1 -5379.6 0.4 103 0 12.5 71.1 14.0 3.5 2 1 4 0 0
2390.1 -5371.6 0.6 103 0 12.5 69.9 14.0 3.5 2 1 4 1 1
2353.2 -5366.5 0.8 103 0 12.5 62.9 14.0 0.0 0 1 4 0 0
2350.5 -5372.4 0.7 283 0 12.5 78.0 14.0 3.5 2 1 4 1 1
2387.8 -5380.6 0.5 283 0 12.5 78.0 14.0 3.5 2 1 4 3 3
2423.6 -5388.0 0.4 283 0 12.5 78.0 14.0 3.5 2 1 4 3 3
2462.7 -5397.1 0.2 283 0 15.3 78.0 14.0 3.5 2 1 4 4 4
2544.5 -5415.7 -0.2 283 0 12.5 78.0 10.5 3.5 2 1 3 4 4
2503.0 -5406.3 -0.0 283 0 12.5 78.0 10.5 3.5 4 1 3 4 4
2337.8 -5575.3 0.3 281 0 10.8 84.0 14.0 3.5 2 1 4 3 3
2306.5 -5567.6 0.4 281 0 11.3 89.5 14.0 3.5 2 1 4 0 0
2367.8 -5581.3 0.1 282 0 11.4 87.3 14.0 3.5 2 1 4 0 0
2397.3 -5588.8 -0.0 282 0 11.3 89.4 14.0 3.5 2 1 4 0 0
2873.0 -5536.6 -1.2 10 0 73.5 10.3 10.5 3.5 2 0 3 2 2
2820.1 -5570.8 -1.3 281 0 10.4 62.9 10.5 0.0 0 1 3 4 4
2859.5 -5609.8 -1.5 10 0 62.9 10.3 10.5 3.5 2 0 3 0 0
2595.9 -5735.7 -1.1 99 0 14.9 53.2 10.5 3.5 2 1 3 4 4
2627.4 -5688.0 -1.2 279 0 13.2 18.8 10.5 0.0 0 1 3 4 4
2677.5 -5790.6 -1.6 9 0 13.3 108.8 10.5 3.5 2 1 3 2 2
2656.2 -5752.4 -1.4 278 0 12.2 25.4 10.5 0.0 0 1 3 3 3
2627.0 -5749.7 -1.3 279 0 10.1 24.5 10.5 3.5 2 1 3 0 0
2598.4 -5745.3 -1.2 279 0 10.1 24.5 10.5 3.5 2 1 3 2 2
2570.5 -5738.1 -1.0 279 0 10.1 24.5 10.5 3.5 2 1 3 3 3
2544.6 -5735.1 -0.9 278 0 9.2 23.9 10.5 3.5 4 1 3 3 3
2554.3 -5705.1 -0.9 9 0 14.5 13.2 10.5 3.5 2 0 3 0 0
2551.4 -5723.8 -0.9 9 0 14.5 13.2 10.5 0.0 0 0 3 5 5
2545.9 -5778.0 -1.1 98 0 38.4 15.0 10.5 3.5 2 0 3 4 4
2658.9 -5747.3 -1.4 98 0 13.0 55.5 10.5 3.5 2 1 3 1 1
2680.7 -5704.9 -1.5 189 0 16.1 23.6 14.0 3.5 2 1 4 4 4
2837.8 -5717.4 -2.1 278 0 11.2 90.0 14.0 3.5 2 0 4 4 4
2809.0 -5715.0 -2.0 278 0 10.2 88.1 14.0 3.5 2 0 4 1 1
2780.4 -5710.7 -1.9 278 0 10.2 88.2 14.0 3.5 2 0 4 5 5
2751.7 -5705.9 -1.8 278 0 10.2 88.7 14.0 3.5 2 0 4 3 3
2710.7 -5744.4 -1.7 188 0 89.1 10.1 14.0 3.5 2 0 4 1 1
2839.6 -5708.7 -1.8 99 0 11.7 63.7 10.5 0.0 0 1 3 1 1
2810.5 -5704.4 -1.7 99 0 11.7 63.7 10.5 3.5 2 1 3 2 2
2782.4 -5699.7 -1.6 99 0 11.7 63.7 10.5 3.5 4 1 3 2 2
2753.4 -5696.5 -1.6 99 0 11.7 63.7 10.5 3.5 2 1 3 2 2
2724.9 -5691.7 -1.5 99 0 11.7 63.7 10.5 3.5 4 1 3 3 3
2696.6 -5687.8 -1.4 99 0 11.7 63.7 10.5 3.5 4 1 3 1 1
2666.5 -5682.0 -1.3 99 0 11.7 63.7 10.5 3.5 2 1 3 0 0
2639.4 -5678.8 -1.2 99 0 11.7 63.7 10.5 3.5 2 1 3 1 1
2611.4 -5673.0 -1.0 99 0 11.7 63.7 10.5 3.5 2 1 3 3 3
2582.0 -5668.3 -0.9 99 0 11.7 63.7 10.5 3.5 2 1 3 2 2
2553.5 -5665.1 -0.8 99 0 11.7 63.7 10.5 3.5 2 1 3 3 3
912.9 -4717.6 -2.0 102 0 14.2 69.7 17.5 3.5 2 0 5 2 2
899.0 -4714.8 -1.8 102 0 14.3 69.7 17.5 3.5 2 0 5 3 3
904.0 -4724.8 -3.7 281 0 28.0 69.8 17.5 0.0 0 1 5 0 0
872.2 -4718.4 -3.2 281 0 7.2 69.8 10.5 3.5 2 1 3 2 2
851.0 -4714.6 -2.9 281 0 7.2 69.8 10.5 3.5 2 1 3 2 2
830.8 -4710.4 -2.6 281 0 7.2 69.8 10.5 3.5 2 1 3 1 1
810.3 -4705.3 -2.3 282 0 6.3 71.3 10.5 3.5 4 1 3 5 5
869.9 -4582.6 0.8 282 0 10.5 51.2 17.5 3.5 2 1 5 5 5
824.8 -4597.7 1.4 192 0 51.2 9.1 10.5 3.5 2 0 3 3 3
872.0 -4710.8 -1.4 102 0 7.4 71.2 10.5 3.5 2 1 3 4 4
852.1 -4706.8 -1.1 102 0 7.4 71.2 10.5 3.5 2 1 3 4 4
833.3 -4703.3 -0.8 102 0 7.4 71.2 10.5 3.5 2 1 3 1 1
814.2 -4699.9 -0.5 102 0 7.4 71.2 10.5 3.5 2 1 3 3 3
794.9 -4696.9 -0.3 102 0 7.4 71.2 10.5 3.5 2 1 3 0 0
964.9 -4075.2 4.8 283 0 12.3 57.5 17.5 3.5 2 1 5 1 1
930.3 -4069.0 5.0 283 0 12.3 57.5 17.5 0.0 0 1 5 2 2
895.0 -4227.0 5.8 102 0 12.8 96.9 17.5 3.5 2 1 5 0 0
862.8 -4220.0 5.2 102 0 12.8 96.9 17.5 3.5 2 1 5 3 3
1167.3 -3163.1 -5.6 282 0 11.8 151.0 14.0 0.0 0 1 4 2 2
1169.3 -3152.7 -5.8 102 0 11.3 109.3 17.5 3.5 2 1 5 4 4
1196.1 -2995.0 -5.9 191 0 65.7 12.0 17.5 3.5 2 0 5 3 3
1573.2 -5196.9 -2.0 280 0 10.3 52.1 14.0 3.5 2 1 4 2 2
1545.8 -5192.2 -2.1 280 0 10.3 52.2 14.0 3.5 2 1 4 3 3
1517.3 -5186.6 -2.3 280 0 10.3 52.1 14.0 3.5 2 1 4 2 2
1488.2 -5182.1 -2.4 280 0 10.3 52.1 14.0 3.5 2 1 4 3 3
1460.8 -5176.7 -2.5 280 0 10.3 52.1 14.0 3.5 2 1 4 5 5
399.0 -3082.2 -6.1 280 0 30.6 93.0 17.5 0.0 0 1 5 4 4
386.5 -3241.7 -6.0 10 0 88.6 30.5 17.5 0.0 0 0 5 1 1
347.4 -3074.7 -6.1 280 0 30.6 93.0 17.5 0.0 0 1 5 2 2
312.3 -3275.1 -6.2 100 0 30.6 88.6 17.5 0.0 0 1 5 2 2
297.7 -3065.3 -6.1 280 0 30.6 93.0 17.5 0.0 0 1 5 4 4
262.6 -3265.8 -6.2 100 0 30.6 88.6 17.5 0.0 0 1 5 5 5
250.9 -3058.0 -6.2 280 0 30.6 93.0 17.5 0.0 0 1 5 1 1
215.7 -3258.4 -6.2 100 0 30.6 88.6 17.5 0.0 0 1 5 3 3
408.0 -2930.6 -5.7 190 0 74.7 36.3 14.0 0.0 0 0 4 2 2
416.6 -2984.9 -6.0 280 0 36.3 74.7 17.5 0.0 0 1 5 1 1
356.5 -2922.4 -5.6 190 0 74.7 36.3 17.5 0.0 0 0 5 3 3
340.9 -3010.4 -5.9 190 0 74.7 36.3 14.0 0.0 0 0 4 2 2
306.8 -2913.5 -5.7 190 0 74.7 36.3 17.5 0.0 0 0 5 2 2
291.2 -3001.5 -6.0 190 0 74.7 36.3 17.5 0.0 0 0 5 5 5
295.3 -2910.2 -5.7 10 0 75.9 19.3 14.0 3.5 2 0 4 5 5
279.2 -3000.3 -6.1 10 0 75.9 19.3 14.0 3.5 2 0 4 5 5
1748.7 -3168.9 -5.2 276 0 70.6 25.9 17.5 0.0 0 0 5 3 3
1614.3 -3098.3 -5.5 6 0 52.9 26.2 17.5 3.5 2 0 5 4 4
1608.5 -3156.3 -5.4 5 0 51.1 26.2 17.5 0.0 0 0 5 1 1
1663.6 -3053.0 -5.5 275 0 49.4 133.9 17.5 0.0 0 1 5 2 2
1548.3 -3177.0 -5.4 192 0 105.9 9.6 10.5 3.5 2 0 3 3 3
1400.7 -3039.0 -5.7 11 0 67.0 12.1 17.5 3.5 2 0 5 2 2
1362.7 -3191.4 -5.6 101 0 12.1 108.2 14.0 3.5 2 1 4 3 3
1359.9 -3203.5 -5.4 282 0 12.1 85.4 17.5 3.5 2 1 5 2 2
4159.9 -4109.3 -2.9 8 0 147.2 13.4 10.5 0.0 0 0 3 0 0
4124.6 -4331.0 -3.6 9 0 74.4 11.7 14.0 3.5 2 0 4 4 4
4107.6 -4192.8 -2.9 278 0 11.0 47.0 14.0 3.5 2 1 4 1 1
4107.6 -4091.7 -2.3 99 0 46.0 67.4 14.0 0.0 0 1 4 4 4
4105.6 -4103.1 -2.6 279 0 43.6 67.4 10.5 0.0 0 1 3 4 4
4002.4 -4089.8 -1.8 279 0 12.2 67.4 14.0 3.5 2 1 4 1 1
4044.2 -4094.1 -2.2 279 0 46.0 67.4 14.0 0.0 0 1 4 5 5
4046.8 -4081.7 -1.9 99 0 46.0 67.4 14.0 0.0 0 1 4 4 4
4003.1 -4075.7 -1.5 99 0 13.5 67.4 14.0 3.5 2 1 4 0 0
3994.0 -4005.7 -1.4 279 0 9.3 67.4 10.5 3.5 4 1 3 5 5
3953.1 -4070.1 -1.2 99 0 24.1 69.1 14.0 0.0 0 1 4 3 3
3951.1 -4081.3 -1.5 279 0 24.1 65.0 14.0 3.5 2 1 4 5 5
4047.6 -4218.4 -2.6 9 0 65.0 44.2 14.0 0.0 0 0 4 1 1
3988.1 -4178.2 -2.2 279 0 11.5 65.0 14.0 3.5 2 1 4 3 3
3969.9 -4174.8 -2.1 279 0 11.5 65.0 14.0 3.5 2 1 4 2 2
3937.0 -4259.7 -2.1 99 0 11.5 88.6 14.0 3.5 2 1 4 5 5
3919.2 -4256.3 -1.9 99 0 11.5 88.6 14.0 3.5 2 1 4 0 0
3781.1 -4822.4 1.7 356 0 92.2 9.9 10.5 3.5 2 0 3 3 3
3734.4 -4818.6 1.7 356 0 92.2 9.9 10.5 3.5 2 0 3 5 5
3737.3 -4967.7 1.3 86 0 8.1 30.0 10.5 3.5 2 0 3 3 3
3737.3 -4906.6 2.0 356 0 61.8 8.1 10.5 3.5 2 0 3 1 1
3788.7 -4911.9 2.2 356 0 61.8 8.1 10.5 3.5 2 0 3 5 5
3788.6 -4973.0 1.7 86 0 8.1 30.0 10.5 3.5 2 0 3 2 2
3663.6 -5041.8 -1.0 183 0 131.3 13.1 14.0 0.0 0 0 4 1 1
3673.7 -5194.6 -2.0 93 0 12.3 79.0 14.0 3.5 2 1 4 2 2
3875.6 -4986.3 1.8 276 0 39.2 15.3 14.0 3.5 2 0 4 5 5
3717.7 -4977.5 -0.2 271 0 11.8 60.2 10.5 3.5 4 1 3 1 1
3714.4 -5109.3 -1.2 91 0 12.9 63.9 10.5 3.5 2 1 3 5 5
3706.8 -5157.2 -2.0 181 0 71.6 12.9 14.0 3.5 2 0 4 3 3
3753.4 -5192.6 -2.1 91 0 9.5 54.7 10.5 0.0 0 1 3 3 3
3756.9 -4979.4 -0.3 271 0 11.4 73.2 10.5 3.5 2 1 3 0 0
3755.2 -5118.4 -1.3 91 0 10.6 59.1 10.5 3.5 2 1 3 3 3
3797.3 -4981.7 -1.3 271 0 11.5 137.1 10.5 3.5 2 1 3 4 4
3829.3 -5053.7 -1.3 181 0 137.4 11.8 14.0 0.0 0 0 4 3 3
3948.7 -4979.4 1.8 7 0 51.3 12.3 14.0 3.5 2 0 4 4 4
3986.8 -4990.0 1.7 7 0 69.3 11.3 14.0 3.5 2 0 4 3 3
3976.7 -5068.9 0.6 8 0 72.3 12.3 14.0 3.5 2 0 4 4 4
3937.7 -5055.6 0.3 8 0 87.6 11.0 14.0 3.5 2 0 4 4 4
3964.0 -5159.5 -2.3 9 0 68.8 11.0 10.5 3.5 2 0 3 5 5
3925.1 -5152.0 -2.2 9 0 68.8 11.0 14.0 3.5 2 0 4 3 3
3872.9 -5188.8 -2.2 91 0 11.2 57.6 14.0 3.5 2 1 4 4 4
3830.7 -5186.9 -2.2 91 0 11.2 47.7 14.0 3.5 2 1 4 0 0
3940.3 -5198.0 -3.2 271 0 11.2 78.1 10.5 3.5 2 1 3 2 2
3900.4 -5276.1 -3.2 91 0 11.2 78.1 10.5 3.5 2 1 3 5 5
3822.1 -5275.0 -3.1 91 0 11.2 78.1 14.0 3.5 2 1 4 4 4
3862.9 -5197.0 -3.1 271 0 11.2 78.1 14.0 3.5 2 1 4 4 4
3913.1 -5297.7 -3.4 91 0 54.0 11.3 10.5 3.5 2 0 3 5 5
3845.2 -5296.4 -3.4 91 0 61.6 11.3 14.0 3.5 2 0 4 0 0
3929.3 -5306.2 -4.1 271 0 10.0 54.9 10.5 3.5 2 1 3 0 0
3892.5 -5304.6 -4.1 271 0 10.0 54.9 10.5 3.5 2 1 3 1 1
3856.4 -5302.8 -4.0 271 0 10.0 54.9 10.5 3.5 2 1 3 5 5
3819.8 -5302.4 -3.9 271 0 10.0 54.9 10.5 3.5 2 1 3 5 5
376.5 -4236.6 -2.1 11 0 29.4 5.6 10.5 3.5 4 0 3 2 2
398.7 -4189.4 -1.9 281 0 10.9 30.7 14.0 3.5 2 1 4 1 1
394.2 -4240.7 -1.9 11 0 30.6 10.9 14.0 3.5 2 0 4 5 5
408.6 -4238.5 -1.5 191 0 77.8 13.4 14.0 3.5 2 0 4 4 4
382.3 -4177.5 -2.6 101 0 60.5 17.2 14.0 0.0 0 0 4 0 0
360.3 -4185.2 -2.5 281 0 15.2 96.6 14.0 3.5 2 1 4 4 4
1005.7 -3718.5 -2.0 10 0 24.7 10.4 17.5 3.5 2 0 5 5 5
1001.7 -3740.2 -1.6 10 0 19.3 4.6 10.5 3.5 2 0 3 5 5
998.0 -3760.2 -1.2 10 0 21.4 10.0 17.5 3.5 2 0 5 5 5
954.3 -3729.7 -1.5 11 0 42.0 22.7 17.5 0.0 0 0 5 3 3
1378.4 -5043.3 -2.7 189 0 44.0 15.0 17.5 3.5 2 0 5 2 2
1416.1 -5216.9 -2.7 101 0 8.5 48.3 10.5 3.5 2 1 3 3 3
1360.7 -5152.3 -3.0 100 0 11.5 55.1 17.5 3.5 2 1 5 0 0
1736.1 -5356.0 -1.4 10 0 52.0 10.8 7.5 2.5 2 0 3 0 0
1791.9 -5597.9 -1.3 102 0 9.7 54.0 10.5 3.5 2 1 3 0 0
1878.1 -5566.0 -1.0 281 0 55.1 24.1 14.0 3.5 2 0 4 2 2
1954.3 -5630.2 -0.5 101 0 12.7 58.8 14.0 3.5 2 1 4 1 1
1921.2 -5621.5 -0.7 101 0 13.6 51.1 14.0 3.5 2 1 4 4 4
4268.7 -3780.8 -1.9 280 0 8.0 78.8 10.5 3.5 2 1 3 5 5
4494.1 -3860.5 -3.9 278 0 49.8 100.4 10.5 0.0 0 1 3 4 4
4500.8 -3849.6 -3.6 97 0 93.0 34.8 10.5 0.0 0 0 3 4 4
4206.0 -3874.8 -1.9 7 0 90.0 17.6 14.0 0.0 0 0 4 4 4
4154.1 -3849.4 -1.4 8 0 76.9 44.9 14.0 0.0 0 0 4 5 5
4066.0 -3835.9 -1.0 187 0 85.2 30.9 14.0 0.0 0 0 4 4 4
790.7 -4554.1 1.9 282 0 7.6 68.5 10.5 3.5 2 1 3 1 1
772.9 -4544.5 2.5 282 0 18.3 59.9 14.0 3.5 2 1 4 3 3
729.4 -4609.9 2.4 102 0 38.9 9.7 10.5 3.5 2 0 3 2 2
921.3 -4278.6 6.5 282 0 13.2 33.2 14.0 3.5 2 1 4 3 3
870.8 -4267.3 5.0 283 0 87.4 14.7 14.0 3.5 2 0 4 3 3
917.7 -4212.2 6.1 103 0 6.8 77.4 10.5 3.5 2 1 3 5 5
1623.7 -3414.4 -4.8 280 0 8.0 123.7 10.5 3.5 2 1 3 4 4
1196.4 -4133.6 3.1 13 0 62.6 18.4 17.5 3.5 2 0 5 5 5
1170.2 -4096.5 3.2 282 0 17.0 62.4 17.5 3.5 2 1 5 4 4
1143.2 -4091.7 3.4 282 0 17.0 63.3 17.5 0.0 0 1 5 1 1
-348.2 -5139.8 -6.0 182 0 24.1 11.3 10.5 0.0 0 0 3 2 2
-347.3 -5105.1 -6.0 182 0 42.1 13.4 10.5 3.5 2 0 3 0 0
-417.8 -4962.9 -5.9 182 0 34.9 10.9 14.0 3.5 2 0 4 3 3
-422.6 -4924.0 -5.9 181 0 13.1 40.6 14.0 0.0 0 1 4 0 0
-404.6 -5000.4 -6.0 91 0 29.3 10.6 14.0 3.5 2 0 4 2 2
360.5 -4749.2 -0.7 282 0 39.5 10.7 14.0 3.5 4 0 4 3 3
331.1 -4829.0 -0.7 11 0 138.9 6.7 10.5 3.5 4 0 3 0 0
382.5 -4851.6 -1.8 276 0 13.7 64.7 14.0 3.5 2 1 4 0 0
344.7 -4840.0 -0.5 100 0 14.6 70.3 14.0 3.5 2 1 4 5 5
343.5 -4847.0 -1.2 280 0 14.6 60.9 14.0 3.5 2 1 4 1 1
1637.5 -5312.6 -1.8 99 0 12.8 44.8 14.0 3.5 2 1 4 2 2
1608.8 -5307.1 -1.9 99 0 12.8 44.8 14.0 3.5 2 1 4 2 2
1578.7 -5302.4 -2.0 100 0 11.7 44.2 14.0 3.5 4 1 4 2 2
1549.7 -5297.4 -2.2 99 0 11.7 44.1 14.0 3.5 2 1 4 3 3
1519.2 -5293.1 -2.3 100 0 11.7 44.2 14.0 3.5 2 1 4 1 1
1491.1 -5287.9 -2.5 99 0 10.5 49.4 14.0 3.5 2 1 4 4 4
1459.0 -5258.5 -2.6 190 0 50.6 9.9 10.5 3.5 2 0 3 3 3
1439.4 -5254.2 -2.7 190 0 47.1 9.0 10.5 3.5 2 0 3 2 2
1448.9 -3817.7 -4.4 101 0 9.7 125.6 10.5 3.5 2 1 3 3 3
1491.4 -3684.4 -4.9 282 0 12.0 103.1 17.5 3.5 2 0 5 0 0
1463.4 -3824.6 -5.0 102 0 14.2 39.8 17.5 0.0 0 0 5 3 3
1483.1 -3824.6 -4.6 102 0 24.6 9.1 10.5 3.5 2 0 3 5 5
1893.4 -4206.3 -3.1 101 0 12.1 75.6 17.5 3.5 2 1 5 5 5
1932.2 -4213.6 -3.3 101 0 12.2 77.5 17.5 3.5 2 1 5 3 3
3368.9 -4162.4 -2.2 7 0 12.8 67.6 14.0 3.5 2 1 4 2 2
3300.0 -4201.1 -2.2 98 0 10.4 39.2 14.0 3.5 2 0 4 0 0
3279.5 -4234.7 -2.2 98 0 17.8 49.8 14.0 3.5 2 1 4 2 2
3223.9 -4131.7 -2.3 187 0 41.1 48.5 14.0 0.0 0 1 4 0 0
3247.5 -4229.4 -2.2 97 0 21.5 49.6 14.0 3.5 4 1 4 5 5
-61.1 -4748.4 -5.7 272 0 10.4 57.3 17.5 3.5 2 1 5 0 0
-33.5 -4750.4 -5.7 273 0 11.8 56.1 17.5 3.5 2 1 5 0 0
14.6 -4861.1 -5.6 2 0 92.4 13.9 17.5 0.0 0 0 5 2 2
-67.0 -4903.1 -5.7 93 0 11.2 90.7 17.5 3.5 2 1 5 5 5
-127.7 -4790.9 -5.7 273 0 12.6 108.7 17.5 3.5 2 1 5 0 0
-87.0 -4737.2 -5.8 2 0 122.8 12.3 17.5 3.5 2 0 5 5 5
-130.8 -4911.1 -5.7 272 0 10.6 61.5 17.5 0.0 0 1 5 1 1
-135.8 -5040.8 -5.7 92 0 10.6 58.4 17.5 3.5 2 1 5 5 5
-93.7 -5041.4 -5.6 92 0 51.0 13.6 17.5 3.5 2 0 5 1 1
-45.4 -5044.3 -5.6 92 0 10.7 45.0 17.5 3.5 2 1 5 4 4
-40.5 -4915.1 -5.6 272 0 10.4 75.7 17.5 3.5 2 1 5 1 1
-7.2 -4946.6 -5.4 182 0 62.3 10.4 17.5 3.5 4 0 5 4 4
-6.3 -5048.9 -5.2 92 0 10.4 62.3 17.5 3.5 2 1 5 1 1
-140.2 -5146.4 -5.7 92 0 12.7 88.2 14.0 3.5 2 1 4 2 2
-16.3 -5057.2 -5.0 272 0 12.4 94.1 17.5 3.5 4 1 5 4 4
-53.8 -5149.8 -5.7 92 0 12.7 94.0 14.0 0.0 0 1 4 3 3
-95.5 -5147.5 -5.7 92 0 12.7 94.0 14.0 3.5 2 1 4 3 3
-24.0 -5243.0 -5.6 2 0 51.3 12.7 17.5 3.5 2 0 5 1 1
-27.5 -5158.5 -5.4 272 0 12.7 51.3 17.5 3.5 2 1 5 3 3
-64.3 -5238.6 -5.6 2 0 51.3 12.7 17.5 3.5 2 0 5 5 5
-67.9 -5157.1 -5.5 272 0 12.7 51.3 17.5 0.0 0 1 5 1 1
-108.4 -5157.3 -5.6 273 0 12.0 106.4 17.5 3.5 2 1 5 1 1
-150.8 -5203.5 -5.7 182 0 94.2 12.3 17.5 3.5 2 0 5 5 5
1136.0 -4686.7 -3.4 282 0 12.8 25.3 14.0 3.5 2 1 4 5 5
1120.5 -4683.3 -3.4 282 0 12.2 25.3 14.0 3.5 2 1 4 3 3
1195.8 -4692.4 -3.3 104 0 14.6 32.2 17.5 3.5 2 1 5 3 3
1190.0 -4632.9 -3.3 283 0 16.6 56.5 17.5 3.5 2 1 5 0 0
1155.4 -4685.1 -3.3 104 0 15.3 17.3 17.5 3.5 2 1 5 5 5
1138.3 -4678.1 -3.2 101 0 11.8 11.7 17.5 3.5 2 0 5 4 4
2588.8 -3862.7 -3.4 99 0 10.8 69.9 17.5 3.5 2 1 5 1 1
2558.8 -3855.3 -3.4 99 0 10.8 67.2 17.5 3.5 2 1 5 3 3
2528.7 -3843.7 -3.5 99 0 10.8 60.7 17.5 3.5 2 1 5 4 4
2497.7 -3838.4 -3.5 99 0 10.8 60.7 17.5 3.5 2 1 5 3 3
2464.4 -3832.7 -3.5 99 0 10.8 60.7 17.5 3.5 2 1 5 3 3
-316.8 -5277.9 -6.2 273 0 10.0 62.4 14.0 3.5 2 1 4 0 0
-324.0 -5430.2 -6.4 93 0 10.0 84.3 14.0 3.5 2 1 4 5 5
-261.6 -5429.6 -6.3 92 0 18.1 243.0 14.0 0.0 0 1 4 1 1
4050.3 -5565.2 -7.1 279 0 13.5 61.0 14.0 3.5 2 0 4 1 1
4147.3 -5715.9 -7.2 99 0 12.0 69.6 14.0 3.5 2 1 4 2 2
4106.1 -5710.1 -7.8 99 0 11.7 74.4 14.0 3.5 2 1 4 5 5
4029.7 -5682.9 -7.8 99 0 11.1 58.4 14.0 3.5 2 0 4 0 0
4068.4 -5695.5 -7.9 99 0 12.6 69.1 14.0 0.0 0 1 4 4 4
4133.2 -5794.8 -8.2 99 0 12.0 70.9 14.0 3.5 2 1 4 0 0
4093.6 -5788.5 -8.8 99 0 11.7 70.9 14.0 3.5 4 1 4 4 4
4066.7 -5706.1 -8.8 279 0 12.6 70.2 14.0 3.5 2 1 4 1 1
4014.3 -5777.2 -8.6 99 0 11.1 87.8 14.0 3.5 2 1 4 2 2
2587.5 -5505.5 -0.4 102 0 14.9 78.3 10.5 3.5 2 1 3 2 2
2165.2 -5287.9 0.4 280 0 6.8 12.4 10.5 3.5 2 1 3 1 1
2149.6 -5286.0 0.3 279 0 7.9 13.7 10.5 3.5 4 1 3 3 3
2319.9 -5331.1 0.9 282 0 8.7 33.8 10.5 3.5 2 1 3 0 0
2204.4 -5313.3 0.5 285 0 8.5 27.1 10.5 3.5 2 1 3 2 2
2187.2 -5309.2 0.5 283 0 7.8 25.3 10.5 3.5 2 1 3 5 5
2141.0 -5311.4 0.3 190 0 19.3 16.4 14.0 3.5 2 0 4 3 3
2136.9 -5334.1 0.3 196 0 19.7 9.1 10.5 3.5 2 0 3 4 4
2179.6 -5360.2 0.5 107 0 8.1 23.7 10.5 3.5 2 1 3 5 5
2189.6 -5381.6 0.5 102 0 6.8 18.0 10.5 3.5 2 1 3 2 2
2202.6 -5399.6 0.5 102 0 5.9 86.8 10.5 3.5 2 1 3 4 4
2218.3 -5402.1 0.6 102 0 7.1 90.3 10.5 3.5 2 1 3 3 3
2234.8 -5406.6 0.6 103 0 8.7 88.6 10.5 0.0 0 1 3 4 4
2249.7 -5410.5 0.7 102 0 7.6 90.7 10.5 3.5 2 1 3 3 3
2266.6 -5414.5 0.7 102 0 8.3 92.6 10.5 0.0 0 1 3 4 4
2301.1 -5424.5 0.8 102 0 13.4 60.0 14.0 3.5 2 1 4 0 0
2281.8 -5417.4 0.8 103 0 7.1 92.8 10.5 3.5 2 1 3 2 2
2062.5 -4483.6 1.2 192 0 15.0 76.8 17.5 3.5 2 1 5 2 2
2061.4 -4407.6 0.4 283 0 6.6 56.3 10.5 3.5 2 1 3 3 3
2042.5 -4404.7 0.5 282 0 12.6 56.0 14.0 3.5 2 1 4 4 4
2046.9 -4395.2 -0.8 102 0 12.2 54.7 17.5 3.5 2 1 5 1 1
2078.2 -4259.7 -2.4 281 0 7.8 74.9 10.5 3.5 4 1 3 5 5
2060.9 -4256.5 -2.3 281 0 6.2 72.0 10.5 3.5 2 1 3 5 5
2045.7 -4253.1 -2.2 280 0 7.9 73.1 10.5 3.5 4 1 3 2 2
2027.6 -4249.7 -2.1 280 0 7.7 74.6 10.5 3.5 2 1 3 4 4
2002.7 -4244.8 -1.9 281 0 10.8 74.8 17.5 3.5 2 1 5 4 4
1980.8 -4381.1 -0.5 100 0 10.8 59.5 17.5 3.5 4 1 5 0 0
1978.0 -4391.0 0.9 280 0 10.6 62.9 14.0 3.5 2 1 4 5 5
1738.3 -4590.4 0.3 280 0 17.1 89.5 17.5 3.5 2 1 5 1 1
1815.4 -4606.1 0.5 281 0 14.4 87.8 17.5 3.5 2 1 5 2 2
2762.5 -4735.2 -1.9 102 0 16.3 73.7 14.0 3.5 2 1 4 0 0
2733.8 -5047.2 -0.6 191 0 85.7 10.7 14.0 3.5 2 0 4 1 1
2704.0 -5003.3 -0.6 281 0 10.8 78.1 14.0 3.5 2 1 4 2 2
2668.9 -4996.0 -0.6 281 0 10.8 78.1 14.0 3.5 4 1 4 0 0
2633.8 -4989.9 -0.6 281 0 10.7 78.1 14.0 0.0 0 1 4 1 1
2592.3 -4982.8 -0.4 281 0 10.7 76.5 14.0 3.5 2 1 4 2 2
2555.6 -4978.1 -0.3 281 0 10.7 76.5 14.0 3.5 2 1 4 5 5
-1968.7 7294.7 -9.3 270 0 14.7 109.4 17.5 0.0 0 1 5 1 1
-2072.9 7288.1 -9.1 179 0 10.8 94.3 17.5 3.5 2 1 5 4 4
-2072.2 7184.9 -8.7 179 0 10.8 94.3 17.5 3.5 2 1 5 3 3
-2097.0 6421.5 -11.2 358 0 50.3 10.8 14.0 3.5 2 0 4 3 3
-2136.1 6347.5 -11.5 90 0 12.3 42.9 14.0 3.5 2 1 4 4 4
-2169.3 6350.3 -11.2 90 0 12.3 46.6 14.0 3.5 2 1 4 1 1
-2207.8 6350.1 -10.9 90 0 12.3 46.6 14.0 3.5 2 1 4 4 4
-2241.0 6349.4 -10.6 90 0 12.3 46.6 14.0 3.5 2 1 4 3 3
-2129.1 6690.4 -10.4 90 0 44.9 19.2 14.0 3.5 4 0 4 3 3
-2303.6 6540.3 -9.8 180 0 48.0 8.1 10.5 3.5 2 0 3 1 1
-2272.0 6516.6 -10.0 90 0 8.1 48.0 10.5 3.5 2 1 3 3 3
-2243.8 6516.7 -10.2 90 0 9.9 48.0 10.5 3.5 2 1 3 5 5
-2147.1 6463.1 -11.4 270 0 13.0 57.7 14.0 3.5 2 1 4 4 4
-2184.6 6434.2 -11.1 180 0 57.7 13.0 14.0 3.5 2 0 4 5 5
-2206.4 6462.6 -10.9 270 0 13.0 57.7 14.0 3.5 2 1 4 5 5
-2239.9 6462.9 -10.6 270 0 13.0 57.7 14.0 3.5 2 1 4 1 1
-2294.7 6825.6 -9.1 89 0 10.1 21.8 14.0 3.5 2 1 4 4 4
-2218.6 6758.0 -10.2 89 0 107.6 54.9 14.0 0.0 0 0 4 1 1
-2200.5 6690.1 -10.5 89 0 73.5 53.3 14.0 0.0 0 0 4 3 3
-2286.9 6688.7 -9.7 89 0 61.9 53.3 14.0 0.0 0 0 4 2 2
-2104.3 6472.5 -11.0 90 0 13.9 41.0 14.0 3.5 2 1 4 1 1
-2153.9 6471.7 -11.1 90 0 13.9 41.0 14.0 3.5 2 1 4 1 1
-2189.0 6472.2 -10.8 90 0 13.9 41.0 14.0 3.5 2 1 4 2 2
-2224.5 6471.7 -10.5 90 0 13.9 41.0 14.0 3.5 2 1 4 3 3
-2290.4 6471.5 -10.0 90 0 14.7 41.0 14.0 3.5 2 1 4 4 4
-2324.7 6471.2 -9.7 90 0 14.7 41.0 14.0 3.5 2 1 4 0 0
-2275.0 6464.2 -10.3 270 0 14.7 61.5 17.5 0.0 0 1 5 2 2
-2310.2 6462.9 -10.0 270 0 14.7 61.5 17.5 3.5 2 1 5 0 0
-2343.8 6462.8 -9.7 270 0 14.7 61.5 17.5 3.5 2 1 5 3 3
-2339.5 6627.1 -9.2 90 0 12.3 54.8 14.0 3.5 2 1 4 1 1
-2372.2 6627.5 -8.9 90 0 12.3 54.8 14.0 3.5 2 1 4 1 1
-2217.9 6621.4 -10.4 270 0 12.5 55.1 14.0 3.5 2 1 4 3 3
-2258.1 6620.7 -10.1 270 0 12.5 54.5 14.0 3.5 2 1 4 4 4
-2298.0 6620.2 -9.7 270 0 12.5 54.2 14.0 0.0 0 1 4 4 4
-2337.3 6620.1 -9.4 270 0 12.3 54.2 14.0 3.5 2 1 4 5 5
-2375.7 6620.6 -9.1 270 0 12.5 54.8 14.0 3.5 2 1 4 3 3
-2412.1 6628.8 -8.6 91 0 11.4 54.3 14.0 3.5 2 1 4 3 3
-2412.7 6619.0 -8.8 270 0 11.6 53.4 14.0 3.5 2 1 4 5 5
3425.4 -3948.9 -2.5 188 0 18.5 72.4 12.5 2.5 2 1 5 3 3
3491.7 -4006.0 -2.3 8 0 59.5 13.7 7.5 2.5 2 0 3 3 3
3449.3 -4000.4 -2.4 189 0 58.2 13.7 10.0 0.0 0 0 4 5 5
3421.3 -3996.2 -2.5 188 0 56.8 14.1 7.5 2.5 2 0 3 3 3
3485.0 -4080.0 -2.3 6 0 20.8 63.2 10.0 2.5 2 1 4 3 3
3415.6 -4043.4 -2.3 187 0 21.6 69.9 12.5 2.5 2 1 5 1 1
3234.1 -4598.9 -1.5 99 0 19.4 58.9 7.5 2.5 2 1 3 0 0
4349.0 -4174.7 -4.2 9 0 55.3 16.7 14.0 3.5 2 0 4 4 4
4300.3 -4197.3 -3.9 99 0 16.3 56.8 14.0 3.5 2 1 4 0 0
4383.9 -4191.0 -4.5 188 0 48.4 16.3 14.0 3.5 4 0 4 1 1
4434.0 -4248.0 -5.3 188 0 15.8 60.0 14.0 3.5 2 1 4 2 2
4521.1 -4160.6 -5.5 278 0 17.0 107.5 14.0 0.0 0 1 4 0 0
4506.0 -4168.1 -5.0 8 0 19.0 79.8 14.0 3.5 2 1 4 2 2
4395.2 -4070.5 -4.1 279 0 11.8 58.2 14.0 3.5 2 1 4 1 1
4433.2 -4076.8 -4.4 278 0 34.9 54.5 14.0 0.0 0 1 4 4 4
1102.1 -4524.7 0.5 12 0 62.6 13.1 17.5 0.0 0 0 5 2 2
1076.0 -4518.4 0.9 12 0 62.6 13.1 17.5 3.5 2 0 5 1 1
1080.7 -4597.6 -0.6 102 0 13.4 42.5 17.5 3.5 2 1 5 3 3
1054.2 -4591.9 -0.1 102 0 13.4 42.5 17.5 3.5 2 1 5 4 4
3369.7 -4310.7 -1.9 189 0 57.2 18.9 7.5 2.5 2 0 3 5 5
3423.0 -4582.3 -1.4 8 0 77.3 39.5 5.0 0.0 0 0 2 3 3
3335.9 -4568.6 -1.4 188 0 77.3 39.5 7.5 0.0 0 0 3 4 4
3728.6 -5314.5 -3.8 271 0 11.1 82.4 14.0 3.5 2 1 4 4 4
3785.3 -5316.6 -4.2 271 0 11.1 82.4 14.0 3.5 2 1 4 0 0
3751.3 -5315.8 -4.0 271 0 11.1 82.4 14.0 0.0 0 1 4 4 4
3922.2 -5408.1 -5.2 276 0 14.2 55.1 14.0 3.5 2 1 4 0 0
3877.0 -5459.9 -5.2 93 0 12.0 50.3 14.0 3.5 2 1 4 2 2
3845.8 -5458.5 -5.1 93 0 12.0 50.3 14.0 3.5 2 1 4 4 4
3806.8 -5432.1 -4.9 183 0 50.3 12.0 14.0 3.5 2 0 4 2 2
3783.6 -5430.9 -4.6 3 0 50.3 12.0 14.0 3.5 2 0 4 4 4
1094.8 -3551.5 -5.3 280 0 124.9 25.5 17.5 0.0 0 0 5 0 0
1662.1 -5070.8 -1.4 188 0 57.9 17.0 17.5 3.5 2 0 5 5 5
1760.7 -5041.0 -1.1 281 0 27.5 69.2 17.5 0.0 0 1 5 3 3
1656.9 -5028.4 -1.5 192 0 17.7 87.5 17.5 3.5 4 1 5 4 4
1453.3 -4088.9 -1.2 191 0 167.6 12.3 14.0 0.0 0 0 4 1 1
1430.9 -4083.1 -1.2 191 0 174.1 11.7 17.5 0.0 0 0 5 3 3
2101.8 -4411.1 -1.2 103 0 9.3 66.4 10.5 3.5 2 1 3 0 0
2086.3 -4373.0 -1.1 192 0 66.0 8.9 10.5 3.5 2 0 3 5 5
2063.8 -4402.8 -1.1 102 0 9.3 67.8 10.5 3.5 2 1 3 5 5
3666.2 -4542.8 -2.0 7 0 64.6 18.0 7.5 2.5 4 0 3 1 1
3645.3 -4497.1 -1.5 4 0 23.2 46.2 7.5 0.0 0 1 3 2 2
3637.6 -4564.3 -1.8 13 0 17.0 46.6 10.0 0.0 0 1 4 0 0
3592.2 -4520.0 -1.4 5 0 87.0 23.4 7.5 0.0 0 0 3 3 3
1096.5 -3545.1 -5.3 100 0 123.7 30.5 17.5 0.0 0 0 5 2 2
1526.4 -3679.9 -4.5 101 0 23.9 93.0 17.5 0.0 0 1 5 2 2
1514.1 -3629.5 -4.5 12 0 90.3 25.5 14.0 0.0 0 0 4 0 0
1480.9 -3625.8 -4.6 11 0 86.2 26.6 14.0 0.0 0 0 4 3 3
4369.9 -4833.0 1.1 188 0 37.3 29.3 10.5 0.0 0 0 3 0 0
-2144.6 7672.2 -10.3 271 0 52.5 23.7 17.5 3.5 2 0 5 1 1
-2216.5 7714.2 -10.4 91 0 53.2 24.7 17.5 3.5 2 0 5 1 1
-2284.9 7715.4 -10.6 91 0 54.7 24.7 17.5 3.5 2 0 5 5 5
-2147.3 7714.2 -10.2 91 0 63.9 23.0 17.5 0.0 0 0 5 4 4
-2145.0 7681.0 -10.2 91 0 55.3 23.5 17.5 3.5 2 0 5 5 5
-2147.1 7641.4 -10.3 271 0 57.2 24.8 14.0 3.5 2 0 4 2 2
-2167.3 7607.0 -10.4 92 0 74.4 5.9 10.5 3.5 2 0 3 5 5
-2218.7 7642.1 -10.5 271 0 55.2 23.5 14.0 3.5 2 0 4 4 4
-2283.6 7641.7 -10.6 271 0 54.7 24.7 17.5 3.5 2 0 5 5 5
-2336.3 7711.4 -10.8 272 0 32.6 27.5 21.0 0.0 0 0 6 3 3
-2375.5 7721.2 -10.8 92 0 12.4 59.5 17.5 3.5 4 1 5 1 1
-2376.8 7712.8 -10.8 272 0 12.9 27.9 21.0 0.0 0 1 6 4 4
-2343.5 7612.2 -10.5 91 0 42.8 9.7 10.5 3.5 2 0 3 1 1
-2375.0 7613.7 -10.6 91 0 20.3 8.6 10.5 3.5 2 0 3 1 1
-2351.9 7643.1 -10.6 271 0 59.5 17.9 17.5 3.5 2 0 5 1 1
-2351.0 7676.0 -10.7 271 0 58.3 24.6 17.5 3.5 2 0 5 0 0
-2187.6 7371.2 -9.9 90 0 8.9 61.2 10.5 3.5 4 1 3 4 4
-2205.7 7377.1 -9.9 92 0 9.2 56.3 10.5 3.5 2 1 3 2 2
-2223.2 7390.4 -9.9 92 0 8.7 44.2 10.5 3.5 2 1 3 4 4
-2240.9 7390.4 -9.9 92 0 9.4 43.9 10.5 3.5 2 1 3 2 2
-2258.5 7391.4 -9.9 92 0 7.8 42.7 10.5 3.5 2 1 3 4 4
-2277.4 7391.5 -9.9 92 0 8.5 42.8 10.5 3.5 2 1 3 4 4
-2295.0 7392.8 -9.9 92 0 8.3 42.5 10.5 3.5 2 1 3 1 1
-2316.0 7393.0 -10.0 92 0 12.4 40.7 17.5 3.5 2 1 5 2 2
-2242.6 7381.8 -9.8 272 0 12.2 60.2 17.5 3.5 2 1 5 5 5
-2277.0 7382.5 -9.8 272 0 12.7 59.5 17.5 3.5 4 1 5 2 2
-2314.4 7384.8 -9.9 272 0 13.7 61.7 17.5 3.5 2 1 5 2 2
-2349.6 7393.6 -10.0 92 0 11.3 42.0 17.5 3.5 2 1 5 4 4
-2350.8 7383.0 -9.9 272 0 11.1 56.0 17.5 3.5 2 1 5 2 2
-2387.6 7390.9 -10.0 93 0 11.5 46.6 17.5 3.5 2 1 5 4 4
-2389.1 7379.6 -9.9 273 0 11.3 53.3 17.5 0.0 0 1 5 5 5
-1201.4 8697.6 -13.3 86 0 54.2 52.1 14.0 0.0 0 0 4 0 0
-1237.6 8682.7 -13.7 266 0 54.9 71.4 14.0 0.0 0 1 4 1 1
-1191.9 8685.9 -13.8 266 0 18.4 71.5 14.0 3.5 4 1 4 3 3
-1173.5 8687.7 -13.9 266 0 12.1 79.1 14.0 3.5 2 1 4 0 0
-1144.0 8703.7 -14.0 266 0 22.0 84.8 14.0 0.0 0 1 4 2 2
-1153.7 8719.1 -13.3 86 0 19.3 31.2 14.0 3.5 2 1 4 5 5
-1076.2 8800.7 -13.6 266 0 77.1 27.4 14.0 0.0 0 0 4 1 1
-1121.5 8862.6 -13.8 176 0 25.5 76.7 14.0 0.0 0 1 4 5 5
-1138.2 8860.0 -13.8 356 0 26.7 34.3 14.0 0.0 0 1 4 1 1
-1134.5 8805.4 -13.7 356 0 75.7 34.3 14.0 0.0 0 0 4 1 1
-1250.1 8809.8 -13.6 266 0 24.8 35.6 14.0 0.0 0 1 4 1 1
-1296.1 8806.4 -13.6 266 0 15.1 58.4 14.0 3.5 4 1 4 5 5
-1231.6 8818.2 -13.8 176 0 129.1 58.1 14.0 0.0 0 0 4 2 2
-1328.9 8872.6 -13.9 176 0 10.7 19.6 14.0 3.5 2 0 4 1 1
-1272.9 8821.1 -13.8 86 0 16.5 60.8 14.0 3.5 2 1 4 5 5
-1295.9 8820.5 -13.8 86 0 19.0 59.6 14.0 3.5 2 0 4 3 3
-2506.3 7310.8 -9.8 273 0 11.7 71.3 17.5 3.5 2 1 5 3 3
-2546.6 7315.7 -9.8 273 0 13.1 72.8 17.5 3.5 2 1 5 1 1
-2584.1 7318.8 -9.8 273 0 13.8 83.5 17.5 3.5 2 1 5 4 4
-2616.9 7321.3 -9.9 273 0 15.1 82.7 17.5 3.5 2 1 5 5 5
-2487.4 7468.4 -10.2 273 0 10.9 18.5 17.5 3.5 2 0 5 2 2
-2479.4 7394.3 -10.1 93 0 13.4 73.5 17.5 3.5 2 0 5 5 5
-2512.7 7398.5 -10.1 93 0 13.2 69.1 17.5 3.5 2 1 5 3 3
-2547.9 7400.3 -10.1 93 0 14.1 69.1 17.5 3.5 2 1 5 3 3
-2583.0 7399.4 -10.2 93 0 14.4 71.8 17.5 3.5 4 1 5 3 3
-2616.7 7401.8 -10.1 93 0 14.1 45.8 17.5 3.5 2 1 5 0 0
