6938.1 7612.2 -86.3 89 0 375.0 99.6 17.5 0.0 0 0 5 0 0
6855.4 6343.7 -84.3 269 0 12.1 90.3 14.0 3.5 2 1 4 1 1
6893.3 6344.6 -84.3 270 0 13.0 90.8 14.0 3.5 2 1 4 0 0
6939.1 6297.0 -84.2 360 0 95.5 12.9 14.0 3.5 2 0 4 2 2
5517.9 6403.1 -82.3 91 0 13.5 36.1 14.0 3.5 2 1 4 1 1
5437.0 6400.9 -81.8 91 0 13.1 51.3 14.0 3.5 2 1 4 4 4
5475.9 6403.0 -82.0 91 0 13.2 34.5 14.0 3.5 2 1 4 2 2
5396.8 6519.6 -81.0 271 0 21.4 54.5 14.0 3.5 2 1 4 0 0
5396.0 6398.2 -81.5 91 0 17.7 54.5 14.0 3.5 2 1 4 1 1
6783.5 7361.0 -84.1 89 0 10.3 85.0 17.5 0.0 0 1 5 2 2
6880.7 7555.1 -85.5 269 0 11.1 64.3 17.5 3.5 2 1 5 0 0
6811.3 7553.9 -84.1 269 0 11.1 64.3 17.5 3.5 2 1 5 1 1
6780.3 7553.5 -84.4 269 0 11.1 64.3 17.5 0.0 0 1 5 5 5
6850.4 7554.0 -84.7 269 0 11.1 64.3 17.5 3.5 2 1 5 3 3
6814.3 7361.6 -84.5 89 0 10.3 85.0 17.5 3.5 2 1 5 4 4
6746.6 7467.5 -84.7 179 0 30.8 10.1 17.5 3.5 2 0 5 0 0
6912.0 7555.7 -85.8 269 0 11.1 64.3 17.5 3.5 2 1 5 5 5
6817.4 7468.4 -84.0 359 0 30.8 10.1 17.5 3.5 2 0 5 0 0
6776.5 7467.7 -84.2 179 0 30.8 10.1 17.5 3.5 2 0 5 3 3
6753.9 7359.7 -84.5 89 0 10.3 85.0 17.5 3.5 2 1 5 3 3
-1922.1 -4466.9 -63.3 99 0 13.8 60.3 17.5 3.5 2 1 5 2 2
-490.3 -1999.2 -72.4 276 0 39.8 181.4 10.0 0.0 0 1 4 4 4
-1807.5 -4423.7 -62.9 279 0 13.7 44.7 17.5 3.5 2 1 5 4 4
-2248.6 -4407.3 -64.1 286 0 14.8 103.7 14.0 3.5 2 1 4 0 0
-1713.4 -4508.6 -62.2 99 0 12.4 68.3 17.5 3.5 2 1 5 3 3
-1853.5 -4481.1 -63.1 99 0 15.0 64.1 17.5 3.5 2 1 5 4 4
-1789.4 -4516.4 -62.3 280 0 15.4 122.9 14.0 0.0 0 1 4 1 1
-1738.9 -4435.5 -62.5 279 0 15.3 62.4 17.5 3.5 2 1 5 4 4
-491.6 -2205.9 -69.4 6 0 23.9 101.3 10.0 0.0 0 1 4 0 0
-1715.4 -4526.8 -61.8 279 0 14.7 131.7 14.0 0.0 0 1 4 5 5
-1887.6 -4474.5 -63.3 99 0 15.2 65.5 17.5 0.0 0 1 5 5 5
-2129.3 -4443.8 -63.1 286 0 14.8 103.7 14.0 3.5 2 1 4 4 4
-2086.7 -4462.3 -63.6 286 0 14.8 103.7 14.0 3.5 2 1 4 2 2
-2208.8 -4422.2 -63.5 286 0 14.8 103.7 14.0 3.5 2 1 4 3 3
-1895.6 -4498.4 -63.0 280 0 15.1 115.6 14.0 0.0 0 1 4 5 5
-2167.9 -4431.9 -63.1 286 0 14.8 103.7 14.0 3.5 2 1 4 0 0
-549.4 -1994.5 -71.3 276 0 38.8 180.4 12.5 0.0 0 1 5 0 0
-1969.8 -4482.6 -63.5 280 0 15.3 113.2 14.0 0.0 0 1 4 3 3
-1949.7 -4603.1 -62.7 100 0 12.7 81.6 14.0 3.5 2 1 4 3 3
-1783.4 -4492.0 -62.7 99 0 12.8 63.7 17.5 3.5 2 1 5 3 3
-1861.2 -4504.7 -62.8 280 0 14.2 117.3 14.0 0.0 0 1 4 5 5
-1752.2 -4519.4 -62.2 279 0 15.1 129.1 14.0 0.0 0 1 4 0 0
-1828.2 -4528.5 -62.1 280 0 13.9 101.5 14.0 3.5 2 1 4 3 3
-298.7 -4337.8 -58.9 272 0 17.8 79.1 10.0 2.5 2 1 4 5 5
-759.4 -3747.2 -63.8 282 0 12.6 87.5 17.5 3.5 2 1 5 3 3
-2544.0 -5570.7 -60.9 285 0 13.4 86.5 12.5 2.5 2 1 5 0 0
-568.4 -4389.5 -60.1 276 0 12.4 93.9 7.5 2.5 2 1 3 0 0
-2202.7 -5062.0 -60.5 284 0 13.2 83.0 17.5 3.5 2 1 5 2 2
-1933.7 -6448.4 -58.6 108 0 103.5 14.3 14.0 3.5 2 0 4 4 4
-1604.4 -4388.5 -63.3 95 0 33.4 136.6 17.5 0.0 0 1 5 1 1
-2020.0 -6382.1 -58.8 193 0 70.2 40.5 14.0 0.0 0 0 4 0 0
-961.5 -3732.8 -64.4 283 0 12.7 55.8 17.5 3.5 2 1 5 1 1
-2249.1 -5049.4 -60.8 285 0 13.5 80.4 17.5 3.5 2 1 5 2 2
-1152.5 -5510.7 -57.2 279 0 11.8 43.3 10.0 0.0 0 1 4 4 4
-2584.3 -5559.8 -60.9 285 0 11.6 86.4 10.0 2.5 4 1 4 5 5
-1114.1 -5539.7 -57.3 10 0 42.7 13.2 10.0 2.5 2 0 4 4 4
-2621.5 -5548.8 -61.0 285 0 11.9 87.5 12.5 2.5 2 1 5 4 4
1489.4 -4288.2 -64.3 272 0 24.1 72.6 14.0 0.0 0 1 4 5 5
-895.4 -2921.1 -66.9 8 0 92.1 13.5 14.0 3.5 2 0 4 2 2
-250.6 -4418.8 -58.5 91 0 16.4 79.0 7.5 2.5 2 1 3 3 3
-2159.0 -5072.2 -60.6 284 0 13.9 74.1 17.5 3.5 2 1 5 4 4
-2247.9 -5039.3 -61.8 105 0 14.7 87.7 17.5 3.5 2 1 5 4 4
-2312.2 -4970.9 -62.1 14 0 68.8 13.0 14.0 3.5 2 0 4 2 2
-1514.4 -4189.4 -62.9 278 0 12.1 61.2 17.5 3.5 2 1 5 3 3
-1050.8 -1950.7 -69.3 278 0 13.9 36.9 7.5 2.5 2 1 3 4 4
-1015.7 -1958.7 -69.3 277 0 15.6 35.7 7.5 2.5 4 1 3 4 4
-2200.1 -5052.1 -61.4 105 0 14.3 53.0 17.5 0.0 0 1 5 3 3
-2118.3 -3665.2 -67.2 15 0 42.0 14.0 10.0 2.5 4 0 4 0 0
5351.7 7685.8 -94.5 179 0 154.0 123.6 17.5 0.0 0 0 5 5 5
5062.0 7459.4 -90.6 360 0 103.0 223.0 14.0 0.0 0 1 4 0 0
5827.3 10592.3 -95.4 180 0 42.3 11.2 7.5 0.0 0 0 3 5 5
5825.1 10665.8 -95.6 179 0 71.4 12.3 10.0 2.5 2 0 4 5 5
5830.8 10761.3 -95.7 269 0 13.6 54.6 10.0 2.5 2 1 4 4 4
6081.7 10406.3 -94.9 89 0 14.0 61.8 12.5 2.5 2 1 5 5 5
6040.4 10501.7 -95.1 269 0 12.0 62.0 10.0 2.5 2 1 4 1 1
6001.9 10464.4 -95.0 89 0 11.5 70.9 10.0 2.5 2 1 4 3 3
5958.8 10548.7 -95.1 268 0 11.0 58.0 12.5 2.5 2 1 5 3 3
5917.9 10518.7 -95.4 89 0 11.9 56.7 10.0 2.5 2 1 4 1 1
5922.3 10616.6 -95.6 359 0 62.3 12.1 7.5 2.5 2 0 3 3 3
5875.2 10540.6 -95.4 89 0 11.6 62.9 10.0 2.5 2 1 4 2 2
5872.6 10698.2 -95.7 269 0 12.2 62.7 10.0 2.5 2 1 4 3 3
5860.8 9953.9 -92.0 89 0 12.6 54.1 7.5 2.5 2 1 3 3 3
5936.9 9978.0 -92.8 359 0 50.7 12.3 10.0 2.5 2 0 4 3 3
6004.0 9957.3 -92.5 89 0 12.6 54.1 12.5 2.5 4 1 5 5 5
6013.6 10068.2 -92.5 1 0 48.3 14.6 10.0 2.5 2 0 4 0 0
6015.0 10149.3 -92.8 1 0 81.7 13.9 10.0 2.5 2 0 4 2 2
5845.9 10064.1 -91.7 179 0 69.1 12.0 10.0 2.5 2 0 4 3 3
5928.3 10059.4 -91.9 180 0 72.2 11.8 10.0 2.5 2 0 4 2 2
5845.3 10147.0 -92.2 180 0 69.0 11.6 15.0 2.5 2 0 6 5 5
5929.5 10146.3 -92.5 179 0 72.0 13.2 7.5 2.5 2 0 3 2 2
5847.1 10252.8 -93.0 179 0 83.0 13.5 10.0 2.5 2 0 4 2 2
5852.0 10391.3 -93.4 269 0 13.5 83.0 7.5 2.5 2 1 3 1 1
5940.3 10240.9 -93.1 179 0 40.2 16.5 10.0 2.5 2 0 4 5 5
6025.6 10239.8 -93.3 359 0 40.2 16.5 7.5 2.5 2 0 3 3 3
6027.2 10308.9 -93.8 359 0 40.2 16.5 10.0 2.5 2 0 4 0 0
5942.9 10303.8 -93.5 179 0 40.2 16.5 7.5 2.5 2 0 3 0 0
5950.8 10385.4 -94.0 269 0 16.5 40.2 10.0 2.5 2 1 4 0 0
6026.0 10374.1 -94.2 359 0 40.2 16.5 7.5 0.0 0 0 3 0 0
-2070.5 -6190.0 -59.3 13 0 49.5 15.2 10.0 2.5 2 0 4 3 3
-1522.2 -7035.4 -26.6 65 0 33.6 24.4 10.0 0.0 0 0 4 0 0
-718.2 -3437.1 -66.0 276 0 159.4 53.7 14.0 0.0 0 0 4 5 5
-1164.6 -4698.1 -58.6 276 0 16.5 49.6 17.5 3.5 2 1 5 5 5
-1431.4 -4331.0 -60.7 278 0 12.1 79.9 10.0 2.5 2 1 4 2 2
-1374.8 -4378.5 -60.0 8 0 63.4 11.8 10.0 2.5 4 0 4 1 1
-1465.6 -5939.8 -57.6 8 0 68.8 20.0 10.0 2.5 2 0 4 4 4
-1524.5 -5979.4 -57.1 190 0 14.0 64.4 12.5 0.0 0 1 5 0 0
-1353.3 -5168.8 -58.7 97 0 13.7 44.1 17.5 3.5 2 1 5 4 4
-1308.3 -5168.9 -58.6 97 0 15.8 58.1 17.5 3.5 2 1 5 4 4
-1243.1 -5045.5 -58.7 276 0 15.4 100.2 17.5 3.5 2 1 5 4 4
-1354.1 -5029.6 -59.4 277 0 35.7 34.8 17.5 0.0 0 0 5 2 2
-1237.6 -4996.6 -58.1 96 0 17.1 67.1 17.5 0.0 0 1 5 5 5
-1090.2 -4828.8 -56.6 291 0 11.0 48.8 17.5 3.5 2 1 5 0 0
-1158.9 -4818.2 -57.8 276 0 16.2 48.2 17.5 3.5 4 1 5 3 3
-933.3 -4401.5 -59.0 20 0 28.8 11.4 14.0 3.5 2 0 4 2 2
-976.4 -4500.7 -58.7 110 0 13.5 79.9 14.0 3.5 2 1 4 5 5
-1036.7 -4665.0 -57.1 110 0 14.1 36.9 14.0 3.5 2 1 4 3 3
-1010.2 -4607.5 -56.9 20 0 37.0 14.8 14.0 3.5 2 0 4 5 5
-984.8 -4527.9 -56.4 290 0 9.1 42.0 10.5 3.5 2 1 3 0 0
-1114.8 -4509.8 -58.6 278 0 53.4 14.7 14.0 3.5 2 0 4 2 2
-1085.7 -4490.7 -59.2 98 0 142.3 11.6 14.0 0.0 0 0 4 4 4
-1166.8 -4431.8 -59.0 278 0 16.6 35.3 14.0 3.5 2 1 4 2 2
-1302.8 -4509.1 -60.9 188 0 33.4 29.9 17.5 0.0 0 0 5 2 2
-1309.5 -4542.9 -60.5 188 0 38.0 32.5 17.5 0.0 0 0 5 0 0
-1220.7 -4635.8 -58.9 8 0 92.7 86.0 17.5 0.0 0 0 5 4 4
-934.5 -3031.4 -66.6 281 0 14.8 59.8 14.0 3.5 2 1 4 4 4
-896.8 -3042.2 -66.6 279 0 15.8 76.4 14.0 3.5 2 1 4 1 1
-858.2 -3047.1 -66.6 279 0 14.8 74.2 14.0 3.5 2 1 4 1 1
-822.5 -3096.9 -66.6 9 0 89.0 13.0 14.0 3.5 2 0 4 5 5
-841.0 -3171.7 -66.4 279 0 12.4 77.6 14.0 3.5 4 1 4 3 3
-884.6 -3244.5 -66.4 99 0 16.4 69.5 14.0 3.5 2 1 4 1 1
-928.3 -3202.0 -66.4 189 0 72.9 13.7 14.0 3.5 2 0 4 0 0
-961.2 -3129.7 -66.6 192 0 63.4 15.0 14.0 3.5 2 0 4 2 2
-975.0 -3203.4 -66.5 192 0 64.6 12.1 14.0 3.5 2 0 4 4 4
-988.4 -3279.6 -66.3 188 0 65.3 12.8 14.0 3.5 2 0 4 2 2
-998.7 -3350.3 -66.2 189 0 38.6 12.5 14.0 3.5 2 0 4 0 0
-244.9 -3954.5 -63.4 270 0 13.4 77.7 14.0 0.0 0 1 4 2 2
-197.2 -3959.4 -63.7 270 0 13.5 77.7 14.0 3.5 2 1 4 4 4
-146.9 -3962.4 -64.1 270 0 13.5 77.2 14.0 3.5 2 1 4 1 1
-90.8 -4005.2 -64.5 0 0 77.7 13.5 14.0 0.0 0 0 4 3 3
-95.1 -4096.4 -63.7 0 0 84.2 13.5 14.0 3.5 2 0 4 4 4
-146.3 -4092.4 -63.5 0 0 84.2 13.5 14.0 3.5 2 0 4 4 4
-208.2 -4095.4 -63.1 180 0 84.2 13.5 14.0 3.5 2 0 4 4 4
-257.5 -4091.9 -62.5 180 0 84.2 13.5 14.0 3.5 2 0 4 5 5
-264.6 -4229.6 -60.9 90 0 13.4 84.2 14.0 3.5 2 1 4 5 5
-228.9 -4229.6 -61.0 90 0 13.4 84.2 14.0 3.5 2 1 4 4 4
-190.9 -4231.7 -61.1 90 0 13.4 84.2 14.0 3.5 4 1 4 0 0
-148.3 -4236.4 -61.2 90 0 13.4 84.2 14.0 0.0 0 1 4 4 4
-102.1 -4241.7 -61.3 90 0 13.5 84.2 14.0 3.5 2 1 4 5 5
-869.4 -5289.7 -61.1 80 0 12.6 38.0 17.5 3.5 2 1 5 5 5
-894.0 -5299.6 -61.1 81 0 12.5 45.0 17.5 3.5 2 1 5 2 2
-915.3 -5253.7 -61.4 87 0 13.3 45.2 17.5 3.5 4 1 5 0 0
-875.7 -5218.1 -61.1 357 0 59.4 13.1 17.5 3.5 2 0 5 1 1
-851.1 -5111.1 -60.3 267 0 13.3 62.2 17.5 3.5 2 1 5 2 2
-887.2 -5115.1 -60.7 267 0 13.3 62.2 17.5 3.5 2 1 5 5 5
-923.6 -5116.5 -60.9 267 0 13.3 62.2 17.5 3.5 2 1 5 2 2
-952.5 -5252.3 -61.4 87 0 13.3 62.2 17.5 3.5 2 1 5 2 2
-960.0 -5118.8 -61.2 267 0 13.3 62.2 17.5 3.5 2 1 5 2 2
-1000.3 -5153.3 -61.4 176 0 63.1 12.7 17.5 3.5 2 0 5 0 0
-996.5 -5232.2 -61.3 176 0 68.0 14.3 17.5 3.5 2 0 5 1 1
-1848.3 -3865.1 -66.4 188 0 113.3 16.1 17.5 0.0 0 0 5 1 1
-1791.2 -3700.4 -66.5 279 0 17.2 44.4 17.5 3.5 2 1 5 4 4
-1833.1 -3781.6 -66.4 189 0 35.0 47.4 17.5 0.0 0 1 5 5 5
-1761.2 -3706.8 -66.4 279 0 13.8 43.0 17.5 3.5 2 1 5 3 3
-1752.3 -3753.0 -66.3 279 0 15.2 60.9 17.5 3.5 2 1 5 0 0
-1711.7 -3914.3 -66.2 98 0 20.8 29.6 17.5 0.0 0 1 5 1 1
-1733.2 -3895.8 -66.2 7 0 22.2 47.1 17.5 3.5 2 1 5 5 5
-1738.3 -3883.2 -66.3 97 0 12.6 55.2 17.5 3.5 2 1 5 5 5
-1720.3 -3761.9 -66.2 277 0 12.4 54.7 17.5 0.0 0 1 5 0 0
-1691.1 -3771.1 -66.2 277 0 10.0 53.5 10.5 3.5 2 1 3 0 0
-1674.7 -3700.0 -66.3 277 0 17.1 65.2 17.5 3.5 4 1 5 5 5
-1647.3 -3794.7 -66.1 7 0 47.4 12.9 17.5 3.5 2 0 5 4 4
-1634.1 -3711.7 -66.3 277 0 15.2 54.6 17.5 3.5 2 1 5 1 1
-1601.1 -3744.7 -66.2 7 0 55.7 14.6 17.5 3.5 2 0 5 3 3
-1579.4 -3805.6 -66.0 187 0 72.0 13.2 17.5 3.5 2 0 5 3 3
-1591.1 -3891.2 -66.0 187 0 73.7 12.6 17.5 3.5 2 0 5 3 3
-1618.0 -3882.5 -66.1 7 0 82.6 8.6 10.5 3.5 2 0 3 2 2
-1608.1 -3804.7 -66.1 7 0 57.1 14.6 17.5 3.5 2 0 5 1 1
-1677.8 -3914.4 -66.2 97 0 13.8 82.7 17.5 3.5 2 1 5 2 2
-1648.8 -3916.3 -66.1 97 0 13.7 82.7 17.5 3.5 2 1 5 2 2
-1640.2 -4078.8 -63.7 8 0 66.7 16.3 17.5 3.5 4 0 5 5 5
-1759.1 -3986.1 -66.2 99 0 37.6 41.2 17.5 0.0 0 1 5 2 2
-530.1 -3474.0 -65.1 289 0 14.5 78.6 14.0 3.5 2 1 4 4 4
-493.2 -3566.4 -65.6 100 0 15.1 83.9 14.0 3.5 4 1 4 4 4
-520.2 -3079.1 -66.5 6 0 10.9 92.4 14.0 3.5 2 1 4 0 0
-601.0 -3096.7 -66.4 6 0 15.1 6.4 10.5 3.5 2 0 3 0 0
-599.0 -3114.6 -66.4 6 0 16.9 12.7 14.0 0.0 0 0 4 1 1
-602.4 -3149.4 -66.4 6 0 14.1 13.3 14.0 3.5 2 0 4 1 1
-604.5 -3179.4 -66.3 6 0 34.5 12.8 14.0 3.5 2 0 4 4 4
-712.2 -3189.2 -66.4 96 0 19.4 34.0 14.0 0.0 0 1 4 0 0
-675.1 -3203.4 -66.3 96 0 51.7 13.9 14.0 3.5 2 0 4 5 5
-636.9 -3204.5 -66.4 96 0 17.1 42.9 14.0 3.5 2 1 4 0 0
-785.5 -3224.3 -66.3 5 0 41.3 16.0 14.0 3.5 2 0 4 2 2
-719.4 -3270.3 -66.2 278 0 14.7 63.0 14.0 3.5 2 1 4 3 3
-735.5 -3400.9 -66.1 98 0 15.1 60.2 14.0 3.5 2 1 4 5 5
-776.0 -3386.4 -66.1 98 0 13.8 49.0 14.0 3.5 2 1 4 3 3
-762.9 -3272.3 -66.2 278 0 14.9 44.5 14.0 3.5 2 1 4 3 3
-818.1 -3287.3 -66.3 188 0 57.2 14.0 14.0 3.5 2 0 4 4 4
-830.1 -3359.3 -66.2 188 0 57.4 15.0 14.0 3.5 2 0 4 3 3
-948.5 -3285.5 -66.3 188 0 61.0 15.4 14.0 3.5 2 0 4 3 3
-892.5 -3293.1 -66.3 8 0 59.4 14.5 14.0 3.5 2 0 4 2 2
-853.9 -3287.6 -66.3 8 0 58.6 12.5 14.0 3.5 2 0 4 1 1
-863.6 -3356.3 -66.2 8 0 59.4 12.4 14.0 3.5 2 0 4 4 4
-911.9 -3375.1 -66.2 98 0 12.9 40.1 14.0 3.5 2 1 4 0 0
-952.6 -3374.0 -66.2 98 0 12.9 40.1 14.0 3.5 2 1 4 2 2
-145.5 -2224.0 -70.7 6 0 42.7 95.7 5.0 0.0 0 1 2 3 3
-166.9 -2869.8 -68.1 220 0 97.3 49.4 10.5 0.0 0 0 3 0 0
-107.8 -2954.5 -68.3 130 0 24.3 62.3 10.5 3.5 2 1 3 2 2
16.3 -2787.0 -68.8 287 0 26.2 21.6 10.0 2.5 2 0 4 5 5
108.4 -2803.4 -69.1 113 0 15.1 101.6 14.0 0.0 0 1 4 5 5
-1053.7 -7053.6 -35.4 160 0 19.4 14.1 10.5 3.5 2 0 3 4 4
-868.3 -7541.7 83.8 250 0 14.1 19.4 14.0 3.5 2 1 4 3 3
-1194.4 -6894.1 -47.2 181 0 46.1 55.3 14.0 0.0 0 1 4 4 4
6539.7 7715.0 -86.9 270 0 13.4 60.0 14.0 3.5 2 1 4 5 5
6516.1 7715.5 -86.8 270 0 13.4 60.0 14.0 3.5 2 1 4 2 2
6492.4 7715.9 -87.0 270 0 13.4 60.0 14.0 3.5 2 1 4 0 0
6468.3 7714.1 -87.1 270 0 13.4 60.0 14.0 3.5 2 1 4 1 1
6446.1 7655.5 -86.8 90 0 13.4 60.0 14.0 3.5 4 1 4 3 3
6445.5 7766.9 -87.6 358 0 70.0 12.5 14.0 3.5 2 0 4 4 4
6448.9 7866.2 -87.5 270 0 13.4 60.0 14.0 3.5 2 1 4 0 0
6302.8 7655.5 -85.7 90 0 13.4 60.0 14.0 3.5 2 1 4 0 0
6296.1 7754.6 -85.9 179 0 63.2 13.0 14.0 3.5 2 0 4 1 1
6300.6 7857.2 -87.8 270 0 14.1 64.9 14.0 3.5 2 1 4 2 2
6368.1 7878.1 -87.8 91 0 16.0 93.5 14.0 3.5 2 1 4 1 1
6406.0 7880.1 -87.0 91 0 16.0 93.5 14.0 3.5 2 1 4 1 1
6446.8 7878.7 -86.6 91 0 16.0 93.5 14.0 3.5 2 1 4 2 2
6390.2 7605.7 -86.6 92 0 14.8 43.9 14.0 3.5 2 1 4 2 2
6363.8 7606.0 -86.4 92 0 14.8 43.9 14.0 3.5 2 1 4 2 2
6337.8 7605.0 -86.3 92 0 14.8 43.9 14.0 3.5 4 1 4 0 0
6417.1 7606.0 -86.8 92 0 14.8 43.9 14.0 3.5 2 1 4 0 0
6508.9 7603.2 -86.2 92 0 14.8 43.9 14.0 3.5 2 1 4 3 3
6555.3 7602.3 -86.8 92 0 14.8 43.9 14.0 3.5 2 1 4 5 5
6582.2 7602.7 -86.6 92 0 14.8 43.9 14.0 3.5 2 1 4 3 3
6641.0 7725.5 -85.8 92 0 14.8 43.9 14.0 3.5 2 1 4 1 1
6534.1 7855.9 -86.7 272 0 57.6 45.9 14.0 0.0 0 0 4 1 1
6680.2 7655.0 -85.5 90 0 13.4 60.0 14.0 3.5 2 1 4 3 3
6586.9 7853.5 -86.6 268 0 12.5 73.9 14.0 0.0 0 1 4 4 4
6671.7 7852.1 -86.7 268 0 12.5 70.0 14.0 3.5 2 1 4 5 5
6338.5 7858.4 -88.0 268 0 10.4 47.9 14.0 0.0 0 1 4 1 1
6359.5 7859.6 -88.1 268 0 10.4 47.9 14.0 3.5 2 1 4 4 4
6378.9 7860.1 -87.9 268 0 10.4 47.9 14.0 3.5 2 1 4 4 4
6399.8 7860.1 -87.7 268 0 10.4 47.9 14.0 3.5 2 1 4 5 5
6269.4 7857.0 -87.7 269 0 14.1 46.1 14.0 3.5 4 1 4 2 2
6263.8 7783.0 -85.9 179 0 46.1 14.1 14.0 3.5 2 0 4 0 0
6264.2 7723.9 -85.4 179 0 46.1 14.1 14.0 3.5 2 0 4 3 3
6265.6 7672.3 -85.6 179 0 46.1 14.1 14.0 3.5 4 0 4 5 5
4333.5 7897.1 -94.7 269 0 232.4 209.3 14.0 0.0 0 0 4 0 0
4271.9 8243.3 -88.8 90 0 12.4 65.4 10.5 3.5 2 1 3 3 3
4265.0 8355.5 -88.5 180 0 65.6 12.0 10.5 3.5 2 0 3 0 0
4265.2 8426.6 -88.3 180 0 65.3 12.6 10.5 0.0 0 0 3 3 3
4261.2 8544.8 -88.4 270 0 12.9 73.3 10.5 3.5 2 1 3 0 0
4309.7 8242.6 -89.0 90 0 12.2 66.0 10.5 3.5 2 1 3 2 2
4306.6 8348.7 -88.9 181 0 68.1 12.7 10.5 3.5 2 0 3 4 4
4300.1 8545.4 -86.3 270 0 12.0 74.4 10.5 3.5 2 1 3 3 3
4335.7 8544.7 -84.1 270 0 13.0 74.8 10.5 3.5 2 1 3 4 4
4375.6 8507.0 -85.0 359 0 73.8 12.5 10.5 3.5 2 0 3 3 3
4347.9 8243.7 -89.5 90 0 11.7 65.2 10.5 3.5 2 1 3 5 5
4354.8 8379.4 -89.4 271 0 12.9 65.4 10.5 3.5 2 1 3 5 5
4362.9 8422.1 -88.7 0 0 72.9 13.1 10.5 3.5 2 0 3 3 3
4382.6 8243.1 -90.0 90 0 11.7 64.2 10.5 3.5 2 1 3 2 2
6365.7 9856.6 -90.9 180 0 42.7 16.7 15.0 2.5 2 0 6 0 0
6413.0 9879.3 -91.5 270 0 16.7 42.7 10.0 2.5 2 1 4 3 3
6452.4 9881.7 -91.7 271 0 17.0 45.4 7.5 2.5 2 1 3 0 0
6492.5 9883.9 -92.0 271 0 17.2 48.4 7.5 0.0 0 1 3 2 2
6532.9 9884.7 -92.3 270 0 16.7 47.7 7.5 2.5 2 1 3 1 1
