6279.7 -10224.2 -9.0 285 0 12.4 34.5 17.5 3.5 2 1 5 0 0
6266.9 -10333.0 -9.1 105 0 14.2 62.3 17.5 3.5 2 1 5 2 2
6318.3 -10226.8 -9.0 285 0 13.6 49.1 17.5 3.5 2 1 5 2 2
6454.4 -10249.7 -9.1 285 0 14.0 94.4 17.5 3.5 2 1 5 5 5
6382.2 -10369.8 -9.3 105 0 13.2 133.1 17.5 0.0 0 1 5 4 4
6359.1 -10224.9 -9.0 285 0 12.2 60.5 17.5 3.5 2 1 5 3 3
6342.0 -10360.5 -9.2 105 0 13.3 62.0 17.5 3.5 2 1 5 5 5
6305.6 -10350.3 -9.1 105 0 12.8 61.4 17.5 3.5 2 1 5 4 4
6234.4 -10318.2 -9.0 105 0 12.0 50.6 17.5 3.5 2 1 5 2 2
6241.9 -10212.0 -8.9 285 0 12.5 30.4 17.5 3.5 2 1 5 0 0
6192.8 -10300.9 -9.0 105 0 12.3 62.2 17.5 0.0 0 1 5 0 0
6156.8 -10285.8 -9.0 105 0 12.8 82.2 17.5 3.5 2 1 5 2 2
6059.4 -10242.7 -8.8 105 0 13.4 33.3 17.5 0.0 0 1 5 1 1
6088.9 -10255.4 -8.8 105 0 12.6 40.8 17.5 3.5 2 1 5 4 4
6138.9 -10231.4 -8.9 15 0 82.8 13.1 17.5 3.5 2 0 5 2 2
6114.6 -10300.0 -8.8 285 0 13.3 57.4 17.5 3.5 2 1 5 0 0
6098.5 -10392.3 -8.9 15 0 59.7 11.7 17.5 3.5 2 0 5 0 0
6081.7 -10286.1 -8.8 285 0 12.4 60.1 17.5 3.5 2 1 5 4 4
6048.2 -10413.3 -8.9 105 0 12.0 63.4 17.5 3.5 2 1 5 3 3
6050.2 -10271.7 -8.8 285 0 12.0 65.8 17.5 3.5 2 1 5 2 2
6013.2 -10406.3 -8.9 105 0 11.8 67.7 17.5 3.5 2 1 5 5 5
5916.6 -10385.6 -8.7 285 0 13.1 64.9 17.5 3.5 2 1 5 2 2
6068.6 -10425.3 -8.8 285 0 13.4 60.8 17.5 3.5 2 1 5 3 3
6027.9 -10454.9 -8.9 15 0 61.0 15.1 17.5 3.5 2 0 5 4 4
5991.1 -10412.1 -8.8 285 0 14.3 67.6 17.5 3.5 2 1 5 4 4
5955.7 -10392.2 -8.7 285 0 14.3 78.7 17.5 3.5 2 1 5 0 0
6061.8 -4894.0 -7.9 140 0 136.2 33.3 10.5 0.0 0 0 3 3 3
6658.0 -9968.3 -8.5 284 0 19.2 64.3 10.0 2.5 2 1 4 4 4
6561.6 -10204.6 -9.0 103 0 20.3 65.7 15.0 2.5 2 1 6 1 1
6571.3 -10066.0 -8.6 194 0 82.3 11.7 10.0 2.5 2 0 4 2 2
5317.6 -10755.2 -8.2 279 0 4.9 25.2 2.5 2.5 2 1 1 0 0
6163.5 -10857.8 -9.3 284 0 8.0 72.2 10.5 3.5 2 1 3 5 5
6734.4 -9987.5 -8.8 284 0 12.2 52.5 10.0 2.5 2 1 4 3 3
6700.2 -9979.5 -8.7 285 0 17.2 62.3 10.0 2.5 2 1 4 0 0
6006.2 -10495.1 -8.8 284 0 60.1 11.6 17.5 3.5 2 0 5 4 4
5936.9 -10490.3 -8.8 104 0 70.4 12.8 17.5 3.5 2 0 5 4 4
6129.4 -10363.4 -8.9 285 0 13.4 140.9 17.5 0.0 0 1 5 5 5
4781.4 -10797.2 -7.8 102 0 11.7 33.5 17.5 3.5 2 1 5 5 5
4759.1 -10738.8 -7.8 103 0 10.9 99.2 17.5 3.5 2 1 5 5 5
4807.5 -10618.0 -7.7 283 0 10.8 23.8 17.5 3.5 2 1 5 5 5
4839.4 -10625.9 -7.7 283 0 10.8 32.6 17.5 3.5 2 1 5 5 5
4881.3 -10628.5 -7.8 283 0 10.8 39.7 17.5 3.5 4 1 5 1 1
4893.8 -10767.6 -7.9 103 0 10.8 75.7 17.5 3.5 2 1 5 2 2
4855.5 -10751.8 -7.9 103 0 10.8 75.7 17.5 3.5 2 1 5 3 3
4814.0 -10851.9 -7.9 103 0 10.8 92.4 17.5 0.0 0 1 5 0 0
4954.6 -10723.1 -8.0 105 0 9.4 65.5 10.5 3.5 2 1 3 5 5
4972.9 -10727.9 -8.0 105 0 9.4 65.5 10.5 3.5 2 1 3 2 2
4992.2 -10732.3 -8.0 105 0 9.4 65.5 10.5 0.0 0 1 3 4 4
5009.4 -10736.9 -8.0 105 0 9.5 65.6 10.5 0.0 0 1 3 2 2
5028.4 -10742.5 -8.0 105 0 9.4 65.5 10.5 3.5 2 1 3 5 5
5045.1 -10746.5 -8.1 105 0 9.4 65.5 10.5 3.5 2 1 3 0 0
5063.5 -10829.6 -8.1 105 0 7.8 70.8 10.5 3.5 2 1 3 5 5
5047.2 -10826.0 -8.1 105 0 7.9 83.1 10.5 0.0 0 1 3 2 2
5029.0 -10820.8 -8.1 105 0 7.8 70.8 10.5 3.5 2 1 3 4 4
5031.1 -10747.7 -7.9 285 0 7.8 70.8 10.5 3.5 2 1 3 2 2
5016.7 -10743.7 -7.9 285 0 7.8 70.8 10.5 3.5 2 1 3 5 5
5001.3 -10740.1 -7.9 285 0 7.8 70.8 10.5 3.5 2 1 3 3 3
4982.0 -10735.1 -7.9 285 0 7.8 70.8 10.5 3.5 2 1 3 2 2
4961.5 -10730.0 -7.9 285 0 7.8 70.8 10.5 3.5 2 1 3 3 3
4941.8 -10805.7 -7.9 285 0 7.8 90.3 10.5 3.5 2 1 3 5 5
6451.7 -10721.2 -9.3 195 0 6.0 25.4 10.5 3.5 2 1 3 2 2
6446.7 -10720.1 -9.3 15 0 6.0 32.0 10.5 3.5 2 1 3 4 4
6454.3 -10748.8 -9.3 195 0 41.0 14.4 17.5 3.5 2 0 5 1 1
6431.9 -10834.3 -9.4 195 0 44.5 14.4 17.5 3.5 2 0 5 1 1
6422.8 -10897.7 -9.4 105 0 14.4 41.4 17.5 3.5 2 0 5 3 3
6430.8 -10742.7 -9.3 15 0 41.0 14.4 17.5 3.5 2 0 5 5 5
6408.4 -10828.1 -9.3 15 0 44.5 14.4 17.5 3.5 2 0 5 3 3
6385.3 -10887.9 -9.4 105 0 14.4 41.5 17.5 3.5 2 0 5 5 5
6443.3 -10790.7 -9.4 195 0 45.5 14.4 17.5 3.5 2 0 5 5 5
6419.8 -10784.5 -9.3 15 0 45.5 14.4 17.5 3.5 2 0 5 1 1
6162.2 -10541.9 -9.0 13 0 12.6 78.7 17.5 3.5 2 1 5 4 4
6639.6 -10507.3 -9.5 109 0 15.5 54.1 14.0 3.5 2 1 4 4 4
6682.1 -10522.5 -9.5 109 0 15.5 54.1 14.0 3.5 2 1 4 2 2
6723.3 -10537.8 -9.5 109 0 15.5 54.0 14.0 3.5 2 1 4 3 3
6719.4 -10434.0 -9.1 289 0 11.3 33.5 14.0 3.5 2 1 4 4 4
6682.6 -10418.7 -9.4 289 0 11.3 33.5 14.0 3.5 2 1 4 0 0
6644.3 -10405.4 -9.4 289 0 11.2 39.1 14.0 0.0 0 1 4 2 2
6648.9 -10392.2 -9.4 109 0 11.3 76.0 14.0 3.5 2 1 4 2 2
6686.7 -10405.6 -9.1 109 0 11.3 79.5 14.0 3.5 2 1 4 1 1
6723.9 -10418.1 -9.1 109 0 12.7 81.1 14.0 3.5 2 1 4 3 3
6763.4 -10427.3 -9.3 109 0 12.7 77.8 14.0 0.0 0 1 4 4 4
6799.7 -10443.0 -9.2 109 0 12.7 88.2 14.0 3.5 2 1 4 4 4
6792.1 -10462.0 -9.2 289 0 12.7 94.4 14.0 3.5 2 1 4 5 5
