57.9 3567.7 -5.0 312 0 41.8 19.0 5.0 2.5 2 0 2 3 3
-339.8 3571.2 -3.0 210 0 18.9 41.3 10.0 2.5 2 1 4 0 0
6203.9 -7012.5 -2.5 96 0 71.4 36.6 14.0 0.0 0 0 4 5 5
6163.9 -7027.6 -3.4 6 0 68.9 49.6 14.0 0.0 0 0 4 1 1
6277.7 -6474.7 -5.9 276 0 13.6 74.7 17.5 0.0 0 1 5 5 5
6307.2 -6464.5 -4.8 97 0 13.7 28.1 17.5 3.5 2 1 5 4 4
6306.7 -6480.2 -6.2 276 0 12.6 85.6 17.5 3.5 2 1 5 3 3
5785.2 -3485.6 -5.0 183 0 60.4 89.6 10.0 0.0 0 1 4 0 0
5765.0 -3484.7 -5.4 3 0 58.7 89.5 12.5 0.0 0 1 5 4 4
5723.0 -3428.0 -5.4 93 0 86.9 187.3 7.5 0.0 0 1 3 3 3
5793.4 -3336.1 -5.0 183 0 185.9 195.2 10.0 0.0 0 1 4 0 0
6309.7 -3326.1 -4.0 97 0 187.1 149.9 7.5 0.0 0 0 3 3 3
6819.0 -5821.9 -7.0 273 0 14.6 96.2 14.0 3.5 2 1 4 1 1
6787.6 -5820.9 -6.9 273 0 14.2 88.0 14.0 3.5 2 1 4 4 4
6754.7 -5818.6 -6.7 273 0 14.6 90.1 14.0 0.0 0 1 4 3 3
6722.5 -5817.0 -6.6 273 0 14.5 87.6 14.0 3.5 4 1 4 3 3
6691.1 -5816.2 -6.4 273 0 14.0 84.7 14.0 3.5 2 1 4 4 4
6625.9 -5934.1 -6.6 285 0 12.9 79.6 14.0 3.5 2 1 4 0 0
6628.1 -5925.3 -6.5 105 0 12.9 90.0 14.0 3.5 2 1 4 4 4
6593.0 -5923.5 -6.6 285 0 13.0 88.0 14.0 3.5 2 1 4 3 3
6594.9 -5916.0 -6.4 105 0 13.0 87.1 14.0 3.5 2 1 4 5 5
6557.2 -5915.1 -6.5 285 0 13.0 92.8 14.0 3.5 2 1 4 2 2
6559.1 -5907.5 -6.4 105 0 13.0 83.5 14.0 3.5 2 1 4 5 5
6525.1 -5908.3 -6.5 285 0 13.0 95.8 14.0 3.5 2 1 4 0 0
6527.0 -5900.8 -6.4 105 0 12.9 83.5 14.0 3.5 2 1 4 3 3
6825.1 -5317.7 -6.3 272 0 18.2 56.9 14.0 3.5 2 1 4 2 2
6167.8 -6566.0 -6.8 280 0 15.2 34.1 10.5 3.5 2 1 3 0 0
6149.8 -6656.4 -7.2 100 0 19.6 46.8 10.5 3.5 2 1 3 5 5
6115.8 -6635.2 -6.9 100 0 16.8 33.9 10.5 3.5 2 1 3 1 1
6075.3 -6631.7 -6.7 100 0 17.5 34.7 10.5 0.0 0 1 3 4 4
6111.8 -6569.5 -6.6 280 0 69.5 22.4 10.5 3.5 2 0 3 0 0
6031.6 -6638.0 -6.5 100 0 12.2 100.0 10.5 3.5 2 1 3 0 0
6707.6 -6039.2 -6.9 96 0 103.6 13.1 14.0 3.5 2 0 4 3 3
6560.3 -6019.2 -6.7 186 0 15.1 96.8 14.0 3.5 2 0 4 2 2
6756.2 -6002.4 -7.0 97 0 18.7 75.2 14.0 0.0 0 1 4 5 5
6891.8 -5187.0 -6.4 272 0 14.7 68.1 7.5 2.5 2 1 3 0 0
6938.3 -5217.1 -6.6 2 0 52.6 15.8 7.5 0.0 0 0 3 4 4
6919.8 -5467.9 -7.0 272 0 11.7 77.0 14.0 3.5 2 1 4 0 0
6887.0 -5466.3 -6.8 272 0 12.6 77.4 14.0 3.5 4 1 4 0 0
6904.5 -5582.1 -7.0 273 0 11.2 32.9 21.0 0.0 0 1 6 3 3
6886.2 -5581.3 -6.9 273 0 12.0 33.6 21.0 0.0 0 1 6 0 0
6907.1 -5642.2 -7.1 3 0 42.4 11.1 21.0 0.0 0 0 6 2 2
6877.5 -5640.5 -7.0 183 0 42.9 12.0 21.0 0.0 0 0 6 3 3
6861.4 -5641.7 -6.9 182 0 40.7 12.7 21.0 0.0 0 0 6 1 1
6870.5 -5580.4 -6.9 273 0 12.8 31.8 21.0 0.0 0 1 6 1 1
6923.2 -5655.7 -7.2 1 0 18.3 7.3 10.5 0.0 0 0 3 5 5
6925.1 -5634.3 -7.2 1 0 24.6 9.1 10.5 0.0 0 0 3 5 5
6937.0 -5590.0 -7.1 182 0 13.7 23.8 21.0 0.0 0 0 6 5 5
6937.2 -5758.9 -7.4 183 0 17.9 15.0 21.0 0.0 0 0 6 3 3
6594.6 -4953.0 -5.2 93 0 16.6 61.4 14.0 3.5 4 1 4 2 2
6587.3 -4819.1 -5.1 93 0 14.2 27.7 14.0 0.0 0 1 4 3 3
6583.6 -4748.9 -5.0 183 0 67.7 14.6 14.0 0.0 0 0 4 3 3
6634.0 -4714.4 -5.0 273 0 16.8 73.1 14.0 3.5 4 1 4 3 3
6623.8 -4839.8 -5.2 183 0 92.8 11.8 14.0 3.5 2 0 4 3 3
6624.3 -4948.5 -5.3 93 0 11.8 57.0 14.0 3.5 2 1 4 0 0
6819.2 -4954.4 -5.8 93 0 54.0 31.1 14.0 0.0 0 0 4 5 5
6884.8 -4844.4 -5.9 183 0 90.4 8.1 10.5 3.5 2 0 3 5 5
6857.4 -4846.1 -5.8 3 0 81.6 11.0 14.0 3.5 2 0 4 4 4
6688.3 -4697.1 -5.0 93 0 8.2 74.3 10.5 0.0 0 1 3 1 1
6738.5 -4699.2 -5.1 93 0 56.1 75.8 14.0 0.0 0 1 4 5 5
6667.0 -4694.8 -5.0 93 0 18.1 72.3 14.0 0.0 0 1 4 2 2
6670.5 -4717.4 -5.1 273 0 17.2 67.0 14.0 0.0 0 1 4 0 0
6720.5 -4719.0 -5.1 273 0 17.1 66.8 14.0 3.5 2 1 4 1 1
6758.4 -4720.6 -5.2 273 0 15.4 66.3 14.0 3.5 2 1 4 4 4
6900.7 -4727.9 -5.8 273 0 15.9 44.6 10.5 3.5 2 1 3 3 3
6943.7 -4771.9 -6.0 93 0 43.5 40.7 10.5 0.0 0 0 3 4 4
6754.0 -5554.5 -6.5 93 0 111.2 20.8 14.0 0.0 0 0 4 1 1
6921.7 -7217.5 -7.6 276 0 76.1 9.3 10.5 3.5 2 0 3 5 5
6836.8 -7207.1 -6.6 276 0 86.2 11.8 14.0 3.5 2 0 4 1 1
6826.1 -6128.9 -7.4 282 0 17.7 148.8 17.5 0.0 0 1 5 0 0
6558.1 -5535.7 -5.9 183 0 17.4 120.6 14.0 0.0 0 1 4 0 0
6801.2 -5451.6 -6.4 92 0 13.7 72.2 14.0 3.5 4 1 4 2 2
6800.8 -5461.7 -6.4 272 0 13.4 70.5 14.0 3.5 2 1 4 3 3
6827.1 -5469.8 -6.5 273 0 13.3 67.5 14.0 3.5 2 0 4 5 5
6820.6 -5557.6 -6.7 93 0 22.3 20.5 14.0 3.5 2 0 4 5 5
6938.2 -5880.4 -7.5 92 0 12.1 50.5 17.5 3.5 4 1 5 4 4
6894.5 -5852.0 -7.3 3 0 59.1 13.3 21.0 3.5 2 0 6 3 3
6854.9 -5850.3 -7.2 183 0 58.1 12.2 21.0 3.5 2 0 6 4 4
6860.0 -5918.8 -7.3 183 0 61.6 12.8 21.0 3.5 2 0 6 3 3
6935.1 -5923.5 -7.6 3 0 44.5 13.3 21.0 0.0 0 0 6 1 1
6936.2 -5983.1 -7.7 3 0 47.0 14.9 21.0 3.5 2 0 6 1 1
6887.1 -6041.7 -7.6 96 0 30.3 11.6 21.0 0.0 0 0 6 3 3
6915.0 -5957.8 -7.6 276 0 7.5 73.2 10.5 0.0 0 1 3 2 2
6897.9 -5990.0 -7.5 6 0 65.0 18.9 21.0 3.5 2 0 6 1 1
6835.3 -5986.0 -7.3 186 0 62.1 14.3 21.0 3.5 2 0 6 2 2
6830.0 -6042.6 -7.4 186 0 25.6 38.5 21.0 0.0 0 0 6 1 1
6829.1 -6025.4 -7.4 186 0 8.5 41.8 10.5 0.0 0 0 3 5 5
6020.6 -7831.3 -7.5 266 0 13.6 58.3 14.0 3.5 2 1 4 0 0
5988.4 -7835.6 -7.6 266 0 14.5 58.7 14.0 3.5 2 1 4 0 0
5946.4 -7868.4 -7.7 356 0 58.6 16.9 14.0 0.0 0 0 4 5 5
5897.9 -7903.7 -7.8 86 0 28.0 63.9 14.0 0.0 0 1 4 3 3
6064.1 -7903.1 -8.5 266 0 12.1 37.0 14.0 3.5 2 0 4 4 4
6075.2 -7980.2 -9.2 86 0 12.2 40.6 14.0 3.5 2 0 4 0 0
5991.7 -7909.4 -8.6 266 0 12.1 37.0 14.0 3.5 2 0 4 1 1
6002.9 -7986.5 -9.3 86 0 12.2 40.6 14.0 3.5 2 0 4 1 1
6037.6 -7924.9 -8.5 356 0 37.0 12.1 14.0 3.5 2 0 4 0 0
6041.6 -7983.9 -9.3 86 0 12.2 40.6 14.0 3.5 2 0 4 0 0
6043.5 -7990.9 -10.9 266 0 11.4 87.1 14.0 3.5 2 1 4 4 4
6080.0 -7989.1 -11.1 266 0 11.5 101.0 14.0 3.5 2 1 4 0 0
6394.4 -4638.5 -3.8 273 0 14.1 149.5 14.0 0.0 0 1 4 3 3
6371.1 -4639.4 -3.9 273 0 12.0 81.6 14.0 3.5 4 1 4 4 4
6371.8 -4626.1 -3.9 93 0 12.0 62.9 14.0 0.0 0 1 4 5 5
6378.1 -4509.4 -3.8 273 0 12.0 47.0 14.0 3.5 2 0 4 5 5
6363.2 -4785.6 -4.0 93 0 12.0 56.8 14.0 3.5 2 1 4 0 0
6324.0 -4638.0 -4.0 273 0 12.0 81.6 14.0 3.5 2 1 4 1 1
6324.7 -4624.7 -4.0 93 0 12.0 62.9 14.0 3.5 2 1 4 5 5
6331.0 -4506.9 -3.9 273 0 12.0 48.1 14.0 3.5 2 0 4 0 0
6316.1 -4784.1 -4.1 93 0 12.0 56.8 14.0 3.5 2 1 4 3 3
6272.4 -4632.8 -4.1 273 0 12.0 81.6 14.0 3.5 2 1 4 3 3
6272.9 -4623.0 -4.1 93 0 12.0 66.5 14.0 3.5 2 1 4 1 1
6279.3 -4504.1 -4.1 273 0 12.0 45.7 14.0 3.5 2 0 4 4 4
6264.4 -4781.1 -4.2 93 0 12.0 59.0 14.0 3.5 2 1 4 1 1
6217.9 -4632.2 -4.3 273 0 12.0 81.6 14.0 3.5 4 1 4 0 0
6218.5 -4620.9 -4.3 93 0 12.0 64.9 14.0 3.5 2 1 4 1 1
6225.0 -4501.2 -4.2 273 0 12.0 48.1 14.0 3.5 2 0 4 4 4
6210.0 -4780.5 -4.3 93 0 12.0 59.0 14.0 3.5 2 1 4 2 2
6164.6 -4629.7 -4.4 273 0 12.0 81.6 14.0 3.5 4 1 4 1 1
6165.4 -4613.5 -4.4 93 0 12.0 60.0 14.0 3.5 2 1 4 5 5
6171.6 -4498.6 -4.3 273 0 12.0 48.1 14.0 3.5 2 0 4 4 4
6156.6 -4778.1 -4.5 93 0 12.0 59.0 14.0 3.5 2 1 4 2 2
6110.9 -4627.5 -4.5 273 0 12.0 81.6 14.0 3.5 2 1 4 4 4
6111.7 -4611.4 -4.5 93 0 12.0 60.0 14.0 3.5 2 1 4 4 4
6118.0 -4495.7 -4.5 273 0 12.0 48.9 14.0 3.5 2 0 4 5 5
6102.9 -4775.9 -4.6 93 0 12.0 59.0 14.0 3.5 4 1 4 2 2
6049.3 -4773.0 -4.8 93 0 12.0 59.0 14.0 3.5 4 1 4 1 1
6057.3 -4624.6 -4.7 273 0 12.0 81.6 14.0 3.5 2 1 4 2 2
6058.2 -4608.4 -4.7 93 0 12.0 60.0 14.0 3.5 2 1 4 1 1
6064.8 -4485.2 -4.6 273 0 12.0 56.5 14.0 3.5 2 0 4 5 5
6475.8 -4956.9 -4.8 273 0 11.5 37.2 14.0 3.5 2 0 4 4 4
6526.4 -4963.3 -5.2 273 0 11.3 33.2 14.0 3.5 2 0 4 1 1
6574.7 -4964.9 -5.3 273 0 11.7 33.7 14.0 3.5 2 0 4 3 3
6624.2 -4966.4 -5.3 273 0 13.7 34.5 14.0 3.5 2 0 4 2 2
6670.7 -4969.7 -5.3 273 0 12.8 33.3 14.0 3.5 2 0 4 2 2
6716.6 -4972.3 -5.4 273 0 11.8 32.8 14.0 3.5 2 0 4 0 0
6800.0 -4977.0 -5.7 273 0 11.1 32.0 10.5 3.5 2 0 3 4 4
6848.0 -4978.0 -5.9 273 0 11.5 33.2 10.5 3.5 2 0 3 4 4
6895.5 -4977.9 -6.2 273 0 10.9 35.4 10.5 3.5 2 0 3 5 5
6454.6 -5185.4 -5.1 92 0 11.9 81.0 14.0 3.5 2 1 4 1 1
6504.6 -5188.0 -5.4 92 0 11.9 81.0 14.0 3.5 4 1 4 5 5
6545.0 -5190.4 -5.5 92 0 11.9 81.0 14.0 3.5 2 1 4 5 5
6596.8 -5192.7 -5.5 92 0 12.0 81.0 14.0 3.5 2 1 4 3 3
6645.6 -5195.3 -5.6 92 0 12.0 81.0 14.0 3.5 2 1 4 4 4
6700.6 -5198.3 -5.6 92 0 12.1 82.5 14.0 3.5 2 1 4 3 3
6691.3 -5372.5 -5.8 92 0 15.8 18.5 14.0 3.5 2 1 4 0 0
6685.5 -5289.8 -5.7 272 0 11.5 60.7 14.0 3.5 2 1 4 2 2
6567.5 -5492.8 -5.9 183 0 58.1 14.4 14.0 3.5 2 0 4 5 5
6573.5 -5421.1 -5.8 183 0 59.1 13.0 14.0 3.5 2 0 4 5 5
6613.7 -5368.9 -5.8 273 0 12.3 82.7 14.0 0.0 0 1 4 3 3
6643.3 -5377.4 -5.8 273 0 13.4 74.2 14.0 3.5 2 1 4 4 4
6635.2 -5523.7 -6.0 93 0 13.4 62.1 14.0 3.5 2 1 4 2 2
6677.3 -5495.3 -6.0 3 0 62.1 13.4 14.0 3.5 2 0 4 5 5
6676.9 -5379.6 -5.8 273 0 13.4 74.2 14.0 3.5 2 1 4 3 3
6770.9 -5451.7 -6.3 92 0 13.6 70.3 14.0 3.5 2 1 4 3 3
6740.3 -5450.2 -6.1 92 0 13.0 69.0 14.0 3.5 2 1 4 1 1
6707.5 -5448.8 -6.0 92 0 13.2 69.1 14.0 3.5 4 1 4 2 2
6706.2 -5459.2 -6.0 272 0 15.8 69.7 14.0 0.0 0 1 4 3 3
6738.1 -5461.2 -6.2 272 0 13.4 69.0 14.0 3.5 2 1 4 1 1
6769.9 -5461.8 -6.3 272 0 14.7 70.4 14.0 3.5 2 1 4 4 4
6577.0 -2916.3 -2.9 273 0 14.7 54.3 10.0 2.5 2 1 4 3 3
6750.3 -2926.1 -2.9 273 0 5.3 53.9 7.5 2.5 2 1 3 1 1
6681.3 -2921.5 -2.8 273 0 121.5 54.5 7.5 0.0 0 0 3 1 1
6656.1 -2904.2 -3.0 93 0 174.0 57.6 10.0 0.0 0 0 4 2 2
6722.7 -2739.7 -2.8 273 0 194.7 93.9 10.0 0.0 0 0 4 5 5
6032.7 -6139.5 -5.6 101 0 14.9 43.3 14.0 3.5 2 1 4 1 1
6024.9 -6031.6 -5.5 279 0 13.2 56.3 14.0 3.5 2 1 4 3 3
6053.2 -6038.0 -5.5 279 0 12.8 56.6 14.0 3.5 2 1 4 0 0
6087.5 -6074.3 -5.7 9 0 58.7 16.2 14.0 3.5 2 0 4 4 4
6102.2 -6070.7 -5.7 189 0 59.5 15.3 14.0 3.5 2 0 4 3 3
6088.2 -6157.1 -5.8 189 0 46.2 16.2 14.0 3.5 2 0 4 3 3
6221.2 -6150.1 -6.1 279 0 12.0 43.6 14.0 3.5 2 1 4 4 4
6179.7 -6226.7 -5.7 99 0 11.7 29.2 14.0 3.5 2 1 4 4 4
6133.5 -6219.7 -5.7 99 0 11.8 45.1 14.0 3.5 2 1 4 1 1
6100.4 -6217.7 -5.3 275 0 12.6 60.9 14.0 3.5 2 1 4 3 3
6137.0 -6238.0 -5.3 275 0 11.5 47.1 14.0 3.5 2 1 4 1 1
6172.4 -6243.4 -5.4 275 0 12.8 48.3 14.0 3.5 2 1 4 2 2
6212.2 -6229.7 -5.6 275 0 13.1 70.2 14.0 3.5 2 1 4 1 1
6247.8 -6233.7 -5.7 275 0 14.3 72.4 14.0 3.5 2 1 4 2 2
6248.6 -6224.1 -6.2 95 0 14.3 70.0 14.0 3.5 2 1 4 5 5
6446.8 -5314.8 -5.3 272 0 19.0 38.5 17.5 3.5 2 1 5 0 0
6384.6 -5249.3 -4.7 2 0 18.6 29.4 10.5 3.5 2 1 3 3 3
6380.8 -5273.2 -4.7 2 0 20.4 26.3 10.5 3.5 4 1 3 2 2
6368.1 -5357.9 -4.8 272 0 12.3 18.5 10.5 3.5 4 1 3 0 0
6346.3 -5394.6 -4.9 92 0 57.3 17.0 10.5 3.5 2 0 3 4 4
6346.1 -5402.1 -4.8 272 0 20.4 7.5 10.5 3.5 2 0 3 5 5
6346.9 -5441.8 -4.9 92 0 24.2 10.9 17.5 3.5 2 0 5 1 1
6366.7 -5402.8 -4.9 272 0 13.2 39.5 17.5 3.5 2 0 5 0 0
6705.8 -8120.6 -6.7 282 0 14.4 48.4 10.0 2.5 2 1 4 2 2
6670.5 -8099.9 -6.7 282 0 12.9 49.6 7.5 2.5 2 1 3 3 3
6888.5 -8258.2 -7.1 98 0 15.4 49.7 7.5 0.0 0 1 3 5 5
6855.5 -8241.8 -7.1 98 0 13.8 49.5 7.5 2.5 2 1 3 4 4
6815.7 -8200.4 -7.0 188 0 51.5 15.2 7.5 2.5 4 0 3 4 4
6790.6 -8181.0 -6.9 8 0 50.9 13.4 10.0 2.5 2 0 4 0 0
6753.5 -8138.7 -6.8 278 0 16.6 51.9 10.0 2.5 2 1 4 0 0
6818.2 -8150.8 -6.9 296 0 210.6 11.3 10.0 0.0 0 0 4 1 1
6715.5 -8195.9 -6.9 99 0 6.4 74.0 7.5 2.5 2 1 3 4 4
5451.3 -6706.0 -5.2 279 0 12.7 68.0 14.0 3.5 2 1 4 5 5
6103.8 -7059.8 -3.5 96 0 7.3 78.5 10.5 3.5 4 1 3 5 5
5412.7 -7072.7 -5.7 278 0 17.0 94.6 14.0 0.0 0 1 4 4 4
5489.5 -5331.7 -0.3 273 0 15.3 84.0 10.5 3.5 2 1 3 1 1
5503.7 -5289.7 -0.2 3 0 49.6 14.4 14.0 3.5 2 0 4 3 3
5465.6 -5259.2 0.2 273 0 14.3 53.8 14.0 3.5 2 1 4 1 1
5431.5 -5255.6 0.7 273 0 14.7 55.7 14.0 3.5 2 1 4 2 2
5397.5 -5252.6 1.2 273 0 13.4 58.0 14.0 3.5 2 1 4 2 2
5336.7 -5334.7 0.4 99 0 13.5 86.5 14.0 3.5 2 1 4 0 0
5451.5 -5329.6 -0.4 279 0 16.3 82.1 10.5 3.5 2 0 3 1 1
5412.8 -5326.7 -0.5 279 0 16.3 79.3 10.5 3.5 2 0 3 1 1
5376.8 -5327.3 -0.6 279 0 15.5 73.3 10.5 3.5 2 0 3 5 5
5336.1 -5344.5 -0.7 279 0 14.2 50.2 10.5 3.5 2 0 3 0 0
5304.4 -5365.8 -0.8 8 0 48.9 14.7 10.5 3.5 2 0 3 5 5
5243.7 -5311.3 0.5 98 0 15.2 35.3 14.0 3.5 2 0 4 3 3
5249.4 -5241.2 1.2 278 0 14.9 34.9 14.0 3.5 2 0 4 1 1
5207.7 -5304.6 0.5 98 0 15.2 35.3 14.0 3.5 2 0 4 5 5
5213.4 -5234.5 1.1 278 0 14.9 35.0 14.0 3.5 2 0 4 4 4
5172.6 -5300.0 0.4 98 0 15.2 35.3 14.0 3.5 2 0 4 5 5
5178.2 -5229.9 0.9 278 0 14.9 35.0 14.0 3.5 2 0 4 1 1
5143.2 -5226.7 0.7 278 0 14.9 34.9 14.0 3.5 2 0 4 3 3
5137.5 -5296.9 0.3 98 0 15.2 35.3 14.0 3.5 2 0 4 1 1
5233.1 -5380.7 -0.9 98 0 14.4 38.1 10.5 3.5 2 0 3 4 4
5211.7 -5320.4 -1.0 278 0 14.7 56.7 10.5 3.5 2 0 3 2 2
5179.2 -5314.6 -1.0 278 0 13.7 57.8 10.5 3.5 2 0 3 2 2
5142.5 -5310.1 -1.1 278 0 14.0 57.2 10.5 3.5 2 0 3 3 3
5100.3 -5289.7 0.2 92 0 15.8 67.8 14.0 0.0 0 1 4 3 3
5877.8 -8172.4 -10.3 191 0 54.0 12.7 7.5 2.5 2 0 3 4 4
5865.5 -8236.5 -9.6 191 0 57.9 12.7 7.5 2.5 2 0 3 5 5
5846.6 -8232.6 -9.6 11 0 57.9 12.7 7.5 2.5 2 0 3 2 2
5858.9 -8168.5 -10.2 11 0 54.0 12.7 7.5 2.5 2 0 3 2 2
6374.3 -7552.5 -5.1 284 0 8.9 26.2 10.5 3.5 2 1 3 2 2
6353.6 -7631.1 -5.6 104 0 8.9 52.1 10.5 3.5 2 1 3 2 2
6417.6 -7568.8 -4.9 14 0 7.3 36.0 10.5 3.5 2 1 3 4 4
6421.8 -7608.6 -5.3 14 0 79.1 8.8 10.5 3.5 2 0 3 3 3
6600.2 -7207.7 -1.9 186 0 38.1 50.2 14.0 0.0 0 0 4 3 3
6671.9 -7193.2 -2.7 276 0 39.2 44.3 14.0 0.0 0 0 4 0 0
5756.1 -7674.8 -6.3 181 0 58.9 12.5 10.0 2.5 4 0 4 5 5
5758.4 -7795.1 -6.5 91 0 13.0 78.4 7.5 2.5 2 1 3 3 3
5728.1 -7772.8 -6.5 1 0 40.4 11.9 10.0 2.5 2 0 4 2 2
5729.4 -7710.9 -6.4 1 0 69.1 11.9 7.5 0.0 0 0 3 1 1
5730.7 -7650.4 -6.3 1 0 39.2 11.9 10.0 2.5 2 0 4 2 2
5674.8 -7926.9 -8.7 181 0 59.4 14.1 10.0 0.0 0 0 4 2 2
5725.3 -7855.3 -7.2 1 0 39.4 13.0 12.5 2.5 2 0 5 3 3
5725.6 -7928.0 -8.9 1 0 79.8 12.0 12.5 2.5 2 0 5 0 0
5747.6 -7940.6 -9.1 181 0 79.2 13.6 12.5 0.0 0 0 5 4 4
5756.6 -7833.7 -7.5 271 0 13.6 56.0 10.0 2.5 2 1 4 1 1
5720.0 -7996.2 -9.8 109 0 124.5 14.7 10.0 0.0 0 0 4 5 5
5938.7 -7814.7 -6.3 87 0 13.3 40.8 14.0 3.5 2 0 4 1 1
5953.7 -7743.8 -6.2 267 0 10.7 26.4 14.0 3.5 2 0 4 0 0
4894.0 -3785.1 -7.1 183 0 71.5 138.3 7.5 0.0 0 1 3 2 2
4889.1 -3896.8 -7.4 183 0 93.5 137.5 7.5 0.0 0 1 3 4 4
4872.4 -3896.7 -7.5 3 0 95.7 75.0 7.5 0.0 0 0 3 4 4
4878.0 -3785.6 -7.2 3 0 70.7 75.0 10.0 0.0 0 1 4 4 4
4721.8 -3737.4 -7.2 3 0 182.6 107.8 12.5 0.0 0 0 5 5 5
4073.5 -7740.2 -2.4 276 0 12.6 43.1 10.0 2.5 2 1 4 3 3
4044.8 -7736.5 -2.4 276 0 12.0 43.9 7.5 2.5 2 1 3 2 2
4013.8 -7733.9 -2.4 276 0 11.9 43.9 10.0 2.5 2 1 4 1 1
4097.9 -7732.6 -2.3 99 0 14.5 66.0 10.0 2.5 2 1 4 1 1
4067.7 -7730.8 -2.3 99 0 11.8 67.0 10.0 2.5 4 1 4 2 2
4036.6 -7728.1 -2.4 99 0 11.9 66.8 5.0 0.0 0 1 2 1 1
4003.5 -7725.9 -2.4 99 0 11.5 70.3 5.0 2.5 2 1 2 3 3
5649.2 -7861.3 -7.8 278 0 13.1 48.4 10.0 2.5 2 1 4 4 4
5657.8 -7803.1 -6.7 278 0 13.1 47.1 7.5 2.5 2 1 3 1 1
5561.3 -7837.6 -6.8 99 0 11.8 49.4 7.5 2.5 2 1 3 3 3
5594.3 -7844.0 -6.7 99 0 12.7 51.0 10.0 2.5 2 1 4 4 4
5628.0 -7848.5 -6.8 99 0 12.4 50.1 7.5 2.5 2 1 3 5 5
5628.5 -7855.7 -7.7 279 0 11.8 49.1 10.0 2.5 2 1 4 5 5
5594.6 -7851.2 -7.6 279 0 13.3 48.0 10.0 2.5 2 1 4 2 2
5560.4 -7844.9 -7.5 278 0 13.2 49.6 10.0 2.5 4 1 4 2 2
5524.8 -7890.2 -7.5 98 0 12.8 47.2 7.5 2.5 2 1 3 3 3
5503.5 -7838.5 -6.8 98 0 12.4 60.8 7.5 2.5 4 1 3 5 5
5495.6 -7888.1 -7.5 98 0 11.9 42.0 10.0 2.5 4 1 4 5 5
5473.0 -7839.9 -7.3 280 0 13.5 42.6 7.5 2.5 2 1 3 5 5
5484.5 -7772.7 -6.8 280 0 13.6 58.3 10.0 2.5 2 1 4 3 3
5446.2 -7829.1 -6.9 100 0 12.0 61.4 10.0 2.5 2 1 4 3 3
5443.9 -7836.7 -7.2 280 0 12.6 41.4 7.5 2.5 2 1 3 1 1
5415.7 -7830.7 -7.1 280 0 13.4 38.7 7.5 2.5 2 1 3 5 5
5417.0 -7823.5 -6.9 100 0 13.4 60.4 10.0 2.5 2 1 4 2 2
5416.6 -7874.7 -7.6 293 0 69.5 28.0 12.5 0.0 0 0 5 1 1
5110.8 -2334.7 -4.0 273 0 79.8 250.4 7.5 0.0 0 1 3 1 1
4985.9 -2333.4 -3.9 273 0 105.4 246.1 10.0 0.0 0 1 4 5 5
4849.3 -2327.6 -3.9 273 0 109.0 244.1 12.5 0.0 0 1 5 4 4
4773.2 -2727.9 -5.0 93 0 216.6 126.6 12.5 0.0 0 0 5 3 3
5135.7 -2683.1 -4.1 3 0 126.5 218.6 10.0 0.0 0 1 4 1 1
5639.1 -1809.3 -1.6 3 0 82.1 14.2 7.5 2.5 2 0 3 4 4
5591.1 -1847.8 -1.4 93 0 13.2 81.3 10.0 2.5 2 1 4 5 5
6617.6 -6131.6 -7.0 277 0 12.2 48.2 7.5 2.5 2 1 3 0 0
6590.5 -6130.6 -6.9 277 0 11.4 45.9 12.5 2.5 2 1 5 4 4
6561.2 -6150.1 -6.9 187 0 45.1 11.2 7.5 2.5 2 0 3 0 0
6774.9 -7548.6 -4.9 94 0 46.6 7.4 10.5 0.0 0 0 3 0 0
6892.6 -7471.0 -6.7 282 0 13.8 65.6 10.5 3.5 2 1 3 5 5
6928.1 -7478.9 -7.4 282 0 13.1 61.6 10.5 3.5 2 1 3 0 0
6931.7 -7418.3 -7.5 281 0 15.0 51.9 10.5 3.5 2 1 3 0 0
6891.4 -7462.4 -6.9 101 0 12.9 46.6 10.5 0.0 0 1 3 3 3
6861.8 -7408.6 -6.1 281 0 12.7 45.5 10.5 3.5 4 1 3 1 1
6854.4 -7508.6 -6.0 12 0 87.1 15.9 10.5 3.5 2 0 3 5 5
6831.0 -7407.8 -5.4 282 0 13.2 41.2 10.5 3.5 2 1 3 1 1
6824.0 -7457.7 -5.2 282 0 10.4 83.7 10.5 3.5 2 1 3 0 0
6777.7 -7533.9 -4.8 102 0 10.8 84.5 10.5 3.5 4 1 3 5 5
6772.7 -7390.8 -4.2 282 0 14.8 43.5 10.5 3.5 2 1 3 1 1
6740.0 -7542.7 -4.8 102 0 14.1 104.2 10.5 3.5 2 1 3 0 0
6918.1 -7561.6 -7.2 94 0 66.4 7.4 10.5 3.5 2 0 3 1 1
4938.9 -10758.3 -7.7 89 0 7.4 51.3 7.5 2.5 2 1 3 4 4
4936.3 -10674.7 -7.5 189 0 23.9 65.9 10.0 2.5 2 1 4 3 3
5017.1 -10770.1 -7.7 270 0 63.4 16.6 7.5 2.5 4 0 3 2 2
5066.4 -10758.3 -7.7 90 0 53.2 71.7 7.5 0.0 0 1 3 0 0
5506.5 -8157.2 -8.5 283 0 14.2 67.3 10.0 2.5 4 1 4 4 4
5509.0 -8146.8 -8.8 103 0 16.1 48.0 7.5 2.5 2 1 3 5 5
5545.5 -8156.9 -8.9 103 0 16.6 38.1 10.0 2.5 4 1 4 5 5
5571.4 -8175.1 -8.7 283 0 12.1 53.0 15.0 2.5 2 1 6 4 4
5541.2 -8166.8 -8.6 283 0 17.9 52.3 10.0 2.5 2 1 4 3 3
5554.6 -8264.9 -8.1 13 0 57.2 11.0 7.5 2.5 4 0 3 5 5
5537.3 -8330.4 -7.4 13 0 60.2 10.4 10.0 0.0 0 0 4 3 3
5498.4 -8288.3 -7.3 284 0 37.5 59.3 10.0 0.0 0 1 4 0 0
5949.0 -8427.2 -6.9 192 0 36.8 52.3 7.5 0.0 0 1 3 0 0
6559.9 -8370.6 -6.6 9 0 51.4 9.6 7.5 2.5 4 0 3 4 4
6497.9 -8399.4 -6.6 99 0 13.3 71.9 10.0 2.5 2 1 4 4 4
6440.3 -8407.0 -6.4 279 0 14.4 62.7 7.5 0.0 0 1 3 3 3
6514.0 -8415.9 -6.5 279 0 25.2 96.1 7.5 0.0 0 1 3 0 0
6791.4 -6818.6 -6.1 282 0 61.2 17.6 14.0 3.5 2 0 4 0 0
6859.4 -7058.2 -6.6 283 0 8.8 18.9 10.5 3.5 2 1 3 4 4
6870.2 -7085.4 -6.8 282 0 9.5 21.7 10.5 3.5 2 1 3 5 5
6859.4 -7126.9 -6.5 11 0 36.5 11.4 10.5 0.0 0 0 3 2 2
6840.7 -7054.2 -6.3 281 0 19.6 32.4 10.5 0.0 0 0 3 4 4
6822.4 -7095.7 -6.0 191 0 23.9 11.9 10.5 3.5 2 0 3 2 2
6816.5 -7125.5 -5.8 191 0 36.7 11.9 10.5 3.5 2 0 3 0 0
6753.9 -7661.1 -6.0 185 0 44.0 12.7 10.5 3.5 2 0 3 4 4
6731.9 -7697.1 -6.2 185 0 22.5 18.2 10.5 3.5 2 0 3 5 5
6717.1 -7687.2 -6.1 11 0 67.3 16.2 10.5 3.5 2 0 3 5 5
6719.5 -7716.8 -6.3 184 0 12.0 44.6 10.5 3.5 2 1 3 3 3
6866.9 -7595.9 -5.9 274 0 12.7 48.8 10.5 3.5 2 1 3 1 1
6832.3 -7595.4 -5.7 274 0 12.2 46.2 10.5 3.5 4 1 3 0 0
6800.2 -7589.9 -5.7 274 0 12.8 49.1 10.5 0.0 0 1 3 0 0
6798.4 -7710.4 -6.3 95 0 15.9 67.5 10.5 3.5 2 1 3 4 4
6828.4 -7707.5 -6.4 95 0 14.9 61.3 10.5 0.0 0 1 3 1 1
6869.7 -7680.3 -6.4 4 0 62.0 16.3 10.5 3.5 4 0 3 1 1
6897.0 -7633.8 -6.4 4 0 34.1 10.4 10.5 3.5 2 0 3 1 1
6894.9 -7661.4 -6.3 4 0 21.2 10.4 10.5 3.5 2 0 3 4 4
6855.7 -7734.0 -6.6 95 0 25.7 10.8 10.5 3.5 2 0 3 4 4
6809.0 -7730.0 -6.5 95 0 57.8 11.7 10.5 3.5 2 0 3 2 2
5547.4 -5867.2 -8.8 276 0 17.4 28.1 10.5 3.5 2 1 3 2 2
6547.0 -7328.9 -2.5 191 0 15.5 11.3 14.0 3.5 2 0 4 2 2
6553.1 -7357.4 -2.8 11 0 38.0 9.9 10.5 3.5 2 0 3 3 3
6615.7 -7392.4 -3.4 281 0 8.9 34.1 10.5 3.5 2 1 3 0 0
6595.2 -7390.0 -3.3 281 0 8.1 32.5 10.5 3.5 2 1 3 2 2
6574.0 -7382.8 -3.2 281 0 8.7 35.1 10.5 3.5 4 1 3 3 3
6553.4 -7379.4 -3.0 281 0 8.7 34.7 10.5 3.5 2 1 3 3 3
6538.5 -7430.7 -3.3 191 0 29.3 8.6 10.5 3.5 4 0 3 4 4
6566.5 -7421.9 -3.4 281 0 9.7 31.3 10.5 3.5 2 0 3 1 1
6587.7 -7426.2 -3.5 281 0 9.1 29.5 10.5 3.5 2 1 3 5 5
6608.4 -7431.1 -3.7 281 0 8.6 30.5 10.5 3.5 2 0 3 1 1
6601.6 -7460.8 -3.9 281 0 6.5 38.7 10.5 3.5 2 0 3 2 2
6577.9 -7456.7 -3.8 281 0 8.2 38.4 10.5 3.5 2 1 3 5 5
6553.5 -7451.3 -3.6 281 0 9.9 38.7 10.5 3.5 2 0 3 0 0
6534.2 -7447.9 -3.5 281 0 7.8 38.4 10.5 3.5 2 1 3 5 5
6514.0 -7407.3 -3.1 191 0 65.8 15.5 14.0 3.5 2 0 4 5 5
6504.4 -7461.9 -3.4 191 0 41.0 12.2 14.0 3.5 2 0 4 0 0
6582.7 -7548.4 -4.3 102 0 7.5 45.3 10.5 3.5 2 1 3 0 0
6563.2 -7509.6 -3.9 102 0 7.0 11.6 10.5 3.5 2 0 3 3 3
6560.3 -7544.1 -4.1 102 0 7.1 34.4 10.5 3.5 2 0 3 3 3
6539.0 -7538.4 -4.0 102 0 7.1 45.2 10.5 3.5 2 1 3 3 3
6517.6 -7535.2 -3.9 102 0 7.3 46.5 10.5 3.5 2 1 3 4 4
6495.6 -7509.9 -3.8 192 0 38.8 11.5 14.0 0.0 0 0 4 3 3
6622.3 -7329.0 -2.7 102 0 15.7 61.1 14.0 3.5 2 1 4 0 0
6644.2 -7324.3 -2.7 102 0 9.9 50.3 10.5 3.5 2 1 3 5 5
6673.8 -7308.2 -2.9 12 0 58.8 13.5 14.0 3.5 2 0 4 0 0
6667.4 -7443.8 -4.0 11 0 51.5 15.3 14.0 3.5 2 0 4 5 5
6643.4 -7478.4 -4.0 11 0 13.9 22.2 14.0 3.5 2 1 4 1 1
6624.0 -7496.6 -4.2 281 0 11.8 29.9 14.0 3.5 2 1 4 0 0
6623.5 -7592.0 -4.8 101 0 9.2 36.5 10.5 3.5 4 1 3 3 3
6622.6 -7552.2 -4.5 102 0 34.6 10.7 14.0 3.5 2 0 4 3 3
6676.1 -7510.7 -4.4 12 0 13.7 19.5 14.0 3.5 2 0 4 5 5
6668.0 -7538.7 -4.7 12 0 44.3 10.9 14.0 3.5 2 0 4 2 2
6646.5 -7606.3 -5.0 102 0 15.7 48.4 14.0 3.5 2 0 4 4 4
6599.4 -7597.7 -4.7 102 0 9.9 45.9 10.5 0.0 0 1 3 0 0
6571.1 -7590.8 -4.6 102 0 13.7 41.3 14.0 3.5 2 1 4 4 4
6536.7 -7583.9 -4.4 102 0 11.6 41.0 14.0 3.5 2 1 4 0 0
6505.4 -7577.4 -4.2 102 0 13.4 40.2 14.0 3.5 2 1 4 1 1
6470.0 -7570.4 -4.2 102 0 13.2 41.2 14.0 3.5 2 1 4 1 1
4959.7 -3665.1 -6.9 273 0 36.4 70.8 10.0 0.0 0 1 4 5 5
4964.1 -3566.3 -6.6 273 0 36.4 78.6 10.0 0.0 0 1 4 4 4
4904.4 -3662.7 -6.9 273 0 36.4 70.8 7.5 0.0 0 1 3 3 3
4908.8 -3564.0 -6.8 273 0 36.4 78.6 10.0 0.0 0 1 4 2 2
5053.4 -3823.2 -7.0 93 0 20.4 58.9 7.5 2.5 2 1 3 0 0
5177.0 -3630.5 -6.8 182 0 76.9 54.5 7.5 0.0 0 0 3 0 0
5229.2 -3683.8 -6.6 2 0 25.1 24.2 10.0 0.0 0 0 4 5 5
5172.9 -3726.8 -6.7 182 0 65.5 54.5 10.0 0.0 0 0 4 2 2
4625.9 -6654.0 -6.6 18 0 57.9 26.7 10.0 2.5 2 0 4 4 4
4605.7 -6739.2 -6.4 18 0 116.7 33.5 10.0 0.0 0 0 4 4 4
4644.5 -6777.8 -6.4 18 0 66.4 23.2 12.5 2.5 2 0 5 5 5
4666.9 -6707.4 -6.9 18 0 81.2 29.8 12.5 0.0 0 0 5 0 0
542.1 6104.8 -5.9 185 0 49.3 43.2 17.5 0.0 0 0 5 1 1
607.1 6174.8 -6.3 275 0 29.9 100.5 17.5 0.0 0 0 5 2 2
583.2 6038.4 -5.8 96 0 97.2 21.2 17.5 0.0 0 0 5 0 0
819.4 6126.9 -6.3 185 0 47.9 15.8 17.5 3.5 2 0 5 1 1
759.9 6341.6 -7.1 271 0 6.5 20.4 10.5 3.5 2 1 3 4 4
759.5 6293.3 -7.1 91 0 6.5 21.1 10.5 3.5 2 1 3 1 1
681.9 6294.9 -7.2 91 0 8.0 19.1 10.5 3.5 2 1 3 5 5
717.2 6341.8 -7.1 271 0 6.5 22.3 10.5 3.5 2 1 3 3 3
800.7 6277.8 -7.1 270 0 5.1 21.6 10.5 3.5 2 1 3 0 0
737.7 6300.1 -7.1 91 0 9.1 37.1 10.5 3.5 2 1 3 2 2
778.6 6272.9 -7.1 270 0 9.3 38.2 10.5 3.5 2 1 3 1 1
698.9 6280.2 -7.2 270 0 10.2 23.6 17.5 3.5 4 1 5 4 4
677.3 6278.4 -7.1 270 0 13.6 44.8 17.5 3.5 2 1 5 1 1
675.6 6206.7 -6.7 180 0 43.8 7.7 10.5 0.0 0 0 3 4 4
722.7 6273.8 -7.2 270 0 15.9 39.1 17.5 3.5 2 1 5 3 3
2441.4 -9597.1 -5.9 99 0 7.0 21.6 5.0 2.5 2 1 2 5 5
2387.1 -9587.7 -5.9 99 0 11.2 50.7 5.0 2.5 2 1 2 4 4
6152.8 -2613.5 -3.9 183 0 121.4 42.3 7.5 0.0 0 0 3 2 2
6325.3 -2499.5 -4.6 3 0 78.6 167.0 10.0 0.0 0 1 4 3 3
6362.8 -2580.4 -3.6 273 0 128.2 39.7 7.5 0.0 0 0 3 5 5
6448.8 -2687.0 -3.2 93 0 14.6 74.3 7.5 2.5 2 1 3 1 1
6859.4 -5497.7 -6.7 183 0 63.9 9.3 10.5 3.5 2 0 3 5 5
6869.9 -5410.8 -6.6 273 0 8.4 47.3 10.5 3.5 2 1 3 5 5
6915.0 -5460.5 -6.9 93 0 14.1 46.7 17.5 3.5 2 1 5 0 0
6453.4 -7837.7 -6.3 6 0 104.5 12.5 14.0 3.5 2 0 4 4 4
6426.5 -7781.8 -7.0 276 0 12.8 93.1 14.0 3.5 2 1 4 5 5
6387.7 -7820.6 -7.1 186 0 85.4 11.3 14.0 3.5 2 0 4 2 2
6468.0 -7968.0 -7.0 295 0 24.1 11.2 14.0 3.5 2 0 4 0 0
6430.2 -7949.2 -6.9 295 0 57.1 9.1 10.5 3.5 2 0 3 0 0
6375.4 -7921.2 -8.2 295 0 48.1 10.3 14.0 3.5 2 0 4 3 3
4942.0 -6161.4 -10.5 277 0 10.9 39.9 10.0 0.0 0 1 4 1 1
4815.2 -6316.9 -9.4 105 0 14.3 62.4 10.0 2.5 2 1 4 0 0
4715.5 -6553.9 -7.7 99 0 10.0 29.1 7.5 2.5 2 1 3 2 2
4745.8 -6527.4 -8.0 99 0 11.1 31.9 10.0 2.5 2 1 4 4 4
4776.8 -6504.3 -8.3 99 0 12.2 37.4 7.5 2.5 2 1 3 4 4
4837.4 -6337.6 -9.2 280 0 12.8 54.6 10.0 2.5 2 1 4 4 4
4815.4 -6480.2 -8.9 100 0 13.6 69.5 10.0 2.5 4 1 4 3 3
4877.4 -6375.3 -9.5 190 0 57.2 12.7 12.5 2.5 2 0 5 2 2
4866.7 -6446.0 -9.2 190 0 47.1 14.6 7.5 2.5 2 0 3 0 0
6779.9 -5657.7 -6.6 93 0 11.4 42.3 17.5 3.5 2 1 5 5 5
6783.3 -5577.4 -6.5 273 0 12.3 31.9 17.5 3.5 2 1 5 2 2
6802.8 -5578.3 -6.6 273 0 10.4 31.3 17.5 3.5 2 1 5 3 3
6798.4 -5659.2 -6.7 93 0 10.6 44.0 17.5 3.5 2 1 5 3 3
6838.0 -5595.9 -6.7 3 0 32.3 13.4 17.5 3.5 2 0 5 1 1
6835.0 -5639.5 -6.8 3 0 42.4 13.2 17.5 3.5 2 0 5 2 2
6922.9 -5705.5 -7.3 3 0 67.8 8.2 10.5 0.0 0 0 3 4 4
6886.3 -5705.3 -7.1 183 0 69.5 9.4 10.5 3.5 4 0 3 3 3
6862.8 -5704.5 -7.0 183 0 70.2 13.1 21.0 3.5 2 0 6 3 3
6743.9 -5746.6 -6.6 273 0 10.2 62.3 14.0 3.5 2 1 4 1 1
6727.6 -5746.6 -6.5 273 0 14.0 58.5 14.0 3.5 2 1 4 5 5
6852.3 -5777.5 -7.1 183 0 56.6 13.0 21.0 0.0 0 0 6 4 4
6911.6 -5817.2 -7.4 93 0 9.1 31.2 10.5 0.0 0 1 3 5 5
6891.8 -5817.1 -7.3 93 0 8.8 32.1 10.5 0.0 0 1 3 3 3
6917.9 -5764.6 -7.3 3 0 31.9 9.0 10.5 0.0 0 0 3 0 0
6899.3 -5763.9 -7.2 3 0 32.9 9.5 10.5 0.0 0 0 3 4 4
6869.8 -5762.9 -7.1 183 0 31.7 8.8 10.5 0.0 0 0 3 2 2
6776.0 -1946.0 -2.3 3 0 80.1 45.2 10.0 0.0 0 0 4 1 1
6712.9 -1942.9 -2.6 3 0 80.9 42.0 10.0 0.0 0 0 4 5 5
6610.4 -1937.7 -3.6 183 0 80.5 41.5 12.5 0.0 0 0 5 0 0
6728.9 -1787.1 -3.2 183 0 23.3 61.5 12.5 2.5 2 1 5 0 0
6724.7 -1870.9 -2.2 183 0 23.4 61.5 10.0 2.5 2 1 4 2 2
6726.8 -1828.4 -2.6 183 0 24.0 61.5 10.0 2.5 2 1 4 1 1
6684.1 -1855.5 -3.5 273 0 61.5 23.4 12.5 2.5 2 0 5 3 3
6686.3 -1812.8 -3.6 273 0 61.5 24.0 12.5 2.5 2 0 5 5 5
6688.3 -1771.8 -3.7 273 0 61.5 23.3 7.5 2.5 4 0 3 5 5
5638.0 -1751.1 -1.1 93 0 79.9 20.2 7.5 0.0 0 0 3 1 1
5661.1 -1809.8 -1.4 182 0 81.3 12.1 10.0 2.5 2 0 4 5 5
5581.0 -1694.6 -0.4 2 0 7.3 107.5 7.5 2.5 4 1 3 3 3
5624.0 -1502.1 0.1 276 0 67.1 12.7 10.0 2.5 2 0 4 2 2
6087.0 -2603.5 -5.0 3 0 127.3 37.8 10.0 0.0 0 0 4 2 2
6033.9 -2595.8 -4.9 3 0 138.8 42.7 7.5 0.0 0 0 3 0 0
5940.3 -2521.1 -5.0 273 0 92.6 139.0 5.0 0.0 0 1 2 0 0
5705.6 -2578.9 -5.3 183 0 139.5 66.9 12.5 0.0 0 0 5 0 0
6950.3 -2289.5 -2.6 3 0 112.0 177.7 7.5 0.0 0 1 3 2 2
6420.6 -3805.3 -4.1 3 0 142.6 150.8 7.5 0.0 0 0 3 3 3
6225.4 -3766.5 -4.0 183 0 84.7 46.1 7.5 0.0 0 0 3 2 2
6351.1 -3644.0 -3.7 273 0 22.5 55.7 10.0 2.5 2 1 4 2 2
6314.4 -3641.8 -3.8 273 0 17.4 60.0 7.5 0.0 0 1 3 0 0
6256.2 -3638.8 -4.0 273 0 40.9 61.0 10.0 0.0 0 1 4 1 1
6155.8 -3635.5 -4.3 273 0 117.8 57.8 10.0 0.0 0 0 4 0 0
6208.5 -3793.1 -4.5 3 0 144.7 119.9 7.5 0.0 0 0 3 1 1
6381.6 -3375.4 -3.7 273 0 122.9 160.1 7.5 0.0 0 1 3 3 3
6250.0 -3367.2 -4.0 273 0 90.9 161.4 7.5 0.0 0 1 3 3 3
