-5055.0 2779.6 -4.7 23 0 42.2 18.5 5.0 2.5 2 0 2 1 1
-4936.8 2428.7 -5.5 28 0 42.3 18.8 10.0 2.5 2 0 4 5 5
3508.9 526.8 -1.7 92 0 16.8 60.9 7.5 2.5 2 1 3 2 2
3594.0 392.1 -1.6 182 0 8.1 72.7 7.5 0.0 0 1 3 1 1
3637.1 406.4 -1.7 92 0 17.1 39.4 7.5 0.0 0 1 3 1 1
3660.4 472.6 -1.7 2 0 34.5 28.7 7.5 0.0 0 0 3 1 1
3632.0 484.8 -1.7 2 0 12.1 21.2 7.5 2.5 2 0 3 0 0
3586.9 409.3 -1.7 92 0 42.9 83.1 10.0 0.0 0 0 4 0 0
3551.3 647.8 -1.7 272 0 31.9 145.6 7.5 0.0 0 1 3 1 1
3599.6 582.6 -1.7 272 0 50.2 81.0 7.5 0.0 0 1 3 3 3
3650.3 580.5 -1.7 272 0 29.4 81.1 5.0 0.0 0 1 2 4 4
3718.8 541.6 -1.7 182 0 32.2 45.3 12.5 0.0 0 1 5 0 0
3858.2 565.6 -1.8 2 0 88.5 43.8 10.0 0.0 0 0 4 3 3
3789.7 522.5 -1.8 92 0 29.4 90.7 7.5 0.0 0 1 3 3 3
3803.4 488.9 -1.9 182 0 48.4 87.9 15.0 0.0 0 1 6 5 5
3746.0 389.5 -1.7 92 0 61.5 126.0 7.5 0.0 0 1 3 4 4
308.5 -10287.0 -5.1 90 0 13.1 41.7 7.5 2.5 2 1 3 1 1
269.3 -10265.9 -5.1 180 0 41.7 13.2 10.0 2.5 4 0 4 5 5
2183.1 -10731.5 -12.4 273 0 20.0 70.9 10.5 3.5 2 1 3 5 5
2186.6 -10642.4 -9.6 273 0 20.1 78.7 10.5 3.5 2 1 3 3 3
2154.9 -10641.2 -9.5 273 0 20.1 78.7 10.5 3.5 4 1 3 3 3
2115.3 -10719.3 -9.5 93 0 20.1 78.7 10.5 3.5 2 1 3 3 3
2082.1 -10717.8 -9.4 93 0 20.1 78.7 10.5 3.5 2 1 3 1 1
2149.0 -10730.1 -12.5 273 0 20.1 68.2 10.5 3.5 2 1 3 1 1
2111.9 -10798.2 -12.6 93 0 20.1 68.2 10.5 3.5 2 1 3 5 5
2078.2 -10795.9 -12.7 93 0 20.1 68.2 10.5 3.5 2 1 3 5 5
5213.9 -9679.8 -8.2 95 0 13.3 100.3 10.0 2.5 2 1 4 0 0
5353.4 -9517.0 -8.0 275 0 13.3 65.5 7.5 2.5 2 1 3 0 0
5371.3 -9392.3 -7.9 5 0 72.6 13.3 10.0 2.5 2 0 4 3 3
5311.7 -9511.2 -8.0 275 0 13.3 65.5 7.5 2.5 2 1 3 1 1
5325.9 -9353.6 -7.8 275 0 13.3 68.7 7.5 0.0 0 1 3 1 1
5269.5 -9507.9 -8.0 275 0 13.3 65.5 10.0 2.5 2 1 4 5 5
5284.5 -9341.7 -7.9 275 0 13.3 77.3 10.0 2.5 2 1 4 4 4
5300.0 -9688.6 -8.2 95 0 13.4 100.3 10.0 2.5 2 1 4 3 3
5258.5 -9683.9 -8.2 95 0 13.3 100.3 7.5 2.5 2 1 3 0 0
5229.6 -9505.7 -8.0 275 0 13.3 65.5 10.0 2.5 2 1 4 4 4
5244.5 -9339.5 -7.9 275 0 13.3 77.3 7.5 2.5 2 1 3 1 1
5475.6 -9402.0 -7.9 5 0 66.6 13.9 10.0 2.5 2 0 4 0 0
5467.8 -9486.3 -7.9 5 0 66.2 13.9 10.0 2.5 2 0 4 3 3
5461.2 -9557.0 -8.0 5 0 65.5 13.9 10.0 2.5 2 0 4 1 1
5673.8 -9522.7 -7.9 95 0 10.9 44.2 7.5 2.5 2 1 3 3 3
5666.5 -9606.0 -8.0 95 0 10.0 71.5 5.0 0.0 0 1 2 5 5
5647.0 -9518.5 -7.9 95 0 11.7 43.1 5.0 2.5 2 1 2 4 4
5645.6 -9533.7 -7.9 275 0 11.7 29.5 7.5 0.0 0 1 3 4 4
5639.4 -9602.5 -7.9 95 0 11.7 31.0 7.5 0.0 0 1 3 4 4
5617.9 -9515.9 -7.9 95 0 11.7 43.1 7.5 2.5 2 1 3 2 2
5616.6 -9531.1 -7.9 275 0 11.7 29.5 10.0 2.5 2 1 4 3 3
5610.4 -9600.0 -8.0 95 0 11.7 31.0 7.5 0.0 0 1 3 4 4
5588.9 -9513.7 -7.9 95 0 11.7 43.1 10.0 2.5 2 1 4 5 5
5587.6 -9528.9 -7.9 275 0 11.7 29.5 7.5 2.5 4 1 3 4 4
5581.4 -9597.8 -8.0 95 0 11.7 31.0 10.0 2.5 2 1 4 3 3
5558.8 -9510.1 -7.9 95 0 11.7 43.1 7.5 2.5 2 1 3 4 4
5557.4 -9525.3 -7.9 275 0 11.7 29.5 7.5 2.5 2 1 3 3 3
5551.2 -9594.1 -8.0 95 0 11.7 31.0 10.0 2.5 2 1 4 1 1
5530.5 -9508.0 -7.9 95 0 11.7 43.1 10.0 2.5 2 1 4 5 5
5529.1 -9523.1 -7.9 275 0 11.7 29.5 10.0 2.5 4 1 4 3 3
5522.9 -9592.0 -8.0 95 0 11.7 31.0 7.5 2.5 2 1 3 3 3
5498.8 -9469.4 -7.9 185 0 14.8 23.3 7.5 2.5 2 0 3 2 2
5501.8 -9509.1 -7.9 95 0 13.1 31.8 7.5 2.5 2 0 3 1 1
5501.3 -9522.3 -7.9 275 0 12.3 17.5 5.0 2.5 2 0 2 5 5
5493.0 -9545.0 -7.9 185 0 11.8 19.1 5.0 2.5 2 0 2 2 2
5490.2 -9567.5 -8.0 185 0 12.0 20.3 2.5 2.5 2 0 1 4 4
5495.0 -9591.6 -8.0 95 0 14.0 17.6 10.0 2.5 2 0 4 3 3
5193.6 -9376.1 -7.9 185 0 77.3 13.3 10.0 2.5 2 0 4 5 5
5189.8 -9492.3 -8.0 95 0 13.3 68.6 10.0 2.5 2 1 4 1 1
5188.8 -9504.4 -8.0 275 0 13.3 65.5 12.5 2.5 2 1 5 2 2
5171.0 -9627.6 -8.1 185 0 99.6 13.3 10.0 2.5 2 0 4 3 3
5591.9 -9833.1 -8.2 95 0 56.0 11.1 7.5 2.5 2 0 3 0 0
5595.8 -9798.3 -8.1 275 0 57.4 10.4 10.0 2.5 2 0 4 5 5
5511.5 -9796.1 -8.1 185 0 9.9 47.0 7.5 2.5 2 1 3 2 2
5509.3 -9820.1 -8.1 185 0 11.1 47.0 7.5 2.5 2 1 3 1 1
5659.5 -9613.4 -7.9 275 0 20.6 71.7 12.5 2.5 4 1 5 2 2
5651.5 -9702.4 -8.0 275 0 20.6 140.8 10.0 0.0 0 1 4 2 2
5585.0 -9608.2 -8.0 275 0 112.7 10.1 10.0 2.5 2 0 4 2 2
5583.3 -9627.3 -8.0 275 0 112.7 20.4 10.0 0.0 0 0 4 4 4
5578.5 -9680.7 -8.1 95 0 112.7 23.3 10.0 0.0 0 0 4 0 0
5577.3 -9693.1 -8.1 275 0 112.7 21.7 10.0 0.0 0 0 4 1 1
5517.5 -9729.9 -8.1 185 0 22.1 112.7 7.5 0.0 0 1 3 1 1
5514.7 -9760.9 -8.1 185 0 24.3 112.7 7.5 0.0 0 1 3 1 1
5507.3 -9601.2 -8.0 275 0 19.6 72.4 7.5 2.5 2 1 3 3 3
5506.2 -9722.7 -8.1 5 0 71.4 19.6 12.5 2.5 2 0 5 5 5
5479.3 -9831.8 -8.2 95 0 21.2 72.6 10.0 2.5 2 1 4 1 1
5548.0 -9924.3 -8.3 95 0 121.6 18.2 7.5 0.0 0 0 3 5 5
5478.2 -9840.9 -8.2 275 0 21.4 76.8 10.0 0.0 0 1 4 1 1
5399.2 -9901.4 -8.3 5 0 20.7 79.3 10.0 0.0 0 1 4 0 0
5424.9 -9825.5 -8.2 95 0 17.9 70.2 10.0 2.5 2 0 4 3 3
5418.4 -9754.4 -8.2 95 0 17.8 152.1 5.0 0.0 0 0 2 3 3
