-5702.1 -5028.3 -2.4 9 0 77.2 59.7 17.5 0.0 0 0 5 1 1
-5761.1 -4901.7 -2.5 280 0 11.5 71.9 14.0 3.5 2 1 4 4 4
-5831.0 -4888.7 -2.8 281 0 11.5 71.9 17.5 3.5 2 1 5 3 3
-5797.3 -4895.2 -2.7 280 0 11.5 71.9 14.0 3.5 2 1 4 0 0
-5812.2 -4976.0 -2.7 279 0 11.5 59.8 17.5 3.5 2 1 5 0 0
-5847.5 -4968.5 -2.9 279 0 11.5 59.8 17.5 3.5 2 1 5 0 0
-6086.7 -2862.2 -4.6 275 0 12.6 108.8 17.5 3.5 2 1 5 1 1
-6131.0 -2967.6 -4.8 95 0 12.6 108.7 17.5 3.5 2 1 5 5 5
-6318.3 -2839.5 -5.7 275 0 12.6 59.4 14.0 3.5 2 1 4 1 1
-6360.0 -2835.1 -5.9 275 0 12.6 59.4 14.0 0.0 0 1 4 5 5
-6310.3 -2770.4 -5.7 275 0 12.6 59.4 17.5 3.5 2 1 5 3 3
-6353.6 -2767.8 -5.9 275 0 12.6 59.4 17.5 0.0 0 1 5 4 4
-6004.4 -2795.2 -4.3 275 0 12.5 60.9 14.0 3.5 2 1 4 0 0
-6041.7 -2792.7 -4.4 275 0 12.5 60.9 14.0 3.5 2 1 4 3 3
-6077.4 -2789.5 -4.6 275 0 12.5 61.2 14.0 3.5 2 1 4 3 3
-6117.6 -2786.8 -4.8 275 0 12.5 61.9 14.0 0.0 0 1 4 4 4
-6159.1 -2782.8 -5.0 275 0 12.5 61.2 14.0 3.5 4 1 4 3 3
-6199.3 -2779.0 -5.2 275 0 12.5 62.4 14.0 3.5 2 1 4 4 4
-6241.3 -2779.3 -5.3 275 0 12.6 59.4 17.5 3.5 2 1 5 2 2
-6021.2 -2904.7 -4.3 185 0 69.7 12.6 17.5 3.5 2 0 5 4 4
-6049.1 -2865.0 -4.4 275 0 12.6 108.8 17.5 3.5 2 1 5 0 0
-6160.7 -2856.6 -5.0 275 0 12.6 107.1 17.5 3.5 2 1 5 5 5
-6198.5 -2854.3 -5.1 275 0 12.6 108.8 17.5 3.5 2 1 5 5 5
