2386.7 6575.2 -5.3 93 0 33.4 84.6 5.0 0.0 0 1 2 2 2
2904.7 7850.0 -5.5 101 0 14.7 80.8 17.5 3.5 2 1 5 5 5
2872.2 7169.3 -6.9 184 0 7.5 37.7 10.5 3.5 2 1 3 2 2
2918.1 7195.2 -7.1 274 0 9.1 35.7 10.5 3.5 2 0 3 2 2
2920.1 7159.2 -8.0 276 0 9.0 74.8 10.5 3.5 2 0 3 1 1
2888.2 7123.3 -7.9 184 0 72.6 8.7 10.5 0.0 0 0 3 5 5
2867.3 7126.0 -7.9 184 0 73.2 8.2 10.5 3.5 2 0 3 3 3
2951.0 7078.2 -7.9 274 0 10.7 14.1 10.5 3.5 2 1 3 0 0
2967.8 7029.3 -7.9 94 0 8.0 47.2 10.5 3.5 2 1 3 0 0
2928.4 7030.9 -7.8 94 0 8.7 49.4 10.5 3.5 2 1 3 0 0
2864.2 7078.6 -7.9 184 0 11.3 61.2 10.5 3.5 2 1 3 0 0
2731.0 7673.0 -6.0 100 0 19.0 32.1 14.0 0.0 0 1 4 3 3
2709.4 7672.8 -5.9 100 0 19.5 10.8 14.0 3.5 2 0 4 0 0
2776.9 7700.5 -6.1 10 0 64.9 11.8 14.0 3.5 2 0 4 5 5
2909.8 7975.3 -5.2 275 0 7.2 41.0 10.5 0.0 0 1 3 5 5
2880.9 7958.7 -5.0 191 0 37.6 15.2 17.5 3.5 2 0 5 2 2
2860.5 7960.0 -4.8 11 0 28.6 16.4 17.5 3.5 2 0 5 1 1
2809.5 7954.1 -4.7 101 0 15.9 27.8 17.5 3.5 2 1 5 4 4
2973.7 7833.4 -6.1 281 0 13.7 67.9 17.5 3.5 2 1 5 0 0
2995.5 7762.1 -6.1 101 0 13.2 65.4 17.5 3.5 2 1 5 4 4
3009.6 7833.8 -5.8 101 0 13.8 79.7 17.5 3.5 2 1 5 4 4
2974.8 7840.6 -5.7 101 0 15.0 78.2 17.5 3.5 2 1 5 4 4
2939.6 7843.6 -5.6 101 0 14.1 81.2 17.5 3.5 2 1 5 2 2
2926.2 7773.4 -5.9 101 0 14.0 60.5 17.5 3.5 2 1 5 5 5
2890.7 7780.5 -5.8 101 0 14.1 60.8 17.5 3.5 2 1 5 0 0
2869.3 7857.2 -5.4 101 0 13.2 78.4 17.5 3.5 2 1 5 3 3
2857.3 7786.5 -5.7 101 0 12.6 59.8 17.5 3.5 2 1 5 2 2
2835.7 7868.3 -5.3 101 0 12.8 76.4 17.5 3.5 2 1 5 5 5
2820.8 7793.6 -5.6 101 0 13.3 64.6 17.5 3.5 2 1 5 3 3
2777.9 7799.6 -5.5 101 0 13.4 65.5 17.5 3.5 2 1 5 5 5
2806.1 7912.4 -5.2 11 0 72.9 13.4 17.5 3.5 2 0 5 0 0
2756.6 7878.3 -5.1 101 0 15.0 76.3 17.5 3.5 2 1 5 2 2
2743.4 7808.0 -5.4 101 0 15.0 60.3 17.5 3.5 2 1 5 4 4
2723.7 7988.1 -4.5 188 0 10.5 13.1 17.5 3.5 2 1 5 2 2
2737.9 7980.5 -4.8 188 0 23.5 48.3 17.5 0.0 0 1 5 2 2
2799.0 7748.7 -6.2 190 0 13.5 178.9 17.5 0.0 0 1 5 0 0
2698.5 7775.2 -5.8 280 0 12.7 66.1 14.0 3.5 2 0 4 4 4
2714.3 7905.4 -5.2 190 0 119.0 15.3 17.5 0.0 0 0 5 4 4
2700.9 7786.7 -5.4 100 0 14.2 54.3 17.5 3.5 4 1 5 1 1
2713.1 7772.3 -5.6 280 0 7.9 30.0 10.5 3.5 2 0 3 1 1
2803.7 7775.3 -6.1 190 0 12.4 172.7 17.5 0.0 0 1 5 5 5
2792.5 7778.2 -5.6 10 0 11.9 74.8 17.5 3.5 2 1 5 3 3
2681.0 8732.7 -5.6 196 0 38.7 5.3 10.5 3.5 2 0 3 1 1
2410.2 8922.0 -8.9 283 0 10.3 19.1 14.0 3.5 2 0 4 0 0
2392.0 8914.2 -8.9 13 0 21.0 14.6 17.5 3.5 2 0 5 2 2
2362.7 8835.6 -9.2 103 0 8.5 72.8 10.5 3.5 2 0 3 4 4
3438.4 7233.6 -6.9 4 0 11.7 3.9 10.5 3.5 2 0 3 2 2
3448.2 7231.9 -7.0 184 0 8.6 19.8 10.5 3.5 2 0 3 0 0
3468.7 7241.9 -7.0 184 0 14.2 9.5 10.5 3.5 2 0 3 2 2
3474.1 7260.2 -6.5 184 0 17.8 7.5 10.5 3.5 2 0 3 4 4
3455.6 7276.3 -6.0 4 0 8.9 18.0 10.5 3.5 2 0 3 1 1
3771.7 7221.6 -7.6 91 0 24.2 20.2 10.5 3.5 2 0 3 3 3
3776.5 7306.7 -7.3 271 0 17.5 57.5 10.5 3.5 2 1 3 4 4
3627.8 7168.0 -8.2 274 0 43.3 69.3 14.0 0.0 0 1 4 4 4
3628.4 6707.0 -5.2 49 0 29.6 18.8 10.0 2.5 2 0 4 4 4
2334.9 5478.3 -5.5 183 0 50.5 16.7 10.0 2.5 4 0 4 5 5
2324.5 5289.0 -5.2 93 0 14.2 60.1 10.0 2.5 2 1 4 5 5
3071.1 6902.7 -6.8 184 0 32.0 11.3 14.0 3.5 2 0 4 4 4
3072.9 6934.7 -7.0 184 0 23.9 11.6 14.0 3.5 2 0 4 0 0
3084.2 7005.6 -7.1 274 0 12.9 55.9 14.0 3.5 2 1 4 4 4
3232.1 6989.4 -7.1 274 0 15.8 53.0 14.0 3.5 2 1 4 5 5
3196.2 6991.1 -7.1 274 0 15.9 53.2 14.0 3.5 4 1 4 5 5
3155.8 6992.2 -7.1 274 0 15.7 50.7 14.0 3.5 2 1 4 2 2
3118.8 6996.6 -7.1 274 0 13.1 53.3 14.0 3.5 2 1 4 0 0
3134.5 7980.2 -5.2 93 0 10.2 39.9 17.5 3.5 2 0 5 1 1
3132.5 8032.0 -4.8 183 0 23.5 10.5 17.5 3.5 2 0 5 2 2
3135.5 8060.9 -4.4 184 0 23.3 12.0 17.5 3.5 2 0 5 5 5
3163.7 8070.8 -4.4 274 0 31.2 18.1 17.5 3.5 2 0 5 2 2
4313.9 6971.2 -6.8 272 0 22.1 94.8 7.5 0.0 0 1 3 2 2
4277.6 6971.1 -6.9 272 0 23.0 93.6 7.5 0.0 0 1 3 2 2
4227.6 6973.5 -6.9 272 0 52.6 94.4 10.0 0.0 0 1 4 0 0
4317.0 6988.0 -6.9 92 0 18.6 97.6 10.0 0.0 0 1 4 1 1
4246.6 6990.3 -6.9 92 0 83.3 100.3 7.5 0.0 0 1 3 1 1
3982.6 5834.8 -4.3 273 0 41.5 49.2 10.0 0.0 0 1 4 4 4
4044.1 6057.3 -4.4 93 0 13.3 60.6 10.0 2.5 4 1 4 5 5
4043.4 6045.1 -4.3 273 0 13.3 65.3 10.0 2.5 2 1 4 3 3
4004.9 6057.3 -4.4 93 0 13.3 60.6 7.5 2.5 2 1 3 0 0
3997.5 5923.0 -4.1 93 0 13.3 47.6 7.5 2.5 2 1 3 1 1
4004.2 6045.2 -4.4 273 0 13.3 65.3 7.5 2.5 2 1 3 5 5
3968.2 6058.6 -4.5 93 0 13.3 60.6 10.0 2.5 4 1 4 5 5
3960.8 5924.3 -4.2 93 0 13.3 47.6 7.5 0.0 0 1 3 0 0
3967.5 6046.5 -4.4 273 0 13.3 65.3 7.5 2.5 2 1 3 0 0
3932.6 6060.5 -4.5 93 0 13.3 60.6 10.0 2.5 2 1 4 5 5
3925.3 5926.2 -4.3 93 0 13.3 47.6 10.0 2.5 2 1 4 4 4
3932.0 6048.3 -4.5 273 0 13.3 65.3 7.5 2.5 4 1 3 1 1
3900.2 6091.9 -4.6 3 0 60.6 13.3 7.5 2.5 2 0 3 3 3
3884.6 5927.7 -4.3 93 0 13.3 47.6 10.0 2.5 2 1 4 3 3
3891.3 6049.9 -4.5 273 0 13.3 65.3 15.0 2.5 2 1 6 3 3
3842.3 5955.3 -4.4 183 0 47.6 13.3 10.0 2.5 2 0 4 2 2
3854.3 6053.3 -4.6 273 0 13.3 65.3 10.0 2.5 2 1 4 1 1
3855.0 6065.5 -4.6 93 0 13.3 60.6 10.0 2.5 2 1 4 2 2
3820.1 5991.9 -4.6 3 0 119.1 13.3 15.0 2.5 2 0 6 2 2
3825.9 6097.9 -4.7 3 0 66.8 13.3 7.5 2.5 2 0 3 5 5
3938.4 6495.2 -6.7 181 0 40.6 15.9 10.0 2.5 2 0 4 2 2
3940.3 6569.9 -7.1 181 0 47.1 15.9 7.5 2.5 2 0 3 4 4
3904.0 6566.3 -7.1 1 0 38.4 13.5 10.0 2.5 2 0 4 4 4
3893.8 6475.0 -6.5 91 0 14.6 42.7 7.5 2.5 2 1 3 0 0
3868.0 6408.8 -6.4 271 0 14.6 32.5 10.0 2.5 2 1 4 0 0
3869.1 6454.7 -6.6 271 0 14.6 33.1 7.5 2.5 2 1 3 1 1
3836.9 6447.4 -6.5 271 0 13.0 71.2 10.0 2.5 2 1 4 1 1
3796.4 6427.3 -6.4 271 0 13.7 47.0 7.5 0.0 0 1 3 4 4
3801.7 6449.3 -6.5 91 0 13.5 29.5 10.0 2.5 2 1 4 0 0
3766.0 6481.9 -6.5 271 0 15.1 53.8 7.5 2.5 2 1 3 5 5
3757.0 6369.1 -6.2 181 0 24.7 14.2 10.0 2.5 2 0 4 0 0
3756.8 6326.5 -6.4 181 0 23.3 13.4 7.5 2.5 2 0 3 2 2
3785.1 6278.9 -6.6 91 0 13.2 31.2 10.0 2.5 2 1 4 3 3
3824.3 6308.1 -6.5 91 0 10.8 41.1 10.0 2.5 4 1 4 5 5
3821.1 6246.2 -6.5 91 0 12.5 34.6 10.0 2.5 2 1 4 3 3
3866.5 6344.7 -6.4 1 0 20.0 11.6 7.5 0.0 0 0 3 3 3
3864.3 6238.2 -5.9 91 0 11.9 23.1 10.0 2.5 2 1 4 4 4
3865.1 6271.5 -6.5 91 0 11.9 41.6 10.0 2.5 2 1 4 3 3
3933.5 6308.9 -6.4 1 0 73.5 13.1 7.5 2.5 2 0 3 3 3
3969.7 6412.8 -6.6 91 0 10.7 57.7 7.5 2.5 2 1 3 2 2
3963.2 6368.0 -6.6 181 0 64.4 10.7 7.5 2.5 2 0 3 1 1
3965.9 6259.9 -6.4 91 0 10.7 65.4 12.5 2.5 2 1 5 4 4
4016.8 6368.8 -6.5 1 0 58.6 11.9 10.0 2.5 4 0 4 0 0
4018.5 6437.6 -6.7 1 0 60.2 11.9 7.5 2.5 2 0 3 2 2
4007.3 6254.6 -6.2 91 0 10.9 76.3 10.0 2.5 2 1 4 3 3
4044.0 6311.7 -5.8 271 0 14.3 73.3 7.5 2.5 2 1 3 0 0
4041.2 6234.9 -4.5 271 0 12.9 67.4 10.0 2.5 2 1 4 2 2
4003.0 6242.0 -4.8 271 0 21.8 57.6 7.5 2.5 2 1 3 5 5
3966.3 6245.1 -5.1 271 0 13.6 72.4 10.0 2.5 2 1 4 5 5
3925.8 6232.4 -5.1 271 0 15.2 58.3 10.0 2.5 2 1 4 4 4
3886.6 6224.1 -5.2 271 0 14.3 48.2 10.0 2.5 2 1 4 3 3
3838.8 6226.3 -5.5 271 0 14.8 47.3 7.5 2.5 2 1 3 4 4
3799.7 6233.8 -5.8 271 0 13.5 52.5 7.5 2.5 2 1 3 5 5
3760.2 6272.4 -6.6 271 0 13.2 31.5 7.5 2.5 2 1 3 2 2
3758.0 6183.6 -6.0 91 0 14.9 45.9 10.0 2.5 2 1 4 0 0
3719.3 6356.9 -6.1 91 0 16.2 125.3 7.5 0.0 0 1 3 1 1
3718.7 6331.8 -6.2 271 0 16.1 122.3 7.5 0.0 0 0 3 3 3
3832.6 6495.8 -7.0 92 0 13.8 91.9 7.5 2.5 2 1 3 4 4
3802.8 6497.2 -6.8 92 0 12.3 91.2 7.5 2.5 2 1 3 0 0
3769.8 6498.6 -6.7 92 0 12.8 88.2 10.0 2.5 2 1 4 0 0
3737.5 6498.0 -6.4 92 0 14.2 92.2 7.5 2.5 2 1 3 1 1
3022.5 8078.0 -4.2 271 0 15.6 10.9 17.5 3.5 2 0 5 2 2
3006.5 8078.3 -4.2 271 0 16.3 22.3 17.5 3.5 2 0 5 1 1
2976.3 8080.0 -4.2 271 0 35.1 12.4 17.5 3.5 2 0 5 1 1
2920.1 8080.5 -4.2 271 0 72.9 9.6 10.5 3.5 4 0 3 2 2
2783.3 8073.4 -4.2 271 0 13.4 6.3 10.5 3.5 2 0 3 2 2
2758.9 8080.3 -4.3 271 0 31.7 32.1 17.5 0.0 0 1 5 2 2
2732.2 8030.2 -4.2 192 0 32.2 14.6 17.5 3.5 4 0 5 0 0
2827.5 8080.6 -4.2 271 0 104.0 7.9 10.5 3.5 2 0 3 0 0
3422.0 6999.9 -7.4 93 0 12.8 58.2 14.0 3.5 2 1 4 3 3
3454.6 6997.3 -7.4 93 0 14.2 63.9 14.0 3.5 2 1 4 5 5
3215.6 7161.9 -7.5 93 0 8.8 22.7 10.5 3.5 2 1 3 3 3
3273.0 7192.8 -7.3 3 0 14.9 62.1 14.0 3.5 2 1 4 1 1
3254.3 7159.7 -7.6 93 0 34.8 23.1 14.0 0.0 0 0 4 1 1
3328.9 7154.6 -7.8 92 0 9.1 22.0 10.5 0.0 0 1 3 3 3
3285.7 7190.4 -7.6 182 0 15.2 120.2 14.0 0.0 0 0 4 4 4
3436.3 7147.1 -8.1 182 0 7.1 19.0 10.5 3.5 2 1 3 5 5
3461.9 7189.3 -7.8 272 0 20.1 16.0 14.0 3.5 2 0 4 1 1
3428.7 7153.6 -8.0 92 0 23.7 10.2 14.0 3.5 2 0 4 4 4
3462.3 7069.2 -8.0 93 0 14.1 77.1 14.0 3.5 2 1 4 4 4
3381.2 7097.8 -8.1 93 0 14.2 67.3 14.0 3.5 2 1 4 5 5
3347.8 7099.6 -8.1 93 0 13.5 49.9 14.0 3.5 2 1 4 2 2
3318.5 7148.8 -8.2 273 0 14.7 57.1 14.0 3.5 2 1 4 0 0
3278.1 7122.4 -8.1 183 0 58.4 13.9 14.0 3.5 2 0 4 3 3
3239.4 7096.5 -8.1 93 0 15.7 56.7 14.0 3.5 2 1 4 5 5
3219.5 7156.5 -8.1 273 0 9.7 60.9 10.5 0.0 0 1 3 0 0
3222.0 7014.1 -7.6 93 0 15.0 52.3 14.0 3.5 2 1 4 3 3
3259.7 7010.9 -7.9 93 0 13.9 70.2 14.0 3.5 4 1 4 0 0
3292.4 7008.7 -7.8 93 0 13.6 71.9 14.0 3.5 4 1 4 3 3
3325.2 7006.9 -7.5 93 0 11.7 55.9 14.0 3.5 2 1 4 0 0
3358.4 7004.4 -7.5 93 0 12.8 58.5 14.0 3.5 2 1 4 2 2
3391.3 7001.9 -7.5 93 0 11.8 58.0 14.0 0.0 0 1 4 4 4
2762.7 8783.1 -7.2 189 0 11.7 24.5 14.0 3.5 2 1 4 3 3
2788.8 8731.8 -5.1 99 0 11.4 11.6 14.0 3.5 2 1 4 4 4
2767.4 8723.8 -4.7 99 0 25.2 9.7 10.5 3.5 2 0 3 3 3
2754.6 8724.0 -5.0 9 0 9.7 25.3 10.5 3.5 2 0 3 5 5
2659.9 8239.4 -2.7 99 0 10.9 38.0 17.5 3.5 2 1 5 5 5
2629.0 8246.7 -2.6 99 0 11.1 35.2 17.5 3.5 2 1 5 3 3
2596.7 8248.5 -2.6 99 0 11.3 37.3 17.5 0.0 0 1 5 2 2
2597.1 8241.8 -3.0 279 0 11.2 41.4 17.5 3.5 2 1 5 0 0
2627.4 8235.3 -3.0 279 0 13.0 37.3 17.5 3.5 2 1 5 3 3
2660.5 8232.7 -3.1 279 0 11.8 40.3 17.5 3.5 4 1 5 0 0
2690.8 8225.1 -3.1 279 0 11.6 34.7 17.5 3.5 2 1 5 2 2
2723.5 8230.0 -2.8 100 0 10.4 41.2 17.5 3.5 2 0 5 1 1
2722.0 8222.4 -3.2 280 0 10.9 38.5 17.5 3.5 2 1 5 4 4
2717.5 8163.1 -3.5 10 0 35.7 14.5 17.5 3.5 2 0 5 3 3
2711.4 8127.3 -3.8 10 0 36.8 13.7 17.5 3.5 2 0 5 5 5
2796.6 8015.1 -4.6 3 0 53.9 17.8 17.5 3.5 2 0 5 2 2
3082.7 7708.6 -5.6 272 0 12.5 59.1 17.5 3.5 2 1 5 0 0
3049.5 7715.3 -6.1 280 0 16.5 65.4 17.5 3.5 2 1 5 3 3
3019.9 7719.7 -6.2 280 0 20.8 67.2 17.5 3.5 4 1 5 0 0
2991.8 7723.0 -6.2 280 0 25.7 8.7 10.5 3.5 2 0 3 1 1
3582.9 6754.0 -5.6 93 0 18.2 48.1 14.0 3.5 2 1 4 3 3
3568.0 6745.2 -5.4 273 0 14.9 29.6 14.0 3.5 2 1 4 4 4
3539.0 6790.5 -6.1 93 0 14.9 52.0 14.0 3.5 2 1 4 3 3
3508.9 6791.7 -6.1 93 0 13.4 53.2 14.0 3.5 2 1 4 4 4
3475.0 6795.3 -6.1 93 0 13.3 53.0 14.0 3.5 2 1 4 0 0
3545.8 6764.3 -5.5 3 0 29.9 16.4 14.0 3.5 2 0 4 3 3
3540.9 6731.4 -5.4 3 0 30.7 14.1 14.0 3.5 2 0 4 2 2
3506.1 6784.3 -5.6 273 0 15.2 31.6 14.0 3.5 2 1 4 5 5
3501.1 6719.0 -5.4 93 0 13.6 31.1 14.0 3.5 2 1 4 2 2
3463.5 6732.6 -5.4 183 0 42.6 13.9 14.0 3.5 2 0 4 1 1
3472.6 6788.1 -5.6 273 0 12.0 31.2 14.0 3.5 2 1 4 2 2
3593.0 6707.0 -5.2 273 0 10.6 25.2 7.5 2.5 2 0 3 1 1
3459.2 6696.8 -5.2 183 0 15.1 127.8 5.0 0.0 0 0 2 0 0
3454.1 6856.5 -6.9 4 0 82.3 12.3 14.0 3.5 2 0 4 4 4
3450.3 6806.0 -5.8 4 0 19.2 14.7 14.0 3.5 2 0 4 5 5
3441.8 6756.9 -5.6 94 0 9.3 40.0 10.5 3.5 2 0 3 0 0
3357.6 6696.5 -5.3 93 0 114.1 13.8 14.0 3.5 2 0 4 4 4
3289.1 6700.7 -5.3 92 0 18.2 11.5 14.0 3.5 2 0 4 4 4
3258.8 6706.9 -5.3 182 0 11.6 19.9 14.0 3.5 2 1 4 1 1
3454.7 6591.8 -5.0 1 0 27.5 10.5 7.5 2.5 2 0 3 2 2
3457.1 6637.5 -4.9 3 0 14.5 22.1 5.0 2.5 2 0 2 2 2
3393.4 6647.9 -5.0 273 0 84.1 11.6 7.5 2.5 2 0 3 5 5
3310.9 6643.1 -5.0 183 0 17.5 40.0 10.0 2.5 2 0 4 5 5
2671.2 6349.8 -6.0 3 0 38.2 27.3 7.5 0.0 0 0 3 1 1
2678.4 6302.4 -5.6 273 0 73.8 52.0 10.0 0.0 0 0 4 1 1
2746.4 6334.8 -5.9 273 0 19.0 98.2 7.5 0.0 0 1 3 0 0
2791.1 6334.3 -5.8 273 0 18.8 99.6 10.0 0.0 0 1 4 1 1
2921.0 6273.0 -5.4 183 0 58.4 15.4 7.5 2.5 2 0 3 2 2
3312.9 6596.6 -4.8 181 0 35.5 9.1 7.5 2.5 2 0 3 1 1
3330.1 6569.5 -5.2 181 0 12.7 94.6 10.0 0.0 0 1 4 1 1
3455.1 6540.0 -6.8 1 0 68.5 10.9 15.0 2.5 2 0 6 4 4
3443.5 6512.1 -6.7 1 0 12.2 115.5 12.5 2.5 2 0 5 1 1
3311.6 6545.0 -5.9 181 0 67.8 11.7 12.5 2.5 2 0 5 5 5
3318.0 6462.9 -6.5 91 0 21.5 45.7 7.5 0.0 0 1 3 0 0
3443.6 6405.2 -6.2 91 0 13.2 48.5 12.5 2.5 2 1 5 1 1
3441.9 6339.3 -6.0 91 0 13.2 53.9 10.0 2.5 2 1 4 5 5
3412.2 6406.1 -6.2 91 0 13.2 48.5 10.0 0.0 0 1 4 3 3
3410.5 6340.2 -5.9 91 0 13.2 53.9 10.0 2.5 2 1 4 3 3
3379.2 6456.9 -6.3 271 0 13.2 48.5 7.5 2.5 4 1 3 4 4
3376.3 6342.5 -5.9 91 0 13.2 53.9 10.0 2.5 2 1 4 4 4
3345.7 6343.4 -5.9 91 0 13.2 53.9 12.5 2.5 2 1 5 3 3
3347.4 6409.3 -6.4 91 0 13.2 48.5 7.5 2.5 2 1 3 5 5
3311.6 6344.8 -5.9 91 0 11.8 55.1 7.5 2.5 4 1 3 4 4
3314.5 6458.1 -6.5 272 0 11.8 49.1 10.0 2.5 2 1 4 5 5
3110.6 6531.2 -4.7 93 0 14.9 54.7 7.5 2.5 2 1 3 5 5
3098.5 6495.5 -5.4 183 0 42.0 14.6 12.5 2.5 2 0 5 4 4
3099.7 6383.2 -6.4 93 0 13.8 42.4 10.0 2.5 2 1 4 2 2
3107.3 6452.3 -6.4 183 0 31.7 14.3 10.0 2.5 2 0 4 5 5
3144.6 6408.5 -6.5 3 0 54.9 11.1 10.0 2.5 2 0 4 2 2
3145.3 6519.7 -6.1 273 0 11.1 62.2 12.5 2.5 2 1 5 1 1
3146.9 6528.9 -4.7 93 0 12.2 58.5 10.0 2.5 4 1 4 3 3
3185.1 6585.4 -4.7 273 0 13.2 54.8 7.5 2.5 2 1 3 0 0
3215.4 6529.0 -4.7 93 0 12.6 54.5 10.0 2.5 2 1 4 3 3
3171.3 6378.6 -6.1 93 0 12.8 32.9 10.0 2.5 4 1 4 3 3
3168.8 6446.4 -6.2 183 0 54.5 12.8 5.0 0.0 0 0 2 5 5
3180.7 6519.8 -5.8 273 0 10.3 40.6 7.5 2.5 2 1 3 2 2
3206.0 6378.2 -6.1 93 0 11.6 35.5 10.0 2.5 2 1 4 2 2
3215.8 6447.9 -6.2 3 0 51.9 11.6 7.5 2.5 2 0 3 4 4
3213.9 6516.4 -6.0 273 0 11.6 36.5 10.0 2.5 2 1 4 0 0
3249.2 6526.6 -5.0 92 0 12.3 54.8 7.5 2.5 4 1 3 2 2
3249.0 6395.4 -6.0 2 0 36.9 11.5 12.5 2.5 2 0 5 4 4
3252.5 6445.8 -6.2 2 0 57.4 10.6 7.5 2.5 2 0 3 0 0
3247.8 6516.1 -6.2 272 0 10.6 35.5 7.5 2.5 2 1 3 2 2
3286.3 6384.5 -6.4 2 0 143.3 12.5 7.5 0.0 0 0 3 3 3
3291.0 6524.1 -6.6 2 0 110.6 12.5 10.0 2.5 2 0 4 3 3
3242.4 6315.1 -5.8 93 0 11.6 47.2 7.5 2.5 4 1 3 0 0
3195.7 6365.2 -5.8 273 0 11.6 47.5 10.0 2.5 4 1 4 0 0
3143.7 6366.1 -5.8 273 0 12.9 45.4 7.5 2.5 2 1 3 2 2
3094.2 6368.5 -5.8 273 0 14.1 44.8 10.0 2.5 2 1 4 2 2
3057.5 6457.0 -5.6 273 0 14.1 132.1 10.0 0.0 0 1 4 0 0
3065.3 6592.2 -5.3 273 0 14.1 121.8 7.5 0.0 0 1 3 5 5
2941.2 7702.3 -6.3 280 0 16.8 19.2 17.5 3.5 2 1 5 0 0
2802.0 7728.4 -6.2 280 0 12.5 62.8 17.5 3.5 2 0 5 4 4
3185.6 7566.9 -6.7 273 0 151.8 16.8 14.0 0.0 0 0 4 4 4
1738.5 10933.1 -9.7 271 0 51.3 124.3 10.0 0.0 0 1 4 4 4
1672.7 10803.4 -9.5 91 0 50.8 127.1 7.5 0.0 0 1 3 3 3
1417.6 10874.6 -9.6 181 0 121.7 48.0 7.5 0.0 0 0 3 3 3
1506.8 10805.3 -9.5 91 0 52.9 125.0 7.5 0.0 0 1 3 4 4
-1796.4 505.5 -0.7 200 0 89.5 221.2 10.0 0.0 0 1 4 4 4
