-326.4 6226.2 -6.0 360 0 39.7 12.9 14.0 3.5 2 0 4 5 5
-364.9 6245.8 -6.2 270 0 12.9 39.7 14.0 3.5 2 1 4 1 1
-440.9 6226.1 -6.6 360 0 39.7 12.9 14.0 3.5 2 0 4 5 5
-473.9 6227.4 -6.8 360 0 39.7 12.9 14.0 0.0 0 0 4 1 1
-472.5 6342.8 -6.7 90 0 96.5 11.3 14.0 3.5 2 0 4 0 0
-361.9 6258.0 -6.2 90 0 13.3 76.7 14.0 3.5 2 1 4 3 3
-394.4 6257.9 -6.4 90 0 13.3 76.7 14.0 3.5 2 1 4 3 3
-429.0 6335.8 -6.7 270 0 13.3 76.7 14.0 3.5 2 1 4 2 2
-463.8 6335.0 -6.8 270 0 13.3 76.7 14.0 3.5 2 1 4 4 4
-496.6 6334.9 -7.0 270 0 13.3 76.7 14.0 0.0 0 1 4 3 3
448.2 7165.1 -3.0 1 0 66.4 41.6 10.5 0.0 0 0 3 3 3
-696.6 7422.3 -0.8 90 0 14.2 60.9 10.0 2.5 2 1 4 0 0
-693.5 7548.1 -1.2 270 0 14.2 63.6 7.5 2.5 2 1 3 1 1
-510.3 7562.2 -1.7 90 0 163.2 99.3 7.5 0.0 0 0 3 3 3
-291.5 7773.3 -2.8 270 0 107.9 51.1 7.5 0.0 0 0 3 3 3
-283.8 7418.6 -1.2 90 0 50.6 131.5 10.0 0.0 0 1 4 4 4
-471.9 7668.3 -2.2 90 0 225.6 93.1 12.5 0.0 0 0 5 5 5
-633.8 7716.7 -2.2 180 0 93.1 32.6 10.0 0.0 0 0 4 0 0
-680.4 7779.9 -2.3 270 0 75.1 99.2 10.0 0.0 0 1 4 4 4
-405.5 8130.9 -4.5 269 0 50.6 160.1 10.0 0.0 0 1 4 3 3
-558.7 7818.6 -2.9 90 0 79.9 103.0 7.5 0.0 0 1 3 3 3
-641.4 7883.4 -2.9 90 0 61.1 44.3 7.5 0.0 0 0 3 0 0
-612.4 7842.3 -2.7 0 0 49.6 61.1 15.0 0.0 0 1 6 2 2
-644.1 7994.1 -3.3 269 0 99.2 48.0 10.0 0.0 0 0 4 2 2
-643.0 8006.4 -3.8 89 0 99.2 120.1 10.0 0.0 0 1 4 3 3
-636.5 6138.1 -7.3 360 0 45.7 9.4 10.5 3.5 2 0 3 3 3
-635.9 6074.0 -6.9 360 0 60.3 9.4 10.5 3.5 2 0 3 4 4
-544.6 6225.0 -7.0 270 0 9.4 58.2 10.5 3.5 2 1 3 5 5
-583.2 6225.3 -7.2 270 0 9.4 58.2 10.5 3.5 2 1 3 5 5
-352.9 6091.9 -5.6 270 0 9.4 48.5 10.5 3.5 2 1 3 4 4
-388.1 6087.2 -5.8 270 0 9.4 48.5 10.5 3.5 4 1 3 4 4
-424.1 6087.2 -6.0 270 0 9.4 48.5 10.5 3.5 2 1 3 1 1
-455.8 6093.5 -6.1 270 0 9.4 48.5 10.5 3.5 2 1 3 3 3
-492.9 6094.6 -6.3 270 0 9.4 48.5 10.5 3.5 2 1 3 1 1
-610.6 6118.8 -7.1 90 0 11.1 43.6 17.5 3.5 4 1 5 2 2
-577.0 6117.7 -7.0 90 0 11.1 43.6 17.5 3.5 2 1 5 3 3
-526.4 6094.6 -6.4 270 0 11.1 53.3 17.5 3.5 4 1 5 3 3
-557.5 6077.2 -6.6 360 0 52.4 12.2 14.0 0.0 0 0 4 0 0
-600.8 6052.6 -6.7 90 0 12.2 52.4 14.0 0.0 0 1 4 3 3
695.3 5085.1 0.6 1 0 33.1 8.4 10.5 3.5 4 0 3 2 2
696.5 5132.0 0.7 1 0 33.1 8.4 10.5 3.5 2 0 3 5 5
698.4 5197.1 0.1 1 0 60.6 8.1 10.5 3.5 2 0 3 5 5
658.7 5181.3 0.5 181 0 35.1 8.1 10.5 3.5 2 0 3 3 3
659.4 5226.7 0.2 181 0 31.8 7.8 10.5 3.5 2 0 3 5 5
657.3 5131.3 0.5 181 0 33.1 8.4 10.5 3.5 2 0 3 1 1
657.8 5085.1 0.4 181 0 33.1 8.4 10.5 3.5 2 0 3 3 3
629.5 5164.3 0.4 182 0 52.1 10.6 14.0 3.5 2 0 4 1 1
632.7 5259.6 0.2 272 0 8.9 47.0 10.5 0.0 0 1 3 4 4
571.6 5260.8 0.2 272 0 10.6 47.0 14.0 3.5 2 1 4 4 4
603.9 5259.8 0.3 272 0 10.7 47.0 14.0 3.5 2 1 4 0 0
540.0 5261.4 0.0 272 0 10.6 47.0 14.0 0.0 0 1 4 3 3
532.1 5168.3 -0.1 182 0 47.0 10.7 10.5 0.0 0 0 3 4 4
569.8 5191.0 0.0 272 0 10.7 47.0 10.5 3.5 2 1 3 4 4
602.1 5190.0 0.2 272 0 10.7 47.0 10.5 3.5 2 1 3 5 5
631.1 5117.4 0.2 272 0 10.7 47.0 14.0 3.5 2 1 4 0 0
599.1 5071.1 0.1 92 0 10.6 47.0 14.0 3.5 2 1 4 0 0
566.8 5071.0 -0.1 92 0 10.7 47.0 14.0 3.5 2 1 4 5 5
535.6 5072.9 -0.2 92 0 10.6 47.0 14.0 3.5 2 1 4 3 3
1299.2 5007.8 1.1 272 0 9.1 63.9 7.5 2.5 2 1 3 1 1
1268.4 5008.5 1.0 272 0 9.1 63.9 7.5 2.5 2 1 3 3 3
1260.5 4901.7 1.1 182 0 63.9 9.1 7.5 2.5 2 0 3 1 1
1294.3 4869.5 1.2 92 0 9.1 63.9 7.5 2.5 2 1 3 0 0
1328.1 4932.1 1.2 272 0 9.1 63.9 7.5 2.5 2 1 3 2 2
1639.9 4847.2 2.2 0 0 63.6 9.2 7.5 2.5 2 0 3 3 3
1639.3 4776.1 2.3 0 0 63.6 9.2 7.5 2.5 4 0 3 2 2
1619.3 4882.0 2.2 270 0 11.3 63.6 7.5 2.5 2 1 3 1 1
1579.7 4882.7 2.1 270 0 11.3 63.6 5.0 2.5 2 1 2 3 3
1507.6 4882.8 1.8 270 0 11.3 63.6 10.0 2.5 4 1 4 2 2
1541.8 4882.5 1.9 270 0 11.3 63.6 10.0 2.5 2 1 4 2 2
1472.3 4881.0 1.7 270 0 11.3 63.6 7.5 2.5 2 1 3 3 3
1617.6 4807.0 2.2 270 0 11.3 63.6 7.5 2.5 2 1 3 2 2
1584.5 4807.4 2.1 270 0 11.3 63.6 7.5 2.5 2 1 3 3 3
1551.1 4806.6 2.0 270 0 11.3 63.6 10.0 2.5 4 1 4 2 2
1515.1 4806.7 1.9 270 0 11.3 63.6 7.5 0.0 0 1 3 0 0
1478.1 4806.2 1.8 270 0 11.3 63.6 7.5 2.5 2 1 3 3 3
6.7 7625.3 -3.5 180 0 79.8 14.1 10.0 2.5 2 0 4 0 0
-19.7 7158.4 -0.3 91 0 11.9 49.3 14.0 3.5 2 1 4 5 5
-14.2 7255.2 -0.9 181 0 79.6 11.9 14.0 3.5 2 0 4 4 4
58.4 7137.5 -0.7 91 0 11.9 67.7 14.0 3.5 2 1 4 0 0
19.9 7138.6 -0.5 91 0 11.9 67.7 14.0 3.5 2 1 4 2 2
-263.9 6169.8 -5.5 96 0 11.2 37.8 17.5 3.5 4 1 5 1 1
-282.2 6172.9 -5.6 96 0 13.1 36.5 17.5 3.5 2 1 5 5 5
-284.9 6165.2 -5.6 276 0 12.3 59.8 17.5 3.5 2 1 5 0 0
-129.2 5887.8 -3.6 90 0 10.9 39.4 17.5 3.5 4 1 5 5 5
51.8 6054.2 -3.6 89 0 9.4 47.6 10.5 3.5 2 1 3 0 0
33.7 6053.6 -3.7 89 0 9.4 47.6 10.5 3.5 2 1 3 0 0
17.8 6053.5 -3.8 89 0 9.4 47.6 10.5 3.5 4 1 3 1 1
1.3 6053.7 -3.8 89 0 9.4 47.6 10.5 3.5 2 1 3 1 1
-19.5 6076.5 -3.9 178 0 48.4 9.4 10.5 3.5 2 0 3 0 0
257.3 5182.6 -1.7 1 0 54.6 10.0 10.5 3.5 2 0 3 4 4
222.4 5221.2 -2.0 271 0 10.0 63.9 10.5 3.5 2 1 3 1 1
191.6 5222.9 -2.2 271 0 10.0 63.9 10.5 3.5 2 1 3 1 1
251.2 5080.5 -1.7 91 0 10.0 63.9 10.5 3.5 2 1 3 1 1
220.6 5080.5 -1.9 91 0 10.0 63.9 10.5 3.5 2 1 3 3 3
187.6 5081.4 -2.1 91 0 10.0 63.9 10.5 3.5 4 1 3 5 5
154.5 5083.2 -2.2 91 0 10.0 63.9 10.5 0.0 0 1 3 0 0
117.7 5116.5 -2.5 181 0 63.9 10.0 10.5 0.0 0 0 3 4 4
34.6 6511.4 -3.3 271 0 12.9 54.4 17.5 3.5 2 1 5 1 1
65.6 6511.9 -3.2 271 0 12.9 54.4 17.5 3.5 2 1 5 3 3
101.9 6482.3 -3.0 1 0 54.4 12.9 17.5 0.0 0 0 5 5 5
71.9 6387.6 -3.4 90 0 15.5 68.3 17.5 3.5 2 1 5 2 2
38.2 6385.8 -3.6 90 0 15.5 68.3 17.5 0.0 0 1 5 2 2
-250.7 5978.6 -4.9 90 0 14.2 59.5 17.5 3.5 2 1 5 1 1
-290.8 5974.7 -5.0 90 0 14.4 64.9 17.5 3.5 2 1 5 4 4
90.9 7255.0 -1.5 1 0 81.3 12.1 14.0 3.5 2 0 4 4 4
-33.3 7300.3 -1.4 91 0 13.9 97.8 14.0 3.5 2 1 4 5 5
-151.3 7475.6 -1.4 271 0 13.8 68.1 10.0 2.5 2 1 4 5 5
-113.9 7476.1 -1.6 271 0 13.9 67.4 10.0 0.0 0 1 4 0 0
-72.7 7476.5 -1.8 271 0 13.8 66.5 14.0 3.5 2 1 4 1 1
-31.4 7475.9 -2.0 271 0 13.8 66.5 14.0 3.5 2 1 4 2 2
9.1 7474.1 -2.2 271 0 13.8 66.1 14.0 3.5 2 1 4 0 0
87.2 7397.4 -2.2 271 0 13.1 95.2 14.0 3.5 2 1 4 4 4
52.2 7398.1 -2.0 271 0 13.0 85.2 14.0 3.5 2 1 4 0 0
7.9 7399.0 -1.7 271 0 12.8 98.9 14.0 0.0 0 1 4 2 2
