3940.6 -9755.9 -6.7 272 0 11.6 81.4 14.0 3.5 2 1 4 1 1
3867.2 -9754.2 -7.0 272 0 11.6 81.4 14.0 3.5 2 1 4 5 5
3903.4 -9754.9 -6.8 272 0 11.6 81.4 14.0 3.5 2 1 4 3 3
4191.2 -10560.1 -7.1 272 0 69.7 80.1 5.0 0.0 0 1 2 1 1
4138.6 -10582.9 -7.3 2 0 49.0 77.0 10.0 0.0 0 1 4 1 1
3826.6 -9741.2 -6.9 182 0 215.6 12.0 14.0 0.0 0 0 4 2 2
3945.6 -9688.2 -6.2 92 0 11.6 50.1 14.0 3.5 2 1 4 2 2
3909.8 -9687.4 -6.3 92 0 11.6 49.9 14.0 3.5 2 1 4 2 2
3875.9 -9629.5 -6.4 272 0 11.6 58.0 14.0 3.5 2 1 4 3 3
3947.0 -9721.8 -6.4 2 0 51.3 11.6 14.0 3.5 2 0 4 1 1
3905.4 -9694.6 -6.5 272 0 11.6 51.3 14.0 3.5 2 1 4 0 0
3869.0 -9693.5 -6.6 272 0 11.6 51.3 14.0 0.0 0 1 4 1 1
3279.0 -7678.3 -2.4 97 0 28.0 8.9 5.0 2.5 2 0 2 3 3
3841.9 -9372.1 -5.6 270 0 14.1 72.2 14.0 3.5 2 1 4 2 2
3867.1 -9234.0 -5.1 90 0 16.2 12.9 14.0 3.5 2 0 4 3 3
3867.1 -9205.3 -5.2 90 0 16.3 12.4 14.0 3.5 2 0 4 2 2
3867.1 -9179.3 -5.3 270 0 16.2 12.1 14.0 3.5 2 0 4 3 3
3867.1 -9219.9 -5.2 90 0 16.3 13.1 14.0 3.5 2 0 4 0 0
3833.0 -9199.1 -5.1 180 0 12.4 16.3 14.0 3.5 2 1 4 2 2
3841.2 -9233.9 -5.0 90 0 16.2 12.9 14.0 3.5 2 0 4 2 2
3833.0 -9213.2 -5.0 180 0 13.1 16.3 14.0 3.5 2 1 4 1 1
3868.5 -9254.5 -5.0 270 0 16.2 12.4 14.0 3.5 4 0 4 5 5
3860.3 -9289.1 -5.0 180 0 12.9 16.3 14.0 3.5 2 1 4 5 5
3868.5 -9268.3 -4.9 270 0 16.2 13.1 14.0 3.5 2 0 4 3 3
3868.5 -9240.8 -5.0 270 0 16.2 12.1 14.0 3.5 2 0 4 4 4
3841.0 -9241.0 -4.9 270 0 16.2 12.1 14.0 3.5 2 0 4 4 4
3832.9 -9260.9 -5.0 180 0 12.4 16.2 14.0 3.5 2 1 4 1 1
3832.9 -9275.1 -5.0 180 0 13.1 16.3 14.0 3.5 2 1 4 3 3
3832.9 -9289.3 -5.1 180 0 12.9 16.3 14.0 3.5 2 1 4 0 0
3842.0 -9363.7 -5.4 90 0 14.1 62.3 14.0 3.5 2 1 4 1 1
3879.0 -9364.1 -5.2 90 0 14.1 41.0 14.0 3.5 2 1 4 2 2
3877.5 -9373.4 -5.4 270 0 14.1 72.2 14.0 3.5 2 1 4 0 0
3607.8 -8302.5 -4.4 198 0 80.0 13.2 14.0 3.5 4 0 4 3 3
3793.5 -8336.1 -4.3 106 0 12.5 41.7 14.0 3.5 2 1 4 2 2
3771.3 -8299.4 -4.2 286 0 12.5 28.7 14.0 3.5 2 1 4 4 4
3690.1 -8365.4 -4.4 105 0 14.9 82.4 14.0 3.5 2 1 4 3 3
3660.5 -8355.8 -4.4 105 0 14.9 80.3 14.0 3.5 2 1 4 2 2
3631.3 -8349.6 -4.4 104 0 14.9 78.4 14.0 3.5 2 1 4 3 3
3749.7 -8404.4 -4.3 94 0 13.8 72.7 14.0 3.5 2 1 4 2 2
3786.9 -8374.9 -4.2 4 0 63.3 13.8 14.0 3.5 4 0 4 3 3
3814.9 -8376.7 -4.2 4 0 63.3 13.8 14.0 3.5 2 0 4 5 5
3768.2 -8544.0 -4.0 94 0 13.8 64.7 14.0 3.5 2 1 4 4 4
3768.3 -8442.2 -4.1 184 0 59.7 13.8 14.0 3.5 2 0 4 1 1
3810.6 -8445.2 -4.0 4 0 59.7 13.8 14.0 3.5 2 0 4 2 2
3796.7 -8546.2 -4.0 94 0 13.8 64.7 14.0 0.0 0 1 4 2 2
3834.9 -8450.0 -4.0 274 0 13.8 99.0 14.0 3.5 2 1 4 4 4
4108.9 -8562.8 -4.7 4 0 76.1 13.4 17.5 3.5 2 0 5 5 5
3940.3 -8459.8 -4.2 274 0 14.0 80.9 17.5 3.5 2 1 5 1 1
3907.3 -8458.3 -4.1 274 0 14.0 87.4 17.5 3.5 2 1 5 3 3
3871.4 -8454.9 -4.1 274 0 14.2 96.7 17.5 3.5 2 1 5 2 2
4103.3 -8646.7 -4.8 4 0 89.6 12.8 17.5 0.0 0 0 5 1 1
4091.9 -8727.1 -4.7 94 0 12.8 32.5 17.5 3.5 2 1 5 3 3
4339.8 -6093.2 -3.3 4 0 80.4 13.0 14.0 0.0 0 0 4 2 2
2432.8 -5880.5 -2.2 90 0 10.7 62.1 14.0 0.0 0 1 4 2 2
4413.3 -6049.3 -3.3 274 0 32.3 8.5 10.5 3.5 2 0 3 5 5
4364.4 -6045.7 -3.3 274 0 65.7 8.6 10.5 3.5 2 0 3 5 5
3211.2 -6175.0 -3.7 353 0 59.3 14.5 10.5 3.5 2 0 3 5 5
3548.9 -5883.1 -3.7 90 0 15.0 49.6 14.0 0.0 0 1 4 3 3
3509.9 -5890.1 -3.5 270 0 15.0 54.3 14.0 3.5 2 1 4 4 4
3509.7 -5881.9 -3.9 90 0 15.0 49.6 14.0 3.5 2 1 4 1 1
3482.9 -5890.5 -3.8 270 0 15.0 54.3 14.0 3.5 2 1 4 2 2
3488.5 -5882.3 -4.0 90 0 15.0 49.6 14.0 3.5 2 1 4 3 3
3461.1 -5883.4 -4.4 90 0 15.0 49.6 14.0 3.5 2 1 4 2 2
3455.5 -5891.5 -3.8 270 0 15.0 49.6 14.0 3.5 2 0 4 3 3
3506.4 -5980.2 -3.3 270 0 87.5 13.7 10.5 3.5 2 0 3 2 2
3445.6 -5710.2 -4.4 360 0 11.3 131.4 14.0 0.0 0 1 4 0 0
3089.0 -5710.5 -5.2 180 0 11.3 218.7 14.0 0.0 0 1 4 4 4
3137.5 -5826.6 -5.7 90 0 15.0 105.9 14.0 3.5 4 1 4 1 1
3356.6 -5809.6 -5.0 90 0 14.1 87.3 14.0 3.5 2 1 4 4 4
3319.5 -5808.7 -5.0 90 0 14.1 87.3 14.0 3.5 2 1 4 4 4
3099.9 -5826.0 -5.6 90 0 15.0 105.9 14.0 3.5 2 1 4 1 1
3100.3 -5836.8 -5.0 270 0 14.9 71.9 14.0 3.5 2 1 4 5 5
3400.2 -6024.9 -3.8 360 0 44.4 14.9 14.0 3.5 2 0 4 4 4
3289.8 -6082.5 -3.6 360 0 42.1 14.9 10.5 3.5 2 0 3 0 0
3288.1 -6115.6 -3.7 360 0 22.9 14.9 10.5 3.5 2 0 3 5 5
3253.3 -6100.2 -4.0 90 0 14.8 39.9 10.5 3.5 2 0 3 3 3
3252.4 -6120.3 -3.6 360 0 40.1 14.9 10.5 3.5 2 0 3 5 5
3210.6 -6060.7 -4.1 270 0 14.9 39.4 10.5 3.5 2 1 3 1 1
3200.9 -6120.4 -3.9 180 0 39.8 14.9 10.5 3.5 2 0 3 3 3
3179.7 -6005.8 -4.5 360 0 84.8 14.9 10.5 3.5 2 0 3 2 2
3135.4 -6086.6 -4.3 90 0 14.9 125.5 14.0 0.0 0 1 4 5 5
3179.7 -6099.4 -3.8 360 0 78.1 14.9 10.5 0.0 0 0 3 0 0
3179.8 -6173.8 -3.9 360 0 69.1 14.9 10.5 0.0 0 0 3 3 3
3144.0 -6155.7 -3.7 360 0 113.6 14.9 10.5 0.0 0 0 3 5 5
3100.5 -6086.5 -4.1 90 0 15.0 92.1 14.0 3.5 2 1 4 3 3
3101.0 -6098.1 -3.8 270 0 14.9 118.5 10.5 0.0 0 1 3 1 1
4088.8 -8255.4 -4.5 93 0 14.3 41.4 14.0 0.0 0 1 4 5 5
4103.2 -8181.2 -4.5 3 0 62.3 14.3 14.0 3.5 2 0 4 2 2
4136.3 -8182.6 -4.6 3 0 62.3 14.3 14.0 3.5 2 0 4 1 1
4124.2 -8257.3 -4.6 93 0 14.4 39.6 14.0 0.0 0 1 4 2 2
2826.2 -6024.9 -4.0 270 0 9.7 18.8 10.5 3.5 4 1 3 5 5
2817.8 -6005.1 -4.0 270 0 9.7 18.8 10.5 0.0 0 1 3 1 1
2853.2 -6106.1 -4.0 119 0 12.0 21.1 14.0 3.5 2 1 4 5 5
2853.9 -6069.2 -4.2 270 0 9.7 18.8 10.5 3.5 2 1 3 3 3
2843.1 -6049.3 -4.1 270 0 9.7 18.8 10.5 3.5 2 1 3 3 3
2867.3 -6130.5 -3.7 119 0 12.0 21.1 14.0 3.5 2 1 4 0 0
2878.0 -6150.4 -3.4 119 0 12.0 21.1 14.0 0.0 0 1 4 3 3
2884.7 -6169.9 -3.2 119 0 12.0 21.1 14.0 3.5 2 1 4 4 4
3049.5 -6160.5 -4.2 91 0 12.4 53.0 14.0 3.5 2 1 4 3 3
3018.3 -6161.2 -4.0 91 0 12.4 53.0 14.0 3.5 2 1 4 4 4
2988.2 -6159.9 -3.8 91 0 12.4 53.0 14.0 3.5 4 1 4 3 3
3049.7 -6167.6 -3.8 271 0 12.4 53.0 14.0 3.5 2 1 4 4 4
3017.8 -6171.2 -4.0 271 0 12.4 51.6 14.0 3.5 2 1 4 4 4
2988.1 -6166.3 -3.8 271 0 12.4 61.1 14.0 3.5 2 1 4 5 5
3008.0 -6003.1 -3.4 184 0 24.2 14.6 14.0 3.5 2 0 4 3 3
2859.0 -6021.3 -4.3 90 0 14.4 31.0 14.0 3.5 2 0 4 4 4
2897.0 -5990.3 -4.4 270 0 18.7 30.9 14.0 0.0 0 0 4 0 0
2896.8 -6052.1 -4.4 90 0 14.4 31.0 14.0 3.5 2 0 4 2 2
2948.3 -6020.2 -4.4 0 0 25.4 19.9 14.0 0.0 0 0 4 5 5
2936.6 -6067.5 -4.1 90 0 14.4 31.0 14.0 3.5 2 0 4 4 4
3017.4 -6100.7 -3.6 34 0 18.6 30.5 14.0 3.5 2 0 4 4 4
3019.7 -6071.1 -3.5 90 0 14.0 32.2 14.0 3.5 2 0 4 5 5
2972.6 -6041.4 -3.5 180 0 19.2 14.5 14.0 3.5 2 0 4 0 0
2967.1 -6081.2 -3.2 180 0 18.6 15.2 14.0 3.5 2 0 4 0 0
2969.5 -6061.4 -3.2 180 0 21.0 15.5 14.0 3.5 2 0 4 1 1
3064.4 -6038.0 -3.8 0 0 25.8 16.3 14.0 3.5 2 0 4 5 5
3064.1 -6073.4 -4.1 0 0 24.7 16.0 14.0 3.5 2 0 4 5 5
2971.1 -6164.5 -3.5 27 0 21.4 28.3 14.0 3.5 2 1 4 2 2
2923.2 -6175.3 -3.2 90 0 15.5 30.8 14.0 3.5 2 1 4 1 1
2927.1 -6235.7 -3.6 90 0 14.1 26.3 14.0 0.0 0 1 4 5 5
2962.6 -6231.5 -3.9 90 0 14.1 26.3 14.0 0.0 0 1 4 4 4
3657.8 -6632.6 -2.7 89 0 18.5 59.3 14.0 3.5 2 0 4 0 0
4164.0 -6643.7 -2.5 90 0 12.7 71.3 10.5 0.0 0 1 3 4 4
3652.1 -6485.4 -2.7 269 0 18.5 67.9 14.0 3.5 2 1 4 5 5
3777.8 -6498.5 -3.3 270 0 14.4 57.2 14.0 3.5 2 1 4 5 5
3737.8 -6495.5 -3.4 270 0 14.4 59.0 14.0 3.5 2 1 4 5 5
3697.2 -6488.6 -2.7 270 0 14.4 64.7 14.0 3.5 2 1 4 3 3
3699.4 -6632.1 -3.0 89 0 14.2 66.2 14.0 3.5 2 0 4 2 2
3738.8 -6631.7 -3.2 89 0 14.2 65.9 14.0 3.5 2 0 4 3 3
3785.1 -6601.0 -3.1 360 0 71.8 14.4 14.0 3.5 2 0 4 0 0
3629.8 -6789.4 -2.5 174 0 50.9 13.4 14.0 3.5 2 0 4 0 0
3674.0 -6814.3 -2.6 84 0 11.0 47.1 14.0 3.5 2 1 4 0 0
3702.7 -6763.6 -2.5 264 0 11.0 47.1 14.0 3.5 2 1 4 2 2
3734.2 -6760.5 -2.5 264 0 11.0 47.1 14.0 3.5 2 1 4 1 1
3765.6 -6756.6 -2.5 264 0 11.0 47.1 14.0 3.5 2 1 4 4 4
3304.5 -4438.5 -4.8 360 0 48.0 16.6 5.0 2.5 2 0 2 5 5
3196.4 -4381.2 -4.8 270 0 16.6 72.0 10.0 2.5 2 0 4 4 4
3165.5 -4463.9 -4.6 90 0 78.5 10.7 7.5 2.5 2 0 3 4 4
3126.2 -4417.5 -4.9 180 0 71.6 40.8 15.0 0.0 0 0 6 4 4
3304.8 -4565.7 -4.5 360 0 171.4 76.1 10.0 0.0 0 0 4 5 5
3165.1 -4479.2 -4.5 270 0 76.1 171.4 7.5 0.0 0 1 3 4 4
5542.5 -6204.4 -5.8 280 0 92.1 32.5 14.0 0.0 0 0 4 1 1
5443.7 -6185.3 -5.8 280 0 29.3 34.3 14.0 0.0 0 1 4 3 3
5416.1 -6251.1 -5.8 190 0 41.6 29.3 14.0 0.0 0 0 4 2 2
5416.3 -6339.2 -5.3 100 0 29.3 46.5 14.0 0.0 0 1 4 3 3
5476.6 -6193.8 -5.5 280 0 32.8 139.0 14.0 0.0 0 1 4 3 3
5284.6 -6546.7 -5.0 104 0 123.7 59.8 14.0 0.0 0 0 4 5 5
5316.3 -6386.3 -5.5 189 0 102.8 15.8 14.0 0.0 0 0 4 4 4
5265.0 -6371.7 -5.8 280 0 56.0 13.0 14.0 3.5 2 0 4 5 5
5274.8 -6387.6 -5.8 280 0 61.2 51.1 14.0 0.0 0 0 4 4 4
5200.2 -6525.0 -4.7 104 0 16.3 48.5 14.0 3.5 2 1 4 1 1
5151.8 -6511.6 -4.4 104 0 17.3 41.7 14.0 3.5 2 1 4 2 2
4769.3 -6287.0 -3.6 96 0 14.1 43.7 14.0 3.5 2 1 4 0 0
4775.8 -6218.8 -4.4 192 0 45.1 14.1 14.0 3.5 2 0 4 3 3
4765.3 -6305.8 -3.5 93 0 34.4 12.5 14.0 3.5 2 0 4 0 0
4971.7 -6217.9 -5.4 282 0 14.2 56.7 14.0 3.5 2 1 4 2 2
4948.8 -6316.7 -5.4 102 0 14.2 43.7 14.0 3.5 4 1 4 3 3
4913.1 -6315.4 -5.1 102 0 14.2 43.7 14.0 3.5 2 1 4 0 0
4935.0 -6215.8 -5.4 282 0 14.2 56.7 14.0 3.5 2 1 4 0 0
4873.8 -6311.8 -5.0 102 0 14.2 43.7 14.0 3.5 2 1 4 5 5
4896.3 -6211.9 -5.2 282 0 14.2 56.7 14.0 3.5 2 1 4 1 1
4834.6 -6309.5 -4.3 102 0 14.2 43.7 14.0 3.5 2 1 4 2 2
4857.6 -6207.3 -4.9 282 0 14.2 59.1 14.0 3.5 2 1 4 2 2
4822.4 -6201.2 -4.8 282 0 14.2 62.5 14.0 3.5 2 1 4 2 2
4798.7 -6306.8 -3.6 102 0 14.2 43.7 14.0 3.5 2 1 4 3 3
4707.2 -6206.1 -3.5 274 0 13.9 96.5 14.0 3.5 2 1 4 1 1
4735.2 -6207.7 -3.6 274 0 13.9 97.0 14.0 3.5 2 1 4 4 4
4886.2 -6184.2 -5.3 93 0 13.9 14.0 10.5 3.5 2 1 3 3 3
4853.6 -6099.2 -4.9 273 0 13.9 71.7 10.5 3.5 2 1 3 2 2
4888.7 -6101.0 -5.2 273 0 13.9 68.5 10.5 3.5 2 1 3 3 3
4923.0 -6103.0 -5.3 273 0 13.9 89.9 10.5 3.5 2 1 3 0 0
4962.8 -6152.8 -5.2 3 0 89.9 13.9 14.0 3.5 2 0 4 3 3
4968.0 -6091.2 -5.3 4 0 11.8 73.6 14.0 3.5 2 0 4 5 5
4854.4 -6089.4 -5.0 94 0 79.7 10.8 14.0 3.5 2 0 4 5 5
4826.6 -6137.8 -5.0 3 0 82.4 11.8 14.0 3.5 2 0 4 3 3
3678.3 -6043.6 -3.2 89 0 15.2 33.2 14.0 3.5 2 1 4 2 2
3723.0 -6044.8 -3.2 89 0 15.3 33.2 14.0 3.5 2 1 4 0 0
3616.8 -6162.8 -3.3 88 0 15.9 109.7 14.0 0.0 0 1 4 2 2
4556.7 -6830.7 -4.9 270 0 13.7 49.3 7.5 2.5 2 1 3 0 0
4521.4 -6831.1 -4.8 270 0 13.7 49.3 10.0 2.5 2 1 4 5 5
4552.5 -6947.3 -4.3 90 0 13.7 58.0 7.5 2.5 2 1 3 0 0
4518.6 -6917.8 -4.2 180 0 61.9 13.7 12.5 2.5 2 0 5 0 0
4434.8 -6736.1 -2.7 184 0 11.6 21.2 14.0 3.5 2 1 4 2 2
4541.5 -6674.3 -3.6 277 0 14.0 79.5 14.0 3.5 2 1 4 5 5
4434.1 -6706.2 -2.6 185 0 42.7 16.5 14.0 3.5 2 0 4 0 0
4760.5 -6764.6 -6.0 105 0 14.0 58.8 14.0 3.5 4 1 4 5 5
4850.0 -6753.5 -6.8 17 0 62.1 13.8 14.0 3.5 2 0 4 1 1
4798.5 -6774.9 -6.4 107 0 13.8 62.1 14.0 3.5 2 1 4 5 5
4772.8 -6844.8 -6.6 107 0 13.8 62.1 14.0 3.5 2 1 4 1 1
4811.6 -6855.8 -6.8 107 0 13.8 73.0 14.0 3.5 2 1 4 4 4
4350.2 -7670.7 -4.7 179 0 42.3 19.5 17.5 3.5 2 0 5 1 1
3446.0 -5486.8 -5.2 272 0 55.3 16.5 14.0 0.0 0 0 4 4 4
3508.0 -5458.2 -5.1 270 0 16.5 44.5 14.0 3.5 2 1 4 1 1
2551.5 -6726.7 -2.9 176 0 34.6 52.2 14.0 0.0 0 1 4 2 2
2602.3 -6872.7 -2.0 86 0 19.7 114.8 14.0 0.0 0 1 4 4 4
2559.4 -6818.1 -2.0 176 0 114.8 19.7 14.0 0.0 0 0 4 3 3
2722.2 -6855.1 -1.9 266 0 91.5 11.7 14.0 3.5 4 0 4 3 3
2721.0 -6795.2 -2.1 266 0 88.9 47.0 14.0 0.0 0 0 4 1 1
2849.8 -6690.7 -2.5 267 0 10.8 38.0 14.0 3.5 2 1 4 3 3
2886.1 -6707.5 -2.6 357 0 38.0 10.8 14.0 3.5 4 0 4 5 5
2790.8 -6694.1 -2.4 267 0 10.8 38.0 14.0 3.5 2 1 4 1 1
2820.7 -6692.2 -2.5 267 0 10.8 38.0 14.0 3.5 2 1 4 1 1
2853.9 -6772.2 -2.4 87 0 10.8 37.9 14.0 3.5 2 1 4 5 5
2888.2 -6751.2 -2.5 357 0 37.9 10.8 14.0 0.0 0 0 4 5 5
2824.6 -6774.1 -2.4 87 0 10.8 38.0 14.0 3.5 2 1 4 3 3
2794.8 -6776.3 -2.3 87 0 10.8 38.0 14.0 3.5 2 1 4 3 3
3639.9 -3872.0 -6.1 270 0 50.9 84.6 7.5 0.0 0 1 3 0 0
3944.2 -3979.8 -6.9 90 0 44.5 80.3 10.0 0.0 0 1 4 5 5
3888.2 -3980.4 -6.8 90 0 57.4 80.3 10.0 0.0 0 1 4 4 4
3822.4 -4006.2 -6.6 90 0 26.0 100.2 7.5 0.0 0 1 3 1 1
3822.5 -4149.4 -6.3 270 0 26.8 99.1 7.5 0.0 0 1 3 3 3
3773.7 -4149.3 -6.2 270 0 55.2 99.1 10.0 0.0 0 1 4 4 4
3821.8 -4133.7 -6.6 90 0 26.2 95.0 7.5 0.0 0 0 3 3 3
3834.8 -4029.2 -6.5 360 0 19.0 35.4 10.0 0.0 0 0 4 3 3
3771.9 -4133.6 -6.4 90 0 55.2 113.8 5.0 0.0 0 0 2 0 0
3736.3 -3869.3 -6.2 270 0 51.1 135.4 15.0 0.0 0 0 6 5 5
3786.1 -3870.9 -6.4 270 0 27.7 133.7 10.0 0.0 0 0 4 1 1
3724.6 -4133.2 -6.2 90 0 25.6 113.4 7.5 0.0 0 1 3 1 1
3690.2 -3869.9 -6.2 270 0 28.2 134.8 15.0 0.0 0 0 6 2 2
3690.5 -4131.7 -6.2 90 0 28.2 111.8 12.5 0.0 0 0 5 5 5
3676.4 -4140.0 -6.2 180 0 16.6 28.2 7.5 2.5 2 0 3 0 0
3864.4 -4410.4 -6.6 180 0 24.0 27.5 7.5 0.0 0 1 3 4 4
3892.3 -4364.7 -6.6 0 0 60.0 30.9 7.5 0.0 0 0 3 0 0
3877.8 -4427.4 -6.5 270 0 31.9 69.9 10.0 0.0 0 1 4 4 4
3976.4 -4269.6 -6.7 90 0 34.5 13.4 7.5 2.5 2 0 3 1 1
3926.9 -4361.2 -6.8 90 0 59.3 104.2 7.5 0.0 0 1 3 2 2
4017.6 -4355.8 -6.6 90 0 12.8 100.5 10.0 2.5 2 1 4 2 2
4018.2 -4373.1 -6.6 270 0 13.0 126.5 7.5 0.0 0 1 3 1 1
3925.1 -4376.8 -6.5 270 0 62.3 120.5 7.5 0.0 0 1 3 3 3
3693.5 -4422.3 -5.6 270 0 18.4 73.4 15.0 0.0 0 1 6 0 0
3769.1 -4400.7 -6.1 90 0 171.4 65.9 10.0 0.0 0 0 4 2 2
3782.0 -4420.8 -6.4 270 0 142.8 73.4 7.5 0.0 0 0 3 5 5
3360.1 -4472.7 -4.7 360 0 56.4 12.3 7.5 2.5 2 0 3 3 3
3382.6 -4465.7 -4.8 360 0 84.5 21.1 7.5 0.0 0 0 3 4 4
3401.0 -3867.6 -5.7 270 0 137.8 27.9 10.0 0.0 0 0 4 5 5
3352.3 -3902.4 -5.7 270 0 189.3 171.6 12.5 0.0 0 0 5 2 2
3498.5 -4197.4 -5.8 90 0 14.8 88.3 7.5 2.5 2 1 3 4 4
3341.4 -4125.2 -5.1 180 0 36.5 79.9 10.0 0.0 0 1 4 3 3
3309.9 -4180.5 -5.5 180 0 42.4 148.0 5.0 0.0 0 1 2 4 4
3309.8 -4224.0 -5.5 180 0 40.0 148.0 10.0 0.0 0 1 4 3 3
3677.1 -9707.3 -7.3 90 0 12.3 71.5 14.0 3.5 2 1 4 4 4
3737.4 -9706.3 -7.1 90 0 12.3 71.5 14.0 3.5 2 1 4 0 0
3706.0 -9705.8 -7.2 90 0 12.3 71.5 14.0 3.5 2 1 4 2 2
3772.4 -9706.8 -7.0 92 0 12.3 55.9 14.0 3.5 2 1 4 2 2
3772.9 -9717.8 -7.2 272 0 12.3 67.7 14.0 3.5 2 1 4 3 3
3733.2 -9716.3 -7.1 270 0 12.3 85.1 14.0 0.0 0 1 4 4 4
3695.7 -9713.6 -7.3 270 0 12.3 85.1 14.0 3.5 2 1 4 1 1
4251.3 -10563.2 -7.0 272 0 13.9 84.5 7.5 2.5 2 1 3 5 5
4036.1 -10552.7 -7.2 272 0 13.9 48.5 7.5 2.5 2 1 3 5 5
4197.6 -10538.4 -8.1 92 0 72.8 107.5 14.0 0.0 0 1 4 2 2
4766.6 -6332.2 -3.5 274 0 13.3 82.4 10.0 0.0 0 1 4 4 4
4799.7 -6334.0 -3.5 274 0 13.3 82.4 7.5 2.5 2 1 3 4 4
4833.2 -6336.1 -3.5 274 0 13.3 82.4 10.0 2.5 2 1 4 0 0
4866.6 -6337.6 -3.6 274 0 13.3 82.4 10.0 0.0 0 1 4 5 5
4903.7 -6382.4 -4.0 4 0 82.4 13.3 10.0 2.5 2 0 4 1 1
3694.5 -5855.1 -3.3 180 0 47.9 20.9 14.0 3.5 2 0 4 2 2
3758.4 -5853.5 -3.3 359 0 85.7 12.2 14.0 3.5 2 0 4 0 0
3793.7 -5942.0 -3.5 360 0 76.2 12.3 14.0 3.5 2 0 4 1 1
3754.2 -5904.1 -3.2 270 0 12.3 76.0 14.0 3.5 2 0 4 2 2
3721.2 -5906.1 -3.2 270 0 12.3 74.1 14.0 3.5 2 0 4 0 0
3685.2 -5990.1 -3.3 90 0 12.3 77.3 14.0 3.5 2 0 4 1 1
3682.4 -5850.1 -3.4 359 0 85.7 12.2 14.0 3.5 2 0 4 2 2
3795.2 -5851.7 -3.4 1 0 85.1 16.5 14.0 3.5 2 0 4 5 5
3780.3 -5790.2 -3.4 91 0 12.2 73.9 14.0 3.5 2 0 4 1 1
3753.6 -5791.5 -3.4 91 0 13.7 66.2 14.0 3.5 2 1 4 4 4
3720.1 -5791.5 -3.4 91 0 13.7 66.2 14.0 3.5 4 1 4 3 3
3708.7 -5714.5 -3.6 270 0 139.8 10.1 14.0 3.5 2 0 4 3 3
3682.2 -5791.8 -3.4 91 0 16.0 66.9 14.0 0.0 0 1 4 4 4
3629.9 -5712.9 -3.8 270 0 17.8 77.3 14.0 3.5 2 0 4 1 1
3632.6 -5892.0 -3.4 90 0 17.8 79.4 14.0 3.5 4 1 4 4 4
3632.7 -5990.7 -3.4 90 0 17.8 79.4 14.0 3.5 2 1 4 3 3
4676.9 -5157.9 -7.9 1 0 84.7 13.4 10.0 2.5 2 0 4 3 3
4652.4 -6206.5 -3.5 274 0 13.2 93.5 14.0 3.5 2 1 4 1 1
4619.8 -6203.0 -3.4 274 0 13.2 93.5 14.0 0.0 0 1 4 3 3
4584.6 -6201.4 -3.4 275 0 13.2 93.5 14.0 3.5 2 1 4 5 5
4524.7 -6197.0 -3.3 274 0 13.2 93.5 14.0 3.5 4 1 4 4 4
4490.3 -6252.2 -3.2 4 0 17.6 16.0 14.0 3.5 2 0 4 5 5
4449.9 -6260.8 -3.2 94 0 8.4 21.5 10.5 3.5 2 1 3 5 5
4418.4 -6257.7 -3.1 94 0 8.4 21.5 10.5 3.5 2 1 3 1 1
4388.9 -6256.1 -3.1 94 0 8.4 21.5 10.5 3.5 2 1 3 4 4
4475.1 -6287.3 -3.2 94 0 13.9 21.5 14.0 3.5 2 1 4 1 1
4452.2 -6285.5 -3.2 94 0 13.9 21.5 14.0 3.5 2 1 4 3 3
4418.0 -6283.1 -3.1 94 0 13.9 21.5 14.0 3.5 2 1 4 2 2
4386.4 -6280.8 -3.1 94 0 13.9 21.5 14.0 3.5 2 1 4 1 1
4483.0 -6192.7 -3.3 274 0 13.9 44.0 14.0 3.5 2 1 4 1 1
4452.1 -6190.9 -3.2 274 0 13.9 44.0 14.0 3.5 2 1 4 2 2
4421.9 -6188.7 -3.2 274 0 13.9 44.0 14.0 3.5 2 1 4 3 3
4391.3 -6186.2 -3.1 274 0 13.9 44.0 14.0 3.5 2 1 4 4 4
4361.9 -6185.4 -3.1 274 0 13.9 92.9 14.0 3.5 2 1 4 0 0
4681.2 -5074.1 -8.0 1 0 43.2 13.4 12.5 2.5 2 0 5 2 2
4524.3 -4885.0 -7.7 360 0 13.3 89.4 7.5 2.5 2 1 3 0 0
4520.6 -4930.4 -7.7 0 0 64.8 13.7 7.5 2.5 2 0 3 3 3
4476.0 -4962.4 -7.6 90 0 13.7 64.8 7.5 2.5 2 1 3 1 1
4438.9 -4962.2 -7.6 90 0 13.7 64.8 10.0 2.5 2 1 4 1 1
4476.4 -4990.3 -7.5 270 0 13.7 90.5 10.0 2.5 2 1 4 3 3
4440.3 -4990.5 -7.5 270 0 13.7 90.5 7.5 0.0 0 1 3 4 4
4511.9 -5021.0 -7.6 270 0 13.7 40.5 7.5 0.0 0 1 3 4 4
4438.6 -5169.6 -7.5 90 0 13.7 64.9 10.0 2.5 4 1 4 5 5
4513.1 -5154.3 -7.6 90 0 13.7 47.9 12.5 2.5 2 1 5 3 3
4474.2 -5168.9 -7.5 90 0 13.7 64.9 7.5 0.0 0 1 3 3 3
4438.8 -5187.9 -7.4 270 0 13.7 64.9 7.5 0.0 0 1 3 5 5
4473.5 -5258.4 -7.5 90 0 13.7 64.9 7.5 2.5 4 1 3 3 3
4517.6 -5214.9 -7.5 0 0 64.9 13.7 10.0 2.5 4 0 4 3 3
4731.9 -4905.7 -8.1 6 0 9.0 158.9 7.5 0.0 0 1 3 5 5
4582.6 -5016.0 -7.7 271 0 13.4 44.3 7.5 2.5 2 1 3 3 3
4581.4 -5110.2 -7.8 91 0 13.4 42.3 5.0 2.5 4 1 2 3 3
4624.8 -5067.1 -7.8 1 0 39.4 13.4 10.0 2.5 4 0 4 1 1
4640.0 -5040.4 -7.9 91 0 13.4 50.0 10.0 2.5 2 1 4 0 0
4677.7 -5040.3 -8.0 91 0 13.4 50.0 10.0 2.5 2 1 4 4 4
4632.3 -5215.1 -7.9 91 0 13.4 96.4 7.5 0.0 0 1 3 0 0
4590.2 -5155.6 -7.7 271 0 13.4 65.5 10.0 2.5 2 1 4 1 1
4550.7 -5259.1 -7.6 270 0 13.4 52.7 10.0 2.5 2 1 4 2 2
4587.0 -5250.6 -7.6 270 0 13.4 68.8 15.0 2.5 2 1 6 0 0
4622.3 -5243.3 -7.7 270 0 13.4 83.9 12.5 2.5 2 1 5 2 2
4657.2 -5222.1 -7.8 270 0 13.4 107.2 15.0 2.5 2 1 6 1 1
3964.5 -4712.8 -5.9 90 0 20.7 55.1 7.5 2.5 2 1 3 4 4
3864.7 -4709.6 -6.1 179 0 10.1 80.7 10.0 2.5 2 1 4 2 2
5344.5 -5972.0 -4.8 284 0 72.6 10.0 14.0 3.5 2 0 4 1 1
5266.9 -5952.8 -4.6 284 0 57.8 12.6 14.0 3.5 2 0 4 3 3
5228.0 -6097.5 -5.4 285 0 14.9 136.7 14.0 0.0 0 1 4 4 4
5264.6 -6102.0 -5.3 285 0 14.9 136.7 14.0 0.0 0 1 4 5 5
5316.0 -6048.6 -5.2 105 0 14.8 70.7 14.0 0.0 0 1 4 3 3
5314.4 -6055.8 -5.6 285 0 14.9 95.2 10.0 2.5 2 1 4 4 4
5287.8 -6157.0 -5.7 285 0 14.9 85.8 14.0 3.5 2 1 4 4 4
3205.6 -6513.8 -3.1 264 0 12.0 47.4 10.5 3.5 2 1 3 0 0
3133.4 -6424.2 -3.5 174 0 86.5 12.1 10.0 2.5 2 0 4 4 4
3165.0 -6420.3 -3.3 174 0 86.4 12.1 10.0 2.5 2 0 4 0 0
3206.3 -6415.5 -3.3 354 0 86.4 12.1 10.0 2.5 2 0 4 2 2
3236.3 -6423.3 -3.3 354 0 64.0 9.8 7.5 2.5 2 0 3 4 4
3136.3 -6481.5 -3.2 174 0 24.4 9.8 5.0 0.0 0 0 2 2 2
3160.2 -6503.1 -3.2 84 0 9.8 36.0 7.5 2.5 2 1 3 4 4
3181.2 -6511.2 -3.2 84 0 9.8 45.9 7.5 2.5 2 1 3 0 0
3199.9 -6508.7 -3.2 84 0 9.8 45.9 7.5 2.5 2 1 3 5 5
3219.4 -6506.3 -3.2 84 0 9.8 45.9 7.5 2.5 2 1 3 3 3
3237.2 -6503.9 -3.2 84 0 10.2 45.9 10.0 2.5 4 1 4 4 4
2998.5 -6349.6 -3.8 354 0 70.9 15.1 10.0 2.5 2 0 4 1 1
3048.5 -6314.4 -3.4 264 0 12.4 62.6 10.0 2.5 2 1 4 3 3
3097.9 -6373.8 -3.7 84 0 12.4 62.6 7.5 2.5 2 1 3 0 0
3131.2 -6308.2 -3.7 264 0 12.4 62.6 7.5 2.5 2 1 3 5 5
3174.4 -6306.5 -3.6 264 0 12.4 62.6 5.0 2.5 2 1 2 5 5
3226.4 -6334.4 -3.4 354 0 62.6 12.4 7.5 0.0 0 0 3 1 1
3242.6 -6508.4 -3.1 264 0 12.7 101.7 10.5 3.5 2 1 3 2 2
4872.8 -6602.0 -3.0 7 0 9.0 35.3 10.5 3.5 2 0 3 0 0
4803.4 -6614.5 -3.1 187 0 50.4 14.8 10.5 3.5 2 0 3 3 3
4303.3 -6382.7 -3.0 94 0 14.3 81.6 10.0 2.5 2 1 4 2 2
4356.3 -6385.7 -3.1 94 0 11.4 80.5 10.0 2.5 2 1 4 2 2
4413.2 -6390.4 -3.1 94 0 11.4 80.5 7.5 2.5 2 1 3 0 0
4441.1 -6391.7 -3.2 93 0 11.4 80.5 5.0 2.5 2 1 2 3 3
4467.3 -6394.2 -3.2 93 0 11.4 80.5 10.0 2.5 2 1 4 0 0
4496.7 -6396.0 -3.2 93 0 11.4 80.5 7.5 2.5 4 1 3 1 1
4522.6 -6398.6 -3.3 93 0 11.4 80.5 7.5 2.5 2 1 3 1 1
4551.0 -6399.9 -3.3 93 0 11.4 80.5 10.0 2.5 2 1 4 5 5
4579.6 -6401.7 -3.3 93 0 11.4 80.5 7.5 2.5 2 1 3 4 4
4604.9 -6403.6 -3.4 93 0 11.4 80.5 12.5 2.5 2 1 5 5 5
5366.8 -5552.2 -4.7 286 0 13.5 78.4 7.5 2.5 2 1 3 2 2
5390.5 -5462.9 -4.9 285 0 31.6 47.7 10.0 0.0 0 1 4 5 5
5431.6 -5498.0 -4.9 15 0 47.7 24.8 10.0 0.0 0 0 4 4 4
5500.8 -5491.6 -4.9 285 0 104.6 47.7 10.0 0.0 0 0 4 5 5
5522.8 -5617.5 -5.0 15 0 112.6 106.6 10.0 0.0 0 0 4 3 3
5884.6 -5621.6 -4.7 283 0 55.2 62.4 7.5 0.0 0 1 3 1 1
5250.5 -5932.0 -3.9 105 0 12.5 55.8 10.0 2.5 2 0 4 4 4
5298.9 -5902.6 -3.9 15 0 81.2 22.5 10.0 0.0 0 0 4 1 1
5427.2 -5930.2 -4.3 285 0 18.3 47.3 12.5 2.5 2 1 5 1 1
5428.7 -5923.7 -3.5 105 0 19.0 47.3 7.5 2.5 2 1 3 1 1
5382.7 -5917.2 -4.1 285 0 18.3 47.3 5.0 2.5 2 1 2 0 0
5384.2 -5910.7 -3.2 105 0 18.9 47.3 7.5 2.5 2 1 3 4 4
5358.9 -5911.5 -4.1 285 0 12.6 47.3 10.0 2.5 2 1 4 2 2
5360.7 -5905.1 -3.1 105 0 12.7 47.3 7.5 2.5 2 1 3 4 4
5337.8 -5905.6 -4.0 285 0 12.7 47.3 7.5 2.5 2 1 3 2 2
5339.7 -5899.2 -2.9 105 0 12.5 47.3 10.0 2.5 2 1 4 4 4
5318.8 -5893.1 -2.8 105 0 12.5 47.3 7.5 2.5 4 1 3 4 4
5316.9 -5899.5 -3.9 285 0 12.6 47.3 12.5 2.5 2 1 5 1 1
4816.3 -5612.7 -5.9 278 0 149.1 16.9 10.0 0.0 0 0 4 2 2
5205.6 -6091.1 -5.4 285 0 14.9 136.7 14.0 0.0 0 1 4 5 5
4683.0 -4975.6 -8.1 90 0 13.6 62.0 10.0 0.0 0 1 4 2 2
4646.5 -4972.4 -8.0 90 0 13.6 62.0 10.0 2.5 4 1 4 2 2
4610.6 -4969.4 -7.9 90 0 13.6 62.0 12.5 2.5 2 1 5 4 4
4569.1 -4931.9 -7.8 180 0 62.0 13.6 10.0 2.5 2 0 4 2 2
4973.8 -9574.0 -4.7 183 0 39.2 8.3 10.5 3.5 2 0 3 4 4
5049.1 -9539.9 -5.1 273 0 8.3 57.7 10.5 3.5 2 1 3 5 5
5012.1 -9546.3 -4.8 273 0 8.3 49.5 10.5 3.5 2 1 3 0 0
5238.3 -9670.1 -7.2 93 0 8.3 51.9 10.5 3.5 2 1 3 1 1
5205.1 -9680.1 -6.8 93 0 8.3 64.9 10.5 3.5 4 1 3 3 3
5176.1 -9678.6 -6.3 93 0 8.3 64.9 10.5 3.5 2 1 3 0 0
5145.3 -9678.2 -5.6 93 0 8.3 64.9 10.5 0.0 0 1 3 2 2
5111.2 -9677.1 -5.3 93 0 8.3 64.9 10.5 3.5 2 1 3 5 5
5004.8 -9671.2 -5.2 93 0 10.5 64.9 14.0 3.5 2 1 4 1 1
4972.8 -9668.9 -5.4 93 0 10.5 64.9 14.0 3.5 2 1 4 5 5
4972.8 -9681.9 -6.6 273 0 8.3 63.6 10.5 3.5 2 1 3 1 1
5004.9 -9683.6 -6.4 273 0 8.3 63.6 10.5 3.5 4 1 3 1 1
5074.1 -9685.7 -5.9 273 0 8.3 63.6 10.5 3.5 2 1 3 1 1
5039.0 -9685.1 -6.1 273 0 8.3 63.6 10.5 3.5 2 1 3 5 5
5142.6 -9689.5 -5.3 273 0 8.3 63.6 10.5 3.5 2 1 3 2 2
5111.4 -9689.1 -5.7 273 0 8.3 63.6 10.5 3.5 2 1 3 1 1
5176.4 -9692.1 -5.4 273 0 8.3 63.6 10.5 3.5 2 1 3 5 5
5199.7 -9759.3 -5.6 93 0 8.3 63.6 10.5 3.5 2 1 3 3 3
4467.9 -10153.8 -7.5 181 0 24.2 46.1 7.5 0.0 0 0 3 3 3
4503.3 -10241.2 -7.8 1 0 24.8 34.7 10.0 0.0 0 1 4 1 1
4521.6 -10143.0 -7.6 271 0 14.7 150.7 7.5 0.0 0 0 3 4 4
4566.7 -10359.7 -8.1 2 0 10.0 133.7 10.5 3.5 2 1 3 5 5
4436.7 -10433.1 -8.2 93 0 15.8 60.6 14.0 3.5 2 0 4 2 2
4477.9 -10404.5 -8.1 3 0 48.1 31.8 14.0 0.0 0 0 4 5 5
4566.3 -10391.5 -7.6 3 0 25.3 19.6 10.5 3.5 2 0 3 3 3
4518.3 -10375.5 -7.8 273 0 41.4 25.3 10.5 0.0 0 0 3 3 3
4516.2 -10431.0 -7.9 93 0 41.4 25.3 10.5 0.0 0 0 3 3 3
4514.5 -10469.0 -7.9 93 0 41.4 25.3 10.5 0.0 0 0 3 0 0
4451.4 -10465.8 -8.2 93 0 48.0 24.0 7.5 0.0 0 0 3 5 5
4797.3 -9388.3 -4.9 184 0 111.2 11.9 10.5 3.5 2 0 3 0 0
4837.2 -9318.4 -6.0 264 0 45.1 19.5 10.5 3.5 2 0 3 3 3
4904.5 -9352.4 -6.2 354 0 19.5 87.5 10.5 0.0 0 1 3 4 4
4906.9 -9387.0 -5.8 354 0 19.5 87.5 10.5 0.0 0 1 3 5 5
4909.9 -9420.2 -5.1 354 0 19.5 87.5 10.5 0.0 0 1 3 2 2
4914.4 -9454.0 -4.4 354 0 19.5 87.6 10.5 0.0 0 1 3 5 5
2566.7 -5285.5 -2.8 0 0 59.4 11.0 14.0 3.5 2 0 4 2 2
2598.6 -5324.9 -3.2 91 0 14.1 67.1 14.0 3.5 2 0 4 3 3
2637.7 -5324.2 -3.6 91 0 14.1 65.9 14.0 3.5 2 0 4 3 3
2681.9 -5325.3 -3.3 91 0 14.1 67.1 14.0 3.5 2 0 4 2 2
2721.0 -5324.6 -2.7 91 0 14.1 65.9 14.0 3.5 2 0 4 4 4
2760.4 -5323.6 -2.1 91 0 14.1 64.5 14.0 3.5 2 0 4 0 0
2792.2 -5499.2 -3.7 180 0 12.7 10.0 14.0 3.5 2 0 4 5 5
2794.0 -5412.2 -4.1 180 0 31.2 8.5 10.5 3.5 2 0 3 0 0
2792.6 -5327.3 -2.0 181 0 8.3 10.3 10.5 3.5 2 0 3 5 5
4877.4 -9029.4 -5.7 268 0 13.5 54.8 14.0 3.5 4 1 4 3 3
4841.1 -9030.4 -5.6 268 0 13.5 54.8 14.0 3.5 2 1 4 5 5
4844.0 -9146.1 -5.5 88 0 15.0 56.7 14.0 3.5 2 1 4 5 5
5031.9 -8948.6 -5.4 267 0 85.0 126.8 14.0 0.0 0 1 4 5 5
5135.3 -8939.1 -5.5 267 0 103.3 126.6 14.0 0.0 0 1 4 2 2
3613.6 -9934.5 -6.5 273 0 13.9 74.9 14.0 3.5 2 1 4 0 0
3867.0 -9982.8 -6.7 5 0 87.7 13.4 10.5 3.5 2 0 3 4 4
3822.2 -10023.4 -6.7 94 0 11.4 87.3 10.5 3.5 2 0 3 3 3
3871.6 -10069.6 -6.2 4 0 60.0 14.6 14.0 3.5 2 0 4 1 1
3999.1 -10064.5 -6.5 94 0 13.2 64.8 10.5 3.5 2 1 3 3 3
3963.0 -10064.2 -6.5 94 0 13.2 64.8 10.5 3.5 2 1 3 1 1
3927.2 -10062.2 -6.5 94 0 13.2 73.6 10.5 3.5 2 1 3 3 3
3999.0 -10078.2 -6.0 274 0 13.2 73.6 14.0 3.5 2 1 4 2 2
3961.5 -10078.2 -6.0 274 0 13.2 73.6 14.0 3.5 4 1 4 2 2
3925.9 -10076.6 -6.0 274 0 13.2 73.6 14.0 3.5 4 1 4 2 2
3741.1 -9974.3 -6.6 184 0 78.5 13.8 14.0 3.5 2 0 4 2 2
3777.7 -10061.2 -6.2 3 0 63.4 10.9 14.0 3.5 4 0 4 4 4
3733.9 -10181.0 -5.9 93 0 13.0 73.8 14.0 3.5 2 1 4 4 4
3767.6 -10191.3 -6.0 93 0 13.0 83.9 14.0 3.5 2 1 4 1 1
3809.5 -10194.5 -6.1 93 0 13.0 83.9 14.0 3.5 2 1 4 4 4
3854.1 -10155.3 -6.1 3 0 83.9 13.0 14.0 3.5 4 0 4 3 3
3887.1 -10115.0 -6.1 273 0 13.0 83.9 14.0 3.5 2 1 4 2 2
3644.4 -9934.4 -6.5 273 0 13.9 74.9 14.0 3.5 2 1 4 5 5
3677.5 -9937.7 -6.5 273 0 13.9 74.9 14.0 3.5 2 1 4 0 0
3715.7 -9976.1 -6.6 3 0 74.9 13.9 14.0 3.5 2 0 4 0 0
3288.3 -7575.5 -1.8 91 0 15.5 51.0 17.5 3.5 2 0 5 0 0
3661.1 -8807.6 -3.8 4 0 51.7 11.2 14.0 3.5 2 0 4 5 5
3567.3 -8826.6 -3.6 94 0 10.9 51.7 14.0 3.5 2 1 4 3 3
3588.9 -8827.9 -3.7 94 0 10.9 51.7 14.0 3.5 2 1 4 0 0
3615.9 -8778.4 -3.6 274 0 9.6 51.7 10.5 3.5 2 1 3 0 0
3636.8 -8779.6 -3.7 274 0 9.6 51.7 10.5 3.5 2 1 3 1 1
3961.4 -9109.8 -5.8 1 0 28.6 9.7 10.5 3.5 2 0 3 3 3
3923.8 -9122.9 -5.7 91 0 9.7 28.6 10.5 3.5 2 1 3 3 3
3944.0 -9109.2 -5.7 1 0 28.6 9.7 10.5 3.5 2 0 3 0 0
3909.2 -9122.0 -5.6 91 0 9.7 28.6 10.5 3.5 2 1 3 3 3
3939.3 -9154.2 -5.7 91 0 9.7 28.6 10.5 3.5 2 1 3 1 1
3924.3 -9153.6 -5.7 91 0 9.7 28.6 10.5 3.5 4 1 3 5 5
3907.7 -9152.9 -5.6 91 0 9.7 28.6 10.5 3.5 2 1 3 1 1
3892.4 -9153.0 -5.7 89 0 10.7 100.0 17.5 3.5 2 1 5 5 5
3936.3 -9165.2 -5.6 271 0 10.2 153.7 14.0 3.5 2 1 4 2 2
3913.4 -9164.5 -5.5 272 0 10.2 155.0 14.0 3.5 2 1 4 1 1
3885.8 -9254.7 -5.4 183 0 126.9 9.0 10.5 3.5 2 0 3 2 2
3944.8 -9359.8 -5.1 274 0 14.8 45.8 14.0 3.5 2 1 4 0 0
3938.9 -9449.1 -5.3 94 0 14.8 34.7 14.0 3.5 2 1 4 5 5
3918.3 -9359.0 -5.3 274 0 14.8 89.5 14.0 3.5 2 1 4 2 2
3329.3 -7455.2 -2.0 180 0 58.6 10.0 10.5 3.5 2 0 3 2 2
3309.2 -7522.3 -1.7 1 0 5.3 36.0 10.5 3.5 2 0 3 0 0
3018.3 -4905.8 -3.3 0 0 99.6 34.9 10.0 0.0 0 0 4 2 2
2517.5 -3802.9 -3.4 90 0 83.9 66.4 12.5 0.0 0 0 5 5 5
2663.9 -4652.0 -3.3 270 0 14.8 55.9 7.5 2.5 2 1 3 5 5
2622.7 -4344.6 -2.5 359 0 30.5 67.0 7.5 0.0 0 1 3 1 1
2623.9 -4420.7 -3.0 359 0 72.4 67.0 10.0 0.0 0 0 4 0 0
2624.2 -4481.7 -3.2 359 0 30.5 66.9 10.0 0.0 0 1 4 3 3
2624.4 -4548.4 -3.6 359 0 71.2 67.0 10.0 0.0 0 0 4 5 5
