-3747.6 1072.2 1.5 269 0 109.5 16.2 17.5 0.0 0 0 5 4 4
-3598.4 1068.4 0.9 271 0 103.9 65.2 17.5 0.0 0 0 5 2 2
-4230.1 1390.7 1.9 271 0 22.1 97.1 10.5 0.0 0 1 3 3 3
-4240.8 1260.2 2.6 181 0 45.0 19.4 10.5 0.0 0 0 3 0 0
-4332.0 1275.8 2.7 269 0 15.8 86.7 14.0 3.5 2 1 4 0 0
-3558.7 2148.7 -5.7 2 0 51.7 15.1 7.5 2.5 2 0 3 2 2
-3584.3 1812.5 -3.4 271 0 15.5 43.1 7.5 2.5 2 1 3 2 2
-2637.4 489.2 -1.5 179 0 51.3 15.8 17.5 3.5 2 0 5 1 1
-2610.8 573.1 -1.5 269 0 28.3 47.1 17.5 0.0 0 1 5 0 0
-2605.8 299.8 -1.8 90 0 14.1 48.7 17.5 3.5 2 1 5 1 1
-2777.1 56.3 -0.7 89 0 13.9 55.9 17.5 3.5 2 1 5 4 4
-2766.5 161.6 -0.9 268 0 13.3 38.5 17.5 3.5 2 1 5 0 0
-2699.2 71.0 -1.3 87 0 14.8 60.5 17.5 3.5 2 1 5 0 0
-2659.0 32.6 -1.5 88 0 13.0 60.6 17.5 3.5 2 1 5 5 5
-2654.7 116.6 -1.5 358 0 32.9 14.7 17.5 3.5 2 0 5 3 3
-2526.0 208.8 -2.2 270 0 13.6 59.4 14.0 3.5 2 1 4 0 0
-2626.3 377.5 -1.7 178 0 43.9 38.6 17.5 0.0 0 0 5 4 4
-2706.0 385.2 -1.4 269 0 14.5 63.8 17.5 3.5 2 1 5 1 1
-2722.2 308.1 -1.5 179 0 13.8 40.0 17.5 3.5 2 1 5 1 1
-4107.3 317.6 -0.7 90 0 13.4 81.1 14.0 3.5 2 1 4 5 5
-4144.3 322.4 -0.7 81 0 11.9 77.2 14.0 3.5 2 1 4 3 3
-4223.8 371.5 -0.7 172 0 56.0 12.0 10.5 3.5 2 0 3 4 4
-3888.4 121.9 -2.7 1 0 94.1 63.3 17.5 0.0 0 0 5 1 1
