6313.4 -4144.9 -3.7 278 0 13.7 84.4 14.0 3.5 2 1 4 4 4
6423.5 -4164.9 -4.0 278 0 11.4 82.0 14.0 0.0 0 1 4 3 3
6291.6 -4251.5 -3.7 188 0 29.5 13.7 14.0 3.5 2 0 4 3 3
6328.7 -4337.5 -3.8 98 0 12.2 40.7 14.0 3.5 2 1 4 0 0
6412.8 -4263.8 -3.9 278 0 11.8 66.0 14.0 3.5 2 1 4 2 2
3297.0 9236.1 -5.8 270 0 12.3 39.9 7.5 2.5 2 0 3 2 2
3347.3 9216.5 -6.0 269 0 17.1 23.2 7.5 2.5 2 1 3 3 3
3625.4 9429.0 -7.3 90 0 41.3 6.1 7.5 2.5 2 0 3 3 3
3593.8 9451.2 -7.2 179 0 43.6 6.8 7.5 2.5 2 0 3 4 4
3591.2 9520.5 -7.3 179 0 91.4 30.4 7.5 0.0 0 0 3 5 5
3664.4 9615.3 -7.5 89 0 23.6 33.1 7.5 0.0 0 1 3 5 5
3611.4 9631.7 -7.4 179 0 29.2 33.7 7.5 0.0 0 0 3 4 4
2014.5 10136.2 -9.6 266 0 21.5 42.1 17.5 3.5 2 1 5 4 4
2016.3 10148.7 -9.8 88 0 20.7 60.8 14.0 0.0 0 1 4 1 1
1963.9 10065.7 -9.4 267 0 11.2 22.3 14.0 3.5 2 1 4 3 3
1923.4 10063.1 -9.4 267 0 11.8 28.2 14.0 3.5 2 1 4 1 1
1990.8 9928.5 -9.1 85 0 14.2 61.6 14.0 3.5 2 1 4 2 2
1966.8 10037.6 -9.3 259 0 13.8 41.6 14.0 3.5 2 1 4 3 3
1927.2 10030.5 -9.3 259 0 15.5 43.6 14.0 3.5 2 1 4 3 3
1883.5 10020.9 -9.3 259 0 14.1 44.5 14.0 3.5 2 1 4 0 0
1839.4 9989.2 -9.2 169 0 42.7 14.6 14.0 3.5 2 0 4 3 3
1957.1 9920.1 -9.0 77 0 13.4 63.0 14.0 3.5 2 1 4 2 2
1919.5 9911.2 -9.0 77 0 15.3 64.0 14.0 3.5 4 1 4 5 5
1887.0 9905.3 -9.0 77 0 29.0 61.4 14.0 0.0 0 1 4 5 5
1842.8 9894.4 -9.0 77 0 13.7 62.5 14.0 3.5 2 1 4 3 3
1806.0 9884.9 -9.0 77 0 14.1 63.5 14.0 3.5 2 1 4 5 5
3318.8 9813.8 -6.5 90 0 118.8 67.3 14.0 0.0 0 0 4 1 1
3539.9 9409.5 -7.1 270 0 97.5 58.5 10.0 0.0 0 0 4 3 3
3471.5 9297.9 -6.5 90 0 10.9 24.2 12.5 2.5 4 1 5 1 1
3547.4 9286.5 -7.1 90 0 106.9 55.4 10.0 0.0 0 0 4 4 4
3431.5 9327.2 -6.4 0 0 11.3 54.7 10.0 2.5 2 1 4 4 4
3432.6 9284.6 -6.4 0 0 54.0 13.5 10.0 2.5 2 0 4 0 0
3415.0 9294.3 -6.3 0 0 15.9 40.1 10.0 2.5 4 1 4 3 3
3394.5 9257.6 -6.3 90 0 49.1 18.6 10.0 2.5 2 0 4 4 4
3355.7 9257.6 -6.0 90 0 28.7 76.1 12.5 0.0 0 0 5 4 4
3438.6 9155.0 -6.4 0 0 64.8 14.6 10.0 2.5 2 0 4 5 5
3405.5 9236.2 -6.3 270 0 37.0 7.4 7.5 2.5 2 0 3 0 0
3437.0 9214.1 -6.4 360 0 44.5 12.9 7.5 2.5 2 0 3 0 0
3348.5 9237.1 -6.0 269 0 42.4 10.6 5.0 2.5 2 0 2 5 5
3319.7 9236.9 -5.9 269 0 15.1 47.8 10.0 2.5 2 0 4 3 3
3419.8 9146.7 -6.3 1 0 76.4 108.2 7.5 0.0 0 1 3 1 1
3566.1 9145.0 -7.2 270 0 106.5 71.5 10.0 0.0 0 0 4 3 3
3482.0 9144.5 -6.7 270 0 61.6 57.6 7.5 0.0 0 0 3 1 1
3450.6 9247.0 -7.1 180 0 55.1 162.3 10.0 0.0 0 0 4 0 0
3532.3 9155.0 -7.1 90 0 162.3 65.0 7.5 0.0 0 0 3 2 2
1666.4 10146.0 -9.8 178 0 33.3 90.9 14.0 0.0 0 1 4 3 3
1804.6 10133.2 -9.9 88 0 80.8 70.2 14.0 0.0 0 0 4 2 2
1962.9 10091.8 -9.6 88 0 58.7 38.4 17.5 0.0 0 0 5 1 1
1884.3 10087.2 -9.6 88 0 74.0 39.9 17.5 0.0 0 0 5 3 3
1802.7 10084.5 -9.6 88 0 68.1 38.2 17.5 0.0 0 0 5 2 2
1667.7 10097.5 -9.7 178 0 37.4 92.1 17.5 0.0 0 1 5 2 2
2527.3 9348.0 -6.8 93 0 12.1 41.3 14.0 3.5 2 1 4 3 3
2522.7 9413.3 -7.0 181 0 29.5 19.4 14.0 0.0 0 0 4 2 2
2699.8 9266.7 -6.4 1 0 39.9 9.8 10.5 3.5 4 0 3 3 3
2703.8 9224.4 -6.3 1 0 19.7 45.7 14.0 3.5 2 1 4 2 2
2558.1 9427.8 -7.0 272 0 14.4 32.7 14.0 3.5 2 1 4 0 0
2554.9 9339.4 -6.8 92 0 14.6 48.9 14.0 3.5 2 1 4 3 3
2655.8 9424.2 -7.0 272 0 8.8 30.2 10.5 3.5 4 1 3 0 0
2618.1 9425.8 -7.0 272 0 8.9 31.3 10.5 3.5 2 1 3 5 5
2613.2 9296.5 -6.6 92 0 8.8 32.9 10.5 3.5 2 1 3 4 4
2660.1 9238.8 -6.4 92 0 9.9 48.8 10.5 3.5 2 1 3 0 0
639.1 9898.5 -9.4 357 0 27.7 53.9 14.0 0.0 0 1 4 2 2
580.4 10011.2 -9.8 267 0 18.1 79.8 14.0 3.5 2 1 4 1 1
1739.4 9338.4 -7.0 261 0 13.5 75.2 10.0 0.0 0 1 4 5 5
1696.0 9331.2 -7.0 261 0 13.5 75.2 10.0 2.5 2 1 4 0 0
1765.9 9223.1 -6.7 351 0 69.4 13.4 10.0 2.5 2 0 4 5 5
1709.6 9213.6 -6.7 171 0 69.4 13.5 10.0 2.5 2 0 4 0 0
1776.0 9135.1 -6.4 82 0 18.0 51.0 10.0 2.5 2 1 4 0 0
1728.0 9125.6 -6.4 82 0 18.0 51.0 7.5 2.5 2 1 3 1 1
5472.4 -2278.7 -1.8 97 0 22.7 97.9 10.5 0.0 0 0 3 1 1
5647.3 -2277.3 -2.2 7 0 16.7 27.9 10.5 3.5 2 1 3 0 0
5332.6 -2238.9 -1.4 97 0 24.4 9.6 10.5 3.5 2 0 3 4 4
5330.5 -2262.7 -1.4 97 0 31.4 5.6 10.5 3.5 4 0 3 1 1
5264.1 -2254.6 -1.2 96 0 29.0 6.0 10.5 3.5 2 0 3 1 1
5305.6 -2259.3 -1.3 96 0 17.9 59.9 10.5 3.5 2 0 3 1 1
5260.2 -2198.4 -1.3 184 0 15.2 39.6 10.5 3.5 2 1 3 3 3
5373.9 -2259.5 -1.5 97 0 15.8 34.7 10.5 3.5 2 0 3 5 5
5410.2 -2211.3 -1.6 7 0 35.0 56.7 10.5 0.0 0 0 3 0 0
5661.5 -2075.4 -2.2 6 0 49.7 15.8 7.5 2.5 2 0 3 4 4
5525.3 -2140.0 -1.9 95 0 13.6 21.8 10.0 2.5 2 1 4 1 1
5440.7 -2052.1 -1.7 97 0 74.2 24.3 7.5 0.0 0 0 3 3 3
5519.5 -2036.0 -1.9 277 0 20.2 8.5 7.5 2.5 2 0 3 5 5
5520.8 -2044.7 -1.9 277 0 15.7 35.2 12.5 2.5 2 0 5 2 2
5509.2 -2133.0 -1.9 97 0 17.9 53.8 10.0 2.5 2 0 4 2 2
5430.7 -2120.1 -1.7 97 0 29.0 51.1 7.5 0.0 0 1 3 1 1
5473.6 -1750.8 -1.8 4 0 24.0 11.5 7.5 2.5 2 0 3 4 4
5424.8 -1759.6 -1.7 94 0 12.2 25.3 10.0 2.5 2 1 4 4 4
5606.3 -1807.0 -2.1 94 0 16.4 99.3 12.5 0.0 0 1 5 5 5
5523.5 -2015.4 -2.0 94 0 75.5 111.9 10.0 0.0 0 1 4 5 5
5526.0 -1884.2 -1.9 94 0 17.4 64.3 12.5 2.5 2 1 5 0 0
5546.9 -1695.4 -2.0 274 0 72.5 108.2 10.0 0.0 0 1 4 1 1
5396.0 -1684.8 -1.7 274 0 176.0 34.2 10.0 0.0 0 0 4 2 2
5328.4 -1762.5 -1.5 94 0 56.0 39.0 7.5 0.0 0 0 3 0 0
5471.3 -1848.8 -1.8 4 0 106.3 114.7 10.0 0.0 0 1 4 4 4
5326.2 -1780.2 -1.4 274 0 53.0 112.6 7.5 0.0 0 1 3 0 0
5370.0 -2003.4 -1.6 94 0 169.0 28.1 12.5 0.0 0 0 5 2 2
5289.6 -1935.4 -1.6 184 0 29.2 171.9 7.5 0.0 0 1 3 4 4
