-4013.0 -2702.4 -0.7 180 0 271.4 99.2 7.5 0.0 0 0 3 0 0
-4614.7 -1681.2 -5.0 87 0 62.6 17.6 10.0 2.5 2 0 4 2 2
-4660.2 -1428.5 -4.9 177 0 77.2 15.4 7.5 2.5 2 0 3 4 4
-4527.9 -1673.4 -4.4 87 0 15.4 66.3 7.5 0.0 0 1 3 5 5
-4657.6 -1349.9 -4.9 87 0 16.1 76.9 7.5 0.0 0 1 3 5 5
-4815.6 -1266.6 -5.6 177 0 21.6 101.9 7.5 0.0 0 1 3 4 4
-4438.7 -1325.3 -4.0 87 0 41.5 58.9 7.5 0.0 0 1 3 2 2
-4199.9 -1430.8 -3.0 177 0 66.7 12.8 7.5 2.5 2 0 3 0 0
-4136.3 -1368.7 -2.9 357 0 15.2 54.7 7.5 0.0 0 1 3 1 1
-4143.6 -1257.6 -2.9 357 0 15.2 40.3 5.0 2.5 2 1 2 5 5
-4227.5 -1315.6 -3.1 177 0 25.3 56.3 7.5 2.5 2 0 3 2 2
-4229.4 -1278.2 -3.1 177 0 49.6 15.9 10.0 2.5 2 0 4 1 1
-4297.7 -1240.5 -3.3 267 0 13.9 90.8 10.0 2.5 2 1 4 1 1
-4297.2 -1433.6 -3.2 177 0 46.6 13.9 5.0 2.5 2 0 2 1 1
-3951.9 -3067.0 -1.7 270 0 14.5 109.9 7.5 2.5 2 1 3 0 0
-4572.7 -3164.5 -1.5 270 0 52.2 64.9 10.0 0.0 0 1 4 0 0
-4389.8 -3390.3 -2.8 180 0 54.4 118.1 10.0 0.0 0 1 4 1 1
-3588.5 -10910.4 -11.9 90 0 15.5 45.3 10.0 2.5 2 1 4 3 3
-3633.0 -10887.6 -12.0 180 0 45.3 15.5 7.5 2.5 2 0 3 4 4
-3588.4 -10844.7 -11.9 90 0 15.5 45.3 10.0 2.5 2 1 4 0 0
-3624.7 -10843.4 -11.9 90 0 15.5 45.3 5.0 2.5 2 1 2 3 3
-3503.9 -10792.3 -11.6 270 0 15.5 51.1 7.5 2.5 2 1 3 3 3
-3545.1 -10791.9 -11.7 270 0 30.3 51.9 7.5 0.0 0 1 3 5 5
-3603.3 -10773.3 -11.8 90 0 56.9 49.6 7.5 0.0 0 0 3 4 4
-3668.2 -10669.3 -11.8 180 0 52.7 7.3 7.5 2.5 2 0 3 1 1
-3654.0 -10737.5 -11.9 0 0 72.2 15.5 10.0 2.5 2 0 4 5 5
-3654.1 -10818.0 -11.9 0 0 51.1 15.5 7.5 2.5 2 0 3 5 5
-3654.8 -10889.0 -12.0 0 0 51.1 15.5 7.5 0.0 0 0 3 3 3
-3835.0 -10374.9 -11.6 90 0 20.2 63.7 10.0 2.5 2 1 4 3 3
-3915.3 -10373.9 -11.8 90 0 20.2 61.7 10.0 2.5 2 1 4 3 3
-3878.4 -10375.1 -11.7 90 0 20.2 63.7 10.0 2.5 2 1 4 1 1
-4613.0 -10742.0 -13.5 90 0 23.9 121.2 10.0 0.0 0 1 4 1 1
-4348.5 -10557.3 -12.8 180 0 46.5 23.9 10.0 0.0 0 0 4 5 5
-4404.3 -10524.0 -12.9 180 0 109.0 23.9 7.5 0.0 0 0 3 5 5
1925.4 6830.0 -8.8 270 0 27.5 57.0 10.0 2.5 2 0 4 0 0
1988.3 6348.7 -8.2 180 0 76.3 25.5 7.5 0.0 0 0 3 0 0
1989.3 6428.9 -8.3 180 0 65.0 26.7 7.5 0.0 0 0 3 3 3
1968.8 6519.9 -8.4 360 0 76.3 28.5 7.5 0.0 0 0 3 1 1
1901.7 6555.7 -8.4 270 0 28.5 76.3 10.0 0.0 0 1 4 1 1
2054.2 6874.6 -8.9 90 0 12.6 117.0 12.5 2.5 4 1 5 5 5
2017.7 6875.2 -8.9 90 0 12.6 117.0 7.5 2.5 2 1 3 4 4
2063.0 6750.9 -8.8 270 0 17.0 72.6 7.5 2.5 2 1 3 3 3
1987.1 6715.1 -8.7 180 0 69.7 21.8 5.0 0.0 0 0 2 0 0
1942.1 7603.6 -9.5 180 0 35.7 14.6 5.0 2.5 2 0 2 4 4
1920.8 7588.2 -9.5 360 0 67.6 30.2 7.5 0.0 0 0 3 1 1
1832.8 7553.9 -9.5 90 0 30.2 67.6 7.5 0.0 0 1 3 0 0
1828.2 7507.3 -9.5 270 0 19.8 67.6 7.5 2.5 2 1 3 3 3
1945.2 7472.7 -9.4 180 0 67.6 10.6 7.5 0.0 0 0 3 1 1
1988.0 7473.3 -9.4 360 0 67.6 10.6 10.0 2.5 2 0 4 3 3
2023.2 7506.7 -9.4 270 0 15.2 67.6 7.5 2.5 4 1 3 5 5
-5142.9 -1172.6 -6.0 271 0 27.2 60.5 7.5 0.0 0 1 3 4 4
-5033.4 -856.8 -6.0 270 0 15.2 77.9 7.5 2.5 2 1 3 4 4
-5080.9 -845.3 -6.1 270 0 56.1 143.6 10.0 0.0 0 1 4 4 4
-5150.3 -844.1 -6.2 270 0 56.1 98.3 10.0 0.0 0 1 4 2 2
-5221.3 -843.3 -6.2 270 0 56.1 98.3 10.0 0.0 0 1 4 3 3
-5481.9 187.1 -4.7 270 0 17.8 28.7 7.5 2.5 2 1 3 4 4
-5450.8 187.2 -4.8 270 0 40.4 16.1 5.0 2.5 2 0 2 5 5
-5438.5 106.3 -4.6 90 0 17.1 62.1 10.0 2.5 4 1 4 4 4
-5396.3 104.8 -4.6 90 0 17.1 62.1 10.0 2.5 2 1 4 3 3
-5326.7 135.6 -4.6 360 0 62.1 19.0 7.5 2.5 2 0 3 4 4
-5220.6 123.0 -4.8 90 0 22.3 18.1 7.5 2.5 2 0 3 3 3
-5292.6 185.3 -4.9 270 0 17.1 62.1 7.5 2.5 2 1 3 1 1
-5250.8 182.9 -4.9 270 0 19.2 62.1 10.0 2.5 4 1 4 5 5
-5187.5 184.9 -5.0 270 0 14.6 62.1 7.5 0.0 0 1 3 3 3
-5061.3 31.8 -5.3 360 0 67.3 24.5 7.5 0.0 0 0 3 3 3
-4259.0 -3287.3 -1.1 270 0 218.9 57.1 12.5 0.0 0 0 5 2 2
-4095.9 -2037.2 -2.8 357 0 48.3 64.5 10.0 0.0 0 1 4 1 1
-4100.8 -1924.0 -2.7 357 0 115.8 64.5 7.5 0.0 0 0 3 5 5
1824.7 10819.4 -13.2 180 0 165.6 119.9 7.5 0.0 0 0 3 2 2
1453.7 10896.6 -13.4 270 0 48.6 100.1 12.5 0.0 0 1 5 4 4
1592.6 10864.5 -13.3 360 0 97.0 83.2 15.0 0.0 0 0 6 3 3
995.5 10899.9 -13.2 360 0 280.0 54.0 10.0 0.0 0 0 4 5 5
868.8 10869.6 -13.2 180 0 268.1 54.0 10.0 0.0 0 0 4 1 1
3165.6 6932.7 -9.5 14 0 68.4 15.8 10.0 2.5 2 0 4 2 2
-5276.2 726.5 -5.8 270 0 80.3 101.3 7.5 0.0 0 1 3 3 3
2444.7 -5363.5 1.2 101 0 13.7 57.7 7.5 2.5 2 1 3 0 0
2405.1 -5357.3 1.4 101 0 13.7 57.7 10.0 2.5 2 1 4 5 5
2366.3 -5348.0 1.6 101 0 13.7 57.7 10.0 2.5 2 1 4 2 2
2308.9 -5308.6 1.9 11 0 57.7 13.6 12.5 2.5 2 0 5 1 1
2257.8 -5327.2 2.1 101 0 13.7 57.7 10.0 2.5 2 1 4 2 2
2220.1 -5319.4 2.3 101 0 13.7 57.7 7.5 2.5 2 1 3 2 2
2270.6 -5343.7 1.5 281 0 13.7 80.6 10.0 2.5 2 1 4 2 2
2307.8 -5352.9 1.3 281 0 13.7 80.6 7.5 0.0 0 1 3 4 4
2348.2 -5360.4 1.1 281 0 13.6 80.6 10.0 2.5 2 1 4 0 0
2387.0 -5366.7 0.9 281 0 13.7 80.6 7.5 2.5 2 1 3 1 1
2426.4 -5373.6 0.7 281 0 13.7 80.6 10.0 2.5 2 1 4 1 1
2466.7 -5380.4 0.6 281 0 13.6 80.6 7.5 2.5 2 1 3 1 1
