-4713.4 5424.8 -3.3 73 0 11.3 21.4 2.5 2.5 2 1 1 3 3
-1542.7 1053.6 -3.2 259 0 288.5 98.8 12.5 0.0 0 0 5 2 2
-1152.6 1148.8 0.8 78 0 7.7 12.3 5.0 0.0 0 1 2 2 2
-1604.2 1178.8 -0.6 170 0 145.3 198.6 12.5 0.0 0 0 5 0 0
-1688.7 1191.7 2.8 79 0 121.0 36.2 10.0 0.0 0 0 4 4 4
-1899.2 929.9 -3.2 80 0 144.7 37.4 10.0 0.0 0 0 4 4 4
-1775.4 905.0 -3.4 79 0 198.4 36.2 10.0 0.0 0 0 4 5 5
-4913.2 5130.4 -6.6 356 0 89.7 20.8 12.5 0.0 0 0 5 1 1
-4866.0 5113.4 -6.8 178 0 13.6 7.2 2.5 2.5 2 0 1 5 5
-5005.1 5082.3 -6.2 177 0 69.1 17.5 10.0 2.5 2 0 4 5 5
-4689.5 6016.7 -5.0 267 0 30.8 27.3 10.0 0.0 0 0 4 3 3
-4660.7 6028.2 -4.9 177 0 27.6 14.8 5.0 2.5 2 0 2 4 4
-4776.3 6089.1 -5.1 356 0 56.1 14.6 7.5 2.5 2 0 3 3 3
-4701.7 5827.0 -5.0 86 0 24.6 131.6 7.5 0.0 0 1 3 0 0
-4731.2 5780.7 -5.5 355 0 54.5 22.0 7.5 2.5 2 0 3 2 2
-4685.9 5783.6 -5.3 356 0 52.9 20.7 10.0 2.5 2 0 4 5 5
-4663.8 5773.1 -5.1 175 0 27.4 48.5 15.0 0.0 0 1 6 5 5
-4615.1 6016.3 -4.9 176 0 55.1 19.5 10.0 2.5 2 0 4 3 3
-4768.6 5983.9 -5.2 175 0 20.6 58.9 7.5 2.5 2 0 3 4 4
-4714.0 6119.9 -5.1 87 0 22.2 42.2 10.0 2.5 2 1 4 2 2
-4685.9 6884.7 -4.1 356 0 20.8 53.6 10.0 2.5 2 0 4 5 5
-4748.3 6869.8 -4.0 86 0 19.5 21.7 10.0 2.5 2 0 4 3 3
-4866.9 6965.8 -5.1 176 0 12.8 22.5 10.0 2.5 2 0 4 3 3
-4868.9 7023.9 -5.6 176 0 103.5 19.7 10.0 0.0 0 0 4 1 1
-5291.1 6633.7 -6.9 180 0 19.1 20.1 7.5 2.5 2 1 3 2 2
-5278.7 6986.6 -8.1 32 0 16.7 9.0 5.0 2.5 2 0 2 3 3
-5046.4 7039.0 -7.3 267 0 19.6 16.4 12.5 2.5 2 0 5 1 1
-5063.7 7135.0 -6.8 311 0 14.4 33.9 7.5 2.5 2 1 3 4 4
-5078.7 6925.5 -7.3 178 0 5.8 14.6 7.5 2.5 2 1 3 3 3
-3559.0 7376.0 -1.7 267 0 59.2 70.0 5.0 0.0 0 1 2 1 1
-5717.5 6862.9 -7.8 255 0 8.3 37.4 5.0 2.5 2 1 2 1 1
-5722.4 6829.2 -7.7 256 0 5.6 7.3 5.0 2.5 2 1 2 2 2
-5676.5 7371.5 -7.3 268 0 17.9 82.7 10.0 0.0 0 1 4 5 5
-5626.2 7386.2 -7.6 87 0 15.7 52.6 10.0 2.5 2 1 4 1 1
-5583.6 7389.7 -7.6 87 0 23.7 59.0 10.0 2.5 2 1 4 3 3
-5583.9 7338.6 -7.7 88 0 15.1 40.0 10.0 2.5 2 1 4 0 0
-5583.1 7329.0 -7.8 268 0 15.6 39.8 10.0 2.5 2 1 4 4 4
-5540.7 7340.9 -7.6 88 0 14.2 40.3 7.5 2.5 2 1 3 3 3
-5540.1 7332.2 -7.7 268 0 13.5 40.3 10.0 2.5 2 1 4 3 3
-5499.6 7382.7 -7.5 267 0 14.5 39.7 10.0 2.5 2 1 4 4 4
-5503.6 7313.6 -7.6 177 0 39.3 15.1 10.0 2.5 4 0 4 4 4
-5457.8 7383.1 -7.5 266 0 15.4 36.3 7.5 2.5 2 1 3 1 1
-5461.7 7317.1 -7.6 177 0 39.9 15.4 5.0 2.5 2 0 2 3 3
-5405.1 7321.3 -7.5 358 0 44.3 14.7 10.0 2.5 4 0 4 1 1
-5480.5 7423.3 -7.4 177 0 56.5 30.6 10.0 0.0 0 0 4 2 2
-5309.0 7544.3 -7.1 355 0 80.5 43.5 7.5 0.0 0 0 3 1 1
-5399.7 7641.2 -7.0 165 0 25.3 48.6 7.5 0.0 0 1 3 2 2
-5655.3 7578.5 -7.3 161 0 13.0 49.1 7.5 0.0 0 1 3 5 5
-5600.5 7554.8 -7.3 342 0 40.1 14.9 10.0 0.0 0 0 4 0 0
-5642.4 7540.9 -7.4 162 0 41.0 14.4 10.0 2.5 2 0 4 3 3
-5634.7 7516.7 -7.4 163 0 10.0 21.5 5.0 2.5 2 0 2 2 2
-5641.6 7502.8 -7.4 343 0 24.5 11.9 10.0 2.5 2 0 4 0 0
-5637.5 7498.4 -7.4 162 0 17.2 36.3 7.5 2.5 4 1 3 4 4
-5592.6 7501.4 -7.4 73 0 7.6 28.8 2.5 2.5 2 1 1 5 5
-5764.7 7421.5 -6.7 266 0 18.5 15.4 10.0 2.5 2 0 4 1 1
-5227.1 7651.0 -6.8 266 0 41.2 15.1 7.5 2.5 2 0 3 0 0
-5254.2 7604.5 -6.9 86 0 19.4 44.5 10.0 2.5 2 0 4 2 2
-5228.7 7595.8 -7.1 266 0 14.6 21.0 10.0 2.5 2 0 4 3 3
-5254.6 7594.1 -7.1 266 0 41.9 27.5 10.0 0.0 0 0 4 5 5
-4876.2 7177.5 -6.7 176 0 188.3 20.5 12.5 0.0 0 0 5 4 4
-4784.8 7282.0 -6.8 87 0 114.5 17.6 10.0 0.0 0 0 4 4 4
-4809.7 7354.3 -6.9 266 0 68.4 18.0 10.0 2.5 2 0 4 0 0
-4874.3 7403.2 -7.4 356 0 55.3 19.4 10.0 2.5 2 0 4 0 0
-4878.6 7470.2 -8.1 356 0 62.4 18.8 7.5 2.5 2 0 3 1 1
-4883.5 7542.8 -8.2 356 0 73.3 18.2 10.0 2.5 2 0 4 4 4
-4889.7 7633.9 -9.3 356 0 37.3 19.3 10.0 0.0 0 0 4 5 5
-4900.5 7721.4 -9.3 356 0 55.2 15.0 7.5 0.0 0 0 3 5 5
-5119.3 7320.0 -7.9 176 0 16.1 69.0 10.0 2.5 4 1 4 4 4
-5333.2 7671.7 -6.7 345 0 36.1 7.4 7.5 0.0 0 0 3 1 1
-5609.3 7608.9 -7.2 164 0 6.9 47.1 7.5 2.5 2 1 3 3 3
-5771.2 7544.0 -7.0 156 0 12.3 62.6 7.5 2.5 2 1 3 1 1
-6060.1 7258.4 -7.5 74 0 41.1 17.2 7.5 2.5 4 0 3 2 2
-5876.8 7195.8 -7.3 252 0 50.9 52.6 10.0 0.0 0 1 4 2 2
-5864.4 7070.2 -7.4 163 0 66.1 42.1 5.0 0.0 0 0 2 0 0
-5909.9 6959.5 -7.3 163 0 66.3 51.4 10.0 0.0 0 0 4 1 1
-4227.1 7388.0 -5.5 266 0 67.1 14.6 10.0 2.5 2 0 4 1 1
-3440.8 8473.7 -5.5 356 0 37.9 17.2 7.5 2.5 2 0 3 5 5
-3418.7 7965.5 -3.0 355 0 20.5 14.3 10.0 2.5 2 0 4 0 0
-3414.3 7977.7 -3.3 173 0 8.3 20.5 7.5 2.5 2 1 3 5 5
-3103.8 7990.1 -5.5 87 0 17.7 40.3 10.0 2.5 2 1 4 3 3
-6027.2 6070.4 -6.5 65 0 31.3 52.0 7.5 0.0 0 1 3 1 1
-6097.1 6208.4 -6.9 245 0 20.0 50.7 7.5 2.5 2 1 3 5 5
-6034.6 6196.0 -6.8 245 0 28.3 73.2 10.0 0.0 0 1 4 4 4
-5913.2 6129.2 -6.4 65 0 23.2 4.6 7.5 2.5 2 0 3 5 5
-5893.4 6223.1 -6.7 156 0 22.6 4.7 7.5 2.5 2 0 3 1 1
-5831.9 6233.6 -6.6 333 0 8.8 6.0 5.0 2.5 2 0 2 3 3
-5856.8 6318.6 -6.9 343 0 7.6 9.2 7.5 2.5 2 1 3 1 1
-6133.0 6233.8 -6.9 66 0 51.9 60.1 7.5 0.0 0 1 3 4 4
-6038.6 6459.9 -7.1 335 0 81.8 24.2 7.5 0.0 0 0 3 2 2
-3026.1 7334.6 0.1 356 0 25.0 12.4 10.0 2.5 2 0 4 2 2
-2898.7 7326.4 -0.7 355 0 26.5 19.4 10.0 2.5 2 0 4 3 3
-2779.9 7091.7 1.4 356 0 68.8 15.2 10.0 2.5 2 0 4 3 3
-5348.5 5820.1 -5.2 357 0 97.0 30.9 7.5 0.0 0 0 3 4 4
-4985.1 5727.1 -4.9 180 0 29.1 12.3 10.0 2.5 2 0 4 5 5
-5365.8 5892.8 -6.8 85 0 15.9 66.3 7.5 0.0 0 1 3 2 2
-4450.6 -7117.8 -7.5 230 0 13.3 111.4 7.5 2.5 4 1 3 2 2
-4382.8 -7128.0 -8.0 320 0 93.7 15.6 5.0 2.5 4 0 2 2 2
-3716.1 9504.1 -7.8 87 0 23.6 159.8 5.0 0.0 0 1 2 2 2
-4062.6 7761.9 -7.5 267 0 12.2 79.9 10.0 2.5 2 1 4 4 4
-4024.7 7764.2 -7.0 267 0 12.2 79.9 7.5 2.5 2 1 3 3 3
-3986.8 7766.0 -6.5 267 0 12.2 79.9 12.5 2.5 2 1 5 3 3
-4067.4 7852.8 -7.4 267 0 12.2 79.9 7.5 2.5 2 1 3 0 0
-4025.8 7855.9 -6.9 267 0 12.2 79.9 12.5 2.5 2 1 5 5 5
-3844.1 7775.0 -4.6 267 0 12.2 79.9 7.5 2.5 4 1 3 3 3
-3800.8 7737.3 -4.1 357 0 79.9 12.2 10.0 2.5 2 0 4 2 2
-3806.0 7829.5 -4.1 357 0 79.9 12.2 7.5 2.5 2 0 3 1 1
-3850.8 7866.3 -4.6 267 0 12.2 79.9 10.0 2.5 4 1 4 2 2
-3887.5 7863.2 -5.0 267 0 11.5 63.0 7.5 2.5 2 1 3 2 2
-3988.6 7798.2 -6.3 87 0 12.0 59.1 10.0 2.5 2 1 4 3 3
-3960.5 7859.0 -6.0 268 0 12.8 44.6 12.5 2.5 2 1 5 0 0
-3926.0 7860.7 -5.5 268 0 12.8 44.6 7.5 2.5 2 1 3 4 4
-3956.2 7710.9 -6.0 179 0 44.6 12.8 10.0 2.5 2 0 4 1 1
-3917.5 7735.6 -5.6 268 0 12.8 44.6 10.0 2.5 4 1 4 5 5
-3887.1 7715.8 -5.1 179 0 44.6 12.8 10.0 2.5 2 0 4 1 1
-4103.3 9485.8 -8.5 88 0 12.9 45.7 7.5 2.5 2 1 3 0 0
-3932.4 9491.8 -8.4 88 0 12.9 43.0 10.0 0.0 0 1 4 2 2
-4052.1 9487.2 -8.1 89 0 12.3 29.6 10.0 2.5 2 1 4 4 4
-3994.7 9489.6 -8.4 89 0 12.3 29.6 10.0 2.5 2 1 4 4 4
-3868.4 9496.7 -8.4 88 0 12.5 63.6 12.5 0.0 0 1 5 4 4
-3803.2 9495.1 -8.2 88 0 12.0 29.9 7.5 2.5 2 1 3 5 5
-3747.9 9512.9 -8.0 358 0 29.9 12.0 10.0 2.5 2 0 4 3 3
-3750.7 9565.4 -8.0 358 0 29.9 12.0 7.5 0.0 0 0 3 2 2
-3802.5 9569.4 -8.2 358 0 43.2 14.5 10.0 2.5 2 0 4 1 1
-3768.8 9650.6 -8.0 269 0 12.4 26.8 7.5 2.5 2 1 3 1 1
-3816.9 9639.7 -8.2 269 0 12.4 26.8 7.5 2.5 2 1 3 2 2
-3865.2 9625.8 -8.4 269 0 12.4 26.8 10.0 2.5 2 1 4 1 1
-3908.9 9611.9 -8.5 269 0 12.4 26.8 12.5 2.5 2 1 5 3 3
-3952.6 9598.5 -8.5 269 0 12.4 26.8 10.0 2.5 2 1 4 4 4
-3995.8 9581.5 -8.5 269 0 12.7 29.0 10.0 2.5 2 1 4 1 1
-4045.1 9562.0 -8.5 269 0 12.7 29.0 10.0 2.5 4 1 4 3 3
-4152.4 9525.6 -8.1 330 0 9.6 15.4 5.0 2.5 2 1 2 4 4
-4287.8 9211.9 -9.7 177 0 54.9 10.0 7.5 0.0 0 0 3 5 5
-4245.0 9186.5 -10.0 87 0 10.0 54.9 7.5 2.5 2 1 3 5 5
-4210.7 9188.3 -10.0 87 0 10.0 54.9 7.5 0.0 0 1 3 2 2
-4290.3 9283.9 -10.0 177 0 54.9 10.0 7.5 2.5 2 0 3 2 2
-4294.8 9347.1 -9.9 177 0 54.9 10.0 7.5 2.5 2 0 3 3 3
-4293.7 9433.4 -9.4 268 0 10.4 51.4 10.0 0.0 0 1 4 5 5
-4261.0 9458.5 -9.4 267 0 11.4 90.1 10.0 2.5 2 1 4 5 5
-4215.9 9387.3 -9.3 358 0 51.4 10.4 7.5 2.5 4 0 3 5 5
-4176.4 9190.5 -9.2 87 0 10.8 69.2 10.0 2.5 2 1 4 3 3
-4138.0 9229.9 -9.3 357 0 74.4 11.0 12.5 2.5 2 0 5 3 3
-4182.4 9320.1 -9.3 357 0 76.2 11.6 7.5 2.5 2 0 3 1 1
-4193.9 9498.7 -9.3 267 0 10.8 69.2 7.5 2.5 4 1 3 5 5
-4151.4 9468.3 -8.5 357 0 69.2 10.8 10.0 2.5 2 0 4 2 2
-4227.7 9478.8 -9.3 267 0 10.8 69.2 7.5 2.5 2 1 3 1 1
-4186.0 9396.4 -9.2 358 0 51.4 10.4 10.0 2.5 2 0 4 1 1
-4153.0 9390.9 -9.2 357 0 63.2 10.7 10.0 2.5 2 0 4 5 5
-4147.7 9309.7 -9.2 357 0 61.6 10.8 10.0 2.5 2 0 4 4 4
-4260.8 9325.5 -9.5 177 0 61.6 10.8 10.0 2.5 2 0 4 3 3
-4225.4 9290.2 -9.3 178 0 33.4 12.2 10.0 2.5 2 0 4 1 1
-4230.6 9265.3 -9.3 177 0 15.6 18.3 10.0 2.5 4 1 4 4 4
-4530.9 9220.6 -6.9 268 0 11.9 30.8 7.5 2.5 2 1 3 5 5
-4447.7 9181.2 -7.7 87 0 12.5 47.1 10.0 2.5 2 1 4 0 0
-4332.3 9226.8 -8.9 357 0 75.5 12.9 5.0 2.5 2 0 2 4 4
-4384.2 9353.9 -9.1 266 0 13.0 67.3 10.0 2.5 2 1 4 0 0
-4417.3 9330.8 -8.7 268 0 12.2 45.8 7.5 2.5 2 1 3 0 0
-4338.3 9335.2 -9.9 358 0 91.7 12.4 7.5 2.5 2 0 3 5 5
-4642.5 9157.3 -7.7 35 0 18.9 26.3 10.0 2.5 2 1 4 0 0
-4682.9 9112.1 -7.8 1 0 15.9 11.6 5.0 2.5 4 0 2 0 0
-4711.2 9204.0 -8.1 270 0 7.2 26.1 7.5 2.5 2 1 3 3 3
-4737.9 9231.8 -8.2 269 0 10.9 19.0 7.5 2.5 2 1 3 1 1
-4762.7 9214.8 -8.3 269 0 10.9 19.0 2.5 2.5 2 1 1 5 5
-4820.3 8965.8 -8.3 77 0 10.3 26.9 12.5 2.5 2 1 5 1 1
-4741.8 9116.3 -8.0 90 0 12.8 48.2 10.0 2.5 4 1 4 0 0
-4793.9 9173.4 -8.3 201 0 35.6 10.6 7.5 2.5 4 0 3 5 5
-4740.0 9044.4 -8.0 9 0 40.1 20.8 15.0 2.5 2 0 6 1 1
-4706.3 8983.0 -7.8 183 0 9.0 26.5 7.5 2.5 2 1 3 0 0
-4665.1 8980.9 -7.6 92 0 8.0 9.1 5.0 2.5 2 1 2 1 1
-4636.4 8956.1 -7.4 90 0 12.4 48.1 7.5 2.5 2 1 3 4 4
-4573.9 8953.3 -7.1 90 0 12.4 48.1 15.0 0.0 0 1 6 3 3
-4513.6 8949.3 -6.9 90 0 12.4 48.1 7.5 2.5 2 1 3 2 2
-4451.0 8945.6 -6.0 90 0 12.4 48.1 7.5 2.5 2 1 3 0 0
-4390.8 8942.2 -6.7 90 0 12.4 48.1 10.0 2.5 2 1 4 4 4
-4362.5 8983.5 -7.1 360 0 5.2 5.9 7.5 2.5 2 1 3 5 5
-4320.0 8965.6 -7.7 357 0 36.5 11.0 10.0 2.5 2 0 4 5 5
-4323.0 9015.4 -8.0 357 0 36.5 11.0 7.5 2.5 4 0 3 4 4
-4327.8 9107.6 -8.4 359 0 54.2 11.5 10.0 2.5 2 0 4 3 3
-4387.1 9121.3 -8.0 266 0 25.5 13.8 5.0 2.5 4 0 2 5 5
-4434.2 9121.0 -7.1 268 0 13.7 55.6 7.5 2.5 2 1 3 3 3
-4437.3 9012.9 -6.4 89 0 12.3 37.4 7.5 0.0 0 1 3 0 0
-4595.3 9020.0 -7.3 89 0 10.4 31.9 7.5 2.5 2 1 3 0 0
-4542.7 9014.4 -7.1 89 0 10.4 31.9 7.5 2.5 2 1 3 4 4
-4732.2 6785.5 -5.2 265 0 16.8 89.7 7.5 2.5 2 1 3 4 4
-4694.4 6788.3 -4.9 266 0 16.6 86.9 7.5 2.5 2 1 3 3 3
-4660.3 6749.3 -4.8 175 0 87.7 16.9 7.5 2.5 4 0 3 0 0
-4731.8 6631.0 -4.5 175 0 89.7 16.8 10.0 2.5 2 0 4 0 0
-4769.6 6627.5 -4.8 175 0 89.7 16.8 10.0 2.5 2 0 4 4 4
-4795.0 6580.3 -5.1 85 0 16.7 89.7 15.0 0.0 0 1 6 5 5
-4723.8 6519.4 -2.5 175 0 89.7 16.8 10.0 2.5 2 0 4 2 2
-4750.5 6473.0 -2.4 85 0 16.7 89.7 12.5 2.5 4 1 5 4 4
-4790.7 6470.6 -2.4 85 0 16.7 89.7 7.5 2.5 2 1 3 2 2
-4828.8 6470.1 -3.9 85 0 16.7 89.7 15.0 2.5 2 1 6 0 0
-4832.6 6689.2 -5.6 85 0 19.1 71.7 10.0 2.5 2 1 4 4 4
-4657.3 6420.8 -0.1 152 0 101.2 15.0 12.5 2.5 2 0 5 5 5
-4709.1 6452.3 0.2 242 0 15.0 101.2 10.0 2.5 2 1 4 5 5
-4745.2 6433.7 -1.3 242 0 15.0 101.2 12.5 2.5 2 1 5 3 3
-4780.7 6415.5 -3.4 242 0 15.0 101.2 12.5 0.0 0 1 5 1 1
-4788.1 6354.8 -4.8 331 0 90.3 14.3 7.5 2.5 2 0 3 0 0
-4673.7 6282.8 -1.4 152 0 86.3 15.4 15.0 2.5 2 0 6 0 0
-4635.5 6294.7 -1.3 152 0 101.2 15.0 10.0 2.5 2 0 4 4 4
-4617.2 6363.6 0.0 241 0 14.1 74.8 10.0 2.5 2 1 4 1 1
-4679.3 6255.4 -1.3 335 0 14.4 10.0 5.0 2.5 2 0 2 1 1
-4753.5 6291.9 -2.1 266 0 17.0 57.5 10.0 2.5 2 1 4 1 1
-4780.0 6233.2 -2.9 87 0 26.5 22.3 10.0 2.5 2 0 4 4 4
-4815.1 6279.7 -4.4 266 0 17.4 50.9 12.5 2.5 2 1 5 4 4
-4743.2 6451.8 -2.8 357 0 12.5 51.9 12.5 2.5 2 0 5 2 2
-4352.1 6261.8 -2.6 81 0 14.9 154.6 10.0 0.0 0 1 4 2 2
-4392.6 6258.5 -1.4 82 0 15.1 80.8 10.0 2.5 2 1 4 2 2
-4431.2 6255.9 -1.2 82 0 14.9 80.8 7.5 2.5 2 1 3 3 3
-4471.8 6251.8 -1.3 82 0 15.0 75.6 10.0 2.5 4 1 4 0 0
-4483.8 6337.1 -0.0 82 0 14.2 59.7 12.5 2.5 2 1 5 2 2
-4444.4 6343.8 -0.6 82 0 14.2 59.7 7.5 2.5 2 1 3 3 3
-4405.0 6349.9 -1.4 82 0 14.2 59.7 7.5 2.5 4 1 3 3 3
-4450.7 6412.2 -1.4 81 0 102.8 13.2 10.0 2.5 2 0 4 4 4
-4458.1 6432.2 -0.7 81 0 15.0 58.2 10.0 2.5 2 1 4 1 1
-4420.5 6439.6 -1.3 81 0 15.0 58.2 10.0 2.5 2 1 4 5 5
-4498.6 6426.2 -0.2 81 0 15.0 58.2 10.0 2.5 2 1 4 1 1
-4402.0 6565.4 -2.2 260 0 14.3 123.1 7.5 0.0 0 1 3 2 2
-4432.0 6508.8 -1.9 80 0 12.9 48.7 10.0 2.5 2 1 4 5 5
-4469.8 6502.4 -2.6 80 0 14.1 79.7 15.0 2.5 2 1 6 0 0
-4511.1 6496.3 -1.8 81 0 15.4 50.3 10.0 2.5 2 1 4 5 5
-4551.7 6470.7 -1.3 170 0 106.0 14.8 10.0 2.5 2 0 4 5 5
-4370.8 6647.9 -3.9 260 0 14.1 67.0 15.0 2.5 2 1 6 0 0
-4369.6 6735.6 -4.6 357 0 29.8 38.6 10.0 0.0 0 1 4 0 0
-4566.5 6743.0 -4.9 86 0 20.1 56.4 10.0 2.5 2 1 4 3 3
3870.0 10764.6 -11.8 266 0 112.6 40.6 12.5 0.0 0 0 5 3 3
-4540.8 -2819.0 -0.6 318 0 40.3 10.8 7.5 2.5 2 0 3 3 3
-1808.9 5534.5 -2.6 86 0 10.2 68.2 12.5 2.5 2 1 5 4 4
-1879.5 5456.1 -1.9 87 0 11.9 57.8 10.0 2.5 2 1 4 3 3
-1814.5 5627.5 -1.4 87 0 11.2 48.1 12.5 2.5 2 1 5 0 0
-1855.1 5672.8 -0.7 267 0 11.4 47.9 7.5 2.5 2 1 3 5 5
-1846.3 5532.2 -2.3 86 0 11.1 67.8 10.0 2.5 2 1 4 0 0
-1841.5 5458.3 -2.4 88 0 11.9 58.7 10.0 2.5 2 1 4 5 5
-1884.2 5529.9 -1.8 86 0 11.5 67.6 12.5 2.5 2 1 5 1 1
-1803.5 5460.9 -2.1 86 0 11.3 57.7 12.5 2.5 4 1 5 0 0
-1892.8 5670.1 -0.5 267 0 10.8 47.4 7.5 2.5 2 1 3 3 3
-2043.6 -380.5 0.4 354 0 100.9 52.3 10.0 0.0 0 0 4 3 3
-1176.8 348.8 -6.0 357 0 97.7 24.0 10.0 0.0 0 0 4 5 5
-1148.3 188.7 -2.1 177 0 68.2 39.6 10.0 0.0 0 0 4 2 2
-2337.6 1698.1 -0.6 251 0 23.5 38.2 10.0 0.0 0 1 4 4 4
-2589.5 3143.6 -0.5 247 0 12.4 91.5 10.0 2.5 2 1 4 0 0
-2495.3 3104.9 -0.2 351 0 91.1 25.8 12.5 0.0 0 0 5 4 4
-2623.6 3226.4 -0.9 171 0 87.3 25.7 12.5 0.0 0 0 5 0 0
-2620.8 3404.0 -1.0 260 0 10.3 186.5 12.5 0.0 0 1 5 1 1
-2530.4 3305.4 0.3 350 0 228.6 26.4 7.5 0.0 0 0 3 1 1
-1700.8 1020.2 0.7 259 0 14.6 18.9 10.0 2.5 2 0 4 5 5
-1761.7 953.3 -1.0 80 0 36.6 11.2 10.0 2.5 2 0 4 4 4
-1745.9 1012.2 1.6 259 0 11.5 11.4 5.0 2.5 2 0 2 3 3
-2073.1 798.0 -2.2 81 0 34.8 12.8 12.5 2.5 2 0 5 2 2
-2090.8 760.4 -1.8 81 0 62.2 16.9 7.5 2.5 2 0 3 0 0
-2156.2 747.4 -1.2 80 0 44.0 18.5 7.5 2.5 2 0 3 0 0
-1929.1 1096.2 4.4 80 0 43.7 39.7 10.0 0.0 0 0 4 5 5
-1868.6 1128.5 4.9 349 0 43.9 24.3 15.0 0.0 0 0 6 2 2
-1816.2 1147.7 5.6 259 0 60.0 31.2 10.0 0.0 0 0 4 4 4
-1365.9 1229.8 0.8 170 0 21.9 43.2 10.0 0.0 0 1 4 4 4
-1218.5 1271.4 2.3 171 0 24.8 6.1 5.0 2.5 2 0 2 5 5
-1167.1 1003.7 -1.9 80 0 17.7 55.8 12.5 2.5 2 0 5 0 0
-2035.8 934.1 -2.8 171 0 29.5 9.1 7.5 0.0 0 0 3 1 1
-5417.8 6289.9 -6.2 162 0 36.5 12.2 5.0 2.5 2 0 2 2 2
-5434.6 6341.9 -6.4 163 0 45.5 12.8 10.0 2.5 2 0 4 0 0
-5450.4 6391.1 -6.5 161 0 36.5 12.2 10.0 2.5 2 0 4 1 1
-5444.7 6314.2 -6.3 343 0 34.8 11.9 10.0 2.5 2 0 4 4 4
-5459.1 6364.8 -6.5 344 0 48.0 12.1 10.0 2.5 4 0 4 1 1
-5470.3 6408.9 -6.6 342 0 29.4 11.3 10.0 2.5 2 0 4 5 5
-5487.4 6341.5 -6.5 344 0 72.9 11.3 10.0 2.5 2 0 4 3 3
-5540.3 6378.3 -6.6 254 0 11.3 72.9 10.0 0.0 0 1 4 0 0
-5580.2 6385.6 -6.6 254 0 11.3 72.9 15.0 2.5 2 1 6 2 2
-5603.4 6330.5 -6.6 76 0 11.5 47.4 7.5 2.5 2 1 3 1 1
-5503.6 6414.1 -6.6 342 0 29.4 11.3 10.0 2.5 2 0 4 4 4
-5536.2 6418.9 -6.7 342 0 29.4 11.3 7.5 2.5 2 0 3 1 1
-5566.5 6416.8 -6.7 342 0 29.4 11.3 7.5 2.5 2 0 3 4 4
-5591.1 6452.2 -6.9 163 0 36.0 11.5 10.0 0.0 0 0 4 3 3
-5610.4 6497.6 -7.0 163 0 36.0 11.5 10.0 2.5 4 0 4 5 5
-5624.2 6563.0 -7.2 252 0 11.5 36.0 12.5 2.5 2 1 5 4 4
-5430.9 6241.2 -6.1 356 0 77.6 11.9 10.0 2.5 2 0 4 2 2
-5471.4 6198.9 -6.1 87 0 12.6 35.1 10.0 2.5 2 1 4 3 3
-5475.0 6281.7 -6.2 267 0 12.7 35.1 7.5 2.5 4 1 3 5 5
-5517.4 6286.9 -6.3 267 0 12.4 39.8 7.5 2.5 2 1 3 1 1
-5512.4 6195.7 -6.1 87 0 12.4 39.8 10.0 2.5 2 1 4 5 5
-5550.8 6194.1 -6.2 87 0 12.4 39.8 7.5 2.5 4 1 3 5 5
-5590.3 6191.2 -6.2 87 0 12.4 39.8 10.0 2.5 2 1 4 0 0
-5622.9 6189.5 -6.3 87 0 12.4 39.8 10.0 2.5 2 1 4 4 4
-5657.5 6187.4 -6.3 87 0 12.4 39.8 10.0 2.5 2 1 4 5 5
-5627.7 6320.7 -6.5 280 0 10.6 71.8 7.5 2.5 2 1 3 2 2
-5592.6 6308.6 -6.5 280 0 12.6 60.6 7.5 2.5 2 1 3 0 0
-5553.0 6296.5 -6.4 279 0 11.4 47.3 10.0 2.5 2 1 4 0 0
-5686.8 6263.5 -6.5 76 0 11.8 35.6 7.5 2.5 2 1 3 3 3
-5708.6 6327.0 -6.7 163 0 46.7 12.2 10.0 2.5 2 0 4 1 1
-5724.5 6380.8 -6.9 163 0 46.7 12.2 7.5 2.5 2 0 3 0 0
-5686.3 6387.7 -6.9 164 0 72.3 13.3 12.5 2.5 2 0 5 2 2
-5639.9 6415.0 -6.8 343 0 46.7 12.2 10.0 2.5 2 0 4 4 4
-5712.4 6476.9 -7.1 163 0 46.7 12.2 7.5 2.5 2 0 3 4 4
-5737.8 6468.2 -7.1 343 0 46.7 12.2 10.0 2.5 2 0 4 4 4
-5766.4 6545.2 -7.3 253 0 12.2 46.7 7.5 2.5 2 1 3 3 3
-5728.6 6548.7 -7.3 253 0 12.3 41.2 7.5 2.5 2 1 3 2 2
-5670.1 6513.2 -7.2 344 0 73.3 12.0 7.5 2.5 2 0 3 0 0
-5630.5 6467.2 -6.9 254 0 9.4 17.8 7.5 2.5 4 1 3 5 5
-5639.5 6519.4 -7.1 343 0 34.2 9.9 7.5 2.5 2 0 3 2 2
-5732.6 6646.5 -7.6 343 0 65.1 22.3 7.5 2.5 2 0 3 3 3
-5704.3 6185.9 -6.3 73 0 11.9 27.1 7.5 2.5 2 1 3 3 3
-5724.5 6235.5 -6.5 163 0 27.1 11.9 7.5 0.0 0 0 3 1 1
-5736.1 6276.3 -6.6 163 0 27.1 11.9 12.5 2.5 2 0 5 2 2
-5746.6 6320.1 -6.7 163 0 27.1 11.9 10.0 0.0 0 0 4 4 4
-5760.3 6361.3 -6.9 163 0 27.1 11.9 5.0 2.5 2 0 2 3 3
-5786.9 6452.8 -7.1 163 0 27.1 11.9 7.5 2.5 2 0 3 3 3
-5798.8 6492.5 -7.2 163 0 27.1 11.9 7.5 2.5 4 0 3 1 1
-5810.0 6531.3 -7.4 163 0 27.1 11.9 15.0 0.0 0 0 6 5 5
-5768.8 6405.7 -7.0 74 0 12.2 22.4 7.5 2.5 2 1 3 4 4
-5805.0 6337.6 -6.8 163 0 27.1 11.9 5.0 2.5 2 0 2 5 5
-5792.8 6291.3 -6.7 165 0 34.5 12.6 10.0 2.5 2 0 4 3 3
-5778.3 6244.2 -6.6 165 0 34.5 12.6 10.0 2.5 2 0 4 0 0
-5752.6 6182.4 -6.4 75 0 12.6 34.5 10.0 0.0 0 1 4 4 4
-5833.0 6429.5 -7.1 165 0 34.5 12.6 10.0 2.5 2 0 4 2 2
-5847.2 6476.0 -7.3 165 0 34.5 12.6 10.0 2.5 2 0 4 1 1
-5863.0 6525.2 -7.4 165 0 34.5 12.6 7.5 2.5 2 0 3 5 5
-5821.1 6387.2 -7.0 163 0 27.1 11.9 7.5 0.0 0 0 3 0 0
-5290.6 6907.7 -7.8 20 0 14.1 18.8 10.0 2.5 4 1 4 0 0
-5287.8 6976.5 -8.2 288 0 14.6 11.6 2.5 2.5 2 0 1 2 2
-5283.2 6946.6 -8.1 10 0 7.8 10.7 2.5 2.5 2 1 1 1 1
-3746.2 4385.8 -3.2 91 0 35.8 120.1 7.5 0.0 0 1 3 3 3
-4087.4 4617.8 -4.4 181 0 77.1 15.0 7.5 2.5 2 0 3 5 5
-4051.1 4626.8 -3.9 181 0 59.7 12.4 10.0 2.5 2 0 4 5 5
-4011.7 4656.7 -3.3 271 0 12.4 59.7 10.0 2.5 2 1 4 1 1
-3482.1 4689.4 -1.3 273 0 36.5 12.4 7.5 2.5 2 0 3 5 5
-3527.2 4691.6 -1.0 273 0 36.4 12.4 10.0 2.5 2 0 4 3 3
-3572.7 4693.7 -1.8 273 0 36.4 12.4 7.5 2.5 2 0 3 2 2
-3617.6 4696.5 -2.4 273 0 36.4 12.4 7.5 2.5 4 0 3 2 2
-3663.3 4698.7 -2.4 273 0 36.4 12.4 7.5 2.5 2 0 3 0 0
-3426.9 4384.6 -2.3 76 0 13.5 37.5 7.5 2.5 2 1 3 0 0
-3439.0 4436.2 -2.4 76 0 13.6 37.5 10.0 2.5 2 1 4 0 0
-3453.7 4488.8 -2.5 76 0 13.5 37.5 7.5 2.5 2 1 3 2 2
-3428.3 4497.0 -2.4 76 0 13.5 37.5 10.0 2.5 2 1 4 3 3
-3401.0 4504.0 -2.1 76 0 13.5 37.5 12.5 2.5 2 1 5 2 2
-3387.7 4449.9 -1.9 76 0 13.5 37.5 10.0 2.5 2 1 4 2 2
-3374.8 4397.0 -1.8 76 0 13.5 37.5 10.0 2.5 2 1 4 0 0
-3399.5 4390.7 -2.0 76 0 13.5 37.5 7.5 0.0 0 1 3 1 1
-3413.9 4442.9 -2.2 76 0 13.5 37.5 7.5 2.5 4 1 3 0 0
-3868.2 4385.8 -3.6 91 0 35.8 120.1 15.0 0.0 0 1 6 1 1
-3806.6 4384.6 -3.4 91 0 35.8 120.1 7.5 0.0 0 1 3 3 3
-3928.9 4383.7 -3.8 91 0 35.8 86.7 10.0 0.0 0 1 4 3 3
-3667.3 8313.7 -5.4 172 0 56.3 17.0 12.5 2.5 2 0 5 4 4
-3684.6 8310.5 -4.8 353 0 55.9 16.8 12.5 2.5 2 0 5 4 4
