-4107.9 -1884.6 -1.3 73 0 15.9 33.9 5.0 2.5 2 1 2 2 2
-1793.5 -6736.3 -0.8 345 0 37.5 17.9 10.0 2.5 2 0 4 5 5
-2393.9 -6849.7 -1.4 84 0 16.5 45.4 10.5 3.5 2 1 3 4 4
-2403.6 -6794.1 -1.7 353 0 8.7 51.4 10.5 3.5 2 1 3 4 4
-2497.6 -6752.6 -2.9 263 0 16.6 49.8 10.5 3.5 2 1 3 1 1
-2553.5 -6785.4 -3.2 172 0 66.3 15.9 10.5 0.0 0 0 3 1 1
-2547.0 -6844.2 -3.3 172 0 25.6 24.0 10.5 0.0 0 0 3 2 2
-900.0 662.4 -1.0 271 0 91.8 145.8 10.0 0.0 0 1 4 1 1
-1011.5 167.3 -1.9 180 0 34.4 6.8 2.5 2.5 2 0 1 4 4
-986.7 168.2 -1.9 180 0 36.4 15.8 7.5 0.0 0 0 3 4 4
-979.4 271.9 -1.8 270 0 50.6 74.7 10.0 0.0 0 1 4 0 0
-540.4 38.7 -2.2 90 0 35.4 167.3 7.5 0.0 0 0 3 4 4
-539.4 14.5 -2.3 90 0 33.4 24.2 10.0 0.0 0 0 4 2 2
-592.8 38.9 -2.2 90 0 36.0 166.6 7.5 0.0 0 1 3 3 3
-669.1 264.4 -1.7 270 0 43.0 14.1 5.0 2.5 2 0 2 0 0
-669.2 250.3 -2.2 270 0 43.0 215.2 7.5 0.0 0 0 3 0 0
-724.3 -8.7 -2.5 270 0 375.5 58.1 7.5 0.0 0 0 3 2 2
-93.3 -99.3 -0.6 180 0 119.5 55.5 10.0 0.0 0 0 4 2 2
-368.6 -193.1 -3.1 0 0 216.8 61.9 7.5 0.0 0 0 3 1 1
-3785.3 -2360.3 -1.9 347 0 41.8 9.5 7.5 2.5 2 0 3 0 0
-3790.6 -2379.6 -1.8 347 0 6.5 35.0 7.5 2.5 2 0 3 1 1
-3856.9 -2376.9 -1.9 167 0 41.3 29.0 10.0 0.0 0 0 4 4 4
-3872.7 -2310.0 -1.7 167 0 58.6 22.5 7.5 2.5 2 0 3 0 0
-3797.0 -2292.6 -1.8 347 0 61.6 12.4 7.5 2.5 2 0 3 0 0
-3601.7 -2334.8 -1.9 77 0 37.9 100.5 7.5 0.0 0 1 3 5 5
-3486.4 -2385.7 -1.8 347 0 101.3 81.2 7.5 0.0 0 0 3 3 3
-3808.6 -2210.8 -1.3 252 0 197.7 33.3 15.0 0.0 0 0 6 0 0
