222.0 8458.0 -5.9 4 0 73.9 178.6 10.0 0.0 0 1 4 1 1
-6101.4 4692.7 -6.0 264 0 7.7 36.5 5.0 2.5 2 1 2 0 0
-6147.1 4905.3 -5.7 264 0 12.8 89.2 10.0 2.5 2 1 4 0 0
-6871.6 8972.6 -11.2 355 0 29.0 12.3 10.0 2.5 2 0 4 2 2
-6830.4 8839.6 -11.0 83 0 11.9 50.2 7.5 2.5 2 1 3 1 1
-5276.7 2514.4 -2.4 264 0 108.0 13.4 14.0 3.5 2 0 4 1 1
-6891.0 5315.0 -6.8 176 0 48.0 10.9 7.5 2.5 2 0 3 3 3
-6813.6 5498.8 -6.8 266 0 11.4 53.4 7.5 0.0 0 1 3 5 5
-6855.5 5493.8 -6.9 265 0 14.5 55.7 5.0 2.5 2 1 2 4 4
-6051.3 4608.0 -5.9 84 0 10.1 36.1 12.5 2.5 2 1 5 5 5
-6051.9 4680.4 -6.0 354 0 35.9 11.5 10.0 2.5 2 0 4 5 5
-6877.1 8871.5 -11.1 174 0 24.5 34.6 10.0 0.0 0 1 4 4 4
-6054.9 4791.6 -5.4 354 0 8.9 71.5 7.5 2.5 2 1 3 2 2
-6876.2 9020.4 -11.3 356 0 28.2 11.4 7.5 2.5 2 0 3 5 5
-5566.6 2220.4 -4.9 173 0 82.2 28.6 14.0 0.0 0 0 4 2 2
-6899.9 5493.7 -7.0 266 0 10.4 60.5 10.0 2.5 2 1 4 2 2
-6897.4 5380.1 -6.9 176 0 60.0 10.4 10.0 2.5 2 0 4 1 1
-4979.5 2999.0 -3.7 355 0 100.4 60.9 10.0 0.0 0 0 4 0 0
-6845.0 5392.5 -6.8 356 0 52.1 10.6 10.0 2.5 2 0 4 0 0
-5204.3 3003.9 -4.3 175 0 52.6 18.0 5.0 2.5 2 0 2 3 3
-6840.9 5297.3 -6.7 85 0 11.5 53.5 7.5 2.5 2 1 3 4 4
-5137.6 3009.2 -4.0 175 0 49.8 23.5 7.5 2.5 2 0 3 4 4
-6548.1 -4399.0 -1.1 265 0 10.6 42.9 17.5 3.5 2 0 5 3 3
-6530.6 -4580.5 -1.3 85 0 13.4 44.2 17.5 3.5 2 0 5 1 1
-6728.9 -4358.1 -4.2 265 0 10.3 80.2 14.0 3.5 2 1 4 0 0
-6752.7 -4474.9 -5.6 85 0 10.7 31.6 14.0 3.5 2 1 4 2 2
-6765.4 -4361.2 -5.4 265 0 10.3 80.2 14.0 3.5 2 1 4 0 0
-6802.7 -4364.1 -7.0 264 0 10.2 80.2 14.0 3.5 2 1 4 3 3
-6828.8 -4478.0 -8.8 85 0 10.3 29.7 14.0 3.5 2 0 4 0 0
-6839.3 -4368.5 -8.6 265 0 10.3 80.2 14.0 3.5 2 0 4 2 2
-6863.7 -4514.9 -8.1 85 0 9.4 141.6 10.5 3.5 2 1 3 5 5
-6913.5 -4376.1 -6.9 265 0 9.4 143.0 10.5 3.5 4 1 3 5 5
-6789.5 -4478.3 -7.2 85 0 10.7 31.6 14.0 3.5 4 1 4 4 4
-6820.8 -4510.0 -9.0 85 0 10.8 31.6 14.0 3.5 2 1 4 3 3
-6781.8 -4549.5 -8.0 265 0 10.7 31.6 14.0 3.5 2 1 4 1 1
-6820.5 -4523.3 -9.2 265 0 10.7 31.6 14.0 3.5 2 1 4 0 0
-6811.8 -4666.7 -9.9 85 0 11.4 110.0 14.0 3.5 2 1 4 0 0
-6858.9 -4528.0 -8.5 265 0 12.3 60.4 14.0 3.5 2 0 4 1 1
-6847.2 -4669.1 -8.8 84 0 12.8 81.1 14.0 3.5 2 0 4 1 1
-6887.3 -4673.8 -7.6 85 0 10.0 142.7 14.0 3.5 2 1 4 5 5
-6936.6 -4534.2 -6.4 264 0 10.0 142.7 10.5 3.5 2 1 3 2 2
-3537.3 -7118.9 -6.3 175 0 216.3 381.1 14.0 0.0 0 1 4 0 0
-3584.4 -6571.0 -3.9 175 0 131.0 388.8 14.0 0.0 0 1 4 3 3
-6657.3 -4339.6 -2.8 85 0 12.7 50.2 14.0 3.5 2 1 4 0 0
-6699.5 -4344.2 -2.7 85 0 12.7 50.2 14.0 3.5 2 1 4 2 2
-6715.5 -4152.5 -2.8 265 0 10.0 55.8 10.5 3.5 2 1 3 3 3
-6750.1 -4156.1 -2.7 265 0 10.0 55.8 10.5 3.5 2 1 3 3 3
-6737.7 -4125.1 -2.8 265 0 49.0 14.5 14.0 3.5 2 0 4 3 3
-6842.0 -4124.7 -5.8 265 0 142.5 8.2 10.5 3.5 2 0 3 5 5
-6783.1 -4140.7 -3.5 265 0 11.3 74.8 14.0 0.0 0 1 4 2 2
-6818.5 -4143.8 -5.1 265 0 11.3 74.8 14.0 3.5 2 1 4 0 0
-6856.4 -4147.0 -6.8 265 0 11.3 74.8 14.0 3.5 2 1 4 5 5
-6893.3 -4150.4 -6.9 265 0 11.3 74.8 14.0 0.0 0 1 4 4 4
-6932.7 -4189.5 -5.9 175 0 79.3 11.3 14.0 0.0 0 0 4 3 3
-6734.9 -4345.8 -3.5 85 0 9.9 129.8 10.5 3.5 2 1 3 1 1
-6768.9 -4348.9 -4.8 85 0 9.9 129.8 10.5 3.5 2 1 3 2 2
-6803.2 -4352.8 -6.3 85 0 9.9 129.8 10.5 3.5 2 1 3 3 3
-6840.3 -4355.0 -8.0 85 0 9.9 129.8 10.5 3.5 2 1 3 2 2
-6879.4 -4359.9 -7.4 85 0 10.4 57.4 14.0 3.5 2 1 4 1 1
-6916.6 -4363.0 -6.3 85 0 10.3 57.4 14.0 3.5 2 1 4 3 3
-6816.9 -4725.0 -9.8 84 0 60.4 13.7 14.0 3.5 2 0 4 0 0
-6874.0 -4732.1 -8.1 85 0 11.1 45.0 14.0 3.5 2 1 4 2 2
-6912.1 -4735.1 -7.0 84 0 11.0 45.0 14.0 3.5 2 1 4 3 3
-6884.5 -1774.3 -3.5 169 0 166.2 7.2 10.5 3.5 2 0 3 3 3
-5474.7 -4730.9 -2.5 266 0 12.6 18.9 17.5 0.0 0 1 5 2 2
-5476.9 -4825.1 -6.4 86 0 12.6 12.8 17.5 3.5 4 1 5 1 1
-5475.0 -4779.3 -4.6 266 0 12.6 10.3 17.5 3.5 2 0 5 2 2
-5503.4 -4792.3 -4.8 266 0 12.6 11.0 17.5 3.5 4 0 5 4 4
-5504.1 -4781.6 -4.2 266 0 12.6 10.3 17.5 3.5 2 0 5 0 0
-5510.8 -4737.1 -2.0 266 0 12.6 14.9 17.5 0.0 0 1 5 1 1
-5545.5 -4749.6 -1.9 176 0 14.9 12.6 17.5 0.0 0 0 5 5 5
-5544.3 -4765.5 -3.0 176 0 14.5 12.6 17.5 3.5 2 0 5 5 5
-5532.1 -4804.1 -6.1 266 0 12.6 12.8 17.5 3.5 2 1 5 0 0
-5563.6 -4798.6 -6.2 266 0 12.6 12.8 17.5 3.5 2 1 5 0 0
-5590.0 -4800.6 -6.7 266 0 12.6 12.8 17.5 3.5 2 1 5 5 5
-5573.1 -4753.3 -2.5 176 0 12.9 12.6 17.5 3.5 2 0 5 2 2
-5637.5 -4801.2 -7.4 266 0 12.6 12.8 17.5 3.5 4 1 5 4 4
-5661.7 -4803.3 -7.9 266 0 12.6 12.8 17.5 3.5 2 1 5 3 3
-5688.1 -4805.4 -8.4 266 0 12.6 12.8 17.5 3.5 2 1 5 4 4
-5692.4 -4756.6 -5.0 266 0 12.6 12.8 17.5 3.5 2 1 5 1 1
-5663.1 -4753.2 -4.3 266 0 12.6 12.8 17.5 3.5 2 1 5 4 4
-5618.6 -4750.9 -3.5 266 0 12.6 12.8 17.5 3.5 4 1 5 0 0
-5689.9 -4789.5 -6.4 86 0 12.6 12.8 17.5 3.5 2 1 5 3 3
-5616.1 -4786.6 -5.2 86 0 12.6 12.8 17.5 3.5 2 1 5 4 4
-5670.4 -4502.9 -1.2 264 0 13.4 68.3 7.5 2.5 2 1 3 3 3
-5709.0 -4506.7 -0.7 264 0 13.9 68.3 10.0 2.5 4 1 4 4 4
-5476.7 -4281.2 -3.2 265 0 10.5 73.1 17.5 3.5 2 1 5 5 5
-5521.9 -4286.0 -2.7 265 0 10.1 73.1 17.5 0.0 0 1 5 3 3
-5564.2 -4290.1 -2.2 265 0 10.3 73.1 21.0 3.5 2 1 6 4 4
-5607.2 -4295.2 -1.6 265 0 10.8 73.1 21.0 3.5 2 1 6 1 1
-5616.8 -4375.3 -3.5 175 0 8.5 164.5 10.5 3.5 2 1 3 3 3
-5480.9 -3379.7 -2.5 87 0 12.5 81.6 17.5 0.0 0 1 5 2 2
-5512.1 -3382.3 -2.6 87 0 12.5 81.6 17.5 3.5 2 1 5 0 0
-5542.1 -3384.7 -2.9 87 0 12.5 81.6 17.5 3.5 2 1 5 3 3
-5297.3 -5702.0 -5.5 84 0 113.8 73.7 17.5 0.0 0 0 5 5 5
-5374.3 -5519.4 -4.5 265 0 11.3 61.8 14.0 3.5 2 1 4 0 0
-5375.5 -5508.9 -6.5 85 0 11.3 61.8 14.0 3.5 2 1 4 4 4
-5413.2 -5522.3 -4.7 265 0 11.3 61.8 14.0 0.0 0 1 4 4 4
-5414.4 -5511.8 -6.6 85 0 11.3 61.8 14.0 3.5 2 1 4 4 4
-5450.8 -5516.2 -6.7 85 0 11.3 61.8 14.0 3.5 2 1 4 4 4
-5449.6 -5526.7 -4.8 265 0 11.3 61.8 14.0 3.5 2 1 4 5 5
-6183.4 -4694.7 -4.3 265 0 11.4 147.4 17.5 0.0 0 1 5 4 4
-6104.7 -4689.7 -2.5 265 0 12.1 14.2 17.5 3.5 2 1 5 1 1
-6067.0 -4686.7 -3.4 265 0 12.1 14.3 17.5 3.5 2 1 5 0 0
-6093.5 -4746.2 -4.4 355 0 14.2 12.1 17.5 3.5 4 0 5 3 3
-6067.8 -4744.2 -5.4 175 0 14.2 12.1 17.5 3.5 2 0 5 1 1
-6126.4 -4756.8 -3.6 85 0 12.1 14.2 17.5 3.5 2 1 5 1 1
-6124.6 -4778.5 -4.2 85 0 12.1 15.0 17.5 3.5 2 1 5 1 1
-6154.3 -4760.1 -2.9 85 0 12.1 14.2 17.5 3.5 2 1 5 1 1
-6096.3 -4790.4 -5.8 265 0 12.1 16.1 17.5 3.5 4 1 5 1 1
-6120.1 -4830.2 -5.6 85 0 12.1 15.0 17.5 3.5 2 1 5 0 0
-6150.7 -4794.9 -4.3 265 0 12.1 16.1 17.5 3.5 2 1 5 3 3
-6147.5 -4832.5 -4.9 85 0 12.1 15.0 17.5 3.5 4 1 5 0 0
-5685.3 -2297.0 -0.5 268 0 111.7 12.2 17.5 0.0 0 0 5 5 5
-5746.6 -2283.9 0.2 353 0 37.1 92.4 17.5 0.0 0 1 5 3 3
-5774.7 -2398.3 -1.2 88 0 71.5 45.3 17.5 0.0 0 0 5 1 1
-6525.7 -4711.8 -3.5 265 0 13.4 75.8 17.5 3.5 2 1 5 5 5
-6550.8 -4790.6 -4.3 85 0 13.4 75.8 17.5 3.5 2 1 5 1 1
-6586.9 -4716.6 -5.0 265 0 13.4 75.8 17.5 3.5 2 1 5 4 4
-6620.9 -4719.8 -5.9 265 0 13.4 75.8 17.5 3.5 2 1 5 2 2
-6754.5 -4822.6 -10.6 265 0 43.8 9.1 10.5 3.5 2 0 3 2 2
-6552.7 -4839.1 -5.4 355 0 65.3 11.4 14.0 3.5 4 0 4 5 5
-6605.1 -4811.5 -6.5 265 0 11.3 65.2 14.0 0.0 0 1 4 0 0
-6643.6 -4886.1 -7.7 85 0 11.3 72.4 14.0 3.5 2 1 4 0 0
-6684.1 -4815.8 -8.6 265 0 11.3 72.4 14.0 3.5 2 1 4 3 3
-6714.7 -4892.6 -9.6 85 0 11.3 72.4 14.0 3.5 2 1 4 4 4
-6786.9 -4899.0 -11.0 85 0 11.3 72.4 14.0 3.5 2 1 4 3 3
-6821.7 -4902.2 -9.9 85 0 11.3 72.4 14.0 3.5 2 1 4 4 4
-6864.6 -4832.1 -8.8 265 0 11.3 72.4 14.0 3.5 2 1 4 2 2
-6898.4 -4909.5 -7.6 85 0 11.3 72.4 14.0 3.5 2 1 4 2 2
-6681.9 -4725.4 -7.5 265 0 11.8 78.4 17.5 3.5 2 1 5 4 4
-6720.6 -4728.2 -8.5 265 0 11.8 78.4 17.5 3.5 2 1 5 3 3
-6758.2 -4731.8 -9.6 265 0 11.8 78.4 17.5 3.5 2 1 5 0 0
-6795.9 -4735.6 -10.7 265 0 11.8 78.4 17.5 3.5 2 1 5 5 5
-6832.8 -4739.0 -9.6 265 0 11.8 78.4 17.5 3.5 2 1 5 4 4
-6873.4 -4742.2 -8.4 265 0 11.8 78.4 17.5 3.5 2 1 5 4 4
-6911.4 -4746.3 -7.3 265 0 11.8 78.4 17.5 3.5 2 1 5 4 4
-6123.3 -4956.4 -6.7 85 0 11.8 75.4 17.5 3.5 2 1 5 3 3
-6163.8 -4960.8 -5.6 85 0 11.8 75.4 17.5 3.5 2 1 5 0 0
-6222.4 -4965.5 -3.9 85 0 11.8 75.4 17.5 3.5 2 1 5 3 3
-6128.3 -4968.3 -4.6 265 0 11.8 75.4 17.5 3.5 2 1 5 1 1
-6210.1 -4974.4 -4.0 265 0 11.8 75.4 17.5 3.5 2 1 5 1 1
-6168.2 -4971.5 -4.2 265 0 11.8 75.4 17.5 0.0 0 1 5 4 4
-6250.9 -4977.4 -4.0 265 0 11.8 75.4 17.5 3.5 2 1 5 4 4
-6288.9 -4982.3 -4.1 265 0 11.8 75.4 17.5 3.5 4 1 5 4 4
-6096.3 -4492.7 -2.3 175 0 8.9 74.9 10.5 3.5 2 1 3 0 0
-5478.5 -4667.0 -2.6 265 0 11.5 21.5 17.5 3.5 2 1 5 0 0
-5474.0 -4715.8 -2.5 85 0 11.5 21.5 17.5 3.5 2 1 5 4 4
-5501.1 -4669.5 -2.1 265 0 11.5 21.5 17.5 3.5 2 1 5 0 0
-5496.5 -4718.2 -2.1 85 0 11.5 21.5 17.5 3.5 2 1 5 2 2
-5523.9 -4671.3 -1.6 265 0 11.5 21.5 17.5 3.5 2 1 5 4 4
-5519.3 -4720.0 -1.5 85 0 11.5 21.5 17.5 3.5 2 1 5 2 2
-5546.1 -4673.5 -1.3 265 0 11.5 21.5 17.5 3.5 2 1 5 3 3
-5541.6 -4722.2 -1.1 85 0 11.5 21.5 17.5 3.5 2 1 5 2 2
-5601.2 -4444.8 -2.1 264 0 12.2 118.7 5.0 2.5 4 1 2 3 3
-5616.4 -4441.2 -2.2 84 0 54.6 8.9 10.5 3.5 2 0 3 5 5
-5656.5 -4442.5 -1.5 354 0 8.9 67.3 10.5 3.5 2 1 3 3 3
-5709.2 -4498.2 -1.0 84 0 12.3 43.3 17.5 3.5 2 1 5 4 4
-5638.2 -4448.1 -1.8 264 0 12.3 43.3 10.0 2.5 2 1 4 4 4
-5626.2 -4567.2 -1.7 84 0 12.3 68.3 10.0 2.5 2 1 4 3 3
-5593.1 -4136.1 -1.5 85 0 11.9 87.7 21.0 3.5 2 1 6 0 0
-5626.0 -4138.4 -1.5 85 0 11.9 87.7 21.0 3.5 2 1 6 1 1
-5592.1 -4146.7 -1.2 265 0 11.9 114.7 21.0 3.5 2 1 6 2 2
-5625.4 -4149.0 -1.2 265 0 11.9 114.7 21.0 3.5 4 1 6 3 3
-6268.6 -3732.3 -4.8 265 0 9.7 86.9 10.5 3.5 2 1 3 1 1
-6191.0 -3733.4 -4.5 265 0 9.7 78.9 10.5 3.5 4 1 3 4 4
-6276.0 -3892.5 -5.9 265 0 11.2 131.5 17.5 3.5 2 1 5 4 4
-6311.6 -3895.8 -5.8 265 0 11.2 131.5 17.5 3.5 2 1 5 5 5
-6196.9 -3960.4 -5.1 175 0 28.4 9.7 10.5 3.5 2 0 3 5 5
-6133.3 -3878.3 -3.8 265 0 10.9 76.1 17.5 3.5 2 1 5 3 3
-6157.4 -3701.3 -3.9 265 0 13.8 107.4 17.5 3.5 2 1 5 0 0
-6199.1 -3883.9 -5.1 265 0 11.9 46.9 17.5 3.5 2 1 5 3 3
-6161.9 -3880.9 -4.4 265 0 9.7 76.8 10.5 3.5 2 1 3 2 2
-6133.3 -3868.7 -3.8 85 0 9.7 53.2 10.5 3.5 2 1 3 5 5
-6163.3 -3871.1 -4.3 85 0 9.7 53.2 10.5 3.5 2 1 3 1 1
-6194.0 -3873.1 -4.9 85 0 9.7 53.2 10.5 3.5 2 1 3 0 0
-6275.4 -3881.8 -5.1 85 0 9.7 42.0 10.5 3.5 2 1 3 5 5
-6230.5 -3877.5 -5.4 85 0 9.7 53.2 10.5 0.0 0 1 3 3 3
-5845.2 -3630.2 -3.3 170 0 9.4 194.5 10.5 0.0 0 1 3 2 2
-5893.2 -3699.7 -2.5 356 0 68.6 12.4 17.5 0.0 0 0 5 2 2
-5913.2 -3871.2 -2.2 86 0 9.8 56.2 10.5 3.5 2 1 3 0 0
-5924.8 -3777.0 -2.5 176 0 62.9 9.8 10.5 3.5 2 0 3 2 2
-5931.3 -3702.5 -2.6 176 0 68.6 9.8 10.5 3.5 2 0 3 2 2
-6095.6 -3849.4 -3.0 85 0 11.2 98.0 14.0 3.5 2 1 4 2 2
-5981.5 -3666.0 -2.8 265 0 11.2 70.7 14.0 3.5 2 1 4 2 2
-6071.0 -3746.2 -2.7 85 0 11.2 50.2 14.0 3.5 4 1 4 3 3
-5964.7 -3837.6 -2.4 85 0 6.6 66.7 10.5 3.5 2 1 3 5 5
-5990.3 -3839.2 -2.4 85 0 11.2 66.8 14.0 3.5 2 1 4 5 5
-6022.1 -3842.8 -2.4 85 0 11.2 66.7 14.0 3.5 2 1 4 0 0
-6058.2 -3845.6 -2.4 85 0 11.2 66.8 14.0 3.5 2 1 4 1 1
-5880.5 -3258.2 -6.6 77 0 8.3 63.0 10.5 3.5 2 1 3 1 1
-5852.0 -3250.5 -6.3 77 0 8.3 63.0 10.5 3.5 2 1 3 2 2
-5832.4 -3358.6 -5.7 80 0 9.3 75.1 10.5 3.5 2 1 3 5 5
-5723.1 -3230.0 -4.8 252 0 12.2 29.0 17.5 3.5 2 0 5 3 3
-5698.2 -3291.9 -4.3 251 0 5.7 53.9 10.5 3.5 2 1 3 2 2
-5732.7 -3303.4 -4.6 260 0 9.4 34.5 10.5 0.0 0 1 3 2 2
-5734.1 -3295.2 -4.8 80 0 9.3 31.9 10.5 3.5 2 1 3 5 5
-5767.8 -3310.6 -4.9 260 0 9.3 34.5 10.5 3.5 2 1 3 3 3
-5769.3 -3302.4 -5.1 80 0 9.3 31.9 10.5 3.5 2 1 3 4 4
-5805.1 -3309.9 -5.4 80 0 9.3 31.9 10.5 3.5 2 1 3 5 5
-5803.7 -3318.1 -5.2 260 0 9.3 34.5 10.5 3.5 4 1 3 0 0
-5757.7 -3121.0 -5.3 340 0 83.9 9.2 10.5 3.5 2 0 3 1 1
-5796.8 -3117.2 -5.8 257 0 9.9 52.2 10.5 3.5 4 1 3 3 3
-5829.6 -3124.4 -6.2 257 0 9.9 52.2 10.5 3.5 2 1 3 1 1
-5862.0 -3131.2 -6.5 257 0 9.9 52.2 10.5 3.5 2 1 3 3 3
-5894.8 -3138.1 -6.8 257 0 9.9 52.2 10.5 3.5 2 1 3 5 5
-6057.6 -3060.8 -8.4 168 0 81.7 11.6 17.5 0.0 0 0 5 3 3
-6002.2 -2998.4 -7.8 257 0 13.4 86.5 17.5 3.5 2 1 5 4 4
-5933.3 -2981.7 -6.8 257 0 13.4 90.8 17.5 3.5 2 1 5 2 2
-5902.3 -2972.7 -6.1 257 0 13.4 90.8 17.5 3.5 2 1 5 0 0
-6672.2 -2639.2 -2.1 90 0 11.8 41.6 14.0 3.5 2 1 4 4 4
-6483.8 -2831.8 -0.8 79 0 8.8 51.9 10.5 3.5 2 0 3 1 1
-6472.8 -2841.8 -0.8 80 0 37.0 11.8 17.5 3.5 2 0 5 0 0
-6474.2 -2701.1 -0.7 260 0 14.8 61.3 17.5 0.0 0 1 5 2 2
-6704.3 -2641.6 -2.3 90 0 11.8 41.6 14.0 3.5 2 1 4 5 5
-6738.9 -2642.0 -2.6 90 0 11.8 41.6 14.0 3.5 2 1 4 4 4
-6771.4 -2642.8 -2.8 90 0 11.8 40.8 14.0 3.5 2 1 4 3 3
-6806.4 -2643.2 -3.1 90 0 11.8 41.6 14.0 0.0 0 1 4 1 1
-6190.7 -3566.4 -5.4 79 0 22.9 59.6 17.5 3.5 2 1 5 4 4
-6257.7 -3554.4 -4.8 169 0 45.9 19.6 17.5 0.0 0 0 5 4 4
-6850.3 -2781.4 -3.5 355 0 70.4 10.2 14.0 0.0 0 0 4 0 0
-6903.0 -2709.2 -3.8 175 0 70.4 10.2 14.0 3.5 2 0 4 1 1
-6895.2 -2790.8 -3.8 175 0 85.7 10.2 14.0 3.5 2 0 4 1 1
-6759.2 -4084.6 -3.0 85 0 64.7 9.7 10.5 3.5 2 0 3 1 1
-6755.0 -3939.8 -3.4 265 0 10.5 128.1 17.5 3.5 2 1 5 0 0
-6889.1 -3954.1 -6.2 265 0 9.3 126.6 10.5 3.5 2 1 3 1 1
-6219.0 -1571.1 0.1 90 0 38.5 11.1 17.5 3.5 2 0 5 0 0
-5837.3 -5365.4 -6.5 265 0 11.2 76.0 14.0 0.0 0 1 4 3 3
-5839.5 -5353.2 -6.0 85 0 11.1 88.6 14.0 3.5 2 1 4 0 0
-5881.5 -5357.5 -6.0 85 0 11.1 88.6 14.0 3.5 2 1 4 2 2
-5880.6 -5368.4 -6.5 265 0 11.1 76.0 14.0 3.5 2 1 4 5 5
-6108.2 -2837.9 -5.9 350 0 40.2 10.7 17.5 3.5 2 0 5 1 1
-6107.3 -2920.1 -6.8 80 0 10.7 60.3 17.5 0.0 0 1 5 2 2
-6075.7 -2916.7 -6.5 80 0 10.6 60.3 17.5 3.5 2 1 5 2 2
-6428.1 -2680.4 -0.5 260 0 69.9 6.6 10.5 3.5 2 0 3 3 3
-6407.4 -2684.5 -0.1 260 0 9.8 70.3 10.5 3.5 2 1 3 4 4
-6444.1 -2692.2 -0.4 260 0 9.8 70.3 10.5 0.0 0 1 3 3 3
-5941.0 -891.9 -2.3 266 0 51.5 17.2 14.0 3.5 2 0 4 5 5
-6005.1 -895.7 -2.3 266 0 51.5 17.1 14.0 3.5 2 0 4 0 0
-6463.3 -3531.5 -2.9 266 0 12.7 50.8 17.5 3.5 2 1 5 5 5
-4049.7 -4604.9 -4.6 17 0 91.2 7.9 10.5 3.5 2 0 3 0 0
-4068.2 -4551.0 -4.4 287 0 29.1 91.2 17.5 0.0 0 1 5 1 1
-4281.1 -4479.3 -3.6 107 0 29.1 91.2 14.0 0.0 0 1 4 2 2
-4242.5 -4491.3 -3.5 107 0 29.1 91.2 14.0 0.0 0 1 4 3 3
-4162.2 -4514.5 -3.4 107 0 29.1 91.2 17.5 0.0 0 1 5 4 4
-4200.9 -4502.5 -3.7 107 0 29.1 91.2 17.5 0.0 0 1 5 3 3
-4203.4 -4510.2 -3.5 287 0 29.1 91.2 17.5 0.0 0 1 5 1 1
-4192.0 -4561.5 -3.8 197 0 91.2 29.1 17.5 0.0 0 0 5 3 3
-4272.3 -4538.2 -3.4 197 0 91.2 29.1 14.0 0.0 0 0 4 4 4
-4283.7 -4486.9 -3.7 287 0 29.1 91.2 17.5 0.0 0 1 5 4 4
-4319.2 -4470.6 -3.1 197 0 193.2 10.8 17.5 0.0 0 0 5 2 2
-6538.1 -5003.2 -8.3 355 0 61.4 11.5 14.0 3.5 2 0 4 2 2
-6587.1 -4976.3 -9.0 265 0 11.5 61.4 14.0 3.5 2 1 4 1 1
-6626.8 -4974.9 -9.8 265 0 11.5 66.7 14.0 3.5 4 1 4 2 2
-6631.2 -4925.5 -8.8 265 0 11.5 44.6 14.0 3.5 2 1 4 5 5
-6663.7 -4976.8 -10.4 265 0 11.5 66.7 14.0 3.5 2 1 4 5 5
-6668.1 -4928.2 -9.4 265 0 11.5 44.6 14.0 3.5 2 1 4 0 0
-6708.0 -4932.5 -10.3 265 0 11.5 44.6 14.0 3.5 2 1 4 2 2
-6706.3 -5014.7 -11.2 175 0 66.7 11.5 14.0 3.5 2 0 4 0 0
-6407.3 -5121.5 -6.5 265 0 12.0 59.5 17.5 3.5 2 1 5 3 3
-6451.1 -5123.7 -7.3 265 0 12.0 62.0 17.5 3.5 2 1 5 0 0
-6450.9 -5117.2 -7.1 85 0 12.0 68.4 17.5 3.5 2 1 5 1 1
-6488.0 -5120.9 -7.8 85 0 12.0 68.4 17.5 3.5 2 1 5 4 4
-6487.3 -5127.2 -7.9 265 0 12.0 60.3 17.5 3.5 2 1 5 1 1
-6032.5 -4357.8 -3.2 175 0 91.9 12.6 14.0 3.5 2 0 4 1 1
-6036.8 -4411.7 -4.8 355 0 13.3 81.5 14.0 3.5 2 1 4 5 5
-6204.1 -4847.0 -3.5 84 0 11.7 68.9 17.5 0.0 0 1 5 1 1
-6255.3 -4853.1 -2.1 84 0 11.7 97.7 17.5 3.5 4 1 5 5 5
-6751.7 -5699.3 -11.1 354 0 8.6 60.6 10.5 3.5 2 1 3 1 1
-6769.7 -5638.9 -11.2 264 0 11.4 45.5 17.5 3.5 2 1 5 2 2
-6808.7 -5639.1 -11.4 264 0 11.4 52.0 17.5 3.5 2 1 5 5 5
-6846.6 -5645.7 -10.5 264 0 11.4 69.6 17.5 3.5 4 1 5 3 3
-6867.2 -5590.2 -9.9 174 0 90.9 11.5 17.5 3.5 2 0 5 4 4
-6824.2 -5631.7 -10.9 84 0 11.4 90.9 17.5 3.5 2 1 5 0 0
-6791.4 -5627.9 -11.6 84 0 11.4 74.4 17.5 3.5 4 1 5 5 5
-6757.5 -5626.0 -11.4 84 0 11.4 74.4 17.5 0.0 0 1 5 0 0
-6801.1 -5392.2 -11.6 174 0 87.0 11.9 17.5 3.5 4 0 5 3 3
-6794.3 -5467.9 -11.6 174 0 46.0 11.9 17.5 3.5 4 0 5 1 1
-6752.1 -5504.5 -11.4 84 0 11.9 46.0 17.5 3.5 2 1 5 5 5
-6721.7 -5453.3 -11.2 264 0 11.8 93.6 17.5 3.5 2 1 5 1 1
-6527.9 -5602.1 -9.6 84 0 11.4 68.0 17.5 3.5 4 1 5 4 4
-6642.9 -5625.5 -10.3 264 0 13.5 70.6 17.5 3.5 2 1 5 0 0
-6644.2 -5613.7 -10.5 84 0 13.5 68.0 17.5 3.5 2 1 5 1 1
-6679.7 -5628.2 -10.6 264 0 13.5 70.6 17.5 3.5 2 1 5 2 2
-6680.9 -5616.4 -10.8 84 0 13.5 68.0 17.5 3.5 2 1 5 4 4
-6715.9 -5632.8 -10.8 264 0 13.5 70.6 17.5 3.5 2 1 5 2 2
-6717.1 -5621.0 -11.1 84 0 13.5 68.0 17.5 3.5 2 1 5 5 5
-6465.8 -4992.3 -7.0 355 0 59.1 11.5 17.5 3.5 2 0 5 5 5
-6478.2 -4918.3 -6.2 265 0 11.5 38.4 17.5 3.5 2 1 5 5 5
-6515.9 -4941.8 -6.8 175 0 38.4 11.5 17.5 3.5 2 0 5 2 2
-6511.1 -4997.3 -7.6 175 0 59.1 11.5 17.5 3.5 2 0 5 3 3
-5820.5 -872.2 -1.9 87 0 38.0 23.1 17.5 3.5 2 0 5 3 3
-5831.4 -894.3 -1.8 177 0 15.2 58.8 14.0 3.5 2 1 4 2 2
-5829.7 -923.6 -1.9 177 0 15.2 58.8 14.0 3.5 2 1 4 3 3
-5798.7 -943.8 -1.5 267 0 58.8 15.2 17.5 3.5 2 0 5 2 2
-5763.5 -1016.5 -1.9 357 0 15.2 58.8 14.0 3.5 4 1 4 1 1
-5765.6 -984.6 -1.6 357 0 15.2 58.8 14.0 3.5 2 1 4 3 3
-5846.6 -865.0 -1.7 357 0 14.8 51.5 17.5 3.5 2 1 5 2 2
-5884.5 -907.7 -1.5 87 0 28.6 20.1 17.5 3.5 2 0 5 5 5
-5869.5 -919.0 -1.9 267 0 51.5 16.4 17.5 3.5 2 0 5 4 4
-5867.2 -949.7 -2.2 267 0 51.5 16.4 14.0 3.5 2 0 4 4 4
-5838.3 -990.8 -2.2 357 0 15.2 51.5 17.5 3.5 2 1 5 3 3
-5872.2 -1035.7 -2.2 87 0 29.0 19.8 14.0 3.5 2 0 4 4 4
-6034.5 -1083.8 -1.7 357 0 43.7 5.8 10.5 3.5 2 0 3 0 0
-5760.1 -898.9 -1.7 177 0 115.9 8.0 10.5 3.5 2 0 3 0 0
-5754.4 -999.8 -1.3 177 0 51.6 8.0 10.5 3.5 4 0 3 4 4
-5744.5 -1091.3 -1.7 87 0 8.0 49.8 10.5 3.5 2 1 3 5 5
-5744.9 -1144.0 -2.0 177 0 80.6 8.0 10.5 3.5 4 0 3 2 2
-5834.1 -1054.7 -2.2 357 0 15.2 51.5 14.0 3.5 2 1 4 4 4
-5967.2 -1062.8 -1.9 357 0 15.2 51.5 17.5 0.0 0 1 5 5 5
-5761.0 -1049.7 -2.1 357 0 15.2 59.5 17.5 3.5 4 1 5 4 4
-5954.4 -1061.9 -2.1 177 0 15.2 51.5 17.5 3.5 2 1 5 4 4
-5832.4 -1085.5 -2.1 357 0 15.2 51.5 17.5 3.5 2 1 5 2 2
-5965.6 -1093.6 -1.8 357 0 15.2 51.5 17.5 3.5 2 1 5 2 2
-5818.7 -1083.9 -2.1 177 0 15.2 59.5 17.5 3.5 2 1 5 5 5
-5952.7 -1092.6 -2.0 177 0 15.2 51.5 17.5 3.5 2 1 5 0 0
-5830.1 -1117.6 -2.0 357 0 15.2 51.5 17.5 3.5 2 1 5 3 3
-5963.2 -1125.7 -1.7 357 0 15.2 51.5 17.5 0.0 0 1 5 0 0
-5757.0 -1112.5 -2.1 357 0 15.2 59.5 17.5 3.5 2 1 5 2 2
-5950.4 -1124.7 -1.9 177 0 15.2 51.5 14.0 0.0 0 1 4 2 2
-5854.2 -1143.4 -1.9 267 0 51.5 15.2 14.0 3.5 2 0 4 5 5
-5961.1 -1157.6 -1.6 357 0 15.2 51.5 17.5 3.5 2 1 5 2 2
-5754.9 -1144.4 -2.1 357 0 15.2 59.5 14.0 3.5 2 1 4 2 2
-5948.3 -1156.6 -1.8 177 0 15.2 51.5 14.0 3.5 2 1 4 2 2
-5759.0 -1165.1 -2.0 267 0 48.2 17.6 17.5 3.5 2 0 5 5 5
-5852.1 -1173.7 -1.9 271 0 51.3 16.8 17.5 3.5 2 0 5 5 5
-5946.2 -1186.9 -1.7 177 0 15.2 51.5 17.5 3.5 4 1 5 5 5
-5959.0 -1187.9 -1.5 357 0 15.2 51.5 17.5 3.5 2 1 5 2 2
-6546.4 -3946.7 -3.8 265 0 15.5 84.3 17.5 3.5 4 1 5 1 1
-6564.4 -4066.0 -3.7 85 0 8.0 66.4 10.5 3.5 2 1 3 1 1
-6520.4 -4063.4 -4.4 85 0 57.1 7.9 10.5 3.5 2 0 3 4 4
-6608.0 -4069.8 -3.5 85 0 54.2 7.9 10.5 3.5 4 0 3 1 1
-6604.6 -4109.6 -3.7 265 0 10.0 41.1 10.5 3.5 2 1 3 0 0
-6588.7 -4196.7 -4.0 85 0 10.0 42.2 14.0 3.5 2 1 4 4 4
-6620.8 -4198.0 -3.7 85 0 12.0 41.1 14.0 3.5 2 1 4 3 3
-6635.7 -4109.3 -3.4 265 0 11.7 43.4 14.0 3.5 2 1 4 5 5
-6366.4 -3642.0 -4.4 85 0 11.8 30.6 17.5 3.5 2 1 5 2 2
-6390.1 -3581.2 -3.6 355 0 6.4 58.5 10.5 3.5 2 1 3 5 5
-6368.0 -4290.8 -7.0 174 0 8.0 34.0 10.5 3.5 4 1 3 1 1
-6317.3 -4378.0 -7.6 84 0 12.6 96.9 17.5 0.0 0 1 5 5 5
-6277.3 -4369.3 -7.7 85 0 18.2 66.3 17.5 3.5 2 1 5 0 0
-6699.2 -3932.8 -2.8 265 0 57.2 7.9 10.5 3.5 4 0 3 5 5
-6665.3 -3938.5 -2.7 265 0 9.0 136.7 10.5 3.5 2 1 3 3 3
-6679.4 -3981.2 -1.3 265 0 9.0 53.6 10.5 3.5 2 1 3 2 2
-6686.8 -4077.0 -2.7 85 0 57.2 7.9 10.5 3.5 4 0 3 2 2
-6167.3 -4350.8 -5.8 355 0 12.6 12.5 17.5 3.5 2 0 5 3 3
-6164.4 -4385.5 -5.9 355 0 12.6 12.5 17.5 3.5 2 0 5 3 3
-6161.6 -4412.4 -5.9 355 0 12.6 12.5 17.5 3.5 2 0 5 3 3
-6028.3 -4301.0 -3.0 85 0 11.7 65.5 14.0 3.5 4 1 4 5 5
-5963.8 -4120.4 -1.4 265 0 11.7 97.8 14.0 3.5 2 1 4 0 0
-5997.1 -4122.2 -2.0 265 0 11.7 99.0 14.0 3.5 2 1 4 4 4
-5957.2 -4303.1 -1.8 266 0 9.3 81.1 10.5 3.5 2 1 3 5 5
-5037.0 -3760.1 -3.6 270 0 46.2 179.8 17.5 0.0 0 1 5 4 4
-5218.8 -6822.4 -6.3 260 0 94.3 389.2 14.0 0.0 0 1 4 1 1
-5340.5 -6817.8 -6.0 85 0 44.7 108.5 14.0 0.0 0 1 4 2 2
-5417.0 -6830.6 -6.5 85 0 63.9 113.4 14.0 0.0 0 1 4 5 5
-5370.9 -7042.2 -7.6 355 0 374.8 70.4 14.0 0.0 0 0 4 5 5
-5219.9 -4092.2 -2.3 92 0 11.0 41.6 10.0 2.5 2 1 4 1 1
-5285.0 -4083.1 -2.4 92 0 11.0 41.6 10.0 2.5 2 1 4 5 5
-5185.3 -4095.5 -2.2 92 0 11.0 65.3 7.5 2.5 2 1 3 4 4
-5183.0 -3960.0 -3.2 272 0 11.0 62.2 7.5 2.5 4 1 3 5 5
-5223.0 -3951.7 -3.3 272 0 11.0 71.2 12.5 2.5 4 1 5 3 3
-5261.2 -3936.7 -3.5 272 0 11.0 81.2 7.5 2.5 2 1 3 5 5
-5296.0 -3922.4 -3.7 272 0 11.0 96.5 12.5 2.5 2 1 5 2 2
-5332.4 -3913.2 -3.9 272 0 11.0 60.8 12.5 2.5 2 1 5 4 4
-5337.2 -4047.5 -2.6 92 0 11.0 58.0 10.0 2.5 2 1 4 2 2
-3206.0 -4257.8 -5.4 287 0 21.7 88.5 14.0 0.0 0 1 4 1 1
-3301.7 -4398.0 -5.6 197 0 143.7 35.5 14.0 0.0 0 0 4 5 5
-3259.4 -4496.1 -4.9 17 0 19.7 68.6 14.0 3.5 2 0 4 4 4
-3335.1 -4510.5 -4.8 197 0 40.9 44.0 14.0 0.0 0 1 4 1 1
-3332.7 -4621.9 -4.4 107 0 75.4 9.5 10.5 3.5 2 0 3 2 2
-3323.6 -4608.4 -4.7 107 0 21.0 61.4 14.0 0.0 0 1 4 0 0
-3353.2 -4600.0 -4.7 107 0 21.0 61.4 14.0 3.5 2 1 4 3 3
-3400.2 -4221.0 -4.4 197 0 41.1 18.0 17.5 3.5 2 0 5 1 1
-3346.2 -4440.3 -5.5 197 0 217.2 26.6 14.0 0.0 0 0 4 5 5
-3630.9 -4455.7 -4.9 287 0 17.3 60.3 17.5 3.5 2 1 5 2 2
-3619.7 -4525.4 -5.2 107 0 33.0 62.8 17.5 0.0 0 1 5 5 5
-3454.1 -4409.5 -5.3 197 0 216.1 95.1 17.5 0.0 0 0 5 4 4
-3037.4 -5262.3 -2.7 277 0 24.5 94.6 10.0 0.0 0 1 4 1 1
-3075.5 -5257.7 -2.7 277 0 26.5 94.6 10.0 0.0 0 1 4 5 5
-3115.3 -5251.9 -2.7 277 0 33.0 94.6 12.5 0.0 0 1 5 2 2
-2870.3 -4854.3 -4.3 287 0 14.1 150.3 7.5 0.0 0 1 3 5 5
-2765.0 -4886.9 -4.4 287 0 26.8 150.3 10.0 0.0 0 1 4 0 0
-2820.9 -4869.7 -4.3 287 0 30.1 150.3 7.5 0.0 0 1 3 1 1
-3269.9 -4806.8 -4.2 197 0 142.5 68.3 14.0 0.0 0 0 4 2 2
-3135.7 -5022.8 -3.8 107 0 32.5 85.3 14.0 0.0 0 1 4 1 1
-3256.6 -4986.4 -3.7 107 0 32.5 85.3 14.0 0.0 0 0 4 5 5
-3351.5 -4759.3 -4.2 107 0 20.0 68.7 14.0 3.5 2 1 4 2 2
-3449.9 -4633.8 -4.1 287 0 36.3 188.9 14.0 0.0 0 1 4 3 3
-3580.4 -4792.1 -4.1 107 0 36.3 163.1 14.0 0.0 0 1 4 2 2
-3560.9 -4598.9 -4.1 287 0 36.3 190.3 14.0 0.0 0 1 4 2 2
-3682.2 -4562.6 -4.5 287 0 32.2 190.6 14.0 0.0 0 1 4 2 2
-3390.1 -4875.5 -3.4 287 0 30.2 22.5 17.5 0.0 0 0 5 4 4
-3531.8 -4830.8 -3.4 287 0 39.8 15.5 17.5 3.5 2 0 5 2 2
-3441.5 -4958.7 -3.4 17 0 158.1 23.9 17.5 0.0 0 0 5 3 3
-3514.5 -5018.7 -3.1 107 0 22.9 79.0 17.5 0.0 0 0 5 0 0
-3586.3 -5016.1 -2.8 107 0 115.0 10.9 17.5 0.0 0 0 5 3 3
-3576.5 -4817.8 -3.3 287 0 22.3 175.6 17.5 0.0 0 1 5 0 0
-3670.1 -4909.2 -3.0 17 0 25.6 70.4 17.5 0.0 0 1 5 5 5
-3725.7 -4972.4 -2.8 107 0 70.4 25.6 17.5 0.0 0 0 5 4 4
-3773.5 -4958.0 -3.0 107 0 25.1 90.1 17.5 0.0 0 1 5 4 4
-3801.9 -4949.6 -3.0 107 0 14.2 84.3 17.5 3.5 2 1 5 4 4
-3771.9 -4810.2 -3.3 197 0 97.4 32.2 17.5 0.0 0 0 5 0 0
-3903.2 -4860.4 -3.0 107 0 13.7 37.5 17.5 3.5 2 1 5 3 3
-3931.2 -4852.8 -3.0 107 0 15.5 37.5 17.5 3.5 2 1 5 1 1
-3955.3 -4846.2 -3.1 107 0 19.9 39.5 17.5 0.0 0 1 5 4 4
-3935.0 -4866.2 -2.7 287 0 16.1 39.5 17.5 3.5 2 1 5 0 0
-3874.2 -4547.2 -4.9 197 0 31.0 58.3 14.0 0.0 0 0 4 5 5
-3881.4 -4673.4 -4.2 107 0 60.4 29.5 14.0 0.0 0 0 4 3 3
-3997.6 -4847.0 -2.9 287 0 36.2 40.8 17.5 0.0 0 1 5 4 4
-4028.8 -4837.5 -3.0 287 0 21.6 40.9 17.5 0.0 0 1 5 2 2
-4006.3 -4834.9 -3.3 107 0 61.8 40.8 17.5 0.0 0 0 5 3 3
-3945.1 -4540.3 -4.5 197 0 67.0 19.8 17.5 3.5 2 0 5 0 0
-4067.2 -4728.6 -4.1 197 0 78.6 30.6 17.5 0.0 0 0 5 1 1
-4090.3 -4813.5 -3.5 197 0 91.8 49.7 17.5 0.0 0 0 5 1 1
-4293.1 -4609.0 -3.8 287 0 47.4 78.6 12.5 0.0 0 1 5 1 1
-5945.3 -314.6 -2.7 174 0 170.3 8.8 10.5 3.5 2 0 3 2 2
-5874.1 -398.1 -1.7 354 0 11.5 115.3 10.5 3.5 2 0 3 3 3
-5509.4 -2880.8 -1.8 83 0 11.1 71.8 17.5 3.5 2 1 5 4 4
-5539.1 -2884.1 -1.7 83 0 11.1 71.8 17.5 3.5 2 1 5 3 3
-5492.9 -2980.7 -1.6 353 0 101.8 9.5 10.5 3.5 2 0 3 1 1
-5253.3 -2855.1 -2.5 263 0 10.5 39.9 17.5 3.5 2 1 5 2 2
-5288.7 -2859.3 -2.4 263 0 10.5 63.1 17.5 3.5 4 1 5 5 5
-5324.7 -2862.2 -2.4 263 0 10.4 63.1 17.5 3.5 2 1 5 1 1
-5310.7 -2973.2 -2.0 83 0 12.3 44.2 17.5 3.5 2 1 5 0 0
-5360.8 -2866.8 -2.3 263 0 10.6 63.1 17.5 3.5 2 1 5 3 3
-5346.8 -2977.8 -1.9 83 0 12.3 44.2 17.5 3.5 4 1 5 2 2
-5396.0 -2871.4 -2.2 263 0 12.2 63.1 17.5 3.5 2 1 5 5 5
-5382.8 -2982.5 -1.9 83 0 12.2 44.2 17.5 3.5 2 1 5 1 1
-5427.8 -2876.3 -2.1 263 0 12.3 63.1 17.5 3.5 2 1 5 2 2
-5414.6 -2987.3 -1.8 83 0 12.2 44.2 17.5 3.5 2 1 5 5 5
-5058.1 -3739.7 -2.9 272 0 67.4 10.1 17.5 3.5 2 0 5 0 0
-5106.0 -3751.2 -3.4 270 0 17.7 49.1 17.5 3.5 2 0 5 0 0
-5106.5 -3914.8 -4.3 90 0 17.7 33.6 17.5 3.5 2 1 5 3 3
-5114.9 -3843.9 -4.3 180 0 64.2 17.7 17.5 3.5 2 0 5 2 2
-5863.1 3115.3 -4.6 265 0 12.4 61.8 14.0 3.5 4 1 4 1 1
-5860.7 3014.9 -4.3 175 0 61.8 12.4 14.0 3.5 2 0 4 1 1
-5778.0 3022.4 -4.4 355 0 61.8 14.1 14.0 0.0 0 0 4 4 4
-5780.2 2917.2 -4.4 85 0 9.1 61.8 10.5 3.5 2 1 3 1 1
-6789.2 -3869.4 -4.0 265 0 9.5 27.6 10.5 3.5 2 1 3 3 3
-6764.5 -3923.6 -3.7 85 0 9.5 26.9 10.5 0.0 0 1 3 0 0
-6786.8 -3924.9 -3.9 85 0 9.5 22.4 10.5 3.5 2 1 3 1 1
-6817.8 -3872.8 -4.1 265 0 12.2 55.7 14.0 0.0 0 1 4 4 4
-6852.4 -3875.7 -3.9 265 0 12.2 55.7 14.0 3.5 2 1 4 3 3
-6894.8 -3880.1 -5.1 265 0 12.2 55.7 14.0 3.5 2 1 4 5 5
-4319.0 -3672.7 -2.5 195 0 51.5 23.3 17.5 3.5 2 0 5 3 3
-4361.1 -3740.4 -2.0 105 0 28.5 103.1 17.5 0.0 0 1 5 3 3
-4458.5 -2990.2 -0.7 197 0 22.6 47.4 17.5 0.0 0 1 5 3 3
-4468.2 -3022.0 -1.1 197 0 22.6 47.4 17.5 3.5 2 1 5 3 3
-4499.6 -2995.0 -1.7 197 0 57.2 36.7 17.5 0.0 0 0 5 3 3
-4454.7 -3075.6 -2.0 107 0 67.0 33.6 17.5 0.0 0 0 5 0 0
-4457.5 -3088.5 -2.6 287 0 69.1 30.5 17.5 0.0 0 0 5 0 0
-4241.2 -3185.6 -0.6 107 0 17.3 53.9 14.0 3.5 2 0 4 4 4
-4338.9 -3087.2 -0.9 107 0 24.0 55.0 14.0 3.5 2 0 4 1 1
-4271.1 -3176.7 -0.5 107 0 31.2 53.0 14.0 0.0 0 0 4 5 5
-2763.8 -4778.2 -5.0 107 0 32.4 78.4 14.0 0.0 0 1 4 2 2
-2808.4 -4763.6 -5.0 107 0 40.4 78.3 14.0 0.0 0 1 4 0 0
-2752.5 -4584.1 -4.9 287 0 40.3 95.3 14.0 0.0 0 0 4 2 2
-2708.1 -4597.7 -4.6 287 0 30.8 94.4 14.0 0.0 0 0 4 4 4
-2795.1 -4571.1 -4.9 287 0 24.4 95.5 14.0 0.0 0 0 4 1 1
-2473.1 -4815.3 -3.6 107 0 106.3 175.0 10.0 0.0 0 1 4 0 0
-3695.2 -3762.0 1.0 197 0 62.3 52.9 17.5 0.0 0 0 5 5 5
-3821.8 -3625.3 1.0 287 0 24.3 43.3 17.5 0.0 0 1 5 0 0
-3702.9 -3734.5 0.6 17 0 10.0 171.7 10.5 0.0 0 0 3 5 5
-3747.7 -3702.5 1.2 17 0 18.7 46.3 17.5 3.5 2 1 5 5 5
-3786.4 -3618.4 0.8 287 0 17.2 78.3 17.5 3.5 2 1 5 1 1
-3649.2 -3853.7 1.4 17 0 66.8 16.5 17.5 3.5 2 0 5 1 1
-3682.8 -3917.0 0.7 197 0 23.6 55.6 17.5 3.5 2 0 5 5 5
-3596.8 -3969.9 0.1 17 0 97.7 42.1 17.5 0.0 0 0 5 2 2
-3683.1 -4009.1 -0.8 107 0 24.4 10.3 17.5 3.5 2 0 5 2 2
-3703.5 -4002.8 -0.9 107 0 18.4 57.6 17.5 3.5 2 0 5 1 1
-3743.4 -3937.3 -0.6 197 0 60.9 42.1 17.5 0.0 0 0 5 0 0
-3761.1 -3944.4 -1.4 17 0 79.4 35.2 17.5 0.0 0 0 5 3 3
-3806.7 -3888.4 -1.9 287 0 39.5 79.4 17.5 0.0 0 1 5 4 4
-3877.9 -3908.5 -2.4 197 0 79.4 35.2 17.5 0.0 0 0 5 4 4
-3881.6 -3580.4 0.5 197 0 86.4 21.4 17.5 0.0 0 0 5 2 2
-3943.9 -3592.2 -0.3 287 0 110.4 11.1 17.5 3.5 2 0 5 1 1
-3945.8 -3614.8 -1.3 287 0 100.9 70.9 17.5 0.0 0 0 5 0 0
-4015.9 -3630.4 -1.5 197 0 70.9 12.1 17.5 3.5 2 0 5 0 0
-3910.1 -3750.2 -1.9 17 0 47.1 82.7 17.5 0.0 0 1 5 2 2
-3874.2 -3769.5 -1.3 197 0 144.1 73.9 17.5 0.0 0 0 5 2 2
-4195.1 -3450.7 -2.0 287 0 35.5 7.7 10.5 3.5 2 0 3 3 3
-4267.2 -3427.6 -2.8 287 0 57.0 9.4 10.5 3.5 2 0 3 5 5
-4189.8 -3465.2 -2.8 287 0 12.3 65.4 17.5 3.5 2 1 5 4 4
-4242.1 -3522.5 -2.9 287 0 51.0 5.2 10.5 3.5 2 0 3 4 4
-4243.6 -3527.5 -3.0 287 0 58.2 7.8 10.5 3.5 2 0 3 4 4
-4341.2 -3447.1 -3.0 197 0 55.5 38.1 17.5 0.0 0 0 5 2 2
-4353.3 -3487.2 -3.0 197 0 28.1 76.7 17.5 0.0 0 0 5 3 3
-4546.8 -3150.9 -2.7 197 0 77.5 54.8 17.5 0.0 0 0 5 5 5
-2488.0 -5373.7 -3.6 97 0 21.1 94.0 10.5 0.0 0 1 3 1 1
-2547.9 -5365.0 -3.6 97 0 49.1 94.0 10.5 0.0 0 1 3 2 2
-2564.7 -5101.5 -4.1 277 0 243.4 149.4 10.5 0.0 0 0 3 3 3
-4388.3 10920.9 -12.9 90 0 13.9 79.0 7.5 2.5 2 1 3 2 2
-4427.6 10921.5 -13.0 90 0 25.1 79.0 10.0 0.0 0 1 4 1 1
-4565.5 10922.0 -13.2 90 0 23.9 79.0 7.5 0.0 0 1 3 1 1
-4668.5 10921.4 -13.4 90 0 23.9 79.0 10.0 0.0 0 1 4 3 3
-3049.6 -6064.3 -6.4 355 0 297.9 126.5 14.0 0.0 0 0 4 0 0
-3259.8 -5935.1 -6.6 264 0 97.0 297.9 14.0 0.0 0 1 4 1 1
-3217.5 -6895.4 -5.3 84 0 103.2 255.0 14.0 0.0 0 1 4 1 1
-5805.0 -4459.4 -0.7 262 0 14.2 46.6 7.5 2.5 2 1 3 5 5
-4811.6 -5848.3 -8.3 263 0 13.1 59.4 17.5 3.5 2 1 5 1 1
-4773.8 -5844.1 -8.5 263 0 12.0 55.0 14.0 3.5 2 1 4 1 1
-4778.8 -5793.8 -7.3 263 0 13.2 36.4 14.0 3.5 2 1 4 5 5
-4703.8 -5787.9 -7.1 263 0 11.5 35.8 14.0 3.5 2 1 4 0 0
-4740.1 -5791.9 -7.2 263 0 12.0 33.6 14.0 3.5 4 1 4 4 4
-4736.0 -5840.7 -8.3 263 0 10.6 36.4 17.5 3.5 4 1 5 4 4
-4697.4 -5839.1 -8.2 263 0 12.6 57.4 17.5 3.5 2 1 5 1 1
-4679.3 -5925.1 -8.2 355 0 39.1 10.7 17.5 3.5 4 0 5 0 0
-4732.8 -5926.9 -8.9 175 0 43.9 12.8 17.5 3.5 2 0 5 2 2
-4771.8 -5933.3 -8.6 175 0 40.4 13.9 14.0 3.5 2 0 4 5 5
-4808.3 -5938.9 -8.4 175 0 38.3 14.0 17.5 3.5 2 0 5 5 5
-4836.6 -5959.9 -8.1 85 0 13.6 44.3 17.5 3.5 2 1 5 0 0
-4848.4 -5850.9 -8.1 265 0 14.1 55.9 17.5 3.5 2 1 5 3 3
-4887.1 -5853.8 -7.8 265 0 13.3 56.6 17.5 3.5 2 1 5 5 5
-4816.2 -5797.8 -7.4 265 0 12.5 37.4 14.0 3.5 2 1 4 2 2
-4854.7 -5802.1 -7.6 265 0 12.5 37.4 14.0 3.5 2 1 4 4 4
-4893.6 -5805.2 -7.5 265 0 12.5 37.4 14.0 3.5 4 1 4 4 4
-4935.7 -5828.3 -7.0 175 0 37.4 12.5 14.0 3.5 2 0 4 0 0
-4924.3 -5946.0 -7.5 175 0 42.7 11.5 17.5 3.5 2 0 5 4 4
-4927.3 -5858.2 -7.5 265 0 12.2 56.1 17.5 3.5 2 1 5 0 0
-4970.0 -5818.4 -6.9 265 0 11.1 71.7 14.0 3.5 2 1 4 5 5
-5008.8 -5822.7 -6.5 265 0 12.0 62.1 14.0 3.5 2 1 4 0 0
-5047.4 -5825.5 -6.4 265 0 11.3 67.7 14.0 3.5 2 1 4 5 5
-4961.7 -5901.9 -7.2 265 0 12.2 69.0 14.0 3.5 4 1 4 0 0
-5002.1 -5903.3 -6.9 265 0 11.0 71.1 14.0 3.5 2 1 4 0 0
-4967.5 -5980.0 -7.4 85 0 156.9 6.2 10.5 3.5 2 0 3 5 5
-5038.3 -5908.5 -6.8 265 0 13.1 70.9 14.0 3.5 2 1 4 0 0
-6513.4 -4222.6 -5.2 265 0 33.3 32.6 14.0 0.0 0 0 4 3 3
-6634.4 -4463.3 -2.4 175 0 13.0 22.0 14.0 3.5 2 1 4 3 3
-6628.4 -4534.9 -3.1 175 0 17.1 22.6 14.0 3.5 2 1 4 3 3
-6185.2 -4687.6 0.1 85 0 10.6 68.0 17.5 3.5 2 1 5 0 0
-6220.8 -4696.7 0.7 84 0 12.3 46.7 17.5 3.5 2 1 5 4 4
-6256.4 -4653.2 1.6 264 0 13.2 46.2 17.5 3.5 2 1 5 2 2
-6254.6 -4704.8 0.4 264 0 11.9 42.1 17.5 0.0 0 1 5 3 3
-6291.8 -4730.1 1.2 174 0 40.4 14.1 17.5 3.5 2 0 5 5 5
-6280.9 -5102.4 -4.6 354 0 74.0 10.8 17.5 3.5 2 0 5 1 1
-6250.6 -5110.2 -4.5 84 0 11.7 45.9 17.5 3.5 2 1 5 1 1
-6216.9 -5107.6 -4.4 84 0 11.6 49.5 17.5 3.5 4 1 5 5 5
-6184.2 -5113.8 -4.9 264 0 10.5 70.4 17.5 3.5 4 1 5 5 5
-6183.9 -5104.9 -4.4 84 0 10.4 51.0 17.5 3.5 2 1 5 5 5
-6142.9 -5101.1 -4.4 84 0 11.4 48.2 17.5 3.5 4 1 5 0 0
-6111.8 -5097.7 -4.4 84 0 10.6 47.1 17.5 3.5 2 1 5 2 2
-6103.7 -5175.0 -4.9 84 0 11.2 67.4 17.5 0.0 0 1 5 3 3
-6135.0 -5179.3 -4.9 84 0 11.1 68.5 14.0 3.5 2 1 4 5 5
-4453.0 -9139.5 -9.4 72 0 10.2 176.8 14.0 0.0 0 1 4 0 0
-4393.9 -9321.5 -9.3 72 0 9.4 173.1 10.5 0.0 0 1 3 5 5
-4574.1 -9082.5 -9.1 252 0 13.4 56.2 14.0 3.5 2 1 4 4 4
-4503.5 -9048.0 -9.4 72 0 13.4 72.7 14.0 3.5 2 1 4 2 2
-4500.5 -9056.7 -8.9 252 0 13.4 74.2 14.0 3.5 2 1 4 4 4
-4537.9 -9069.5 -9.0 252 0 13.4 56.2 14.0 3.5 2 1 4 4 4
-4438.1 -9248.9 -8.8 72 0 13.4 72.4 10.5 3.5 2 1 3 5 5
-4474.6 -9262.2 -8.8 72 0 13.4 56.2 10.5 3.5 2 1 3 1 1
-4510.5 -9272.3 -8.9 72 0 13.4 56.2 10.5 3.5 2 1 3 3 3
-4411.7 -9327.9 -9.3 72 0 13.4 72.7 10.5 3.5 2 1 3 0 0
-4448.5 -9339.6 -9.2 72 0 13.4 72.7 10.5 3.5 2 1 3 4 4
-4484.6 -9350.9 -9.2 72 0 13.4 72.7 10.5 3.5 2 1 3 5 5
-4601.2 -9140.1 -9.1 162 0 93.9 13.4 14.0 3.5 2 0 4 4 4
-4569.2 -9240.8 -9.1 162 0 96.4 13.4 10.5 3.5 2 0 3 0 0
-4522.7 -9364.2 -9.2 72 0 13.4 72.7 10.5 3.5 2 1 3 2 2
-6653.6 -5126.8 -11.0 85 0 44.9 15.3 14.0 3.5 2 0 4 0 0
-6657.4 -5103.1 -10.7 85 0 13.2 51.0 14.0 3.5 2 1 4 0 0
-6694.9 -5150.1 -11.4 85 0 13.2 95.9 14.0 0.0 0 1 4 3 3
-6734.6 -5155.2 -12.0 85 0 13.2 95.9 14.0 3.5 2 1 4 1 1
-6773.5 -5158.9 -11.8 85 0 13.2 95.9 14.0 3.5 2 1 4 4 4
-6813.9 -5162.7 -10.6 85 0 13.2 95.9 14.0 3.5 2 1 4 1 1
-6812.9 -5175.4 -10.9 265 0 13.2 81.7 14.0 3.5 2 1 4 2 2
-6771.9 -5171.2 -11.8 265 0 13.2 81.7 14.0 3.5 2 1 4 4 4
-6733.1 -5168.4 -11.7 265 0 13.2 81.7 14.0 3.5 2 1 4 1 1
-6683.4 -5204.5 -11.4 355 0 81.7 13.3 14.0 3.5 4 0 4 2 2
-6608.6 -5157.3 -10.2 265 0 15.0 80.3 14.0 3.5 2 1 4 5 5
-6568.9 -5153.2 -9.5 265 0 13.7 80.0 14.0 3.5 2 1 4 3 3
-6530.4 -5149.1 -8.8 265 0 13.7 80.0 14.0 3.5 2 1 4 2 2
-6531.3 -5137.1 -8.6 85 0 13.5 95.8 14.0 3.5 2 1 4 1 1
-6570.2 -5140.5 -9.3 85 0 14.5 98.3 14.0 3.5 2 1 4 0 0
-6611.6 -5144.0 -10.1 85 0 13.0 97.5 14.0 3.5 2 1 4 4 4
-3968.7 -5709.2 -5.6 175 0 48.3 19.1 14.0 3.5 2 0 4 3 3
-4026.6 -5812.5 -6.6 85 0 78.3 139.2 14.0 0.0 0 1 4 1 1
-4120.5 -5821.7 -6.8 85 0 78.2 139.0 14.0 0.0 0 1 4 5 5
-4362.8 -5801.4 -6.5 86 0 138.1 102.9 14.0 0.0 0 0 4 3 3
-4171.2 -5384.2 -1.5 265 0 26.4 31.4 14.0 0.0 0 1 4 2 2
-4215.0 -5565.1 -3.7 265 0 13.1 18.2 14.0 3.5 4 1 4 1 1
-4154.3 -5560.3 -3.6 265 0 14.5 19.0 14.0 3.5 2 1 4 0 0
-4095.7 -5555.6 -3.5 265 0 14.1 19.2 14.0 3.5 2 1 4 0 0
-4067.5 -5654.4 -4.6 85 0 48.6 78.6 14.0 0.0 0 1 4 5 5
-4140.7 -5506.5 -2.7 85 0 48.6 82.8 14.0 0.0 0 1 4 0 0
-4127.2 -5661.0 -4.7 85 0 48.6 78.6 14.0 0.0 0 1 4 0 0
-4199.7 -5512.6 -2.8 85 0 48.6 82.8 14.0 0.0 0 1 4 4 4
-4186.2 -5667.1 -4.8 85 0 48.6 78.6 14.0 0.0 0 1 4 5 5
-4260.7 -5516.8 -2.8 85 0 48.6 82.8 14.0 0.0 0 1 4 3 3
-4247.2 -5671.3 -4.8 85 0 48.6 78.6 14.0 0.0 0 1 4 1 1
-4320.4 -5522.9 -2.9 85 0 48.6 82.8 14.0 0.0 0 1 4 0 0
-4307.0 -5677.4 -4.9 85 0 48.6 78.6 14.0 0.0 0 1 4 4 4
-4378.6 -5529.7 -3.0 85 0 48.6 82.8 14.0 0.0 0 1 4 0 0
-4365.1 -5684.2 -5.0 85 0 48.6 78.6 14.0 0.0 0 1 4 5 5
-4439.5 -5535.7 -3.1 85 0 48.6 82.8 14.0 0.0 0 1 4 5 5
-4426.0 -5690.2 -5.0 85 0 48.6 78.6 14.0 0.0 0 1 4 0 0
-3630.4 -6534.2 -2.9 356 0 75.7 170.0 14.0 0.0 0 1 4 2 2
-3535.4 -6925.5 -5.3 85 0 28.8 67.8 14.0 0.0 0 1 4 5 5
-3869.7 -6314.0 -6.7 355 0 263.2 74.5 14.0 0.0 0 0 4 1 1
-3742.5 -5977.6 -7.6 265 0 126.6 244.2 14.0 0.0 0 1 4 3 3
-3367.2 -6186.8 -7.2 85 0 65.2 31.7 14.0 0.0 0 0 4 2 2
-3326.9 -6039.0 -6.9 355 0 194.3 107.5 14.0 0.0 0 0 4 2 2
-3511.2 -5959.2 -7.0 265 0 101.4 238.4 14.0 0.0 0 1 4 3 3
-3159.3 -6260.8 -6.5 265 0 241.0 124.5 14.0 0.0 0 0 4 0 0
-6504.6 -7972.6 -9.0 355 0 81.5 12.4 14.0 3.5 2 0 4 0 0
-6473.6 -7944.7 -8.9 175 0 131.3 17.3 14.0 0.0 0 0 4 1 1
-6536.7 -8016.2 -9.0 85 0 22.0 128.5 14.0 0.0 0 1 4 0 0
-6578.6 -8020.4 -9.1 85 0 20.4 129.6 14.0 0.0 0 1 4 2 2
-6619.5 -8024.3 -9.3 85 0 19.0 128.6 14.0 0.0 0 1 4 2 2
-6610.6 -7571.3 -8.9 175 0 110.9 87.9 14.0 0.0 0 0 4 5 5
-6431.6 -7611.0 -8.6 85 0 130.0 95.3 14.0 0.0 0 0 4 2 2
-6309.5 -7599.1 -8.8 85 0 71.5 79.5 14.0 0.0 0 1 4 3 3
-6209.6 -7712.9 -8.9 85 0 61.5 187.3 14.0 0.0 0 1 4 5 5
-6292.2 -7720.4 -8.6 85 0 61.2 102.1 14.0 0.0 0 1 4 0 0
-6434.0 -7629.9 -8.6 265 0 119.4 102.9 14.0 0.0 0 0 4 0 0
-6559.5 -7641.9 -8.8 265 0 85.0 103.9 10.5 0.0 0 1 3 0 0
-6617.1 -7700.6 -9.3 355 0 101.3 39.9 10.5 0.0 0 0 3 0 0
-5287.5 -6808.1 -6.4 78 0 45.5 100.7 14.0 0.0 0 1 4 1 1
-5291.8 -6839.4 -6.6 265 0 27.7 100.8 14.0 0.0 0 1 4 5 5
-5928.3 -5296.2 -5.6 85 0 11.2 33.2 14.0 3.5 2 1 4 5 5
-5926.8 -5305.0 -6.1 265 0 10.3 69.9 14.0 3.5 4 1 4 1 1
-5985.2 -5301.6 -5.7 85 0 13.7 33.2 17.5 3.5 2 1 5 2 2
-5957.1 -5308.6 -6.1 265 0 12.1 68.5 17.5 3.5 2 1 5 2 2
-5988.6 -5310.2 -6.1 265 0 11.0 70.6 17.5 3.5 2 1 5 3 3
-6027.7 -5271.2 -5.9 265 0 12.7 65.1 14.0 3.5 2 1 4 4 4
-6012.7 -5376.4 -6.3 355 0 64.0 12.1 14.0 0.0 0 0 4 2 2
-5992.8 -5408.8 -6.6 265 0 12.5 47.0 14.0 3.5 2 1 4 5 5
-5956.0 -5389.3 -6.6 264 0 11.3 62.7 14.0 3.5 2 1 4 0 0
-5919.3 -5384.8 -6.6 264 0 10.0 63.6 10.5 0.0 0 1 3 2 2
-5536.4 -5832.9 -6.8 84 0 14.5 73.4 14.0 3.5 2 1 4 2 2
-5497.9 -5830.2 -6.6 84 0 13.2 92.3 17.5 3.5 2 1 5 1 1
-5460.0 -5824.5 -6.3 84 0 13.5 75.9 17.5 0.0 0 1 5 0 0
-5419.6 -5822.1 -6.0 84 0 12.1 92.0 17.5 3.5 2 1 5 3 3
-5389.4 -5729.5 -5.9 264 0 12.3 46.5 17.5 3.5 4 1 5 3 3
-5389.8 -5719.7 -5.8 84 0 13.5 91.3 17.5 3.5 2 1 5 3 3
-5431.2 -5708.8 -5.8 84 0 15.0 76.0 17.5 3.5 2 1 5 2 2
-5471.8 -5704.1 -5.9 84 0 11.2 68.0 17.5 3.5 4 1 5 3 3
-5509.5 -5709.6 -6.0 84 0 13.2 71.3 17.5 3.5 2 1 5 5 5
-5549.8 -5679.4 -5.9 84 0 16.6 35.5 17.5 0.0 0 1 5 3 3
-5549.8 -5689.9 -6.2 264 0 13.8 41.4 14.0 3.5 2 1 4 3 3
-5589.3 -5694.8 -6.1 264 0 13.7 51.2 14.0 3.5 2 1 4 5 5
-5590.4 -5683.9 -6.0 84 0 13.7 36.8 17.5 3.5 2 1 5 1 1
-5573.4 -5835.6 -6.9 84 0 14.9 50.9 14.0 0.0 0 1 4 0 0
-5631.8 -5698.3 -6.3 264 0 13.3 40.6 14.0 3.5 2 1 4 1 1
-5626.0 -5766.6 -6.9 264 0 15.0 74.8 14.0 3.5 2 1 4 5 5
-5632.4 -5688.9 -6.2 84 0 14.8 36.5 17.5 3.5 2 1 5 5 5
-5670.5 -5691.3 -6.3 84 0 14.8 36.5 17.5 3.5 2 1 5 0 0
-5669.0 -5700.0 -6.4 264 0 13.3 36.6 14.0 3.5 2 1 4 1 1
-5662.6 -5766.9 -6.9 264 0 15.0 77.5 17.5 3.5 2 1 5 0 0
-5703.1 -5762.2 -6.9 264 0 14.2 88.8 17.5 3.5 2 1 5 3 3
-5704.7 -5746.4 -6.4 84 0 14.1 88.0 17.5 0.0 0 1 5 4 4
-5733.0 -5762.1 -6.9 264 0 11.8 93.2 17.5 3.5 2 1 5 3 3
-5733.9 -5749.8 -6.5 84 0 12.4 78.6 17.5 3.5 2 1 5 4 4
-6594.4 -3852.9 -2.1 265 0 14.4 56.0 14.0 3.5 2 1 4 5 5
-6637.2 -3856.5 -0.2 265 0 13.5 57.0 14.0 3.5 2 1 4 3 3
-6675.8 -3858.2 -1.9 265 0 12.7 58.1 14.0 3.5 2 1 4 1 1
-6709.3 -3919.4 -2.9 85 0 14.1 54.2 14.0 3.5 2 1 4 4 4
-6478.6 -3268.6 -5.7 85 0 6.3 34.0 10.5 3.5 2 1 3 3 3
-6507.8 -3273.8 -5.2 85 0 7.3 40.3 10.5 3.5 2 0 3 2 2
-4009.3 -3852.9 -3.3 107 0 32.4 62.1 17.5 0.0 0 1 5 4 4
-3937.7 -3842.4 -2.7 17 0 58.0 28.1 17.5 0.0 0 0 5 0 0
-3888.6 -3718.9 -0.2 107 0 21.1 44.8 17.5 3.5 2 0 5 5 5
-3725.1 -3815.8 -0.4 17 0 141.0 74.6 17.5 0.0 0 0 5 5 5
-6638.2 -2716.1 -1.9 85 0 32.9 9.5 10.5 3.5 2 0 3 1 1
-6440.2 -1228.0 -0.5 86 0 72.3 12.9 14.0 3.5 2 0 4 3 3
-6378.8 -1159.7 -0.7 264 0 14.8 54.5 14.0 3.5 2 1 4 3 3
-6375.8 -1080.9 -0.9 264 0 12.4 66.7 14.0 3.5 2 1 4 0 0
-6400.1 -1152.1 -0.8 84 0 10.9 67.9 14.0 0.0 0 1 4 3 3
-6068.0 -1166.9 -1.4 176 0 36.1 14.7 14.0 0.0 0 0 4 3 3
-6054.2 -1202.0 -1.3 86 0 37.4 11.2 14.0 0.0 0 0 4 0 0
-5692.5 -4587.2 -1.1 265 0 10.7 40.3 10.0 2.5 2 1 4 0 0
-5663.7 -4583.4 -0.6 265 0 9.6 39.6 7.5 2.5 2 1 3 2 2
-5627.8 -4579.1 -1.1 265 0 10.9 40.6 10.0 2.5 2 1 4 5 5
-5589.4 -4575.1 -1.6 265 0 11.9 41.5 5.0 2.5 4 1 2 2 2
-5577.3 -4644.3 -1.2 355 0 44.5 11.6 15.0 0.0 0 0 6 0 0
-5613.4 -4647.9 -0.8 355 0 44.8 13.3 10.0 2.5 2 0 4 5 5
-5659.6 -4653.3 -1.5 175 0 46.2 11.5 12.5 2.5 2 0 5 5 5
-5690.7 -4655.6 -2.3 175 0 43.8 9.9 7.5 2.5 2 0 3 4 4
-5750.3 -4546.6 -1.2 174 0 66.9 12.4 10.0 2.5 2 0 4 5 5
-5575.9 -4727.3 -1.1 85 0 12.0 54.0 7.5 2.5 4 1 3 4 4
-5609.3 -4728.1 -1.9 85 0 13.3 51.0 10.0 2.5 2 1 4 5 5
-5642.8 -4731.4 -2.8 85 0 12.7 53.3 10.0 2.5 2 1 4 4 4
-5675.9 -4735.0 -3.6 85 0 13.3 55.8 12.5 2.5 4 1 5 1 1
-5406.8 -4654.7 -4.7 174 0 18.8 29.8 17.5 3.5 2 1 5 5 5
-5484.6 -4499.3 -3.5 355 0 52.6 6.7 10.5 3.5 2 0 3 2 2
-5474.2 -4535.6 -3.3 265 0 21.3 19.6 17.5 3.5 2 0 5 4 4
-5430.4 -4628.6 -3.6 354 0 51.5 17.8 17.5 3.5 2 0 5 4 4
-5461.5 -4528.1 -3.9 85 0 17.6 49.8 17.5 3.5 2 1 5 5 5
-5686.6 -5268.7 -5.6 174 0 35.3 10.1 17.5 3.5 2 0 5 5 5
-5673.6 -5350.9 -6.0 84 0 10.1 57.0 17.5 3.5 4 1 5 4 4
-5649.4 -5248.3 -5.5 264 0 10.1 35.3 17.5 0.0 0 1 5 0 0
-5639.7 -5348.5 -6.0 84 0 10.1 57.0 17.5 3.5 2 1 5 3 3
-5600.4 -5314.7 -5.7 84 0 12.9 69.2 17.5 3.5 2 1 5 5 5
-5560.8 -5313.4 -5.7 84 0 12.8 39.5 17.5 3.5 2 1 5 5 5
-5521.8 -5309.9 -5.7 84 0 11.8 69.4 17.5 3.5 2 1 5 1 1
-5522.0 -5331.6 -6.3 264 0 12.8 87.5 14.0 3.5 2 1 4 3 3
-5557.1 -5335.7 -6.4 264 0 12.8 87.5 14.0 3.5 2 1 4 2 2
-5594.1 -5338.9 -6.4 264 0 12.8 87.5 14.0 3.5 2 1 4 5 5
-5631.0 -5400.0 -6.5 174 0 59.9 13.4 14.0 0.0 0 0 4 5 5
-5502.4 -5526.8 -6.6 84 0 11.6 84.6 14.0 3.5 4 1 4 5 5
-5540.4 -5538.5 -5.2 264 0 11.6 39.3 14.0 3.5 2 1 4 3 3
-5542.1 -5530.5 -6.7 84 0 11.6 84.6 14.0 3.5 4 1 4 1 1
-5579.3 -5544.5 -5.3 264 0 11.6 57.7 14.0 3.5 4 1 4 4 4
-5580.2 -5534.9 -6.7 84 0 11.6 84.6 14.0 3.5 2 1 4 4 4
-5617.7 -5547.5 -5.6 264 0 11.6 57.7 14.0 3.5 2 1 4 0 0
-5618.6 -5537.9 -6.7 84 0 11.6 84.6 14.0 3.5 2 1 4 0 0
-5657.6 -5541.4 -6.7 84 0 11.6 84.6 14.0 3.5 4 1 4 5 5
-5656.7 -5551.1 -5.8 264 0 11.6 57.7 14.0 3.5 2 1 4 1 1
-5699.4 -5546.0 -7.0 84 0 11.6 42.9 14.0 3.5 2 1 4 4 4
-5710.1 -5435.8 -6.9 264 0 11.6 62.1 14.0 3.5 4 1 4 3 3
-5698.9 -5551.4 -6.2 264 0 11.6 62.0 14.0 3.5 2 1 4 3 3
-5711.7 -5415.6 -6.4 84 0 11.6 44.2 17.5 3.5 2 1 5 1 1
-5719.5 -5274.0 -5.6 354 0 35.3 11.6 14.0 3.5 2 0 4 0 0
-5714.0 -5330.9 -6.0 354 0 68.2 11.6 17.5 3.5 2 0 5 3 3
-5769.9 -5279.4 -5.6 174 0 36.5 11.6 17.5 3.5 4 0 5 2 2
-5764.4 -5336.9 -6.1 174 0 68.2 11.6 17.5 3.5 4 0 5 1 1
-5750.4 -5420.4 -6.4 84 0 11.6 44.2 17.5 3.5 4 1 5 2 2
-5748.6 -5439.6 -6.9 264 0 11.6 62.1 14.0 0.0 0 1 4 2 2
-5737.9 -5549.8 -7.0 84 0 11.6 42.9 14.0 3.5 2 1 4 0 0
-5737.4 -5555.2 -6.4 264 0 11.6 62.0 14.0 0.0 0 1 4 4 4
-6409.8 -5475.0 -8.0 265 0 14.7 34.0 17.5 3.5 4 1 5 1 1
-6388.1 -5642.3 -8.3 355 0 66.4 16.4 17.5 3.5 2 0 5 4 4
-6406.3 -5522.7 -8.2 265 0 16.6 80.4 17.5 3.5 2 1 5 5 5
-6025.3 -1162.7 -1.5 356 0 74.3 8.0 10.5 3.5 2 0 3 3 3
-6799.1 -3944.2 -3.7 265 0 10.5 128.1 17.5 3.5 2 1 5 3 3
