-5549.0 3163.8 3.4 91 0 14.0 46.6 5.0 2.5 2 1 2 4 4
-5388.5 2948.0 2.3 271 0 14.0 41.1 12.5 2.5 2 1 5 3 3
-5586.6 3179.1 2.9 181 0 46.6 14.0 7.5 2.5 2 0 3 5 5
-5485.3 2804.0 7.9 90 0 13.5 50.8 10.0 0.0 0 1 4 3 3
-5479.7 3233.4 4.5 271 0 14.0 46.6 7.5 0.0 0 1 3 0 0
-5518.6 2779.9 6.4 91 0 14.1 47.7 10.0 2.5 2 1 4 0 0
-5514.8 3222.4 3.9 271 0 14.0 46.6 10.0 2.5 2 1 4 4 4
-5452.6 2886.3 6.6 271 0 14.0 41.1 10.0 2.5 2 1 4 4 4
-5343.4 3115.2 3.8 270 0 14.2 62.1 10.0 2.5 2 1 4 3 3
-5343.5 2958.4 1.5 1 0 41.1 14.0 12.5 2.5 2 0 5 0 0
-5463.3 3122.2 3.6 91 0 14.0 46.6 7.5 2.5 2 1 3 0 0
-5419.5 2917.2 4.4 271 0 14.0 41.1 12.5 2.5 2 1 5 4 4
-5375.3 3151.5 5.1 270 0 14.2 62.1 10.0 2.5 2 1 4 5 5
-5406.9 3185.9 4.5 271 0 14.0 46.6 10.0 2.5 2 1 4 2 2
-5385.8 3024.5 4.3 180 0 62.1 14.2 10.0 2.5 2 0 4 4 4
774.1 7152.2 3.3 37 0 109.5 48.8 7.5 0.0 0 0 3 2 2
1447.5 6866.7 3.5 217 0 288.2 143.1 10.0 0.0 0 0 4 0 0
2297.7 5513.9 4.6 1 0 46.3 12.2 10.0 2.5 2 0 4 4 4
-1097.8 7328.6 3.1 94 0 27.8 7.8 2.5 2.5 2 0 1 5 5
3875.4 3736.4 5.9 126 0 12.0 38.5 7.5 2.5 2 1 3 5 5
-1078.0 7355.4 3.1 272 0 6.2 28.6 5.0 2.5 2 1 2 3 3
-5446.9 1005.9 6.2 7 0 25.9 8.7 5.0 2.5 2 0 2 1 1
-322.7 7295.0 3.2 128 0 104.8 56.0 10.0 0.0 0 0 4 0 0
1353.7 7851.9 2.4 127 0 32.9 11.0 15.0 0.0 0 0 6 0 0
-5486.6 1012.9 6.1 268 0 7.2 23.5 7.5 2.5 2 1 3 4 4
-6316.5 -1291.8 7.3 90 0 8.5 29.9 7.5 2.5 2 1 3 1 1
-5701.9 2969.7 0.1 273 0 11.5 36.0 10.0 2.5 2 1 4 1 1
-6164.2 -1636.2 7.8 6 0 104.5 19.8 10.0 0.0 0 0 4 1 1
-5108.8 2698.2 6.7 193 0 7.7 34.7 7.5 2.5 2 1 3 4 4
-5723.1 2560.5 5.9 271 0 12.5 66.3 7.5 2.5 2 1 3 4 4
-3387.0 4453.6 8.6 91 0 23.9 89.6 7.5 0.0 0 1 3 2 2
4725.9 3517.2 5.7 199 0 7.3 15.6 7.5 2.5 2 1 3 2 2
-2471.6 5703.1 5.3 133 0 28.3 25.1 5.0 0.0 0 0 2 2 2
-4585.8 4080.0 8.7 103 0 13.0 27.2 7.5 2.5 2 1 3 3 3
1099.7 8093.5 2.2 128 0 26.9 118.1 10.0 0.0 0 1 4 0 0
106.7 7436.5 3.0 218 0 42.0 7.5 7.5 2.5 2 0 3 2 2
4740.8 3597.4 5.7 198 0 46.6 23.1 10.0 2.5 2 0 4 3 3
-6293.7 -1356.6 7.2 271 0 9.1 28.5 7.5 2.5 2 1 3 3 3
-5431.8 1084.7 6.1 8 0 27.7 14.9 7.5 2.5 2 0 3 4 4
-47.0 7356.4 3.1 38 0 103.4 59.0 5.0 0.0 0 0 2 1 1
-6174.0 8.0 -22.2 270 0 12.6 45.8 7.5 2.5 2 1 3 5 5
-973.8 7891.9 2.4 34 0 50.4 13.1 5.0 0.0 0 0 2 1 1
1324.4 7706.7 2.6 38 0 186.3 63.8 7.5 0.0 0 0 3 2 2
-5442.1 980.0 6.1 5 0 12.5 16.1 7.5 2.5 2 1 3 5 5
2185.8 5603.9 4.6 272 0 12.3 46.1 10.0 2.5 2 1 4 0 0
-4961.0 3353.5 7.3 102 0 12.2 22.9 7.5 0.0 0 1 3 5 5
1412.4 6892.0 3.5 37 0 289.8 92.2 10.0 0.0 0 0 4 5 5
-1694.7 8069.4 2.0 34 0 14.4 24.5 10.0 0.0 0 1 4 0 0
2415.4 5288.8 4.8 213 0 41.6 22.5 10.0 0.0 0 0 4 0 0
-3149.6 4757.0 8.3 89 0 22.4 49.2 10.0 2.5 2 1 4 3 3
1743.6 5956.0 4.4 38 0 92.2 58.3 10.0 0.0 0 0 4 3 3
1885.3 6693.4 3.6 308 0 70.9 177.1 10.0 0.0 0 1 4 3 3
-1128.0 8122.2 2.0 215 0 29.3 13.3 7.5 2.5 2 0 3 4 4
-878.3 7879.0 2.4 217 0 154.5 104.9 5.0 0.0 0 0 2 3 3
-1133.6 7744.7 2.5 36 0 109.6 102.2 10.0 0.0 0 0 4 0 0
-1240.9 7549.9 2.8 93 0 16.3 62.1 10.0 2.5 2 1 4 5 5
-5863.9 -980.3 4.9 305 0 10.8 37.4 7.5 2.5 2 1 3 0 0
383.2 7497.1 2.9 307 0 23.1 90.3 7.5 0.0 0 1 3 5 5
4744.6 3521.8 5.7 204 0 5.5 6.3 2.5 2.5 2 1 1 1 1
4775.1 3444.6 5.9 108 0 5.5 37.5 2.5 2.5 2 1 1 0 0
4876.4 3485.0 6.1 18 0 41.5 13.8 7.5 2.5 2 0 3 3 3
-1115.3 7359.2 3.1 273 0 7.3 29.0 5.0 2.5 2 1 2 3 3
-5759.8 2952.3 0.8 270 0 14.7 42.7 5.0 2.5 2 1 2 5 5
-6287.1 -1275.2 7.1 1 0 27.2 9.1 7.5 2.5 2 0 3 2 2
-5535.8 855.6 5.6 86 0 18.4 43.7 7.5 2.5 2 1 3 4 4
-4566.1 4168.4 7.7 282 0 14.0 27.9 10.0 2.5 2 1 4 0 0
-2005.2 7956.0 2.1 126 0 31.0 73.0 15.0 0.0 0 1 6 4 4
-4228.1 3661.4 8.6 90 0 6.6 39.0 7.5 2.5 2 1 3 0 0
1694.7 6606.8 3.7 128 0 74.8 182.0 7.5 0.0 0 1 3 1 1
-2850.0 7316.8 9.4 257 0 46.1 11.7 17.5 0.0 0 0 7 1 1
2332.3 5387.9 4.7 213 0 49.8 17.4 10.0 2.5 2 0 4 5 5
-1741.1 8008.2 2.1 36 0 79.5 28.2 7.5 0.0 0 0 3 4 4
1077.2 7383.1 3.0 37 0 449.5 57.8 7.5 0.0 0 0 3 3 3
-4210.7 4069.7 6.0 180 0 18.5 6.4 5.0 2.5 2 0 2 2 2
-1922.4 7832.0 2.3 127 0 29.8 12.5 7.5 2.5 2 0 3 0 0
2156.8 5602.3 4.6 271 0 11.0 45.7 7.5 2.5 2 1 3 0 0
-1022.7 8102.4 2.1 35 0 31.5 29.7 10.0 0.0 0 0 4 5 5
-6025.2 -1123.0 5.5 38 0 82.0 20.0 7.5 0.0 0 0 3 2 2
-1060.6 8145.9 2.0 306 0 26.3 30.2 10.0 0.0 0 1 4 4 4
-6314.7 -1225.5 7.3 272 0 10.1 26.9 7.5 2.5 2 1 3 4 4
-5693.4 2524.9 5.8 1 0 28.1 12.7 10.0 2.5 2 0 4 5 5
-6006.8 -361.0 4.2 182 0 71.0 11.7 10.0 2.5 2 0 4 0 0
4791.5 3446.9 6.0 109 0 3.8 29.5 7.5 2.5 2 1 3 1 1
-5898.9 -898.3 4.7 218 0 13.1 33.8 10.0 2.5 2 1 4 2 2
-4165.7 4053.0 5.3 0 0 71.2 15.1 12.5 0.0 0 0 5 0 0
3935.6 3814.3 5.5 307 0 10.9 35.8 10.0 2.5 2 1 4 1 1
-4584.3 4172.1 7.7 283 0 6.2 87.4 7.5 2.5 2 1 3 4 4
-1945.7 7858.4 2.2 127 0 24.7 9.8 7.5 2.5 2 0 3 1 1
-5711.0 2573.3 6.2 291 0 29.4 7.7 5.0 2.5 2 0 2 5 5
2131.3 5512.5 4.7 94 0 12.2 31.5 7.5 2.5 2 1 3 3 3
-6152.2 8.5 -14.0 271 0 11.8 48.2 10.0 2.5 2 1 4 0 0
-1095.8 7354.7 3.1 184 0 6.4 13.5 5.0 2.5 4 1 2 2 2
-1190.4 7597.3 2.7 37 0 9.7 37.4 7.5 2.5 4 1 3 1 1
-2880.8 7253.1 7.8 77 0 26.5 50.1 10.0 0.0 0 1 4 4 4
-1856.4 7821.7 2.3 126 0 28.2 34.8 10.0 0.0 0 1 4 1 1
2185.2 5506.7 4.7 91 0 15.1 39.6 15.0 0.0 0 1 6 4 4
-6265.3 -1371.0 7.0 1 0 29.1 8.4 2.5 2.5 2 0 1 3 3
-780.4 8008.4 2.2 213 0 137.6 100.5 10.0 0.0 0 0 4 5 5
-6293.0 -1215.6 7.1 272 0 14.9 35.1 7.5 2.5 2 1 3 4 4
-5685.6 2568.0 6.1 290 0 17.3 8.3 7.5 2.5 2 0 3 2 2
-5751.0 2570.9 6.1 272 0 13.2 75.5 7.5 2.5 2 1 3 3 3
-5004.1 -1616.5 6.5 170 0 37.0 61.8 7.5 0.0 0 1 3 5 5
-3137.2 4861.2 7.9 359 0 46.5 23.5 7.5 0.0 0 0 3 1 1
-4646.5 4041.1 6.1 199 0 28.4 8.6 5.0 2.5 2 0 2 5 5
-4913.8 3488.3 6.5 312 0 49.5 22.6 10.0 2.5 2 0 4 5 5
2237.0 5351.1 4.8 43 0 14.4 26.7 7.5 2.5 2 1 3 0 0
-2817.1 -8122.6 4.4 78 0 7.8 25.5 5.0 2.5 4 1 2 4 4
853.8 -7490.9 0.4 165 0 6.4 43.8 7.5 2.5 4 1 3 5 5
-5649.4 -6667.4 4.5 202 0 19.3 8.8 5.0 2.5 2 0 2 2 2
892.5 -7463.0 0.6 345 0 7.4 45.0 7.5 2.5 2 1 3 0 0
-5746.6 -7020.0 2.2 198 0 14.2 37.0 7.5 2.5 2 1 3 0 0
-2111.0 -8301.0 4.5 266 0 5.6 22.6 5.0 2.5 2 1 2 3 3
-2714.8 -7738.9 6.4 78 0 10.5 15.6 7.5 2.5 2 1 3 1 1
-3549.0 -8171.3 4.2 85 0 10.0 42.3 10.0 2.5 2 1 4 0 0
-3253.4 -7371.7 5.6 359 0 30.3 10.4 7.5 2.5 2 0 3 2 2
-3456.0 -8473.0 3.3 354 0 49.2 48.1 7.5 0.0 0 0 3 4 4
-6842.6 4582.8 6.1 92 0 15.9 44.7 14.0 3.5 2 1 4 4 4
-2886.1 -7874.1 6.4 261 0 14.0 87.3 7.5 2.5 2 1 3 4 4
-2845.8 -6536.1 6.2 266 0 12.8 109.3 5.0 2.5 2 1 2 3 3
-5723.8 -6526.6 5.1 16 0 14.6 9.3 2.5 2.5 2 0 1 2 2
-2145.2 -8285.5 4.8 177 0 37.0 8.9 7.5 2.5 2 0 3 0 0
-5709.3 -6940.1 2.2 103 0 41.5 19.2 7.5 2.5 2 0 3 5 5
-3265.8 -7448.6 5.8 358 0 12.1 23.2 7.5 2.5 4 1 3 2 2
-3501.7 -8221.6 4.1 81 0 73.1 11.1 10.0 0.0 0 0 4 3 3
759.5 -6927.6 3.8 81 0 6.2 25.1 7.5 2.5 2 1 3 3 3
-5728.2 -6559.2 5.1 10 0 18.8 12.5 2.5 2.5 2 0 1 1 1
-5701.2 -6482.5 5.3 197 0 14.3 8.5 7.5 2.5 2 0 3 2 2
-5520.2 -6912.9 2.9 198 0 64.5 12.2 12.5 2.5 2 0 5 4 4
774.2 -6917.3 3.5 82 0 11.6 19.3 10.0 2.5 2 1 4 3 3
-2386.9 -6378.2 5.6 68 0 10.1 17.4 5.0 0.0 0 1 2 3 3
-5766.8 -6406.9 5.7 14 0 11.3 7.8 2.5 2.5 4 0 1 1 1
-5591.6 -6647.4 4.5 25 0 15.7 9.6 5.0 2.5 2 0 2 5 5
-5436.4 -6894.6 4.2 289 0 35.7 12.0 10.0 2.5 2 0 4 4 4
-2360.2 -5983.5 7.0 164 0 41.7 16.2 10.0 2.5 2 0 4 5 5
-5395.8 -6807.4 3.9 96 0 18.3 49.4 12.5 2.5 2 1 5 3 3
-5596.3 -6780.5 3.7 290 0 19.1 39.0 7.5 2.5 2 1 3 0 0
-5365.2 -6814.9 3.9 97 0 27.0 36.3 7.5 0.0 0 1 3 4 4
-2122.0 -8274.4 4.8 265 0 5.5 26.7 5.0 2.5 2 1 2 2 2
-2091.8 -8361.7 4.5 88 0 13.4 13.8 5.0 2.5 2 1 2 1 1
-2676.5 -7992.5 5.5 350 0 79.7 28.0 12.5 0.0 0 0 5 5 5
-2852.5 -6681.2 6.7 85 0 12.0 46.5 7.5 0.0 0 1 3 0 0
-2837.3 -6680.0 7.0 85 0 12.9 27.9 10.0 2.5 2 1 4 0 0
899.1 -7462.2 0.5 254 0 6.3 21.0 5.0 2.5 2 1 2 2 2
-5431.6 -6944.7 3.7 17 0 15.1 34.2 7.5 2.5 2 1 3 1 1
-3299.5 -7531.7 6.5 88 0 10.7 34.5 10.0 2.5 2 1 4 3 3
-3116.7 -8427.4 3.7 249 0 6.1 45.2 7.5 2.5 2 1 3 5 5
-2570.6 -6298.7 6.6 342 0 89.8 9.9 7.5 2.5 2 0 3 5 5
-2862.9 -6537.7 6.2 266 0 10.6 92.0 7.5 2.5 2 1 3 1 1
-5733.9 -6626.4 4.7 104 0 6.0 16.2 7.5 2.5 2 1 3 5 5
-5680.5 -6662.2 4.8 110 0 5.8 14.1 5.0 2.5 2 1 2 3 3
792.4 -6863.9 3.1 260 0 7.4 48.2 7.5 2.5 2 1 3 2 2
-3137.0 -8434.8 3.7 250 0 26.5 27.6 10.0 0.0 0 1 4 2 2
-5476.9 -6517.7 5.1 290 0 36.1 30.1 10.0 0.0 0 0 4 0 0
-2552.8 -6361.4 7.4 344 0 27.3 7.7 2.5 2.5 4 0 1 0 0
941.9 -6810.5 3.8 318 0 16.0 5.6 7.5 2.5 2 0 3 0 0
-5847.6 -6205.6 6.6 244 0 11.0 15.5 5.0 2.5 4 1 2 2 2
-5740.5 -6507.2 5.2 282 0 10.4 23.1 2.5 2.5 2 1 1 3 3
-5439.2 -6123.8 7.1 22 0 33.9 13.8 7.5 2.5 2 0 3 2 2
-5728.1 -6647.7 4.5 103 0 11.4 35.3 7.5 0.0 0 1 3 2 2
-5101.3 -7309.0 3.2 116 0 18.6 14.0 7.5 0.0 0 0 3 0 0
-5154.8 -7237.9 3.3 111 0 15.7 28.7 12.5 2.5 2 1 5 1 1
-5664.9 -6628.6 4.8 18 0 7.9 13.5 7.5 2.5 2 1 3 0 0
-6108.2 3341.0 4.3 266 0 14.7 7.9 7.5 0.0 0 0 3 1 1
935.1 -6861.1 3.6 55 0 7.1 18.7 5.0 2.5 2 1 2 3 3
958.8 -6830.5 3.7 321 0 15.5 7.0 7.5 2.5 2 0 3 3 3
-5820.6 -6191.5 6.7 67 0 7.1 18.9 7.5 0.0 0 1 3 4 4
-3365.2 -8477.4 3.5 75 0 9.6 104.4 7.5 2.5 4 1 3 4 4
-2828.9 -8022.2 5.7 349 0 38.6 10.8 12.5 2.5 2 0 5 4 4
-5664.1 -6500.1 5.3 108 0 8.0 11.0 7.5 2.5 2 1 3 3 3
-2703.3 -7696.2 5.9 349 0 42.5 8.7 7.5 2.5 2 0 3 0 0
-5700.3 -6843.0 2.7 191 0 9.4 54.4 7.5 2.5 2 1 3 0 0
-2115.8 -8363.9 4.6 85 0 7.7 15.5 5.0 2.5 4 1 2 0 0
-3260.6 -8447.6 3.6 69 0 18.4 91.1 10.0 0.0 0 1 4 2 2
-3310.0 -7468.1 5.9 176 0 53.9 13.7 10.0 2.5 2 0 4 4 4
-2938.8 -7881.6 6.4 261 0 10.0 89.9 7.5 2.5 4 1 3 0 0
-6100.2 3324.3 3.2 266 0 43.0 44.7 12.5 0.0 0 1 5 4 4
-3306.0 -8465.3 3.5 69 0 14.0 104.6 5.0 2.5 2 1 2 4 4
-4485.9 4291.7 5.8 84 0 7.4 30.1 5.0 2.5 2 1 2 2 2
-6607.4 9567.8 1.1 115 0 77.6 29.9 10.5 0.0 0 0 3 3 3
-6814.5 9757.8 3.7 206 0 51.2 32.9 14.0 0.0 0 0 4 0 0
-6742.3 9723.4 3.3 25 0 50.0 34.9 14.0 0.0 0 0 4 2 2
-6539.7 4488.9 5.0 0 0 87.5 94.4 10.5 0.0 0 1 3 3 3
-4524.7 4066.0 9.5 106 0 36.6 9.9 7.5 2.5 4 0 3 3 3
-6600.9 9457.3 1.3 294 0 37.2 86.0 14.0 0.0 0 1 4 0 0
-5898.5 4076.0 3.9 5 0 14.5 74.9 10.0 2.5 2 1 4 5 5
-6289.3 6347.3 5.1 202 0 38.1 12.7 14.0 3.5 2 0 4 4 4
-6776.1 2628.1 5.2 284 0 28.5 60.6 12.5 0.0 0 1 5 1 1
-5025.6 5862.2 7.4 2 0 75.2 8.6 7.5 2.5 4 0 3 4 4
-5947.7 4427.2 6.6 92 0 5.9 33.9 5.0 2.5 2 1 2 4 4
-6203.0 6136.3 5.8 22 0 11.6 26.9 14.0 0.0 0 1 4 1 1
-5218.3 6126.7 5.9 273 0 8.2 42.9 7.5 2.5 2 1 3 5 5
-5680.7 2832.1 2.1 108 0 104.5 18.4 10.0 0.0 0 0 4 3 3
-6629.6 440.6 6.9 181 0 59.9 23.5 7.5 2.5 4 0 3 1 1
-6842.9 -76.7 4.0 181 0 54.5 16.6 10.0 2.5 2 0 4 1 1
-5661.3 2960.6 0.7 271 0 10.7 33.3 15.0 0.0 0 1 6 2 2
-5973.6 6402.4 6.2 21 0 47.8 12.8 14.0 3.5 2 0 4 2 2
-5200.1 6082.1 5.8 95 0 28.1 10.3 10.0 2.5 2 0 4 2 2
-6742.5 2588.6 5.3 14 0 62.3 25.2 12.5 2.5 4 0 5 3 3
-5183.8 6122.5 5.7 3 0 7.3 28.9 7.5 2.5 2 1 3 1 1
-5788.1 2579.5 6.2 271 0 15.5 27.3 7.5 2.5 2 1 3 0 0
-5982.0 6442.8 6.2 204 0 7.8 11.0 10.5 0.0 0 1 3 1 1
-5920.4 4459.2 6.3 273 0 7.0 34.7 5.0 2.5 2 1 2 3 3
-6827.3 2662.0 5.7 283 0 17.7 59.1 7.5 2.5 2 1 3 2 2
-5894.6 6468.5 5.8 199 0 33.2 112.7 14.0 0.0 0 1 4 3 3
-5306.6 6466.2 3.0 0 0 18.3 8.4 7.5 0.0 0 0 3 2 2
-5849.1 2606.2 6.3 282 0 170.8 8.6 7.5 2.5 4 0 3 3 3
-6016.1 6427.5 6.2 242 0 31.5 12.9 14.0 3.5 2 0 4 0 0
-6526.5 529.3 -1.5 1 0 65.7 62.6 12.5 0.0 0 0 5 2 2
-6602.8 6000.2 2.0 278 0 8.2 52.4 10.5 3.5 2 1 3 2 2
-4950.2 6156.9 6.4 91 0 7.5 40.2 7.5 2.5 4 1 3 1 1
-6310.0 6273.3 5.5 110 0 13.6 48.5 14.0 3.5 2 1 4 5 5
-6264.4 6237.5 6.1 290 0 12.4 58.7 14.0 3.5 2 1 4 5 5
-6830.5 3019.5 1.5 1 0 54.7 26.9 15.0 2.5 2 0 6 3 3
-6390.6 408.9 -0.1 1 0 117.4 200.2 12.5 0.0 0 1 5 4 4
-5874.3 6421.9 6.1 111 0 70.8 7.4 10.5 3.5 2 0 3 4 4
-6231.5 6205.5 6.0 288 0 14.8 48.2 14.0 3.5 2 1 4 1 1
-6096.8 6476.0 5.8 60 0 14.9 34.0 17.5 3.5 2 1 5 3 3
-4963.1 6615.5 6.2 282 0 49.4 100.1 12.5 0.0 0 1 5 0 0
-6681.8 529.9 6.6 181 0 65.6 62.7 10.0 0.0 0 0 4 1 1
-6761.4 5951.9 1.5 187 0 7.5 34.7 7.5 0.0 0 1 3 2 2
-5657.6 2902.5 0.9 360 0 34.6 9.9 7.5 2.5 4 0 3 0 0
-6043.1 2686.5 7.6 92 0 7.8 35.8 7.5 2.5 2 1 3 3 3
-6086.8 5855.2 2.7 86 0 16.5 50.5 7.5 2.5 2 1 3 2 2
-6759.7 5235.2 3.2 295 0 11.0 53.0 10.0 2.5 2 1 4 4 4
-4924.3 6107.7 6.3 181 0 30.8 16.5 5.0 2.5 2 0 2 3 3
-4913.3 6170.2 6.4 285 0 15.0 30.6 10.0 2.5 2 1 4 2 2
-4194.7 6343.4 1.8 91 0 82.6 40.8 10.0 0.0 0 0 4 3 3
1600.9 7146.0 3.2 37 0 264.5 91.6 10.0 0.0 0 0 4 2 2
2469.3 -10090.6 9.5 356 0 42.9 10.6 10.0 2.5 2 0 4 3 3
2147.9 -10082.1 5.2 86 0 10.0 64.3 7.5 2.5 2 1 3 5 5
2254.6 -10071.0 7.2 85 0 10.4 65.0 7.5 2.5 2 1 3 4 4
2311.5 -10066.2 8.2 84 0 10.4 64.5 7.5 2.5 2 1 3 1 1
2401.0 -10087.3 8.4 175 0 61.9 10.9 12.5 2.5 2 0 5 2 2
2341.1 -10063.9 8.8 84 0 10.5 64.6 10.0 2.5 2 1 4 2 2
2200.0 -10078.5 6.2 85 0 9.7 61.7 7.5 0.0 0 1 3 4 4
2436.9 -10114.6 8.9 85 0 11.0 46.1 10.0 0.0 0 1 4 5 5
2174.3 -10079.8 5.6 86 0 10.9 64.8 10.0 2.5 4 1 4 1 1
2453.7 -9992.1 10.9 266 0 13.5 25.3 12.5 2.5 2 1 5 3 3
2284.3 -10068.0 7.7 84 0 10.2 64.6 7.5 0.0 0 1 3 2 2
2369.8 -10061.1 9.3 85 0 10.7 64.6 7.5 0.0 0 1 3 1 1
2426.4 -9990.1 10.5 266 0 11.1 46.4 7.5 2.5 4 1 3 3 3
2398.4 -9992.7 10.1 266 0 11.2 46.6 10.0 2.5 4 1 4 2 2
2227.8 -10075.5 6.7 85 0 9.9 61.2 7.5 2.5 2 1 3 2 2
-5747.7 2431.5 6.2 90 0 12.6 47.2 7.5 2.5 2 1 3 5 5
-4864.9 319.3 6.7 70 0 24.8 30.4 7.5 0.0 0 1 3 5 5
-5876.6 2596.6 6.7 270 0 12.9 47.2 7.5 2.5 2 1 3 5 5
-4796.5 2181.4 5.5 209 0 36.5 7.3 7.5 2.5 2 0 3 3 3
-5717.5 2414.4 5.3 91 0 13.3 63.7 10.0 2.5 2 1 4 4 4
-4806.3 2119.4 5.6 183 0 12.6 7.0 7.5 2.5 2 0 3 1 1
-5972.2 2479.3 7.3 91 0 12.2 44.1 12.5 2.5 2 1 5 2 2
-4760.4 2099.0 5.3 96 0 56.5 72.0 10.0 0.0 0 1 4 3 3
-5908.1 2587.1 6.8 270 0 12.5 59.1 12.5 2.5 2 1 5 2 2
-5784.0 2497.2 6.2 90 0 12.1 42.6 7.5 2.5 2 1 3 3 3
-5910.6 2463.9 7.0 90 0 11.1 46.2 7.5 2.5 2 1 3 2 2
-5844.8 2588.9 6.5 271 0 12.8 76.9 7.5 2.5 2 1 3 0 0
-5848.4 2447.9 6.7 90 0 12.0 46.2 10.0 2.5 4 1 4 4 4
-4814.9 2143.9 5.9 121 0 5.6 8.5 2.5 2.5 2 1 1 1 1
-5941.4 2471.6 7.2 90 0 12.0 46.4 7.5 2.5 2 1 3 4 4
-4757.5 2240.9 5.3 300 0 7.4 46.7 7.5 2.5 2 1 3 4 4
-4933.0 2059.4 7.2 257 0 13.1 16.7 5.0 0.0 0 1 2 1 1
-5939.6 2612.2 6.9 269 0 12.8 76.1 7.5 2.5 2 1 3 5 5
-5813.9 2584.7 6.4 270 0 12.1 79.8 7.5 0.0 0 1 3 4 4
-5879.5 2455.5 6.9 90 0 11.4 46.0 7.5 2.5 2 1 3 0 0
-5817.7 2439.7 6.5 91 0 11.2 46.4 12.5 0.0 0 1 5 5 5
-4945.6 2022.7 7.4 78 0 11.0 7.9 5.0 2.5 2 0 2 3 3
-5969.8 2614.7 7.1 270 0 12.8 73.3 10.0 2.5 2 1 4 5 5
-3459.7 -8973.1 1.8 355 0 9.0 6.4 5.0 2.5 2 0 2 1 1
-3448.0 -8803.7 2.5 264 0 47.9 15.4 7.5 2.5 2 0 3 3 3
-3322.7 -8799.1 2.6 355 0 15.1 48.9 7.5 2.5 2 1 3 2 2
-3742.1 -9010.9 1.3 175 0 49.2 96.2 10.0 0.0 0 1 4 5 5
-3332.9 -8856.7 2.4 85 0 30.0 40.2 12.5 0.0 0 1 5 0 0
-3435.6 -9094.1 -0.2 265 0 77.5 235.3 10.0 0.0 0 1 4 3 3
-3450.9 -8783.4 3.0 85 0 47.7 121.1 7.5 0.0 0 1 3 5 5
-3557.4 -9018.8 1.4 85 0 96.9 48.7 10.0 0.0 0 0 4 3 3
-3320.5 -9082.8 0.5 265 0 47.4 234.5 7.5 0.0 0 1 3 1 1
-3285.9 -8645.4 2.2 265 0 47.8 346.3 10.0 0.0 0 1 4 5 5
-3645.7 -9271.5 -0.3 88 0 22.0 12.7 7.5 2.5 2 0 3 2 2
-3294.8 -9360.8 0.3 85 0 47.8 24.2 7.5 0.0 0 0 3 1 1
-3432.0 -8983.1 1.6 265 0 48.8 24.1 7.5 2.5 2 0 3 2 2
-3347.5 -9002.3 1.4 265 0 12.7 33.4 7.5 2.5 2 1 3 5 5
-3433.9 -8958.7 1.9 85 0 48.5 120.8 10.0 0.0 0 1 4 1 1
-3321.5 -8864.0 1.8 265 0 7.8 132.7 7.5 0.0 0 1 3 5 5
-4142.5 -8403.3 3.4 238 0 10.9 21.0 5.0 0.0 0 1 2 3 3
-3350.0 -8774.0 3.0 85 0 48.6 18.8 7.5 2.5 2 0 3 3 3
-3825.6 -8419.2 3.3 176 0 57.0 10.3 7.5 2.5 2 0 3 0 0
-3151.7 -9302.2 0.6 86 0 36.5 95.6 7.5 0.0 0 1 3 3 3
-3255.7 -9076.6 1.0 264 0 29.9 235.3 7.5 0.0 0 1 3 4 4
-4189.4 -8394.3 3.4 249 0 8.6 19.2 2.5 2.5 4 1 1 3 3
-4185.0 -8428.9 3.3 59 0 52.8 11.3 7.5 2.5 2 0 3 4 4
-4159.8 -8398.6 3.4 69 0 6.7 18.2 7.5 0.0 0 1 3 3 3
-3216.1 -9128.1 1.1 355 0 47.8 13.0 7.5 2.5 2 0 3 4 4
-3218.8 -9170.1 0.6 265 0 13.6 42.0 12.5 2.5 2 1 5 4 4
-765.5 -10716.0 -3.3 338 0 66.4 13.8 7.5 2.5 2 0 3 5 5
-2651.2 -4720.5 6.9 107 0 231.2 48.1 12.5 0.0 0 0 5 3 3
-2350.6 -4814.3 8.6 107 0 104.5 48.4 12.5 0.0 0 0 5 4 4
-2471.5 -4776.3 8.2 108 0 105.7 48.9 10.0 0.0 0 0 4 0 0
-3443.5 -9452.9 0.4 175 0 9.6 56.4 7.5 2.5 2 1 3 2 2
-3445.0 -9425.6 -0.3 175 0 25.1 78.4 7.5 0.0 0 1 3 5 5
-4298.9 -8507.0 2.3 255 0 18.5 78.3 7.5 2.5 2 1 3 4 4
-3450.8 -9363.3 -0.6 175 0 24.6 77.9 5.0 0.0 0 1 2 4 4
-4323.3 -8553.8 2.2 165 0 78.5 18.4 10.0 0.0 0 0 4 5 5
-3447.8 -9401.6 -0.3 175 0 12.1 78.4 7.5 2.5 2 1 3 0 0
-6913.3 10496.8 0.7 205 0 96.2 47.8 14.0 0.0 0 0 4 0 0
-6434.7 8249.1 2.4 205 0 136.4 128.8 17.5 0.0 0 0 5 1 1
-6253.5 8185.4 8.8 295 0 70.7 107.9 17.5 0.0 0 1 5 5 5
-6312.8 7987.4 3.6 25 0 103.4 67.0 17.5 0.0 0 0 5 5 5
-6787.1 9805.2 3.6 204 0 36.4 29.2 14.0 0.0 0 0 4 2 2
-6727.6 9778.4 3.3 24 0 36.4 29.2 14.0 0.0 0 0 4 1 1
-6727.1 9866.0 4.0 24 0 36.4 29.2 14.0 0.0 0 0 4 5 5
-6694.0 9851.2 3.8 24 0 36.4 29.2 14.0 0.0 0 0 4 4 4
-6709.4 9905.5 4.3 24 0 36.4 29.2 14.0 0.0 0 0 4 0 0
-6676.7 9890.5 4.1 24 0 36.4 29.2 14.0 0.0 0 0 4 4 4
-6685.1 9996.6 2.2 294 0 29.2 36.4 14.0 0.0 0 1 4 5 5
-6651.6 9981.6 2.2 294 0 29.2 36.4 14.0 0.0 0 1 4 5 5
-6900.8 9442.1 3.1 204 0 66.3 30.9 14.0 0.0 0 0 4 5 5
-6863.5 9424.6 3.2 204 0 66.3 30.9 14.0 0.0 0 0 4 3 3
-6829.3 9500.4 3.6 204 0 66.3 30.9 14.0 0.0 0 0 4 2 2
-6867.5 9517.0 3.6 204 0 66.3 30.9 14.0 0.0 0 0 4 3 3
-6904.7 9535.7 3.6 204 0 66.3 30.9 14.0 0.0 0 0 4 0 0
-6909.6 9627.8 4.0 205 0 66.3 30.9 14.0 0.0 0 0 4 0 0
-6870.8 9610.0 4.0 204 0 66.3 30.9 14.0 0.0 0 0 4 0 0
-6833.0 9592.5 3.9 204 0 66.3 30.9 14.0 0.0 0 0 4 2 2
-6766.7 9561.3 3.5 24 0 66.3 30.9 14.0 0.0 0 0 4 1 1
-6608.3 9944.6 2.1 24 0 54.1 24.3 14.0 3.5 2 0 4 4 4
-6542.7 9914.8 2.1 24 0 54.1 24.3 14.0 3.5 2 0 4 5 5
-6571.8 9927.4 2.1 24 0 53.0 31.6 14.0 0.0 0 0 4 4 4
-6596.7 9801.9 3.1 25 0 39.2 13.8 14.0 3.5 2 0 4 4 4
-6703.5 9708.8 2.8 23 0 53.3 31.5 14.0 0.0 0 0 4 4 4
-5847.1 9297.7 1.3 114 0 19.0 49.9 14.0 3.5 2 0 4 5 5
-5863.0 9382.9 0.9 115 0 32.4 48.8 14.0 0.0 0 1 4 4 4
-5835.7 9514.7 1.1 295 0 10.1 54.1 14.0 3.5 2 0 4 1 1
-5822.8 9508.6 1.0 295 0 18.5 54.1 14.0 3.5 2 0 4 3 3
-5797.9 9498.2 1.1 294 0 12.3 48.9 14.0 3.5 2 1 4 2 2
-5782.0 9491.8 1.0 294 0 12.3 48.9 14.0 3.5 2 1 4 3 3
-5759.1 9481.1 1.0 295 0 12.9 48.9 14.0 3.5 2 1 4 3 3
-5691.2 9655.1 0.8 115 0 40.2 96.7 14.0 0.0 0 1 4 5 5
-5691.4 9443.0 0.9 205 0 101.5 40.9 17.5 0.0 0 0 5 4 4
-5640.8 9552.0 2.2 204 0 102.8 39.6 17.5 0.0 0 0 5 5 5
-5592.5 9663.2 1.1 205 0 99.6 40.7 17.5 0.0 0 0 5 4 4
-5495.7 9824.7 -1.3 294 0 39.6 114.8 17.5 0.0 0 1 5 1 1
-5596.3 9812.7 -0.8 25 0 106.6 41.1 14.0 0.0 0 0 4 2 2
-5538.2 9944.6 -1.0 25 0 110.1 39.5 17.5 0.0 0 0 5 0 0
-5484.5 9853.3 -1.4 115 0 39.9 133.6 17.5 0.0 0 1 5 3 3
-6418.1 9486.1 0.6 115 0 218.0 25.0 10.5 0.0 0 0 3 0 0
-6686.1 9624.2 2.6 25 0 45.8 179.7 14.0 0.0 0 1 4 2 2
-6877.8 8380.9 3.6 294 0 14.2 52.9 17.5 3.5 2 1 5 3 3
-6853.0 8367.1 3.7 295 0 8.8 48.9 10.5 3.5 2 1 3 0 0
-6829.1 8355.9 3.8 295 0 12.1 51.3 17.5 3.5 2 1 5 0 0
-6810.2 8319.2 3.9 25 0 51.9 12.1 17.5 3.5 4 0 5 5 5
-6900.5 8261.6 3.8 114 0 12.1 49.7 17.5 3.5 2 1 5 1 1
-6928.1 8202.4 3.8 114 0 12.1 49.7 17.5 3.5 2 1 5 2 2
-6836.1 8261.5 4.0 24 0 49.7 12.1 17.5 3.5 2 0 5 2 2
-6863.9 8202.8 4.0 24 0 49.7 12.1 17.5 3.5 4 0 5 2 2
-6861.6 8272.7 3.9 24 0 49.7 12.1 17.5 3.5 2 0 5 3 3
-6904.5 8192.2 3.9 114 0 12.1 49.7 17.5 3.5 2 1 5 1 1
-6769.5 8129.4 4.5 114 0 12.1 47.9 17.5 3.5 2 1 5 4 4
-6728.1 8208.9 2.4 24 0 47.9 12.1 17.5 3.5 2 0 5 3 3
-6743.2 8242.6 3.8 294 0 12.1 47.9 17.5 3.5 2 1 5 2 2
-6788.5 8140.2 4.4 114 0 12.1 47.9 17.5 3.5 2 1 5 3 3
-6812.0 8150.8 4.3 114 0 12.1 47.9 17.5 3.5 2 1 5 0 0
-6765.0 8252.8 4.1 294 0 12.1 47.9 17.5 3.5 2 1 5 3 3
-6803.0 8243.0 4.1 204 0 47.9 12.1 17.5 3.5 4 0 5 5 5
-6829.9 8184.8 4.2 204 0 47.9 12.1 17.5 3.5 2 0 5 5 5
-6871.5 8662.7 1.7 114 0 11.2 57.2 14.0 3.5 2 1 4 3 3
-6946.7 8877.4 2.1 294 0 48.7 14.0 14.0 0.0 0 0 4 2 2
-6895.9 8854.5 2.0 294 0 50.2 14.0 14.0 3.5 2 0 4 0 0
-6844.4 8831.8 1.3 293 0 49.2 14.0 14.0 3.5 2 0 4 2 2
-6789.2 8806.9 1.2 294 0 44.7 14.0 14.0 3.5 2 0 4 0 0
-6742.3 8785.4 2.0 294 0 44.7 14.0 14.0 3.5 2 0 4 5 5
-6692.9 8763.6 2.8 294 0 44.7 14.0 14.0 3.5 2 0 4 0 0
-6645.8 8742.4 3.1 294 0 44.7 14.0 14.0 3.5 2 0 4 0 0
-6842.6 8801.5 1.6 294 0 10.5 58.7 14.0 3.5 4 1 4 2 2
-6907.9 8658.7 2.9 114 0 12.4 41.2 14.0 3.5 2 1 4 5 5
-6888.7 8705.5 2.0 113 0 9.5 37.4 10.5 3.5 2 1 3 0 0
-6914.0 8718.0 2.8 113 0 9.5 37.4 10.5 3.5 2 1 3 5 5
-6936.9 8748.9 2.6 203 0 37.4 9.5 10.5 3.5 2 0 3 1 1
-6753.0 8649.3 2.0 115 0 21.4 45.3 14.0 3.5 2 1 4 5 5
-6783.6 8663.5 1.9 113 0 9.9 44.9 10.5 3.5 4 1 3 1 1
-6741.4 8758.3 1.7 294 0 11.4 46.0 14.0 3.5 2 1 4 4 4
-6715.7 8745.3 2.1 294 0 11.4 46.0 14.0 3.5 2 1 4 1 1
-6688.9 8733.9 2.8 294 0 11.4 46.0 14.0 3.5 2 1 4 4 4
-6661.2 8721.5 2.9 295 0 10.0 47.5 14.0 3.5 2 1 4 1 1
-6777.8 8600.2 1.9 114 0 11.4 46.0 14.0 3.5 2 1 4 2 2
-6803.9 8611.9 1.4 114 0 11.4 46.0 14.0 3.5 2 1 4 4 4
-6730.5 8638.2 2.2 114 0 11.4 46.0 14.0 3.5 2 1 4 3 3
-6751.7 8589.2 2.2 114 0 11.4 46.0 14.0 0.0 0 1 4 3 3
-6725.0 8576.1 2.3 114 0 11.4 46.0 14.0 3.5 4 1 4 1 1
-6689.1 8645.0 2.3 24 0 46.0 11.4 14.0 3.5 4 0 4 3 3
-6644.5 8685.8 3.1 24 0 46.0 11.4 14.0 3.5 2 0 4 5 5
-6667.1 8635.4 2.9 24 0 46.0 11.4 14.0 3.5 2 0 4 1 1
-6703.0 8568.7 2.6 114 0 11.4 46.0 14.0 3.5 2 1 4 1 1
-6924.2 8570.7 3.1 114 0 9.3 47.6 10.5 0.0 0 1 3 5 5
-6749.4 8559.0 1.7 295 0 11.1 15.8 17.5 3.5 2 1 5 5 5
-6779.0 8581.7 1.5 294 0 81.3 7.0 10.5 3.5 2 0 3 3 3
-6800.7 8480.9 2.7 24 0 8.6 37.3 10.5 3.5 2 0 3 3 3
-6824.7 8409.2 3.7 114 0 10.3 17.7 17.5 3.5 2 0 5 0 0
-6877.9 8411.3 3.5 114 0 34.7 12.4 17.5 3.5 2 0 5 5 5
-6842.9 8395.5 3.7 114 0 42.1 9.3 10.5 3.5 2 0 3 4 4
-6815.0 8383.0 3.8 114 0 19.2 14.0 17.5 3.5 2 0 5 1 1
-6723.8 8554.8 2.2 295 0 25.9 14.2 17.5 3.5 2 0 5 3 3
-6899.5 8422.5 3.5 114 0 7.3 33.7 10.5 3.5 2 1 3 4 4
-6910.4 8457.3 3.3 202 0 17.6 12.8 17.5 3.5 2 0 5 3 3
-6507.5 8530.9 4.0 213 0 14.9 4.9 10.5 3.5 2 0 3 3 3
-6561.8 8429.6 3.7 205 0 37.8 8.5 10.5 3.5 2 0 3 0 0
-6547.6 8460.7 3.7 206 0 20.0 5.8 10.5 3.5 2 0 3 5 5
-976.0 8187.9 2.0 306 0 29.5 66.7 7.5 0.0 0 1 3 1 1
-927.8 8285.2 1.8 306 0 63.2 39.4 7.5 0.0 0 0 3 1 1
-957.1 8244.5 1.9 305 0 63.7 47.1 7.5 0.0 0 0 3 2 2
-1008.4 8212.9 1.9 306 0 29.6 69.1 7.5 0.0 0 1 3 5 5
-1191.6 8347.4 1.7 217 0 41.4 55.2 10.0 0.0 0 1 4 0 0
-1066.0 8274.5 1.8 306 0 105.4 82.6 10.0 0.0 0 0 4 4 4
-5997.7 6890.7 8.7 334 0 11.1 64.5 17.5 3.5 4 1 5 0 0
-6094.2 6835.0 10.4 64 0 64.5 11.1 17.5 3.5 2 0 5 4 4
-5895.3 6157.3 6.4 109 0 11.3 41.7 10.0 2.5 2 1 4 1 1
-5921.7 6167.1 6.5 109 0 11.3 41.7 12.5 2.5 2 1 5 2 2
-5950.4 6177.5 6.5 109 0 11.3 41.7 7.5 2.5 4 1 3 2 2
-5977.8 6187.2 6.5 109 0 11.3 41.7 7.5 2.5 2 1 3 1 1
-6137.2 6560.0 6.2 243 0 15.8 44.4 17.5 3.5 2 1 5 3 3
-6163.8 6534.9 4.9 243 0 15.8 47.3 17.5 0.0 0 1 5 0 0
-6189.6 6506.5 4.5 243 0 15.8 47.3 17.5 3.5 2 1 5 2 2
-6214.6 6442.4 4.8 201 0 44.0 15.8 17.5 3.5 2 0 5 5 5
-6215.8 6374.2 5.5 289 0 11.5 27.8 14.0 3.5 4 1 4 3 3
-6240.9 6383.6 5.2 289 0 11.5 27.8 14.0 3.5 2 1 4 4 4
-6226.4 6327.8 5.7 19 0 27.8 11.5 14.0 3.5 2 0 4 5 5
-6262.1 6341.1 5.4 199 0 27.8 11.5 14.0 3.5 2 0 4 2 2
-6259.8 6250.6 5.9 110 0 13.0 60.6 14.0 0.0 0 1 4 4 4
-6285.8 6260.2 5.6 110 0 13.1 60.6 14.0 3.5 2 1 4 3 3
-6316.0 6259.6 5.9 290 0 13.4 49.4 14.0 3.5 2 1 4 4 4
-6288.8 6247.9 6.0 291 0 12.2 57.7 14.0 3.5 2 1 4 3 3
