-5115.1 281.0 -1.3 247 0 13.0 49.9 17.5 3.5 2 1 5 2 2
-5153.0 268.4 -1.1 247 0 11.0 50.1 17.5 3.5 2 1 5 5 5
-5179.2 257.8 -1.0 248 0 11.1 49.9 17.5 3.5 2 1 5 3 3
-5052.2 308.9 -1.4 247 0 13.7 50.8 17.5 3.5 2 1 5 5 5
-5199.1 222.8 -1.1 158 0 49.8 11.6 17.5 3.5 2 0 5 0 0
-5083.6 295.2 -1.3 247 0 13.6 50.4 17.5 3.5 2 1 5 5 5
-5020.5 322.2 -1.3 247 0 13.2 50.7 17.5 3.5 2 1 5 1 1
4345.1 -2196.5 -0.9 14 0 27.2 18.0 7.5 2.5 2 0 3 4 4
4361.0 -2225.6 -0.9 196 0 26.9 17.8 7.5 2.5 2 0 3 5 5
4341.0 -2094.9 -0.8 349 0 27.6 17.9 10.0 2.5 2 0 4 5 5
4335.2 -2230.5 -0.9 17 0 26.5 17.5 10.0 2.5 2 0 4 3 3
4347.0 -2130.8 -0.9 353 0 27.4 17.3 10.0 2.5 2 0 4 0 0
4381.0 -2179.8 -1.0 282 0 16.9 27.3 7.5 2.5 2 1 3 5 5
4348.9 -2258.9 -1.0 203 0 26.7 18.2 10.0 2.5 2 0 4 2 2
-5274.4 -9373.3 -6.9 35 0 59.8 257.0 7.5 0.0 0 1 3 1 1
-3563.6 -10317.2 -6.9 215 0 20.4 101.3 7.5 0.0 0 1 3 4 4
-5721.0 -10719.2 -10.6 216 0 81.3 78.8 7.5 0.0 0 0 3 4 4
-5627.5 -10835.9 -10.9 126 0 79.7 80.4 7.5 0.0 0 1 3 0 0
-5678.8 -10659.7 -10.5 216 0 45.5 78.9 7.5 0.0 0 1 3 5 5
-5529.7 -10766.9 -10.8 36 0 46.6 78.5 7.5 0.0 0 1 3 2 2
-3499.8 -10232.8 -7.6 215 0 20.0 75.3 10.0 2.5 2 1 4 3 3
-3531.1 -10274.7 -7.4 215 0 21.7 101.0 12.5 0.0 0 1 5 5 5
-6543.0 823.4 -1.0 340 0 7.8 30.3 5.0 2.5 2 1 2 5 5
-6551.9 831.6 -1.0 340 0 8.8 34.9 7.5 2.5 2 1 3 5 5
2023.9 4331.0 -1.5 149 0 19.8 8.4 7.5 2.5 2 0 3 5 5
2036.2 4338.0 -1.4 148 0 19.5 7.5 7.5 2.5 2 0 3 3 3
2113.1 4324.4 -1.2 326 0 19.9 15.9 12.5 2.5 2 0 5 5 5
2111.6 4250.5 -0.9 58 0 8.5 20.8 2.5 2.5 2 1 1 5 5
1045.1 5941.9 -2.3 148 0 57.6 11.1 7.5 2.5 2 0 3 4 4
746.6 5989.4 -3.4 150 0 11.4 54.5 12.5 2.5 4 1 5 3 3
740.9 5710.9 -1.6 269 0 13.2 44.5 5.0 2.5 2 1 2 1 1
388.0 5469.2 -1.7 329 0 49.8 11.0 7.5 2.5 2 0 3 1 1
414.9 4939.1 -2.3 60 0 34.5 9.5 7.5 2.5 4 0 3 2 2
496.6 5733.1 -3.2 150 0 31.7 10.6 10.0 0.0 0 0 4 0 0
2608.7 2883.4 -0.3 238 0 28.0 61.1 7.5 0.0 0 1 3 2 2
759.3 5926.6 -3.2 59 0 10.9 74.4 10.0 2.5 2 1 4 0 0
60.6 5424.7 -2.6 60 0 9.3 25.9 7.5 2.5 4 1 3 0 0
680.4 5950.4 -3.6 328 0 13.0 79.0 15.0 2.5 2 1 6 0 0
85.7 5438.6 -2.7 59 0 10.6 31.8 7.5 2.5 2 1 3 2 2
763.1 5918.9 -2.9 240 0 11.2 36.4 5.0 0.0 0 1 2 5 5
60.2 5587.8 -4.1 149 0 14.0 11.0 2.5 2.5 2 0 1 4 4
27.4 5461.8 -3.0 148 0 12.1 23.1 10.0 2.5 4 1 4 1 1
557.3 5765.8 -3.3 58 0 9.4 25.8 7.5 2.5 2 1 3 5 5
931.9 6387.6 -1.3 235 0 20.2 81.3 12.5 0.0 0 1 5 0 0
105.9 5612.7 -4.1 329 0 15.2 10.3 7.5 2.5 2 0 3 4 4
1351.6 5630.6 -2.3 329 0 65.4 11.5 10.0 2.5 2 0 4 2 2
182.2 5532.9 -3.0 59 0 11.4 23.6 7.5 2.5 4 1 3 1 1
537.1 5796.0 -3.3 59 0 11.1 38.9 10.0 2.5 2 1 4 2 2
2643.8 2906.0 -0.4 237 0 28.1 60.8 7.5 0.0 0 1 3 3 3
131.3 5552.5 -3.8 59 0 10.7 55.8 7.5 2.5 2 1 3 4 4
416.5 5069.4 -2.7 150 0 56.7 11.7 10.0 2.5 2 0 4 5 5
614.9 5179.8 -2.5 331 0 41.2 10.9 10.0 2.5 2 0 4 0 0
3954.8 5112.7 -1.5 142 0 20.8 175.8 10.0 0.0 0 1 4 2 2
380.3 5080.3 -2.5 329 0 13.4 11.3 5.0 0.0 0 0 2 0 0
520.4 5700.9 -2.7 60 0 49.2 12.2 10.0 2.5 2 0 4 4 4
99.8 5288.9 -1.9 149 0 57.5 10.9 10.0 2.5 2 0 4 4 4
46.4 5580.6 -4.0 329 0 9.5 34.2 7.5 2.5 2 1 3 1 1
446.2 5119.7 -2.2 239 0 55.2 11.9 10.0 2.5 2 0 4 3 3
136.0 5601.4 -3.7 239 0 10.8 31.9 10.0 2.5 2 1 4 3 3
1415.2 5714.8 -2.3 240 0 11.5 50.6 12.5 2.5 2 1 5 2 2
669.3 5897.7 -3.2 330 0 39.1 13.6 10.0 2.5 2 0 4 2 2
80.7 5391.4 -1.9 239 0 9.8 51.3 7.5 2.5 2 1 3 5 5
704.5 5320.9 -2.3 61 0 12.0 51.5 10.0 2.5 2 1 4 1 1
254.1 5402.5 -1.7 149 0 17.4 11.0 5.0 2.5 2 0 2 4 4
524.1 5131.4 -2.4 149 0 43.5 10.7 7.5 2.5 2 0 3 5 5
163.8 5618.4 -3.7 240 0 10.8 36.6 7.5 2.5 2 1 3 4 4
121.6 5250.1 -2.0 149 0 14.8 136.6 5.0 0.0 0 1 2 4 4
114.4 5327.0 -1.7 151 0 21.2 10.5 5.0 0.0 0 0 2 1 1
803.8 5886.4 -2.8 239 0 47.4 15.7 10.0 2.5 4 0 4 0 0
1147.0 5914.9 -1.6 329 0 38.8 11.4 7.5 2.5 2 0 3 3 3
509.7 5055.1 -2.6 329 0 36.2 11.0 15.0 0.0 0 0 6 0 0
671.4 5300.7 -2.3 60 0 11.3 50.7 10.0 0.0 0 1 4 4 4
386.6 5751.9 -3.4 239 0 10.2 39.6 7.5 2.5 4 1 3 3 3
2715.9 2819.6 -0.3 328 0 73.8 28.9 7.5 0.0 0 0 3 2 2
130.7 5234.6 -2.1 149 0 16.9 19.1 7.5 2.5 2 1 3 1 1
325.5 5735.7 -3.8 60 0 11.4 15.5 10.0 2.5 2 1 4 2 2
127.9 5298.3 -1.9 151 0 38.4 10.4 7.5 2.5 2 0 3 1 1
310.0 5589.1 -2.6 240 0 48.0 11.5 10.0 2.5 2 0 4 3 3
1295.7 5587.5 -2.3 150 0 37.0 10.5 10.0 2.5 2 0 4 5 5
1214.9 5954.3 -1.6 149 0 40.9 10.5 7.5 0.0 0 0 3 3 3
283.7 4985.1 -2.8 149 0 43.2 10.9 10.0 2.5 2 0 4 1 1
446.9 5216.7 -2.4 330 0 65.3 10.6 7.5 2.5 2 0 3 4 4
364.4 5753.6 -3.6 60 0 49.1 12.1 10.0 2.5 2 0 4 2 2
2763.8 2718.3 -0.4 58 0 29.0 60.0 7.5 0.0 0 1 3 1 1
351.1 5684.7 -3.4 60 0 10.6 56.1 10.0 2.5 2 1 4 5 5
318.9 5608.2 -3.2 60 0 10.5 39.9 10.0 2.5 4 1 4 5 5
584.3 5093.2 -2.2 150 0 23.0 11.4 10.0 2.5 2 0 4 5 5
1327.4 5614.7 -2.3 329 0 22.6 11.5 10.0 0.0 0 0 4 0 0
420.1 5162.8 -2.3 60 0 55.4 11.9 10.0 2.5 2 0 4 4 4
479.2 5297.3 -2.3 149 0 49.6 11.0 10.0 2.5 2 0 4 2 2
312.0 4988.0 -2.8 149 0 11.8 23.2 7.5 2.5 2 1 3 2 2
3952.7 4232.3 -0.8 56 0 13.5 65.3 7.5 2.5 2 1 3 4 4
2728.3 2695.3 -0.9 57 0 28.5 60.8 7.5 0.0 0 1 3 5 5
270.5 5012.8 -2.9 149 0 15.0 11.3 5.0 2.5 2 0 2 0 0
557.4 5723.0 -2.7 61 0 23.0 12.1 5.0 2.5 2 0 2 2 2
414.8 5212.9 -2.3 330 0 44.0 9.2 7.5 0.0 0 0 3 5 5
522.8 5326.2 -2.3 329 0 51.1 11.5 7.5 2.5 2 0 3 4 4
278.0 5367.5 -1.8 59 0 10.7 32.9 10.0 2.5 2 1 4 3 3
295.1 5035.1 -2.9 240 0 9.5 25.3 2.5 2.5 2 1 1 5 5
314.4 5489.8 -1.8 149 0 43.9 10.5 10.0 2.5 2 0 4 1 1
590.1 5910.1 -3.6 239 0 13.5 73.1 10.0 2.5 4 1 4 3 3
2335.7 5095.4 -1.8 133 0 38.1 11.7 14.0 3.5 2 0 4 2 2
206.8 5546.8 -3.1 59 0 10.8 36.3 10.0 2.5 2 1 4 5 5
345.1 5439.3 -1.8 150 0 57.9 10.6 10.0 2.5 2 0 4 3 3
2436.9 5141.6 -1.2 44 0 12.4 42.6 14.0 3.5 2 1 4 0 0
539.4 5740.6 -3.3 61 0 10.9 39.2 7.5 2.5 2 1 3 2 2
478.0 5389.3 -2.2 240 0 10.7 43.5 5.0 2.5 2 1 2 1 1
273.2 5447.7 -1.6 330 0 43.3 10.4 10.0 2.5 2 0 4 5 5
1074.7 5990.8 -2.4 239 0 56.3 12.4 7.5 2.5 2 0 3 1 1
2360.2 5112.7 -1.1 133 0 40.0 12.1 14.0 3.5 2 0 4 5 5
292.0 5473.8 -1.9 329 0 67.5 10.7 10.0 0.0 0 0 4 1 1
412.3 4959.0 -2.8 59 0 11.3 58.4 10.0 2.5 2 1 4 5 5
843.8 6030.9 -2.9 150 0 59.6 12.5 7.5 2.5 2 0 3 5 5
651.2 5861.7 -3.1 60 0 12.6 38.4 7.5 0.0 0 1 3 0 0
2387.5 5130.9 -1.2 133 0 39.3 11.3 14.0 3.5 2 0 4 1 1
682.3 5762.4 -2.2 241 0 19.5 65.6 10.0 2.5 2 1 4 3 3
265.5 5204.3 -2.2 240 0 11.8 52.2 7.5 2.5 2 1 3 5 5
468.2 5787.0 -3.3 149 0 22.9 12.0 5.0 2.5 2 0 2 3 3
767.9 5854.9 -2.8 328 0 15.1 72.1 7.5 2.5 2 1 3 2 2
549.1 5189.6 -2.4 239 0 47.8 11.7 12.5 2.5 2 0 5 5 5
473.5 5030.1 -2.7 149 0 32.0 11.5 7.5 0.0 0 0 3 1 1
3981.3 4251.5 -0.9 56 0 12.4 65.3 10.0 2.5 2 1 4 0 0
810.7 6009.8 -3.0 150 0 56.9 11.4 10.0 2.5 4 0 4 4 4
286.5 5241.6 -2.2 328 0 14.8 120.6 10.0 0.0 0 1 4 3 3
618.3 5122.6 -2.4 330 0 40.5 11.5 10.0 2.5 2 0 4 2 2
697.6 5919.2 -3.3 330 0 35.4 11.0 7.5 2.5 2 0 3 3 3
234.4 5370.5 -1.8 149 0 54.3 11.8 10.0 2.5 2 0 4 5 5
831.3 5932.1 -2.5 59 0 10.7 38.7 7.5 2.5 2 1 3 3 3
100.7 5539.3 -3.8 59 0 10.8 53.0 7.5 2.5 2 1 3 2 2
721.1 5879.0 -3.0 330 0 39.0 10.7 10.0 2.5 2 0 4 3 3
217.0 5357.6 -1.9 330 0 50.4 11.0 10.0 2.5 2 0 4 3 3
1083.7 6485.0 -0.8 224 0 14.2 48.8 7.5 2.5 2 1 3 0 0
226.9 5678.4 -3.9 149 0 11.3 48.3 10.0 2.5 2 1 4 4 4
77.5 5513.9 -3.8 59 0 10.4 58.9 7.5 2.5 4 1 3 5 5
265.9 5624.4 -3.3 151 0 16.1 11.0 7.5 2.5 2 0 3 2 2
1265.1 5773.0 -2.1 330 0 55.0 11.4 7.5 2.5 2 0 3 2 2
748.8 5888.3 -2.9 330 0 38.3 11.6 5.0 2.5 2 0 2 5 5
795.3 5991.9 -3.2 240 0 10.6 21.8 5.0 2.5 2 1 2 1 1
513.8 5008.7 -2.8 59 0 48.5 10.7 7.5 2.5 2 0 3 5 5
694.7 6020.3 -3.1 149 0 55.9 106.2 12.5 0.0 0 1 5 4 4
288.4 5589.7 -3.1 61 0 10.3 31.5 7.5 2.5 2 1 3 3 3
964.2 5966.1 -2.4 59 0 11.2 59.3 7.5 0.0 0 1 3 0 0
2173.7 3511.9 -1.3 58 0 47.9 111.7 10.0 0.0 0 1 4 1 1
431.3 5676.4 -3.2 59 0 10.9 39.0 10.0 2.5 2 1 4 2 2
303.0 5526.3 -2.0 239 0 10.6 14.7 2.5 2.5 2 1 1 4 4
522.9 5871.0 -3.7 239 0 11.4 14.7 5.0 0.0 0 1 2 0 0
1103.2 5897.8 -1.6 149 0 54.1 11.6 7.5 2.5 2 0 3 5 5
505.3 5118.7 -2.3 329 0 64.5 11.1 7.5 2.5 4 0 3 2 2
1185.5 5947.8 -1.6 149 0 58.9 10.7 10.0 2.5 2 0 4 3 3
239.2 5614.6 -3.9 59 0 10.7 58.5 10.0 2.5 2 1 4 5 5
435.6 5727.0 -3.3 241 0 10.5 41.9 12.5 2.5 2 1 5 1 1
137.3 5543.8 -3.1 239 0 10.8 56.6 7.5 2.5 4 1 3 4 4
532.9 5858.9 -3.5 239 0 11.8 55.2 10.0 2.5 2 1 4 1 1
905.1 6086.9 -3.1 330 0 12.4 56.7 7.5 2.5 2 1 3 3 3
396.2 5778.8 -3.8 60 0 10.2 15.0 5.0 2.5 2 1 2 5 5
309.8 5204.4 -2.3 330 0 50.7 11.4 10.0 2.5 2 0 4 3 3
202.0 5425.9 -1.8 149 0 54.1 11.7 10.0 2.5 4 0 4 2 2
593.2 5164.5 -2.5 330 0 41.0 9.9 7.5 2.5 2 0 3 1 1
389.0 5257.1 -2.3 330 0 39.7 10.7 10.0 2.5 2 0 4 1 1
283.6 5712.4 -3.8 60 0 10.6 14.7 5.0 2.5 2 1 2 1 1
807.6 5899.8 -2.8 60 0 11.4 38.2 10.0 2.5 2 1 4 5 5
498.8 5796.1 -3.4 148 0 40.4 9.7 7.5 2.5 2 0 3 1 1
226.4 5537.7 -2.6 329 0 11.9 55.5 7.5 2.5 2 1 3 5 5
300.2 5403.8 -1.8 328 0 39.5 10.9 7.5 2.5 2 0 3 5 5
414.5 5272.3 -2.3 330 0 40.1 11.6 12.5 0.0 0 0 5 0 0
1379.3 5691.4 -2.3 239 0 9.7 62.3 7.5 2.5 2 1 3 2 2
275.1 5068.5 -2.8 60 0 9.2 50.8 7.5 2.5 2 1 3 5 5
877.0 5974.8 -2.5 149 0 54.4 10.8 7.5 0.0 0 0 3 4 4
317.1 5665.5 -3.5 60 0 10.4 55.7 10.0 2.5 2 1 4 0 0
1231.8 5692.1 -2.1 149 0 25.2 9.5 5.0 2.5 2 0 2 5 5
2692.8 2672.6 -1.3 58 0 28.3 60.7 12.5 0.0 0 1 5 1 1
212.1 5595.7 -3.2 239 0 12.2 62.8 7.5 2.5 2 1 3 3 3
366.9 5409.4 -1.8 150 0 14.7 10.3 5.0 2.5 2 0 2 3 3
325.1 5418.6 -1.8 329 0 39.5 11.2 7.5 2.5 2 0 3 5 5
391.8 5305.4 -2.2 329 0 14.7 99.8 7.5 2.5 2 1 3 1 1
1237.8 5766.2 -2.1 330 0 37.4 11.4 7.5 2.5 2 0 3 0 0
448.9 5810.9 -3.7 149 0 12.3 76.2 12.5 2.5 2 1 5 0 0
469.0 5720.7 -3.2 149 0 39.4 11.3 7.5 2.5 2 0 3 2 2
1223.1 6040.9 -2.0 331 0 41.8 11.0 7.5 2.5 2 0 3 3 3
2629.0 2667.6 -1.3 147 0 61.0 27.9 7.5 0.0 0 0 3 1 1
195.5 5318.3 -1.9 60 0 11.5 53.5 7.5 2.5 2 1 3 0 0
401.1 5052.9 -2.8 329 0 52.5 11.1 7.5 2.5 2 0 3 0 0
1201.6 5735.0 -2.1 150 0 53.8 11.0 7.5 2.5 2 0 3 4 4
429.1 5733.1 -3.4 60 0 10.8 54.8 7.5 2.5 2 1 3 5 5
486.0 5094.3 -2.2 329 0 36.6 10.5 7.5 2.5 2 0 3 2 2
328.7 5214.7 -2.3 149 0 54.3 12.1 15.0 2.5 2 0 6 4 4
423.8 5488.7 -1.7 329 0 49.8 11.0 10.0 2.5 2 0 4 3 3
235.6 5431.2 -1.6 149 0 32.0 11.1 7.5 2.5 4 0 3 1 1
379.3 5379.4 -2.0 149 0 16.0 19.0 7.5 2.5 2 1 3 5 5
231.6 5476.1 -1.9 239 0 55.1 12.1 5.0 0.0 0 0 2 5 5
1255.4 5986.9 -1.6 329 0 55.5 10.9 5.0 2.5 2 0 2 3 3
355.1 5732.5 -3.5 240 0 11.5 48.1 10.0 2.5 2 1 4 1 1
1201.7 6072.2 -2.0 241 0 10.7 14.5 5.0 2.5 2 1 2 0 0
362.3 5159.7 -2.3 150 0 53.5 11.4 7.5 2.5 2 0 3 0 0
670.0 5834.6 -3.0 59 0 13.1 24.2 7.5 2.5 2 1 3 1 1
272.7 5683.3 -3.8 237 0 10.6 39.4 10.0 2.5 2 1 4 3 3
257.7 5333.6 -2.0 149 0 14.3 98.8 10.0 2.5 2 1 4 3 3
620.6 5072.0 -2.1 60 0 48.3 11.5 10.0 2.5 4 0 4 2 2
4010.8 4271.6 -0.8 56 0 12.6 65.0 5.0 0.0 0 1 2 5 5
1166.4 5936.5 -1.6 329 0 55.7 11.2 5.0 2.5 2 0 2 4 4
383.7 5188.7 -2.3 150 0 32.7 10.8 10.0 2.5 2 0 4 1 1
693.5 5636.7 -2.2 239 0 17.2 149.5 7.5 0.0 0 1 3 5 5
700.8 5837.6 -2.9 61 0 13.3 38.7 10.0 2.5 2 1 4 5 5
245.6 5667.3 -3.8 238 0 11.4 22.9 7.5 2.5 4 1 3 3 3
898.4 5994.2 -2.5 148 0 39.9 10.5 7.5 2.5 2 0 3 5 5
195.0 5132.9 -2.3 149 0 57.3 10.6 10.0 2.5 2 0 4 5 5
429.8 5660.9 -2.6 239 0 64.2 12.6 5.0 2.5 2 0 2 5 5
4035.4 4289.6 -0.8 56 0 12.7 63.8 7.5 2.5 2 1 3 0 0
1132.4 5994.8 -2.2 330 0 56.3 12.0 15.0 2.5 2 0 6 3 3
205.7 5605.6 -3.9 59 0 10.7 50.7 10.0 0.0 0 1 4 5 5
448.4 5078.9 -2.3 149 0 22.9 11.5 10.0 2.5 2 0 4 3 3
440.1 5770.9 -3.5 150 0 56.2 10.5 12.5 2.5 2 0 5 2 2
879.7 6033.3 -3.1 149 0 25.3 9.5 2.5 2.5 2 0 1 5 5
160.9 5187.3 -2.2 151 0 16.9 18.8 7.5 2.5 2 1 3 5 5
403.8 5659.7 -3.0 58 0 11.6 23.0 7.5 2.5 2 1 3 3 3
1079.8 5944.5 -2.0 149 0 25.3 9.7 7.5 2.5 4 0 3 2 2
409.3 5351.6 -2.2 242 0 19.1 19.0 7.5 2.5 4 0 3 0 0
2410.0 3087.7 -2.6 58 0 22.1 101.0 17.5 0.0 0 1 7 0 0
162.5 5639.6 -4.0 329 0 11.2 48.4 7.5 2.5 2 1 3 0 0
434.1 4998.1 -2.8 330 0 52.8 11.2 10.0 2.5 2 0 4 0 0
486.6 5756.6 -3.4 150 0 17.5 11.1 5.0 2.5 2 0 2 0 0
2657.2 2782.1 -0.2 147 0 73.2 27.4 7.5 0.0 0 0 3 3 3
150.1 5362.9 -1.6 328 0 11.8 8.9 7.5 2.5 2 0 3 5 5
715.1 5944.6 -3.3 330 0 70.7 11.5 7.5 2.5 2 0 3 5 5
976.8 6010.9 -2.3 329 0 63.7 11.3 7.5 2.5 2 0 3 4 4
350.3 5237.9 -2.3 150 0 31.4 15.8 5.0 2.5 2 0 2 1 1
551.0 5143.5 -2.4 149 0 31.6 14.6 12.5 0.0 0 0 5 0 0
168.0 5300.7 -1.9 61 0 10.8 49.9 7.5 2.5 2 1 3 4 4
300.1 5083.8 -2.5 58 0 10.9 49.8 7.5 2.5 4 1 3 4 4
443.5 5369.2 -2.2 239 0 12.0 43.4 12.5 2.5 4 1 5 4 4
461.4 5430.3 -2.0 330 0 28.6 14.1 7.5 2.5 2 0 3 3 3
1728.6 5637.1 -2.5 331 0 37.1 12.7 10.0 2.5 2 0 4 2 2
3382.7 4909.4 0.2 60 0 20.9 10.7 5.0 0.0 0 0 2 5 5
2926.5 4571.6 1.3 55 0 12.6 53.5 14.0 0.0 0 1 4 5 5
3000.2 4603.5 0.6 45 0 12.2 90.9 14.0 3.5 2 1 4 0 0
1860.4 5481.4 -2.5 328 0 12.1 61.4 15.0 2.5 2 1 6 4 4
1190.7 5894.0 -1.7 329 0 15.5 69.6 10.0 2.5 4 1 4 1 1
1067.3 6145.6 -2.5 149 0 58.5 10.4 12.5 2.5 2 0 5 3 3
2989.1 4663.1 0.5 315 0 83.6 12.0 14.0 3.5 2 0 4 3 3
1861.0 5451.3 -2.4 312 0 16.5 17.7 7.5 0.0 0 1 3 5 5
856.5 5479.7 -2.2 58 0 17.3 46.9 10.0 2.5 2 1 4 5 5
3812.1 4658.7 -0.6 234 0 11.5 76.7 10.0 2.5 2 1 4 3 3
1081.9 6076.2 -2.2 330 0 53.8 10.4 10.0 2.5 2 0 4 2 2
4150.8 4445.7 -0.8 59 0 5.5 6.3 7.5 2.5 2 1 3 4 4
1817.1 5533.4 -2.3 240 0 10.9 48.8 7.5 2.5 2 1 3 1 1
3892.1 4505.0 -0.3 54 0 12.4 93.6 10.0 0.0 0 1 4 0 0
4332.0 4523.7 -0.8 347 0 12.2 17.1 2.5 2.5 2 1 1 2 2
4306.6 4566.0 -0.7 346 0 13.0 17.1 5.0 2.5 2 1 2 0 0
1022.9 5849.7 -1.6 330 0 51.1 11.8 10.0 2.5 2 0 4 5 5
4310.6 4544.6 -0.7 257 0 16.6 11.8 5.0 2.5 2 0 2 4 4
4329.0 4573.9 -0.7 346 0 15.0 13.5 7.5 2.5 2 0 3 1 1
3009.0 4683.0 0.5 315 0 82.3 11.9 14.0 3.5 2 0 4 3 3
4315.4 4482.0 -0.8 229 0 16.1 12.5 7.5 2.5 4 0 3 5 5
3420.6 4250.3 0.5 63 0 10.0 28.0 10.0 2.5 2 1 4 0 0
2049.4 5318.7 -1.4 314 0 29.6 12.4 7.5 2.5 2 0 3 3 3
4294.2 4463.8 -0.8 226 0 13.7 13.3 7.5 2.5 2 0 3 4 4
1791.4 5586.9 -2.4 329 0 94.5 12.0 10.0 2.5 4 0 4 4 4
1098.6 6090.7 -2.2 150 0 44.2 10.7 7.5 2.5 2 0 3 4 4
1752.0 5652.1 -2.5 330 0 38.0 12.5 10.0 2.5 2 0 4 3 3
1166.5 6087.4 -1.4 59 0 6.8 15.8 5.0 2.5 2 1 2 0 0
4361.3 4554.8 -0.7 165 0 14.9 13.5 5.0 2.5 2 0 2 4 4
1533.5 5783.8 -2.3 239 0 11.4 52.6 7.5 2.5 2 1 3 4 4
1616.5 5591.6 -2.5 240 0 12.5 37.8 10.0 2.5 4 1 4 4 4
1149.7 6077.4 -2.1 59 0 11.4 54.5 7.5 0.0 0 1 3 5 5
2296.5 5397.9 -1.0 224 0 12.9 43.3 14.0 0.0 0 1 4 5 5
1641.2 5606.0 -2.5 239 0 11.9 40.6 7.5 2.5 2 1 3 0 0
4184.5 4406.8 -0.8 147 0 7.6 9.5 7.5 2.5 2 1 3 1 1
1078.5 5884.5 -1.6 149 0 57.3 11.0 7.5 2.5 2 0 3 5 5
2268.7 5382.9 -1.1 224 0 12.6 43.9 14.0 3.5 2 1 4 0 0
4337.4 4503.7 -0.8 347 0 12.3 17.2 5.0 2.5 2 1 2 1 1
3898.4 4435.4 -0.7 236 0 13.0 45.7 7.5 2.5 2 1 3 4 4
3815.4 4490.4 -0.3 53 0 13.0 60.0 10.0 2.5 2 1 4 5 5
1049.6 6179.2 -2.5 149 0 15.4 10.3 7.5 2.5 2 0 3 1 1
2244.9 5362.2 -1.2 224 0 12.4 46.8 14.0 3.5 2 1 4 0 0
937.6 6076.8 -2.7 330 0 67.4 11.1 7.5 2.5 2 0 3 4 4
1105.3 5841.9 -1.7 149 0 15.0 27.1 7.5 2.5 2 1 3 3 3
3868.9 4414.0 -0.3 236 0 13.4 44.9 7.5 2.5 2 1 3 2 2
3805.5 4442.3 -0.2 54 0 13.5 93.3 7.5 2.5 2 1 3 0 0
4217.9 4468.5 -0.8 231 0 6.1 6.2 5.0 2.5 4 1 2 0 0
848.3 5549.5 -2.1 58 0 12.6 44.8 5.0 2.5 2 1 2 1 1
3913.8 4336.3 -0.9 145 0 66.1 14.4 7.5 2.5 2 0 3 4 4
2113.6 5247.6 -1.5 315 0 42.7 11.9 14.0 3.5 2 0 4 1 1
3822.6 4419.1 -0.2 236 0 13.3 75.6 7.5 2.5 2 1 3 5 5
4234.7 4485.4 -0.8 230 0 37.1 8.9 5.0 2.5 2 0 2 1 1
3885.6 4317.0 -0.6 146 0 65.9 13.6 7.5 0.0 0 0 3 0 0
2953.6 4604.4 0.9 44 0 13.9 66.3 14.0 3.5 2 1 4 4 4
4472.4 4737.3 -1.1 322 0 378.7 12.3 7.5 0.0 0 0 3 2 2
3795.6 4640.4 -0.4 234 0 11.9 58.8 10.0 2.5 2 1 4 0 0
4138.1 4393.2 -0.8 327 0 27.2 21.7 10.0 2.5 2 0 4 0 0
1607.9 5661.1 -2.3 60 0 11.4 52.2 10.0 2.5 2 1 4 0 0
2897.8 4632.1 1.5 326 0 17.0 22.5 14.0 3.5 2 1 4 4 4
1270.8 5665.4 -2.2 60 0 56.0 11.2 7.5 2.5 2 0 3 2 2
3767.2 4618.3 -0.5 235 0 13.7 57.9 7.5 2.5 2 1 3 2 2
3520.4 4788.9 -0.9 56 0 42.4 21.1 7.5 2.5 4 0 3 4 4
3844.3 4511.3 -0.5 55 0 13.5 60.7 7.5 2.5 2 1 3 1 1
1591.6 5577.7 -2.5 240 0 11.9 41.2 10.0 0.0 0 1 4 3 3
1588.3 5601.6 -2.5 239 0 77.3 12.8 10.0 2.5 2 0 4 5 5
3910.4 4478.9 -0.9 235 0 14.2 75.2 10.0 2.5 2 1 4 0 0
1785.2 5486.4 -2.6 329 0 51.8 10.5 7.5 2.5 2 0 3 1 1
1579.4 5524.3 -2.6 150 0 68.6 12.1 10.0 2.5 2 0 4 2 2
4121.1 4345.4 -0.8 57 0 22.0 44.8 7.5 2.5 2 1 3 0 0
4276.0 4986.9 -1.2 322 0 212.8 12.7 10.0 0.0 0 0 4 4 4
1052.4 6028.1 -1.9 60 0 55.2 11.4 10.0 2.5 2 0 4 2 2
4340.6 4572.8 -0.7 165 0 15.1 13.4 5.0 0.0 0 0 2 5 5
3738.5 4597.1 0.1 235 0 13.0 57.2 7.5 2.5 2 1 3 4 4
4346.0 4514.6 -0.8 165 0 15.5 13.4 2.5 2.5 2 0 1 3 3
3721.2 4548.6 -0.1 145 0 57.3 13.0 10.0 2.5 2 0 4 1 1
1793.1 5518.3 -2.6 239 0 10.3 49.2 10.0 2.5 2 1 4 4 4
2172.4 5302.1 -1.6 223 0 12.1 37.7 14.0 3.5 2 1 4 3 3
2219.7 5343.8 -1.5 225 0 12.4 52.0 14.0 3.5 4 1 4 5 5
3032.4 4701.4 0.5 315 0 91.6 11.8 14.0 3.5 2 0 4 2 2
3955.2 4365.5 -0.8 326 0 67.0 13.7 12.5 2.5 2 0 5 4 4
2158.8 5205.1 -1.2 314 0 51.2 14.8 14.0 3.5 2 0 4 2 2
1054.4 6069.2 -2.1 330 0 25.7 11.4 10.0 0.0 0 0 4 4 4
2023.6 5424.0 -1.2 134 0 60.6 19.6 15.0 2.5 2 0 6 4 4
2198.2 5320.9 -1.6 224 0 12.8 51.7 14.0 3.5 2 1 4 4 4
3018.3 4752.3 0.3 226 0 11.9 91.6 14.0 3.5 2 1 4 1 1
1009.6 6146.2 -2.8 329 0 10.7 48.4 10.0 2.5 2 1 4 5 5
1994.7 5372.1 -1.3 313 0 103.9 11.4 7.5 0.0 0 0 3 0 0
1689.4 5635.3 -2.5 240 0 12.7 39.3 10.0 2.5 2 1 4 5 5
4361.9 4532.4 -0.8 166 0 15.2 13.7 5.0 2.5 2 0 2 0 0
1242.1 6332.4 -1.7 329 0 34.4 8.7 7.5 2.5 2 0 3 1 1
1664.7 5620.2 -2.5 240 0 12.8 39.4 12.5 2.5 2 1 5 0 0
1652.7 5638.9 -2.4 238 0 51.6 11.2 10.0 2.5 2 0 4 1 1
1013.3 6054.7 -2.3 149 0 25.7 9.3 5.0 2.5 2 0 2 1 1
1318.1 5543.8 -2.4 149 0 43.9 9.6 7.5 2.5 2 0 3 2 2
1361.8 5517.5 -2.4 59 0 52.9 11.3 7.5 2.5 2 0 3 1 1
1526.9 6071.8 -1.8 329 0 21.7 54.7 10.0 2.5 2 1 4 1 1
988.7 6089.6 -2.9 151 0 39.7 9.8 7.5 2.5 2 0 3 4 4
1450.3 6013.6 -1.7 60 0 55.2 21.6 7.5 2.5 2 0 3 4 4
943.0 6115.1 -2.8 151 0 15.2 10.0 7.5 2.5 2 0 3 1 1
422.6 5994.5 -2.1 325 0 66.3 15.5 7.5 2.5 2 0 3 4 4
3923.8 4772.7 -0.5 57 0 13.8 51.8 12.5 2.5 2 1 5 2 2
961.1 6082.1 -2.8 151 0 56.3 10.3 7.5 2.5 2 0 3 2 2
3899.8 4757.1 -0.6 57 0 13.7 52.6 7.5 2.5 2 1 3 1 1
3729.8 4359.8 0.3 230 0 5.9 11.4 2.5 2.5 2 1 1 5 5
1211.1 5905.8 -1.7 149 0 14.7 44.4 7.5 2.5 4 1 3 4 4
649.3 5642.0 -1.7 240 0 17.3 46.5 7.5 2.5 2 1 3 3 3
1105.6 5430.9 -2.4 330 0 27.6 14.1 7.5 2.5 2 0 3 0 0
250.7 7562.8 -2.6 45 0 14.5 37.0 12.5 0.0 0 1 5 4 4
1043.0 6140.7 -2.6 330 0 67.3 11.4 7.5 2.5 2 0 3 2 2
520.7 5406.5 -2.3 148 0 150.7 17.4 7.5 0.0 0 0 3 2 2
994.1 6024.3 -2.2 149 0 55.5 11.5 7.5 2.5 2 0 3 3 3
994.7 5457.2 -2.3 239 0 15.7 28.4 7.5 0.0 0 1 3 5 5
739.4 5492.4 -2.1 60 0 18.2 47.9 7.5 2.5 2 1 3 1 1
615.8 5265.8 -2.3 59 0 17.1 86.3 10.0 2.5 2 1 4 3 3
3755.1 4381.3 -0.1 235 0 13.0 54.1 7.5 2.5 2 1 3 3 3
1036.7 5372.4 -2.4 60 0 14.4 28.3 10.0 2.5 2 1 4 0 0
3853.6 4759.1 -0.7 146 0 52.1 15.0 10.0 2.5 2 0 4 2 2
814.2 6075.2 -2.8 149 0 22.0 14.0 10.0 2.5 4 0 4 5 5
3780.4 4399.3 -0.2 235 0 13.4 47.7 7.5 2.5 2 1 3 3 3
680.7 5588.6 -1.9 239 0 18.9 48.4 15.0 2.5 2 1 6 5 5
1043.7 5487.3 -2.3 241 0 14.8 29.0 10.0 0.0 0 1 4 1 1
1704.0 5670.2 -2.4 239 0 51.3 11.3 10.0 2.5 2 0 4 4 4
1053.0 5431.7 -2.4 270 0 14.6 27.9 10.0 2.5 2 1 4 1 1
1370.0 5977.5 -1.7 149 0 21.5 47.4 7.5 2.5 2 1 3 0 0
3845.8 4729.1 -0.7 327 0 57.6 10.9 7.5 2.5 2 0 3 5 5
3873.7 4684.9 -0.5 328 0 40.9 11.1 5.0 2.5 2 0 2 5 5
2256.5 3941.8 1.4 60 0 14.4 20.3 7.5 2.5 2 1 3 2 2
2222.4 3986.9 1.0 240 0 21.4 7.7 7.5 2.5 2 0 3 5 5
2234.2 3981.2 1.2 240 0 6.0 17.4 5.0 2.5 2 1 2 5 5
2243.2 3936.7 1.1 61 0 11.6 23.5 7.5 2.5 2 1 3 5 5
2443.8 4074.8 1.3 331 0 34.7 86.5 7.5 0.0 0 1 3 1 1
2337.0 4039.3 1.4 241 0 19.5 19.5 10.0 2.5 2 1 4 5 5
1301.0 5714.4 -2.2 331 0 53.8 11.2 10.0 2.5 2 0 4 2 2
-485.5 5251.2 -2.7 54 0 8.8 20.0 5.0 2.5 2 1 2 4 4
389.9 6426.4 -1.8 255 0 9.2 13.3 5.0 2.5 4 1 2 5 5
3691.1 5226.9 -1.3 63 0 8.5 15.9 5.0 2.5 2 1 2 5 5
1842.8 3341.5 -0.7 328 0 30.0 14.2 5.0 2.5 2 0 2 4 4
1651.0 3457.1 -0.8 59 0 34.1 15.2 7.5 2.5 2 0 3 4 4
2875.8 4143.8 0.3 64 0 12.3 60.2 14.0 3.5 2 1 4 1 1
1504.4 5765.9 -2.3 240 0 11.6 51.5 10.0 2.5 2 1 4 3 3
1626.3 3442.2 -0.6 58 0 14.7 15.3 10.0 2.5 2 1 4 1 1
1258.1 6191.9 -2.4 59 0 19.5 22.1 10.0 2.5 2 1 4 2 2
1178.6 5720.9 -2.1 150 0 57.1 11.0 10.0 2.5 2 0 4 3 3
1212.9 5662.9 -2.2 150 0 55.6 11.1 7.5 0.0 0 0 3 3 3
1722.4 3487.2 -0.7 238 0 48.1 164.4 7.5 0.0 0 1 3 0 0
1334.4 6184.8 -1.4 62 0 12.4 22.1 10.0 2.5 2 1 4 4 4
1215.4 6180.1 -2.5 149 0 22.8 22.8 7.5 2.5 2 1 3 1 1
998.8 6445.0 -0.8 236 0 71.8 9.8 7.5 2.5 2 0 3 0 0
3118.6 6505.0 -5.4 225 0 8.2 83.3 7.5 2.5 2 1 3 2 2
1257.9 5828.4 -1.9 150 0 14.5 43.4 7.5 2.5 2 1 3 0 0
1374.0 6214.0 -1.7 62 0 11.7 26.7 10.0 2.5 2 1 4 4 4
3179.7 6506.7 -5.5 315 0 83.0 10.9 10.0 2.5 4 0 4 0 0
2810.2 4276.6 1.2 244 0 12.2 69.3 14.0 3.5 2 1 4 5 5
2840.1 4140.5 0.3 64 0 12.0 58.8 14.0 3.5 2 1 4 4 4
720.4 5652.0 -2.2 239 0 16.8 149.4 15.0 0.0 0 1 6 3 3
433.9 6381.9 -1.8 328 0 38.8 11.5 7.5 0.0 0 0 3 0 0
-83.2 5505.1 -4.0 328 0 4.9 9.1 7.5 2.5 2 1 3 2 2
2867.2 4251.3 1.2 333 0 71.4 12.1 14.0 3.5 4 0 4 5 5
2780.7 4261.5 1.2 244 0 11.9 56.8 14.0 3.5 2 1 4 0 0
402.5 6391.5 -1.7 343 0 6.7 11.4 7.5 2.5 2 1 3 2 2
1152.0 5763.0 -1.9 150 0 14.8 27.5 7.5 2.5 4 1 3 2 2
2905.8 4175.6 0.2 334 0 60.2 12.2 14.0 3.5 2 0 4 2 2
351.1 6378.1 -1.8 245 0 6.0 17.8 5.0 2.5 2 1 2 1 1
2457.7 5072.1 -1.6 43 0 12.2 57.9 14.0 3.5 2 1 4 1 1
2439.4 5317.7 -1.2 314 0 71.4 11.9 14.0 3.5 2 0 4 2 2
2374.4 5245.6 -1.4 314 0 74.8 12.7 14.0 0.0 0 0 4 0 0
2485.5 4369.8 0.6 60 0 8.6 21.2 10.5 3.5 2 1 3 0 0
3133.5 4142.2 0.0 357 0 18.4 84.7 7.5 2.5 2 1 3 3 3
1641.7 5420.7 -2.7 149 0 85.1 12.1 7.5 2.5 2 0 3 1 1
2260.2 5252.5 -1.5 133 0 58.8 12.5 14.0 3.5 2 0 4 3 3
2223.0 5128.9 -1.2 313 0 29.9 8.2 10.5 3.5 2 0 3 0 0
2521.4 4781.8 -0.5 326 0 68.7 12.0 14.0 3.5 2 0 4 0 0
2466.4 4801.3 -0.7 327 0 7.2 30.3 10.5 3.5 2 1 3 1 1
3865.8 4864.8 -0.8 237 0 30.6 50.6 10.0 0.0 0 1 4 4 4
1363.3 5720.5 -2.2 61 0 10.3 53.8 7.5 2.5 4 1 3 5 5
3180.9 4251.3 0.7 13 0 12.3 41.1 7.5 2.5 2 1 3 2 2
2576.7 5232.5 -1.1 322 0 30.7 10.2 14.0 3.5 2 0 4 4 4
2501.8 5077.7 -1.4 61 0 24.9 28.2 14.0 0.0 0 1 4 3 3
2380.5 5373.8 -0.9 314 0 69.6 12.2 14.0 3.5 2 0 4 0 0
3085.6 3034.7 -1.2 147 0 51.5 13.0 12.5 2.5 4 0 5 4 4
764.3 6319.3 -1.2 53 0 34.2 47.0 7.5 0.0 0 1 3 2 2
2381.7 5052.3 -1.9 134 0 70.5 12.6 14.0 3.5 4 0 4 5 5
2873.1 4530.3 1.1 57 0 13.8 82.2 14.0 3.5 2 1 4 4 4
2251.6 5217.7 -1.3 133 0 58.7 12.0 14.0 0.0 0 0 4 2 2
2331.5 5227.1 -1.3 134 0 57.9 11.8 14.0 3.5 2 0 4 4 4
2402.6 5266.6 -1.3 314 0 89.2 11.9 14.0 3.5 2 0 4 2 2
2497.8 4899.2 -0.7 147 0 34.0 14.5 14.0 3.5 2 0 4 4 4
1703.5 5436.5 -2.7 149 0 50.1 11.0 7.5 2.5 2 0 3 0 0
610.9 6217.0 -1.3 55 0 59.8 47.0 7.5 0.0 0 0 3 0 0
1283.6 5785.2 -2.1 149 0 58.8 10.6 7.5 2.5 2 0 3 1 1
2286.3 5322.0 -1.4 223 0 12.6 69.3 14.0 3.5 2 1 4 2 2
1801.6 5445.9 -2.8 329 0 11.7 62.5 7.5 2.5 2 1 3 3 3
2478.9 4825.6 -0.7 326 0 37.3 14.9 14.0 3.5 2 0 4 1 1
1314.4 5734.5 -2.2 149 0 41.9 11.1 10.0 2.5 4 0 4 2 2
3034.0 2793.8 -0.9 327 0 99.5 20.6 7.5 0.0 0 0 3 5 5
2597.2 5202.8 -1.1 314 0 27.8 13.8 14.0 3.5 4 0 4 5 5
728.4 6256.8 -1.6 235 0 20.8 87.8 7.5 0.0 0 1 3 4 4
3111.0 3051.8 -1.2 147 0 50.7 12.2 10.0 0.0 0 0 4 4 4
3037.8 3120.5 -1.0 237 0 13.1 50.0 10.0 2.5 2 1 4 4 4
1815.7 3550.0 -1.3 238 0 23.8 95.1 10.0 0.0 0 1 4 3 3
1351.6 5827.2 -2.1 330 0 55.6 11.0 10.0 2.5 4 0 4 3 3
2445.2 5040.9 -1.4 44 0 11.9 77.4 14.0 3.5 2 1 4 4 4
2900.1 4555.2 1.4 56 0 11.5 73.2 14.0 3.5 2 1 4 1 1
1198.1 5579.4 -2.3 239 0 12.4 49.7 5.0 2.5 2 1 2 2 2
2787.9 4524.2 1.1 146 0 69.5 13.3 14.0 3.5 2 0 4 0 0
2280.4 5275.5 -1.5 134 0 56.8 13.0 14.0 3.5 2 0 4 5 5
3843.6 4845.8 -0.8 238 0 14.7 46.7 12.5 2.5 2 1 5 4 4
1678.1 5421.6 -2.7 149 0 48.7 11.9 7.5 2.5 2 0 3 5 5
3045.9 2800.2 -1.2 147 0 98.4 18.7 10.0 0.0 0 0 4 1 1
1761.3 5471.9 -2.7 329 0 52.2 11.4 7.5 2.5 2 0 3 5 5
2516.6 4320.4 0.7 59 0 9.9 53.0 10.5 0.0 0 1 3 1 1
2442.6 5347.6 -1.2 314 0 112.3 14.0 14.0 3.5 2 0 4 1 1
2221.6 5378.2 -1.3 228 0 55.6 16.6 14.0 3.5 2 0 4 3 3
3105.2 2835.9 -1.4 147 0 104.5 19.3 10.0 0.0 0 0 4 4 4
2264.9 5052.0 -2.1 315 0 35.1 6.3 10.5 3.5 2 0 3 5 5
1289.9 5632.0 -2.3 240 0 58.5 10.5 7.5 2.5 4 0 3 2 2
1801.2 3484.8 -1.2 148 0 95.4 23.5 7.5 0.0 0 0 3 0 0
1329.7 5775.2 -2.1 151 0 17.5 10.8 7.5 2.5 2 0 3 5 5
1164.6 5499.3 -2.4 150 0 54.8 11.0 12.5 2.5 2 0 5 5 5
1594.8 5373.3 -2.8 329 0 63.3 42.5 12.5 0.0 0 0 5 2 2
3062.4 3136.8 -1.1 236 0 12.4 49.9 10.0 2.5 2 1 4 5 5
2481.1 5112.1 -1.1 60 0 34.8 27.4 14.0 0.0 0 0 4 1 1
1245.2 5567.2 -2.3 329 0 66.7 11.0 10.0 2.5 2 0 4 5 5
2814.8 4543.1 1.1 146 0 70.4 13.0 14.0 3.5 2 0 4 4 4
2282.8 5071.3 -2.2 314 0 28.1 11.7 14.0 3.5 2 0 4 3 3
2318.1 5198.4 -1.2 134 0 79.1 11.9 14.0 0.0 0 0 4 5 5
1153.7 5531.5 -2.3 150 0 10.8 29.1 10.0 2.5 4 1 4 3 3
887.9 5430.5 -2.3 62 0 14.0 47.2 10.0 2.5 2 1 4 1 1
2517.1 4871.2 -0.6 147 0 22.5 14.4 14.0 3.5 2 0 4 3 3
1726.7 5451.7 -2.7 149 0 52.6 10.8 10.0 2.5 2 0 4 2 2
2689.8 4307.0 1.3 242 0 90.7 12.1 14.0 3.5 2 0 4 3 3
2424.6 5288.8 -1.3 314 0 89.3 12.3 14.0 3.5 2 0 4 4 4
1303.4 5807.3 -2.1 150 0 39.8 10.2 10.0 2.5 2 0 4 2 2
3095.3 2829.7 -1.3 328 0 104.3 18.8 5.0 0.0 0 0 2 2 2
2492.4 4761.3 -0.5 326 0 62.4 12.6 14.0 3.5 2 0 4 3 3
1635.5 5491.7 -2.6 149 0 92.5 12.7 10.0 2.5 2 0 4 4 4
1674.5 5369.0 -2.7 149 0 11.4 79.3 7.5 2.5 2 1 3 5 5
1261.8 5581.4 -2.3 149 0 58.8 10.9 10.0 2.5 2 0 4 1 1
3002.2 2721.3 -0.6 57 0 14.9 60.2 12.5 2.5 4 1 5 2 2
2840.5 4650.1 1.0 136 0 50.3 11.7 14.0 3.5 2 0 4 5 5
2227.7 5199.6 -1.2 134 0 47.8 11.9 14.0 3.5 4 0 4 0 0
2456.4 4856.9 -0.8 327 0 27.8 14.7 14.0 0.0 0 0 4 2 2
3017.4 4191.9 0.3 156 0 96.0 16.9 15.0 0.0 0 0 6 3 3
2466.6 5053.5 -1.5 62 0 18.4 12.2 14.0 3.5 4 0 4 2 2
1168.2 5565.1 -2.3 240 0 11.0 15.7 10.0 2.5 2 1 4 0 0
2758.5 4506.3 1.0 146 0 71.6 13.9 14.0 3.5 2 0 4 5 5
2315.3 5044.8 -1.9 315 0 16.9 17.7 14.0 3.5 4 1 4 0 0
-5732.3 -621.6 -2.6 102 0 13.4 36.1 17.5 0.0 0 1 5 0 0
-5396.3 -825.6 -2.0 270 0 28.0 62.3 17.5 0.0 0 1 5 5 5
-5692.7 -123.6 -0.7 7 0 37.2 10.2 17.5 3.5 2 0 5 1 1
-5943.9 -782.4 -2.6 192 0 74.7 12.7 14.0 3.5 2 0 4 0 0
-5244.8 -817.8 -1.8 263 0 15.6 39.8 17.5 3.5 2 1 5 1 1
-5609.2 -818.9 -2.5 269 0 12.7 36.5 17.5 3.5 2 1 5 4 4
-5852.3 -876.1 -2.6 102 0 13.7 62.0 14.0 3.5 4 1 4 0 0
-5221.1 -728.3 -2.1 249 0 15.4 35.0 17.5 3.5 2 1 5 0 0
-5964.1 -838.8 -2.6 281 0 12.2 67.1 17.5 3.5 2 1 5 5 5
-5695.1 -844.8 -2.5 282 0 14.4 60.9 17.5 3.5 2 1 5 2 2
-5642.5 -189.9 -1.5 277 0 8.4 21.1 10.5 3.5 2 1 3 4 4
-5645.9 -967.1 -2.5 180 0 13.1 43.4 17.5 3.5 2 1 5 3 3
-5990.8 -783.7 -2.6 4 0 76.2 14.6 17.5 3.5 2 0 5 0 0
-5894.5 -557.5 -2.7 101 0 13.3 72.3 14.0 3.5 2 1 4 3 3
-5668.6 -177.7 -1.3 276 0 41.3 9.0 10.5 0.0 0 0 3 5 5
-5964.9 -746.6 -2.6 280 0 11.7 33.6 17.5 3.5 2 1 5 4 4
-5638.6 -852.7 -2.5 269 0 12.9 46.9 17.5 3.5 2 1 5 5 5
-5944.2 -563.3 -2.7 192 0 58.6 13.6 14.0 3.5 4 0 4 1 1
-5202.2 -773.3 -2.3 250 0 16.4 34.8 17.5 0.0 0 1 5 3 3
-5899.3 -905.1 -2.6 192 0 47.9 11.6 17.5 3.5 2 0 5 3 3
-5788.8 -736.2 -2.6 282 0 13.9 77.0 17.5 3.5 4 1 5 4 4
-5986.6 -925.9 -2.5 276 0 18.5 63.1 17.5 3.5 2 1 5 5 5
-5707.2 -637.3 -2.6 283 0 14.3 31.9 17.5 0.0 0 1 5 5 5
-5632.3 -221.5 -1.7 7 0 78.8 9.4 10.5 3.5 2 0 3 4 4
-5667.9 -904.5 -2.5 269 0 16.4 18.8 17.5 3.5 2 1 5 5 5
-5545.5 -777.0 -1.9 270 0 18.7 36.4 17.5 0.0 0 1 5 0 0
-5762.5 -566.0 -2.6 11 0 66.8 13.9 17.5 3.5 2 0 5 3 3
-5911.4 -940.1 -2.5 275 0 12.1 54.6 17.5 3.5 2 1 5 0 0
-5712.2 -149.5 -0.6 282 0 13.2 67.0 17.5 3.5 2 1 5 4 4
-5832.9 -487.3 -2.7 201 0 16.7 90.7 17.5 3.5 2 1 5 1 1
-5846.2 -578.4 -2.7 101 0 14.4 74.6 17.5 3.5 2 1 5 5 5
-5836.9 -968.4 -2.5 275 0 25.9 42.8 17.5 0.0 0 1 5 0 0
-5673.4 -170.0 -1.2 97 0 30.9 6.0 10.5 0.0 0 0 3 5 5
-5608.2 -864.1 -2.5 270 0 13.7 46.7 17.5 3.5 2 1 5 3 3
-5773.7 -234.8 -1.6 102 0 44.8 17.8 17.5 3.5 2 0 5 5 5
-5658.7 -804.7 -2.5 192 0 13.5 17.0 17.5 3.5 2 1 5 4 4
-5188.0 -820.6 -2.2 257 0 15.5 34.7 17.5 3.5 2 1 5 5 5
-5783.0 -609.3 -2.6 281 0 41.6 42.0 17.5 0.0 0 1 5 2 2
-5744.6 -487.6 -1.8 195 0 13.6 8.2 10.5 3.5 2 0 3 1 1
-5838.5 -804.5 -2.6 102 0 14.1 44.4 17.5 3.5 2 1 5 5 5
-5574.0 -931.6 -2.5 180 0 11.4 145.2 17.5 0.0 0 1 5 5 5
-5995.6 -868.3 -2.6 4 0 72.6 15.8 17.5 3.5 2 0 5 4 4
-5894.9 -618.6 -2.6 343 0 42.9 12.2 17.5 3.5 2 0 5 5 5
-5657.0 -190.8 -1.2 277 0 19.5 73.0 17.5 3.5 4 1 5 4 4
-5681.7 -965.9 -2.5 180 0 14.1 27.0 17.5 3.5 2 1 5 0 0
-5710.8 -332.5 -1.1 99 0 13.0 37.4 17.5 3.5 2 1 5 4 4
-5304.8 -782.9 -1.8 271 0 14.4 32.0 17.5 3.5 2 1 5 3 3
-5672.0 -285.4 -0.2 9 0 19.9 11.2 17.5 3.5 2 0 5 1 1
-5864.6 -682.5 -2.6 12 0 9.7 4.5 10.5 3.5 2 0 3 5 5
-5810.5 -584.1 -2.7 100 0 14.1 66.7 17.5 3.5 2 1 5 4 4
-5660.0 -286.5 -0.2 9 0 21.5 11.4 17.5 3.5 2 0 5 1 1
-5295.4 -673.9 -2.5 280 0 14.8 30.7 17.5 3.5 2 1 5 1 1
-5928.7 -847.2 -2.6 281 0 12.9 58.9 17.5 0.0 0 1 5 0 0
-5674.7 -320.9 -0.6 7 0 42.7 13.5 17.5 3.5 2 0 5 2 2
-5266.0 -772.9 -2.0 273 0 15.3 22.4 17.5 3.5 4 1 5 1 1
-5738.9 -320.3 -1.5 97 0 17.0 23.1 17.5 3.5 4 1 5 4 4
-5814.2 -596.0 -2.6 281 0 13.5 48.9 17.5 3.5 4 1 5 2 2
-5683.6 -189.4 -0.4 278 0 15.7 35.6 17.5 3.5 2 1 5 0 0
-5883.8 -670.8 -2.6 351 0 43.4 12.1 17.5 3.5 4 0 5 3 3
-5981.3 -802.8 -2.6 191 0 34.4 12.0 17.5 3.5 2 0 5 3 3
-5305.6 -828.8 -1.9 262 0 15.0 30.4 17.5 3.5 2 1 5 3 3
-5947.3 -932.0 -2.5 275 0 11.4 60.5 17.5 3.5 2 1 5 1 1
-5627.8 -144.6 -1.6 98 0 8.8 28.7 10.5 0.0 0 1 3 2 2
-5769.9 -264.6 -2.0 283 0 13.9 29.2 17.5 3.5 4 1 5 0 0
-5914.1 -838.9 -2.6 101 0 13.3 73.2 17.5 3.5 2 1 5 2 2
-5884.3 -869.2 -2.6 102 0 14.0 61.7 14.0 3.5 2 1 4 5 5
-5707.7 -258.8 -0.7 189 0 58.3 12.5 17.5 3.5 4 0 5 1 1
-5582.0 -973.9 -2.5 90 0 17.5 15.9 17.5 3.5 2 0 5 4 4
-5853.5 -721.6 -2.6 283 0 14.7 78.3 17.5 3.5 2 1 5 0 0
-5628.7 -703.7 -2.5 282 0 18.3 90.7 17.5 0.0 0 1 5 2 2
-5302.8 -718.2 -2.5 271 0 14.4 30.7 17.5 3.5 2 1 5 2 2
-5637.9 -908.1 -2.5 270 0 12.7 36.0 17.5 3.5 2 1 5 3 3
-5931.9 -498.3 -2.7 190 0 57.0 12.1 14.0 3.5 2 0 4 2 2
-5684.7 -526.2 -1.8 283 0 10.3 41.6 17.5 3.5 2 1 5 2 2
-5241.1 -682.2 -2.2 249 0 15.5 37.2 17.5 3.5 4 1 5 1 1
-5264.2 -737.0 -2.5 272 0 16.0 22.3 17.5 0.0 0 1 5 0 0
-5736.3 -345.4 -1.9 106 0 44.7 11.3 17.5 3.5 2 0 5 5 5
-5820.2 -881.8 -2.6 102 0 14.5 60.6 14.0 3.5 2 1 4 5 5
-5966.8 -738.7 -2.6 102 0 12.8 55.0 14.0 3.5 2 1 4 4 4
-5702.3 -754.1 -2.6 192 0 63.2 16.0 17.5 3.5 2 0 5 3 3
-5958.2 -562.7 -2.7 12 0 64.3 17.2 14.0 3.5 2 0 4 1 1
-5886.4 -732.6 -2.6 12 0 59.1 12.5 17.5 3.5 2 0 5 2 2
-5733.5 -633.2 -2.6 281 0 14.2 30.4 17.5 3.5 2 1 5 5 5
-5861.3 -889.3 -2.5 283 0 12.1 46.8 17.5 0.0 0 1 5 4 4
-5978.2 -674.4 -2.6 8 0 126.5 16.6 17.5 0.0 0 0 5 0 0
-5643.5 -288.5 -0.6 8 0 29.9 14.0 17.5 3.5 2 0 5 3 3
-5449.6 -1013.0 -2.4 84 0 11.7 34.7 17.5 3.5 2 1 5 4 4
-5397.1 -1005.7 -1.6 90 0 10.9 31.4 17.5 3.5 4 1 5 3 3
-3395.5 -10815.5 -12.3 36 0 15.7 27.2 7.5 2.5 2 1 3 0 0
-3398.9 -10772.1 -12.6 215 0 12.9 17.9 2.5 2.5 2 1 1 2 2
-6834.9 -525.3 -2.9 270 0 22.2 49.2 14.0 3.5 4 1 4 0 0
-6874.7 -446.3 -2.9 271 0 11.5 52.1 14.0 3.5 2 1 4 4 4
-6852.7 -127.0 -3.1 328 0 26.6 16.3 17.5 3.5 2 0 5 3 3
-6932.2 -559.5 -2.9 180 0 55.7 13.0 14.0 3.5 2 0 4 2 2
-6111.6 -486.7 -2.7 101 0 12.1 76.9 17.5 3.5 2 1 5 2 2
-6521.5 -759.2 -2.8 104 0 10.6 62.7 14.0 3.5 2 1 4 2 2
-6924.1 -321.5 -3.0 232 0 7.5 195.2 10.5 3.5 2 1 3 0 0
-6911.5 -409.7 -2.9 179 0 23.5 12.9 14.0 3.5 2 0 4 0 0
-6022.8 -513.3 -2.7 281 0 12.8 76.7 17.5 0.0 0 1 5 2 2
-6044.5 -712.1 -2.6 12 0 25.4 56.1 17.5 3.5 2 1 5 5 5
-6804.8 -448.5 -2.9 141 0 46.3 41.1 14.0 0.0 0 0 4 1 1
-6874.2 -181.5 -3.6 58 0 50.7 13.9 17.5 3.5 2 0 5 3 3
-6830.3 -607.6 -2.9 144 0 22.8 13.0 14.0 0.0 0 0 4 2 2
-6843.1 -488.9 -2.9 234 0 12.4 23.8 14.0 0.0 0 1 4 0 0
-6841.1 -708.3 -2.9 146 0 24.1 11.5 14.0 3.5 2 0 4 0 0
-6426.3 -670.3 -2.7 15 0 35.1 13.5 14.0 3.5 2 0 4 3 3
-6776.2 -583.1 -2.9 55 0 12.3 24.0 14.0 3.5 4 1 4 3 3
-6115.4 -494.0 -2.7 282 0 11.7 79.2 17.5 3.5 2 1 5 1 1
-6866.0 -251.5 -3.3 237 0 59.8 12.3 17.5 3.5 2 0 5 0 0
-6482.3 -762.6 -2.7 284 0 10.7 77.2 14.0 3.5 2 1 4 4 4
-6407.9 -597.6 -2.7 14 0 98.8 13.0 14.0 3.5 2 0 4 4 4
-6460.8 -56.2 -2.1 261 0 13.5 24.0 14.0 3.5 2 1 4 1 1
-6818.5 -864.9 -2.9 15 0 47.8 12.0 14.0 3.5 2 0 4 3 3
-6811.9 -1499.8 -3.1 5 0 48.5 62.7 14.0 0.0 0 1 4 0 0
-6468.4 -128.2 -2.1 104 0 13.5 24.2 14.0 3.5 2 1 4 3 3
-6789.3 -686.7 -2.9 54 0 12.4 53.1 14.0 3.5 2 1 4 0 0
-6750.6 -658.3 -2.9 55 0 12.9 48.6 14.0 3.5 2 1 4 1 1
-6846.8 -397.7 -2.9 141 0 54.0 9.3 10.5 3.5 2 0 3 5 5
-6853.6 -1353.4 -3.1 329 0 64.8 17.7 10.5 3.5 2 0 3 2 2
-6052.5 -505.5 -2.7 281 0 12.9 78.8 17.5 3.5 2 1 5 1 1
-6343.4 -335.5 -2.8 14 0 40.4 128.7 14.0 0.0 0 1 4 3 3
-6938.1 -493.2 -2.9 180 0 24.3 12.5 14.0 3.5 2 0 4 3 3
-6377.9 -476.3 -2.7 14 0 31.6 129.4 14.0 0.0 0 1 4 2 2
-6910.5 -314.9 -2.9 230 0 8.8 58.1 10.5 3.5 2 1 3 2 2
-6084.6 -499.5 -2.7 281 0 12.6 78.5 17.5 3.5 2 1 5 2 2
-6092.9 -398.1 -2.7 106 0 37.4 15.0 17.5 3.5 4 0 5 3 3
-6897.1 -714.5 -3.0 180 0 57.0 13.8 14.0 3.5 2 0 4 1 1
-6861.9 -107.8 -3.4 327 0 11.2 20.2 17.5 3.5 2 1 5 4 4
-6880.7 -653.7 -2.9 90 0 12.7 55.0 14.0 3.5 2 1 4 2 2
-6921.9 -380.8 -2.9 144 0 29.9 17.4 14.0 3.5 2 0 4 0 0
-6044.6 -423.2 -2.7 281 0 12.8 74.8 17.5 3.5 2 1 5 3 3
-6523.3 -767.7 -2.8 284 0 10.9 62.0 14.0 3.5 2 1 4 5 5
-6722.5 -649.5 -2.8 54 0 16.7 60.0 14.0 3.5 2 1 4 3 3
-5960.3 63.4 -1.8 282 0 13.8 75.5 17.5 3.5 2 1 5 1 1
-6090.4 -53.5 -2.1 282 0 13.1 84.8 17.5 3.5 4 1 5 1 1
-6598.8 -276.1 -2.8 284 0 13.4 81.2 14.0 3.5 2 1 4 2 2
-6540.6 -336.2 -2.8 285 0 12.2 85.6 14.0 3.5 2 1 4 5 5
-6058.0 -223.5 -2.0 109 0 14.8 60.1 17.5 3.5 4 1 5 3 3
-6565.6 -284.4 -2.8 284 0 13.3 99.3 14.0 3.5 2 1 4 0 0
-6494.2 -303.4 -2.8 284 0 13.1 34.3 14.0 0.0 0 1 4 2 2
-6101.0 -0.1 -1.6 229 0 39.5 14.2 17.5 3.5 2 0 5 5 5
-6506.3 -345.0 -2.8 285 0 12.1 86.5 14.0 3.5 2 1 4 1 1
-6025.5 -234.5 -1.6 109 0 13.1 60.7 17.5 3.5 2 1 5 0 0
-6011.4 -11.4 -1.7 282 0 13.8 69.4 17.5 3.5 4 1 5 1 1
-6116.9 66.7 -1.4 229 0 16.2 63.7 17.5 3.5 2 1 5 2 2
-6486.1 -273.8 -2.6 284 0 27.0 19.0 14.0 3.5 2 0 4 0 0
-6041.8 -157.1 -1.5 102 0 13.3 64.9 17.5 3.5 2 1 5 1 1
-6060.5 -26.5 -1.4 215 0 46.2 7.2 10.5 3.5 2 0 3 3 3
-6699.8 -249.4 -3.0 284 0 14.5 37.5 14.0 3.5 2 1 4 3 3
-6076.5 -153.3 -1.9 102 0 13.9 76.3 17.5 3.5 2 1 5 5 5
-6079.1 -17.5 -1.3 216 0 37.0 13.7 17.5 3.5 2 0 5 2 2
-6666.7 -257.6 -2.9 284 0 13.3 68.7 14.0 3.5 2 1 4 0 0
-6726.4 -209.2 -3.3 284 0 23.2 17.8 14.0 3.5 2 0 4 1 1
-6121.9 -202.3 -2.6 108 0 12.9 58.7 17.5 3.5 2 1 5 5 5
-6544.3 -258.6 -2.9 285 0 71.1 18.3 14.0 3.5 2 0 4 1 1
-6279.2 -330.2 -2.7 284 0 40.6 55.1 17.5 0.0 0 1 5 3 3
-6633.0 -267.1 -2.8 283 0 14.3 68.5 14.0 0.0 0 1 4 5 5
-6281.7 -416.2 -2.8 191 0 30.9 8.5 10.5 3.5 2 0 3 2 2
-6644.3 -231.3 -3.2 285 0 123.5 18.1 14.0 0.0 0 0 4 0 0
-6008.8 -167.1 -1.9 102 0 13.6 64.8 17.5 3.5 2 1 5 3 3
-6319.9 -408.1 -2.8 195 0 38.6 8.0 10.5 3.5 2 0 3 3 3
-6223.3 -147.5 -2.9 192 0 19.6 13.6 17.5 3.5 2 0 5 4 4
-6334.7 -470.3 -2.8 193 0 66.5 39.9 17.5 0.0 0 0 5 3 3
-6157.1 -49.9 -2.3 282 0 11.2 54.3 17.5 3.5 2 1 5 5 5
-5978.5 -57.0 -1.9 12 0 75.8 14.0 17.5 3.5 2 0 5 5 5
-6053.2 25.9 -1.7 215 0 10.2 29.3 17.5 3.5 2 1 5 1 1
-6747.6 -244.5 -3.3 194 0 15.2 19.0 14.0 3.5 2 1 4 2 2
-5997.5 56.3 -1.7 282 0 13.5 61.3 17.5 3.5 2 1 5 3 3
-6217.1 -18.5 -2.1 231 0 12.6 29.9 17.5 3.5 2 1 5 4 4
-6185.2 -158.4 -2.8 104 0 15.2 49.5 17.5 3.5 2 1 5 5 5
-6172.0 -196.6 -2.9 103 0 12.3 25.9 17.5 3.5 2 1 5 5 5
-6090.2 -212.2 -2.3 109 0 13.8 53.5 17.5 3.5 2 1 5 3 3
-6205.1 -59.2 -2.3 211 0 24.2 24.8 17.5 0.0 0 1 5 1 1
-6021.6 88.0 -1.6 227 0 57.6 12.8 17.5 3.5 2 0 5 0 0
-5949.4 199.6 -0.2 140 0 17.2 20.1 17.5 3.5 2 1 5 0 0
-5830.4 156.0 -0.1 50 0 13.0 63.9 17.5 3.5 2 1 5 0 0
-5975.5 -166.9 -2.0 102 0 13.5 61.6 17.5 0.0 0 1 5 1 1
-5744.2 -5.0 -1.5 192 0 98.9 43.2 17.5 0.0 0 0 5 1 1
-5930.9 -141.6 -2.2 12 0 53.9 12.5 17.5 3.5 2 0 5 2 2
-5946.3 -63.8 -2.0 12 0 77.1 14.2 17.5 3.5 2 0 5 4 4
-5655.9 122.4 -1.4 339 0 51.8 11.6 17.5 3.5 2 0 5 0 0
-5694.2 62.6 -1.5 90 0 14.0 15.2 17.5 3.5 2 1 5 5 5
-5960.2 -184.4 -2.1 201 0 25.7 11.8 17.5 3.5 2 0 5 1 1
-5807.8 90.4 -0.2 112 0 51.6 12.0 17.5 3.5 2 0 5 0 0
-5927.5 135.3 -0.4 300 0 19.5 5.1 10.5 3.5 2 0 3 5 5
-5925.8 -258.5 -2.4 104 0 9.6 32.9 10.5 3.5 2 1 3 2 2
-5658.2 191.7 -1.3 338 0 60.0 13.5 17.5 3.5 2 0 5 3 3
-5817.0 -39.6 -0.4 102 0 12.5 28.2 17.5 3.5 2 1 5 4 4
-5882.2 230.1 0.0 230 0 74.7 14.2 17.5 3.5 2 0 5 5 5
-5861.4 121.0 -0.2 127 0 51.6 13.8 17.5 3.5 2 0 5 0 0
-5588.9 -82.1 -1.6 190 0 50.8 11.9 17.5 3.5 2 0 5 3 3
-5459.7 -32.4 -1.4 12 0 10.8 87.8 17.5 3.5 2 1 5 3 3
-5827.1 63.0 -0.3 283 0 24.2 24.1 17.5 3.5 2 0 5 2 2
-5682.0 240.7 -1.3 325 0 33.3 14.5 17.5 3.5 2 0 5 2 2
-5895.0 -107.4 -2.4 192 0 124.0 103.4 17.5 0.0 0 0 5 3 3
-5608.2 57.4 -1.4 0 0 15.3 14.3 17.5 3.5 4 0 5 0 0
-5994.7 -248.0 -1.5 20 0 6.0 17.8 10.5 3.5 2 1 3 3 3
-5901.2 252.7 0.1 229 0 74.2 13.8 17.5 3.5 2 0 5 1 1
-6060.9 331.0 -0.9 139 0 48.5 18.2 14.0 3.5 2 0 4 4 4
-5689.7 -86.2 -1.3 101 0 9.8 16.9 10.5 3.5 2 1 3 1 1
-5767.9 288.1 -1.3 318 0 39.4 10.8 17.5 3.5 2 0 5 5 5
-5899.9 7.9 -1.4 11 0 68.0 12.4 17.5 3.5 2 0 5 4 4
-5847.4 226.3 -0.4 229 0 13.5 64.0 17.5 3.5 4 1 5 1 1
-5652.4 246.0 -1.3 152 0 35.7 15.1 17.5 0.0 0 0 5 1 1
-5762.8 -85.5 -0.6 192 0 29.6 9.1 10.5 3.5 2 0 3 2 2
-5561.4 10.9 -1.4 282 0 14.4 13.9 17.5 0.0 0 0 5 0 0
-5617.2 21.9 -1.5 281 0 26.9 11.3 17.5 3.5 4 0 5 2 2
-5789.6 -50.4 -0.5 103 0 28.1 66.7 17.5 0.0 0 1 5 5 5
-5627.3 -101.2 -1.6 11 0 10.7 58.5 17.5 3.5 2 1 5 1 1
-5838.1 81.1 -0.1 294 0 11.5 12.1 17.5 3.5 2 1 5 5 5
-5917.7 -157.5 -2.3 12 0 15.6 7.6 10.5 0.0 0 0 3 3 3
-5682.4 92.1 -1.4 71 0 11.1 43.8 17.5 3.5 2 1 5 1 1
-6008.8 271.9 -0.7 139 0 77.8 17.9 14.0 3.5 2 0 4 3 3
-5467.4 20.4 -1.3 100 0 36.4 14.0 17.5 3.5 4 0 5 5 5
-5540.3 34.9 -1.4 101 0 40.3 9.1 10.5 3.5 2 0 3 0 0
-5916.1 -69.9 -2.2 12 0 75.6 12.6 17.5 3.5 2 0 5 5 5
-5956.7 -232.9 -2.2 192 0 31.4 12.9 17.5 3.5 2 0 5 5 5
-5886.5 102.4 -0.5 282 0 12.4 53.8 17.5 3.5 2 1 5 4 4
-5935.3 283.1 -0.2 49 0 59.4 12.5 14.0 3.5 2 0 4 4 4
-5723.8 171.7 -1.4 339 0 71.9 13.8 17.5 3.5 2 0 5 1 1
-5920.0 171.2 0.2 132 0 34.2 13.4 17.5 3.5 2 0 5 1 1
-5600.4 -15.9 -1.5 11 0 49.7 10.1 17.5 3.5 2 0 5 4 4
-5930.4 14.0 -1.9 12 0 66.9 13.8 17.5 3.5 2 0 5 5 5
-5741.3 254.3 -1.3 318 0 37.9 8.4 10.5 3.5 2 0 3 5 5
-5894.0 149.8 0.2 127 0 11.4 34.1 17.5 3.5 2 1 5 1 1
-5767.4 107.8 -0.6 46 0 11.1 40.4 17.5 3.5 2 1 5 1 1
-5745.9 71.9 -1.5 103 0 61.0 12.1 17.5 3.5 2 0 5 0 0
-5611.4 -75.3 -1.6 11 0 50.5 10.2 17.5 3.5 2 0 5 1 1
-5628.6 118.2 -1.4 338 0 78.8 11.3 17.5 3.5 2 0 5 3 3
-5981.0 -238.2 -2.0 200 0 20.8 12.2 17.5 3.5 2 0 5 0 0
-5914.4 124.7 -1.1 282 0 13.8 70.4 17.5 3.5 2 1 5 2 2
-5893.4 177.7 0.3 126 0 11.6 11.5 17.5 3.5 2 0 5 1 1
-5506.2 31.5 -1.3 69 0 6.1 14.1 10.5 3.5 2 1 3 1 1
-5825.9 133.2 -0.8 137 0 12.0 60.7 17.5 3.5 2 1 5 3 3
-5636.6 1.1 -1.6 281 0 10.0 80.7 10.5 3.5 2 1 3 0 0
-5934.3 -273.5 -2.4 111 0 15.5 9.0 10.5 3.5 2 0 3 4 4
-5672.8 0.8 -1.5 281 0 9.5 64.5 10.5 3.5 4 1 3 1 1
-5744.8 271.5 -1.3 313 0 27.1 3.9 10.5 3.5 2 0 3 0 0
-5945.5 -212.5 -2.4 192 0 6.9 32.8 10.5 3.5 2 1 3 0 0
-5844.8 12.5 -0.2 194 0 36.5 18.4 17.5 0.0 0 0 5 3 3
-5987.8 -235.3 -1.8 20 0 21.4 18.2 17.5 3.5 2 0 5 3 3
-5786.2 345.3 -1.3 320 0 10.6 16.7 17.5 3.5 2 1 5 4 4
-5488.8 -82.1 -1.5 248 0 11.1 45.0 17.5 0.0 0 1 5 2 2
-5212.6 108.6 -1.0 68 0 13.9 71.7 14.0 3.5 4 1 4 5 5
-5488.3 -350.6 -1.7 98 0 12.6 57.1 17.5 3.5 2 1 5 5 5
-5587.3 -307.1 -1.8 187 0 49.1 12.2 17.5 3.5 2 0 5 1 1
-5454.7 114.6 -1.3 248 0 30.6 42.8 17.5 0.0 0 1 5 1 1
-5459.0 227.2 -1.1 338 0 90.6 14.9 17.5 3.5 2 0 5 2 2
-5391.1 -105.4 -1.4 247 0 15.0 36.6 17.5 3.5 2 1 5 3 3
-5416.6 122.0 -1.2 338 0 105.5 14.1 17.5 0.0 0 0 5 3 3
-5692.3 357.8 -1.1 135 0 14.8 41.2 17.5 3.5 2 1 5 0 0
-5463.2 -71.7 -1.5 248 0 11.2 45.5 17.5 3.5 2 1 5 4 4
-5523.5 -145.3 -1.5 67 0 11.9 45.4 17.5 3.5 2 1 5 3 3
-5237.8 255.6 -1.1 248 0 12.3 65.9 14.0 3.5 2 1 4 5 5
-5272.6 84.1 -1.1 68 0 13.1 71.0 14.0 3.5 2 1 4 0 0
-5625.5 -352.0 -1.0 188 0 33.0 10.1 17.5 0.0 0 0 5 2 2
-5360.7 240.7 -1.0 263 0 18.9 23.5 14.0 3.5 2 1 4 0 0
-5498.1 -430.5 -1.9 109 0 56.5 9.1 10.5 0.0 0 0 3 2 2
-5670.5 404.7 -0.9 315 0 18.8 9.7 10.5 3.5 2 0 3 2 2
-5420.6 -103.1 -1.4 68 0 11.7 45.4 17.5 3.5 2 1 5 2 2
-5558.0 -310.5 -1.8 188 0 50.0 10.8 17.5 3.5 2 0 5 2 2
-5450.7 -130.7 -1.5 248 0 12.8 56.2 17.5 0.0 0 1 5 5 5
-5066.0 172.2 -1.1 68 0 48.9 60.9 17.5 0.0 0 1 5 3 3
-5327.2 218.9 -1.1 248 0 14.0 66.2 14.0 3.5 2 1 4 1 1
-5611.8 686.4 0.1 46 0 12.1 67.6 17.5 3.5 2 1 5 2 2
-5429.7 -193.2 -1.6 249 0 13.1 63.3 17.5 3.5 2 1 5 0 0
-5189.6 156.7 -1.0 338 0 72.0 14.1 14.0 3.5 2 0 4 1 1
-5598.8 -146.4 -1.6 187 0 65.4 11.1 17.5 3.5 2 0 5 0 0
-5515.0 -92.6 -1.5 248 0 11.3 45.1 17.5 0.0 0 1 5 0 0
-5603.9 811.9 0.1 222 0 13.3 55.3 17.5 3.5 2 1 5 0 0
-5522.4 -342.1 -1.7 98 0 12.3 48.9 17.5 0.0 0 1 5 5 5
-5514.7 -226.1 -1.7 248 0 12.7 60.9 17.5 3.5 2 1 5 5 5
-5709.4 411.9 -1.0 225 0 44.6 8.0 10.5 3.5 2 0 3 2 2
-5538.6 -217.7 -1.7 277 0 12.9 37.3 17.5 3.5 2 1 5 1 1
-5510.6 -414.6 -1.8 98 0 12.0 56.7 17.5 3.5 2 1 5 2 2
-5616.3 -303.7 -1.8 187 0 50.6 10.7 17.5 0.0 0 0 5 3 3
-5573.3 -392.1 -1.8 98 0 13.4 48.0 17.5 3.5 2 1 5 2 2
-5358.5 205.4 -1.1 248 0 13.7 65.8 14.0 3.5 2 1 4 4 4
-5422.8 -119.0 -1.5 247 0 12.6 70.9 17.5 0.0 0 1 5 0 0
-5558.1 -409.9 -1.8 109 0 57.3 9.1 10.5 3.5 2 0 3 3 3
-5271.2 252.0 -1.1 248 0 12.7 76.1 14.0 3.5 2 1 4 1 1
-5487.7 -215.4 -1.6 247 0 13.6 64.8 17.5 3.5 2 1 5 2 2
-5627.4 786.0 0.1 226 0 13.7 65.8 17.5 3.5 2 1 5 3 3
-5479.3 -424.3 -1.8 99 0 12.4 61.9 17.5 3.5 4 1 5 2 2
-5546.7 -154.3 -1.6 68 0 12.3 43.4 17.5 3.5 2 1 5 2 2
-5375.1 145.3 -1.1 159 0 33.0 11.2 14.0 0.0 0 0 4 2 2
-5599.3 -405.0 -1.0 98 0 3.9 15.6 10.5 3.5 2 1 3 0 0
-5610.2 -239.0 -1.7 188 0 64.3 10.1 17.5 3.5 2 0 5 0 0
-5242.1 96.2 -1.0 67 0 13.1 71.8 14.0 3.5 4 1 4 5 5
-5541.8 -403.1 -1.8 98 0 13.1 54.0 17.5 3.5 2 1 5 0 0
-5302.8 242.9 -1.0 248 0 12.2 79.3 14.0 3.5 2 1 4 5 5
-5459.9 -203.7 -1.6 248 0 13.0 65.4 17.5 3.5 2 1 5 4 4
-5629.1 -374.6 -1.3 188 0 9.6 35.7 10.5 3.5 2 1 3 1 1
-4732.7 -887.3 -1.3 2 0 25.0 17.0 17.5 3.5 2 0 5 2 2
-3509.8 6475.1 -3.8 80 0 61.3 10.2 5.0 2.5 2 0 2 2 2
-3328.8 6599.8 -4.7 349 0 9.8 26.9 7.5 2.5 2 1 3 5 5
-3854.1 5981.5 -5.3 80 0 16.2 50.4 10.0 2.5 2 1 4 2 2
-3350.8 6616.8 -4.8 259 0 22.1 12.9 10.0 0.0 0 0 4 5 5
-3148.9 5765.1 -2.9 352 0 48.8 12.4 7.5 2.5 2 0 3 4 4
-3523.3 6454.7 -6.0 259 0 96.0 180.0 15.0 0.0 0 1 6 4 4
-3577.3 6548.1 -4.0 259 0 17.1 83.0 7.5 2.5 4 1 3 4 4
-3657.5 6254.9 -5.8 344 0 138.3 101.8 12.5 0.0 0 0 5 2 2
-3590.8 6617.7 -4.2 258 0 29.0 14.0 7.5 0.0 0 0 3 1 1
-3365.0 6301.3 -4.5 79 0 108.8 180.8 12.5 0.0 0 1 5 5 5
-3424.3 6192.1 -5.8 350 0 151.5 96.3 7.5 0.0 0 0 3 2 2
-3330.3 6554.6 -4.5 349 0 73.5 135.5 7.5 0.0 0 1 3 1 1
-3856.5 6231.7 -5.7 259 0 102.2 152.0 10.0 0.0 0 1 4 4 4
-3575.6 6664.1 -4.6 347 0 60.2 43.4 10.0 0.0 0 0 4 3 3
-3888.0 5998.1 -5.3 170 0 42.9 12.8 7.5 0.0 0 0 3 0 0
-3939.5 7282.3 -5.6 253 0 60.6 40.4 10.0 0.0 0 0 4 0 0
-4097.5 6405.7 -6.0 74 0 252.7 10.6 7.5 0.0 0 0 3 1 1
-3442.5 6893.4 -6.4 254 0 21.8 9.6 5.0 2.5 2 0 2 5 5
-3585.0 7571.2 -6.6 340 0 93.1 229.0 5.0 0.0 0 1 2 5 5
-3828.3 6485.0 -6.0 254 0 35.9 85.5 12.5 0.0 0 1 5 4 4
-3435.5 6860.2 -6.3 259 0 11.6 29.6 7.5 2.5 2 1 3 0 0
-3645.1 5707.4 -3.3 164 0 18.9 149.0 7.5 0.0 0 1 3 0 0
-3422.7 6991.4 -5.5 254 0 47.9 13.5 7.5 2.5 2 0 3 4 4
-3856.7 6409.1 -6.0 74 0 40.0 8.1 7.5 2.5 2 0 3 5 5
-3781.8 6319.2 -5.9 74 0 18.0 71.8 15.0 2.5 2 1 6 1 1
-6108.2 6826.0 -6.3 81 0 12.0 68.5 15.0 2.5 4 1 6 1 1
-4630.2 6838.5 -6.2 260 0 46.5 13.3 7.5 2.5 2 0 3 5 5
-3858.0 6480.2 -5.6 344 0 8.7 15.3 7.5 0.0 0 1 3 3 3
-3923.8 6455.8 -5.9 74 0 89.4 10.7 7.5 2.5 2 0 3 0 0
-3389.9 6903.8 -6.2 164 0 7.9 25.4 5.0 2.5 2 1 2 0 0
-3699.4 5850.7 -4.2 344 0 99.6 15.0 7.5 2.5 2 0 3 4 4
-6434.2 7309.9 -6.9 85 0 14.1 58.8 12.5 0.0 0 1 5 4 4
-4666.3 6729.8 -6.1 169 0 142.2 20.8 7.5 0.0 0 0 3 2 2
-4081.3 5992.3 -5.2 80 0 49.6 120.5 10.0 0.0 0 1 4 2 2
-3782.0 6498.3 -5.7 254 0 24.5 85.4 12.5 0.0 0 1 5 5 5
-3752.4 5798.8 -4.1 164 0 173.8 31.9 10.0 0.0 0 0 4 3 3
-4076.3 5922.1 -5.3 74 0 50.3 24.5 7.5 2.5 2 0 3 1 1
-3576.6 7096.2 -5.1 74 0 14.4 9.5 7.5 2.5 4 0 3 4 4
-3450.9 6778.1 -5.9 79 0 12.4 59.3 10.0 2.5 2 1 4 5 5
-3720.2 6412.2 -5.9 254 0 130.2 18.1 12.5 0.0 0 0 5 1 1
-6380.3 6892.2 -8.0 176 0 9.5 310.2 7.5 0.0 0 1 3 0 0
-3556.8 6916.9 -6.4 254 0 22.5 9.4 7.5 2.5 2 0 3 1 1
-3626.7 6437.4 -4.9 260 0 16.2 48.7 10.0 2.5 2 1 4 1 1
-3700.8 6342.9 -5.8 74 0 130.1 19.0 7.5 0.0 0 0 3 3 3
-4074.5 7396.2 -6.5 160 0 80.4 239.7 7.5 0.0 0 1 3 4 4
-3374.5 6818.0 -6.2 349 0 30.8 24.8 7.5 0.0 0 0 3 5 5
-6389.2 7313.9 -7.7 85 0 13.2 58.0 12.5 2.5 2 1 5 2 2
-4549.1 6865.1 -6.0 344 0 8.1 54.9 7.5 2.5 2 1 3 4 4
-4132.1 7221.5 -5.9 253 0 40.6 59.8 7.5 0.0 0 1 3 2 2
-4177.5 7206.9 -5.8 253 0 39.9 60.7 10.0 0.0 0 1 4 2 2
-4040.6 7250.3 -5.5 253 0 40.9 60.2 10.0 0.0 0 1 4 3 3
-4086.5 7235.6 -5.8 253 0 40.4 59.7 7.5 0.0 0 1 3 5 5
-3994.9 7264.7 -5.5 253 0 40.7 60.2 7.5 0.0 0 1 3 5 5
-3746.1 6509.0 -5.3 254 0 30.0 86.3 10.0 0.0 0 1 4 0 0
-3505.2 6942.5 -6.3 165 0 33.0 16.3 7.5 0.0 0 0 3 3 3
-6593.9 6797.4 -6.9 78 0 19.1 59.6 10.0 2.5 2 1 4 0 0
-6931.8 6853.9 -7.3 357 0 8.4 93.5 7.5 2.5 2 1 3 3 3
-6621.5 6751.4 -6.6 78 0 9.7 105.2 7.5 0.0 0 1 3 3 3
-6722.9 6864.7 -7.6 348 0 9.0 69.8 7.5 2.5 2 1 3 4 4
-6701.8 6865.4 -8.0 175 0 9.4 289.7 7.5 0.0 0 1 3 4 4
-6664.7 6740.2 -6.9 78 0 10.4 112.9 7.5 2.5 2 1 3 0 0
-6934.9 8147.2 -8.3 261 0 6.1 308.7 5.0 0.0 0 1 2 1 1
-6721.0 6766.3 -7.0 168 0 70.4 10.6 10.0 2.5 2 0 4 4 4
-5297.4 6513.5 -5.6 344 0 179.7 95.3 7.5 0.0 0 0 3 2 2
-5753.1 4441.6 -5.0 264 0 13.7 60.8 7.5 0.0 0 1 3 5 5
-5053.6 5920.4 -4.9 258 0 121.2 36.6 10.0 0.0 0 0 4 1 1
-3338.9 6827.4 -6.3 348 0 10.7 25.0 10.0 2.5 2 1 4 2 2
-3701.3 5940.6 -5.5 75 0 20.7 22.0 12.5 2.5 2 1 5 0 0
-4379.8 6480.9 -5.8 164 0 6.6 30.1 2.5 2.5 2 1 1 4 4
-5659.7 6506.6 -6.0 349 0 90.1 36.1 10.0 0.0 0 0 4 0 0
-4490.1 6815.8 -6.2 260 0 13.8 41.3 12.5 2.5 2 1 5 5 5
-4916.3 4909.6 -4.0 248 0 11.0 20.0 2.5 2.5 4 1 1 1 1
-3665.6 5745.4 -3.3 344 0 35.4 7.5 5.0 2.5 2 0 2 5 5
-4833.0 6259.3 -5.2 75 0 36.4 37.4 15.0 0.0 0 1 6 3 3
-4346.3 6520.3 -5.9 343 0 30.6 13.6 7.5 2.5 2 0 3 3 3
-4340.2 6907.2 -4.6 164 0 32.1 13.1 7.5 2.5 2 0 3 5 5
-3376.2 6849.4 -6.4 77 0 6.6 11.3 5.0 2.5 2 1 2 4 4
-3757.3 6637.8 -4.3 169 0 28.2 42.2 10.0 0.0 0 1 4 4 4
-3501.7 6850.2 -6.1 80 0 15.6 20.9 7.5 2.5 2 1 3 0 0
-4427.2 6547.0 -5.8 345 0 8.9 40.1 5.0 2.5 2 1 2 1 1
-4608.0 8545.4 -8.0 102 0 14.2 12.8 7.5 2.5 2 0 3 3 3
-4723.0 8629.8 -8.3 234 0 13.5 15.8 5.0 2.5 2 1 2 4 4
-3664.3 5974.3 -5.5 345 0 17.2 4.4 7.5 2.5 2 0 3 3 3
-6001.7 6226.2 -6.4 84 0 42.2 120.8 10.0 0.0 0 1 4 4 4
-3984.6 6541.1 -5.8 167 0 51.4 14.0 12.5 2.5 2 0 5 3 3
-3712.1 6876.9 -5.7 345 0 54.4 19.9 7.5 2.5 2 0 3 3 3
-5885.2 4423.8 -4.8 263 0 13.2 59.7 10.0 2.5 2 1 4 4 4
-4245.3 8473.2 -8.1 245 0 23.0 46.9 10.0 2.5 2 1 4 2 2
-4481.4 8557.3 -8.3 343 0 11.7 14.8 5.0 2.5 2 1 2 1 1
-4501.0 6495.1 -5.7 344 0 50.2 15.6 10.0 2.5 2 0 4 1 1
-5612.2 6558.1 -6.2 259 0 24.5 54.6 7.5 2.5 2 1 3 0 0
-4672.3 6131.2 -5.1 163 0 8.4 35.4 7.5 2.5 2 1 3 1 1
-4217.3 6836.4 -4.3 165 0 7.0 29.3 7.5 2.5 2 1 3 4 4
-5081.2 6173.4 -4.9 75 0 14.7 49.1 7.5 2.5 2 1 3 1 1
-3671.3 6591.0 -4.0 78 0 38.5 10.4 10.0 2.5 2 0 4 4 4
-3636.3 5792.1 -3.3 345 0 36.7 22.4 10.0 0.0 0 0 4 5 5
-4161.8 8413.8 -7.9 65 0 9.4 22.2 7.5 2.5 2 1 3 0 0
-4297.0 6286.4 -5.5 350 0 34.8 5.6 5.0 2.5 2 0 2 4 4
-4127.7 7105.8 -6.2 349 0 7.0 16.6 7.5 0.0 0 1 3 3 3
-3958.0 6964.3 -6.2 164 0 53.3 101.1 10.0 0.0 0 1 4 4 4
-4533.4 8608.5 -8.6 264 0 22.1 12.5 7.5 2.5 2 0 3 5 5
-5028.0 6036.2 -4.7 259 0 26.4 12.2 7.5 2.5 2 0 3 5 5
-4419.5 6829.6 -5.5 259 0 12.8 41.1 12.5 2.5 4 1 5 4 4
-4820.3 6003.0 -5.2 349 0 241.3 36.8 10.0 0.0 0 0 4 2 2
-3549.9 6940.5 -6.3 347 0 11.0 5.7 5.0 2.5 2 0 2 2 2
-4507.2 5925.3 -5.1 168 0 19.2 18.8 10.0 2.5 2 0 4 1 1
-3782.2 5905.5 -4.9 164 0 29.5 31.0 10.0 0.0 0 1 4 2 2
-3499.2 6840.3 -5.9 259 0 15.0 70.1 10.0 2.5 2 1 4 5 5
-3640.5 5876.4 -4.0 345 0 28.9 15.5 7.5 2.5 2 0 3 2 2
-5981.7 5919.8 -5.5 267 0 31.8 40.3 10.0 0.0 0 1 4 4 4
-3424.3 6668.5 -4.9 347 0 6.3 6.9 5.0 2.5 2 1 2 0 0
-5785.6 4437.0 -4.9 264 0 13.6 60.9 10.0 2.5 4 1 4 1 1
-4530.9 8643.5 -8.6 354 0 15.9 15.1 7.5 2.5 2 0 3 1 1
-4950.3 5920.3 -4.9 169 0 37.1 13.3 7.5 2.5 2 0 3 0 0
-4242.0 5782.1 -3.8 255 0 7.3 37.9 7.5 2.5 2 1 3 4 4
-5818.6 4432.3 -4.9 263 0 12.9 60.4 7.5 2.5 2 1 3 1 1
-3367.1 6838.2 -6.4 170 0 16.1 22.4 10.0 2.5 2 1 4 2 2
-4492.0 8611.2 -8.6 344 0 14.0 15.3 5.0 2.5 2 1 2 0 0
-4613.6 8519.0 -7.9 285 0 15.3 15.2 5.0 2.5 2 0 2 5 5
-4493.3 5889.4 -5.1 169 0 11.8 8.5 2.5 2.5 2 0 1 1 1
-4438.5 6586.9 -5.9 345 0 27.9 9.4 7.5 2.5 4 0 3 2 2
-4516.4 6770.6 -6.2 169 0 76.0 9.8 7.5 2.5 2 0 3 1 1
-4860.7 6352.5 -5.3 254 0 33.7 35.9 10.0 0.0 0 1 4 2 2
-4233.3 9607.3 -10.3 30 0 96.6 23.0 5.0 0.0 0 0 2 0 0
-5907.5 7484.2 -7.3 343 0 9.4 11.5 2.5 2.5 2 1 1 5 5
-4585.0 8541.1 -8.0 98 0 15.4 12.2 2.5 2.5 2 0 1 1 1
-4341.1 6518.5 -5.9 164 0 24.3 9.3 5.0 2.5 2 0 2 1 1
-4323.3 6816.3 -4.7 165 0 27.3 15.3 10.0 2.5 2 0 4 4 4
-3746.8 6589.5 -4.0 168 0 44.6 42.4 10.0 0.0 0 0 4 0 0
-4663.6 6123.7 -5.1 168 0 6.2 25.2 5.0 2.5 2 1 2 0 0
-4354.6 6571.0 -5.9 165 0 35.8 7.1 7.5 2.5 2 0 3 5 5
-4303.0 6321.4 -5.6 350 0 29.1 6.8 2.5 0.0 0 0 1 2 2
-4129.0 8421.9 -7.9 69 0 8.3 32.3 7.5 2.5 2 1 3 5 5
-5734.4 4343.3 -4.9 353 0 60.7 13.5 7.5 2.5 4 0 3 4 4
-4575.6 6114.1 -5.1 349 0 12.8 88.9 12.5 2.5 4 1 5 2 2
-4474.5 8533.6 -8.0 254 0 15.2 13.4 7.5 2.5 2 0 3 2 2
-5587.6 5770.0 -4.8 87 0 24.3 50.1 10.0 2.5 2 1 4 0 0
-4460.3 6587.5 -5.9 254 0 8.1 35.0 7.5 2.5 2 1 3 5 5
-3752.9 6843.2 -5.4 75 0 15.6 39.5 7.5 2.5 2 1 3 4 4
-4322.2 6496.4 -5.8 345 0 5.0 27.7 7.5 0.0 0 1 3 2 2
-4261.2 6821.0 -4.5 74 0 41.5 7.2 7.5 0.0 0 0 3 5 5
-5879.6 4324.6 -4.7 173 0 60.1 12.8 7.5 2.5 2 0 3 1 1
-3467.5 6683.2 -4.9 259 0 16.2 44.0 10.0 2.5 2 1 4 3 3
-4521.0 6566.7 -5.8 345 0 20.0 12.8 10.0 2.5 2 0 4 4 4
-4091.9 6749.0 -4.3 75 0 51.3 16.3 7.5 2.5 2 0 3 2 2
-4232.3 9428.2 -9.8 125 0 60.9 169.4 10.0 0.0 0 1 4 2 2
-5039.5 6211.2 -5.0 345 0 49.4 32.9 12.5 0.0 0 0 5 0 0
-3700.8 6719.9 -4.9 77 0 30.0 80.4 5.0 0.0 0 1 2 5 5
-4415.1 6539.5 -5.9 164 0 73.4 10.0 7.5 2.5 2 0 3 0 0
-4259.0 5988.8 -5.2 260 0 24.3 47.6 7.5 0.0 0 1 3 2 2
-4472.8 6271.7 -5.4 267 0 35.7 339.9 7.5 0.0 0 1 3 1 1
-4901.1 6282.8 -5.2 164 0 13.3 25.8 7.5 2.5 2 1 3 5 5
-3484.7 6054.2 -5.6 254 0 49.1 8.4 7.5 0.0 0 0 3 2 2
-3874.9 7053.3 -6.2 254 0 108.2 20.5 7.5 0.0 0 0 3 1 1
-4502.2 6708.3 -6.1 170 0 19.9 8.4 5.0 2.5 2 0 2 2 2
-5744.1 6184.0 -5.9 349 0 72.8 27.9 10.0 0.0 0 0 4 0 0
-5554.9 6523.2 -6.2 350 0 24.3 19.7 7.5 2.5 2 0 3 4 4
-3446.7 6767.0 -5.6 259 0 15.9 63.1 10.0 0.0 0 1 4 5 5
-3564.3 6923.4 -6.4 74 0 13.5 23.0 12.5 2.5 2 1 5 4 4
-3798.4 7039.2 -6.0 254 0 76.1 122.5 10.0 0.0 0 1 4 0 0
-3412.4 6798.7 -5.9 349 0 24.8 15.5 10.0 2.5 2 0 4 5 5
-3608.0 5749.8 -3.3 74 0 10.6 65.3 7.5 2.5 2 1 3 5 5
-3468.6 6729.9 -5.4 348 0 65.1 15.6 7.5 2.5 2 0 3 5 5
-5940.2 5921.4 -5.3 267 0 21.3 39.9 5.0 0.0 0 1 2 3 3
-5853.8 7240.8 -7.3 163 0 17.4 47.7 7.5 2.5 4 1 3 5 5
-6019.8 6429.8 -6.6 265 0 27.9 68.3 10.0 0.0 0 1 4 2 2
-3396.6 6693.7 -5.2 260 0 28.2 14.9 12.5 2.5 2 0 5 5 5
-3668.6 6725.8 -4.8 78 0 15.4 40.1 10.0 2.5 2 1 4 5 5
-4559.1 8511.4 -7.9 270 0 15.2 14.2 5.0 2.5 2 0 2 4 4
-4256.1 5738.9 -3.8 75 0 36.3 9.2 7.5 2.5 2 0 3 4 4
-3770.3 6606.9 -4.3 348 0 108.8 23.8 10.0 0.0 0 0 4 1 1
-3831.7 6617.0 -4.4 258 0 43.2 43.2 7.5 0.0 0 0 3 3 3
-5766.5 6296.9 -6.0 349 0 69.2 27.3 10.0 0.0 0 0 4 1 1
-5632.4 6543.1 -6.0 349 0 19.4 14.5 7.5 2.5 2 0 3 2 2
-4662.8 8567.9 -8.0 119 0 14.0 16.7 10.0 2.5 2 1 4 2 2
-4505.7 6551.1 -5.9 164 0 59.9 24.1 10.0 2.5 2 0 4 1 1
-4559.5 8538.6 -7.9 88 0 14.5 12.4 7.5 2.5 4 0 3 4 4
-4707.7 8598.4 -8.1 137 0 15.6 14.3 5.0 2.5 2 0 2 5 5
-4431.1 6593.9 -5.9 165 0 22.9 7.3 7.5 2.5 2 0 3 3 3
-2995.0 7773.4 -6.4 348 0 11.8 4.9 5.0 2.5 2 0 2 1 1
-3870.2 6527.9 -4.8 164 0 9.5 54.7 7.5 2.5 2 1 3 3 3
-6035.9 5955.7 -5.6 175 0 75.9 15.7 10.0 2.5 2 0 4 1 1
-4514.7 6544.5 -5.8 344 0 21.0 12.8 7.5 2.5 2 0 3 5 5
-4992.3 6133.5 -4.9 165 0 23.0 15.2 7.5 2.5 2 0 3 5 5
-3844.2 6441.9 -6.0 341 0 18.6 6.4 5.0 2.5 2 0 2 3 3
-5542.8 5772.6 -4.8 87 0 23.7 50.3 10.0 2.5 2 1 4 2 2
-4571.2 8609.1 -8.6 277 0 22.8 12.6 7.5 2.5 2 0 3 1 1
-4360.5 6606.1 -6.0 75 0 6.0 18.7 2.5 2.5 4 1 1 3 3
-5608.0 5838.0 -4.9 269 0 50.7 12.3 7.5 2.5 2 0 3 0 0
-4475.4 6583.4 -5.9 254 0 8.4 35.1 7.5 2.5 4 1 3 3 3
-4267.7 5761.3 -3.7 254 0 4.8 14.8 2.5 2.5 2 1 1 1 1
-4909.5 6251.4 -5.1 164 0 31.7 14.9 7.5 2.5 2 0 3 3 3
-3675.4 6792.2 -5.1 347 0 29.3 10.5 7.5 2.5 2 0 3 1 1
-4638.3 8637.4 -8.7 305 0 14.4 16.3 2.5 2.5 2 1 1 1 1
-4400.6 6489.1 -5.8 165 0 24.2 10.3 5.0 2.5 2 0 2 1 1
-4230.1 5965.5 -5.2 170 0 48.0 6.4 7.5 2.5 2 0 3 4 4
-4585.8 8513.0 -7.9 279 0 14.6 14.2 5.0 2.5 2 0 2 3 3
-3654.7 5755.6 -3.4 255 0 15.1 16.1 10.0 2.5 2 1 4 5 5
-4225.7 8487.1 -8.1 248 0 16.0 52.3 12.5 2.5 2 1 5 1 1
-5738.1 6064.2 -5.0 79 0 22.5 41.0 7.5 0.0 0 1 3 5 5
-4279.2 5772.3 -3.8 256 0 8.1 19.9 5.0 2.5 2 1 2 2 2
-4594.4 6139.2 -5.1 344 0 20.7 41.0 10.0 0.0 0 1 4 0 0
-4173.2 8397.0 -7.8 65 0 8.8 41.4 7.5 2.5 2 1 3 2 2
-5693.8 5538.2 -5.7 87 0 13.1 33.2 7.5 2.5 2 1 3 1 1
-4236.7 6955.0 -5.5 255 0 37.2 114.3 10.0 0.0 0 1 4 1 1
-5723.5 5537.1 -5.8 88 0 6.6 49.4 7.5 2.5 2 1 3 3 3
-3630.6 5844.1 -3.6 344 0 11.5 52.0 7.5 2.5 2 1 3 5 5
-4584.5 6561.0 -5.8 254 0 71.8 110.0 7.5 0.0 0 1 3 4 4
-4567.2 8634.9 -8.7 97 0 14.4 15.7 5.0 2.5 2 1 2 1 1
-4963.6 5987.2 -4.8 169 0 14.9 96.6 10.0 2.5 2 1 4 0 0
-5836.7 4299.7 -4.7 83 0 13.2 60.5 12.5 2.5 2 1 5 1 1
-5672.8 5532.6 -5.6 255 0 9.0 72.3 7.5 2.5 4 1 3 0 0
-3738.5 6751.1 -4.8 348 0 80.5 41.5 10.0 0.0 0 0 4 3 3
-5802.9 4303.9 -4.8 82 0 13.2 60.8 10.0 2.5 2 1 4 1 1
-3883.3 6887.5 -5.6 74 0 101.8 53.1 10.0 0.0 0 0 4 3 3
-4531.3 8539.1 -8.0 85 0 15.7 13.2 5.0 2.5 2 0 2 5 5
-4683.9 8539.6 -8.0 208 0 12.4 16.4 10.0 2.5 2 1 4 3 3
-4530.2 8511.3 -7.9 265 0 15.2 13.7 7.5 2.5 2 0 3 0 0
-4808.8 6157.8 -5.0 79 0 15.6 43.6 7.5 2.5 2 1 3 5 5
-4372.7 6725.0 -6.0 79 0 9.9 57.9 7.5 2.5 2 1 3 4 4
-3795.4 6759.6 -4.6 168 0 42.4 5.6 2.5 2.5 2 0 1 1 1
-4361.6 6599.2 -6.0 165 0 8.1 5.8 2.5 2.5 4 0 1 5 5
-5615.6 6474.4 -6.1 349 0 13.1 29.7 10.0 2.5 2 1 4 0 0
-4686.3 8581.7 -8.1 128 0 15.7 13.5 7.5 2.5 2 0 3 4 4
-5486.6 6055.6 -4.5 74 0 29.9 73.2 10.0 0.0 0 1 4 0 0
-3693.1 6711.1 -4.5 258 0 41.9 72.0 10.0 0.0 0 1 4 3 3
-3654.8 6797.2 -5.3 168 0 48.3 10.9 10.0 2.5 2 0 4 3 3
-5852.1 4428.6 -4.8 263 0 12.8 60.5 7.5 2.5 2 1 3 0 0
-5769.3 4307.5 -4.8 82 0 13.0 61.1 7.5 2.5 2 1 3 0 0
-4308.1 6875.6 -4.8 164 0 115.7 54.9 10.0 0.0 0 0 4 0 0
-3532.4 5956.0 -5.6 254 0 210.2 173.2 10.0 0.0 0 0 4 5 5
-4840.4 8580.3 -8.1 305 0 51.4 70.6 7.5 0.0 0 1 3 0 0
-3744.2 5948.4 -5.4 164 0 45.3 15.8 7.5 2.5 2 0 3 1 1
-4946.5 4895.3 -4.1 250 0 14.5 33.8 10.0 2.5 2 1 4 1 1
-4585.6 5948.8 -5.1 168 0 27.5 11.0 10.0 2.5 2 0 4 0 0
-3417.1 6871.2 -6.4 79 0 15.3 22.3 5.0 2.5 2 1 2 2 2
-4866.6 4852.3 -4.2 2 0 29.8 15.2 7.5 0.0 0 0 3 1 1
-4865.2 4744.7 -4.2 2 0 29.8 15.2 10.0 0.0 0 0 4 5 5
-4867.2 4798.4 -4.5 2 0 29.8 15.2 10.0 0.0 0 0 4 4 4
-3626.9 6689.7 -4.6 80 0 7.5 32.2 2.5 2.5 4 1 1 0 0
-5304.7 6399.9 -5.2 254 0 41.4 8.3 5.0 2.5 2 0 2 0 0
-4018.7 6766.7 -4.4 75 0 18.7 45.6 12.5 2.5 2 1 5 0 0
-3640.3 6736.1 -4.8 169 0 30.2 8.3 7.5 2.5 2 0 3 4 4
-4969.3 8463.1 -8.8 216 0 35.2 55.0 10.0 0.0 0 1 4 5 5
-4591.3 5970.3 -4.8 79 0 54.7 12.3 7.5 2.5 2 0 3 2 2
-5091.2 6311.5 -5.1 255 0 12.1 41.7 7.5 2.5 2 1 3 5 5
-4929.1 6233.6 -5.1 344 0 14.8 58.8 12.5 2.5 2 1 5 0 0
-4369.9 6416.3 -5.7 75 0 9.8 25.1 7.5 2.5 2 1 3 1 1
-5518.0 5995.9 -4.4 259 0 15.1 25.3 10.0 2.5 2 1 4 1 1
-4412.9 6462.3 -5.8 258 0 49.2 35.8 7.5 0.0 0 0 3 3 3
-3838.3 6776.2 -4.7 257 0 13.7 26.5 7.5 2.5 2 1 3 4 4
-5046.0 6258.5 -5.0 348 0 24.3 7.6 2.5 2.5 2 0 1 3 3
-5161.8 6271.5 -5.1 165 0 60.4 60.0 10.0 0.0 0 0 4 1 1
-229.5 10782.9 -11.0 338 0 99.1 16.0 10.0 2.5 2 0 4 2 2
-1242.1 8791.6 -4.7 143 0 51.3 12.3 5.0 0.0 0 0 2 2 2
-1096.7 8732.1 -5.1 323 0 61.4 11.6 10.0 2.5 2 0 4 3 3
-1138.5 8789.2 -4.8 323 0 60.4 12.7 10.0 2.5 2 0 4 1 1
-1065.2 8619.5 -5.8 227 0 11.4 59.9 7.5 2.5 2 1 3 1 1
-1204.2 8740.1 -5.1 144 0 61.0 11.5 10.0 2.5 2 0 4 0 0
-1003.6 8499.0 -6.2 48 0 11.3 59.3 10.0 2.5 2 1 4 4 4
-1189.3 8789.5 -5.0 234 0 11.3 61.3 10.0 2.5 4 1 4 5 5
-1091.6 8595.6 -6.0 227 0 12.1 59.5 7.5 2.5 2 1 3 2 2
-1112.3 8682.5 -5.2 54 0 11.4 60.0 12.5 2.5 2 1 5 5 5
-278.9 10779.3 -11.1 160 0 55.1 8.7 7.5 2.5 2 0 3 4 4
606.9 10706.3 -10.7 268 0 21.5 30.5 10.0 0.0 0 1 4 0 0
-5268.0 -238.3 -1.4 328 0 51.4 13.1 17.5 3.5 2 0 5 0 0
-3517.6 2395.9 -1.9 330 0 48.4 194.0 14.0 0.0 0 1 4 0 0
-5345.5 -73.1 -1.3 69 0 11.0 36.8 17.5 3.5 2 1 5 0 0
-4720.0 417.7 -1.2 0 0 73.0 12.5 10.0 2.5 2 0 4 4 4
-1733.1 1524.8 1.8 234 0 75.2 13.3 7.5 2.5 2 0 3 2 2
-5379.9 9.7 -1.3 248 0 11.8 46.2 17.5 3.5 2 1 5 0 0
-5309.4 -174.7 -1.4 338 0 37.9 10.9 17.5 3.5 2 0 5 4 4
-5313.7 -131.5 -1.4 337 0 14.7 13.8 17.5 3.5 2 0 5 3 3
-5369.6 -81.9 -1.3 68 0 10.9 36.6 17.5 3.5 2 1 5 1 1
-5334.8 -132.7 -1.4 339 0 8.5 21.1 10.5 3.5 2 1 3 0 0
-3578.8 2239.0 -1.4 59 0 9.5 60.9 10.5 3.5 2 1 3 1 1
-5341.3 -84.5 -1.4 247 0 12.2 36.7 17.5 3.5 2 1 5 0 0
-5364.6 -94.3 -1.4 247 0 13.9 36.8 17.5 3.5 2 1 5 1 1
-4805.4 -131.2 -0.8 90 0 12.6 67.3 7.5 0.0 0 1 3 3 3
-5464.7 -59.1 -1.4 101 0 7.7 13.4 10.5 3.5 4 1 3 3 3
-5270.1 505.9 -0.5 47 0 12.8 50.5 17.5 3.5 2 1 5 1 1
-5575.6 -252.3 -1.7 187 0 10.5 18.8 17.5 3.5 2 1 5 2 2
-4824.2 -22.2 -0.8 269 0 13.4 33.4 7.5 2.5 2 1 3 5 5
-2522.5 -2628.5 -0.9 211 0 25.1 337.3 10.0 0.0 0 1 4 2 2
-5036.6 -213.3 -1.2 338 0 46.7 12.6 17.5 3.5 2 0 5 1 1
-4935.3 -360.6 -0.4 337 0 39.8 14.9 17.5 3.5 2 0 5 5 5
-4185.2 871.2 -1.2 240 0 13.1 73.4 14.0 3.5 2 1 4 3 3
-5392.5 -91.0 -1.4 68 0 12.7 42.2 17.5 0.0 0 1 5 5 5
-5539.5 -160.0 -1.6 248 0 9.4 15.1 10.5 3.5 2 1 3 5 5
-5530.7 -88.4 -1.5 67 0 10.0 37.6 17.5 3.5 2 1 5 0 0
-5056.5 -163.1 -1.2 338 0 46.3 11.9 17.5 3.5 2 0 5 3 3
-5176.7 -241.9 -1.3 69 0 13.5 43.9 17.5 3.5 2 1 5 1 1
-4990.4 -123.0 -1.1 0 0 96.0 13.7 17.5 3.5 2 0 5 0 0
-992.9 -2203.1 -1.7 214 0 24.9 58.8 10.0 2.5 2 1 4 1 1
-5066.3 -250.6 -1.2 68 0 12.5 100.3 17.5 3.5 2 1 5 0 0
-5133.6 -263.7 -1.3 68 0 13.3 80.4 17.5 3.5 2 1 5 2 2
-4120.6 -3835.6 -1.6 134 0 9.3 21.3 7.5 2.5 2 1 3 2 2
-4907.9 -9.6 -0.9 90 0 12.7 40.9 7.5 2.5 2 1 3 0 0
-5124.3 -7.2 -1.1 338 0 88.9 11.9 17.5 0.0 0 0 5 4 4
-5081.1 -54.2 -1.1 157 0 56.5 14.4 17.5 3.5 2 0 5 2 2
-4772.9 -131.0 -0.8 89 0 11.9 66.5 10.0 2.5 2 1 4 0 0
-4962.0 -446.0 -0.8 68 0 15.1 54.7 17.5 3.5 2 1 5 2 2
-5022.1 -197.1 -1.1 157 0 63.5 12.7 17.5 3.5 2 0 5 0 0
-5243.8 68.1 -1.1 248 0 8.9 61.3 10.5 3.5 2 1 3 0 0
-4881.0 -33.8 -0.9 181 0 56.5 13.4 7.5 2.5 2 0 3 4 4
-5587.2 -234.3 -1.7 188 0 29.4 7.8 10.5 3.5 2 0 3 1 1
-5105.0 1.5 -1.0 157 0 48.0 12.6 17.5 3.5 2 0 5 1 1
-1953.9 -3249.7 0.6 121 0 97.1 165.6 12.5 0.0 0 1 5 3 3
-4867.8 18.7 -0.8 1 0 30.2 10.0 7.5 2.5 2 0 3 4 4
-5017.9 -444.2 -0.3 162 0 38.7 17.2 17.5 3.5 2 0 5 2 2
-5051.6 -125.5 -1.1 158 0 75.0 13.0 17.5 3.5 2 0 5 4 4
-5047.8 -39.9 -1.0 156 0 54.7 14.3 17.5 3.5 2 0 5 1 1
-4889.8 115.7 -0.9 270 0 11.1 25.5 7.5 2.5 2 1 3 5 5
-5951.7 518.3 0.0 89 0 14.2 46.2 14.0 3.5 2 1 4 3 3
-5266.7 58.6 -1.2 247 0 8.8 60.7 10.5 3.5 2 1 3 1 1
-5779.4 651.4 0.1 89 0 13.3 35.9 14.0 3.5 4 1 4 5 5
-2198.9 -3428.7 -0.3 302 0 42.1 98.3 10.0 0.0 0 1 4 5 5
-5340.9 -342.9 -1.6 93 0 13.7 76.4 17.5 0.0 0 1 5 2 2
-5532.7 -176.5 -1.6 247 0 9.5 22.5 10.5 3.5 2 1 3 4 4
-5221.2 77.2 -1.1 248 0 9.1 60.8 10.5 3.5 4 1 3 2 2
-4990.3 -28.8 -1.0 0 0 67.9 13.2 17.5 3.5 2 0 5 2 2
-5383.3 -404.5 -1.7 8 0 51.1 14.0 17.5 0.0 0 0 5 0 0
-5087.4 -96.6 -1.1 338 0 88.6 12.1 17.5 3.5 2 0 5 2 2
-5548.8 -83.6 -1.5 68 0 16.4 16.2 17.5 3.5 2 0 5 3 3
-5565.8 -170.2 -1.6 248 0 28.2 38.5 17.5 0.0 0 1 5 5 5
-5097.7 -263.5 -1.2 68 0 12.9 100.3 17.5 3.5 2 1 5 2 2
-6034.6 519.7 0.0 222 0 77.2 14.0 14.0 3.5 2 0 4 2 2
-5055.8 74.0 -1.0 248 0 10.3 65.3 17.5 3.5 2 1 5 5 5
-5179.8 18.4 -1.2 247 0 12.0 88.9 17.5 3.5 2 1 5 0 0
-5847.1 650.9 0.1 89 0 13.9 60.2 14.0 3.5 4 1 4 0 0
-6104.2 383.0 -0.4 139 0 65.8 12.6 14.0 3.5 2 0 4 1 1
-4881.4 -101.1 -0.9 181 0 61.7 13.3 10.0 2.5 4 0 4 5 5
-5212.9 5.0 -1.2 247 0 11.4 88.6 17.5 3.5 2 1 5 1 1
-5813.8 650.9 0.1 90 0 14.7 55.0 14.0 0.0 0 1 4 2 2
-2895.6 -1358.6 -0.7 60 0 19.0 78.2 14.0 3.5 4 1 4 1 1
-5942.0 636.8 0.1 215 0 81.1 13.4 14.0 3.5 2 0 4 3 3
-3164.5 -4288.8 0.3 82 0 7.8 26.6 7.5 2.5 2 1 3 3 3
-4882.8 62.2 -0.8 1 0 43.4 15.7 10.0 2.5 2 0 4 5 5
-5940.1 576.5 0.1 360 0 10.8 13.0 14.0 3.5 2 1 4 3 3
-5322.3 571.5 -0.4 317 0 50.8 12.5 17.5 3.5 2 0 5 0 0
-5197.8 -98.7 -1.2 158 0 49.9 7.6 10.5 3.5 2 0 3 0 0
-2244.3 -3401.6 -1.4 301 0 42.8 97.2 12.5 0.0 0 1 5 4 4
-2927.2 -1380.7 -0.8 75 0 19.1 72.3 14.0 3.5 2 1 4 3 3
-4216.4 853.2 -1.2 240 0 13.6 73.7 14.0 3.5 2 1 4 5 5
-5120.8 -110.4 -1.2 337 0 88.9 11.5 17.5 0.0 0 0 5 2 2
-4334.9 672.7 -1.1 239 0 13.2 49.2 14.0 0.0 0 1 4 1 1
-2887.3 -4156.0 -2.3 121 0 153.4 48.0 7.5 0.0 0 0 3 0 0
-2212.1 -2767.1 -0.7 31 0 24.6 159.5 10.0 0.0 0 1 4 2 2
-5153.6 -123.7 -1.2 338 0 89.2 11.5 17.5 3.5 2 0 5 1 1
-4839.6 -131.6 -0.9 90 0 12.7 67.3 7.5 2.5 2 1 3 1 1
-2966.9 -1391.5 -0.7 75 0 18.5 71.7 14.0 3.5 2 1 4 3 3
-2909.6 -1275.7 -0.8 240 0 15.5 34.5 14.0 3.5 2 1 4 2 2
-4789.7 -21.3 -0.8 270 0 13.2 34.7 10.0 2.5 4 1 4 2 2
-5410.1 -1.3 -1.3 248 0 11.2 36.7 17.5 3.5 4 1 5 3 3
-5440.1 -18.7 -1.4 175 0 24.4 18.8 17.5 3.5 2 0 5 3 3
-4911.8 -411.0 -1.4 337 0 23.3 19.2 17.5 3.5 2 0 5 3 3
-4987.7 26.6 -0.9 0 0 19.5 15.4 17.5 3.5 2 0 5 5 5
-6781.0 3428.1 -5.5 57 0 7.8 20.1 7.5 2.5 2 1 3 3 3
-6314.1 6069.2 -6.8 265 0 15.6 77.7 7.5 2.5 4 1 3 4 4
-6521.1 6192.6 -7.0 176 0 22.5 14.3 7.5 2.5 2 0 3 5 5
-6531.0 6311.9 -6.7 175 0 84.3 12.1 10.0 2.5 2 0 4 2 2
-6469.4 5781.6 -6.4 176 0 22.8 21.7 10.0 2.5 2 0 4 1 1
-6196.1 5683.0 -5.6 355 0 258.2 230.1 7.5 0.0 0 0 3 5 5
-6592.7 6369.2 -6.9 80 0 19.3 34.0 7.5 0.0 0 1 3 1 1
-6913.3 5193.6 -6.6 95 0 13.5 41.7 7.5 2.5 2 1 3 3 3
-6339.6 5988.9 -6.5 85 0 15.6 78.1 5.0 2.5 2 1 2 3 3
-6525.5 6238.4 -6.7 175 0 17.4 13.8 10.0 2.5 2 0 4 4 4
-6638.2 7366.6 -6.9 85 0 50.3 68.1 10.0 0.0 0 1 4 3 3
-6767.1 7745.6 -7.6 264 0 8.1 30.3 7.5 2.5 2 1 3 4 4
-6276.1 5425.6 -5.7 85 0 40.0 86.1 10.0 0.0 0 1 4 4 4
-5812.6 -10755.2 -10.6 35 0 9.6 38.3 7.5 2.5 2 1 3 3 3
-5763.1 -10686.9 -10.5 35 0 99.8 215.9 10.0 0.0 0 1 4 4 4
2725.0 -10829.1 -11.6 52 0 15.7 42.7 10.0 2.5 2 1 4 4 4
-4666.1 35.0 -1.0 2 0 42.5 13.3 7.5 2.5 2 0 3 1 1
-3612.1 -1121.8 -0.9 208 0 15.1 43.3 7.5 2.5 2 1 3 3 3
-4157.1 535.8 -0.6 240 0 13.8 55.7 14.0 3.5 2 1 4 0 0
-3592.7 -1086.4 -0.8 208 0 15.6 9.1 7.5 0.0 0 0 3 4 4
-4101.9 443.8 -0.7 60 0 14.0 45.8 14.0 3.5 2 1 4 5 5
-4045.2 478.1 -0.5 60 0 12.7 43.4 14.0 0.0 0 1 4 3 3
-4074.5 627.0 -1.2 329 0 54.9 14.0 14.0 0.0 0 0 4 4 4
-4073.1 461.1 -0.5 59 0 13.9 53.3 14.0 3.5 2 1 4 4 4
-4115.9 696.3 -0.8 329 0 54.4 14.0 14.0 3.5 2 0 4 5 5
-3974.1 478.3 -0.2 239 0 18.8 24.6 10.5 3.5 2 1 3 5 5
-4085.9 714.0 -0.7 330 0 54.2 13.2 14.0 3.5 2 0 4 1 1
-4112.2 590.3 -1.2 150 0 34.2 13.9 14.0 3.5 2 0 4 5 5
-3913.4 440.1 -0.1 329 0 20.5 16.0 10.5 0.0 0 0 3 0 0
-4151.6 669.3 -1.3 60 0 13.3 33.8 14.0 3.5 2 1 4 1 1
-4007.7 499.8 -0.7 59 0 12.9 50.6 14.0 3.5 2 1 4 2 2
-4093.3 572.0 -0.8 239 0 13.0 51.9 14.0 3.5 2 1 4 0 0
-3936.7 479.4 -0.4 329 0 18.3 16.0 10.5 3.5 2 0 3 1 1
-3925.8 459.6 -0.1 329 0 19.0 15.3 10.5 3.5 2 0 3 0 0
-4014.4 592.7 -1.1 329 0 51.8 12.7 14.0 3.5 2 0 4 2 2
-4044.5 574.8 -1.1 329 0 52.0 13.1 14.0 3.5 4 0 4 4 4
-4451.1 359.8 -1.1 239 0 12.5 64.8 17.5 3.5 2 1 5 3 3
-3977.3 517.9 -1.1 59 0 12.8 49.8 14.0 3.5 2 1 4 1 1
-4481.3 341.8 -1.0 239 0 12.7 29.9 17.5 3.5 2 1 5 0 0
-4121.4 774.5 -1.0 330 0 67.7 13.1 14.0 3.5 2 0 4 0 0
-4044.7 644.9 -1.1 329 0 54.7 13.4 14.0 3.5 2 0 4 2 2
-4198.5 749.3 -0.9 240 0 12.8 51.2 14.0 3.5 2 1 4 2 2
-4163.2 750.0 -1.0 150 0 67.9 12.9 14.0 3.5 2 0 4 1 1
-4556.4 502.6 -1.3 3 0 25.9 15.0 10.0 2.5 2 0 4 2 2
-4551.8 604.9 -1.4 3 0 25.9 15.0 7.5 2.5 2 0 3 3 3
-4554.5 553.5 -1.4 3 0 25.9 15.0 10.0 2.5 2 0 4 1 1
-4571.0 434.9 -1.2 93 0 7.6 34.7 7.5 2.5 2 1 3 4 4
-6633.7 -5840.6 -5.3 180 0 115.1 162.5 7.5 0.0 0 1 3 3 3
-2509.7 1649.7 0.8 146 0 20.4 13.7 10.0 2.5 2 0 4 1 1
-2580.3 1758.0 0.3 173 0 16.4 21.7 7.5 2.5 2 1 3 1 1
-2585.0 1804.3 0.5 162 0 26.7 10.9 7.5 2.5 2 0 3 1 1
-2580.6 1878.8 0.5 252 0 10.9 26.7 10.0 2.5 2 1 4 0 0
-1753.4 3226.3 -1.0 325 0 46.8 63.9 5.0 0.0 0 1 2 5 5
-965.8 -2354.6 -2.1 214 0 15.0 32.9 10.0 0.0 0 1 4 1 1
-1414.8 -2838.0 -1.2 214 0 34.8 9.1 7.5 2.5 2 0 3 0 0
-1449.0 -3222.5 0.0 301 0 15.2 33.5 5.0 2.5 2 1 2 5 5
-1651.7 1855.6 1.6 235 0 19.8 42.2 10.0 2.5 2 1 4 5 5
-1495.4 2093.7 1.2 56 0 10.1 55.1 5.0 2.5 2 1 2 1 1
-1441.8 -3328.2 0.8 121 0 84.8 23.9 10.0 0.0 0 0 4 3 3
-1273.0 1926.7 2.0 56 0 75.9 42.6 12.5 0.0 0 0 5 5 5
-1516.7 -3069.1 -0.3 34 0 27.9 14.5 5.0 2.5 2 0 2 0 0
-2166.9 3233.7 -0.7 55 0 31.6 18.5 7.5 2.5 2 0 3 5 5
-2011.0 3304.4 -0.9 146 0 59.5 15.0 7.5 2.5 2 0 3 3 3
-1675.1 -4664.6 -0.3 31 0 8.5 49.0 7.5 2.5 2 1 3 2 2
-2003.2 3008.8 -0.8 56 0 15.5 24.2 10.0 2.5 2 1 4 0 0
-928.6 -4338.6 -2.0 162 0 41.4 11.7 12.5 2.5 2 0 5 5 5
-1492.7 2680.7 0.1 146 0 96.3 24.2 10.0 0.0 0 0 4 0 0
-1734.0 -3923.7 -0.8 121 0 60.1 13.0 7.5 2.5 2 0 3 5 5
-1850.2 2658.8 -0.5 145 0 58.6 68.3 7.5 0.0 0 1 3 4 4
-1775.6 -4525.0 -0.6 211 0 10.6 35.5 10.0 0.0 0 1 4 0 0
-1131.5 -2651.9 -2.1 123 0 53.5 126.8 10.0 0.0 0 1 4 3 3
-1591.8 -3871.7 0.8 31 0 59.7 45.1 7.5 0.0 0 0 3 4 4
-1770.4 3117.4 -1.5 326 0 50.4 71.0 10.0 0.0 0 1 4 1 1
-884.6 -4540.8 0.5 277 0 11.5 51.5 7.5 2.5 2 1 3 0 0
610.9 -1181.9 2.7 18 0 71.1 12.5 7.5 2.5 2 0 3 1 1
-1719.0 -4737.2 -0.8 31 0 8.7 48.3 7.5 0.0 0 1 3 2 2
-1901.2 2883.2 -0.5 56 0 26.1 59.7 7.5 2.5 2 1 3 1 1
-2020.0 2964.2 -0.6 235 0 17.3 8.8 7.5 2.5 2 0 3 0 0
-1312.9 -3616.2 -0.2 300 0 21.4 36.7 7.5 0.0 0 1 3 1 1
-1628.2 2281.9 0.8 237 0 12.1 50.2 7.5 2.5 2 1 3 0 0
-2099.5 3172.1 -0.3 327 0 28.3 14.5 10.0 2.5 2 0 4 0 0
-2372.6 3038.7 -1.5 146 0 63.9 14.3 7.5 2.5 2 0 3 4 4
-4325.6 3048.9 -2.3 244 0 23.4 105.1 14.0 0.0 0 1 4 3 3
-2316.7 1740.5 1.0 326 0 41.5 13.8 10.0 0.0 0 0 4 1 1
-2157.9 3268.5 -0.8 146 0 11.3 57.3 10.0 2.5 2 1 4 1 1
-2320.8 -2162.1 -1.3 232 0 21.7 150.1 10.0 0.0 0 1 4 3 3
-852.4 -4544.0 0.5 277 0 13.3 52.2 7.5 2.5 4 1 3 5 5
-1743.4 -4526.7 -1.0 121 0 16.1 96.4 12.5 2.5 2 1 5 1 1
-1374.3 2021.7 2.2 326 0 55.2 7.6 7.5 2.5 2 0 3 5 5
-4138.2 2914.1 -2.0 334 0 103.5 23.1 10.5 0.0 0 0 3 4 4
-1508.7 2050.7 1.8 237 0 12.5 56.1 7.5 2.5 2 1 3 5 5
-1659.7 -3974.1 -1.0 31 0 13.6 35.7 10.0 0.0 0 1 4 2 2
-1540.9 2164.3 1.1 327 0 31.0 11.0 10.0 2.5 2 0 4 3 3
-1382.7 -2790.7 -1.4 212 0 20.2 13.9 7.5 2.5 2 0 3 3 3
-1498.1 -3829.9 0.6 211 0 32.3 77.4 10.0 0.0 0 1 4 5 5
-928.8 -2461.5 -2.4 33 0 89.6 20.0 10.0 0.0 0 0 4 2 2
-1007.2 -2523.9 -1.7 304 0 24.2 15.2 7.5 2.5 2 0 3 3 3
-1641.3 -4342.7 -1.3 301 0 21.0 88.5 7.5 0.0 0 1 3 5 5
635.1 -1107.2 2.6 17 0 71.0 13.2 12.5 2.5 4 0 5 5 5
-1978.3 3363.2 -1.1 236 0 70.0 91.2 7.5 0.0 0 1 3 0 0
-1665.0 -3029.1 -0.5 70 0 22.6 39.1 7.5 0.0 0 1 3 2 2
-2168.7 4161.3 -2.6 261 0 7.7 12.5 5.0 2.5 2 1 2 0 0
-888.9 -4627.3 0.9 6 0 51.2 11.9 7.5 2.5 2 0 3 1 1
-1592.6 1995.4 1.4 237 0 11.2 56.5 15.0 2.5 2 1 6 0 0
-3963.0 2922.3 -1.9 244 0 7.8 27.1 10.5 3.5 4 1 3 5 5
-1234.4 -4241.3 -0.9 356 0 9.8 35.5 7.5 2.5 2 1 3 0 0
-2404.0 1554.3 1.0 145 0 20.5 10.3 5.0 2.5 2 0 2 4 4
-2031.1 3392.7 -1.2 58 0 67.9 54.9 7.5 0.0 0 0 3 1 1
-2494.2 506.1 0.5 53 0 12.1 41.4 14.0 3.5 2 1 4 4 4
-4225.8 2872.0 -1.9 334 0 104.5 23.2 14.0 0.0 0 0 4 1 1
5.9 -2568.0 -1.1 31 0 140.4 24.1 10.0 0.0 0 0 4 0 0
-1720.8 -2894.2 -0.8 248 0 20.3 15.2 7.5 2.5 2 0 3 3 3
749.7 -781.9 0.6 24 0 23.5 21.9 7.5 2.5 2 0 3 3 3
-1400.8 -3854.2 0.2 31 0 94.2 7.3 7.5 2.5 2 0 3 5 5
-959.1 -2447.4 -2.4 34 0 75.7 21.8 7.5 0.0 0 0 3 3 3
-1613.7 2016.9 1.2 57 0 11.4 55.7 7.5 0.0 0 1 3 4 4
-1470.9 -3784.3 0.4 211 0 32.7 77.9 7.5 0.0 0 1 3 5 5
569.2 -1169.0 2.5 197 0 70.4 10.7 10.0 2.5 2 0 4 2 2
-430.5 2699.3 2.3 237 0 60.7 25.3 7.5 2.5 2 0 3 4 4
-960.8 -2658.8 -2.1 121 0 16.8 41.0 10.0 0.0 0 1 4 4 4
-983.1 -2539.4 -1.7 304 0 14.4 35.3 7.5 2.5 2 1 3 2 2
-1392.9 -3256.5 0.1 301 0 72.5 15.9 7.5 2.5 2 0 3 5 5
-2802.4 3912.4 -1.0 335 0 55.1 15.2 10.0 2.5 2 0 4 1 1
-376.6 2672.5 2.4 327 0 41.9 60.6 7.5 0.0 0 1 3 3 3
-1930.2 2971.5 -0.6 56 0 78.0 49.2 10.0 0.0 0 0 4 1 1
-1050.7 -4092.3 -0.8 354 0 40.0 19.5 7.5 2.5 2 0 3 2 2
-2269.5 1637.4 0.7 327 0 26.5 11.5 7.5 2.5 2 0 3 0 0
-2053.7 3272.6 -0.5 326 0 3.9 74.6 7.5 2.5 2 1 3 4 4
-1584.9 2035.6 1.2 57 0 11.0 55.4 10.0 2.5 2 1 4 3 3
-4307.0 2816.0 -1.8 335 0 76.7 21.9 14.0 0.0 0 0 4 1 1
-2440.6 1917.0 0.4 253 0 12.8 27.4 10.0 2.5 2 1 4 5 5
-1770.9 -4411.5 -1.1 211 0 24.0 64.8 7.5 2.5 2 1 3 1 1
-1430.6 1979.1 2.1 147 0 66.2 10.8 10.0 2.5 2 0 4 3 3
-1737.2 2745.1 -0.3 325 0 42.3 57.1 7.5 0.0 0 1 3 4 4
-1454.1 2086.4 1.8 237 0 13.5 56.3 5.0 2.5 2 1 2 0 0
-1809.0 -4619.3 -0.4 213 0 12.8 29.0 7.5 2.5 2 1 3 1 1
-1406.9 2115.4 2.1 237 0 12.8 74.8 7.5 2.5 2 1 3 3 3
-1059.7 -3041.0 -0.7 121 0 137.3 24.2 7.5 0.0 0 0 3 1 1
-488.0 2638.3 1.7 148 0 128.2 15.7 10.0 0.0 0 0 4 5 5
-1701.7 -2832.9 -1.1 250 0 25.7 50.3 10.0 0.0 0 1 4 4 4
-1030.8 -2507.0 -1.7 304 0 14.3 35.9 15.0 0.0 0 1 6 4 4
608.7 -1062.2 2.3 288 0 10.6 70.2 7.5 2.5 2 1 3 0 0
-2101.5 3193.9 -0.5 146 0 65.0 47.2 12.5 0.0 0 0 5 5 5
-2341.1 1651.4 0.6 342 0 27.0 11.7 10.0 2.5 2 0 4 3 3
-2043.8 3090.9 -1.5 145 0 34.8 12.4 5.0 2.5 2 0 2 3 3
-1912.1 2962.4 -0.5 236 0 36.1 9.8 7.5 2.5 2 0 3 2 2
-1066.3 -4216.1 -1.1 84 0 20.6 72.2 10.0 2.5 2 1 4 5 5
-4238.6 3090.8 -2.4 244 0 23.0 104.4 14.0 0.0 0 1 4 5 5
-2399.4 1600.6 1.0 85 0 17.0 30.1 12.5 0.0 0 1 5 3 3
-2238.6 -2320.7 -1.4 35 0 37.1 15.8 10.0 2.5 2 0 4 3 3
-1527.2 2074.7 1.2 56 0 10.4 54.5 7.5 2.5 2 1 3 1 1
-2025.8 3074.3 -1.5 236 0 33.8 15.9 12.5 2.5 4 0 5 0 0
588.9 -1250.5 2.1 18 0 56.7 10.9 7.5 0.0 0 0 3 2 2
-2004.2 2895.9 -0.5 146 0 54.4 12.0 12.5 2.5 4 0 5 5 5
-2839.4 4180.5 -3.1 320 0 50.2 20.9 7.5 2.5 2 0 3 3 3
-347.1 3062.0 1.1 249 0 15.4 116.0 10.0 0.0 0 1 4 1 1
-1285.1 -3339.1 -0.0 301 0 48.7 113.1 10.0 0.0 0 1 4 2 2
-1827.1 -4647.2 -0.4 211 0 31.4 30.5 7.5 0.0 0 0 3 0 0
-1443.3 -2880.9 -1.1 215 0 40.1 49.2 7.5 0.0 0 1 3 0 0
-1643.3 2314.3 0.7 326 0 49.3 12.2 7.5 2.5 2 0 3 0 0
-1543.8 -3120.8 -0.2 34 0 14.4 48.3 12.5 2.5 2 1 5 2 2
-1167.2 -2939.1 -0.9 211 0 30.3 65.9 12.5 0.0 0 1 5 4 4
569.7 -1312.3 2.0 17 0 57.1 11.2 12.5 2.5 2 0 5 2 2
-360.5 2701.9 2.3 327 0 60.3 15.0 10.0 2.5 2 0 4 0 0
-4269.0 2850.3 -1.9 334 0 104.2 23.3 14.0 0.0 0 0 4 1 1
-2070.6 3290.8 -0.7 326 0 36.3 32.3 10.0 0.0 0 0 4 2 2
-528.1 2653.4 2.1 327 0 41.5 15.4 7.5 2.5 2 0 3 1 1
-1941.9 -3546.7 3.0 120 0 20.3 95.0 17.5 0.0 0 1 7 4 4
-1235.3 -3444.0 -0.4 31 0 127.5 48.4 10.0 0.0 0 0 4 0 0
-1446.4 -3763.2 0.6 121 0 21.0 43.1 5.0 2.5 2 1 2 0 0
-1347.7 -2800.9 -1.4 304 0 31.0 8.0 2.5 2.5 2 0 1 1 1
-1335.3 -3913.8 -0.6 121 0 22.6 66.4 7.5 2.5 2 1 3 4 4
-878.5 -2600.2 -1.7 31 0 80.1 48.7 7.5 0.0 0 0 3 0 0
-2412.8 1497.7 1.0 145 0 15.2 92.3 12.5 2.5 2 1 5 2 2
-2404.2 1865.9 0.5 343 0 28.0 11.7 7.5 2.5 2 0 3 1 1
-2478.8 1947.3 0.3 253 0 17.9 28.9 10.0 2.5 2 1 4 4 4
-1394.6 2003.4 2.2 327 0 65.8 11.0 7.5 2.5 2 0 3 1 1
-1352.1 1986.8 2.4 237 0 12.2 41.6 7.5 2.5 2 1 3 5 5
-1834.4 2929.6 -0.4 56 0 11.2 39.3 10.0 2.5 2 1 4 0 0
-2316.8 1591.8 1.0 56 0 11.5 26.0 10.0 2.5 2 1 4 1 1
-973.9 -2564.9 -1.7 211 0 42.6 38.9 7.5 0.0 0 0 3 2 2
-1907.7 -3567.2 3.0 121 0 21.5 93.8 10.0 0.0 0 1 4 0 0
-1719.6 2291.2 0.7 236 0 11.5 47.5 5.0 2.5 4 1 2 4 4
-2283.0 2939.5 -0.9 55 0 31.7 12.3 12.5 2.5 2 0 5 4 4
-1536.2 2031.0 1.4 237 0 12.9 55.4 10.0 2.5 2 1 4 0 0
-2185.7 4151.0 -2.6 172 0 16.0 8.7 7.5 2.5 4 0 3 4 4
-1982.5 3038.7 -1.3 56 0 13.8 32.8 7.5 2.5 2 1 3 3 3
-1565.5 2013.8 1.4 237 0 13.0 56.2 10.0 2.5 2 1 4 0 0
-2283.9 1693.2 0.9 326 0 41.1 13.0 7.5 2.5 2 0 3 0 0
-1219.7 -2623.5 -2.1 304 0 26.4 133.9 10.0 0.0 0 1 4 2 2
-1797.8 -4691.2 -0.3 121 0 5.3 69.8 7.5 0.0 0 1 3 0 0
-1180.0 -3193.2 -0.7 301 0 24.3 134.0 10.0 0.0 0 1 4 2 2
-1186.4 -4206.5 -0.8 121 0 30.5 171.8 7.5 0.0 0 1 3 0 0
-4181.8 2893.0 -2.0 334 0 104.1 23.1 14.0 0.0 0 0 4 2 2
-1962.2 3032.9 -0.9 56 0 4.6 15.7 5.0 2.5 2 1 2 2 2
-1427.2 2583.0 0.4 145 0 96.2 24.3 10.0 0.0 0 0 4 3 3
-1936.1 3091.5 -1.5 326 0 21.4 16.6 10.0 2.5 2 0 4 4 4
-949.4 -2524.3 -1.6 211 0 24.4 39.5 10.0 0.0 0 1 4 1 1
-2424.0 1526.1 0.8 146 0 41.6 14.0 7.5 2.5 2 0 3 2 2
-1493.8 2865.5 0.4 325 0 63.7 101.1 10.0 0.0 0 1 4 3 3
-804.2 2608.6 0.6 326 0 46.1 6.2 7.5 2.5 2 0 3 5 5
-1457.9 1962.5 2.1 147 0 66.5 11.1 7.5 2.5 2 0 3 2 2
-1703.1 2747.4 -0.1 325 0 7.5 12.2 2.5 2.5 2 1 1 1 1
-1009.5 -3412.6 -1.4 121 0 99.7 24.8 10.0 0.0 0 0 4 5 5
-1076.2 -2722.2 -1.9 31 0 34.7 7.1 2.5 2.5 2 0 1 5 5
-3908.1 2868.5 -1.8 332 0 79.4 28.7 10.5 0.0 0 0 3 0 0
-1732.4 -4626.5 -0.5 302 0 15.8 90.3 7.5 2.5 2 1 3 2 2
-2190.9 3118.5 -1.5 326 0 180.6 37.5 15.0 0.0 0 0 6 3 3
-390.1 2750.3 2.1 328 0 18.8 121.2 10.0 0.0 0 1 4 5 5
-2044.2 3252.2 -0.5 326 0 23.3 10.7 7.5 2.5 4 0 3 4 4
-1411.4 2651.9 0.2 236 0 23.9 96.1 7.5 0.0 0 1 3 0 0
-1777.8 2251.5 0.7 236 0 14.0 80.4 10.0 2.5 2 1 4 4 4
-1119.5 -2672.8 -2.1 304 0 96.7 30.0 7.5 0.0 0 0 3 1 1
492.1 -1317.1 1.6 108 0 12.5 56.7 7.5 2.5 2 1 3 0 0
-4281.7 3070.0 -2.3 244 0 22.9 104.8 14.0 0.0 0 1 4 4 4
-1388.6 1766.0 2.2 235 0 86.0 14.9 12.5 2.5 2 0 5 3 3
-2137.3 3246.3 -0.7 146 0 36.0 32.6 10.0 0.0 0 0 4 3 3
-1651.1 -3786.5 -0.2 301 0 60.7 134.3 12.5 0.0 0 1 5 4 4
529.1 -1202.1 1.6 288 0 13.4 56.8 10.0 2.5 4 1 4 0 0
-1361.6 -3603.2 -0.1 211 0 45.0 20.9 7.5 2.5 2 0 3 2 2
-1614.0 2335.4 0.7 326 0 48.3 12.4 7.5 2.5 2 0 3 1 1
-1993.0 1833.9 1.1 236 0 15.4 42.2 7.5 2.5 2 1 3 1 1
-1372.7 -2865.5 -1.2 33 0 35.8 27.8 10.0 0.0 0 0 4 5 5
-1135.1 -2994.8 -0.7 121 0 18.4 11.4 5.0 0.0 0 0 2 3 3
-546.0 2680.3 2.1 328 0 16.0 59.6 7.5 0.0 0 1 3 0 0
-1965.1 2919.6 -0.5 326 0 98.3 15.9 7.5 2.5 2 0 3 5 5
-1139.7 -3217.2 -0.5 302 0 19.0 134.3 7.5 0.0 0 1 3 0 0
-1400.4 3109.1 -0.5 325 0 49.5 26.2 10.0 0.0 0 0 4 5 5
524.0 -1327.3 1.7 107 0 11.8 56.4 7.5 2.5 2 1 3 1 1
-1871.4 -3588.9 3.0 121 0 21.3 93.5 10.0 0.0 0 1 4 1 1
-1631.0 -3936.2 -0.5 31 0 60.0 45.2 12.5 0.0 0 0 5 5 5
-4323.6 2957.7 -2.1 334 0 43.7 22.4 14.0 0.0 0 0 4 5 5
-2358.1 1546.0 1.2 56 0 13.6 41.2 7.5 2.5 2 1 3 1 1
-1402.6 -3670.7 0.2 212 0 60.0 21.3 7.5 2.5 2 0 3 5 5
-336.5 2664.1 2.5 327 0 17.7 14.6 10.0 2.5 4 0 4 1 1
-1482.9 2775.7 0.6 56 0 24.4 35.9 5.0 0.0 0 1 2 4 4
-2475.7 1869.4 0.6 252 0 11.8 27.6 10.0 2.5 2 1 4 4 4
-1633.0 -3016.1 -0.8 70 0 26.1 106.9 10.0 0.0 0 1 4 5 5
-1728.2 2493.3 0.2 236 0 24.0 48.8 7.5 2.5 2 1 3 4 4
-1603.4 -3541.3 0.8 211 0 233.2 97.2 10.0 0.0 0 0 4 5 5
-1691.1 2311.4 0.7 236 0 11.9 47.8 7.5 2.5 2 1 3 4 4
-2315.6 1195.7 0.6 324 0 13.1 55.1 7.5 0.0 0 1 3 2 2
-1556.4 2054.5 1.2 57 0 10.9 55.5 10.0 2.5 2 1 4 3 3
-2533.0 1916.2 0.2 253 0 11.9 27.4 12.5 2.5 2 1 5 1 1
-2414.9 1734.4 0.6 342 0 28.9 18.1 10.0 2.5 2 0 4 2 2
-1482.0 2067.3 1.9 237 0 12.1 55.8 10.0 2.5 2 1 4 2 2
-1572.3 2212.0 1.0 328 0 59.5 12.1 7.5 2.5 4 0 3 2 2
-2326.1 3134.7 -1.3 236 0 83.3 180.0 10.0 0.0 0 1 4 4 4
-2419.1 1787.9 0.9 343 0 29.6 17.3 5.0 2.5 2 0 2 3 3
-1001.7 -2409.6 -2.2 214 0 89.6 21.8 7.5 0.0 0 0 3 0 0
-1582.9 -3807.9 1.9 301 0 50.0 12.9 10.0 2.5 2 0 4 5 5
560.9 -1211.3 1.8 287 0 11.7 57.6 7.5 2.5 2 1 3 5 5
-1359.7 3050.3 -0.6 326 0 72.3 171.4 7.5 0.0 0 1 3 3 3
-1748.4 2271.1 0.7 236 0 12.1 79.8 10.0 2.5 2 1 4 1 1
-1183.6 2419.9 1.0 325 0 55.7 99.3 7.5 0.0 0 1 3 1 1
-1977.9 3147.3 -1.4 326 0 42.7 59.8 10.0 0.0 0 1 4 4 4
-1675.3 1807.9 1.6 236 0 31.9 47.0 7.5 0.0 0 1 3 4 4
-2328.6 2972.9 -1.5 146 0 61.5 14.3 7.5 2.5 2 0 3 0 0
-1340.7 -3287.9 0.5 301 0 31.7 108.7 7.5 0.0 0 1 3 1 1
-2481.6 1610.5 1.0 147 0 26.5 14.5 7.5 0.0 0 0 3 4 4
-2457.2 1574.8 0.9 147 0 26.8 13.8 7.5 2.5 4 0 3 5 5
-2176.8 1699.0 1.3 237 0 14.3 25.6 7.5 2.5 2 1 3 3 3
-2437.5 1670.0 0.4 163 0 26.4 15.1 10.0 2.5 2 0 4 0 0
-2543.9 1700.9 0.2 148 0 19.6 14.4 7.5 0.0 0 0 3 0 0
-2490.2 1765.2 0.6 72 0 9.8 31.2 7.5 2.5 2 1 3 1 1
-1119.6 -4251.2 -1.5 277 0 9.7 32.4 7.5 0.0 0 1 3 2 2
-1315.6 2368.9 1.0 236 0 43.0 63.8 10.0 0.0 0 1 4 4 4
-1233.3 2483.1 0.8 325 0 48.2 17.9 10.0 2.5 2 0 4 0 0
-1807.5 2233.3 0.7 236 0 15.5 49.6 7.5 2.5 2 1 3 3 3
-909.7 3731.8 -1.0 219 0 6.7 109.6 7.5 2.5 2 1 3 0 0
-1220.4 2231.5 1.8 238 0 11.9 48.7 10.0 2.5 2 1 4 3 3
-1539.1 2931.0 -0.4 325 0 48.6 100.3 7.5 0.0 0 1 3 2 2
-1643.3 2458.1 0.3 324 0 11.8 7.9 7.5 2.5 4 0 3 1 1
-1602.7 2192.1 1.0 327 0 60.0 11.1 10.0 2.5 2 0 4 2 2
-1410.5 -4552.0 1.4 302 0 45.8 14.1 10.0 2.5 2 0 4 1 1
-1513.0 2241.2 1.0 326 0 76.1 11.7 12.5 2.5 4 0 5 0 0
-1625.2 2090.3 1.1 57 0 10.1 50.3 12.5 2.5 2 1 5 2 2
-1767.6 2165.8 0.8 149 0 29.1 12.2 5.0 2.5 2 0 2 4 4
-1162.0 2270.3 1.7 237 0 12.5 49.0 10.0 2.5 2 1 4 2 2
-1327.2 1805.7 2.2 236 0 8.9 21.2 2.5 2.5 2 1 1 2 2
-376.4 -4195.5 -2.3 351 0 22.3 12.5 7.5 2.5 2 0 3 0 0
-433.9 -2216.3 -0.9 303 0 82.9 48.7 10.0 0.0 0 0 4 0 0
-1490.7 -4759.4 0.8 7 0 25.6 14.8 12.5 2.5 2 0 5 1 1
-694.5 -4194.1 -1.8 195 0 27.0 12.0 10.0 2.5 2 0 4 5 5
-1671.6 2557.4 0.4 56 0 15.0 64.5 10.0 2.5 2 1 4 3 3
129.0 -2631.0 -1.2 31 0 26.0 64.3 10.0 0.0 0 1 4 2 2
-1127.7 2153.3 1.8 58 0 11.2 56.0 7.5 0.0 0 1 3 3 3
-1476.6 -4106.5 -1.1 121 0 25.7 74.4 10.0 0.0 0 1 4 2 2
-320.9 -4157.5 -1.8 349 0 23.0 13.0 12.5 2.5 2 0 5 3 3
-1637.5 2481.7 0.3 326 0 10.6 34.4 7.5 2.5 2 1 3 5 5
-1646.1 2173.7 0.9 149 0 59.7 12.0 10.0 0.0 0 0 4 1 1
-926.4 -3260.6 -0.7 301 0 17.2 70.8 7.5 2.5 2 1 3 0 0
-414.1 -4209.2 -2.4 168 0 17.4 10.9 7.5 2.5 2 0 3 4 4
-254.7 -4217.2 -2.4 350 0 23.4 11.5 7.5 0.0 0 0 3 3 3
-1624.1 2455.5 0.4 325 0 20.5 7.7 7.5 2.5 2 0 3 0 0
-1157.9 2133.7 1.8 57 0 10.4 57.2 12.5 2.5 2 1 5 2 2
-1635.3 2385.4 0.5 56 0 24.6 48.0 10.0 0.0 0 1 4 2 2
-1128.4 -4330.0 -1.1 96 0 10.0 29.4 7.5 2.5 2 1 3 3 3
-1528.6 -4796.2 -0.3 186 0 26.3 14.4 10.0 2.5 4 0 4 3 3
-1567.7 2975.5 -0.5 325 0 26.1 13.4 7.5 2.5 2 0 3 4 4
-1457.3 -4530.4 1.1 211 0 17.3 24.6 7.5 2.5 2 1 3 5 5
-895.3 -4692.2 1.2 7 0 51.5 13.1 10.0 2.5 2 0 4 1 1
-334.4 -4118.3 -1.4 260 0 12.8 22.6 7.5 2.5 2 1 3 3 3
-907.8 -4940.1 -0.6 97 0 11.4 53.7 10.5 3.5 2 1 3 2 2
-1300.9 2020.9 2.0 237 0 10.5 41.7 10.0 2.5 2 1 4 4 4
-1765.8 2323.1 0.4 146 0 48.1 15.1 7.5 0.0 0 0 3 4 4
-1605.6 -4919.9 -1.8 187 0 25.3 15.2 7.5 2.5 2 0 3 2 2
-1071.3 2331.0 1.3 237 0 13.5 45.0 10.0 2.5 2 1 4 2 2
-1767.6 -3586.3 2.9 211 0 13.2 104.8 10.0 2.5 2 1 4 0 0
-788.1 -2147.7 -1.2 124 0 51.3 58.3 10.0 0.0 0 1 4 5 5
-722.3 3812.1 -1.0 315 0 12.7 83.2 7.5 2.5 2 1 3 3 3
-1008.9 -4241.5 -1.5 266 0 11.5 41.7 12.5 2.5 4 1 5 4 4
-1743.6 2580.0 0.3 146 0 10.5 24.7 7.5 2.5 2 1 3 3 3
-547.3 -2644.6 -0.8 211 0 50.0 38.2 7.5 0.0 0 0 3 2 2
-893.4 -4823.0 0.6 277 0 11.7 56.2 10.5 3.5 2 1 3 5 5
-1007.2 2373.0 1.4 237 0 30.9 11.4 5.0 2.5 2 0 2 0 0
-1339.1 2317.2 1.3 146 0 64.1 16.8 10.0 2.5 2 0 4 4 4
-302.5 -4148.6 -1.7 170 0 17.4 12.1 5.0 2.5 2 0 2 5 5
-1596.7 2108.9 1.1 58 0 10.3 30.6 10.0 0.0 0 1 4 0 0
-2087.4 1771.5 1.1 237 0 13.9 41.7 10.0 2.5 2 1 4 5 5
-1628.9 -4958.1 -1.3 187 0 26.0 13.8 7.5 2.5 2 0 3 1 1
-1775.9 2969.0 -0.3 56 0 10.5 29.4 10.0 2.5 2 1 4 5 5
-1704.2 -3582.9 2.8 301 0 104.0 18.6 7.5 0.0 0 0 3 4 4
-1718.8 1739.5 1.6 145 0 63.5 9.8 7.5 2.5 2 0 3 0 0
-308.2 2852.5 1.6 68 0 21.7 84.3 7.5 0.0 0 1 3 1 1
-1324.1 -4017.1 -0.5 118 0 16.2 43.5 10.0 2.5 4 1 4 0 0
-878.8 -2108.7 -1.3 307 0 44.3 8.5 7.5 0.0 0 0 3 2 2
-1583.0 -4881.0 -1.8 186 0 25.0 14.6 7.5 2.5 2 0 3 3 3
-1405.1 1854.7 2.5 57 0 8.5 23.1 5.0 2.5 2 1 2 1 1
-1713.9 2143.6 0.9 146 0 65.3 14.2 15.0 2.5 2 0 6 4 4
-363.3 -4147.4 -1.6 169 0 17.7 11.3 7.5 2.5 4 0 3 3 3
-440.9 2500.4 0.9 326 0 12.9 62.6 7.5 2.5 2 1 3 0 0
-1026.1 -4342.8 -1.5 96 0 10.9 30.3 15.0 0.0 0 1 6 1 1
56.6 -2688.9 -1.2 301 0 64.9 24.7 7.5 0.0 0 0 3 3 3
-1707.6 3016.0 -0.7 56 0 24.0 73.7 10.0 0.0 0 1 4 3 3
116.1 -2555.3 -1.1 301 0 100.7 36.5 7.5 0.0 0 0 3 5 5
-1356.5 1888.4 2.5 55 0 10.1 50.0 10.0 2.5 4 1 4 0 0
-259.8 -4187.5 -2.4 350 0 23.1 11.6 10.0 0.0 0 0 4 2 2
-1672.2 2089.6 1.1 147 0 49.4 10.1 7.5 0.0 0 0 3 3 3
-1776.2 2378.4 0.3 235 0 46.2 18.0 10.0 2.5 4 0 4 3 3
-2040.7 1803.0 1.1 237 0 15.3 42.3 12.5 2.5 2 1 5 5 5
-1605.6 -3742.8 2.2 31 0 15.2 36.1 10.0 2.5 2 1 4 4 4
-1702.9 -3732.2 2.2 301 0 44.3 14.8 10.0 2.5 4 0 4 3 3
-1576.3 2705.2 -0.1 145 0 15.1 42.4 12.5 2.5 2 1 5 0 0
-478.7 -2179.6 -0.9 37 0 113.2 31.0 10.0 0.0 0 0 4 0 0
-1695.9 2515.4 0.3 235 0 20.7 48.2 10.0 2.5 2 1 4 1 1
-1068.5 2192.3 1.7 57 0 11.5 56.3 10.0 2.5 2 1 4 5 5
-1552.2 -4834.2 -1.4 186 0 25.7 14.0 10.0 2.5 2 0 4 0 0
64.7 -2675.6 -1.2 122 0 65.0 48.8 10.0 0.0 0 0 4 3 3
-1099.7 2172.6 1.8 57 0 11.4 55.7 10.0 2.5 2 1 4 3 3
-977.9 2392.3 1.5 236 0 12.4 34.0 5.0 2.5 2 1 2 1 1
-1320.7 2095.2 2.1 58 0 11.9 51.0 10.0 2.5 2 1 4 3 3
-1385.0 1866.8 2.5 58 0 8.3 24.6 7.5 2.5 4 1 3 2 2
-290.3 -4220.1 -2.4 170 0 17.0 12.6 5.0 2.5 2 0 2 0 0
-1370.7 1878.5 2.5 56 0 9.8 49.9 7.5 2.5 2 1 3 2 2
-1489.4 -4064.2 -0.6 122 0 10.4 50.1 7.5 2.5 2 1 3 2 2
-1078.1 -4336.7 -1.3 96 0 11.1 29.1 7.5 0.0 0 1 3 4 4
55.6 -2752.3 -0.7 31 0 24.4 64.7 12.5 2.5 2 1 5 3 3
-2099.5 -4687.1 -1.0 121 0 31.9 14.2 7.5 0.0 0 0 3 1 1
-958.5 -3487.7 -1.5 211 0 39.5 24.3 7.5 0.0 0 0 3 5 5
-1454.2 2120.1 1.7 56 0 38.3 33.3 7.5 0.0 0 0 3 5 5
-164.1 3022.9 1.4 327 0 25.4 178.9 7.5 0.0 0 1 3 3 3
-2729.8 -4746.5 -0.3 121 0 7.1 18.3 7.5 2.5 2 1 3 0 0
-1380.6 2131.0 2.1 238 0 33.5 20.8 10.0 0.0 0 0 4 2 2
-73.3 3012.4 1.5 337 0 24.0 8.7 7.5 2.5 2 0 3 3 3
-1554.1 2302.6 0.8 326 0 50.8 11.4 7.5 0.0 0 0 3 0 0
-298.5 -4171.9 -1.9 170 0 17.7 12.5 7.5 2.5 2 0 3 4 4
-1742.1 2118.4 0.9 147 0 54.0 15.9 7.5 2.5 2 0 3 1 1
-495.7 2530.0 0.9 236 0 19.8 44.0 7.5 0.0 0 1 3 3 3
-1779.9 -3637.3 3.1 121 0 8.4 27.1 2.5 2.5 2 1 1 1 1
-830.1 -2219.7 -1.5 124 0 71.7 28.5 7.5 0.0 0 0 3 5 5
-1687.0 3148.5 -1.4 326 0 15.8 44.6 7.5 2.5 2 1 3 1 1
-1110.9 3029.7 0.1 326 0 23.3 138.0 7.5 0.0 0 1 3 2 2
-1191.1 2251.2 1.8 238 0 11.7 49.0 12.5 2.5 2 1 5 4 4
-1357.9 2068.1 2.1 57 0 6.4 41.6 7.5 0.0 0 1 3 0 0
-2030.5 1749.6 1.2 56 0 108.7 14.4 10.0 2.5 4 0 4 4 4
-1709.2 2537.7 0.4 56 0 26.2 42.5 5.0 0.0 0 1 2 3 3
-294.6 -4195.5 -2.4 171 0 17.7 12.3 5.0 2.5 2 0 2 0 0
-1538.3 2224.0 1.0 326 0 76.0 13.2 10.0 2.5 2 0 4 2 2
-1047.0 -4244.8 -1.6 266 0 11.8 50.0 10.0 2.5 2 1 4 3 3
-1680.6 -3705.9 2.7 121 0 39.9 14.4 7.5 2.5 2 0 3 3 3
-1734.4 2327.9 0.5 145 0 21.7 18.1 12.5 2.5 2 0 5 1 1
-1131.8 2290.2 1.4 237 0 12.0 49.0 12.5 2.5 2 1 5 0 0
-1788.1 2875.3 -0.4 327 0 28.4 15.8 7.5 2.5 2 0 3 1 1
-1743.7 -3662.3 3.1 121 0 60.7 32.1 10.0 0.0 0 0 4 0 0
-1567.9 2128.0 1.1 58 0 10.8 31.5 7.5 2.5 2 1 3 5 5
-1423.3 1857.7 2.5 59 0 9.8 9.5 2.5 2.5 2 0 1 3 3
-310.5 -4216.6 -2.4 349 0 22.5 12.6 10.0 2.5 2 0 4 2 2
-264.7 -4158.0 -1.8 350 0 23.2 11.8 10.0 2.5 2 0 4 2 2
-1747.5 2400.8 0.4 236 0 20.6 35.4 7.5 0.0 0 1 3 5 5
-1281.7 2566.5 0.6 326 0 69.7 15.3 10.0 2.5 2 0 4 1 1
-1751.4 2368.8 0.4 235 0 17.2 30.0 7.5 2.5 2 1 3 0 0
-1681.4 2165.2 0.9 149 0 60.2 11.7 7.5 2.5 2 0 3 1 1
-1200.1 2122.8 1.8 147 0 24.4 13.9 7.5 2.5 2 0 3 0 0
-1580.9 2284.0 0.8 326 0 49.8 11.4 10.0 0.0 0 0 4 2 2
-770.9 -2195.9 -1.4 34 0 27.9 71.7 7.5 0.0 0 1 3 3 3
-1165.9 -5384.0 -1.5 356 0 26.8 8.0 10.5 3.5 2 0 3 0 0
-487.8 -2080.8 -0.3 127 0 14.7 26.3 12.5 2.5 4 1 5 2 2
-1857.7 2871.9 -0.5 236 0 12.2 53.6 7.5 2.5 2 1 3 5 5
-1276.1 2038.9 1.8 236 0 12.3 56.7 7.5 2.5 2 1 3 3 3
-1556.0 2956.3 -0.5 325 0 7.2 38.6 7.5 2.5 2 1 3 3 3
-316.0 -4187.1 -2.2 350 0 23.0 12.8 12.5 2.5 2 0 5 4 4
-1212.5 3175.4 -0.8 326 0 91.7 32.5 7.5 0.0 0 0 3 1 1
-1549.8 3079.0 -0.5 235 0 54.8 84.1 10.0 0.0 0 1 4 5 5
-186.3 3130.5 0.9 69 0 8.4 29.9 7.5 2.5 2 1 3 2 2
-1085.9 -4248.5 -1.5 266 0 12.4 41.5 7.5 2.5 2 1 3 1 1
-1151.2 3086.8 -0.5 326 0 92.0 32.9 12.5 0.0 0 0 5 0 0
-1726.3 2369.9 0.4 236 0 20.6 41.1 10.0 0.0 0 1 4 0 0
-386.3 -4137.2 -1.4 350 0 22.4 12.9 7.5 2.5 2 0 3 3 3
506.9 -2270.0 -0.5 122 0 50.0 48.6 10.0 0.0 0 0 4 2 2
-1588.5 2688.9 -0.1 56 0 11.0 19.2 5.0 2.5 2 1 2 2 2
-1516.6 -4067.6 -0.9 121 0 18.7 91.0 12.5 0.0 0 1 5 1 1
-1565.2 -4387.3 -0.9 301 0 5.7 35.8 5.0 2.5 2 1 2 1 1
-1770.9 2854.5 -0.0 326 0 9.5 54.6 7.5 2.5 2 1 3 2 2
-827.4 2273.9 1.6 328 0 43.7 12.9 10.0 2.5 2 0 4 3 3
-1437.8 2909.3 0.3 56 0 29.6 13.8 10.0 2.5 2 0 4 3 3
-2132.5 -4712.2 -1.0 302 0 65.8 31.4 10.0 0.0 0 0 4 3 3
-2709.7 638.4 0.4 56 0 14.5 26.6 14.0 3.5 2 1 4 4 4
-363.6 -4113.6 -1.2 260 0 11.6 17.4 5.0 0.0 0 1 2 5 5
-1545.1 -4385.1 -1.0 301 0 21.1 62.9 10.0 2.5 2 1 4 1 1
-1649.4 1998.0 1.2 56 0 15.9 48.8 7.5 2.5 2 1 3 5 5
-1397.8 2801.4 0.8 146 0 37.5 14.7 10.0 2.5 2 0 4 3 3
-422.7 -4123.0 -1.2 265 0 10.8 17.6 7.5 2.5 2 1 3 2 2
-2745.3 -4665.6 -0.7 301 0 72.6 34.7 7.5 0.0 0 0 3 5 5
-908.6 2390.9 1.3 327 0 79.6 12.7 7.5 2.5 2 0 3 4 4
-1536.4 -4109.5 -1.5 301 0 8.4 54.3 7.5 2.5 2 1 3 3 3
-1650.3 3002.7 -0.5 236 0 59.4 80.6 10.0 0.0 0 1 4 0 0
-1657.6 2262.0 0.8 236 0 12.2 50.2 7.5 2.5 2 1 3 4 4
-212.1 3120.5 0.9 69 0 8.4 29.7 5.0 2.5 2 1 2 4 4
-1704.7 2065.0 1.1 147 0 48.0 16.6 7.5 2.5 2 0 3 1 1
-1808.9 2000.0 1.1 147 0 10.1 36.7 7.5 2.5 2 1 3 0 0
-381.2 -4166.2 -1.8 351 0 21.8 12.8 7.5 2.5 2 0 3 5 5
482.7 -2197.9 -0.4 301 0 49.1 48.5 10.0 0.0 0 0 4 5 5
-1325.2 2005.5 2.2 237 0 9.9 42.2 7.5 2.5 2 1 3 4 4
-250.1 2618.6 2.8 153 0 8.3 28.6 2.5 2.5 2 1 1 4 4
-452.3 2624.5 1.8 148 0 96.5 22.9 10.0 0.0 0 0 4 1 1
-847.0 2235.5 1.6 58 0 12.1 43.2 10.0 2.5 2 1 4 2 2
-876.0 2216.2 1.6 58 0 12.6 43.3 10.0 2.5 4 1 4 5 5
-904.7 2197.1 1.6 57 0 12.6 45.0 7.5 2.5 2 1 3 5 5
-6427.4 -5964.8 -5.3 181 0 67.6 44.9 7.5 0.0 0 0 3 5 5
-6683.2 -5961.5 -5.5 180 0 63.3 30.2 10.0 0.0 0 0 4 5 5
-6711.0 -4797.8 -4.2 290 0 48.3 25.5 10.0 0.0 0 0 4 5 5
-6072.4 -5602.6 -4.1 360 0 28.8 29.0 7.5 0.0 0 1 3 2 2
-6227.2 -6033.4 -5.1 271 0 36.3 14.0 12.5 2.5 2 0 5 0 0
-6930.7 -5838.5 -4.6 180 0 140.1 55.1 7.5 0.0 0 0 3 1 1
-6075.0 -5829.8 -4.6 1 0 141.7 39.7 7.5 0.0 0 0 3 3 3
-1925.9 -4092.5 -2.8 121 0 103.7 74.0 10.0 0.0 0 0 4 1 1
-647.2 -4109.5 -0.8 169 0 33.4 11.3 12.5 2.5 2 0 5 3 3
4042.5 -6344.0 -4.8 270 0 17.8 74.5 5.0 2.5 2 1 2 2 2
-1550.7 -4925.0 -1.9 7 0 34.7 13.3 7.5 2.5 2 0 3 0 0
128.1 -5940.2 -7.0 99 0 9.3 89.7 7.5 2.5 2 1 3 5 5
112.9 -5938.2 -7.0 99 0 20.3 91.0 10.0 0.0 0 1 4 3 3
3354.1 -6139.5 -7.9 84 0 6.1 14.5 7.5 2.5 2 1 3 2 2
3629.8 -6027.0 -4.5 285 0 13.4 29.8 15.0 0.0 0 1 6 4 4
-1728.0 -4010.9 -2.2 301 0 77.4 75.3 10.0 0.0 0 0 4 5 5
-1527.3 -4901.2 -1.9 7 0 49.4 12.9 5.0 2.5 2 0 2 0 0
146.5 -5942.8 -7.0 99 0 12.7 89.5 7.5 2.5 2 1 3 3 3
3333.9 -6114.0 -8.0 351 0 11.4 5.8 7.5 0.0 0 0 3 1 1
3584.1 -6163.7 -5.8 93 0 16.0 75.6 12.5 2.5 2 1 5 5 5
3622.3 -6157.3 -5.4 93 0 12.6 77.2 7.5 2.5 2 1 3 3 3
3331.4 -6056.9 -7.5 189 0 19.3 7.7 2.5 2.5 2 0 1 5 5
-1584.7 -4979.3 -1.7 97 0 12.4 32.3 7.5 2.5 2 1 3 4 4
92.9 -5889.6 -6.9 189 0 89.4 9.1 7.5 2.5 2 0 3 0 0
-647.0 -4069.0 -0.8 343 0 18.2 10.9 5.0 2.5 4 0 2 0 0
-1837.4 -3946.0 -2.8 301 0 103.8 75.3 10.0 0.0 0 0 4 1 1
-643.4 -4147.4 -1.1 181 0 17.6 11.5 2.5 2.5 2 0 1 5 5
189.3 -3775.6 -1.5 107 0 51.0 10.4 15.0 0.0 0 0 6 1 1
2802.4 -10783.0 -11.8 54 0 12.8 37.2 7.5 2.5 2 1 3 3 3
-1958.0 -4087.3 -2.2 121 0 40.4 6.6 7.5 2.5 2 0 3 5 5
-1544.8 -4986.6 -2.0 97 0 13.1 49.2 7.5 2.5 2 1 3 4 4
3314.6 -6125.8 -8.2 82 0 6.1 11.3 5.0 2.5 2 1 2 1 1
185.0 -5903.4 -7.0 9 0 89.8 12.3 7.5 2.5 2 0 3 4 4
-2211.1 -4121.5 -3.0 301 0 83.0 13.4 10.0 2.5 2 0 4 3 3
-2164.3 -3534.1 0.7 211 0 48.5 120.2 7.5 0.0 0 1 3 1 1
-2190.9 -3951.8 -3.4 121 0 36.2 204.9 10.0 0.0 0 1 4 2 2
-2083.3 -3502.1 1.9 301 0 139.8 15.4 7.5 0.0 0 0 3 1 1
-1916.6 -4163.6 -2.5 301 0 104.4 64.5 10.0 0.0 0 0 4 1 1
-1933.3 -4796.0 -1.1 31 0 29.5 30.1 7.5 0.0 0 1 3 5 5
-1660.8 -4523.1 -0.8 31 0 75.8 56.0 7.5 0.0 0 0 3 4 4
-2122.2 -3905.5 -3.5 122 0 13.5 53.6 7.5 2.5 2 1 3 0 0
2637.9 -10666.1 -12.5 53 0 10.9 43.0 7.5 2.5 2 1 3 2 2
-5329.0 -2986.6 -2.2 185 0 172.6 48.5 17.5 0.0 0 0 7 2 2
-5236.0 -3139.5 -1.9 96 0 61.2 71.5 12.5 0.0 0 1 5 0 0
-5217.8 -2921.0 -2.1 96 0 61.2 70.1 10.0 0.0 0 1 4 2 2
1950.7 4226.7 -1.5 150 0 20.2 16.1 7.5 2.5 2 0 3 2 2
-6050.2 -5643.7 -4.1 180 0 55.9 51.2 10.0 0.0 0 0 4 4 4
-6050.1 -5592.1 -4.0 182 0 21.3 43.5 7.5 2.5 2 1 3 0 0
-6050.4 -5694.5 -4.2 179 0 22.4 38.4 10.0 0.0 0 1 4 5 5
-5961.4 -5579.8 -4.0 270 0 45.1 152.0 10.0 0.0 0 1 4 3 3
-5895.4 -5625.3 -3.9 19 0 29.1 47.1 10.0 0.0 0 1 4 5 5
