-2917.0 -3565.8 -0.6 1 0 13.8 93.6 7.5 2.5 2 1 3 1 1
-1056.9 -59.2 -0.9 174 0 74.9 75.7 10.0 0.0 0 1 4 3 3
-3047.6 -3232.9 -1.9 86 0 12.8 29.4 10.0 2.5 2 1 4 5 5
16.2 197.1 -0.7 273 0 16.9 46.6 10.0 2.5 2 1 4 4 4
0.3 197.7 -0.7 274 0 8.7 47.7 7.5 2.5 2 1 3 2 2
4887.4 7581.2 -4.9 84 0 31.1 63.2 10.0 0.0 0 1 4 3 3
6071.2 6353.5 -5.6 331 0 33.1 14.0 7.5 2.5 2 0 3 5 5
-5995.3 4.1 -4.6 269 0 14.8 46.7 7.5 0.0 0 1 3 4 4
-5995.1 -124.9 -4.7 89 0 10.9 68.9 12.5 2.5 2 1 5 3 3
-2890.5 2747.8 -5.8 263 0 17.5 5.6 7.5 2.5 2 0 3 4 4
-5780.4 129.4 -4.4 359 0 10.6 17.2 2.5 2.5 2 1 1 5 5
-5811.3 148.5 -4.4 179 0 46.3 9.0 7.5 2.5 2 0 3 1 1
-5771.8 12.0 -4.5 269 0 34.9 7.1 7.5 2.5 2 0 3 1 1
-763.8 234.4 -0.1 184 0 47.9 9.7 7.5 2.5 2 0 3 5 5
6308.7 5908.9 -5.3 242 0 16.4 46.5 10.0 2.5 2 1 4 4 4
-768.6 148.4 -0.6 184 0 73.4 21.5 7.5 2.5 2 0 3 0 0
6178.8 6209.2 -7.1 62 0 13.4 34.6 10.0 2.5 4 1 4 4 4
-3009.0 -3532.9 -0.3 181 0 15.2 93.5 10.0 2.5 2 1 4 3 3
6093.5 6294.6 -6.0 62 0 14.2 36.3 5.0 2.5 2 1 2 4 4
31.7 196.4 -0.7 274 0 6.8 47.9 7.5 2.5 2 1 3 5 5
-6018.0 466.0 -4.5 358 0 78.3 17.1 7.5 2.5 2 0 3 2 2
-2913.4 2710.5 -5.8 85 0 5.9 27.8 5.0 2.5 2 1 2 0 0
-1035.1 245.1 -0.2 265 0 49.7 47.2 10.0 0.0 0 0 4 4 4
4870.6 7730.2 -5.6 264 0 31.4 66.7 15.0 0.0 0 1 6 0 0
5523.4 6066.7 -5.4 265 0 13.7 46.3 10.0 2.5 2 1 4 0 0
5971.4 5898.5 -5.9 354 0 99.9 21.7 10.0 0.0 0 0 4 4 4
5542.8 5979.4 -6.1 355 0 47.8 20.5 10.0 2.5 2 0 4 4 4
6583.6 4790.3 -4.5 355 0 42.0 19.4 10.0 2.5 2 0 4 1 1
130.3 41.1 -1.5 94 0 27.5 42.4 10.0 0.0 0 1 4 4 4
-5720.9 -4.4 -4.4 359 0 37.1 12.9 5.0 2.5 2 0 2 4 4
-5641.9 77.6 -4.2 359 0 52.5 17.6 10.0 2.5 2 0 4 1 1
6598.6 4663.9 -3.4 355 0 47.2 21.1 10.0 2.5 4 0 4 1 1
-271.8 186.2 -2.6 275 0 31.5 7.5 7.5 2.5 2 0 3 2 2
6883.0 -4375.8 -4.4 265 0 11.9 62.2 17.5 0.0 0 1 5 4 4
6926.1 -4371.9 -4.4 264 0 9.7 61.2 10.5 3.5 2 1 3 3 3
6941.3 -4514.0 -4.8 85 0 10.5 75.1 17.5 3.5 2 1 5 0 0
6490.0 -4270.8 -2.7 265 0 11.1 57.9 17.5 3.5 2 1 5 5 5
6458.9 -4332.4 -2.7 85 0 11.1 58.2 17.5 3.5 2 1 5 1 1
6784.6 -4310.8 -4.2 265 0 11.1 61.0 17.5 0.0 0 1 5 5 5
6748.5 -4315.0 -4.4 265 0 11.1 61.0 17.5 3.5 2 1 5 4 4
6717.8 -4318.7 -4.1 265 0 11.1 61.0 17.5 3.5 2 1 5 3 3
6686.9 -4320.8 -3.8 265 0 11.1 61.0 17.5 3.5 4 1 5 0 0
6656.0 -4323.5 -3.7 265 0 11.1 61.0 17.5 3.5 2 1 5 4 4
6624.7 -4326.6 -3.4 265 0 11.1 61.0 17.5 3.5 2 1 5 3 3
6594.6 -4329.0 -3.1 265 0 11.1 61.0 17.5 3.5 4 1 5 0 0
6563.8 -4332.4 -3.0 265 0 11.1 61.0 17.5 3.5 2 1 5 3 3
6537.4 -4396.7 -3.0 85 0 11.1 61.0 17.5 0.0 0 1 5 1 1
6501.8 -4399.5 -2.9 85 0 11.1 61.0 17.5 3.5 2 1 5 4 4
6465.3 -4402.8 -2.9 85 0 11.1 61.0 17.5 3.5 2 1 5 3 3
6912.1 -4185.4 -4.1 355 0 79.1 11.3 14.0 3.5 2 0 4 3 3
6917.6 -4360.4 -4.3 86 0 8.5 60.9 10.5 3.5 2 1 3 4 4
6938.6 -4289.0 -5.4 86 0 71.9 59.9 14.0 0.0 0 0 4 0 0
6647.3 -3790.1 -3.1 265 0 120.5 10.6 17.5 3.5 2 0 5 4 4
6673.9 -3978.0 -3.3 85 0 31.7 11.0 14.0 3.5 2 0 4 3 3
6687.0 -3888.3 -3.3 265 0 12.7 62.4 14.0 3.5 2 1 4 5 5
6670.5 -3889.7 -3.1 265 0 10.2 62.4 14.0 3.5 4 1 4 2 2
6650.6 -3892.2 -2.9 265 0 12.9 7.3 10.5 3.5 2 0 3 5 5
6655.8 -3954.3 -3.0 85 0 12.4 39.9 14.0 3.5 2 1 4 0 0
6644.4 -3874.1 -2.9 265 0 51.9 12.0 14.0 3.5 2 0 4 3 3
6604.6 -3907.4 -2.5 175 0 29.7 13.2 14.0 3.5 2 0 4 2 2
6629.7 -3893.5 -2.8 265 0 12.9 62.4 14.0 0.0 0 1 4 0 0
6917.1 -4682.7 -4.8 264 0 15.6 49.2 17.5 0.0 0 1 5 5 5
6754.8 -3862.8 -3.7 265 0 10.7 50.6 14.0 3.5 2 1 4 1 1
6760.6 -3924.3 -3.7 265 0 10.7 50.6 17.5 3.5 2 1 5 4 4
6772.0 -4043.1 -3.8 85 0 10.7 50.6 17.5 0.0 0 1 5 0 0
6773.2 -4054.1 -3.8 265 0 10.7 50.6 14.0 3.5 4 1 4 0 0
6638.6 -4061.9 -3.3 175 0 70.8 38.1 17.5 0.0 0 0 5 3 3
6705.6 -4019.2 -3.7 265 0 38.0 70.8 17.5 0.0 0 1 5 2 2
6740.7 -3995.3 -3.9 265 0 10.7 50.6 17.5 3.5 2 1 5 5 5
6753.6 -4081.8 -4.0 355 0 50.6 10.8 17.5 3.5 2 0 5 0 0
6718.2 -4110.4 -3.9 85 0 54.1 12.1 17.5 3.5 2 0 5 4 4
6662.8 -4115.3 -3.4 85 0 41.5 12.1 17.5 3.5 2 0 5 0 0
6707.8 -3996.2 -3.7 265 0 52.9 13.8 17.5 3.5 4 0 5 0 0
6622.1 -4093.0 -3.0 175 0 53.6 13.7 17.5 3.5 2 0 5 3 3
6504.1 -3886.6 -2.1 265 0 10.6 112.0 17.5 3.5 4 1 5 0 0
6548.0 -3882.9 -2.1 265 0 74.0 10.2 17.5 3.5 2 0 5 2 2
6559.3 -3994.8 -2.4 85 0 71.0 10.1 17.5 3.5 2 0 5 3 3
6546.1 -4113.5 -2.6 175 0 13.9 61.2 17.5 3.5 2 1 5 1 1
6779.3 -4240.6 -4.1 265 0 11.1 61.0 17.5 3.5 2 1 5 1 1
6654.2 -4314.4 -3.6 85 0 10.9 55.6 17.5 3.5 2 1 5 5 5
6736.7 -4438.0 -4.4 264 0 12.9 43.0 14.0 3.5 2 1 4 5 5
6736.1 -4432.0 -4.4 84 0 12.9 43.4 14.0 3.5 2 1 4 5 5
6703.0 -4441.1 -4.1 264 0 12.9 43.0 14.0 3.5 2 1 4 3 3
6702.4 -4435.2 -4.1 84 0 12.9 43.4 14.0 0.0 0 1 4 2 2
6669.1 -4444.6 -3.9 264 0 12.9 43.0 14.0 3.5 2 1 4 3 3
6668.5 -4438.7 -3.9 84 0 12.9 43.4 14.0 3.5 2 1 4 3 3
6633.2 -4448.0 -3.7 264 0 12.9 43.0 14.0 0.0 0 1 4 3 3
6632.6 -4442.1 -3.6 84 0 12.9 43.4 14.0 3.5 2 1 4 3 3
6592.6 -4445.7 -3.2 84 0 12.9 43.4 14.0 3.5 2 1 4 0 0
6593.1 -4451.6 -3.2 264 0 12.9 43.0 14.0 3.5 2 1 4 5 5
6742.1 -4237.3 -4.2 85 0 11.1 61.3 17.5 3.5 2 1 5 5 5
6703.0 -4241.6 -3.8 85 0 11.1 61.3 17.5 3.5 2 1 5 4 4
6656.6 -4246.0 -3.5 85 0 11.1 62.4 17.5 0.0 0 1 5 1 1
6620.7 -4249.3 -3.1 85 0 11.1 62.4 17.5 3.5 2 1 5 5 5
6581.5 -4253.5 -2.8 85 0 11.1 62.4 17.5 3.5 2 1 5 2 2
6544.1 -4256.6 -2.7 85 0 11.1 62.4 17.5 3.5 2 1 5 0 0
6506.3 -4259.7 -2.7 85 0 11.1 62.4 17.5 3.5 2 1 5 1 1
6469.6 -4263.0 -2.6 85 0 12.2 61.7 17.5 3.5 2 1 5 4 4
6922.6 -4741.7 -4.9 265 0 12.9 78.2 17.5 3.5 2 1 5 3 3
6940.4 -2743.7 -2.9 85 0 10.7 72.7 17.5 3.5 4 1 5 4 4
6940.4 -2796.7 -2.9 175 0 91.2 10.2 17.5 3.5 2 0 5 1 1
6864.4 -3848.9 -3.6 265 0 12.2 89.1 17.5 3.5 2 1 5 5 5
6902.2 -3845.9 -3.6 265 0 12.3 80.9 17.5 3.5 2 1 5 1 1
6936.2 -3841.9 -4.0 265 0 12.3 80.9 17.5 3.5 2 1 5 0 0
6828.7 -3851.1 -3.3 265 0 10.4 91.4 17.5 3.5 2 1 5 0 0
6906.8 -4092.9 -4.1 175 0 10.2 116.1 17.5 3.5 2 0 5 2 2
6188.0 -2012.4 -0.3 355 0 41.7 10.2 14.0 3.5 2 0 4 3 3
6144.6 -1996.7 -0.6 265 0 10.2 41.7 14.0 3.5 2 1 4 5 5
6154.5 -2103.7 -0.9 85 0 10.2 60.4 14.0 3.5 2 1 4 5 5
6190.4 -2100.5 -0.6 85 0 10.2 60.4 14.0 3.5 2 1 4 4 4
6408.0 -2046.1 1.0 85 0 10.2 78.4 14.0 3.5 2 1 4 3 3
6370.6 -2048.6 1.1 85 0 10.2 76.7 14.0 3.5 2 1 4 4 4
6330.6 -2024.8 0.9 265 0 10.2 61.4 14.0 3.5 2 1 4 3 3
6293.5 -2019.7 0.9 85 0 10.2 44.2 14.0 3.5 2 1 4 1 1
6294.2 -2028.4 0.5 265 0 10.2 59.7 17.5 3.5 2 1 5 1 1
6252.4 -1979.5 0.7 265 0 10.2 44.8 17.5 3.5 2 1 5 3 3
6262.1 -2092.4 -0.0 85 0 10.2 59.7 17.5 3.5 2 1 5 2 2
6216.7 -1983.0 0.1 265 0 10.2 44.5 17.5 3.5 2 1 5 1 1
6226.3 -2095.5 -0.3 85 0 10.2 59.7 17.5 3.5 2 1 5 2 2
6814.1 -4784.8 -4.7 175 0 63.2 11.9 17.5 0.0 0 0 5 1 1
6848.8 -4886.2 -4.7 85 0 13.4 60.5 17.5 3.5 2 1 5 5 5
6806.7 -4733.0 -5.0 264 0 57.2 7.9 10.5 3.5 2 0 3 0 0
6763.2 -4640.6 -4.8 174 0 8.3 62.3 10.5 3.5 2 0 3 0 0
6828.0 -4629.5 -4.3 264 0 6.7 108.5 10.5 3.5 2 0 3 5 5
6436.4 -3727.2 -2.8 355 0 8.0 37.7 10.5 3.5 2 0 3 3 3
6381.5 -3735.9 -2.9 85 0 35.6 8.0 10.5 3.5 2 0 3 4 4
6344.0 -3739.0 -3.7 85 0 39.6 12.1 17.5 3.5 2 0 5 0 0
6295.7 -3744.0 -4.5 85 0 41.9 12.1 17.5 3.5 2 0 5 1 1
6328.4 -3556.6 -2.9 265 0 12.2 85.3 17.5 3.5 2 1 5 1 1
6345.6 -3685.9 -2.9 355 0 68.1 12.3 17.5 3.5 2 0 5 0 0
6279.0 -3562.4 -3.0 265 0 12.2 85.3 17.5 3.5 2 1 5 0 0
6292.2 -3726.2 -3.9 85 0 12.2 68.1 17.5 3.5 4 1 5 4 4
6796.6 -3572.5 -4.0 175 0 85.1 10.4 17.5 3.5 2 0 5 0 0
5746.6 -4046.9 -3.5 264 0 9.7 60.2 10.5 3.5 2 1 3 3 3
5759.4 -4172.2 -2.5 84 0 9.7 60.2 10.5 3.5 2 1 3 4 4
5708.8 -4050.2 -3.3 264 0 9.7 60.2 10.5 3.5 2 1 3 5 5
5669.4 -4053.6 -3.4 264 0 9.7 60.2 10.5 3.5 2 1 3 5 5
5681.6 -4178.9 -3.5 84 0 9.7 60.2 10.5 3.5 2 1 3 0 0
5630.6 -4045.1 -3.0 264 0 9.7 29.3 10.5 3.5 2 1 3 1 1
5643.7 -4180.8 -2.6 84 0 9.7 95.1 10.5 0.0 0 1 3 5 5
5594.4 -4050.2 -3.2 264 0 9.7 29.3 10.5 3.5 2 1 3 0 0
5607.1 -4182.0 -2.7 84 0 9.7 91.1 10.5 0.0 0 1 3 3 3
5561.6 -4054.1 -3.0 264 0 9.7 29.3 10.5 3.5 2 1 3 3 3
5570.7 -4147.9 -2.8 84 0 9.7 53.0 10.5 3.5 2 1 3 1 1
5523.7 -4058.4 -2.9 264 0 9.7 29.3 10.5 3.5 2 1 3 4 4
5527.7 -4099.5 -3.0 264 0 9.7 53.0 10.5 0.0 0 1 3 1 1
5498.8 -4194.6 -2.7 85 0 9.7 92.4 10.5 3.5 4 1 3 0 0
5462.4 -4197.2 -2.4 85 0 9.7 92.4 10.5 0.0 0 1 3 1 1
5425.0 -4200.6 -2.4 85 0 9.7 92.4 10.5 3.5 2 1 3 4 4
5389.1 -4204.0 -3.0 85 0 9.7 92.4 10.5 3.5 2 1 3 2 2
5348.5 -4207.6 -3.4 85 0 9.7 92.4 10.5 3.5 2 1 3 1 1
6656.0 -4649.5 -4.3 265 0 12.8 104.2 17.5 3.5 2 1 5 5 5
6717.2 -4644.1 -4.6 265 0 14.3 104.2 17.5 3.5 2 1 5 4 4
6761.1 -4625.3 -4.8 85 0 11.5 51.7 17.5 0.0 0 1 5 2 2
6721.7 -4628.9 -4.5 85 0 11.5 51.7 17.5 3.5 2 1 5 4 4
6682.6 -4632.3 -4.2 85 0 11.5 51.7 17.5 3.5 4 1 5 4 4
6634.6 -4609.9 -3.9 175 0 51.7 11.5 17.5 3.5 2 0 5 5 5
6628.0 -4753.1 -4.0 85 0 11.5 68.5 14.0 3.5 2 1 4 2 2
6576.8 -4587.5 -3.5 265 0 11.5 76.1 17.5 3.5 2 1 5 1 1
6592.5 -4757.3 -3.8 85 0 11.5 65.5 14.0 3.5 2 1 4 2 2
6553.8 -4760.1 -3.7 85 0 11.5 65.5 14.0 3.5 2 1 4 1 1
6538.0 -4590.3 -3.5 265 0 11.5 76.1 17.5 3.5 2 1 5 5 5
6499.1 -4594.2 -3.4 265 0 11.5 76.1 17.5 3.5 2 1 5 4 4
6507.8 -4687.1 -3.6 265 0 11.5 77.2 14.0 3.5 2 1 4 1 1
6270.3 7127.5 -6.8 263 0 16.5 70.6 14.0 3.5 2 1 4 3 3
6251.7 7044.4 -6.7 83 0 16.5 78.8 14.0 3.5 2 1 4 2 2
6433.5 7245.5 -6.6 354 0 16.0 27.6 14.0 3.5 2 0 4 2 2
3995.2 7034.0 -3.6 265 0 24.1 60.1 10.0 2.5 2 1 4 0 0
4007.9 6888.3 -3.5 85 0 22.9 60.4 10.0 2.5 2 1 4 4 4
4010.4 6867.3 -3.5 265 0 24.2 58.4 12.5 2.5 2 1 5 4 4
4172.4 7050.0 -3.8 265 0 24.1 60.1 7.5 0.0 0 1 3 5 5
4185.1 6904.3 -3.7 85 0 22.9 60.4 10.0 2.5 2 1 4 1 1
4187.6 6883.4 -3.4 265 0 24.1 58.4 10.0 2.5 2 1 4 5 5
4129.5 7046.3 -3.7 265 0 24.1 60.1 10.0 2.5 2 1 4 5 5
4142.2 6900.6 -3.7 85 0 22.9 60.4 15.0 2.5 2 1 6 3 3
4144.7 6879.6 -3.5 265 0 24.1 58.4 10.0 2.5 2 1 4 4 4
4084.7 7042.5 -3.7 265 0 24.1 60.1 5.0 2.5 2 1 2 3 3
4097.4 6896.8 -3.6 85 0 22.9 60.4 7.5 2.5 2 1 3 0 0
4099.9 6875.9 -3.5 265 0 24.2 58.4 7.5 2.5 2 1 3 2 2
4039.0 7038.8 -3.7 265 0 24.2 60.1 10.0 2.5 2 1 4 5 5
4051.6 6893.1 -3.6 85 0 22.9 60.4 12.5 2.5 2 1 5 5 5
4054.2 6872.1 -3.5 265 0 24.2 58.4 10.0 2.5 2 1 4 3 3
5271.6 7532.3 -5.8 264 0 86.2 67.7 17.5 0.0 0 0 5 4 4
5334.1 7397.8 -5.6 354 0 81.2 38.9 14.0 0.0 0 0 4 2 2
5908.6 7087.3 -6.3 263 0 9.9 52.6 10.5 3.5 2 1 3 5 5
5946.0 7086.4 -6.4 263 0 9.9 59.7 10.5 3.5 2 1 3 3 3
5965.9 6917.5 -6.2 83 0 9.9 81.2 10.5 3.5 2 1 3 3 3
5920.8 6952.8 -6.2 173 0 82.1 9.9 10.5 3.5 2 0 3 1 1
5876.8 7600.4 -6.6 263 0 9.9 62.5 10.5 3.5 2 1 3 2 2
5894.5 7456.5 -6.2 83 0 9.9 69.3 10.5 3.5 2 1 3 3 3
5854.8 7475.8 -6.5 83 0 9.8 98.2 10.5 0.0 0 1 3 1 1
5809.0 7506.8 -6.2 173 0 86.5 11.4 17.5 3.5 2 0 5 4 4
5819.5 7425.5 -6.1 173 0 62.7 11.4 17.5 3.5 2 0 5 3 3
5512.0 7653.9 -5.9 173 0 95.7 6.3 10.5 3.5 2 0 3 1 1
5601.9 7363.8 -5.9 83 0 10.2 23.9 14.0 3.5 2 1 4 1 1
5578.5 7361.3 -5.9 83 0 10.2 23.9 14.0 3.5 2 1 4 2 2
5486.1 7529.8 -5.6 83 0 8.7 40.6 10.5 3.5 4 1 3 5 5
5445.4 7572.7 -5.8 263 0 8.7 57.3 10.5 3.5 2 1 3 1 1
5470.9 7510.9 -5.9 263 0 8.7 49.4 10.5 3.5 2 1 3 3 3
5525.8 7356.2 -5.8 83 0 8.7 57.3 10.5 3.5 2 1 3 0 0
5492.4 7465.6 -5.9 263 0 8.7 57.3 10.5 3.5 2 1 3 4 4
5528.6 7470.9 -5.9 263 0 10.1 55.0 14.0 3.5 2 1 4 3 3
5522.5 7512.5 -5.7 83 0 10.1 63.1 14.0 3.5 2 1 4 3 3
5550.8 7549.0 -5.7 173 0 63.1 11.5 14.0 3.5 2 0 4 4 4
5559.1 7485.9 -5.9 173 0 46.8 11.5 14.0 3.5 2 0 4 4 4
5566.4 7424.0 -6.0 173 0 63.1 11.5 14.0 3.5 2 0 4 1 1
5487.2 7662.3 -5.7 263 0 12.8 63.1 17.5 3.5 2 1 5 3 3
5451.0 7658.1 -5.8 263 0 12.8 63.1 17.5 3.5 4 1 5 1 1
5418.1 7653.8 -5.7 263 0 12.8 63.1 17.5 3.5 4 1 5 2 2
5768.5 8805.9 -8.2 354 0 21.9 15.0 10.0 2.5 2 0 4 1 1
5729.0 8802.5 -8.1 354 0 21.9 15.0 7.5 2.5 2 0 3 2 2
5692.5 8801.4 -8.1 354 0 20.1 14.9 7.5 2.5 4 0 3 5 5
5637.8 8805.8 -8.0 174 0 42.3 11.5 10.0 2.5 2 0 4 0 0
5603.5 8800.3 -7.9 174 0 38.8 11.1 10.0 2.5 2 0 4 3 3
5566.1 8798.0 -7.9 174 0 38.8 11.0 7.5 2.5 4 0 3 2 2
5531.7 8794.2 -7.8 174 0 38.8 11.1 10.0 2.5 2 0 4 0 0
5362.4 8705.2 -7.4 355 0 34.8 11.2 14.0 3.5 2 0 4 4 4
5238.2 8737.0 -6.9 265 0 6.3 37.9 10.5 3.5 2 1 3 5 5
5199.2 8733.6 -6.8 265 0 6.3 37.9 10.5 0.0 0 1 3 1 1
5364.2 8623.7 -7.3 85 0 7.8 56.0 10.5 3.5 2 1 3 0 0
5325.5 8621.3 -7.2 85 0 7.8 56.0 10.5 3.5 2 1 3 2 2
5285.9 8616.9 -7.1 85 0 7.8 56.0 10.5 3.5 2 1 3 3 3
5077.5 8683.2 -7.0 85 0 6.9 34.8 10.5 3.5 2 1 3 5 5
5023.4 8731.6 -7.9 85 0 6.9 41.2 10.5 3.5 2 1 3 4 4
4983.8 8728.6 -7.9 85 0 6.9 41.2 10.5 3.5 2 1 3 4 4
4941.7 8723.6 -7.9 85 0 6.9 41.2 10.5 3.5 2 1 3 0 0
4956.4 8703.4 -7.8 175 0 39.2 8.8 10.5 0.0 0 0 3 0 0
6918.4 -3656.2 -3.3 355 0 12.1 14.9 17.5 3.5 2 1 5 1 1
6892.7 -3586.6 -3.0 265 0 9.7 17.6 10.5 3.5 2 1 3 4 4
6870.4 -3589.3 -3.4 265 0 11.2 12.1 17.5 3.5 2 1 5 5 5
6841.0 -3670.0 -3.6 85 0 11.2 12.1 17.5 0.0 0 1 5 5 5
6844.1 -3645.7 -3.8 175 0 12.4 12.3 17.5 3.5 2 0 5 4 4
6848.4 -3618.5 -3.9 265 0 12.3 12.4 17.5 0.0 0 1 5 1 1
4345.9 7296.6 -4.1 84 0 119.9 19.8 14.0 0.0 0 0 4 3 3
4467.2 7185.3 -4.4 354 0 48.0 151.6 14.0 0.0 0 1 4 1 1
-5416.4 1061.9 -3.2 87 0 7.6 32.5 7.5 2.5 2 1 3 2 2
-3892.4 1141.4 -2.1 86 0 7.6 39.8 10.5 3.5 2 1 3 2 2
-3892.1 1133.9 -2.0 266 0 7.3 37.4 10.5 3.5 2 1 3 0 0
-3886.5 1041.9 -2.0 266 0 7.3 38.5 10.5 3.5 4 1 3 1 1
-3876.9 1142.5 -2.2 87 0 7.7 39.8 10.5 3.5 2 1 3 1 1
-3876.6 1134.9 -2.0 267 0 7.4 37.4 10.5 3.5 2 1 3 5 5
-3871.0 1042.9 -1.9 266 0 7.3 38.5 10.5 3.5 2 1 3 0 0
-3871.4 1050.7 -1.9 86 0 7.5 37.8 10.5 3.5 2 1 3 5 5
-3986.7 1136.7 -2.5 86 0 7.6 39.8 10.5 3.5 2 1 3 3 3
-3986.4 1129.2 -2.5 266 0 7.3 37.4 10.5 3.5 2 1 3 1 1
-3980.8 1037.2 -2.4 266 0 7.3 38.5 10.5 3.5 4 1 3 5 5
-3983.5 1082.6 -2.4 266 0 7.5 37.8 10.5 3.5 4 1 3 4 4
-3971.2 1137.1 -2.4 87 0 7.7 39.8 10.5 3.5 4 1 3 5 5
-3970.9 1129.6 -2.4 267 0 7.4 37.4 10.5 3.5 4 1 3 1 1
-3965.3 1037.5 -2.3 267 0 7.4 38.5 10.5 3.5 2 1 3 3 3
-3968.0 1083.0 -2.3 266 0 7.5 37.8 10.5 3.5 2 1 3 1 1
-3956.2 1138.9 -2.4 86 0 7.6 39.8 10.5 3.5 2 1 3 4 4
-3955.9 1131.4 -2.3 266 0 7.3 37.4 10.5 3.5 2 1 3 2 2
-3950.3 1039.4 -2.2 266 0 7.3 20.8 10.5 3.5 2 1 3 2 2
-3953.0 1084.9 -2.3 266 0 7.5 20.1 10.5 3.5 2 1 3 3 3
-3941.3 1158.3 -2.3 86 0 7.6 20.9 10.5 3.5 2 1 3 3 3
-3939.8 1132.0 -2.2 266 0 7.3 37.4 10.5 3.5 2 1 3 4 4
-3934.2 1040.0 -2.1 266 0 7.3 38.5 10.5 3.5 2 1 3 5 5
-3936.9 1085.4 -2.2 266 0 7.5 19.7 10.5 3.5 2 1 3 2 2
-3924.5 1132.5 -2.2 266 0 7.3 37.4 10.5 0.0 0 1 3 2 2
-3918.9 1040.5 -2.1 266 0 7.3 38.5 10.5 3.5 2 1 3 2 2
-3921.6 1085.9 -2.2 266 0 7.5 19.2 10.5 0.0 0 1 3 2 2
-3908.8 1140.3 -2.1 87 0 7.7 39.8 10.5 3.5 2 1 3 4 4
-3908.4 1132.8 -2.1 267 0 7.4 37.4 10.5 3.5 2 1 3 3 3
-3903.2 1048.5 -2.1 86 0 7.5 37.8 10.5 3.5 2 1 3 3 3
-3902.8 1040.7 -2.1 266 0 7.3 38.5 10.5 0.0 0 1 3 0 0
-4457.7 -407.7 -3.0 84 0 6.8 74.1 10.5 3.5 2 1 3 5 5
-4453.1 -417.7 -3.0 265 0 10.1 41.4 14.0 3.5 2 1 4 3 3
-4478.8 -422.2 -3.1 265 0 11.8 41.4 14.0 3.5 2 1 4 2 2
-4517.4 -425.2 -3.1 265 0 11.8 41.4 14.0 0.0 0 1 4 1 1
-4555.7 -427.7 -3.2 265 0 11.8 41.4 14.0 3.5 2 1 4 2 2
-4593.7 -428.9 -3.2 265 0 11.8 41.4 14.0 3.5 2 1 4 2 2
-4482.2 -409.1 -3.0 85 0 11.7 69.4 14.0 3.5 2 1 4 3 3
-4519.2 -413.1 -3.1 85 0 11.7 69.4 14.0 3.5 2 1 4 0 0
-4556.9 -417.3 -3.1 85 0 11.8 69.4 14.0 3.5 4 1 4 4 4
-4594.4 -420.7 -3.2 85 0 11.7 69.4 14.0 3.5 2 1 4 1 1
-4625.4 -472.0 -3.3 83 0 11.7 100.7 14.0 3.5 2 1 4 5 5
-4335.6 -361.9 -2.3 85 0 9.0 63.2 10.5 3.5 2 1 3 1 1
-4340.9 -255.9 -2.1 85 0 10.8 60.5 17.5 3.5 2 0 5 0 0
-4337.5 -276.3 -2.1 85 0 7.5 20.6 10.5 3.5 2 0 3 2 2
-4373.9 -278.8 -2.3 85 0 7.5 20.6 10.5 3.5 2 0 3 4 4
-4385.7 -198.4 -2.2 265 0 10.8 60.5 17.5 3.5 2 0 5 4 4
-4366.9 -375.0 -2.6 265 0 10.8 83.1 17.5 3.5 2 1 5 4 4
-4329.1 -372.3 -2.5 265 0 10.8 83.5 17.5 3.5 2 1 5 5 5
-4246.2 -363.4 -2.5 265 0 10.8 88.0 17.5 3.5 2 1 5 3 3
-4288.6 -367.1 -2.2 265 0 10.8 85.6 17.5 3.5 2 1 5 2 2
-4249.4 -354.6 -2.2 85 0 10.9 50.1 17.5 3.5 2 1 5 1 1
-4296.0 -307.7 -2.1 265 0 9.9 50.1 10.5 3.5 2 1 3 1 1
-4304.3 -254.0 -1.9 85 0 9.9 62.9 10.5 3.5 2 1 3 2 2
-4264.8 -249.1 -1.9 85 0 9.8 62.9 10.5 3.5 2 1 3 1 1
-4181.5 -218.3 -1.5 265 0 11.4 42.3 17.5 3.5 2 1 5 3 3
-4146.3 -173.3 -2.0 265 0 11.4 81.8 17.5 3.5 2 1 5 4 4
-4107.8 -172.3 -2.0 265 0 11.4 81.8 17.5 3.5 2 1 5 1 1
-4054.0 -251.6 -1.6 84 0 10.8 78.2 17.5 3.5 2 1 5 3 3
-3979.7 -238.6 -1.7 83 0 14.3 64.7 17.5 3.5 2 0 5 4 4
-4015.6 -233.6 -1.8 83 0 14.8 55.5 17.5 3.5 2 0 5 5 5
-3980.6 -254.6 -1.9 265 0 13.0 65.4 10.5 3.5 2 1 3 5 5
-4016.8 -249.1 -1.9 265 0 13.0 38.4 10.5 3.5 2 1 3 2 2
-4051.0 -265.7 -1.9 266 0 12.6 62.5 10.5 3.5 2 1 3 2 2
-4091.3 -280.7 -2.3 265 0 12.7 76.4 10.5 0.0 0 1 3 3 3
-4120.2 -363.3 -2.3 85 0 12.7 76.4 10.5 3.5 2 1 3 5 5
-4166.8 -298.2 -2.0 264 0 12.6 98.5 17.5 3.5 4 1 5 5 5
-4202.3 -302.7 -2.1 264 0 12.6 101.5 17.5 3.5 2 1 5 5 5
-3964.5 -346.2 -2.1 267 0 12.0 74.5 17.5 3.5 2 0 5 3 3
-4001.1 -349.1 -2.3 267 0 12.0 73.2 17.5 3.5 2 0 5 3 3
-4039.5 -351.6 -2.2 267 0 12.0 79.3 17.5 0.0 0 1 5 1 1
-4075.2 -378.8 -2.4 268 0 12.0 55.1 17.5 3.5 2 1 5 5 5
-4115.8 -380.9 -2.5 268 0 12.0 55.1 17.5 3.5 2 1 5 2 2
-3811.1 -651.2 -2.8 266 0 16.3 62.0 10.5 3.5 4 1 3 1 1
-4594.4 -500.1 -3.3 268 0 6.9 29.3 10.5 0.0 0 1 3 1 1
-4608.5 -501.1 -3.3 268 0 6.9 29.3 10.5 3.5 4 1 3 5 5
-4623.4 -501.2 -3.3 268 0 6.9 29.3 10.5 3.5 2 1 3 4 4
-4640.9 -502.3 -3.4 268 0 6.9 29.3 10.5 3.5 2 1 3 3 3
-3243.9 -206.7 -2.3 265 0 19.2 89.7 7.5 0.0 0 1 3 1 1
-3191.8 -293.2 -2.4 85 0 19.2 89.7 10.0 0.0 0 1 4 4 4
-3195.8 -62.7 -2.3 265 0 16.5 47.5 10.0 2.5 2 1 4 5 5
-3178.7 -148.8 -2.3 355 0 47.5 16.5 10.0 2.5 2 0 4 0 0
-3782.2 291.1 -1.3 83 0 7.4 61.9 7.5 0.0 0 1 3 4 4
-3862.1 313.1 -1.3 354 0 61.2 15.6 17.5 3.5 2 0 5 0 0
-3733.8 519.2 -1.7 87 0 7.3 29.4 10.5 3.5 2 1 3 0 0
-4612.1 -635.5 -3.5 132 0 7.0 29.6 10.5 0.0 0 1 3 5 5
-4640.8 -582.1 -3.5 223 0 7.6 49.6 10.5 3.5 2 1 3 0 0
-5081.9 477.3 -2.5 279 0 6.7 16.4 10.5 3.5 2 1 3 0 0
-5015.7 476.0 -2.5 99 0 6.7 18.8 10.5 3.5 2 1 3 3 3
-5031.5 478.0 -2.5 99 0 6.7 18.8 10.5 3.5 2 1 3 1 1
-5066.2 484.4 -2.5 99 0 6.7 18.8 10.5 3.5 2 1 3 5 5
-5140.1 497.4 -2.6 99 0 6.7 18.8 10.5 3.5 2 1 3 1 1
-3505.2 911.3 -1.4 169 0 61.1 91.3 10.0 0.0 0 1 4 0 0
-3851.6 913.6 -1.8 260 0 6.5 37.7 10.5 3.5 2 1 3 5 5
-3839.4 863.5 -1.7 350 0 20.0 7.2 10.5 3.5 2 0 3 1 1
-3767.1 -236.1 -1.3 83 0 12.2 55.2 10.5 3.5 2 1 3 0 0
-3765.4 -247.0 -1.4 263 0 12.2 83.4 10.5 3.5 2 1 3 1 1
-3809.1 -238.3 -1.5 83 0 12.2 79.2 10.5 3.5 2 1 3 4 4
-3808.6 -248.7 -1.7 263 0 12.2 83.4 10.5 3.5 2 1 3 3 3
-3861.1 -225.1 -1.9 83 0 12.2 58.5 10.5 3.5 2 1 3 2 2
-3849.4 -336.9 -2.1 83 0 12.2 68.1 10.5 3.5 4 1 3 0 0
-3885.3 -340.2 -2.0 84 0 10.4 86.1 10.5 3.5 2 1 3 4 4
-3528.8 300.7 -1.6 264 0 12.6 35.6 17.5 3.5 2 1 5 5 5
-3564.1 259.8 -1.3 84 0 12.6 35.6 17.5 0.0 0 1 5 5 5
-3518.3 212.8 -1.6 84 0 12.6 35.6 17.5 3.5 2 1 5 4 4
-3558.5 206.9 -1.2 84 0 12.6 35.6 17.5 3.5 2 1 5 3 3
-3530.5 312.0 -1.6 84 0 12.6 65.0 17.5 3.5 4 1 5 5 5
-3569.3 307.3 -1.5 84 0 12.6 76.0 17.5 3.5 2 1 5 3 3
-3608.0 302.8 -0.9 84 0 12.6 76.0 17.5 3.5 2 1 5 0 0
-3646.8 298.8 -0.9 84 0 12.6 76.0 17.5 3.5 2 1 5 0 0
-3686.0 294.6 -1.1 84 0 12.6 38.6 17.5 3.5 2 1 5 4 4
-3646.7 288.7 -0.7 264 0 12.6 89.8 14.0 3.5 2 1 4 4 4
-3686.4 238.0 -1.0 174 0 89.8 12.6 14.0 3.5 2 0 4 3 3
-3518.8 196.9 -1.5 264 0 12.6 76.8 17.5 3.5 2 1 5 0 0
-3556.1 193.6 -1.1 264 0 12.6 76.8 17.5 3.5 4 1 5 0 0
-3594.5 190.0 -0.6 264 0 12.6 76.8 17.5 3.5 2 1 5 4 4
-3634.6 184.2 -0.5 264 0 12.6 76.8 17.5 3.5 2 1 5 5 5
-3675.5 182.9 -0.8 264 0 12.6 76.8 17.5 3.5 2 1 5 2 2
5522.5 -6001.0 -3.7 85 0 26.5 17.4 14.0 3.5 2 0 4 4 4
5575.1 -5893.1 -4.3 265 0 69.3 59.3 14.0 0.0 0 0 4 2 2
6813.8 -6235.7 -7.3 265 0 13.2 9.0 10.5 3.5 2 0 3 0 0
6841.4 -6262.0 -7.3 265 0 12.9 21.3 14.0 3.5 2 1 4 4 4
6808.9 -6318.0 -7.4 175 0 9.8 27.2 10.5 0.0 0 1 3 5 5
6813.8 -6380.6 -7.5 175 0 23.3 11.0 14.0 3.5 2 0 4 5 5
6933.5 -6327.9 -7.2 355 0 52.8 16.3 14.0 3.5 2 0 4 3 3
6697.7 -6548.6 -7.6 265 0 27.0 31.5 14.0 0.0 0 1 4 1 1
6720.7 -6516.5 -7.5 355 0 26.0 44.1 10.5 0.0 0 1 3 0 0
6848.6 -5406.3 -5.6 84 0 11.5 48.4 17.5 3.5 2 0 5 0 0
6802.8 -5408.3 -6.0 84 0 11.7 45.7 17.5 3.5 2 0 5 4 4
6762.4 -5412.9 -5.9 84 0 11.8 46.2 17.5 3.5 2 0 5 1 1
6722.9 -5416.2 -5.6 84 0 10.9 45.5 17.5 3.5 2 0 5 1 1
6678.1 -5420.3 -5.6 84 0 12.3 45.0 17.5 3.5 2 0 5 1 1
6641.2 -5435.1 -5.4 264 0 14.0 65.6 14.0 3.5 2 1 4 4 4
6644.8 -5549.6 -5.6 174 0 67.3 14.3 14.0 3.5 2 0 4 4 4
6676.6 -5468.8 -5.7 174 0 69.9 12.9 14.0 3.5 2 0 4 2 2
6724.4 -5429.7 -5.7 264 0 11.4 67.6 14.0 3.5 2 1 4 2 2
6764.8 -5425.9 -6.0 264 0 12.7 68.1 14.0 0.0 0 1 4 2 2
6856.0 -5481.4 -5.8 354 0 67.0 12.6 14.0 3.5 2 0 4 3 3
6863.6 -5560.0 -5.8 354 0 67.5 12.0 14.0 3.5 2 0 4 0 0
6702.3 -5640.1 -6.0 264 0 11.2 65.3 17.5 3.5 2 0 5 2 2
6744.4 -5637.3 -6.1 264 0 11.1 63.9 17.5 3.5 2 0 5 3 3
6784.6 -5632.0 -6.4 264 0 11.1 65.1 17.5 3.5 2 0 5 3 3
6663.1 -5667.2 -5.9 264 0 10.3 42.3 17.5 3.5 2 0 5 4 4
6700.4 -5736.5 -6.1 84 0 55.3 8.6 10.5 3.5 2 0 3 1 1
6821.8 -5618.3 -6.4 264 0 9.5 79.9 10.5 3.5 2 0 3 5 5
6865.7 -5640.1 -5.9 264 0 11.4 70.7 17.5 3.5 2 0 5 1 1
6890.4 -5470.2 -6.0 264 0 13.5 140.3 17.5 0.0 0 1 5 2 2
6906.7 -5631.2 -6.2 264 0 13.5 75.3 17.5 3.5 2 0 5 5 5
4060.0 7629.3 -4.6 85 0 24.5 44.1 7.5 0.0 0 1 3 0 0
4064.5 7607.9 -4.5 265 0 15.2 58.6 10.0 2.5 2 1 4 5 5
4144.9 7617.1 -4.6 265 0 16.9 62.0 7.5 2.5 2 1 3 5 5
3967.0 7598.3 -4.5 175 0 114.1 45.7 10.0 0.0 0 0 4 0 0
3915.6 7536.0 -4.4 85 0 45.6 114.1 10.0 0.0 0 1 4 0 0
3817.6 7583.6 -4.4 175 0 114.1 45.7 7.5 0.0 0 0 3 3 3
3833.3 7434.2 -4.3 175 0 135.2 45.7 7.5 0.0 0 0 3 3 3
3931.4 7374.8 -4.5 85 0 45.6 135.2 5.0 0.0 0 1 2 3 3
3999.3 7517.9 -4.6 265 0 48.3 135.1 10.0 0.0 0 1 4 4 4
4050.4 7454.6 -4.5 175 0 135.2 118.1 10.0 0.0 0 0 4 3 3
4064.6 7292.6 -3.7 175 0 133.6 118.1 10.0 0.0 0 0 4 0 0
4025.0 7222.1 -3.8 85 0 48.2 133.5 10.0 0.0 0 1 4 5 5
3946.1 7215.1 -4.1 85 0 48.2 133.5 10.0 0.0 0 1 4 0 0
3846.9 7272.2 -4.2 175 0 133.5 48.3 7.5 0.0 0 0 3 5 5
5824.4 -5547.5 -4.2 355 0 47.5 13.0 17.5 3.5 4 0 5 1 1
5779.7 -5566.6 -4.1 85 0 20.0 45.4 17.5 3.5 2 1 5 0 0
5819.3 -5480.8 -4.0 355 0 48.6 14.3 17.5 0.0 0 0 5 3 3
5933.7 -4170.0 -1.6 85 0 137.0 22.7 14.0 0.0 0 0 4 3 3
5991.9 -3898.8 -4.7 175 0 9.0 65.2 10.5 3.5 2 1 3 5 5
5165.1 -5401.9 -2.8 354 0 14.1 144.1 14.0 0.0 0 1 4 2 2
5094.9 -5286.9 -2.3 265 0 14.0 106.0 14.0 3.5 2 1 4 4 4
4602.1 -5625.1 -3.1 354 0 87.2 14.4 14.0 3.5 2 0 4 0 0
4611.3 -5727.4 -3.3 355 0 82.9 13.9 14.0 3.5 4 0 4 4 4
4777.9 -5858.0 -3.6 266 0 15.3 69.5 14.0 3.5 2 1 4 0 0
4727.8 -5863.7 -3.6 266 0 15.3 69.5 14.0 3.5 4 1 4 1 1
4900.3 -5848.1 -3.5 265 0 19.9 67.5 14.0 3.5 2 1 4 1 1
4858.0 -5853.1 -3.5 265 0 20.1 67.9 14.0 3.5 2 1 4 5 5
5312.5 -5882.8 -4.2 85 0 21.0 52.3 10.5 3.5 2 1 3 4 4
5176.1 -5723.0 -3.2 266 0 22.1 46.8 14.0 3.5 2 1 4 3 3
5139.9 -5728.4 -3.2 266 0 23.4 44.6 14.0 0.0 0 1 4 2 2
