3569.3 -8036.9 -6.0 91 0 59.1 48.5 5.0 0.0 0 0 2 3 3
3569.0 -8141.3 -5.9 91 0 59.1 78.6 10.0 0.0 0 1 4 3 3
3495.8 -6452.4 -6.8 90 0 64.2 104.9 12.5 0.0 0 1 5 2 2
3452.5 -6698.3 -6.8 181 0 298.9 133.7 10.0 0.0 0 0 4 1 1
2967.6 -6686.7 -6.1 180 0 72.1 41.0 10.0 0.0 0 0 4 0 0
3123.2 -6751.2 -7.5 0 0 201.1 96.3 12.5 0.0 0 0 5 2 2
3051.0 -6983.8 -7.5 90 0 30.6 113.7 12.5 0.0 0 1 5 3 3
3067.3 -7047.8 -6.2 0 0 115.6 31.7 10.0 0.0 0 0 4 0 0
4385.0 -9431.1 -7.6 270 0 21.3 13.8 10.5 3.5 2 0 3 0 0
4345.0 -9344.5 -6.3 90 0 51.4 12.7 10.5 3.5 2 0 3 3 3
4347.1 -9431.3 -7.6 270 0 54.6 10.2 10.5 3.5 2 0 3 3 3
4305.1 -9090.1 -5.1 89 0 12.9 76.6 14.0 3.5 2 1 4 0 0
4348.6 -9087.4 -5.0 89 0 12.9 76.5 14.0 3.5 2 1 4 4 4
4391.8 -9088.0 -4.9 89 0 12.9 76.6 14.0 3.5 2 1 4 5 5
4434.9 -9005.9 -4.9 269 0 12.9 121.9 14.0 3.5 2 1 4 5 5
4480.9 -9202.2 -6.0 359 0 121.9 12.9 14.0 3.5 2 0 4 0 0
4437.3 -9264.4 -6.0 89 0 14.4 96.6 14.0 3.5 2 1 4 1 1
4393.0 -9266.0 -6.0 89 0 14.4 68.0 14.0 3.5 2 1 4 1 1
4351.6 -9267.9 -6.1 89 0 14.4 68.0 14.0 3.5 2 1 4 4 4
4308.1 -9191.0 -5.7 269 0 14.4 75.4 14.0 3.5 2 1 4 2 2
4135.9 -7459.1 -4.9 90 0 10.4 64.9 7.5 2.5 2 1 3 0 0
4028.5 -7375.1 -2.7 270 0 10.4 29.9 15.0 0.0 0 1 6 1 1
4025.1 -7454.1 -3.3 90 0 28.9 15.7 10.0 2.5 2 0 4 0 0
3924.5 -7354.3 -0.5 90 0 10.4 42.9 7.5 2.5 2 1 3 4 4
3963.7 -7354.6 -1.1 90 0 10.4 42.9 7.5 0.0 0 1 3 3 3
4011.3 -7355.2 -1.9 90 0 10.4 42.9 10.0 2.5 2 1 4 4 4
4058.5 -7314.5 -2.6 270 0 10.4 51.7 10.0 2.5 2 1 4 4 4
4097.4 -7381.8 -3.5 90 0 10.4 64.9 10.0 2.5 2 1 4 4 4
4178.4 -7383.2 -4.7 90 0 10.4 64.9 7.5 2.5 2 1 3 1 1
4137.2 -7380.8 -4.1 90 0 10.4 64.9 10.0 2.5 2 1 4 4 4
4179.7 -7460.2 -5.6 90 0 10.4 64.9 10.0 2.5 2 1 4 3 3
4097.2 -7458.9 -4.3 90 0 10.4 49.6 7.5 2.5 2 1 3 3 3
4061.0 -7458.8 -3.8 90 0 10.4 49.6 12.5 2.5 4 1 5 3 3
3988.6 -7460.2 -2.7 90 0 10.4 92.1 7.5 2.5 2 1 3 2 2
3953.5 -7459.2 -3.6 90 0 10.4 92.1 10.0 2.5 2 1 4 4 4
3915.4 -7458.7 -4.9 90 0 10.4 92.1 10.0 2.5 4 1 4 3 3
4635.8 -9331.7 -7.8 270 0 11.9 52.7 10.5 3.5 2 1 3 2 2
4645.6 -9444.5 -8.0 90 0 11.9 48.7 10.5 3.5 2 1 3 4 4
4642.7 -9518.6 -8.2 90 0 11.9 64.2 10.0 0.0 0 1 4 4 4
4608.2 -9361.3 -7.7 360 0 56.1 12.2 10.5 0.0 0 0 3 0 0
4608.5 -9423.4 -7.9 360 0 56.9 12.8 10.5 3.5 2 0 3 4 4
4609.8 -9487.8 -8.1 360 0 57.7 13.2 10.5 3.5 2 0 3 5 5
4753.3 -9528.5 -8.3 269 0 12.4 27.0 7.5 2.5 2 1 3 0 0
4703.4 -9529.1 -8.2 269 0 12.4 27.0 10.0 2.5 2 1 4 1 1
4653.3 -9530.9 -8.2 269 0 12.4 27.0 7.5 2.5 2 1 3 5 5
4604.2 -9530.2 -8.1 269 0 12.4 27.0 10.0 0.0 0 1 4 1 1
4561.6 -9729.6 -8.1 359 0 50.6 10.2 10.0 2.5 2 0 4 2 2
4560.1 -9668.6 -7.6 359 0 50.6 10.2 10.0 2.5 2 0 4 5 5
4517.5 -9644.2 -7.6 269 0 10.2 50.6 10.0 2.5 2 1 4 0 0
4519.6 -9755.8 -8.1 89 0 10.1 50.6 10.0 2.5 2 1 4 1 1
4479.1 -9652.4 -8.0 269 0 9.3 66.8 7.5 2.5 2 1 3 1 1
4289.9 -9720.2 -8.3 179 0 82.4 14.0 10.0 2.5 2 0 4 1 1
4325.9 -9672.8 -8.2 269 0 9.3 88.0 7.5 0.0 0 1 3 4 4
4361.5 -9671.4 -8.2 269 0 9.3 88.0 7.5 2.5 4 1 3 0 0
4401.0 -9671.4 -8.1 269 0 9.3 88.0 7.5 2.5 2 1 3 1 1
4437.7 -9655.9 -8.1 269 0 9.3 104.5 7.5 2.5 2 1 3 0 0
4555.3 -9770.0 -8.1 89 0 49.7 9.0 7.5 2.5 4 0 3 3 3
4492.4 -9770.7 -8.2 89 0 62.2 9.0 7.5 2.5 2 0 3 3 3
4421.8 -9772.0 -8.3 89 0 68.2 9.0 7.5 2.5 2 0 3 5 5
4349.3 -9772.9 -8.4 89 0 64.4 9.0 7.5 2.5 2 0 3 4 4
4409.8 -10020.5 -9.0 90 0 9.3 35.0 7.5 2.5 2 1 3 3 3
4410.1 -10093.2 -9.3 90 0 9.3 56.5 7.5 2.5 4 1 3 2 2
4410.5 -10162.6 -10.0 90 0 9.3 56.5 7.5 0.0 0 1 3 0 0
4371.6 -10105.0 -9.8 270 0 9.3 56.5 7.5 2.5 2 1 3 1 1
4371.5 -10093.8 -9.4 90 0 9.3 56.5 7.5 2.5 2 1 3 2 2
4371.3 -10021.3 -9.1 90 0 9.3 56.5 7.5 2.5 2 1 3 5 5
4316.8 -9964.5 -9.1 270 0 9.3 56.5 7.5 2.5 4 1 3 2 2
4313.6 -10065.7 -9.5 180 0 56.5 9.3 7.5 2.5 2 0 3 5 5
4318.1 -10161.8 -9.9 90 0 9.3 56.5 7.5 2.5 2 1 3 3 3
4897.2 -8749.9 -5.3 338 0 40.4 10.1 14.0 3.5 2 0 4 0 0
4798.2 -8822.6 -5.2 68 0 10.0 105.1 14.0 0.0 0 1 4 5 5
4797.6 -8726.4 -5.2 248 0 10.0 40.4 14.0 3.5 2 1 4 1 1
4830.7 -8807.4 -5.2 68 0 10.0 40.4 14.0 3.5 2 1 4 2 2
4861.7 -8785.8 -5.2 68 0 10.0 61.2 14.0 3.5 2 1 4 5 5
4955.5 -8807.5 -6.0 338 0 61.2 10.0 14.0 3.5 2 0 4 4 4
4925.8 -8818.1 -6.0 338 0 61.2 10.1 10.5 3.5 2 0 3 5 5
4894.9 -8864.7 -6.1 68 0 10.0 61.2 10.5 3.5 4 1 3 1 1
4862.1 -8876.8 -6.1 68 0 10.0 61.2 10.5 3.5 2 1 3 3 3
4829.8 -8891.6 -6.1 68 0 10.0 63.0 10.5 3.5 2 1 3 0 0
4949.5 -9300.5 -8.2 338 0 49.4 82.4 10.0 0.0 0 1 4 4 4
1540.2 -10928.0 -10.0 90 0 60.1 225.7 7.5 0.0 0 1 3 1 1
1538.6 -7832.8 -7.1 318 0 38.6 17.2 10.0 2.5 2 0 4 5 5
1420.0 -7872.0 -6.9 138 0 49.8 104.3 5.0 0.0 0 0 2 1 1
1541.4 -7761.4 -6.7 318 0 50.9 22.0 10.0 2.5 2 0 4 2 2
1545.7 -7698.4 -6.2 318 0 58.3 30.4 10.0 0.0 0 0 4 1 1
1500.5 -7947.7 -7.2 137 0 35.0 89.3 12.5 0.0 0 1 5 0 0
1641.0 -7829.3 -8.3 317 0 24.2 50.9 10.0 0.0 0 1 4 0 0
2837.0 -7751.8 -8.7 0 0 229.5 48.4 7.5 0.0 0 0 3 1 1
2897.7 -7543.2 -5.8 270 0 15.0 45.7 7.5 2.5 2 1 3 2 2
2933.9 -7544.6 -5.9 270 0 15.0 45.7 10.0 2.5 2 1 4 4 4
2974.1 -7546.5 -6.1 270 0 15.0 45.6 10.0 2.5 4 1 4 5 5
3014.9 -7546.0 -6.2 270 0 15.0 45.7 10.0 2.5 2 1 4 4 4
3064.1 -7569.9 -6.3 0 0 45.6 15.0 10.0 0.0 0 0 4 2 2
3064.4 -7621.9 -7.2 0 0 45.7 46.5 10.0 0.0 0 1 4 3 3
1910.3 -7830.6 -9.3 317 0 95.0 26.7 10.0 0.0 0 0 4 0 0
1864.0 -7864.8 -9.7 137 0 83.0 20.0 7.5 0.0 0 0 3 3 3
1770.5 -7777.9 -9.9 227 0 52.0 57.0 10.0 0.0 0 1 4 5 5
1793.0 -7702.3 -8.0 47 0 232.0 78.7 10.0 0.0 0 0 4 2 2
2478.8 -7759.1 -7.2 90 0 19.4 96.9 12.5 0.0 0 1 5 5 5
2479.6 -7555.9 -5.9 270 0 19.4 96.9 10.0 0.0 0 1 4 3 3
2479.0 -7863.5 -7.4 90 0 19.4 96.9 7.5 0.0 0 1 3 2 2
2478.9 -7878.0 -7.2 270 0 19.4 96.9 17.5 0.0 0 1 7 4 4
3065.0 -8123.5 -6.3 0 0 74.8 9.2 7.5 2.5 2 0 3 4 4
3023.5 -8087.7 -6.6 270 0 9.2 74.8 7.5 2.5 2 1 3 3 3
2986.7 -8088.0 -6.9 270 0 9.2 74.8 5.0 2.5 2 1 2 3 3
2950.6 -8086.4 -7.2 270 0 9.2 74.8 7.5 2.5 2 1 3 0 0
2883.1 -8070.3 -8.0 90 0 11.0 48.3 10.0 2.5 4 1 4 4 4
2883.1 -7966.0 -8.1 270 0 11.3 45.9 12.5 2.5 2 1 5 0 0
2914.8 -7966.8 -8.0 270 0 11.3 45.9 10.0 2.5 2 1 4 3 3
2914.8 -8071.1 -7.7 90 0 11.0 48.3 10.0 2.5 2 1 4 5 5
2950.0 -7965.2 -7.8 270 0 10.8 48.8 10.0 2.5 2 1 4 2 2
2949.7 -8071.9 -7.4 90 0 12.9 48.8 7.5 2.5 2 1 3 4 4
2986.5 -7965.2 -7.5 270 0 9.9 48.8 7.5 2.5 2 1 3 2 2
2986.0 -8071.9 -7.2 90 0 11.8 48.8 7.5 2.5 2 1 3 0 0
3022.1 -7964.4 -7.2 270 0 10.7 48.8 10.0 2.5 2 1 4 0 0
3021.8 -8071.0 -7.0 90 0 12.9 48.8 12.5 2.5 2 1 5 1 1
3064.9 -7988.5 -6.9 0 0 48.8 13.0 7.5 2.5 2 0 3 5 5
3064.6 -8046.3 -6.9 0 0 48.8 12.9 10.0 2.5 2 0 4 4 4
2897.1 -7644.7 -6.8 90 0 71.3 45.1 7.5 0.0 0 0 3 4 4
2869.6 -7658.1 -7.6 270 0 15.0 45.7 7.5 2.5 2 1 3 0 0
2869.4 -7759.2 -8.6 90 0 14.9 44.2 10.0 2.5 2 1 4 5 5
2902.9 -7660.3 -7.7 270 0 15.0 45.7 7.5 2.5 2 1 3 2 2
2902.7 -7761.4 -8.7 90 0 15.0 44.2 5.0 2.5 2 1 2 4 4
2934.0 -7660.2 -7.8 270 0 15.0 45.6 7.5 2.5 2 1 3 0 0
2933.8 -7761.3 -8.8 90 0 15.0 44.2 12.5 2.5 2 1 5 1 1
2974.8 -7659.3 -7.9 270 0 15.0 45.6 7.5 0.0 0 1 3 3 3
2974.6 -7760.4 -8.8 90 0 15.0 44.2 7.5 2.5 2 1 3 4 4
2974.6 -7781.6 -8.0 270 0 14.9 45.6 15.0 2.5 2 1 6 5 5
2974.5 -7839.6 -7.4 270 0 15.0 46.1 12.5 2.5 2 1 5 3 3
2974.3 -7944.8 -7.6 90 0 15.0 48.8 7.5 2.5 4 1 3 2 2
3016.5 -7659.4 -8.0 270 0 15.0 45.7 7.5 2.5 2 1 3 1 1
3016.3 -7760.5 -8.3 90 0 15.0 44.2 10.0 2.5 2 1 4 4 4
3016.3 -7781.7 -7.2 270 0 15.0 45.6 10.0 2.5 2 1 4 3 3
3023.6 -7862.7 -7.1 0 0 46.1 15.0 10.0 2.5 2 0 4 5 5
3016.0 -7944.9 -7.2 90 0 15.0 48.8 7.5 0.0 0 1 3 3 3
3064.7 -7681.2 -8.2 0 0 45.7 15.0 7.5 2.5 2 0 3 0 0
3064.6 -7737.4 -8.4 0 0 44.2 15.0 10.0 2.5 2 0 4 3 3
3064.5 -7803.5 -6.6 0 0 45.6 15.0 15.0 2.5 2 0 6 2 2
3064.4 -7861.7 -6.7 0 0 46.1 15.0 10.0 2.5 2 0 4 3 3
3064.4 -7919.4 -6.8 0 0 48.8 15.0 7.5 2.5 4 0 3 2 2
3092.2 -7822.3 -8.3 360 0 246.1 10.4 12.5 0.0 0 0 5 2 2
