-1288.2 -7572.6 -2.6 153 0 31.5 35.0 14.0 0.0 0 1 4 3 3
-3117.2 -10707.5 -12.0 206 0 11.1 139.6 14.0 3.5 2 1 4 5 5
-3067.6 -10764.6 -12.1 117 0 139.8 17.0 14.0 0.0 0 0 4 3 3
-3021.4 -10830.0 -12.4 30 0 13.8 136.8 14.0 0.0 0 1 4 1 1
-3070.4 -10774.1 -12.2 299 0 142.7 13.6 14.0 0.0 0 0 4 2 2
-3187.1 -10713.9 -12.0 300 0 86.3 43.3 14.0 0.0 0 0 4 1 1
-3092.9 -10817.0 -12.4 120 0 136.2 14.9 14.0 0.0 0 0 4 1 1
-2926.0 -10931.2 -12.8 28 0 14.1 40.0 14.0 3.5 2 0 4 5 5
-3028.8 -10878.8 -12.7 208 0 17.5 75.4 14.0 3.5 2 0 4 4 4
-3099.4 -10826.1 -12.5 299 0 136.4 17.1 14.0 0.0 0 0 4 4 4
-3214.2 -10760.6 -12.2 300 0 82.1 14.6 14.0 3.5 2 0 4 2 2
-3689.4 -10843.9 -12.9 239 0 11.6 78.0 10.5 3.5 2 1 3 5 5
-3717.6 -10863.2 -13.0 239 0 11.7 75.9 10.5 3.5 2 1 3 4 4
-3753.8 -10953.0 -13.6 149 0 44.3 11.5 10.5 3.5 2 0 3 3 3
-2145.2 -9065.7 -3.7 265 0 13.8 45.9 14.0 3.5 4 1 4 4 4
-2142.9 -9180.3 -4.2 175 0 44.7 13.8 14.0 3.5 2 0 4 3 3
-2092.1 -9269.4 -4.5 85 0 17.8 56.1 14.0 3.5 2 1 4 2 2
-2226.9 -9071.5 -3.8 265 0 5.6 49.7 10.5 3.5 2 1 3 1 1
