5544.6 10366.1 -12.5 132 0 30.9 9.0 10.5 3.5 2 0 3 4 4
5496.7 10409.6 -12.2 132 0 47.9 9.2 10.5 3.5 2 0 3 1 1
5598.4 10541.9 -13.8 225 0 15.6 48.3 14.0 3.5 2 1 4 1 1
5229.8 10751.7 -13.4 251 0 9.8 49.9 10.5 0.0 0 1 3 5 5
5598.7 10403.6 -12.9 42 0 10.2 38.2 14.0 3.5 2 1 4 3 3
5527.0 10469.2 -12.9 222 0 9.2 38.2 10.5 3.5 2 1 3 4 4
5578.7 10380.6 -12.4 44 0 11.3 40.3 14.0 3.5 2 1 4 1 1
5505.4 10448.7 -12.8 222 0 11.5 40.2 14.0 3.5 2 1 4 2 2
2383.0 1937.5 -0.9 83 0 8.7 31.4 7.5 0.0 0 1 3 4 4
2350.1 1933.5 -0.7 83 0 22.8 31.4 10.0 0.0 0 1 4 4 4
2323.7 1929.8 -0.5 83 0 27.8 31.4 12.5 0.0 0 1 5 3 3
2359.1 2012.3 -1.2 263 0 36.9 37.5 10.0 0.0 0 1 4 1 1
2328.1 1877.5 0.1 173 0 8.6 16.2 7.5 2.5 2 0 3 4 4
2318.6 1864.4 0.2 173 0 32.3 10.9 7.5 2.5 2 0 3 5 5
2348.9 1923.7 -0.3 263 0 10.5 31.4 7.5 2.5 2 0 3 5 5
2328.3 1893.5 -0.1 173 0 7.4 18.6 7.5 2.5 2 0 3 1 1
2311.6 1903.9 -0.1 173 0 26.8 15.4 7.5 2.5 2 0 3 5 5
2355.3 1852.4 -0.0 83 0 15.7 31.6 10.0 2.5 2 0 4 2 2
2358.5 1828.3 0.3 83 0 14.0 15.7 7.5 2.5 2 1 3 3 3
2761.2 1330.5 1.8 97 0 13.8 52.1 7.5 2.5 2 1 3 5 5
3121.6 1202.3 1.6 90 0 6.0 37.4 5.0 2.5 2 1 2 5 5
3118.5 1253.0 1.7 180 0 17.2 5.9 5.0 2.5 2 0 2 2 2
3159.1 1304.9 1.6 270 0 6.7 36.4 7.5 2.5 2 1 3 3 3
3135.8 1304.1 1.7 270 0 7.6 35.1 5.0 0.0 0 1 2 4 4
3261.5 1176.4 0.9 8 0 5.4 53.6 7.5 0.0 0 1 3 3 3
3203.7 1301.9 1.4 270 0 6.1 32.8 5.0 2.5 2 1 2 0 0
3201.7 1219.4 1.3 90 0 13.2 41.0 10.0 2.5 2 1 4 1 1
3227.3 1191.0 1.1 91 0 16.0 54.9 10.0 2.5 2 1 4 1 1
