2332.2 2871.5 -4.7 271 0 13.2 46.4 5.0 2.5 2 1 2 2 2
3994.4 2667.0 -2.4 90 0 12.5 59.9 10.0 2.5 2 1 4 2 2
4001.5 2635.5 -2.4 280 0 12.6 58.4 7.5 2.5 2 1 3 1 1
-4544.4 -9961.6 -10.1 186 0 223.5 54.1 7.5 0.0 0 0 3 3 3
2271.2 2857.5 -4.5 270 0 12.4 25.8 10.0 2.5 2 1 4 4 4
2301.0 2852.4 -4.6 270 0 12.5 33.6 7.5 2.5 2 1 3 3 3
4170.3 2445.5 -2.0 101 0 12.7 44.1 10.0 2.5 2 1 4 2 2
3919.1 2558.0 -2.4 193 0 35.8 26.2 7.5 0.0 0 0 3 4 4
4220.3 2497.9 -3.0 280 0 12.0 58.8 7.5 2.5 2 1 3 5 5
4435.8 2595.2 -3.4 281 0 13.3 60.5 7.5 2.5 2 1 3 1 1
3964.5 2572.0 -2.3 190 0 12.3 5.4 2.5 2.5 2 0 1 3 3
4040.9 2619.1 -2.1 280 0 12.6 58.5 10.0 2.5 2 1 4 0 0
4414.5 2430.0 -3.1 10 0 45.1 12.5 10.0 2.5 2 0 4 0 0
4116.5 2592.5 -1.9 279 0 13.0 62.0 7.5 2.5 2 1 3 4 4
4382.3 2478.7 -3.2 9 0 27.8 12.1 7.5 2.5 2 0 3 0 0
4275.2 2579.0 -3.2 279 0 12.3 42.6 7.5 2.5 2 1 3 0 0
4343.1 2510.8 -3.2 280 0 12.1 38.6 7.5 2.5 2 1 3 2 2
4439.9 2422.6 -3.0 189 0 39.5 12.7 10.0 2.5 2 0 4 1 1
4296.3 2471.2 -3.1 279 0 12.8 44.7 7.5 2.5 2 1 3 0 0
3977.6 2491.9 -2.2 100 0 12.0 70.4 10.0 2.5 2 1 4 0 0
3928.8 2594.2 -2.4 191 0 9.2 42.5 5.0 2.5 2 1 2 3 3
3965.8 2654.7 -2.6 280 0 15.0 50.3 7.5 2.5 2 1 3 4 4
4456.4 2522.1 -3.4 190 0 38.9 12.7 7.5 2.5 2 0 3 2 2
4155.6 2584.6 -2.2 280 0 12.7 49.9 7.5 2.5 2 1 3 5 5
4375.7 2433.3 -3.1 10 0 37.9 13.4 10.0 2.5 2 0 4 5 5
4034.3 2721.8 -2.4 90 0 11.7 44.3 15.0 0.0 0 1 6 4 4
4194.3 2580.6 -3.0 280 0 12.4 50.5 10.0 2.5 2 1 4 3 3
4073.2 2630.8 -2.1 90 0 12.5 49.9 7.5 2.5 2 1 3 3 3
4448.0 2472.4 -2.9 189 0 38.8 12.9 7.5 0.0 0 0 3 5 5
4132.4 2453.0 -1.6 100 0 12.1 39.9 10.0 2.5 2 1 4 3 3
4094.0 2459.7 -1.6 100 0 12.5 51.0 10.0 2.5 2 1 4 0 0
4262.7 2508.0 -3.1 280 0 12.2 74.9 10.0 2.5 2 1 4 5 5
4234.2 2578.6 -3.2 279 0 12.0 52.5 7.5 2.5 2 1 3 4 4
4316.5 2586.3 -3.3 281 0 12.3 56.3 10.0 2.5 2 1 4 4 4
4464.7 2570.4 -3.4 189 0 34.6 12.7 10.0 2.5 2 0 4 4 4
4304.2 2520.7 -3.2 280 0 11.5 38.7 7.5 2.5 2 1 3 1 1
4033.6 2790.3 -2.5 180 0 27.6 11.6 12.5 2.5 4 0 5 2 2
4337.1 2440.9 -3.1 10 0 40.2 11.8 5.0 2.5 2 0 2 0 0
4016.8 2479.8 -2.1 100 0 12.4 61.5 7.5 2.5 2 1 3 2 2
4033.9 2647.0 -2.2 90 0 12.7 60.6 7.5 2.5 4 1 3 0 0
4423.7 2486.0 -3.1 10 0 45.8 12.7 10.0 0.0 0 0 4 4 4
4353.8 2583.3 -3.3 280 0 12.1 56.0 7.5 2.5 2 1 3 1 1
-830.9 -10062.5 -8.3 96 0 40.3 86.0 7.5 0.0 0 1 3 1 1
-6362.7 9031.5 -10.9 68 0 45.8 226.8 5.0 0.0 0 1 2 4 4
-5196.8 6306.0 -6.1 265 0 58.8 22.1 5.0 2.5 2 0 2 2 2
-5139.8 6122.2 -6.0 16 0 50.8 20.1 7.5 0.0 0 0 3 3 3
-5284.4 6289.5 -6.2 253 0 59.3 22.5 10.0 2.5 2 0 4 4 4
-6289.7 8641.0 -10.4 248 0 16.5 27.9 10.0 2.5 2 1 4 5 5
-6316.1 9360.9 -11.3 67 0 22.6 198.7 7.5 0.0 0 1 3 5 5
-5665.9 9205.7 -11.4 246 0 11.6 107.9 10.0 0.0 0 1 4 5 5
-5715.3 10828.5 -12.4 36 0 101.5 79.7 10.0 0.0 0 0 4 5 5
-6170.7 8763.7 -10.6 68 0 51.2 30.8 7.5 0.0 0 0 3 0 0
-6283.4 8842.0 -10.8 158 0 141.1 100.9 10.0 0.0 0 0 4 2 2
-5632.4 10831.6 -12.6 306 0 79.1 101.7 10.0 0.0 0 1 4 5 5
-6134.4 8603.4 -10.5 2 0 16.0 124.1 10.0 0.0 0 1 4 3 3
-6813.4 10015.4 -12.0 242 0 120.7 69.5 7.5 0.0 0 0 3 5 5
-5063.9 8669.1 -12.2 247 0 15.9 65.0 10.0 2.5 4 1 4 1 1
-4919.1 8732.7 -12.3 67 0 13.1 71.6 10.0 2.5 2 1 4 0 0
-5026.8 8685.2 -12.2 246 0 16.4 57.7 7.5 2.5 2 1 3 1 1
-5035.0 8701.6 -12.2 67 0 16.6 64.7 7.5 2.5 2 1 3 0 0
-3564.0 9472.9 -11.9 314 0 5.6 24.2 2.5 2.5 2 1 1 3 3
-5169.4 8627.3 -12.1 246 0 15.8 94.0 7.5 2.5 2 1 3 0 0
-5097.5 8647.6 -12.1 247 0 15.7 65.8 7.5 2.5 2 1 3 3 3
-3286.1 8425.5 -9.6 269 0 25.4 172.4 7.5 0.0 0 1 3 4 4
-5111.4 8677.0 -12.1 67 0 16.5 65.3 5.0 2.5 2 1 2 4 4
-3565.2 9439.9 -11.8 126 0 14.3 17.5 5.0 2.5 2 1 2 0 0
-5079.9 8658.7 -12.1 247 0 6.9 65.2 7.5 2.5 2 1 3 2 2
-5132.7 8668.2 -12.1 67 0 12.1 64.4 10.0 2.5 2 1 4 5 5
-4902.6 8780.9 -12.4 336 0 68.3 14.0 10.0 2.5 2 0 4 5 5
-5044.4 8677.3 -12.2 246 0 6.6 60.5 7.5 0.0 0 1 3 5 5
-4950.4 8739.0 -12.2 67 0 16.4 58.4 10.0 2.5 2 1 4 5 5
-4998.2 8718.6 -12.2 67 0 16.6 57.7 10.0 2.5 2 1 4 1 1
-3144.8 8251.8 -9.1 90 0 31.6 174.0 10.0 0.0 0 1 4 0 0
-3247.3 8425.3 -9.5 270 0 24.8 172.4 10.0 0.0 0 1 4 0 0
-4972.2 8729.5 -12.2 67 0 12.3 57.4 7.5 2.5 4 1 3 5 5
-3773.0 10737.7 -13.7 216 0 22.4 115.1 7.5 0.0 0 1 3 1 1
-5117.7 8635.5 -12.1 247 0 11.6 65.2 7.5 2.5 2 1 3 5 5
-5072.0 8686.3 -12.1 67 0 15.7 65.7 12.5 2.5 2 1 5 0 0
-3187.0 8425.6 -9.4 270 0 25.1 173.0 10.0 0.0 0 1 4 1 1
-3578.1 10598.5 -13.5 36 0 23.0 114.3 7.5 0.0 0 1 3 3 3
-5138.9 8622.7 -12.0 247 0 15.2 65.0 10.0 2.5 2 1 4 2 2
-3718.6 4633.0 -4.2 238 0 50.7 20.0 7.5 2.5 2 0 3 4 4
-3662.2 4607.8 -4.8 329 0 50.7 59.5 12.5 0.0 0 1 5 4 4
-3680.8 4524.3 -4.8 148 0 49.6 59.6 10.0 0.0 0 1 4 5 5
-5879.0 2812.9 -6.5 289 0 8.2 65.6 7.5 2.5 2 1 3 2 2
-5780.1 3269.8 -4.7 352 0 98.7 9.4 7.5 2.5 2 0 3 1 1
-4818.3 4017.4 -4.7 60 0 12.0 30.1 10.0 2.5 2 1 4 2 2
-5772.2 3012.6 -6.0 318 0 9.9 49.9 7.5 2.5 2 1 3 1 1
-5763.3 3114.9 -6.0 82 0 9.6 98.3 7.5 2.5 2 1 3 5 5
-5776.9 3097.9 -6.2 315 0 9.9 66.3 7.5 2.5 2 1 3 2 2
-5827.9 3022.3 -6.1 161 0 63.4 9.3 7.5 2.5 2 0 3 5 5
-2745.5 5276.5 -1.0 105 0 13.0 18.1 5.0 2.5 4 1 2 0 0
-4369.9 5711.8 -5.5 259 0 30.9 135.9 7.5 0.0 0 1 3 0 0
-4293.0 5657.2 -5.3 349 0 136.5 30.4 10.0 0.0 0 0 4 2 2
-6060.3 5446.3 -7.2 271 0 35.7 62.8 17.5 0.0 0 1 7 3 3
-1690.8 5523.1 1.8 58 0 12.5 105.9 7.5 2.5 2 1 3 2 2
-3039.0 7005.5 -4.8 169 0 36.1 13.0 10.0 2.5 2 0 4 4 4
-2497.6 6365.6 -2.8 238 0 15.4 58.5 12.5 2.5 2 1 5 0 0
-6113.7 5291.6 -8.5 90 0 35.5 77.8 10.0 0.0 0 1 4 2 2
-2972.5 7041.9 -4.7 273 0 11.9 48.2 10.0 2.5 2 1 4 5 5
-2444.5 6399.1 -2.7 237 0 27.8 57.7 10.0 0.0 0 1 4 4 4
-6112.4 5447.3 -5.4 270 0 36.3 62.0 12.5 0.0 0 1 5 5 5
-3760.3 4512.6 -5.0 59 0 7.3 51.1 7.5 2.5 2 1 3 0 0
-2251.1 6210.1 -1.6 328 0 26.4 255.2 7.5 0.0 0 1 3 3 3
-3232.7 4778.6 -4.1 58 0 52.2 16.1 10.0 2.5 2 0 4 3 3
-2597.0 5026.8 -0.4 195 0 15.5 43.4 10.0 2.5 2 1 4 4 4
-3395.5 7138.6 -5.7 168 0 22.8 124.9 7.5 0.0 0 1 3 2 2
-6061.8 5290.1 -8.1 90 0 35.9 78.1 12.5 0.0 0 1 5 0 0
-2378.9 6717.0 -3.7 237 0 13.3 75.6 10.0 2.5 2 1 4 3 3
-2335.4 6693.1 -3.6 327 0 64.0 15.9 12.5 0.0 0 0 5 4 4
-1670.3 5535.9 1.8 58 0 12.9 105.3 7.5 2.5 2 1 3 1 1
-3751.3 4237.8 -2.8 149 0 21.1 270.0 7.5 0.0 0 1 3 2 2
-2616.6 7646.4 -5.7 16 0 14.6 35.7 10.0 2.5 2 1 4 1 1
-2356.0 6454.0 -2.7 237 0 28.0 58.1 7.5 0.0 0 1 3 2 2
-2473.7 6380.3 -2.8 237 0 27.5 57.6 5.0 2.5 2 1 2 0 0
-3080.3 8100.6 -8.0 17 0 170.9 24.1 7.5 0.0 0 0 3 4 4
-2414.7 6417.6 -2.7 238 0 27.7 57.6 12.5 2.5 2 1 5 5 5
-3295.6 4839.5 -4.1 239 0 101.9 34.7 7.5 0.0 0 0 3 5 5
-2415.3 6554.1 -3.5 94 0 103.0 43.3 7.5 0.0 0 0 3 0 0
-2385.2 6435.7 -2.7 238 0 27.0 58.2 10.0 2.5 4 1 4 1 1
-3277.9 7195.7 -5.2 348 0 26.0 86.2 10.0 0.0 0 1 4 5 5
-3373.8 7686.4 -6.2 270 0 17.5 54.3 10.0 2.5 2 1 4 4 4
-3289.5 7658.9 -6.0 0 0 54.5 17.8 7.5 2.5 2 0 3 0 0
-3467.9 7659.4 -6.2 180 0 54.8 17.7 7.5 2.5 2 0 3 0 0
-3337.0 7561.3 -5.7 90 0 17.9 54.8 10.0 2.5 2 1 4 0 0
-3421.9 7569.7 -5.8 90 0 17.7 47.1 10.0 2.5 2 1 4 1 1
-3290.8 7576.8 -5.9 0 0 79.2 17.4 7.5 2.5 2 0 3 0 0
-3421.3 7687.2 -6.2 271 0 17.6 55.0 7.5 2.5 2 1 3 3 3
-3336.3 7686.9 -6.1 270 0 17.5 55.2 7.5 2.5 2 1 3 2 2
-3374.3 7568.3 -5.8 90 0 18.2 48.4 10.0 2.5 4 1 4 3 3
-3467.9 7593.4 -5.9 180 0 47.3 17.6 10.0 2.5 2 0 4 1 1
-3380.4 4451.6 -2.0 58 0 7.0 16.3 5.0 0.0 0 1 2 1 1
-1272.7 3513.9 -2.9 328 0 59.6 15.0 10.0 2.5 2 0 4 0 0
-2507.3 4393.3 -0.9 59 0 32.1 199.8 7.5 0.0 0 1 3 4 4
-1307.9 3554.1 -3.0 328 0 42.2 11.7 10.0 2.5 2 0 4 5 5
-2724.0 4749.3 -2.1 239 0 32.1 198.1 12.5 0.0 0 1 5 5 5
-3391.3 4454.2 -2.2 329 0 17.0 111.5 10.0 0.0 0 1 4 5 5
-2802.1 4701.0 -1.2 239 0 31.6 198.5 7.5 0.0 0 1 3 3 3
-5152.6 8653.4 -12.1 66 0 16.5 70.3 7.5 0.0 0 1 3 1 1
-6739.4 9855.8 -11.8 68 0 120.2 70.1 10.0 0.0 0 0 4 2 2
4493.9 2679.7 -3.6 10 0 30.1 12.9 10.0 2.5 2 0 4 1 1
4181.2 2655.2 -3.2 90 0 11.8 31.3 7.5 2.5 2 1 3 3 3
4152.2 2772.4 -3.3 270 0 13.1 66.2 7.5 0.0 0 1 3 5 5
4114.1 2769.1 -2.6 270 0 12.4 66.8 7.5 2.5 2 1 3 2 2
4150.5 2608.2 -2.5 90 0 13.8 46.1 7.5 2.5 4 1 3 2 2
1338.7 5960.8 -5.0 328 0 43.3 14.1 10.0 2.5 2 0 4 0 0
1408.7 5836.3 -4.9 238 0 15.8 47.3 10.0 2.5 2 1 4 4 4
5026.7 2602.8 -4.3 100 0 12.1 35.4 12.5 2.5 2 1 5 2 2
4269.8 2701.8 -3.4 90 0 12.0 38.9 7.5 2.5 4 1 3 0 0
4230.2 2693.6 -3.4 90 0 12.6 30.5 10.0 2.5 2 1 4 4 4
-5273.7 8765.2 -11.7 337 0 46.6 14.0 7.5 2.5 2 0 3 5 5
-6192.1 7350.7 -7.3 177 0 60.3 11.3 10.0 2.5 4 0 4 0 0
-5251.7 8713.5 -11.9 337 0 45.6 14.1 7.5 2.5 2 0 3 1 1
-5246.4 8679.1 -12.1 246 0 13.8 61.8 10.0 2.5 2 1 4 1 1
-5273.9 8650.3 -12.0 248 0 13.8 46.4 12.5 2.5 2 1 5 4 4
-5286.5 8475.9 -11.6 157 0 11.7 129.9 7.5 2.5 2 1 3 0 0
-6131.6 7413.9 -7.7 267 0 10.4 59.8 10.0 2.5 2 1 4 3 3
-6192.1 7457.7 -7.9 266 0 10.8 59.8 10.0 2.5 4 1 4 0 0
-5318.1 8734.6 -11.7 158 0 16.1 15.6 10.0 2.5 2 0 4 3 3
-2985.8 4172.2 -1.8 149 0 35.9 11.2 12.5 2.5 2 0 5 2 2
-2825.9 4169.9 -1.6 59 0 24.5 104.1 7.5 0.0 0 1 3 2 2
-2769.4 4326.9 -1.4 238 0 24.7 104.2 7.5 0.0 0 1 3 2 2
-5335.8 3667.1 -5.5 75 0 6.1 36.4 5.0 2.5 2 1 2 0 0
-5212.3 5737.2 -5.6 169 0 42.0 9.0 7.5 2.5 2 0 3 4 4
-5307.8 3747.9 -5.3 262 0 82.3 6.7 7.5 0.0 0 0 3 3 3
-2730.4 4433.7 -1.2 238 0 30.8 48.1 7.5 0.0 0 1 3 0 0
-4406.9 6956.9 -4.4 86 0 310.2 13.4 10.0 0.0 0 0 4 2 2
-2789.3 4192.4 -1.5 59 0 24.3 104.3 7.5 0.0 0 1 3 1 1
-2901.3 4123.1 -1.8 59 0 24.1 104.5 7.5 0.0 0 1 3 2 2
-4987.8 10008.0 -12.7 124 0 120.3 46.1 10.0 0.0 0 0 4 4 4
-2863.9 4146.4 -1.7 59 0 24.8 104.2 7.5 0.0 0 1 3 2 2
-4409.6 5647.3 -5.5 259 0 42.6 80.8 10.0 0.0 0 1 4 5 5
-2498.9 6057.1 -1.5 148 0 60.9 19.7 12.5 2.5 2 0 5 4 4
-6033.4 7424.7 -8.6 178 0 26.3 19.2 7.5 0.0 0 0 3 1 1
-6482.5 8478.9 -10.0 357 0 18.3 15.5 12.5 2.5 2 0 5 3 3
-6549.8 8411.3 -9.8 87 0 11.6 16.2 2.5 2.5 2 1 1 2 2
-6863.4 8804.0 -10.0 68 0 33.8 125.6 10.0 0.0 0 1 4 4 4
-6713.4 7615.4 -8.2 249 0 11.6 62.1 7.5 2.5 2 1 3 3 3
-5568.9 8518.8 -11.6 90 0 12.2 35.1 7.5 2.5 4 1 3 1 1
-5811.9 7354.5 -7.2 266 0 8.6 12.2 5.0 2.5 2 1 2 5 5
-6670.2 8407.2 -9.6 179 0 15.4 13.2 10.0 2.5 2 0 4 4 4
-5745.2 7425.4 -7.7 163 0 27.5 33.5 10.0 0.0 0 1 4 1 1
-6516.2 8452.0 -9.9 355 0 18.4 10.4 5.0 2.5 2 0 2 1 1
-5687.3 7054.3 -7.2 79 0 11.8 41.1 10.0 2.5 2 1 4 0 0
-6944.2 8907.8 -10.1 248 0 19.0 125.6 7.5 0.0 0 1 3 3 3
-6057.1 7376.6 -8.3 87 0 12.1 40.3 7.5 2.5 2 1 3 0 0
-6514.0 8320.0 -9.7 85 0 15.0 14.7 5.0 2.5 2 0 2 1 1
-6499.5 416.0 -7.3 21 0 29.2 12.8 10.0 2.5 2 0 4 4 4
-6110.4 7423.0 -8.7 86 0 11.1 60.5 7.5 0.0 0 1 3 2 2
-6478.0 8424.6 -10.0 357 0 17.1 16.5 7.5 0.0 0 0 3 5 5
-2558.6 5310.0 -0.7 15 0 44.8 96.7 12.5 0.0 0 1 5 5 5
-6104.0 7327.5 -7.3 177 0 14.9 5.2 7.5 2.5 2 0 3 0 0
-6381.9 9219.2 -11.2 248 0 13.9 89.0 10.0 0.0 0 1 4 2 2
-5720.4 7344.2 -7.2 86 0 10.8 59.7 7.5 2.5 4 1 3 0 0
-1895.8 5396.0 1.2 58 0 31.5 108.0 7.5 0.0 0 1 3 5 5
-6637.6 8440.6 -9.7 266 0 15.6 17.2 10.0 2.5 2 1 4 3 3
-4388.3 6366.8 -5.3 348 0 64.0 20.9 7.5 2.5 2 0 3 5 5
-6636.7 8401.1 -9.7 87 0 14.8 14.4 7.5 2.5 4 0 3 5 5
-4112.9 8524.8 -11.1 360 0 148.4 48.6 7.5 0.0 0 0 3 2 2
-4255.7 7349.5 -5.7 352 0 77.5 24.1 10.0 0.0 0 0 4 0 0
-5605.5 8524.3 -11.5 89 0 11.5 34.4 7.5 2.5 4 1 3 1 1
-6473.9 8331.6 -9.8 355 0 16.5 13.6 2.5 2.5 2 0 1 4 4
-6309.6 9283.4 -11.4 248 0 135.7 90.2 10.0 0.0 0 0 4 1 1
-6574.0 8476.1 -9.9 268 0 14.8 15.2 5.0 2.5 2 1 2 3 3
-5873.7 7238.1 -8.1 87 0 11.4 61.4 7.5 2.5 4 1 3 3 3
-4686.9 10254.5 -12.5 35 0 17.2 67.1 10.0 2.5 4 1 4 0 0
-6207.4 8675.4 -10.5 248 0 13.0 51.3 7.5 2.5 2 1 3 1 1
-5686.3 7042.8 -6.6 258 0 11.1 46.1 10.0 2.5 2 1 4 5 5
-5460.7 8506.5 -11.7 90 0 11.9 33.5 10.0 2.5 2 1 4 2 2
-6608.3 8404.8 -9.7 86 0 11.0 14.2 7.5 2.5 2 1 3 0 0
-4758.8 6232.4 -5.6 260 0 29.1 134.3 7.5 0.0 0 1 3 0 0
-6525.6 8377.9 -9.8 176 0 15.9 15.1 2.5 2.5 2 0 1 1 1
-6009.8 8784.5 -10.7 69 0 20.1 15.7 7.5 2.5 4 0 3 4 4
-2705.4 5326.6 -1.0 105 0 77.9 15.8 15.0 2.5 2 0 6 3 3
-6658.3 7625.1 -9.1 248 0 11.3 44.6 10.0 2.5 2 1 4 5 5
-5717.7 7213.1 -7.5 87 0 11.5 35.2 7.5 2.5 2 1 3 2 2
-6536.2 566.1 -7.1 292 0 16.8 42.0 7.5 2.5 2 1 3 3 3
-6471.1 8309.0 -9.8 356 0 18.0 16.3 10.0 2.5 2 0 4 5 5
-5533.0 8514.2 -11.7 90 0 11.5 34.4 7.5 2.5 2 1 3 0 0
-6577.9 8454.6 -9.9 265 0 14.6 16.3 5.0 2.5 2 1 2 4 4
-6401.3 9267.7 -11.2 248 0 13.7 40.7 7.5 2.5 2 1 3 0 0
-6522.9 8484.3 -10.0 267 0 14.9 15.0 5.0 2.5 2 1 2 4 4
-5698.4 7114.9 -7.8 79 0 11.6 40.8 7.5 2.5 2 1 3 1 1
-6247.7 8655.8 -10.4 247 0 13.8 27.6 7.5 2.5 4 1 3 5 5
-6475.8 8370.1 -9.9 356 0 18.4 14.1 7.5 2.5 4 0 3 3 3
-6167.0 8692.0 -10.6 248 0 13.3 68.9 5.0 2.5 4 1 2 0 0
-2302.2 6109.9 -1.3 58 0 49.8 9.3 7.5 2.5 2 0 3 4 4
-5441.9 8821.3 -11.4 165 0 66.4 11.4 7.5 2.5 2 0 3 4 4
-6105.9 7192.2 -7.0 178 0 14.9 10.6 5.0 0.0 0 0 2 0 0
-6500.5 540.1 -7.0 111 0 11.2 23.5 10.0 2.5 4 1 4 3 3
-6619.5 7529.0 -8.8 68 0 11.4 44.8 7.5 2.5 2 1 3 5 5
-6573.6 8409.5 -9.8 87 0 12.8 14.1 10.0 2.5 2 1 4 1 1
-5497.4 8510.3 -11.7 90 0 11.2 34.4 7.5 2.5 2 1 3 1 1
-2838.8 5384.9 -1.4 195 0 44.5 95.8 7.5 0.0 0 1 3 2 2
-6476.3 8396.7 -9.9 357 0 17.9 16.6 7.5 2.5 2 0 3 2 2
-2360.4 6842.8 -4.2 356 0 52.4 9.3 7.5 2.5 2 0 3 2 2
-5455.6 5528.2 -5.8 79 0 7.0 40.2 7.5 2.5 2 1 3 3 3
-6055.8 7307.8 -7.4 87 0 12.0 40.6 7.5 2.5 4 1 3 5 5
-6480.4 8453.8 -10.0 356 0 22.7 16.1 7.5 2.5 2 0 3 5 5
-6053.1 7438.2 -8.6 86 0 10.7 59.3 7.5 2.5 2 1 3 2 2
-6549.3 8481.1 -9.9 267 0 12.9 15.6 10.0 0.0 0 1 4 2 2
-6470.2 8282.5 -9.7 355 0 16.7 15.3 7.5 2.5 2 0 3 3 3
-6304.5 10104.3 -12.4 338 0 30.2 160.8 7.5 0.0 0 1 3 2 2
-6099.4 7378.3 -7.8 177 0 53.3 12.2 7.5 2.5 2 0 3 1 1
-5715.1 7196.9 -7.8 259 0 11.7 31.3 10.0 2.5 2 1 4 0 0
-6664.5 7689.2 -8.4 68 0 11.3 11.5 5.0 2.5 2 1 2 1 1
-6399.0 9797.1 -12.0 338 0 193.9 113.9 5.0 0.0 0 0 2 1 1
-6571.9 9832.2 -12.0 249 0 37.2 70.8 12.5 0.0 0 1 5 4 4
-2023.5 5316.6 0.9 58 0 30.4 108.5 7.5 0.0 0 1 3 0 0
-5615.4 8513.1 -11.8 98 0 109.6 14.8 10.0 0.0 0 0 4 1 1
-5842.6 7321.3 -7.9 87 0 10.1 29.1 12.5 2.5 2 1 5 0 0
-5761.0 7415.1 -7.3 356 0 24.3 14.6 12.5 2.5 2 0 5 1 1
-5751.9 7352.9 -7.2 176 0 29.6 13.9 12.5 2.5 4 0 5 3 3
-5869.0 7368.6 -7.7 86 0 10.1 29.7 10.0 2.5 2 1 4 3 3
-5818.8 7383.9 -7.3 87 0 11.3 30.0 7.5 2.5 2 1 3 2 2
-6134.8 7152.2 -7.1 86 0 11.6 52.9 10.0 2.5 2 1 4 3 3
-5851.0 7152.7 -6.7 267 0 12.1 49.7 7.5 0.0 0 1 3 0 0
-5984.5 7312.7 -8.3 86 0 11.6 53.9 7.5 0.0 0 1 3 4 4
-5920.4 7155.3 -6.6 266 0 11.7 48.9 10.0 2.5 4 1 4 2 2
-5993.0 7155.9 -7.1 266 0 11.1 49.0 12.5 2.5 2 1 5 1 1
-6324.4 9773.5 -12.0 158 0 73.3 91.0 7.5 0.0 0 1 3 3 3
-6139.7 7425.0 -7.8 87 0 7.9 16.7 5.0 0.0 0 1 2 2 2
-5948.6 7313.7 -8.3 86 0 11.7 53.9 7.5 2.5 2 1 3 3 3
-6092.4 7049.8 -7.4 86 0 11.5 49.3 7.5 2.5 2 1 3 2 2
-5295.8 8702.9 -11.9 247 0 14.1 46.7 10.0 2.5 2 1 4 0 0
-5342.6 8594.6 -11.9 157 0 46.4 14.0 10.0 2.5 2 0 4 0 0
-5845.2 7044.4 -6.3 87 0 12.1 49.7 15.0 2.5 2 1 6 1 1
-5907.0 7205.1 -7.2 86 0 11.0 35.5 7.5 2.5 2 1 3 5 5
-5950.3 7047.4 -6.9 86 0 11.5 48.6 10.0 0.0 0 1 4 2 2
-5761.3 7055.5 -6.6 83 0 11.6 46.6 7.5 2.5 2 1 3 5 5
-6020.7 7310.1 -7.8 87 0 11.5 54.4 10.0 2.5 2 1 4 5 5
-5766.3 8870.3 -10.9 166 0 111.8 11.2 10.0 2.5 2 0 4 4 4
-6138.1 7214.5 -7.0 86 0 11.7 40.3 10.0 2.5 2 1 4 0 0
-6158.8 7460.3 -8.0 177 0 7.9 7.2 7.5 2.5 2 0 3 1 1
-6466.5 8227.9 -8.7 355 0 19.3 13.8 5.0 2.5 2 0 2 2 2
-6468.1 8252.8 -9.5 355 0 21.7 15.3 12.5 2.5 2 0 5 1 1
-5879.6 7046.2 -6.5 87 0 11.3 48.8 7.5 2.5 4 1 3 0 0
-5724.7 7044.4 -6.3 263 0 11.6 46.1 7.5 2.5 2 1 3 5 5
-6048.7 7183.6 -7.1 87 0 11.5 48.0 10.0 2.5 2 1 4 1 1
-5677.4 8676.1 -11.3 255 0 11.2 51.3 10.0 2.5 4 1 4 2 2
-5726.1 7056.6 -6.9 83 0 11.7 40.3 7.5 2.5 2 1 3 3 3
-5798.9 7058.3 -6.5 86 0 11.4 45.8 10.0 2.5 2 1 4 4 4
-5326.2 8674.5 -11.9 247 0 14.3 45.9 7.5 2.5 2 1 3 0 0
-5765.6 7138.7 -7.4 349 0 46.4 12.0 7.5 2.5 2 0 3 5 5
-5941.3 7190.0 -7.0 86 0 11.6 48.6 7.5 0.0 0 1 3 2 2
-5986.0 7048.7 -7.1 86 0 11.8 48.2 7.5 2.5 2 1 3 2 2
-4392.6 8336.6 -10.2 270 0 18.1 48.1 7.5 0.0 0 1 3 1 1
-6012.5 7185.8 -6.8 86 0 11.5 48.4 7.5 2.5 2 1 3 0 0
-5912.5 7303.1 -8.2 267 0 12.2 53.6 12.5 0.0 0 1 5 3 3
-5908.6 7016.3 -6.9 357 0 17.2 8.1 5.0 2.5 2 0 2 3 3
-6131.5 7088.8 -7.4 87 0 11.4 53.4 10.0 2.5 2 1 4 4 4
-5760.0 7043.6 -6.3 264 0 11.8 45.8 7.5 2.5 2 1 3 5 5
-5661.8 8593.0 -11.4 166 0 51.0 11.8 7.5 2.5 2 0 3 4 4
-5948.7 7301.6 -7.7 266 0 12.0 54.1 7.5 2.5 2 1 3 1 1
-5364.9 8646.8 -11.8 157 0 46.1 13.9 7.5 2.5 2 0 3 0 0
-6062.7 7158.4 -7.1 267 0 11.8 48.5 10.0 2.5 2 1 4 3 3
-5642.8 8684.1 -11.3 255 0 12.6 48.2 12.5 0.0 0 1 5 0 0
-5747.7 7197.6 -7.8 86 0 11.6 35.9 7.5 0.0 0 1 3 1 1
-5957.9 7155.1 -6.8 266 0 11.1 48.6 7.5 2.5 4 1 3 0 0
-6055.6 7294.5 -7.2 267 0 11.4 53.3 10.0 2.5 2 1 4 0 0
-5885.9 7154.6 -6.7 267 0 12.0 49.1 12.5 2.5 2 1 5 0 0
-6086.7 7222.9 -7.2 86 0 11.5 62.5 7.5 2.5 2 1 3 1 1
-5727.6 7128.5 -7.5 349 0 31.1 12.4 7.5 2.5 2 0 3 1 1
-6021.0 7049.7 -7.3 86 0 11.4 48.8 10.0 2.5 4 1 4 1 1
-6130.4 7079.5 -7.6 266 0 11.4 53.1 10.0 2.5 2 1 4 3 3
-5798.1 7046.1 -6.2 267 0 11.9 46.5 10.0 2.5 2 1 4 2 2
-6098.5 7158.7 -7.2 266 0 12.0 48.4 7.5 2.5 2 1 3 5 5
-5976.6 7186.9 -6.9 86 0 11.7 48.6 7.5 2.5 2 1 3 5 5
-5914.2 7047.9 -6.8 87 0 11.5 49.4 5.0 2.5 2 1 2 5 5
-6055.7 7049.4 -7.3 86 0 12.2 49.2 7.5 0.0 0 1 3 0 0
-5641.4 8529.3 -11.4 90 0 11.3 34.0 7.5 2.5 2 1 3 4 4
-6020.1 7296.0 -7.3 266 0 11.6 53.4 7.5 2.5 2 1 3 4 4
-5737.0 8753.7 -11.1 166 0 114.7 11.3 7.5 2.5 2 0 3 2 2
-5913.5 7317.9 -8.3 87 0 11.1 39.8 7.5 2.5 2 1 3 0 0
-5743.8 7182.2 -7.9 261 0 11.8 31.9 7.5 2.5 2 1 3 0 0
-5984.4 7297.3 -7.4 266 0 11.5 52.9 10.0 2.5 2 1 4 0 0
-6027.2 7157.1 -7.1 267 0 11.2 48.0 7.5 2.5 2 1 3 1 1
-5980.6 7018.4 -7.4 357 0 24.6 14.8 10.0 2.5 2 0 4 5 5
-5879.1 7015.7 -6.9 356 0 24.4 14.6 7.5 2.5 2 0 3 3 3
-5796.3 7156.8 -7.4 7 0 16.9 15.4 7.5 2.5 2 0 3 1 1
-6082.9 7019.5 -7.7 356 0 23.8 14.5 7.5 2.5 2 0 3 0 0
-5308.3 8609.6 -12.0 158 0 16.7 15.8 7.5 2.5 2 0 3 2 2
-6032.4 7019.0 -7.4 357 0 23.7 14.3 7.5 2.5 4 0 3 0 0
-4641.7 6117.9 -5.4 80 0 119.4 85.0 10.0 0.0 0 0 4 0 0
2812.1 10414.1 -10.9 335 0 44.0 11.4 10.0 2.5 2 0 4 3 3
-1981.5 6052.7 -0.4 328 0 60.0 15.5 7.5 0.0 0 0 3 0 0
-6511.6 9326.1 -11.3 68 0 52.3 153.0 7.5 0.0 0 1 3 1 1
-1717.0 5507.8 1.7 58 0 21.8 105.0 5.0 0.0 0 1 2 4 4
-5526.7 8657.4 -11.6 244 0 12.9 49.2 10.0 0.0 0 1 4 3 3
-5987.9 4698.4 -7.9 276 0 8.6 41.2 7.5 2.5 2 1 3 5 5
-5602.5 9220.8 -11.4 255 0 13.9 32.9 5.0 2.5 2 1 2 3 3
-1770.5 5474.6 1.6 59 0 12.9 105.7 7.5 2.5 2 1 3 3 3
-5799.5 9000.6 -11.0 166 0 99.3 12.1 7.5 2.5 2 0 3 0 0
-5567.7 9230.5 -11.4 255 0 14.6 33.8 7.5 2.5 2 1 3 3 3
-4347.2 8541.7 -11.2 90 0 111.3 31.0 5.0 0.0 0 0 2 5 5
-6411.9 9349.1 -11.3 68 0 60.6 34.1 10.0 0.0 0 0 4 3 3
-5804.8 8694.1 -10.9 76 0 16.9 44.9 12.5 2.5 2 1 5 1 1
-5417.3 8500.0 -11.7 91 0 12.1 34.5 7.5 2.5 2 1 3 2 2
-5558.5 8641.9 -11.6 245 0 12.5 48.9 7.5 2.5 2 1 3 1 1
-5530.7 9234.5 -11.4 256 0 13.4 49.7 12.5 2.5 2 1 5 1 1
-5417.7 8620.2 -11.7 334 0 48.8 12.0 7.5 2.5 2 0 3 2 2
-5364.6 8932.7 -11.4 346 0 66.8 12.6 10.0 2.5 2 0 4 2 2
-2381.5 5248.5 0.0 148 0 81.3 16.5 10.0 2.5 2 0 4 3 3
-5391.7 8569.1 -11.9 334 0 48.1 12.6 10.0 2.5 2 0 4 1 1
-4044.8 10150.7 -12.9 35 0 64.3 102.6 10.0 0.0 0 1 4 0 0
-5830.2 9145.9 -11.2 256 0 11.0 92.4 7.5 2.5 2 1 3 4 4
-5466.1 8718.3 -11.5 334 0 45.7 11.8 7.5 2.5 2 0 3 4 4
-5844.1 8732.6 -10.9 249 0 12.3 51.4 7.5 2.5 4 1 3 4 4
-6549.3 7327.7 -8.0 276 0 93.4 39.7 7.5 0.0 0 0 3 1 1
-5518.9 8558.2 -11.6 64 0 12.6 32.9 10.0 2.5 2 1 4 5 5
-5381.4 8497.0 -11.7 91 0 11.3 34.1 10.0 2.5 2 1 4 2 2
-5441.8 8670.4 -11.6 333 0 44.8 11.7 7.5 2.5 2 0 3 3 3
-5627.9 8630.3 -11.5 256 0 12.3 49.2 10.0 2.5 2 1 4 3 3
-4277.1 8524.2 -11.2 180 0 148.4 49.1 7.5 0.0 0 0 3 4 4
-5523.9 8736.5 -11.3 250 0 40.9 8.4 7.5 2.5 4 0 3 3 3
-1746.7 5490.5 1.6 58 0 22.1 103.7 7.5 0.0 0 1 3 0 0
-3111.7 -9556.5 -9.2 6 0 184.4 79.4 10.0 0.0 0 0 4 0 0
-3490.4 -9801.7 -9.4 6 0 59.4 19.5 7.5 2.5 4 0 3 2 2
-4369.9 -9282.4 -9.8 6 0 142.8 46.8 10.0 0.0 0 0 4 3 3
-4348.9 -9273.5 -9.1 185 0 116.6 48.9 7.5 0.0 0 0 3 1 1
-4444.5 -9200.9 -9.8 275 0 30.8 83.1 7.5 0.0 0 1 3 3 3
-3240.2 -9450.4 -9.0 276 0 77.7 184.4 5.0 0.0 0 1 2 1 1
-6857.4 -6326.1 -10.1 225 0 25.0 84.5 10.0 0.0 0 1 4 5 5
-6577.4 -6174.1 -8.5 99 0 15.4 113.1 7.5 0.0 0 1 3 4 4
-6524.7 -5935.0 -8.8 129 0 94.3 12.8 7.5 2.5 2 0 3 1 1
-5975.5 -6398.6 -7.3 189 0 48.8 106.7 10.0 0.0 0 1 4 5 5
-6034.1 -6262.8 -7.2 189 0 49.2 184.9 7.5 0.0 0 1 3 4 4
-6434.6 -5769.9 -2.3 125 0 6.3 17.8 5.0 2.5 2 1 2 0 0
-6581.5 -5910.0 -9.0 130 0 6.2 24.3 2.5 2.5 4 1 1 3 3
-6535.7 -5948.4 -8.8 129 0 94.5 12.8 10.0 2.5 2 0 4 5 5
-6380.3 -5772.0 -3.7 304 0 50.7 19.2 10.0 2.5 2 0 4 2 2
-6543.3 -5951.4 -8.8 309 0 86.1 14.1 10.0 2.5 2 0 4 3 3
-6023.4 -6043.3 -6.5 7 0 15.0 180.3 12.5 0.0 0 1 5 4 4
-6555.3 -5966.7 -8.9 309 0 87.5 14.0 7.5 2.5 2 0 3 3 3
-6806.1 -6402.9 -10.1 225 0 60.0 30.3 7.5 0.0 0 0 3 2 2
-6535.3 -6190.8 -8.4 99 0 43.4 138.4 10.0 0.0 0 1 4 4 4
-6229.1 -5873.1 -6.1 327 0 16.6 23.1 7.5 0.0 0 1 3 4 4
-6798.7 -6212.0 -9.8 316 0 25.5 59.2 5.0 2.5 2 1 2 2 2
-6757.0 -6166.0 -9.5 136 0 19.2 46.8 10.0 2.5 2 1 4 3 3
-6778.7 -6183.9 -9.6 46 0 14.7 9.0 5.0 2.5 2 0 2 2 2
-3649.6 -9334.4 -8.7 5 0 60.0 89.7 10.0 0.0 0 1 4 1 1
-3849.3 -10113.4 -9.3 186 0 90.9 54.8 7.5 0.0 0 0 3 0 0
-6586.9 -5916.4 -9.0 309 0 6.6 31.7 5.0 2.5 4 1 2 2 2
-6788.8 -6170.9 -9.7 48 0 7.0 24.8 2.5 2.5 2 1 1 4 4
-6370.9 -6033.0 -7.6 258 0 54.2 16.5 7.5 2.5 2 0 3 1 1
-6818.1 -6193.8 -9.9 315 0 9.5 41.7 7.5 2.5 2 1 3 0 0
-6553.7 -6359.9 -9.3 8 0 36.2 53.2 7.5 0.0 0 1 3 2 2
-3861.2 -9488.9 -9.9 276 0 36.1 97.0 7.5 0.0 0 1 3 0 0
-6808.8 -6191.9 -9.8 45 0 14.0 21.0 10.0 0.0 0 1 4 3 3
-6783.7 -6142.2 -9.6 229 0 14.5 5.9 7.5 2.5 2 0 3 4 4
-6777.9 -6298.3 -9.8 98 0 16.6 34.9 10.0 2.5 2 1 4 2 2
-6456.7 -6195.5 -8.4 99 0 42.6 100.8 10.0 0.0 0 1 4 4 4
-6547.4 -6323.2 -9.2 9 0 18.0 53.5 10.0 2.5 2 1 4 1 1
-3676.9 -9704.0 -8.7 6 0 181.3 107.0 12.5 0.0 0 0 5 1 1
-6818.3 -6313.1 -10.0 278 0 8.6 14.4 5.0 2.5 2 1 2 0 0
-6681.3 -6324.6 -9.6 189 0 128.5 64.1 7.5 0.0 0 0 3 1 1
-6061.7 -6104.2 -7.1 8 0 54.4 119.1 10.0 0.0 0 1 4 5 5
-4906.9 -6209.0 -3.9 268 0 25.0 155.5 7.5 0.0 0 1 3 1 1
-6767.9 -6151.4 -9.6 47 0 24.0 5.1 5.0 2.5 4 0 2 2 2
-6085.8 -6359.9 -7.6 189 0 66.2 9.2 7.5 2.5 2 0 3 4 4
-6650.4 -6165.4 -9.0 9 0 55.8 18.5 7.5 2.5 2 0 3 5 5
-6091.2 -6330.7 -7.6 9 0 10.6 42.3 10.0 2.5 2 1 4 0 0
-6220.7 -5963.0 -6.6 97 0 16.6 72.3 7.5 2.5 2 1 3 1 1
-6401.1 -6073.8 -7.7 8 0 26.8 5.6 7.5 2.5 2 0 3 4 4
-5498.6 -6464.4 -5.9 8 0 60.1 15.0 7.5 2.5 2 0 3 3 3
-6351.5 -6329.0 -8.4 279 0 36.3 18.6 10.0 0.0 0 0 4 2 2
-6256.3 -5943.4 -6.6 96 0 6.6 20.7 5.0 2.5 2 1 2 1 1
-6384.4 -6110.7 -7.6 259 0 8.9 42.0 7.5 2.5 2 1 3 1 1
-6555.4 -6013.3 -8.3 329 0 9.2 19.6 7.5 2.5 4 1 3 1 1
-6287.5 -6304.0 -8.2 279 0 17.1 39.7 7.5 2.5 2 1 3 4 4
-6307.7 -6239.2 -8.0 99 0 32.4 90.3 7.5 0.0 0 1 3 2 2
-6627.4 -5989.3 -8.9 221 0 6.4 43.0 7.5 2.5 2 1 3 5 5
-6175.4 -5920.4 -6.6 277 0 29.1 72.0 10.0 0.0 0 1 4 5 5
-6014.9 -5849.9 -5.0 285 0 59.1 14.4 10.0 2.5 2 0 4 2 2
-6405.2 -6102.2 -7.7 279 0 12.9 43.7 7.5 2.5 2 1 3 4 4
-5487.0 -6378.2 -5.6 9 0 44.5 13.7 7.5 2.5 4 0 3 0 0
-6320.2 -6325.7 -8.3 189 0 50.0 18.8 7.5 2.5 2 0 3 5 5
-6287.9 -5873.2 -6.6 237 0 30.6 37.0 7.5 0.0 0 1 3 5 5
-6643.5 -6123.2 -8.9 10 0 11.7 5.3 2.5 2.5 2 0 1 2 2
-6410.1 -6184.5 -8.2 100 0 27.7 26.8 10.0 0.0 0 0 4 4 4
-6392.7 -6137.7 -7.4 279 0 9.7 10.5 5.0 2.5 2 1 2 4 4
-6068.7 -6157.7 -7.2 7 0 25.3 119.9 10.0 0.0 0 1 4 1 1
-6189.2 -6278.1 -7.7 100 0 7.5 66.2 7.5 2.5 2 1 3 4 4
-6734.8 -6122.3 -9.4 136 0 7.5 22.5 5.0 2.5 2 1 2 1 1
-6676.4 -6109.7 -9.1 46 0 50.1 35.3 7.5 0.0 0 0 3 3 3
-4191.9 -9453.7 -10.1 275 0 71.9 152.0 7.5 0.0 0 1 3 4 4
-6362.3 -6314.6 -8.4 99 0 13.6 30.8 7.5 2.5 2 1 3 2 2
-6215.6 -6080.2 -6.7 187 0 37.5 11.5 10.0 2.5 2 0 4 1 1
-5553.3 -6129.8 -5.3 5 0 11.9 33.9 10.0 2.5 2 1 4 3 3
-6670.1 -6040.6 -9.1 225 0 46.6 8.5 7.5 2.5 2 0 3 0 0
-5957.3 -5865.5 -4.9 282 0 58.6 12.2 7.5 2.5 2 0 3 0 0
-6381.3 -6284.2 -8.8 279 0 43.2 179.1 7.5 0.0 0 1 3 0 0
-4756.4 5892.9 -5.5 263 0 20.6 59.6 10.0 2.5 2 1 4 1 1
-2818.3 2769.0 -3.3 329 0 9.7 33.2 7.5 2.5 2 1 3 4 4
-2851.9 2670.6 -3.5 60 0 15.5 9.4 5.0 2.5 2 0 2 1 1
-3003.3 5131.3 -4.3 284 0 49.3 21.6 7.5 2.5 2 0 3 0 0
-2824.7 2778.9 -3.3 329 0 9.3 33.0 7.5 2.5 2 1 3 4 4
-2906.9 2638.5 -3.6 59 0 5.6 15.6 5.0 0.0 0 1 2 3 3
-2930.5 2760.5 -3.6 239 0 8.4 117.7 7.5 2.5 2 1 3 0 0
-2836.5 2678.5 -3.4 59 0 15.5 8.7 7.5 2.5 2 0 3 2 2
-2799.6 2703.1 -3.4 330 0 4.7 29.0 2.5 0.0 0 1 1 4 4
-4646.3 5646.6 -5.5 349 0 14.1 59.5 7.5 2.5 2 1 3 1 1
-2812.2 2702.5 -3.4 59 0 8.2 53.5 7.5 2.5 2 1 3 1 1
-2821.9 2697.3 -3.4 59 0 8.2 107.5 7.5 2.5 2 1 3 2 2
-2724.3 4345.0 -1.2 58 0 12.7 8.2 7.5 2.5 2 0 3 5 5
-3624.5 4281.9 -2.6 59 0 4.3 7.7 2.5 0.0 0 1 1 1 1
-2799.0 2714.4 -3.3 59 0 10.3 50.1 10.0 2.5 2 1 4 2 2
-4647.7 5503.3 -5.5 80 0 61.3 60.7 10.0 0.0 0 0 4 0 0
-5348.5 5804.9 -5.4 76 0 8.7 23.6 7.5 2.5 4 1 3 0 0
-5478.9 5792.3 -6.0 347 0 14.4 23.5 10.0 2.5 2 1 4 1 1
-4556.5 6219.7 -5.4 261 0 37.1 83.4 7.5 0.0 0 1 3 4 4
3113.9 10350.9 -10.2 230 0 10.6 100.9 7.5 2.5 2 1 3 5 5
3210.5 10387.2 -10.2 320 0 30.9 79.6 10.0 0.0 0 1 4 1 1
3087.0 10264.4 -9.8 159 0 15.9 67.6 7.5 2.5 2 1 3 0 0
-6618.9 4314.5 -7.2 76 0 5.7 27.9 5.0 0.0 0 1 2 4 4
3777.9 10208.8 -9.4 160 0 8.0 7.0 5.0 2.5 2 0 2 2 2
3809.9 6700.7 -7.9 111 0 31.6 27.1 7.5 0.0 0 0 3 0 0
-1151.6 3621.9 -3.1 328 0 39.7 9.9 7.5 2.5 2 0 3 2 2
2526.8 9709.3 -8.6 336 0 27.5 10.7 7.5 2.5 2 0 3 5 5
2492.6 9592.3 -8.9 66 0 11.9 73.0 7.5 2.5 2 1 3 5 5
3828.6 10132.9 -9.3 340 0 14.4 8.4 5.0 2.5 2 0 2 3 3
3808.6 10101.7 -9.3 157 0 5.4 7.2 5.0 2.5 2 1 2 4 4
2238.6 9243.0 -9.1 65 0 8.2 28.6 7.5 2.5 2 1 3 0 0
2606.4 9501.8 -9.1 246 0 11.6 79.1 15.0 2.5 4 1 6 2 2
3284.2 9729.4 -9.3 55 0 15.7 25.5 10.0 2.5 2 1 4 2 2
3774.3 6766.7 -7.9 202 0 10.3 22.3 10.0 2.5 2 1 4 2 2
3801.1 10093.6 -9.3 159 0 14.6 7.5 2.5 2.5 2 0 1 1 1
2163.1 9325.0 -9.1 245 0 14.9 72.5 12.5 2.5 2 1 5 1 1
4894.7 6671.6 -4.6 269 0 24.3 114.0 15.0 0.0 0 1 6 5 5
-782.4 3574.0 -3.3 59 0 8.6 37.4 7.5 2.5 4 1 3 3 3
2194.1 9334.6 -9.4 245 0 13.5 35.3 10.0 2.5 2 1 4 5 5
2182.0 9323.9 -9.4 245 0 17.3 31.1 7.5 2.5 2 1 3 3 3
4515.4 6064.1 -7.8 6 0 8.1 26.6 7.5 0.0 0 1 3 5 5
2005.0 10576.9 -10.8 181 0 8.8 44.7 7.5 0.0 0 1 3 2 2
2387.9 9430.9 -7.3 331 0 26.2 27.6 10.0 0.0 0 1 4 1 1
3793.9 10160.7 -9.4 159 0 14.8 8.4 2.5 2.5 4 0 1 5 5
3832.1 6750.6 -8.0 292 0 71.3 15.3 7.5 2.5 2 0 3 4 4
2530.9 9477.3 -8.6 246 0 11.5 87.9 10.0 2.5 2 1 4 5 5
3833.2 10096.6 -9.3 67 0 8.4 18.9 2.5 2.5 2 1 1 4 4
2698.3 9755.0 -9.2 245 0 12.9 45.3 12.5 2.5 2 1 5 2 2
4832.0 6556.7 -5.0 89 0 72.8 24.1 10.0 0.0 0 0 4 1 1
2317.8 9471.7 -7.4 241 0 22.8 35.8 15.0 0.0 0 1 6 5 5
-1076.8 3328.5 -3.1 149 0 18.9 30.7 12.5 2.5 2 1 5 4 4
2569.4 9487.9 -9.0 246 0 11.6 81.0 10.0 2.5 2 1 4 1 1
2528.2 9608.6 -8.9 67 0 11.3 73.0 10.0 2.5 2 1 4 3 3
2084.9 9305.9 -8.2 65 0 10.7 28.6 7.5 0.0 0 1 3 2 2
3806.0 10080.8 -9.3 159 0 11.6 6.9 2.5 2.5 2 0 1 5 5
2459.2 9577.5 -8.9 66 0 9.9 68.6 7.5 2.5 2 1 3 5 5
-1057.3 3724.7 -2.9 238 0 40.5 45.9 15.0 0.0 0 1 6 2 2
3914.3 6718.0 -8.1 291 0 65.0 14.9 5.0 2.5 4 0 2 1 1
2084.1 10588.6 -10.8 266 0 49.8 16.5 10.0 2.5 2 0 4 1 1
2185.6 9341.7 -9.3 64 0 24.9 66.0 7.5 0.0 0 1 3 5 5
4532.0 6227.1 -8.2 192 0 49.6 22.3 7.5 2.5 2 0 3 0 0
2637.8 9691.4 -8.6 156 0 64.4 12.4 10.0 2.5 2 0 4 5 5
4747.2 6613.5 -5.4 180 0 115.3 40.5 10.0 0.0 0 0 4 4 4
-1131.3 3588.6 -3.1 329 0 19.1 8.5 7.5 2.5 2 0 3 3 3
4915.0 6614.5 -4.2 359 0 67.6 4.4 7.5 2.5 2 0 3 4 4
2391.2 9325.2 -7.8 64 0 6.6 38.8 7.5 2.5 2 1 3 0 0
3805.4 10132.3 -9.3 160 0 30.0 8.0 7.5 2.5 2 0 3 1 1
2979.2 10589.2 -11.1 324 0 19.1 89.2 10.0 0.0 0 1 4 4 4
4268.2 7064.9 -6.0 271 0 11.7 43.7 7.5 2.5 2 1 3 2 2
4233.2 7078.8 -6.1 257 0 12.2 83.5 7.5 2.5 2 1 3 4 4
4461.7 6883.4 -5.0 108 0 7.0 33.4 5.0 2.5 2 1 2 1 1
4671.5 6460.0 -6.6 13 0 12.1 18.8 2.5 2.5 2 1 1 5 5
4616.7 6360.1 -7.6 103 0 16.1 116.3 12.5 0.0 0 1 5 4 4
4279.1 6985.7 -5.7 89 0 8.2 24.1 7.5 2.5 2 1 3 0 0
4483.7 6950.9 -5.2 289 0 6.7 30.3 2.5 2.5 2 1 1 3 3
-3307.1 -4513.3 -4.5 89 0 11.3 21.2 7.5 2.5 2 1 3 1 1
-2842.4 -4952.2 -2.9 270 0 22.6 44.3 7.5 0.0 0 1 3 2 2
-5659.9 -6426.1 -6.4 189 0 81.5 40.4 7.5 0.0 0 0 3 5 5
-5648.0 -6352.2 -6.1 189 0 44.0 39.0 12.5 0.0 0 0 5 0 0
-5596.9 -6478.2 -6.2 99 0 40.2 81.9 7.5 0.0 0 1 3 1 1
-5548.3 -6485.4 -6.1 99 0 40.0 80.7 7.5 0.0 0 1 3 2 2
-5552.2 -6344.3 -5.9 278 0 89.8 44.3 10.0 0.0 0 0 4 2 2
3993.6 1730.6 0.6 189 0 26.2 15.4 2.5 2.5 2 0 1 1 1
-3354.2 -4951.9 -3.7 270 0 15.7 29.1 10.0 2.5 2 1 4 5 5
-3346.6 -5009.9 -3.6 360 0 29.1 15.7 15.0 0.0 0 0 6 0 0
-3391.4 -4970.5 -3.7 270 0 15.7 29.1 10.0 2.5 2 1 4 5 5
-3391.6 -4926.1 -3.7 270 0 15.7 29.1 7.5 2.5 2 1 3 5 5
-3437.1 -5008.2 -3.7 180 0 29.1 15.7 7.5 2.5 2 0 3 5 5
-3435.3 -4961.8 -3.8 180 0 29.1 15.7 10.0 2.5 2 0 4 5 5
-3428.1 -4899.6 -3.8 270 0 15.7 29.1 7.5 2.5 2 1 3 2 2
-3470.5 -4961.0 -3.8 180 0 29.1 15.7 12.5 2.5 4 0 5 3 3
-3476.4 -4912.6 -3.8 180 0 29.1 15.7 7.5 2.5 2 0 3 0 0
-3385.9 -5034.5 -3.6 359 0 42.3 16.1 7.5 2.5 2 0 3 2 2
-3357.6 -5082.1 -3.6 89 0 16.1 42.3 7.5 2.5 2 1 3 1 1
-3443.5 -5076.3 -3.6 89 0 14.6 27.0 7.5 2.5 2 1 3 1 1
-3401.5 -5107.3 -3.5 89 0 14.6 27.0 7.5 2.5 2 1 3 5 5
-3491.0 -5040.4 -3.7 89 0 14.6 27.0 10.0 2.5 2 1 4 0 0
