-4712.3 -10353.3 -7.4 274 0 98.5 54.6 7.5 0.0 0 0 3 0 0
-3633.8 -10621.5 -6.3 281 0 11.4 54.6 10.0 2.5 2 1 4 4 4
-3531.0 -10570.1 -9.0 10 0 32.0 59.1 10.0 0.0 0 1 4 1 1
-3685.6 -10628.6 -5.3 191 0 74.5 17.2 7.5 0.0 0 0 3 0 0
-6727.6 -10196.6 -12.6 114 0 84.9 37.5 10.0 0.0 0 0 4 3 3
-6662.8 -10157.0 -12.5 24 0 37.6 85.7 7.5 0.0 0 1 3 1 1
-6742.4 -9705.0 -12.1 114 0 19.4 22.9 7.5 2.5 4 1 3 3 3
-6789.3 -10172.0 -12.5 114 0 27.5 88.0 10.0 0.0 0 1 4 5 5
-6865.7 -9701.8 -10.0 294 0 31.9 74.1 10.0 0.0 0 1 4 4 4
-6911.7 -9797.7 -10.1 205 0 24.5 35.7 7.5 0.0 0 1 3 4 4
-6927.9 -10337.2 -12.2 209 0 27.2 27.7 10.0 0.0 0 1 4 4 4
-6906.3 -10231.0 -12.6 205 0 100.3 49.1 10.0 0.0 0 0 4 2 2
-6760.7 -10403.9 -13.0 25 0 50.2 102.6 7.5 0.0 0 1 3 3 3
-6721.4 -10318.8 -12.8 25 0 99.2 100.6 10.0 0.0 0 1 4 4 4
-6757.2 -10216.1 -12.6 300 0 57.8 15.3 7.5 2.5 2 0 3 5 5
-6689.5 -10255.8 -12.7 25 0 17.2 28.4 12.5 2.5 2 1 5 4 4
-6837.4 -9947.7 -11.6 297 0 33.6 73.5 10.0 0.0 0 1 4 3 3
-6721.3 -9996.7 -12.1 294 0 34.2 79.1 12.5 0.0 0 1 5 4 4
-6686.5 -10043.6 -12.3 293 0 29.2 58.4 7.5 0.0 0 1 3 3 3
-6618.8 -10042.9 -12.3 293 0 16.2 40.6 10.0 2.5 2 1 4 1 1
-6727.9 -9792.6 -12.2 295 0 48.0 46.9 10.0 0.0 0 0 4 5 5
-6703.4 -9973.6 -12.2 114 0 56.5 88.0 7.5 0.0 0 1 3 3 3
-6864.6 -9650.5 -10.7 115 0 83.4 85.7 12.5 0.0 0 1 5 3 3
-6916.9 -9619.9 -10.1 114 0 14.5 69.2 10.0 2.5 2 1 4 2 2
-6928.6 -9553.3 -10.0 206 0 11.6 22.9 12.5 2.5 2 1 5 1 1
-6930.1 -9530.1 -10.2 207 0 13.0 43.2 10.0 2.5 4 1 4 5 5
-6761.2 -9563.3 -11.0 24 0 32.0 66.9 7.5 0.0 0 1 3 2 2
-6779.1 -9609.8 -10.9 25 0 29.3 15.9 7.5 2.5 2 0 3 4 4
-6744.4 -9520.7 -11.1 25 0 35.9 52.0 5.0 0.0 0 1 2 3 3
-6835.1 -9513.8 -10.4 295 0 6.8 7.3 7.5 0.0 0 1 3 5 5
-6863.4 -9495.4 -10.5 295 0 9.4 8.1 7.5 2.5 2 0 3 1 1
-6864.4 -9541.9 -10.2 203 0 6.0 7.3 7.5 2.5 2 1 3 2 2
-6542.6 -9836.0 -13.6 292 0 31.3 30.2 12.5 0.0 0 0 5 3 3
-6556.9 -9895.4 -13.4 25 0 50.1 22.4 7.5 2.5 2 0 3 0 0
-6621.4 -9964.5 -12.6 113 0 23.0 54.7 7.5 2.5 2 1 3 5 5
-6665.7 -9891.8 -12.2 116 0 39.6 12.3 5.0 2.5 2 0 2 2 2
-6577.8 -9781.4 -12.5 114 0 21.3 21.9 7.5 0.0 0 1 3 1 1
-6566.2 -9750.5 -12.0 114 0 14.7 50.1 10.0 2.5 2 1 4 2 2
-6534.9 -9800.4 -13.0 111 0 24.9 18.5 10.0 2.5 2 0 4 2 2
-6492.1 -9765.3 -12.8 24 0 52.1 15.5 7.5 2.5 2 0 3 2 2
-6513.5 -9814.5 -13.3 114 0 18.7 5.1 5.0 2.5 2 0 2 4 4
-6709.4 -9596.6 -12.7 204 0 131.2 56.5 10.0 0.0 0 0 4 0 0
-6693.5 -9724.9 -11.8 117 0 14.5 28.0 7.5 2.5 2 1 3 1 1
-6521.3 -9411.3 -13.2 293 0 13.3 25.6 10.0 0.0 0 1 4 1 1
-6492.9 -9402.2 -13.2 198 0 8.8 20.1 5.0 2.5 2 1 2 1 1
-6269.6 -9474.2 -11.7 204 0 32.0 75.2 10.0 0.0 0 1 4 3 3
-6348.4 -9671.1 -12.0 203 0 36.5 13.8 7.5 2.5 2 0 3 5 5
-6322.2 -9681.1 -12.1 199 0 34.4 11.3 7.5 2.5 2 0 3 1 1
-6383.0 -9740.8 -12.9 206 0 39.9 12.3 10.0 2.5 4 0 4 5 5
-6370.0 -9703.7 -12.3 204 0 15.2 20.3 7.5 0.0 0 1 3 1 1
-6402.0 -9768.9 -13.3 202 0 21.5 23.0 12.5 2.5 2 1 5 0 0
-6376.1 -9776.2 -13.4 204 0 20.4 11.3 2.5 2.5 2 0 1 3 3
-6405.5 -9731.8 -12.5 207 0 22.7 10.0 5.0 2.5 2 0 2 3 3
-6290.7 -9741.0 -13.4 204 0 19.0 42.0 10.0 2.5 2 1 4 2 2
-6137.0 -9849.5 -14.7 111 0 12.9 31.3 12.5 2.5 2 1 5 4 4
-6146.8 -9869.8 -15.1 108 0 12.5 18.2 7.5 2.5 2 1 3 3 3
-6115.2 -9858.9 -15.1 110 0 18.8 39.7 17.5 2.5 2 1 7 3 3
-6137.1 -9904.7 -15.2 115 0 12.1 31.1 10.0 2.5 2 1 4 0 0
-6200.0 -9899.2 -15.0 23 0 24.8 132.0 10.0 0.0 0 1 4 1 1
-6279.1 -9692.9 -12.4 198 0 17.0 15.5 10.0 2.5 2 0 4 3 3
-6274.9 -9655.5 -12.1 203 0 24.9 26.5 15.0 0.0 0 1 6 3 3
-6215.6 -9612.7 -12.1 206 0 30.4 9.2 7.5 0.0 0 0 3 4 4
-6492.9 -9948.4 -13.9 204 0 77.6 11.5 12.5 2.5 2 0 5 5 5
-6564.8 -10119.2 -12.5 206 0 43.3 31.9 10.0 0.0 0 0 4 0 0
-6659.9 -10351.6 -13.0 187 0 10.6 32.0 7.5 2.5 2 1 3 4 4
-6632.0 -10388.3 -13.1 201 0 28.2 13.9 10.0 2.5 2 0 4 3 3
-6631.5 -10498.5 -13.4 115 0 26.3 15.6 7.5 0.0 0 0 3 3 3
-6612.6 -10462.8 -13.3 114 0 8.4 43.1 7.5 2.5 2 1 3 0 0
-6558.1 -10493.2 -13.4 112 0 13.4 40.2 10.0 2.5 2 1 4 2 2
-6496.4 -10439.1 -13.3 113 0 12.9 46.1 7.5 2.5 2 1 3 2 2
-6754.8 -10740.3 -15.1 112 0 97.7 118.1 10.5 0.0 0 1 3 3 3
-6586.6 -10777.5 -16.3 114 0 36.8 36.4 10.5 0.0 0 0 3 3 3
-6605.7 -10808.2 -15.1 114 0 36.4 21.5 10.5 0.0 0 0 3 4 4
-6598.9 -10629.9 -14.0 294 0 21.4 19.8 10.5 3.5 2 0 3 5 5
