-720.6 8596.2 -8.5 221 0 71.7 144.2 5.0 0.0 0 1 2 3 3
-626.4 8295.9 -8.5 220 0 86.1 141.0 10.0 0.0 0 1 4 2 2
-833.7 8180.6 -10.3 40 0 143.5 72.6 7.5 0.0 0 0 3 0 0
-699.3 8769.2 -8.3 24 0 91.3 26.6 12.5 0.0 0 0 5 3 3
-776.6 8531.0 -9.0 221 0 72.4 143.4 10.0 0.0 0 1 4 0 0
-3206.8 8819.0 -9.3 358 0 76.7 10.7 10.0 2.5 2 0 4 5 5
-384.7 8026.1 -5.8 131 0 48.3 81.4 10.0 0.0 0 1 4 4 4
5686.9 4319.0 -3.8 227 0 341.6 78.0 7.5 0.0 0 0 3 0 0
4429.3 3084.4 -3.5 257 0 37.0 85.8 7.5 0.0 0 1 3 2 2
5562.2 4041.2 -3.6 47 0 149.9 30.0 5.0 0.0 0 0 2 1 1
4818.6 3280.9 -4.3 78 0 72.8 160.0 7.5 0.0 0 1 3 5 5
4474.7 3095.3 -3.6 258 0 36.8 86.7 10.0 0.0 0 1 4 0 0
5462.7 4107.5 -3.6 227 0 214.7 78.1 7.5 0.0 0 0 3 5 5
4519.8 3105.4 -3.7 257 0 36.8 86.8 15.0 0.0 0 1 6 0 0
4565.4 3115.1 -3.7 257 0 36.8 85.9 7.5 0.0 0 1 3 0 0
4384.4 4502.1 -7.2 155 0 95.4 28.2 10.0 0.0 0 0 4 1 1
4610.8 3125.6 -3.8 258 0 36.5 87.0 7.5 0.0 0 1 3 1 1
5210.3 -1918.1 2.6 277 0 12.6 40.0 7.5 2.5 2 1 3 0 0
5190.5 -1896.2 2.4 277 0 14.3 59.2 10.0 2.5 2 1 4 4 4
5224.9 -1960.7 2.6 98 0 12.3 40.4 5.0 2.5 2 1 2 1 1
5234.2 -1900.6 2.3 276 0 32.2 8.8 7.5 2.5 2 0 3 1 1
4866.8 -2656.0 -0.3 188 0 28.6 8.5 5.0 2.5 2 0 2 1 1
4894.5 -2707.7 -1.0 100 0 8.7 12.5 2.5 2.5 2 1 1 3 3
4901.3 -2646.9 -0.4 275 0 9.0 33.2 7.5 2.5 2 1 3 5 5
4842.2 -2950.3 0.1 113 0 7.2 32.0 7.5 2.5 2 1 3 0 0
4945.7 -2642.0 -0.2 274 0 16.7 37.9 5.0 0.0 0 1 2 4 4
4949.3 -2743.1 -1.7 93 0 57.7 23.5 10.0 2.5 2 0 4 1 1
5011.4 -2626.6 -0.9 270 0 19.1 48.9 7.5 0.0 0 1 3 3 3
4941.1 -2321.0 1.9 177 0 61.9 79.2 10.0 0.0 0 1 4 5 5
4426.2 3347.3 -3.7 259 0 8.1 43.6 7.5 2.5 2 1 3 2 2
4482.1 4547.6 -7.1 335 0 94.8 26.8 10.0 0.0 0 0 4 2 2
4866.5 4597.7 -7.1 254 0 27.6 142.0 15.0 0.0 0 1 6 1 1
4602.2 4512.8 -5.8 65 0 15.4 28.8 10.0 2.5 2 1 4 4 4
4886.5 4297.0 -2.8 146 0 65.6 28.3 10.0 0.0 0 0 4 4 4
4903.6 4608.7 -6.4 254 0 28.8 142.6 10.0 0.0 0 1 4 5 5
4519.7 4618.8 -5.5 245 0 20.6 95.6 7.5 0.0 0 1 3 5 5
4945.5 4620.4 -6.0 254 0 36.9 134.9 12.5 0.0 0 1 5 0 0
4899.0 4629.1 -6.3 74 0 27.7 142.2 10.0 0.0 0 1 4 1 1
4559.4 4312.7 -2.4 245 0 47.0 7.6 7.5 2.5 2 0 3 2 2
4471.4 4452.4 -7.4 65 0 26.9 129.8 10.0 0.0 0 1 4 0 0
4610.0 4494.9 -2.6 245 0 15.0 29.1 10.0 2.5 2 1 4 4 4
3642.3 5779.6 -2.3 70 0 11.9 31.6 10.0 2.5 4 1 4 0 0
5008.2 4337.3 -2.9 56 0 17.2 60.5 7.5 2.5 2 1 3 2 2
4309.8 3682.7 -3.9 349 0 87.6 40.1 7.5 0.0 0 0 3 4 4
4415.2 3482.5 -3.9 79 0 87.3 48.4 5.0 0.0 0 0 2 5 5
4503.2 4539.2 -5.9 155 0 130.7 27.2 7.5 0.0 0 0 3 3 3
4373.2 3540.7 -3.9 79 0 30.2 87.3 12.5 0.0 0 1 5 3 3
4828.8 4587.3 -7.0 254 0 27.9 142.0 10.0 0.0 0 1 4 5 5
4640.4 3719.4 -3.7 169 0 36.2 16.1 10.0 2.5 2 0 4 1 1
4581.0 4594.7 -6.6 335 0 94.9 20.9 12.5 0.0 0 0 5 0 0
4603.1 4316.5 -2.4 155 0 30.0 97.0 10.0 0.0 0 1 4 4 4
4961.7 4306.9 -2.8 56 0 53.3 64.2 10.0 0.0 0 1 4 5 5
4860.8 4618.3 -6.1 75 0 27.5 141.5 10.0 0.0 0 1 4 5 5
4330.2 3577.0 -3.8 349 0 88.1 39.2 10.0 0.0 0 0 4 1 1
4510.1 4288.9 -2.3 244 0 42.5 7.1 7.5 2.5 2 0 3 0 0
4604.6 4270.9 -2.4 335 0 12.3 73.8 10.0 2.5 2 1 4 5 5
4659.5 4425.6 -2.5 335 0 96.0 21.1 10.0 0.0 0 0 4 2 2
4506.7 3880.8 -3.5 258 0 41.1 29.9 10.0 0.0 0 0 4 5 5
5024.6 4865.7 -6.9 344 0 31.9 38.3 7.5 0.0 0 1 3 4 4
4426.5 4431.3 -2.2 64 0 14.3 27.6 5.0 2.5 2 1 2 0 0
4435.0 4411.9 -2.2 245 0 14.8 28.1 10.0 2.5 4 1 4 4 4
4506.5 4445.7 -2.3 245 0 14.7 28.6 10.0 2.5 2 1 4 0 0
3615.7 5834.6 -3.2 159 0 30.4 12.5 7.5 2.5 2 0 3 2 2
4329.3 3482.0 -3.8 79 0 39.7 43.7 7.5 0.0 0 1 3 4 4
4429.5 3597.0 -4.0 349 0 87.4 30.5 7.5 0.0 0 0 3 3 3
6822.2 3552.9 -5.2 297 0 9.4 61.1 7.5 2.5 2 1 3 5 5
4362.2 3846.9 -4.1 169 0 62.0 16.4 10.0 0.0 0 0 4 2 2
4867.4 3759.5 -2.9 345 0 90.0 24.0 10.0 0.0 0 0 4 0 0
4969.4 4296.3 -2.9 236 0 54.1 64.6 10.0 0.0 0 1 4 4 4
4698.3 4473.0 -2.7 155 0 48.8 18.3 7.5 2.5 2 0 3 5 5
4700.3 4296.3 -2.5 65 0 15.1 28.9 7.5 2.5 2 1 3 2 2
4479.8 4433.9 -2.4 245 0 26.9 130.0 10.0 0.0 0 1 4 0 0
3669.1 5839.6 -3.1 340 0 61.8 12.2 15.0 2.5 4 0 6 3 3
4573.4 3479.2 -4.1 171 0 37.7 15.3 10.0 2.5 2 0 4 3 3
4498.2 4464.6 -2.6 65 0 14.3 28.3 10.0 2.5 2 1 4 0 0
4447.6 3872.4 -4.2 258 0 63.0 72.2 10.0 0.0 0 1 4 3 3
4677.4 4524.2 -5.9 164 0 38.4 22.1 12.5 0.0 0 0 5 2 2
4593.2 4296.4 -2.4 335 0 22.1 99.4 15.0 0.0 0 1 6 5 5
3679.2 5918.0 -3.3 341 0 64.7 12.0 10.0 2.5 2 0 4 3 3
4907.2 4438.9 -2.7 74 0 20.8 15.5 7.5 2.5 2 0 3 5 5
4353.1 3647.0 -3.9 79 0 30.4 87.3 10.0 0.0 0 1 4 1 1
4792.2 4397.4 -2.6 75 0 13.1 19.8 10.0 2.5 2 1 4 3 3
4311.7 3775.1 -4.0 169 0 18.2 79.6 12.5 2.5 2 1 5 1 1
5552.5 1999.2 -4.2 180 0 241.8 99.8 10.0 0.0 0 0 4 5 5
4810.5 2899.1 -3.9 167 0 44.4 9.2 7.5 2.5 2 0 3 4 4
4725.5 2882.7 -3.8 347 0 57.2 20.8 10.0 2.5 2 0 4 5 5
4495.7 4296.5 -2.3 65 0 27.6 95.8 7.5 0.0 0 1 3 2 2
5020.6 4773.6 -6.9 74 0 16.0 59.7 10.0 2.5 2 1 4 4 4
4802.6 3731.4 -2.9 165 0 111.0 30.8 7.5 0.0 0 0 3 4 4
4485.5 3442.7 -3.9 171 0 80.2 36.9 10.0 0.0 0 0 4 3 3
4578.5 4479.3 -2.3 245 0 14.4 28.1 7.5 2.5 2 1 3 3 3
4620.6 4273.9 -2.4 155 0 31.1 64.4 10.0 0.0 0 1 4 3 3
3731.1 5755.0 -2.7 70 0 11.9 61.5 12.5 2.5 2 1 5 5 5
4566.5 4402.4 -2.4 155 0 129.9 27.4 10.0 0.0 0 0 4 4 4
3691.5 5757.5 -2.4 70 0 11.8 46.0 10.0 0.0 0 1 4 2 2
4367.3 3459.8 -3.8 260 0 17.9 80.7 10.0 2.5 2 1 4 2 2
4839.8 4442.7 -2.6 74 0 10.2 25.6 10.0 2.5 2 1 4 1 1
5602.3 1637.1 -4.0 90 0 99.2 231.0 10.0 0.0 0 1 4 0 0
4597.9 4450.2 -2.5 245 0 21.2 95.7 7.5 0.0 0 1 3 2 2
3600.6 5877.0 -3.2 161 0 31.4 11.9 10.0 2.5 2 0 4 3 3
4873.1 4429.0 -2.7 74 0 28.1 15.0 7.5 2.5 2 0 3 1 1
3629.8 5934.8 -3.3 251 0 11.8 64.3 7.5 2.5 2 1 3 3 3
4529.2 3462.9 -4.0 171 0 56.6 35.4 7.5 0.0 0 0 3 4 4
4570.7 4497.8 -4.9 65 0 14.6 28.6 17.5 0.0 0 1 7 4 4
4926.8 2894.9 -4.1 78 0 56.0 147.3 7.5 0.0 0 1 3 5 5
3703.8 5851.4 -2.8 341 0 61.4 12.2 10.0 2.5 2 0 4 3 3
4707.5 2914.2 -3.8 78 0 19.1 59.5 5.0 2.5 2 1 2 2 2
4823.2 4607.5 -6.3 74 0 27.6 142.4 10.0 0.0 0 1 4 0 0
4409.4 3702.4 -4.0 349 0 86.8 30.7 7.5 0.0 0 0 3 3 3
4657.2 3682.1 -3.8 229 0 14.5 28.9 10.0 2.5 2 1 4 2 2
6936.5 3571.1 -5.2 12 0 11.6 76.9 10.0 2.5 4 1 4 1 1
4561.2 4380.4 -2.4 335 0 94.9 27.0 10.0 0.0 0 0 4 3 3
4897.3 2604.5 -3.8 78 0 16.5 55.7 10.0 2.5 2 1 4 1 1
4936.3 4638.5 -6.0 74 0 16.2 95.9 7.5 0.0 0 1 3 2 2
4782.3 2371.4 -3.4 78 0 100.5 33.5 10.0 0.0 0 0 4 2 2
