6160.2 -9010.6 -8.5 188 0 25.2 21.8 5.0 2.5 2 0 2 4 4
6231.1 -9021.8 -8.6 10 0 24.7 25.0 10.0 0.0 0 1 4 5 5
1943.7 -8294.0 -3.5 5 0 70.6 21.3 5.0 2.5 2 0 2 3 3
6767.5 -10167.7 -10.1 100 0 16.3 34.7 10.0 2.5 2 1 4 2 2
1917.5 -8456.4 -3.5 293 0 45.7 25.7 10.0 0.0 0 0 4 1 1
6818.7 -9960.4 -10.0 9 0 68.6 19.5 12.5 2.5 2 0 5 4 4
5474.2 -5210.5 -3.3 25 0 29.2 12.4 7.5 0.0 0 0 3 2 2
5486.7 -5235.2 -3.3 115 0 11.6 32.3 10.0 2.5 2 1 4 1 1
4753.4 -5906.7 -3.6 239 0 13.4 25.7 12.5 2.5 2 1 5 5 5
4771.4 -5948.4 -3.5 152 0 26.0 12.6 10.0 2.5 2 0 4 1 1
6933.7 9658.5 -12.8 228 0 133.7 22.2 12.5 0.0 0 0 5 4 4
6836.2 10180.0 -10.0 181 0 37.6 14.0 7.5 2.5 2 0 3 2 2
6927.8 10245.6 -11.7 1 0 40.9 14.0 5.0 2.5 2 0 2 5 5
6916.6 10182.4 -11.2 1 0 40.9 14.0 7.5 2.5 2 0 3 5 5
6939.0 10208.8 -11.7 181 0 37.6 14.0 7.5 2.5 2 0 3 5 5
6938.6 10010.5 -10.7 94 0 13.0 32.9 15.0 0.0 0 1 6 5 5
6867.8 9984.2 -11.5 322 0 34.1 18.9 10.0 0.0 0 0 4 1 1
6843.0 10016.2 -11.1 322 0 34.1 18.9 10.0 0.0 0 0 4 5 5
6814.3 10052.3 -10.3 322 0 34.1 18.9 10.0 0.0 0 0 4 0 0
6843.6 9951.7 -11.8 52 0 18.9 34.1 10.0 0.0 0 1 4 5 5
6814.3 10002.8 -11.4 322 0 34.1 18.9 10.0 0.0 0 0 4 5 5
6767.7 10049.6 -10.5 232 0 18.9 34.1 10.0 0.0 0 1 4 0 0
6795.1 9933.3 -12.4 70 0 18.9 34.2 10.0 0.0 0 1 4 2 2
6759.5 10001.7 -11.7 232 0 18.9 34.1 10.0 0.0 0 1 4 3 3
6735.9 10035.5 -10.9 232 0 18.9 34.1 12.5 0.0 0 1 5 0 0
6757.4 9921.2 -12.8 70 0 18.9 34.1 7.5 0.0 0 1 3 4 4
6730.7 9992.2 -12.1 250 0 18.9 34.2 12.5 0.0 0 1 5 2 2
6727.3 9915.2 -13.0 70 0 18.9 34.2 7.5 0.0 0 1 3 5 5
6699.3 9987.5 -12.1 250 0 18.9 34.2 10.0 0.0 0 1 4 1 1
6701.0 9909.2 -13.2 70 0 18.9 34.1 7.5 0.0 0 1 3 0 0
6653.8 9900.2 -13.5 78 0 41.6 59.6 10.0 0.0 0 1 4 2 2
1488.6 -10368.4 -7.6 290 0 12.3 52.2 10.0 2.5 2 1 4 2 2
1412.8 -10522.6 -7.8 104 0 14.4 65.1 12.5 2.5 4 1 5 5 5
1379.4 -10367.6 -7.6 280 0 11.8 51.7 7.5 2.5 2 1 3 3 3
1524.1 -10355.1 -7.6 291 0 25.8 25.8 7.5 0.0 0 1 3 1 1
1494.3 -10493.9 -7.8 18 0 65.3 13.3 5.0 0.0 0 0 2 1 1
1431.0 -10365.8 -7.6 271 0 50.7 10.0 5.0 2.5 2 0 2 1 1
1353.3 -10525.1 -7.8 93 0 14.1 66.5 7.5 0.0 0 1 3 4 4
961.5 -10742.7 -7.9 185 0 27.3 10.1 7.5 0.0 0 0 3 2 2
1348.8 -10604.5 -7.9 279 0 26.2 7.5 7.5 2.5 2 0 3 4 4
1025.1 -10696.1 -7.9 2 0 27.4 10.5 10.0 2.5 2 0 4 4 4
1027.2 -10662.6 -7.8 10 0 7.4 28.4 5.0 0.0 0 1 2 2 2
1448.1 -10646.8 -8.0 197 0 41.3 12.3 10.0 2.5 2 0 4 1 1
1334.3 -10687.8 -8.0 100 0 28.2 7.1 2.5 2.5 4 0 1 2 2
1419.1 -10693.9 -8.0 197 0 41.3 12.8 10.0 2.5 2 0 4 3 3
1392.6 -10613.5 -7.9 292 0 12.8 45.0 7.5 2.5 2 1 3 2 2
1022.2 -10749.5 -8.0 2 0 27.1 10.8 7.5 2.5 2 0 3 5 5
1271.5 -6996.8 -2.4 270 0 31.2 97.4 10.0 0.0 0 1 4 2 2
1368.1 -10692.3 -8.0 111 0 10.7 26.7 10.0 2.5 2 1 4 0 0
1265.4 -10591.6 -7.8 279 0 11.4 27.1 10.0 2.5 4 1 4 3 3
1428.8 -10755.7 -8.1 17 0 42.4 12.5 7.5 2.5 2 0 3 0 0
969.4 -7338.5 -2.4 195 0 29.3 60.3 10.0 0.0 0 1 4 1 1
1235.9 -10775.5 -8.1 99 0 10.5 27.1 10.0 2.5 2 1 4 1 1
1306.7 -10613.3 -7.9 189 0 27.2 11.6 7.5 2.5 2 0 3 5 5
1465.2 -8257.4 -3.8 16 0 26.0 29.8 7.5 0.0 0 1 3 5 5
1248.5 -10673.4 -7.9 98 0 11.1 33.2 10.0 2.5 2 1 4 5 5
1173.3 -10488.6 -7.7 187 0 70.2 14.3 10.0 2.5 2 0 4 3 3
1297.5 -10453.3 -7.6 280 0 13.9 72.6 10.0 2.5 2 1 4 4 4
1238.5 -10528.9 -7.8 90 0 14.8 72.0 10.0 2.5 2 1 4 2 2
3140.8 -9713.4 -7.1 12 0 8.0 27.0 5.0 2.5 2 1 2 0 0
1197.5 -10389.0 -7.5 96 0 11.2 34.1 10.0 2.5 2 1 4 3 3
1264.8 -10374.4 -7.5 0 0 25.1 16.2 12.5 2.5 4 0 5 0 0
1261.0 -10421.4 -7.6 0 0 25.1 16.2 10.0 2.5 2 0 4 2 2
5463.7 -5324.4 -3.1 16 0 27.4 11.2 10.0 2.5 2 0 4 4 4
5446.4 -5354.1 -3.0 284 0 11.8 27.3 10.0 2.5 2 1 4 0 0
5451.0 -5298.3 -3.1 15 0 19.2 12.8 10.0 2.5 2 0 4 3 3
5436.8 -5340.8 -3.0 16 0 20.7 13.6 10.0 0.0 0 0 4 2 2
5493.4 -5294.0 -3.1 200 0 18.6 17.0 7.5 2.5 4 0 3 5 5
5463.1 -5252.8 -3.2 23 0 21.1 14.0 7.5 2.5 2 0 3 5 5
5485.7 -5319.2 -3.0 197 0 17.9 16.1 7.5 2.5 2 0 3 5 5
5488.6 -5948.4 -3.5 194 0 17.8 17.9 12.5 2.5 2 1 5 2 2
5495.1 -5790.0 -3.6 330 0 21.0 13.3 10.0 2.5 2 0 4 4 4
5401.5 -5226.8 -3.3 23 0 20.8 13.6 7.5 2.5 2 0 3 3 3
5514.7 -5827.4 -3.5 333 0 20.8 13.4 10.0 2.5 2 0 4 5 5
5472.0 -5370.4 -2.8 193 0 17.6 16.4 7.5 0.0 0 0 3 2 2
5435.5 -5211.5 -3.3 115 0 10.2 31.6 7.5 0.0 0 1 3 0 0
5421.5 -5185.8 -3.3 24 0 28.0 11.3 5.0 2.5 2 0 2 5 5
5478.1 -5344.5 -2.9 194 0 18.2 17.2 5.0 2.5 4 0 2 1 1
5432.7 -5240.6 -3.2 23 0 20.4 13.4 10.0 2.5 2 0 4 3 3
5505.0 -5268.6 -3.1 206 0 17.3 16.5 10.0 2.5 2 0 4 0 0
5158.5 -5553.9 -2.9 102 0 11.7 12.3 10.0 2.5 2 1 4 4 4
5520.9 -5910.4 -3.4 9 0 20.5 14.1 7.5 2.5 2 0 3 4 4
5533.4 -5957.0 -3.5 282 0 17.9 18.7 10.0 2.5 4 1 4 2 2
5529.3 -5868.7 -3.6 359 0 20.4 14.3 10.0 2.5 2 0 4 4 4
5524.8 -5249.5 -3.2 201 0 17.4 16.8 10.0 2.5 2 0 4 1 1
5467.4 -5293.8 -3.1 111 0 11.2 27.5 7.5 0.0 0 1 3 5 5
6231.7 -9072.6 -8.6 11 0 31.5 31.0 10.0 0.0 0 0 4 0 0
-1686.3 9857.1 -8.9 285 0 85.3 17.7 7.5 2.5 2 0 3 5 5
-1502.5 9338.3 -8.1 109 0 43.2 89.1 10.0 0.0 0 1 4 3 3
-1557.7 9481.1 -8.3 109 0 16.1 63.7 15.0 2.5 2 1 6 5 5
-1535.1 9807.2 -7.9 15 0 18.3 86.4 7.5 2.5 2 1 3 2 2
-2284.2 10071.3 -8.8 299 0 68.0 13.3 10.0 2.5 2 0 4 5 5
-1556.4 9357.9 -7.5 109 0 43.3 88.3 5.0 0.0 0 1 2 3 3
-1562.8 9443.8 -7.8 18 0 16.3 10.0 7.5 2.5 2 0 3 0 0
-2038.4 9882.8 -8.2 108 0 30.2 88.5 12.5 0.0 0 1 5 1 1
-1973.2 9862.2 -8.4 109 0 15.0 87.8 10.0 2.5 2 1 4 0 0
-1423.9 9467.4 -8.2 199 0 51.4 19.5 10.0 2.5 2 0 4 0 0
-1781.9 10027.8 -8.8 360 0 42.9 8.6 7.5 2.5 2 0 3 2 2
5282.8 -6359.6 -3.8 180 0 18.2 16.9 7.5 2.5 2 0 3 3 3
5061.6 -6658.4 -4.0 19 0 14.6 34.8 7.5 2.5 2 1 3 0 0
5570.9 -5847.3 -3.8 178 0 19.2 16.3 7.5 2.5 2 0 3 0 0
5569.4 -5897.9 -3.8 183 0 19.3 16.1 10.0 2.5 2 0 4 1 1
5325.5 -6422.5 -4.0 74 0 16.9 19.1 12.5 2.5 2 1 5 4 4
5261.8 -5745.1 -2.9 343 0 27.8 10.0 7.5 2.5 2 0 3 1 1
5544.9 -5793.5 -3.4 150 0 18.2 17.3 10.0 2.5 2 0 4 3 3
4859.9 -5932.3 -3.6 153 0 33.4 9.8 7.5 2.5 2 0 3 3 3
5289.0 -6400.7 -3.9 170 0 18.4 15.9 10.0 2.5 2 0 4 2 2
5570.5 -5872.4 -3.8 183 0 19.4 16.1 7.5 2.5 2 0 3 5 5
5328.9 -6376.7 -3.9 354 0 18.8 16.2 5.0 2.5 2 0 2 5 5
5246.7 -5706.8 -2.8 341 0 27.4 10.3 7.5 2.5 2 0 3 5 5
5533.5 -5769.9 -3.5 154 0 19.9 16.1 12.5 2.5 2 0 5 4 4
5277.9 -5715.6 -2.9 339 0 17.2 15.6 7.5 0.0 0 0 3 3 3
4838.3 -5894.8 -3.5 153 0 31.8 10.9 7.5 2.5 2 0 3 4 4
5521.6 -5746.5 -3.5 155 0 19.3 16.1 12.5 2.5 2 0 5 5 5
4842.4 -5963.2 -3.6 155 0 9.7 21.2 7.5 2.5 2 1 3 5 5
5294.3 -6435.3 -4.0 172 0 9.9 20.5 5.0 2.5 4 1 2 1 1
5252.3 -5673.0 -2.8 248 0 16.1 16.7 7.5 2.5 2 1 3 3 3
5266.6 -5785.2 -3.0 354 0 27.0 10.8 10.0 2.5 2 0 4 5 5
5294.7 -5803.7 -3.0 355 0 16.3 17.8 7.5 2.5 2 1 3 0 0
4808.5 -5877.7 -3.5 238 0 17.6 18.5 7.5 2.5 2 1 3 3 3
2144.9 -6156.5 -1.3 26 0 12.7 42.0 7.5 0.0 0 1 3 4 4
1904.9 -5834.5 -0.8 91 0 13.4 47.2 7.5 2.5 2 1 3 3 3
5290.5 -5762.1 -2.9 354 0 16.5 17.3 7.5 2.5 2 1 3 2 2
2166.8 -5835.4 -0.9 91 0 12.9 47.5 12.5 2.5 2 1 5 0 0
4826.7 -5924.8 -3.5 153 0 18.5 16.5 10.0 0.0 0 0 4 5 5
5270.4 -5826.2 -3.0 354 0 27.6 10.5 12.5 2.5 2 0 5 2 2
2146.1 -6054.8 -1.2 180 0 53.6 15.7 10.0 2.5 2 0 4 1 1
2166.5 -5952.6 -1.0 90 0 12.5 42.8 10.0 2.5 2 1 4 3 3
5212.0 -9444.1 -8.7 187 0 8.5 38.5 7.5 2.5 2 1 3 3 3
-6705.2 -3102.0 -4.3 45 0 40.1 27.2 7.5 0.0 0 0 3 1 1
-6593.9 -3124.2 -3.9 315 0 52.1 13.8 10.0 2.5 2 0 4 2 2
-6743.2 -3378.5 -2.7 135 0 51.3 14.1 12.5 2.5 2 0 5 0 0
-6582.7 -3425.8 -3.0 317 0 27.3 35.5 7.5 0.0 0 1 3 5 5
-4344.9 -8864.6 -6.9 270 0 17.4 45.6 7.5 2.5 2 1 3 2 2
-4377.8 -8867.9 -6.9 1 0 22.7 26.2 7.5 2.5 2 1 3 4 4
-4378.9 -8913.1 -7.0 358 0 14.4 25.4 7.5 2.5 2 1 3 5 5
-5198.2 -7278.1 -6.1 0 0 26.4 15.9 7.5 2.5 2 0 3 2 2
-5302.8 -7300.2 -5.9 358 0 13.1 5.6 5.0 2.5 4 0 2 0 0
-5261.2 -7375.8 -6.2 89 0 15.5 33.6 7.5 0.0 0 0 3 3 3
-4808.3 -8052.1 -6.7 270 0 39.7 5.9 8.0 2.5 2 0 2 2 2
-4833.9 -8070.7 -6.7 181 0 25.5 5.5 8.0 2.5 2 0 2 1 1
-4813.4 -8189.2 -6.9 90 0 19.4 10.4 8.0 2.5 2 0 2 0 0
-4456.8 -8528.1 -6.9 271 0 41.8 47.1 7.5 0.0 0 1 3 3 3
-4445.6 -8628.1 -6.9 270 0 14.4 77.4 7.5 2.5 2 1 3 0 0
-4465.7 -8498.1 -6.9 89 0 61.1 52.4 7.5 0.0 0 0 3 5 5
-4457.9 -8367.6 -6.8 91 0 44.3 175.8 7.5 0.0 0 1 3 1 1
-5068.1 -8457.4 -7.4 181 0 25.9 16.9 7.5 2.5 2 0 3 5 5
-4692.1 -8672.7 -7.1 271 0 22.8 39.0 7.5 0.0 0 1 3 5 5
-4765.3 -8654.7 -7.2 271 0 71.4 55.0 10.0 0.0 0 0 4 4 4
-4861.9 -8008.7 -6.7 181 0 97.8 34.4 12.5 0.0 0 0 5 0 0
-4716.1 -6168.6 -4.5 179 0 48.4 13.4 10.0 2.5 2 0 4 0 0
-4985.3 -6464.0 -5.0 358 0 48.3 22.1 7.5 0.0 0 0 3 2 2
-4481.6 -5593.3 -4.3 268 0 139.8 59.4 10.0 0.0 0 0 4 1 1
-4462.4 -5394.7 -4.5 269 0 121.3 60.9 7.5 0.0 0 0 3 1 1
-4410.2 -5119.9 -3.7 360 0 50.8 39.2 12.5 0.0 0 0 5 4 4
-5395.2 -6479.7 -5.1 186 0 53.8 20.6 7.5 2.5 2 0 3 1 1
-5589.7 -6151.0 -4.4 358 0 107.8 126.6 7.5 0.0 0 1 3 0 0
-5767.3 -6888.7 -4.9 270 0 9.2 47.3 7.5 2.5 4 1 3 4 4
-5680.3 -7072.6 -5.1 1 0 16.2 14.3 5.0 2.5 2 0 2 1 1
-5718.8 -7065.7 -5.1 180 0 30.9 10.6 10.0 2.5 2 0 4 4 4
-5717.8 -6957.1 -5.0 90 0 18.2 37.8 7.5 2.5 4 1 3 1 1
-5681.5 -6999.7 -5.0 0 0 56.7 12.3 12.5 2.5 2 0 5 1 1
-5645.5 -6877.8 -5.0 270 0 31.7 55.0 7.5 0.0 0 1 3 2 2
-5500.3 -6976.9 -5.2 91 0 29.7 83.8 12.5 0.0 0 1 5 1 1
-5453.1 -6976.9 -5.3 89 0 38.2 38.2 7.5 0.0 0 1 3 4 4
-5316.4 -6914.9 -5.3 6 0 49.0 21.9 10.0 2.5 2 0 4 0 0
-5330.3 -6976.5 -5.4 99 0 13.4 27.1 10.0 2.5 2 1 4 2 2
-5366.2 -5914.7 -4.1 268 0 21.7 50.1 10.0 0.0 0 1 4 1 1
-5355.9 -6034.1 -4.1 1 0 48.9 22.2 7.5 0.0 0 0 3 1 1
-5421.2 -5912.6 -4.1 269 0 60.2 147.4 12.5 0.0 0 1 5 4 4
