-6251.9 -1059.5 -5.4 182 0 64.1 11.9 5.0 2.5 2 0 2 5 5
-1644.3 167.4 -5.3 81 0 13.3 30.1 10.5 3.5 2 1 3 3 3
-2734.4 -2439.6 -11.8 102 0 14.9 39.1 10.0 2.5 2 1 4 1 1
-5468.4 -8999.7 2.0 82 0 9.5 64.1 5.0 2.5 2 1 2 4 4
-3608.9 5584.7 -5.0 111 0 12.6 40.2 5.0 2.5 2 1 2 1 1
-2289.9 4473.1 -12.2 84 0 305.9 119.7 12.5 0.0 0 0 5 5 5
-3753.7 5211.8 -5.7 264 0 48.3 168.2 10.0 0.0 0 1 4 4 4
-3847.4 4732.2 -3.0 85 0 33.7 83.3 7.5 0.0 0 1 3 4 4
-2935.7 5146.7 -10.3 173 0 93.0 48.4 7.5 0.0 0 0 3 3 3
-3498.5 5385.9 -6.4 89 0 90.2 240.1 12.5 0.0 0 1 5 1 1
-3640.0 4101.4 -7.2 27 0 174.6 91.5 10.0 0.0 0 0 4 3 3
-2438.4 5027.7 -13.1 264 0 139.1 419.4 10.0 0.0 0 1 4 3 3
-3507.2 5347.0 -6.8 264 0 71.5 71.3 12.5 0.0 0 0 5 1 1
-2259.5 5043.6 -11.6 264 0 135.0 421.3 10.0 0.0 0 1 4 0 0
-2510.8 5307.6 -11.5 355 0 77.2 16.6 10.0 2.5 2 0 4 0 0
-4212.9 3334.7 -6.1 19 0 25.9 13.2 7.5 2.5 2 0 3 5 5
-3089.0 4401.6 -7.4 85 0 24.5 86.8 10.0 0.0 0 1 4 3 3
-3264.7 3213.5 -2.2 85 0 24.8 160.7 10.0 0.0 0 1 4 2 2
-2499.6 5182.4 -12.4 354 0 44.4 16.2 7.5 2.5 2 0 3 3 3
-3053.5 4404.1 -7.7 85 0 24.8 87.3 10.0 0.0 0 1 4 3 3
-4293.2 3250.4 -6.5 110 0 15.5 66.0 10.0 2.5 2 1 4 3 3
-3019.3 4407.1 -7.9 85 0 24.7 87.1 12.5 0.0 0 1 5 5 5
-4194.2 3125.8 -5.7 110 0 11.4 42.2 7.5 2.5 2 1 3 0 0
-4251.2 3276.4 -6.4 19 0 53.9 12.2 7.5 2.5 2 0 3 5 5
-2931.1 4477.6 -8.6 355 0 86.3 30.1 10.0 0.0 0 0 4 5 5
4058.6 1674.0 -6.2 75 0 19.7 61.2 10.5 3.5 2 1 3 5 5
-4143.8 3104.5 -5.7 27 0 33.8 13.0 10.0 2.5 2 0 4 0 0
4025.0 1664.9 -5.9 75 0 25.9 61.2 10.5 3.5 2 1 3 0 0
-4261.0 3358.4 -6.3 289 0 12.7 25.1 10.0 2.5 2 1 4 3 3
-3159.0 4457.5 -7.2 175 0 50.3 41.5 7.5 0.0 0 0 3 5 5
-2982.6 4659.9 -8.7 265 0 39.8 71.3 5.0 0.0 0 1 2 2 2
-3813.5 4896.5 -4.0 264 0 41.7 41.6 10.0 0.0 0 0 4 0 0
-3329.0 3207.8 -1.8 85 0 25.3 160.0 7.5 0.0 0 1 3 1 1
