3685.9 -10680.7 -11.1 204 0 48.5 120.0 5.0 0.0 0 1 2 5 5
5267.5 -10701.9 -10.2 24 0 146.2 55.2 12.5 0.0 0 0 5 4 4
1204.1 -9130.8 -7.7 203 0 119.7 37.3 5.0 0.0 0 0 2 2 2
895.9 -10692.4 -9.4 88 0 11.1 40.4 10.0 2.5 2 1 4 3 3
5929.6 -9710.7 -8.6 204 0 52.3 117.4 12.5 0.0 0 1 5 0 0
6310.4 -10211.8 -11.1 204 0 43.7 106.3 10.0 0.0 0 1 4 3 3
6338.6 -10152.2 -10.8 204 0 65.5 47.5 7.5 0.0 0 0 3 5 5
1277.0 -8950.4 -7.4 204 0 191.4 59.4 7.5 0.0 0 0 3 2 2
1156.9 -9314.5 -8.0 205 0 38.8 24.3 10.0 0.0 0 0 4 5 5
1053.5 -9547.1 -8.3 114 0 14.8 40.6 10.0 2.5 2 1 4 3 3
1081.2 -9398.6 -8.1 205 0 60.6 17.3 7.5 2.5 4 0 3 2 2
6072.2 -9446.8 -12.6 166 0 22.7 61.4 12.5 2.5 2 1 5 4 4
3964.3 -10811.6 -11.5 114 0 18.1 31.2 7.5 2.5 2 1 3 4 4
1019.6 -9542.9 -8.3 115 0 13.4 43.0 7.5 2.5 2 1 3 3 3
5538.1 -9902.1 -6.6 23 0 24.0 12.2 10.0 2.5 2 0 4 3 3
1019.9 -9490.3 -8.2 203 0 9.7 34.9 7.5 2.5 2 1 3 0 0
5129.2 -9965.6 -9.3 295 0 62.6 107.8 12.5 0.0 0 1 5 4 4
1380.3 -9271.1 -7.9 23 0 66.3 23.0 7.5 2.5 2 0 3 0 0
5760.1 -10681.8 -17.5 205 0 116.3 103.6 10.0 0.0 0 0 4 3 3
898.7 -10747.2 -9.3 89 0 11.5 41.9 10.0 2.5 2 1 4 5 5
4888.2 -9811.1 -7.1 24 0 123.4 44.2 7.5 0.0 0 0 3 2 2
1185.3 -9236.6 -7.9 205 0 54.8 16.6 7.5 2.5 2 0 3 4 4
5544.1 -10084.8 -12.2 25 0 176.7 59.4 10.0 0.0 0 0 4 2 2
6552.7 -9967.2 -9.4 295 0 218.7 67.8 10.0 0.0 0 0 4 0 0
6436.1 -9586.5 -9.4 294 0 17.3 34.6 10.0 2.5 2 1 4 0 0
6480.1 -10193.5 -10.5 295 0 54.7 112.0 17.5 0.0 0 1 7 1 1
6662.9 -10311.7 -9.1 294 0 78.5 80.6 7.5 0.0 0 1 3 5 5
6377.3 -9787.6 -11.8 114 0 101.7 156.6 12.5 0.0 0 1 5 4 4
6551.2 -10258.7 -9.9 294 0 74.4 81.1 12.5 0.0 0 1 5 4 4
6429.8 -10411.9 -10.6 115 0 64.0 81.8 12.5 0.0 0 1 5 0 0
6374.0 -10384.1 -10.8 115 0 32.9 89.8 12.5 0.0 0 1 5 5 5
6552.1 -10458.2 -9.9 114 0 36.8 81.9 7.5 0.0 0 1 3 2 2
6703.2 -10452.6 -9.5 24 0 37.9 104.0 12.5 0.0 0 1 5 4 4
6327.9 -10364.1 -9.0 119 0 36.5 13.8 10.0 2.5 2 0 4 0 0
6396.8 -10078.3 -9.8 114 0 32.5 76.9 10.0 0.0 0 1 4 1 1
6448.2 -10100.8 -9.5 112 0 34.1 74.2 7.5 0.0 0 1 3 3 3
6497.8 -10119.3 -9.0 114 0 25.7 41.9 10.0 0.0 0 1 4 4 4
6626.7 -10179.8 -8.5 114 0 140.3 84.2 12.5 0.0 0 0 5 5 5
6715.5 -10040.3 -7.4 292 0 102.1 67.6 12.5 0.0 0 0 5 3 3
6717.3 -10228.1 -7.5 113 0 42.2 73.4 7.5 0.0 0 1 3 2 2
6752.9 -10115.4 -6.6 298 0 19.5 13.9 7.5 2.5 2 0 3 1 1
6761.7 -10096.3 -6.5 297 0 18.2 15.9 10.0 2.5 4 0 4 4 4
6785.5 -10106.3 -6.3 295 0 27.6 16.6 7.5 2.5 2 0 3 3 3
6847.2 -10084.7 -6.8 294 0 43.2 172.1 7.5 0.0 0 1 3 5 5
6790.4 -10071.0 -6.0 297 0 6.8 15.1 4.0 2.5 2 1 1 3 3
6809.8 -10065.5 -5.9 290 0 37.0 11.6 7.5 2.5 2 0 3 0 0
6776.7 -10039.2 -6.0 293 0 10.6 18.0 8.0 2.5 2 1 2 3 3
6733.2 -10024.1 -6.3 297 0 12.1 11.6 8.0 2.5 2 0 2 2 2
6612.5 -9975.5 -7.2 293 0 16.1 5.7 8.0 2.5 4 0 2 3 3
6288.2 -10247.9 -10.9 206 0 22.0 111.8 15.0 0.0 0 1 6 2 2
6359.1 -10355.0 -9.5 122 0 10.4 10.0 8.0 2.5 4 0 2 2 2
6264.6 -10299.7 -9.6 205 0 21.2 97.3 10.0 0.0 0 1 4 5 5
6275.5 -10346.1 -8.8 114 0 56.4 21.0 10.0 2.5 2 0 4 0 0
6486.9 -9875.6 -10.1 116 0 35.4 34.5 12.5 0.0 0 0 5 1 1
6498.8 -9809.1 -10.4 206 0 33.1 49.1 10.0 0.0 0 1 4 2 2
6519.1 -9762.9 -9.9 201 0 44.0 73.0 10.0 0.0 0 1 4 3 3
6546.5 -9901.7 -8.9 114 0 37.0 82.1 12.5 0.0 0 1 5 5 5
6665.2 -9952.4 -6.6 113 0 25.5 47.7 10.0 0.0 0 1 4 3 3
6720.0 -9919.6 -6.0 113 0 35.1 27.5 10.0 0.0 0 0 4 2 2
6779.8 -9807.3 -5.0 298 0 15.4 27.0 15.0 0.0 0 1 6 5 5
6712.2 -9780.2 -7.5 295 0 81.1 12.8 12.5 0.0 0 0 5 3 3
6604.9 -9579.3 -12.3 293 0 17.8 48.5 10.0 2.5 2 1 4 4 4
6605.9 -9687.5 -10.4 114 0 58.2 83.4 12.5 0.0 0 1 5 0 0
6677.9 -9591.0 -13.0 300 0 17.6 19.5 12.5 0.0 0 1 5 3 3
6757.6 -9729.1 -4.2 118 0 14.6 9.0 12.0 2.5 2 0 3 0 0
6819.1 -9595.2 -6.2 294 0 32.4 76.3 10.0 0.0 0 1 4 2 2
6928.0 -9806.4 -5.3 21 0 35.5 149.5 7.5 0.0 0 1 3 2 2
6872.4 -9620.8 -4.5 294 0 56.2 74.4 10.0 0.0 0 1 4 2 2
6937.0 -9651.5 -3.2 294 0 30.4 75.2 10.0 0.0 0 1 4 0 0
6942.5 -9735.5 -3.6 115 0 31.2 75.0 12.5 0.0 0 1 5 3 3
6860.3 -10046.8 -5.4 110 0 65.1 53.0 10.0 0.0 0 0 4 4 4
6935.8 -9878.6 -4.2 297 0 60.4 48.3 12.5 0.0 0 0 5 0 0
6377.9 -9835.4 -11.2 297 0 84.3 94.3 12.5 0.0 0 1 5 5 5
6247.2 -9781.3 -8.6 294 0 85.7 88.0 12.5 0.0 0 1 5 4 4
6086.2 -9809.6 -7.9 116 0 114.2 58.3 10.0 0.0 0 0 4 3 3
6108.6 -9891.3 -6.7 204 0 25.3 19.8 10.0 2.5 2 0 4 3 3
6118.8 -9861.6 -3.1 208 0 23.9 22.3 12.5 2.5 2 0 5 0 0
6143.3 -9871.0 -4.2 202 0 19.7 23.7 15.0 0.0 0 1 6 1 1
6171.2 -9881.6 -5.6 204 0 16.5 23.0 15.0 0.0 0 1 6 4 4
6196.4 -10067.8 -12.0 298 0 80.8 40.6 10.0 0.0 0 0 4 2 2
6031.4 -10069.7 -12.1 198 0 33.8 46.0 5.0 0.0 0 1 2 4 4
6930.8 -10141.8 -5.8 295 0 38.7 101.2 10.0 0.0 0 1 4 3 3
6889.4 -10307.8 -6.1 114 0 21.2 31.7 7.5 0.0 0 1 3 5 5
6894.2 -10438.3 -7.6 25 0 89.3 78.4 12.5 0.0 0 0 5 3 3
6926.6 -9547.4 -4.4 25 0 89.7 47.6 12.5 0.0 0 0 5 0 0
6846.2 -9546.6 -3.1 115 0 18.1 40.6 7.5 2.5 2 1 3 1 1
6237.2 -10412.8 -6.1 206 0 14.0 20.3 7.5 2.5 2 1 3 2 2
6386.6 -10500.5 -6.7 118 0 30.0 13.3 7.5 2.5 2 0 3 4 4
6618.9 -10632.8 -7.7 113 0 15.0 22.9 7.5 2.5 2 1 3 1 1
6473.8 -10636.9 -4.6 293 0 30.1 47.1 10.5 0.0 0 1 3 2 2
6427.1 -10588.7 -4.9 294 0 9.7 28.6 10.5 3.5 2 1 3 3 3
6340.2 -10555.5 -4.4 296 0 104.2 63.5 10.5 0.0 0 0 3 5 5
6276.6 -10522.8 -4.0 296 0 9.0 31.7 10.5 3.5 2 1 3 3 3
6270.3 -10621.3 -1.8 119 0 31.3 7.7 10.5 3.5 2 0 3 0 0
6240.5 -10109.8 -11.7 298 0 13.0 35.7 10.0 2.5 2 1 4 0 0
6265.5 -10160.3 -11.5 23 0 20.1 15.3 7.5 2.5 4 0 3 5 5
6137.6 -10324.4 -11.9 295 0 90.3 46.4 10.0 0.0 0 0 4 4 4
6080.6 -10461.9 -12.5 22 0 53.3 54.7 10.0 0.0 0 1 4 1 1
6053.3 -10596.4 -15.3 116 0 20.1 88.6 10.0 0.0 0 1 4 5 5
5991.8 -10569.1 -14.8 113 0 36.2 88.9 10.0 0.0 0 1 4 1 1
5974.9 -10617.9 -18.5 295 0 86.7 95.7 10.0 0.0 0 1 4 2 2
5888.4 -10807.9 -22.0 115 0 91.5 97.8 10.0 0.0 0 1 4 4 4
5706.0 -10647.0 -14.4 23 0 115.1 106.8 10.0 0.0 0 0 4 0 0
5485.9 -10564.4 -13.2 203 0 85.5 115.5 12.5 0.0 0 1 5 4 4
6020.0 -9954.3 -12.4 24 0 109.8 29.8 12.5 0.0 0 0 5 3 3
6067.8 -9849.9 -12.4 17 0 24.8 36.4 15.0 0.0 0 1 6 0 0
5957.9 -9933.0 -12.5 24 0 115.8 53.8 10.0 0.0 0 0 4 1 1
5815.7 -9929.8 -12.4 200 0 35.3 59.4 7.5 0.0 0 1 3 0 0
5866.1 -9896.2 -12.4 200 0 26.3 26.5 10.0 0.0 0 1 4 3 3
5802.9 -9973.9 -12.3 210 0 39.7 22.4 10.0 0.0 0 0 4 0 0
5912.9 -10035.2 -12.4 24 0 69.7 55.9 12.5 0.0 0 0 5 5 5
5888.5 -10088.7 -12.3 22 0 34.3 55.0 7.5 0.0 0 1 3 1 1
5835.1 -9982.2 -12.3 199 0 38.1 22.1 7.5 2.5 2 0 3 3 3
5737.4 -10133.7 -12.2 200 0 23.5 47.3 7.5 2.5 2 1 3 5 5
5709.6 -10168.4 -12.2 206 0 30.7 57.1 7.5 0.0 0 1 3 2 2
5701.9 -10207.2 -12.2 202 0 11.5 49.8 12.5 0.0 0 1 5 4 4
5679.1 -10247.7 -12.2 206 0 48.6 50.0 10.0 0.0 0 1 4 5 5
6255.8 -10795.0 -9.4 134 0 37.3 37.7 14.0 0.0 0 1 4 2 2
5532.8 -10825.6 -10.1 206 0 132.5 72.0 10.0 0.0 0 0 4 3 3
-2.5 -10817.7 -9.3 114 0 187.2 24.8 15.0 0.0 0 0 6 3 3
302.3 -10791.1 -9.0 114 0 17.8 58.6 7.5 2.5 4 1 3 3 3
-126.4 -10762.2 -8.1 113 0 56.6 18.2 12.5 2.5 2 0 5 1 1
486.9 -10753.3 -9.0 113 0 55.7 111.1 7.5 0.0 0 1 3 3 3
