-1336.2 3940.8 -2.3 233 0 123.6 162.5 5.0 0.0 0 1 2 0 0
-906.6 3982.9 -2.2 143 0 135.8 84.0 7.5 0.0 0 0 3 2 2
-1011.5 4096.5 -2.3 143 0 19.9 119.6 7.5 0.0 0 1 3 5 5
-969.5 4295.9 -2.5 53 0 32.8 84.7 10.0 0.0 0 1 4 5 5
-1210.8 4122.4 -2.5 55 0 23.0 40.4 10.0 0.0 0 1 4 4 4
-858.9 3817.8 -2.8 323 0 87.6 119.4 7.5 0.0 0 1 3 3 3
-1029.4 4253.6 -2.6 53 0 97.1 168.8 7.5 0.0 0 1 3 4 4
-1126.4 4060.4 -2.4 234 0 36.4 41.8 7.5 0.0 0 1 3 5 5
-1170.1 4150.2 -2.5 53 0 36.9 71.4 5.0 0.0 0 1 2 2 2
-989.6 4067.9 -2.5 144 0 20.8 118.7 12.5 0.0 0 1 5 0 0
-884.3 4246.3 -2.5 324 0 26.2 76.3 10.0 0.0 0 1 4 1 1
-1130.9 3913.8 -2.4 143 0 58.4 144.6 7.5 0.0 0 1 3 3 3
-1049.5 4100.7 -2.4 323 0 50.4 15.7 15.0 2.5 2 0 6 4 4
-1019.6 4204.0 -2.4 233 0 64.8 15.3 7.5 2.5 2 0 3 0 0
-970.0 4214.4 -2.4 234 0 8.4 56.1 7.5 2.5 2 1 3 0 0
-1056.4 4070.3 -2.4 324 0 34.3 34.3 10.0 2.5 4 1 4 1 1
-2019.5 1808.2 -0.6 70 0 6.5 31.6 7.5 2.5 2 1 3 2 2
-2034.4 1802.0 -0.5 71 0 12.8 31.7 10.0 2.5 2 1 4 1 1
-2029.6 1891.1 -0.7 252 0 14.3 30.6 7.5 2.5 2 1 3 1 1
-2135.7 2219.1 -0.9 249 0 14.3 21.2 7.5 2.5 2 1 3 2 2
-2006.5 1814.0 -0.6 69 0 5.8 33.7 5.0 2.5 2 1 2 2 2
-2065.8 1879.2 -0.6 251 0 46.6 30.8 7.5 0.0 0 0 3 2 2
-3825.7 3629.6 -4.2 233 0 134.1 153.4 10.0 0.0 0 1 4 0 0
-2163.0 2187.9 -0.9 72 0 47.8 17.8 15.0 2.5 2 0 6 0 0
-2213.1 2169.2 -0.8 154 0 6.6 23.9 7.5 2.5 2 1 3 3 3
-1441.3 -10199.5 -8.7 55 0 11.3 69.8 10.0 2.5 2 1 4 5 5
-1508.8 -9754.7 -7.7 330 0 59.3 11.0 10.0 2.5 2 0 4 3 3
-1404.6 -10332.0 -8.3 325 0 127.2 9.6 7.5 2.5 2 0 3 1 1
-1554.1 -9882.1 -8.3 326 0 79.4 11.5 10.0 2.5 2 0 4 1 1
-1975.6 -10552.6 -9.7 338 0 21.0 13.9 10.0 2.5 2 0 4 3 3
-1500.8 -10046.9 -8.7 235 0 10.8 72.5 7.5 2.5 2 1 3 4 4
-1536.6 -9820.3 -6.9 240 0 5.0 9.4 7.5 2.5 2 1 3 5 5
-1318.7 -10579.6 -7.8 69 0 8.6 88.2 7.5 2.5 2 1 3 1 1
-2060.4 -10629.5 -9.8 108 0 20.5 14.3 7.5 2.5 2 0 3 4 4
-1973.6 -10597.7 -9.7 75 0 14.6 21.1 10.0 2.5 2 1 4 4 4
-2025.3 -10620.8 -9.7 44 0 19.5 13.1 10.0 0.0 0 0 4 5 5
-1487.0 -10229.6 -8.7 62 0 11.1 69.1 10.0 2.5 2 1 4 2 2
-1955.7 -10619.2 -9.7 111 0 13.4 21.6 7.5 2.5 2 1 3 0 0
-1498.7 -9849.3 -6.9 325 0 50.6 10.6 10.0 2.5 2 0 4 3 3
-1531.5 -10068.3 -8.5 235 0 11.0 72.4 12.5 2.5 4 1 5 5 5
-1476.6 -9835.0 -7.2 326 0 78.8 11.3 7.5 2.5 2 0 3 0 0
-1562.3 -10088.8 -8.6 242 0 9.8 73.4 7.5 2.5 2 1 3 3 3
-2025.1 -10589.9 -9.7 64 0 13.6 20.7 5.0 0.0 0 1 2 0 0
-1643.9 -9709.9 -7.4 330 0 59.7 11.9 5.0 2.5 2 0 2 3 3
-1452.4 -9914.1 -7.3 326 0 50.9 10.0 7.5 0.0 0 0 3 0 0
-1707.3 -9744.7 -7.6 332 0 60.8 11.7 7.5 0.0 0 0 3 2 2
-2062.1 -10592.8 -9.7 169 0 20.3 13.9 7.5 2.5 2 0 3 4 4
-1676.4 -9727.5 -7.0 332 0 61.1 11.9 10.0 2.5 2 0 4 3 3
-1579.2 -9832.7 -7.1 60 0 11.3 78.9 7.5 0.0 0 1 3 4 4
-2049.2 -10541.2 -9.7 236 0 14.4 20.3 10.0 2.5 2 1 4 3 3
-1738.9 -9761.6 -8.5 332 0 60.5 11.5 7.5 2.5 4 0 3 5 5
-2078.1 -10545.9 -9.7 225 0 14.2 20.2 10.0 2.5 2 1 4 5 5
-2001.1 -10560.8 -9.7 327 0 20.6 14.0 7.5 2.5 2 0 3 3 3
-1802.3 -9644.7 -7.1 332 0 75.0 11.2 7.5 2.5 2 0 3 2 2
-1625.6 -9812.9 -8.0 330 0 79.6 12.2 10.0 2.5 2 0 4 0 0
-1497.3 -9943.5 -8.6 326 0 51.5 10.6 10.0 0.0 0 0 4 3 3
-1657.7 -9830.6 -8.6 330 0 78.7 12.0 7.5 2.5 2 0 3 0 0
-2026.2 -10525.4 -9.7 236 0 14.2 20.2 5.0 2.5 2 1 2 2 2
-1565.9 -9988.5 -8.7 325 0 51.8 10.9 10.0 2.5 4 0 4 1 1
-1742.4 -9690.4 -7.1 331 0 39.2 11.4 10.0 2.5 2 0 4 4 4
-1531.1 -9966.8 -8.7 327 0 50.6 10.7 7.5 2.5 2 0 3 3 3
-1687.8 -9857.2 -8.7 332 0 98.0 11.9 7.5 2.5 2 0 3 5 5
-1699.0 -9626.6 -7.7 60 0 11.3 71.7 7.5 2.5 2 1 3 2 2
-2005.5 -10506.9 -9.7 234 0 13.5 20.3 10.0 2.5 4 1 4 0 0
-1610.3 -10001.1 -8.7 332 0 82.8 11.8 7.5 0.0 0 0 3 3 3
-1394.8 -10124.4 -8.7 325 0 69.5 10.8 7.5 2.5 2 0 3 0 0
-1692.9 -9662.7 -7.5 332 0 37.9 10.8 10.0 2.5 2 0 4 1 1
-1740.2 -9608.1 -7.8 332 0 74.9 11.3 10.0 2.5 2 0 4 3 3
-1614.1 -9918.8 -8.7 332 0 79.0 12.0 7.5 2.5 4 0 3 4 4
-1410.1 -10177.3 -8.6 55 0 11.2 68.9 7.5 2.5 2 1 3 3 3
-1469.9 -10025.8 -8.7 235 0 10.6 72.5 10.0 2.5 2 1 4 4 4
-1543.0 -9775.4 -7.4 330 0 58.5 11.0 15.0 2.5 2 0 6 0 0
-1771.0 -9626.3 -7.5 331 0 74.9 10.4 10.0 2.5 2 0 4 3 3
-1081.7 3845.2 -2.4 143 0 78.2 116.4 10.0 0.0 0 1 4 2 2
-1332.0 -10481.0 -7.9 232 0 34.9 7.9 7.5 2.5 4 0 3 5 5
-1154.3 -10282.2 -8.6 145 0 11.8 11.0 5.0 2.5 2 0 2 2 2
-1109.2 -10248.5 -8.7 325 0 10.9 10.6 5.0 2.5 2 0 2 1 1
-1714.8 -9127.1 -6.3 328 0 4.4 186.8 7.5 2.5 2 1 3 2 2
-809.3 -10310.0 -6.9 230 0 11.4 37.1 7.5 2.5 2 1 3 1 1
-1204.7 -10199.5 -8.7 233 0 10.9 11.2 2.5 0.0 0 1 1 0 0
-1128.6 -10270.6 -8.8 54 0 10.7 11.6 5.0 0.0 0 1 2 4 4
-2287.3 -8767.1 -6.2 250 0 12.8 337.6 10.0 0.0 0 1 4 5 5
-2091.5 -9187.6 -7.0 55 0 7.6 30.9 5.0 2.5 2 1 2 0 0
-1842.1 -9297.4 -6.8 151 0 164.4 6.3 7.5 2.5 2 0 3 4 4
-1670.9 -9325.7 -6.6 58 0 13.4 171.4 10.0 0.0 0 1 4 4 4
-1374.2 -9891.6 -7.7 68 0 10.9 51.7 10.0 0.0 0 1 4 1 1
-1176.0 -10163.2 -8.2 56 0 10.7 11.9 7.5 2.5 2 1 3 2 2
-2203.9 -8866.1 -5.5 341 0 41.1 8.6 7.5 2.5 2 0 3 2 2
-1368.2 -10259.8 -8.7 55 0 10.5 11.6 2.5 2.5 2 1 1 5 5
-634.4 -8647.2 -5.5 66 0 9.1 34.7 7.5 2.5 2 1 3 5 5
-1194.7 -10212.7 -8.7 236 0 12.1 11.0 2.5 2.5 2 0 1 1 1
-2046.8 -9168.3 -7.0 329 0 6.9 51.8 7.5 2.5 2 1 3 1 1
-764.9 -10268.0 -7.3 231 0 11.3 37.0 7.5 2.5 2 1 3 0 0
-2309.0 -8762.6 -6.4 250 0 7.0 359.4 7.5 0.0 0 1 3 1 1
-1311.6 -10295.5 -8.7 234 0 10.8 11.1 10.0 2.5 2 1 4 2 2
-1337.6 -9769.0 -7.5 338 0 181.3 7.2 7.5 2.5 2 0 3 1 1
-1826.3 -9205.4 -6.5 240 0 15.7 21.7 7.5 2.5 2 1 3 1 1
-1048.2 -10251.8 -8.7 236 0 5.8 79.9 7.5 2.5 2 1 3 4 4
-1353.2 -10324.1 -8.4 236 0 11.2 11.5 7.5 2.5 4 1 3 1 1
-1328.7 -9766.7 -7.4 158 0 176.2 12.6 10.0 0.0 0 0 4 5 5
-2266.5 -8758.9 -6.0 250 0 13.3 337.7 12.5 0.0 0 1 5 0 0
-1388.9 -10274.0 -8.6 55 0 10.4 11.2 7.5 2.5 2 1 3 1 1
-1765.8 -9471.9 -7.5 328 0 59.4 7.7 7.5 2.5 4 0 3 5 5
-1275.0 -10473.3 -8.0 235 0 37.6 31.9 7.5 0.0 0 0 3 3 3
-754.5 -10259.4 -7.4 230 0 10.1 36.6 10.0 2.5 4 1 4 3 3
-1222.8 -10212.3 -8.7 237 0 10.9 12.6 7.5 2.5 2 1 3 4 4
-1341.5 -10210.9 -8.6 235 0 10.4 10.6 2.5 2.5 2 1 1 4 4
-577.2 -10091.8 -7.2 227 0 7.0 39.1 7.5 2.5 2 1 3 3 3
-1452.1 -9699.4 -7.5 249 0 11.6 81.8 7.5 0.0 0 1 3 5 5
-1230.4 -10163.9 -8.7 55 0 10.1 10.7 5.0 2.5 2 1 2 4 4
-588.9 -10102.9 -7.2 228 0 11.5 38.7 7.5 2.5 4 1 3 5 5
-1449.3 -9565.9 -6.8 60 0 27.9 9.2 7.5 2.5 2 0 3 5 5
-839.4 -10337.8 -7.9 229 0 11.6 37.0 10.0 2.5 2 1 4 4 4
-727.7 -10233.0 -7.6 231 0 17.1 37.4 10.0 2.5 2 1 4 2 2
-1644.9 -9310.2 -6.5 58 0 13.1 178.6 10.0 0.0 0 1 4 5 5
-1322.1 -10281.7 -8.8 236 0 10.5 13.4 5.0 0.0 0 1 2 2 2
-1672.7 -9353.3 -6.6 240 0 9.5 15.0 7.5 2.5 2 1 3 1 1
-1766.0 -9432.9 -7.3 151 0 48.1 14.2 7.5 2.5 2 0 3 3 3
-1491.2 -9718.3 -7.6 240 0 10.7 51.1 5.0 2.5 2 1 2 0 0
-1310.9 -10342.6 -8.5 55 0 10.7 10.6 2.5 2.5 2 0 1 3 3
-1365.3 -10351.1 -8.2 235 0 10.7 10.6 5.0 2.5 2 0 2 3 3
-1437.1 -9872.4 -6.9 235 0 10.9 50.7 10.0 2.5 2 1 4 5 5
-1476.0 -9790.6 -7.6 236 0 5.9 12.4 2.5 0.0 0 1 1 2 2
-1261.0 -10556.7 -8.0 55 0 7.3 92.6 7.5 2.5 2 1 3 2 2
-1339.6 -9940.0 -7.0 325 0 8.8 45.2 7.5 2.5 2 1 3 4 4
-1126.0 -10224.3 -8.7 326 0 11.0 10.8 5.0 0.0 0 0 2 0 0
-1799.2 -9350.9 -6.8 151 0 28.3 7.4 2.5 2.5 4 0 1 2 2
-1763.5 -9378.1 -6.8 61 0 12.9 181.2 7.5 0.0 0 1 3 4 4
-1390.1 -9968.8 -7.9 235 0 16.6 75.3 7.5 2.5 2 1 3 0 0
-1072.0 -9347.5 -4.9 236 0 8.8 32.7 7.5 2.5 2 1 3 2 2
-1263.1 -10155.7 -8.7 236 0 9.8 10.6 7.5 2.5 2 1 3 3 3
-1106.2 -10210.0 -8.3 326 0 12.7 11.4 5.0 2.5 2 0 2 3 3
-1193.2 -10138.4 -7.9 56 0 10.8 11.4 10.0 2.5 2 1 4 0 0
-1604.5 -9870.1 -8.6 242 0 19.6 28.4 10.0 2.5 2 1 4 0 0
-1177.2 -10199.4 -8.7 234 0 11.0 11.5 7.5 2.5 2 1 3 2 2
-1917.6 -9362.8 -7.5 242 0 20.9 30.3 10.0 0.0 0 1 4 2 2
-1342.7 -10296.2 -8.6 236 0 10.3 13.0 5.0 2.5 2 1 2 0 0
-1786.1 -9389.7 -7.0 62 0 7.6 24.8 5.0 2.5 2 1 2 5 5
-2098.0 -9198.9 -7.1 55 0 6.1 70.0 7.5 2.5 2 1 3 0 0
-1186.3 -10187.3 -8.7 235 0 11.0 11.5 5.0 2.5 2 1 2 4 4
-788.0 -10290.5 -6.8 231 0 11.2 37.1 7.5 2.5 2 1 3 4 4
-1497.4 -9331.0 -5.5 150 0 46.2 7.4 7.5 2.5 2 0 3 4 4
-1097.8 -10222.3 -8.4 327 0 12.5 11.3 10.0 2.5 2 0 4 3 3
-1314.7 -10157.3 -8.8 146 0 45.1 22.5 7.5 2.5 2 0 3 3 3
-689.7 -10249.2 -7.6 51 0 11.8 36.3 10.0 2.5 2 1 4 4 4
-1403.1 -10253.5 -8.6 236 0 10.5 10.7 7.5 2.5 4 1 3 4 4
-1212.0 -10512.3 -8.0 54 0 8.7 27.3 5.0 0.0 0 1 2 5 5
-1665.1 -9338.6 -6.6 240 0 16.6 15.4 12.5 2.5 2 0 5 0 0
-1612.2 -9300.7 -6.1 149 0 17.4 6.3 2.5 2.5 4 0 1 3 3
-776.6 -10279.0 -7.1 230 0 11.5 37.1 7.5 2.5 2 1 3 4 4
-1391.4 -10313.6 -8.4 56 0 10.1 12.7 5.0 2.5 2 1 2 5 5
-601.4 -10114.3 -7.2 228 0 11.7 38.1 7.5 2.5 2 1 3 1 1
-1162.9 -10308.5 -8.6 144 0 10.7 10.6 5.0 2.5 2 0 2 2 2
-1425.4 -9676.2 -7.4 158 0 12.6 47.9 10.0 2.5 2 1 4 4 4
-1362.0 -10224.9 -8.7 237 0 10.3 10.3 7.5 2.5 2 0 3 3 3
-939.2 -10419.2 -8.9 226 0 107.9 8.8 7.5 2.5 2 0 3 4 4
-1392.5 -9797.4 -7.6 158 0 193.2 7.3 7.5 2.5 2 0 3 1 1
-1171.5 -10257.2 -8.7 143 0 11.4 10.8 5.0 2.5 2 0 2 0 0
-1166.3 -10065.4 -6.8 59 0 7.0 15.0 7.5 2.5 4 1 3 3 3
-1735.0 -9362.3 -6.7 60 0 13.4 148.3 7.5 0.0 0 1 3 0 0
-798.8 -10300.1 -6.9 230 0 11.7 42.2 7.5 2.5 4 1 3 2 2
-1400.1 -9696.0 -7.4 248 0 12.6 181.5 12.5 0.0 0 1 5 5 5
-1297.6 -10102.6 -8.7 55 0 16.0 73.2 7.5 2.5 2 1 3 0 0
-1309.4 -10256.5 -8.7 55 0 9.9 13.0 5.0 2.5 2 1 2 4 4
-1704.2 -9345.4 -6.6 60 0 12.7 172.2 7.5 0.0 0 1 3 5 5
-1239.5 -10188.3 -8.8 54 0 11.0 11.3 5.0 2.5 2 1 2 1 1
-1164.3 -10137.2 -7.4 56 0 11.2 13.0 7.5 0.0 0 1 3 0 0
-618.7 -10120.6 -7.2 226 0 10.8 42.6 10.0 2.5 2 1 4 1 1
-1330.7 -10357.2 -8.3 57 0 10.4 10.9 5.0 2.5 4 1 2 5 5
-1303.6 -10308.0 -8.7 235 0 10.6 10.6 2.5 2.5 2 1 1 3 3
-677.1 -10239.1 -7.6 51 0 12.0 36.9 10.0 0.0 0 1 4 3 3
-1391.5 -9677.0 -7.4 68 0 63.8 6.1 7.5 2.5 4 0 3 4 4
-1458.9 -9776.7 -7.7 248 0 12.4 79.1 7.5 2.5 2 1 3 4 4
-1345.0 -10336.5 -8.4 236 0 10.2 11.0 2.5 2.5 2 1 1 4 4
-1114.6 -10197.8 -8.1 324 0 12.7 11.6 7.5 2.5 2 0 3 1 1
-1255.2 -10445.7 -8.1 235 0 17.3 49.5 10.0 2.5 2 1 4 2 2
-1702.8 -9361.2 -6.6 238 0 9.5 65.2 7.5 2.5 4 1 3 2 2
-1400.6 -10299.9 -8.4 55 0 10.4 11.2 5.0 2.5 2 1 2 2 2
-1046.7 -10519.4 -8.5 232 0 7.6 39.5 7.5 0.0 0 1 3 3 3
-1325.9 -10223.5 -8.6 325 0 10.9 10.4 5.0 2.5 2 0 2 3 3
-1148.3 -10159.9 -7.8 235 0 11.4 13.1 10.0 2.5 2 1 4 2 2
-1227.1 -10130.5 -8.3 237 0 10.5 10.9 2.5 2.5 2 1 1 5 5
-1074.5 -10266.5 -8.7 56 0 11.1 12.1 5.0 2.5 2 1 2 4 4
-973.5 -10325.5 -8.7 325 0 10.9 8.1 2.5 2.5 2 0 1 0 0
-826.0 -10325.0 -7.4 229 0 10.9 40.4 7.5 2.5 2 1 3 5 5
-1969.7 -9132.3 -6.4 329 0 116.3 6.8 7.5 2.5 2 0 3 5 5
-1180.9 -10282.8 -8.6 143 0 11.0 10.8 5.0 2.5 2 0 2 2 2
-1778.9 -9509.8 -7.6 60 0 8.5 62.0 7.5 2.5 2 1 3 0 0
-1145.4 -10323.3 -8.5 52 0 10.5 11.1 5.0 2.5 2 1 2 2 2
-1118.1 -10236.5 -8.7 324 0 11.4 10.9 2.5 2.5 2 0 1 0 0
-1379.5 -10285.7 -8.6 55 0 11.1 11.5 5.0 2.5 4 1 2 4 4
-1137.6 -10258.0 -8.7 54 0 10.4 11.3 7.5 2.5 2 1 3 5 5
-1506.1 -9335.9 -5.8 330 0 46.8 7.2 7.5 0.0 0 0 3 3 3
-1402.0 -9807.4 -7.7 338 0 51.5 10.8 7.5 2.5 2 0 3 2 2
-1917.4 -9433.5 -7.6 62 0 36.4 37.0 10.0 0.0 0 1 4 2 2
