1574.9 -2592.2 -2.1 360 0 48.6 13.8 12.5 2.5 2 0 5 0 0
-1110.3 -2427.7 0.3 62 0 27.4 37.3 7.5 0.0 0 1 3 2 2
-1047.4 -2552.4 0.3 83 0 8.5 18.7 5.0 0.0 0 1 2 2 2
-1243.3 -2528.9 0.3 152 0 36.4 73.9 10.0 0.0 0 1 4 1 1
-1400.0 -2409.0 0.1 61 0 28.2 37.1 10.0 0.0 0 1 4 3 3
-3773.1 6681.1 -4.7 117 0 6.9 34.8 2.5 2.5 2 1 1 4 4
-3746.0 6674.3 -4.7 30 0 14.6 6.3 5.0 2.5 2 0 2 4 4
-3702.5 6768.5 -4.8 298 0 12.3 20.3 5.0 2.5 2 1 2 5 5
-3730.3 6770.1 -4.8 298 0 9.1 26.4 7.5 2.5 2 1 3 2 2
-3658.7 6927.7 -4.5 207 0 39.3 7.2 7.5 2.5 2 0 3 3 3
-3594.2 6968.2 -4.3 298 0 5.5 11.4 5.0 2.5 2 1 2 3 3
-3605.1 6939.1 -4.3 27 0 22.5 6.6 2.5 2.5 2 0 1 3 3
-3580.7 6938.2 -4.4 28 0 87.4 8.3 7.5 2.5 2 0 3 5 5
-3677.8 6865.3 -4.5 116 0 11.8 29.9 10.0 2.5 2 1 4 1 1
-3617.4 6872.4 -4.5 29 0 44.0 21.0 10.0 2.5 2 0 4 4 4
-3488.0 7199.8 -4.6 111 0 4.7 14.3 7.5 0.0 0 1 3 3 3
-3511.7 7220.8 -4.7 201 0 23.0 7.6 5.0 2.5 2 0 2 5 5
-3518.7 7169.9 -4.5 111 0 6.1 24.3 5.0 2.5 2 1 2 1 1
-3442.2 7317.4 -5.2 297 0 8.3 88.9 7.5 2.5 2 1 3 5 5
-3424.6 7310.3 -5.1 297 0 9.2 89.8 7.5 2.5 2 1 3 0 0
-3173.3 7650.8 -5.2 10 0 11.5 21.5 7.5 2.5 2 1 3 2 2
-3247.3 7571.7 -5.3 191 0 24.9 14.4 10.0 2.5 2 0 4 4 4
-3292.1 7653.8 -5.3 192 0 31.4 11.7 10.0 2.5 2 0 4 5 5
-3277.1 7690.1 -5.2 281 0 13.2 17.2 5.0 2.5 2 1 2 5 5
-2669.5 5756.3 -4.6 102 0 5.8 19.8 7.5 2.5 2 1 3 4 4
-2728.1 5791.1 -4.6 116 0 12.6 59.0 7.5 2.5 2 1 3 2 2
-2665.8 5918.6 -4.6 202 0 16.2 12.9 10.0 2.5 2 0 4 0 0
-2648.8 5914.8 -4.6 200 0 36.4 9.2 7.5 2.5 4 0 3 1 1
-2447.0 5937.7 -4.5 120 0 8.2 18.1 5.0 2.5 2 1 2 5 5
-2541.0 6065.5 -4.4 205 0 7.2 28.6 7.5 2.5 2 1 3 2 2
-2462.9 6133.1 -4.4 299 0 7.7 48.8 7.5 2.5 4 1 3 1 1
-2538.4 5992.1 -4.4 115 0 6.5 43.0 7.5 2.5 4 1 3 1 1
-2557.8 6001.3 -4.4 116 0 8.6 43.1 7.5 2.5 2 1 3 1 1
-2579.1 6011.8 -4.4 116 0 7.7 42.8 7.5 2.5 2 1 3 0 0
-2601.5 6047.4 -4.5 204 0 43.1 7.0 7.5 2.5 2 0 3 0 0
-2434.5 6023.8 -4.4 29 0 54.4 17.8 10.0 2.5 2 0 4 1 1
-2470.5 5956.3 -4.5 117 0 16.6 18.8 12.5 2.5 4 1 5 3 3
-2477.0 5987.7 -4.4 120 0 29.4 22.4 7.5 0.0 0 0 3 4 4
-2510.9 5994.6 -4.4 118 0 18.3 28.9 10.0 2.5 2 1 4 0 0
-3022.3 -4065.5 -1.5 348 0 8.6 25.1 2.5 2.5 2 1 1 3 3
2301.0 -6518.6 -3.0 82 0 12.0 45.3 10.0 2.5 2 1 4 3 3
2168.0 -6244.7 -3.2 351 0 33.9 15.3 10.0 2.5 2 0 4 5 5
1638.3 -3918.7 -1.0 167 0 12.0 21.2 7.5 2.5 2 1 3 4 4
1689.2 -3712.8 -1.5 359 0 40.9 9.7 7.5 2.5 2 0 3 1 1
1547.8 -3920.4 0.1 180 0 16.3 7.9 5.0 2.5 2 0 2 5 5
1253.6 -3904.4 -1.0 86 0 13.8 34.3 10.0 2.5 2 1 4 5 5
-324.9 -3396.2 -1.3 89 0 8.7 30.5 7.5 2.5 4 1 3 3 3
2031.1 -6332.0 -2.0 261 0 12.6 32.2 7.5 2.5 2 1 3 3 3
1796.8 -6407.7 -2.2 171 0 48.9 10.7 10.0 2.5 2 0 4 3 3
1835.2 -6425.5 -2.2 79 0 12.3 46.9 7.5 2.5 2 1 3 1 1
1830.0 -6478.1 -2.3 79 0 9.2 36.2 7.5 2.5 2 1 3 1 1
1513.3 -6617.5 -2.8 84 0 10.1 45.0 7.5 2.5 2 1 3 5 5
1615.8 -6485.3 -2.3 86 0 14.2 17.8 10.0 2.5 4 1 4 5 5
1640.1 -6512.4 -2.4 85 0 16.2 48.9 7.5 0.0 0 1 3 0 0
1618.9 -6384.0 -2.2 261 0 42.4 25.2 7.5 0.0 0 0 3 0 0
1560.7 -6483.3 -2.4 171 0 44.4 20.7 10.0 2.5 2 0 4 3 3
1704.8 -6421.4 -2.2 350 0 30.6 93.0 10.0 0.0 0 1 4 1 1
1904.0 -5489.1 -1.5 351 0 10.5 8.0 5.0 2.5 4 0 2 1 1
1897.4 -5523.5 -1.3 350 0 38.6 8.5 7.5 2.5 2 0 3 5 5
1885.6 -5469.7 -1.6 349 0 16.2 5.4 7.5 2.5 2 0 3 4 4
1871.7 -5517.3 -1.5 172 0 57.3 6.5 7.5 2.5 2 0 3 3 3
1852.0 -5417.8 -1.6 83 0 11.1 78.9 7.5 2.5 2 1 3 0 0
1852.6 -5430.4 -1.6 264 0 10.4 34.4 10.0 2.5 2 1 4 4 4
1810.5 -5435.2 -1.7 263 0 9.0 33.7 5.0 2.5 2 1 2 1 1
1768.3 -5436.6 -1.6 263 0 8.5 37.5 7.5 2.5 2 1 3 0 0
1752.2 -5368.1 -1.4 174 0 39.0 11.8 7.5 2.5 2 0 3 3 3
1831.0 -5187.5 -2.4 79 0 7.2 20.8 7.5 2.5 2 1 3 1 1
1682.2 -5278.7 -1.8 264 0 23.1 46.7 10.0 2.5 4 1 4 3 3
1810.8 -5422.8 -1.6 84 0 10.2 78.5 7.5 2.5 2 1 3 5 5
1736.2 -5297.2 -1.5 264 0 53.4 24.7 10.0 2.5 2 0 4 4 4
1786.8 -5267.8 -1.5 265 0 25.9 59.1 10.0 2.5 2 1 4 4 4
2471.1 -8981.2 -6.1 169 0 6.3 22.9 2.5 0.0 0 1 1 4 4
2473.0 -8906.5 -5.9 260 0 7.3 49.4 7.5 0.0 0 1 3 2 2
-1708.7 -6862.8 -3.7 259 0 8.8 56.7 7.5 2.5 4 1 3 3 3
6445.8 9963.4 -12.0 84 0 92.8 93.9 14.0 0.0 0 1 4 4 4
