5042.7 -9750.0 -3.7 260 0 14.5 61.4 10.0 2.5 2 1 4 5 5
5073.0 -9940.8 -3.3 81 0 14.9 41.0 7.5 2.5 2 1 3 0 0
5067.2 -9855.2 -3.6 351 0 62.3 14.7 7.5 0.0 0 0 3 5 5
1234.4 -9985.6 -7.9 90 0 30.9 90.9 10.0 0.0 0 1 4 5 5
982.3 -10421.6 -11.1 93 0 28.2 35.2 7.5 0.0 0 1 3 5 5
740.3 -9526.9 -6.1 2 0 29.6 71.7 10.0 0.0 0 1 4 0 0
1301.5 -9977.3 -6.4 96 0 72.8 108.5 10.0 0.0 0 1 4 0 0
824.9 -9921.4 -10.8 349 0 72.4 24.6 7.5 0.0 0 0 3 3 3
1196.5 -9981.6 -8.5 90 0 12.6 52.4 7.5 2.5 2 1 3 5 5
611.6 -9447.9 -7.0 272 0 79.5 55.8 15.0 0.0 0 0 6 2 2
822.0 -10669.1 -7.3 0 0 18.9 63.9 12.5 2.5 2 1 5 0 0
2490.7 -10305.5 -6.6 359 0 49.0 14.2 7.5 2.5 2 0 3 1 1
1262.1 -10644.8 -8.2 270 0 42.8 25.1 7.5 0.0 0 0 3 1 1
5386.6 229.6 -2.1 82 0 9.0 30.4 7.5 2.5 2 1 3 1 1
5306.6 -33.4 -2.0 189 0 62.0 15.1 14.0 3.5 4 0 4 4 4
5313.1 471.8 -1.3 279 0 8.2 33.7 10.5 3.5 2 1 3 3 3
5338.7 449.7 -1.9 8 0 23.8 22.8 14.0 3.5 2 0 4 1 1
5421.7 507.3 -1.4 83 0 14.4 35.3 12.5 2.5 2 1 5 3 3
6121.3 9516.9 -14.7 90 0 51.5 115.6 7.5 0.0 0 1 3 1 1
5604.4 9557.5 -13.7 360 0 78.6 15.3 10.0 2.5 2 0 4 2 2
5545.0 9518.4 -13.9 90 0 68.1 77.6 12.5 0.0 0 1 5 3 3
5634.3 9761.9 -17.1 0 0 88.1 144.3 10.0 0.0 0 1 4 1 1
2399.3 -2966.2 -0.3 359 0 45.8 21.2 10.0 2.5 2 0 4 0 0
5525.2 -2759.3 -2.5 256 0 9.2 58.5 7.5 0.0 0 1 3 3 3
5914.6 -2616.2 -6.0 254 0 40.9 75.4 12.5 0.0 0 1 5 4 4
5262.7 -2236.4 -2.7 77 0 51.7 136.8 12.5 0.0 0 1 5 0 0
5536.4 -2734.8 -2.6 77 0 31.9 59.4 10.0 0.0 0 1 4 0 0
5635.3 -2711.5 -3.5 76 0 89.6 60.5 10.0 0.0 0 0 4 5 5
6148.1 -2248.6 -7.1 255 0 40.4 88.9 12.5 0.0 0 1 5 4 4
5131.3 -825.4 -1.7 9 0 83.6 14.8 14.0 3.5 2 0 4 0 0
-5749.9 -8585.4 -2.4 1 0 20.2 4.8 7.5 2.5 2 0 3 0 0
-5755.9 -8704.1 -1.9 59 0 17.5 50.3 10.0 2.5 2 1 4 1 1
-5741.1 -8648.6 -2.3 68 0 6.1 37.9 7.5 2.5 2 1 3 1 1
-5443.0 -10478.7 -3.8 250 0 13.0 33.7 7.5 2.5 2 1 3 3 3
-5511.8 -10504.3 -7.0 250 0 90.0 100.1 15.0 0.0 0 1 6 3 3
300.9 4253.8 -6.7 77 0 29.4 13.3 2.5 2.5 2 0 1 3 3
1814.7 -10458.6 -6.1 0 0 15.8 19.2 10.0 2.5 2 1 4 1 1
2013.0 -10556.8 -6.9 99 0 18.0 24.8 10.0 0.0 0 1 4 3 3
1833.7 -10374.6 -3.5 213 0 22.8 32.1 10.0 2.5 2 1 4 0 0
