-4415.0 -3569.6 -3.0 250 0 22.8 31.8 5.0 0.0 0 1 2 3 3
-4412.8 -3319.4 -3.3 71 0 22.4 30.2 10.0 0.0 0 1 4 1 1
-4464.5 -3332.5 -3.2 71 0 70.5 15.4 10.0 0.0 0 0 4 3 3
-4327.5 -3555.2 -2.9 343 0 14.2 66.3 10.0 2.5 2 1 4 3 3
3085.5 -226.1 -1.6 0 0 22.1 17.2 10.5 3.5 2 0 3 1 1
2957.6 -863.8 -0.8 152 0 19.9 18.1 7.5 2.5 2 0 3 0 0
3093.5 -286.2 -1.5 359 0 22.6 19.1 10.5 3.5 2 0 3 0 0
2974.9 -749.4 -0.9 90 0 18.6 21.3 10.5 3.5 2 1 3 5 5
2913.0 -749.3 -0.8 110 0 14.2 18.8 10.5 3.5 2 1 3 3 3
2997.4 -818.1 -0.9 239 0 19.7 21.1 7.5 2.5 2 1 3 2 2
2223.2 1259.3 -0.3 351 0 43.3 19.3 10.0 2.5 2 0 4 3 3
2865.4 -664.5 -0.9 156 0 18.3 14.3 10.5 3.5 2 0 3 3 3
3133.7 1647.5 -0.8 150 0 40.9 10.2 7.5 2.5 4 0 3 3 3
3920.9 -219.2 -0.3 201 0 54.6 18.6 14.0 3.5 2 0 4 5 5
2710.0 -747.3 -0.6 180 0 14.1 14.2 10.5 3.5 2 1 3 0 0
2708.2 -718.8 -0.6 180 0 14.6 13.0 10.5 0.0 0 0 3 5 5
2876.1 -752.6 -0.8 180 0 18.7 14.8 10.5 3.5 2 0 3 5 5
2233.8 1196.3 -0.1 350 0 43.6 19.7 10.0 2.5 2 0 4 5 5
2900.4 -793.3 -0.8 88 0 18.8 21.0 10.5 3.5 2 1 3 0 0
2861.6 -706.3 -0.8 161 0 17.9 20.8 10.5 3.5 2 1 3 0 0
1983.0 29.9 0.2 180 0 15.6 12.1 14.0 3.5 4 0 4 3 3
2659.3 -802.6 -0.4 179 0 17.3 14.4 10.5 3.5 2 0 3 5 5
2651.7 -769.6 -0.4 183 0 17.7 13.0 10.5 3.5 2 0 3 2 2
2657.7 -736.5 -0.5 1 0 18.4 13.4 10.5 0.0 0 0 3 0 0
2720.7 -689.2 -0.6 0 0 12.9 12.4 10.5 3.5 4 0 3 1 1
2717.9 -802.2 -0.5 271 0 13.9 16.5 10.5 3.5 2 1 3 1 1
2647.0 -699.1 -0.5 271 0 12.8 17.1 10.5 3.5 2 1 3 1 1
2033.0 22.5 -0.8 344 0 11.0 15.8 14.0 3.5 2 1 4 4 4
2617.8 -454.0 -0.7 1 0 18.2 12.3 10.5 3.5 2 0 3 3 3
2621.4 -384.4 -0.8 179 0 17.1 15.9 10.5 3.5 2 0 3 1 1
2704.6 -605.1 -0.7 90 0 16.9 14.6 10.5 3.5 2 0 3 3 3
2619.3 -486.1 -0.6 358 0 17.5 11.5 10.5 3.5 2 0 3 1 1
2622.6 -537.9 -0.6 360 0 13.8 11.9 10.5 3.5 2 0 3 2 2
2597.1 -384.0 -0.7 0 0 14.1 11.0 10.5 3.5 2 0 3 3 3
2630.3 -569.5 -0.6 0 0 18.4 12.1 10.5 3.5 2 0 3 1 1
2589.3 -331.2 -0.7 1 0 18.1 11.3 10.5 3.5 4 0 3 0 0
2636.0 -607.8 -0.6 359 0 14.3 13.0 10.5 3.5 2 0 3 3 3
2679.3 -633.0 -0.6 360 0 14.1 17.3 10.5 3.5 2 1 3 4 4
2609.4 -419.2 -0.7 1 0 16.3 12.3 10.5 0.0 0 0 3 0 0
2746.9 -636.3 -0.7 270 0 10.9 14.6 10.5 3.5 2 1 3 0 0
2747.4 -601.6 -0.7 91 0 14.7 23.2 10.5 3.5 2 1 3 5 5
2644.2 -666.0 -0.5 90 0 15.7 15.7 10.5 3.5 2 0 3 4 4
2760.5 -707.3 -0.7 179 0 14.1 9.7 10.5 3.5 4 0 3 0 0
