-881.3 -6896.9 -2.8 168 0 331.8 45.2 7.5 0.0 0 0 3 5 5
-465.2 -6650.2 -0.4 151 0 95.7 38.4 12.5 0.0 0 0 5 1 1
90.9 -6391.2 -1.3 61 0 14.5 41.1 5.0 2.5 2 1 2 3 3
-818.5 -6683.6 -2.4 258 0 55.4 235.4 12.5 0.0 0 1 5 2 2
-4071.0 -9580.8 -5.7 242 0 11.5 47.3 10.0 2.5 2 1 4 5 5
-176.0 -6374.9 -1.4 240 0 92.6 184.4 10.0 0.0 0 1 4 0 0
1062.8 -5519.9 3.5 65 0 102.1 14.9 7.5 2.5 2 0 3 3 3
-735.6 -6647.3 -1.8 258 0 55.8 251.6 10.0 0.0 0 1 4 5 5
-4068.9 -9654.7 -5.9 61 0 12.2 66.2 10.0 0.0 0 1 4 3 3
-595.0 -6746.0 -1.1 348 0 253.4 55.7 12.5 0.0 0 0 5 3 3
-4021.8 -9579.0 -5.8 272 0 20.1 67.4 7.5 2.5 4 1 3 1 1
-634.2 -6955.8 -2.3 55 0 116.8 15.5 10.0 0.0 0 0 4 4 4
-5033.1 -9236.8 -6.5 350 0 85.1 12.5 5.0 2.5 2 0 2 1 1
-4227.4 -9698.5 -5.2 354 0 56.0 11.3 7.5 2.5 2 0 3 5 5
-3618.6 -9439.6 -6.5 76 0 11.1 165.6 10.0 0.0 0 1 4 3 3
-1769.0 -6986.5 -6.4 290 0 20.3 13.1 7.5 2.5 2 0 3 0 0
-3774.0 -9166.7 -4.6 199 0 27.7 22.2 12.5 0.0 0 0 5 1 1
2607.9 -7585.2 -5.6 23 0 48.3 35.4 7.5 0.0 0 0 3 0 0
1911.2 -8021.5 -4.4 113 0 37.6 105.2 7.5 0.0 0 1 3 1 1
-1804.7 -6995.5 -6.0 200 0 14.8 15.7 5.0 2.5 2 1 2 4 4
2589.5 -7626.8 -5.7 23 0 13.1 35.1 10.0 2.5 2 1 4 4 4
1858.6 -8000.0 -4.1 113 0 37.6 106.3 10.0 0.0 0 1 4 1 1
-1785.6 -7018.4 -5.8 110 0 30.0 14.5 7.5 2.5 2 0 3 1 1
-5847.4 -10612.9 -9.6 91 0 18.3 54.6 15.0 2.5 2 1 6 5 5
-5523.5 -9936.5 -8.6 239 0 36.8 124.8 10.0 0.0 0 1 4 4 4
-5886.4 -10593.2 -9.4 182 0 60.4 18.8 7.5 2.5 2 0 3 0 0
-5944.1 -10435.2 -8.8 343 0 68.0 17.9 17.5 2.5 2 0 7 4 4
-2149.5 -10581.2 -7.6 355 0 161.7 64.7 5.0 0.0 0 0 2 1 1
4032.5 -5708.3 -2.1 202 0 148.0 80.9 14.0 0.0 0 0 4 0 0
4429.7 -5096.2 -0.8 293 0 27.3 60.0 14.0 0.0 0 1 4 1 1
4404.9 -5207.3 -0.5 113 0 66.9 37.4 14.0 0.0 0 0 4 2 2
4468.1 -5112.7 -0.4 293 0 25.4 59.4 14.0 3.5 2 1 4 1 1
4245.4 -5170.6 -1.9 202 0 91.4 81.9 14.0 0.0 0 0 4 4 4
4290.7 -5619.9 -2.7 293 0 53.4 71.6 14.0 0.0 0 1 4 3 3
4115.3 -5574.7 -2.1 202 0 124.2 56.2 14.0 0.0 0 0 4 4 4
4216.3 -5614.8 -2.4 292 0 16.6 59.2 14.0 3.5 2 1 4 4 4
4313.8 -5045.1 -1.5 203 0 61.2 73.9 14.0 0.0 0 1 4 5 5
4460.6 -5292.7 0.9 113 0 46.5 96.5 14.0 0.0 0 1 4 0 0
4167.6 -5707.9 -2.7 201 0 56.7 19.9 14.0 3.5 4 0 4 5 5
2475.4 -5824.1 -0.9 290 0 230.9 394.4 7.5 0.0 0 1 3 5 5
2489.9 -5814.2 -0.4 110 0 215.6 373.4 7.5 0.0 0 1 3 5 5
-2058.4 -10026.5 -5.9 284 0 102.1 14.6 12.5 2.5 4 0 5 2 2
333.0 -10039.0 -5.3 203 0 122.6 64.3 10.0 0.0 0 0 4 0 0
1156.3 -8932.2 -5.6 23 0 156.3 94.8 12.5 0.0 0 0 5 1 1
-1568.4 -10398.4 -7.2 86 0 31.2 197.9 10.0 0.0 0 1 4 3 3
425.0 -10143.0 -5.9 113 0 73.1 121.5 7.5 0.0 0 1 3 4 4
-1626.2 -10161.9 -7.2 176 0 60.4 76.3 15.0 0.0 0 1 6 3 3
-1993.9 -10163.1 -6.4 356 0 199.3 120.6 10.0 0.0 0 0 4 3 3
514.9 -10180.6 -6.4 113 0 73.9 121.6 12.5 0.0 0 1 5 1 1
376.5 -9936.3 -5.8 202 0 60.9 122.9 7.5 0.0 0 1 3 1 1
3970.9 8019.8 -6.9 263 0 151.5 414.4 10.0 0.0 0 1 4 3 3
6752.1 10663.6 -12.2 348 0 30.3 21.8 10.0 0.0 0 0 4 4 4
6747.6 10681.4 -12.2 347 0 3.8 8.6 5.0 2.5 2 1 2 1 1
4939.7 8161.4 -7.7 263 0 90.5 737.8 12.5 0.0 0 1 5 4 4
5244.3 5207.2 -4.7 139 0 16.6 16.1 10.0 2.5 4 0 4 1 1
6385.8 6592.0 -7.3 2 0 271.3 84.3 10.0 0.0 0 0 4 4 4
5575.4 9592.4 -9.1 257 0 8.0 53.9 5.0 2.5 2 1 2 5 5
5257.5 5187.0 -4.7 140 0 13.6 18.7 10.0 2.5 4 1 4 4 4
5539.8 9633.4 -9.0 256 0 18.8 41.2 10.0 2.5 2 1 4 2 2
5552.0 9586.9 -9.0 257 0 19.0 54.7 7.5 2.5 2 1 3 1 1
5293.0 5230.6 -5.0 316 0 13.8 19.2 7.5 2.5 2 1 3 5 5
5302.4 5203.5 -5.0 302 0 15.3 20.5 7.5 2.5 2 1 3 5 5
5275.3 5248.0 -5.0 318 0 17.3 17.0 10.0 2.5 4 0 4 2 2
5223.2 5218.0 -4.6 125 0 12.5 19.6 2.5 0.0 0 1 1 3 3
5225.7 5282.7 -4.9 214 0 18.8 14.8 7.5 2.5 2 0 3 4 4
6306.1 6814.7 -7.7 182 0 24.4 85.3 10.0 0.0 0 1 4 4 4
5264.1 5334.5 -5.3 227 0 19.3 14.6 10.0 2.5 2 0 4 0 0
5253.6 5264.1 -4.9 310 0 14.3 15.3 5.0 2.5 4 1 2 1 1
5980.5 6142.3 -4.1 87 0 6.9 26.9 5.0 2.5 2 1 2 3 3
5118.9 8183.5 -8.0 263 0 90.5 738.0 12.5 0.0 0 1 5 3 3
5396.8 8216.1 -8.4 263 0 89.8 737.9 17.5 0.0 0 1 7 1 1
5256.7 8199.3 -8.3 263 0 91.1 737.5 12.5 0.0 0 1 5 0 0
5955.5 6237.4 -6.0 357 0 48.2 22.4 10.0 2.5 2 0 4 0 0
5649.2 9617.8 -9.4 262 0 84.8 145.5 10.0 0.0 0 1 4 1 1
5204.0 5233.4 -4.5 125 0 16.8 15.6 10.0 2.5 2 0 4 4 4
5758.7 6246.5 -5.8 267 0 167.4 325.0 7.5 0.0 0 1 3 4 4
6343.5 6093.1 -4.6 2 0 75.4 17.1 7.5 2.5 2 0 3 5 5
-5342.1 -9926.8 -8.2 59 0 30.7 89.5 10.0 0.0 0 1 4 3 3
-5239.8 -9025.5 -7.4 265 0 13.4 59.6 10.0 2.5 2 1 4 1 1
-5086.4 -10119.1 -6.6 59 0 28.2 25.9 7.5 0.0 0 0 3 4 4
-5077.0 -9044.5 -6.9 260 0 12.5 46.1 7.5 2.5 2 1 3 0 0
-5015.1 -9130.7 -6.7 350 0 74.9 12.7 7.5 0.0 0 0 3 1 1
-3161.1 -10063.0 -6.9 82 0 16.7 24.8 10.0 2.5 2 1 4 3 3
-5462.5 -10206.5 -8.1 329 0 19.5 222.4 7.5 0.0 0 1 3 4 4
-5136.6 -9117.0 -6.8 260 0 13.0 88.7 10.0 2.5 2 1 4 4 4
-5275.9 -9884.3 -8.8 84 0 15.5 97.8 10.0 2.5 2 1 4 0 0
-5356.1 -10357.6 -8.2 149 0 25.1 125.8 10.0 0.0 0 1 4 4 4
-5235.8 -9127.7 -7.5 176 0 58.6 13.6 7.5 2.5 4 0 3 4 4
-4969.6 -9607.9 -6.0 349 0 55.5 12.0 10.0 2.5 2 0 4 0 0
-5030.7 -9050.9 -7.0 350 0 61.8 12.4 7.5 2.5 2 0 3 0 0
-4865.4 -9843.5 -6.6 160 0 48.9 13.8 10.0 2.5 2 0 4 3 3
-5101.8 -9108.7 -6.8 260 0 13.3 82.6 10.0 2.5 2 1 4 5 5
-5029.2 -9508.3 -5.5 259 0 12.1 74.8 7.5 0.0 0 1 3 1 1
-5320.1 -9933.2 -6.8 239 0 22.1 60.4 10.0 2.5 2 1 4 4 4
-4944.1 -9557.5 -5.5 349 0 139.1 11.4 10.0 2.5 2 0 4 4 4
-5308.1 -9906.5 -8.7 60 0 30.1 89.0 10.0 0.0 0 1 4 0 0
-4107.3 -9654.3 -5.6 62 0 11.6 47.6 7.5 2.5 2 1 3 5 5
-4957.7 -9867.7 -7.2 72 0 14.8 90.5 10.0 2.5 4 1 4 5 5
-3678.3 -9109.7 -5.0 255 0 16.0 32.2 15.0 0.0 0 1 6 3 3
-5377.2 -9947.7 -8.7 59 0 30.2 90.1 7.5 0.0 0 1 3 4 4
-5230.5 -9201.2 -6.9 176 0 57.8 14.4 10.0 2.5 2 0 4 3 3
-5206.9 -9440.4 -6.1 174 0 188.7 13.2 5.0 0.0 0 0 2 2 2
-5354.9 -9954.5 -7.4 239 0 21.8 60.7 10.0 2.5 2 1 4 0 0
-5190.8 -9020.2 -7.5 259 0 12.7 93.0 10.0 2.5 4 1 4 5 5
-5053.6 -9138.8 -6.8 350 0 75.4 13.0 12.5 2.5 2 0 5 4 4
-4995.9 -9499.6 -5.2 259 0 11.9 76.2 10.0 2.5 2 1 4 3 3
-5636.8 -10003.6 -8.6 239 0 168.6 124.5 12.5 0.0 0 0 5 1 1
-5596.9 -9964.0 -7.5 58 0 39.6 15.3 10.0 2.5 2 0 4 3 3
-4999.5 -9227.1 -6.5 350 0 91.4 11.7 7.5 2.5 2 0 3 3 3
-4853.2 -10104.1 -6.5 152 0 60.4 35.8 7.5 0.0 0 0 3 2 2
-5112.1 -9051.5 -7.0 260 0 12.5 45.1 7.5 2.5 2 1 3 4 4
-5407.1 -10373.4 -8.7 240 0 78.2 25.3 10.0 0.0 0 0 4 5 5
-5042.9 -9189.0 -6.5 349 0 7.0 10.9 7.5 2.5 2 1 3 5 5
-4156.5 -9645.0 -5.3 151 0 33.0 11.5 10.0 2.5 2 0 4 4 4
-5517.3 -10124.9 -8.6 339 0 12.0 19.4 7.5 2.5 2 1 3 0 0
-5155.2 -9014.0 -7.3 259 0 12.9 92.3 15.0 0.0 0 1 6 3 3
-4388.9 -9857.5 -4.7 359 0 67.7 14.9 10.0 2.5 2 0 4 1 1
-4795.4 -10075.8 -6.3 332 0 60.0 13.8 7.5 2.5 2 0 3 2 2
-5391.1 -9975.3 -8.7 239 0 22.6 62.0 7.5 2.5 2 1 3 3 3
-5170.9 -9167.9 -6.9 170 0 87.8 13.1 7.5 2.5 2 0 3 1 1
-5062.5 -9516.4 -5.8 259 0 11.8 75.1 7.5 0.0 0 1 3 0 0
-2818.0 -10343.4 -6.4 266 0 32.1 16.8 12.5 2.5 2 0 5 2 2
-2847.6 -10596.2 -7.5 86 0 36.7 82.4 10.0 0.0 0 1 4 4 4
416.8 -3774.8 2.3 10 0 19.8 10.9 2.5 2.5 2 0 1 4 4
-2804.2 -10303.8 -6.3 105 0 62.8 57.8 7.5 0.0 0 0 3 3 3
-2800.1 -10592.4 -7.5 86 0 36.6 82.3 10.0 0.0 0 1 4 2 2
-2879.1 -10414.0 -6.6 176 0 72.8 82.4 7.5 0.0 0 1 3 1 1
-2729.6 -10324.0 -6.4 105 0 64.0 58.5 7.5 0.0 0 0 3 0 0
-2464.3 -10636.3 -7.7 176 0 49.1 133.7 7.5 0.0 0 1 3 5 5
74.5 -6223.6 -0.2 240 0 33.1 150.7 12.5 0.0 0 1 5 5 5
-2895.8 -10318.8 -6.3 266 0 14.4 40.5 12.5 2.5 2 1 5 0 0
-3691.9 -9157.3 -4.6 255 0 65.1 49.8 10.0 0.0 0 0 4 4 4
-2452.2 -10396.2 -6.8 105 0 151.3 23.9 10.0 0.0 0 0 4 4 4
-5451.9 -10200.0 -8.0 149 0 20.6 126.6 12.5 0.0 0 1 5 0 0
-5293.4 -9917.0 -7.1 241 0 11.9 6.8 5.0 2.5 4 0 2 4 4
-2540.4 -10373.9 -6.6 105 0 9.2 24.4 7.5 2.5 2 1 3 0 0
-5482.6 -10147.7 -8.7 149 0 63.9 8.3 7.5 2.5 2 0 3 3 3
-5259.4 -9971.2 -7.1 71 0 10.0 64.1 10.0 2.5 2 1 4 5 5
937.1 160.3 -0.8 354 0 43.6 104.4 7.5 0.0 0 1 3 1 1
134.3 -3864.2 0.8 48 0 7.1 46.8 7.5 0.0 0 1 3 5 5
-5037.8 -9397.2 -6.3 80 0 13.1 96.0 10.0 2.5 2 1 4 2 2
1842.6 -3515.3 4.6 222 0 33.0 50.5 12.5 0.0 0 1 5 3 3
894.4 72.0 -1.0 84 0 105.3 44.1 7.5 0.0 0 0 3 2 2
1938.9 -3604.1 4.6 43 0 33.1 53.2 7.5 0.0 0 1 3 0 0
145.8 -3795.5 0.4 229 0 75.9 43.5 7.5 0.0 0 0 3 1 1
3396.3 -3597.8 -0.1 282 0 16.0 166.6 10.0 0.0 0 1 4 3 3
-4989.5 -9335.2 -6.1 350 0 96.6 13.2 12.5 2.5 2 0 5 5 5
812.5 62.5 -0.9 84 0 24.8 105.3 7.5 0.0 0 1 3 4 4
1808.1 -3551.9 4.7 223 0 46.4 50.5 10.0 0.0 0 1 4 2 2
-5012.2 -9391.6 -6.2 80 0 13.3 97.2 10.0 2.5 2 1 4 2 2
3958.0 -4554.0 0.2 270 0 10.6 25.1 7.5 2.5 2 1 3 4 4
-5639.2 -2427.0 0.5 279 0 7.3 35.1 5.0 2.5 2 1 2 3 3
-5650.6 -2515.0 1.3 97 0 14.9 40.5 10.0 2.5 2 1 4 4 4
-5599.3 -2420.6 0.7 280 0 13.9 57.1 10.0 2.5 2 1 4 2 2
-6677.0 -358.9 -1.5 279 0 32.1 21.5 10.0 0.0 0 0 4 4 4
-6790.3 -569.9 -2.1 100 0 13.3 28.2 12.5 2.5 2 1 5 2 2
-6747.7 -579.6 -1.2 98 0 11.9 30.2 10.0 2.5 2 1 4 5 5
-6595.3 -597.9 -2.8 277 0 9.3 34.9 7.5 2.5 2 1 3 3 3
-6574.0 -635.5 -2.8 96 0 10.4 33.7 7.5 2.5 2 1 3 1 1
-6549.5 -640.3 -2.8 97 0 12.1 54.4 7.5 2.5 2 1 3 3 3
-6619.3 -590.7 -2.1 278 0 7.7 39.9 7.5 2.5 2 1 3 4 4
-6549.3 -488.4 -3.0 252 0 10.8 33.3 7.5 2.5 2 1 3 4 4
-6577.8 -568.6 -2.9 73 0 29.5 70.7 12.5 0.0 0 1 5 3 3
2733.7 -10014.3 -7.4 292 0 109.7 161.7 10.0 0.0 0 1 4 1 1
3501.9 -10426.9 -9.7 202 0 34.2 12.9 7.5 2.5 2 0 3 2 2
3573.8 -10357.0 -10.0 202 0 21.1 35.3 7.5 0.0 0 1 3 4 4
3477.8 -10479.1 -9.5 203 0 33.9 13.4 7.5 2.5 2 0 3 4 4
2042.8 -9342.3 -7.4 202 0 15.9 35.6 15.0 0.0 0 1 6 3 3
2964.0 -10197.1 -7.5 22 0 162.7 72.7 7.5 0.0 0 0 3 2 2
2801.4 -10219.5 -8.1 112 0 106.3 162.9 12.5 0.0 0 1 5 2 2
2153.1 -9385.9 -7.4 202 0 22.4 37.8 12.5 0.0 0 1 5 4 4
2678.9 -10199.4 -8.0 292 0 72.8 48.2 10.0 0.0 0 0 4 2 2
2862.1 -10273.0 -8.2 290 0 23.7 11.7 10.0 2.5 4 0 4 5 5
2907.7 -10061.5 -8.0 112 0 195.4 145.2 10.0 0.0 0 0 4 3 3
2407.1 -8619.3 -4.8 113 0 96.4 126.2 7.5 0.0 0 1 3 5 5
2410.2 -9826.6 -6.2 202 0 42.1 12.1 10.0 2.5 2 0 4 1 1
2192.9 -9288.2 -7.2 293 0 10.3 75.3 7.5 0.0 0 1 3 5 5
3551.3 -10319.6 -10.0 269 0 12.1 34.4 12.5 2.5 2 1 5 0 0
3579.7 -10485.6 -9.8 23 0 21.3 9.7 7.5 2.5 2 0 3 5 5
2113.0 -9295.7 -7.1 203 0 75.0 11.5 10.0 0.0 0 0 4 1 1
2165.1 -9276.1 -7.1 292 0 10.5 76.3 7.5 2.5 4 1 3 3 3
2243.6 -8903.0 -6.0 202 0 23.7 90.6 10.0 0.0 0 1 4 5 5
2081.7 -9282.5 -7.0 202 0 74.7 11.1 7.5 2.5 2 0 3 1 1
2743.8 -9993.8 -7.0 112 0 108.2 144.1 7.5 0.0 0 1 3 0 0
2607.5 -9963.9 -7.7 292 0 105.3 162.6 10.0 0.0 0 1 4 1 1
3576.2 -10444.9 -9.9 23 0 25.9 15.3 10.0 2.5 2 0 4 4 4
3362.8 -2318.5 -4.6 67 0 11.7 64.3 10.0 0.0 0 1 4 3 3
3202.5 -2573.8 -0.9 67 0 18.7 35.8 15.0 0.0 0 1 6 2 2
3357.4 -2220.0 -8.3 67 0 11.8 65.8 12.5 2.5 2 1 5 4 4
3090.7 -2258.4 -5.5 171 0 20.5 6.5 2.5 2.5 2 0 1 4 4
3429.9 -2289.4 -3.0 67 0 11.5 64.8 15.0 2.5 2 1 6 5 5
3234.2 -2144.1 -7.4 247 0 13.6 33.4 7.5 2.5 2 1 3 5 5
3174.0 -2274.7 -6.5 179 0 35.0 12.5 7.5 2.5 2 0 3 5 5
3334.0 -2767.1 2.9 293 0 176.1 73.4 10.0 0.0 0 0 4 0 0
3170.7 -2314.7 -6.3 262 0 12.6 35.6 7.5 0.0 0 1 3 1 1
3288.7 -2442.7 -4.5 66 0 12.0 91.0 7.5 2.5 2 1 3 3 3
3362.9 -2410.5 -2.3 66 0 11.7 82.4 12.5 0.0 0 1 5 5 5
3127.0 -2406.3 -5.7 172 0 53.8 12.1 12.5 2.5 2 0 5 0 0
3284.1 -2537.6 1.1 66 0 18.6 36.2 12.5 0.0 0 1 5 0 0
3266.6 -2188.3 -7.6 247 0 12.5 79.5 10.0 2.5 2 1 4 1 1
3097.5 -2253.6 -5.7 171 0 13.6 18.5 7.5 2.5 2 1 3 3 3
3471.0 -3515.5 0.3 112 0 16.3 46.4 7.5 2.5 2 1 3 4 4
3428.0 -2381.6 -0.1 66 0 12.0 69.3 10.0 2.5 2 1 4 3 3
3484.7 -2239.7 -1.3 67 0 11.5 41.9 10.0 2.5 4 1 4 0 0
3118.4 -2305.7 -5.7 262 0 11.4 59.7 10.0 2.5 4 1 4 0 0
3182.6 -2377.0 -6.2 247 0 11.3 90.9 10.0 2.5 2 1 4 2 2
3129.8 -2194.7 -6.0 351 0 80.6 25.2 10.0 0.0 0 0 4 1 1
3382.1 -2494.6 3.4 66 0 18.1 36.7 10.0 2.5 2 1 4 2 2
3086.0 -2231.5 -5.6 171 0 32.8 7.3 5.0 2.5 2 0 2 0 0
3130.5 -2291.9 -6.0 81 0 15.9 50.2 7.5 2.5 2 1 3 4 4
3187.4 -2108.2 -6.3 247 0 13.2 32.4 10.0 2.5 2 1 4 0 0
3321.1 -2428.0 -3.4 66 0 11.7 82.5 12.5 2.5 2 1 5 5 5
3244.2 -2555.5 0.1 67 0 18.3 36.4 10.0 0.0 0 1 4 3 3
3462.0 -2458.8 5.3 66 0 18.4 36.7 10.0 0.0 0 1 4 3 3
3227.2 -2311.4 -6.8 246 0 13.2 36.5 12.5 2.5 2 1 5 4 4
3286.2 -2126.6 -8.0 246 0 14.2 32.3 10.0 2.5 2 1 4 5 5
3389.2 -2206.3 -7.3 67 0 11.6 65.4 12.5 2.5 2 1 5 4 4
3502.0 -2421.5 6.3 335 0 35.9 17.5 10.0 2.5 2 0 4 2 2
3459.2 -2267.2 -2.6 67 0 11.2 65.3 12.5 2.5 4 1 5 5 5
3449.8 -2153.1 -5.4 337 0 83.3 12.0 10.0 2.5 2 0 4 4 4
3148.1 -2168.9 -6.4 165 0 36.6 13.4 10.0 0.0 0 0 4 0 0
3215.1 -2362.2 -5.8 246 0 12.0 91.3 12.5 2.5 2 1 5 1 1
3323.7 -2520.2 2.1 66 0 17.6 36.0 7.5 2.5 2 1 3 5 5
3622.4 -2532.1 4.7 15 0 128.6 48.9 10.0 0.0 0 0 4 3 3
3113.1 -2288.2 -5.7 82 0 15.5 10.8 5.0 2.5 2 0 2 3 3
3239.9 -2236.1 -7.2 247 0 12.8 36.0 7.5 2.5 2 1 3 0 0
3301.9 -2270.3 -5.6 247 0 11.9 59.8 10.0 2.5 4 1 4 1 1
3196.9 -2766.0 4.4 185 0 27.1 12.0 10.0 2.5 2 0 4 5 5
3299.2 -2173.8 -8.0 247 0 11.8 65.6 10.0 2.5 2 1 4 4 4
3459.9 -2368.1 0.6 67 0 11.2 69.8 12.5 2.5 2 1 5 2 2
3173.3 -2457.5 -5.1 157 0 41.3 11.3 10.0 2.5 2 0 4 1 1
3079.1 -2184.1 -5.5 172 0 44.2 6.5 7.5 2.5 4 0 3 0 0
3421.9 -2476.7 4.4 66 0 18.0 36.8 12.5 2.5 2 1 5 4 4
3172.9 -2486.8 -3.4 157 0 11.6 92.9 10.0 2.5 2 1 4 4 4
3415.5 -2160.8 -6.4 337 0 69.4 12.4 10.0 2.5 2 0 4 4 4
3395.8 -2395.8 -0.9 66 0 11.7 69.0 10.0 2.5 2 1 4 5 5
3137.6 -2472.9 -5.5 172 0 53.4 12.4 10.0 2.5 2 0 4 1 1
3085.8 -2179.2 -5.7 171 0 37.0 15.4 7.5 2.5 2 0 3 4 4
3492.5 -2354.0 0.8 67 0 11.5 83.2 10.0 2.5 2 1 4 1 1
3162.8 -2219.3 -6.5 177 0 35.3 12.9 12.5 0.0 0 0 5 5 5
3396.5 -2304.3 -3.8 67 0 11.6 64.9 10.0 2.5 2 1 4 0 0
3125.5 -2140.3 -5.5 350 0 25.3 24.7 7.5 0.0 0 0 3 2 2
3228.6 -2068.8 -6.3 246 0 13.7 32.8 12.5 2.5 2 1 5 1 1
3217.5 -2205.8 -7.2 157 0 33.0 13.4 7.5 2.5 2 0 3 5 5
3482.1 -2139.1 -4.2 337 0 82.8 12.2 12.5 2.5 2 0 5 0 0
3206.0 -2706.2 4.8 275 0 12.1 39.7 10.0 2.5 2 1 4 1 1
3957.5 -4646.4 0.3 90 0 10.8 53.8 5.0 2.5 2 1 2 0 0
3923.8 -4642.3 -0.3 89 0 10.3 59.8 12.5 2.5 2 1 5 2 2
3233.6 -2854.0 3.2 203 0 31.1 20.3 7.5 0.0 0 0 3 3 3
4131.5 -4425.2 -0.5 270 0 10.4 83.5 7.5 2.5 2 1 3 2 2
3997.7 -4652.9 0.9 89 0 10.4 65.5 7.5 2.5 2 1 3 5 5
4100.5 -4626.5 0.3 90 0 10.3 89.4 10.0 2.5 2 1 4 3 3
4238.8 -4577.8 0.4 90 0 10.0 75.6 7.5 2.5 2 1 3 3 3
3810.8 -2754.6 2.6 24 0 7.1 37.5 7.5 2.5 2 1 3 4 4
4135.8 -3440.5 -0.7 24 0 72.8 92.2 7.5 0.0 0 1 3 1 1
3355.5 -4707.5 3.1 91 0 15.2 41.2 7.5 2.5 2 1 3 4 4
4165.6 -4408.3 -1.0 270 0 10.0 79.4 7.5 2.5 2 1 3 0 0
3997.0 -4525.4 0.5 270 0 9.8 48.8 7.5 0.0 0 1 3 5 5
4199.4 -4421.5 -0.9 270 0 10.8 62.0 10.0 2.5 4 1 4 5 5
4065.6 -4654.5 0.7 90 0 10.9 82.7 12.5 2.5 2 1 5 0 0
3181.3 -2785.4 4.4 206 0 6.8 13.7 2.5 2.5 2 1 1 0 0
4171.1 -4591.2 -0.1 90 0 10.0 92.4 7.5 2.5 2 1 3 4 4
3261.6 -2872.7 3.0 203 0 20.1 23.8 7.5 2.5 2 1 3 2 2
4098.3 -4447.8 -0.4 270 0 9.8 76.6 7.5 2.5 2 1 3 5 5
3888.4 -4639.4 -0.5 90 0 11.7 28.4 7.5 0.0 0 1 3 4 4
4029.9 -4499.8 0.2 270 0 9.8 75.7 7.5 0.0 0 1 3 4 4
4030.7 -4661.1 0.9 90 0 9.5 75.5 7.5 2.5 4 1 3 2 2
3442.0 -2927.4 2.1 21 0 16.4 95.6 12.5 2.5 2 1 5 2 2
4135.4 -4605.7 0.2 90 0 11.0 83.7 7.5 0.0 0 1 3 2 2
4232.7 -4434.5 -0.7 270 0 9.9 58.9 7.5 0.0 0 1 3 1 1
4206.1 -4580.7 0.1 90 0 10.5 88.9 7.5 2.5 4 1 3 4 4
4064.7 -4474.3 -0.2 270 0 10.9 83.2 10.0 2.5 4 1 4 1 1
3193.8 -2829.9 3.5 171 0 52.1 21.0 7.5 2.5 2 0 3 3 3
4227.1 -3304.6 0.6 119 0 65.8 9.6 5.0 2.5 4 0 2 3 3
4214.5 -3250.6 -0.6 313 0 20.5 44.3 12.5 2.5 4 1 5 4 4
3165.9 -4991.0 0.0 23 0 39.5 19.9 7.5 0.0 0 0 3 0 0
4174.3 -3224.6 -0.5 296 0 6.4 21.6 2.5 2.5 2 1 1 2 2
3436.3 -4732.6 2.3 71 0 30.2 25.0 7.5 0.0 0 0 3 1 1
3748.1 -4756.6 -0.0 203 0 22.5 22.9 7.5 2.5 2 1 3 3 3
3624.0 -10468.9 -9.9 25 0 25.1 15.1 10.0 2.5 4 0 4 4 4
3604.2 -10518.8 -9.8 23 0 25.4 15.3 10.0 2.5 2 0 4 0 0
3531.7 -10517.9 -9.7 114 0 9.5 32.2 7.5 2.5 2 1 3 4 4
4032.5 -4908.3 -1.1 113 0 14.8 6.1 7.5 2.5 2 0 3 0 0
3882.8 -4880.7 -0.9 293 0 29.8 75.3 7.5 0.0 0 1 3 4 4
3716.0 -4479.8 0.4 69 0 16.3 24.8 7.5 0.0 0 1 3 2 2
3193.4 -3566.2 1.3 112 0 80.6 10.1 10.0 2.5 4 0 4 2 2
4301.4 -4745.5 1.7 346 0 29.4 29.9 7.5 0.0 0 1 3 0 0
3645.1 -4378.7 0.4 270 0 19.8 25.3 12.5 0.0 0 1 5 4 4
3728.2 -4508.5 0.4 67 0 16.9 24.3 7.5 2.5 2 1 3 2 2
3517.4 -3132.4 -0.1 114 0 37.3 31.5 7.5 0.0 0 0 3 4 4
3746.1 -6876.9 -3.5 294 0 102.6 90.0 14.0 0.0 0 0 4 4 4
3918.2 -4840.5 -1.1 113 0 8.9 40.4 7.5 2.5 2 1 3 2 2
3418.6 -3006.2 1.3 15 0 41.9 10.2 7.5 2.5 2 0 3 5 5
3834.9 -4802.8 -0.8 113 0 15.9 44.4 7.5 2.5 2 1 3 3 3
4058.9 -3155.4 -0.8 201 0 14.6 5.5 7.5 2.5 2 0 3 3 3
3686.4 -4420.0 0.3 247 0 19.4 24.7 10.0 2.5 4 1 4 4 4
3754.8 -4393.2 0.2 270 0 14.2 23.1 10.0 2.5 2 1 4 3 3
4043.0 -4860.0 -0.8 113 0 31.5 9.3 7.5 2.5 2 0 3 1 1
3902.5 -6379.4 -2.3 293 0 92.0 31.0 10.5 0.0 0 0 3 2 2
3608.8 -4506.6 0.7 157 0 44.9 15.6 12.5 2.5 2 0 5 3 3
3717.7 -4413.7 0.3 247 0 18.1 22.1 7.5 2.5 2 1 3 5 5
4039.5 -3260.4 0.5 26 0 11.7 25.4 10.0 2.5 4 1 4 3 3
3301.4 -2923.3 2.6 90 0 9.7 9.0 7.5 2.5 2 0 3 4 4
3355.0 -3005.8 1.7 85 0 15.5 70.1 7.5 2.5 2 1 3 0 0
3994.4 -4836.2 -0.8 293 0 27.9 11.2 10.0 2.5 2 0 4 3 3
4053.0 -3233.2 -0.4 27 0 16.7 23.6 7.5 2.5 2 1 3 0 0
3656.5 -4458.1 0.5 156 0 24.2 19.7 5.0 2.5 2 0 2 2 2
3782.5 -4465.1 0.2 69 0 16.0 21.0 7.5 0.0 0 1 3 0 0
3602.3 -4416.6 0.5 157 0 22.2 20.4 7.5 2.5 2 0 3 3 3
3754.5 -4488.0 0.3 68 0 16.3 23.9 7.5 2.5 2 1 3 5 5
3870.7 -4836.2 -0.7 112 0 16.9 6.2 5.0 2.5 2 0 2 1 1
3687.7 -4499.8 0.5 67 0 19.8 23.9 7.5 2.5 2 1 3 5 5
3947.2 -4866.7 -1.2 112 0 18.5 40.5 12.5 0.0 0 1 5 5 5
3387.2 -3019.5 1.4 84 0 15.9 65.1 7.5 2.5 2 1 3 1 1
3997.3 -4888.1 -1.1 113 0 10.1 34.4 5.0 2.5 2 1 2 2 2
3101.2 -3521.6 0.2 202 0 7.8 43.1 7.5 2.5 2 1 3 3 3
3588.9 -4459.9 0.6 157 0 44.3 14.9 10.0 2.5 2 0 4 2 2
3625.5 -4470.2 0.6 156 0 21.4 20.1 7.5 2.5 2 0 3 4 4
3292.2 -2978.4 2.1 85 0 15.6 70.5 10.0 2.5 2 1 4 4 4
4194.2 -5898.4 -3.0 113 0 105.2 96.1 14.0 0.0 0 0 4 0 0
3673.1 -4545.2 0.6 67 0 15.6 69.7 10.0 2.5 2 1 4 5 5
3387.6 -3086.8 0.8 81 0 12.8 53.8 7.5 2.5 2 1 3 2 2
4031.7 -4883.1 -0.9 113 0 36.1 8.3 7.5 2.5 2 0 3 1 1
3050.6 -5956.3 -1.9 293 0 12.7 74.2 10.0 2.5 2 1 4 2 2
3806.3 -6486.6 -3.3 203 0 25.9 91.5 10.5 0.0 0 1 3 0 0
3635.6 -4558.1 0.8 68 0 6.7 26.4 7.5 2.5 2 1 3 3 3
3596.2 -4375.7 0.4 247 0 19.8 22.8 7.5 2.5 4 1 3 5 5
3682.7 -4383.7 0.3 269 0 18.3 24.7 10.0 2.5 2 1 4 5 5
3789.8 -4397.0 0.1 270 0 13.8 20.7 7.5 2.5 2 1 3 2 2
2949.8 -6016.0 -1.8 203 0 44.8 13.6 5.0 2.5 2 0 2 0 0
3323.8 -2991.6 1.9 84 0 16.0 69.7 10.0 2.5 2 1 4 4 4
3961.5 -5001.7 -0.9 203 0 9.4 28.9 7.5 2.5 2 1 3 1 1
3741.8 -4459.3 0.3 67 0 19.0 21.3 10.0 2.5 2 1 4 3 3
3990.2 -4825.8 -0.7 294 0 35.4 6.1 5.0 2.5 4 0 2 2 2
3155.1 -3468.7 1.0 292 0 7.9 63.3 7.5 2.5 2 1 3 2 2
3885.5 -4826.6 -1.1 113 0 50.2 64.3 10.0 0.0 0 1 4 1 1
3068.8 -6050.1 -2.0 113 0 12.6 74.2 7.5 2.5 2 1 3 4 4
3829.5 -6432.6 -3.4 203 0 70.2 92.1 10.5 0.0 0 1 3 2 2
3614.0 -4443.7 0.5 158 0 22.1 20.1 10.0 2.5 2 0 4 1 1
4097.2 -4841.7 -0.7 23 0 36.5 66.9 12.5 0.0 0 1 5 5 5
3648.7 -4414.1 0.4 248 0 20.1 24.3 10.0 2.5 2 1 4 5 5
4055.3 -4913.0 -1.0 113 0 15.9 54.2 10.0 2.5 2 1 4 1 1
3769.5 -4435.7 0.2 67 0 14.5 12.0 2.5 2.5 2 0 1 3 3
3700.5 -4529.6 0.6 67 0 18.6 24.4 10.0 2.5 4 1 4 5 5
3718.4 -4389.2 0.2 271 0 16.4 13.3 7.5 2.5 2 0 3 1 1
3918.0 -5032.0 -1.3 113 0 36.8 30.2 7.5 0.0 0 0 3 1 1
4609.0 -4449.7 -0.9 270 0 12.0 29.0 7.5 2.5 2 1 3 5 5
3851.8 -3523.1 -0.4 294 0 20.5 62.8 10.0 2.5 2 1 4 1 1
4541.8 -4671.3 -0.0 181 0 29.7 12.3 7.5 2.5 2 0 3 2 2
3778.0 -3664.8 0.3 114 0 39.6 75.9 10.0 0.0 0 1 4 1 1
4483.2 -4624.0 0.3 182 0 29.3 13.1 7.5 2.5 2 0 3 1 1
4707.9 -4544.3 -1.4 270 0 13.1 21.4 12.5 2.5 2 1 5 1 1
3789.5 -5016.1 -1.8 113 0 48.9 66.2 10.0 0.0 0 1 4 1 1
4515.6 -4893.0 0.9 300 0 24.6 33.3 10.0 0.0 0 1 4 4 4
4609.5 -4596.4 -0.7 180 0 29.7 12.2 7.5 2.5 2 0 3 2 2
4607.5 -4496.7 -0.8 90 0 7.9 9.6 5.0 2.5 2 1 2 1 1
4522.1 -4530.7 -0.2 180 0 30.3 12.6 10.0 2.5 2 0 4 0 0
3841.4 -5060.1 -1.9 113 0 41.8 8.9 7.5 0.0 0 0 3 0 0
5659.2 -3087.8 -3.7 271 0 48.8 30.5 7.5 0.0 0 0 3 0 0
4682.9 -4536.1 -1.3 90 0 13.1 21.2 10.0 2.5 4 1 4 5 5
4559.6 -4583.9 -0.3 180 0 31.8 11.7 7.5 2.5 2 0 3 5 5
4936.2 -2999.0 -1.7 90 0 13.7 78.4 10.0 2.5 2 1 4 3 3
3804.4 -3506.0 -0.1 205 0 10.3 20.0 7.5 2.5 2 1 3 4 4
4651.1 -4527.6 -1.1 90 0 9.5 17.9 7.5 2.5 2 1 3 0 0
4823.5 -5176.9 1.8 117 0 79.6 14.7 14.0 3.5 2 0 4 4 4
4663.0 -4559.3 -1.0 269 0 12.0 29.4 5.0 2.5 2 1 2 0 0
4657.5 -4463.7 -1.2 270 0 11.9 29.4 7.5 2.5 2 1 3 3 3
4503.5 -4575.4 0.0 182 0 28.8 12.6 10.0 2.5 4 0 4 2 2
4864.4 -5468.0 0.4 114 0 35.7 14.5 14.0 3.5 2 0 4 4 4
3851.3 -5035.8 -1.6 114 0 40.3 54.8 7.5 0.0 0 1 3 2 2
4625.9 -4549.8 -0.9 91 0 12.2 32.7 7.5 2.5 2 1 3 3 3
4133.2 -4654.3 1.4 253 0 16.0 14.9 2.5 2.5 4 0 1 4 4
4568.6 -4941.0 0.8 29 0 17.5 13.6 10.0 2.5 2 0 4 2 2
4584.1 -4628.3 -0.3 0 0 29.3 11.6 7.5 2.5 2 0 3 3 3
4717.9 -4602.6 -1.0 91 0 13.3 22.4 5.0 2.5 2 1 2 1 1
4079.0 -4964.5 -1.4 292 0 50.5 65.7 10.0 0.0 0 1 4 4 4
3277.6 -2963.6 2.3 81 0 6.1 41.6 7.5 2.5 2 1 3 2 2
4234.9 -4225.6 -0.8 75 0 17.9 19.7 7.5 0.0 0 1 3 3 3
4535.3 -7054.6 -8.5 113 0 60.7 162.6 14.0 0.0 0 1 4 1 1
3681.9 -5546.3 2.0 275 0 66.4 30.2 12.5 0.0 0 0 5 4 4
4480.0 -4875.3 1.0 301 0 29.6 9.0 7.5 2.5 2 0 3 1 1
4863.4 -5045.7 -0.7 291 0 23.9 27.1 14.0 0.0 0 1 4 0 0
3251.7 -2961.5 2.4 81 0 13.3 74.4 10.0 2.5 2 1 4 4 4
4960.6 -5525.5 -2.5 113 0 60.5 94.2 14.0 0.0 0 1 4 3 3
4907.6 -5500.5 -1.3 114 0 31.3 26.0 14.0 0.0 0 0 4 3 3
6756.4 -7396.7 -5.6 23 0 54.9 54.8 14.0 0.0 0 0 4 4 4
5357.3 -5441.8 -2.0 266 0 20.9 10.9 10.0 2.5 2 0 4 0 0
5931.7 -6805.6 -5.2 203 0 56.5 13.9 17.5 3.5 2 0 5 4 4
5407.5 -5573.5 -2.9 353 0 18.2 23.1 7.5 2.5 2 1 3 2 2
4706.7 -5268.0 2.3 23 0 77.5 102.6 14.0 0.0 0 1 4 3 3
3623.6 -7123.4 -3.5 113 0 70.7 64.8 14.0 0.0 0 0 4 5 5
4963.3 -4557.2 -0.7 117 0 10.3 22.3 5.0 2.5 2 1 2 1 1
3269.9 -2919.8 2.7 82 0 6.1 13.6 2.5 2.5 4 1 1 3 3
4906.3 -4033.8 -2.0 26 0 272.2 145.0 10.0 0.0 0 0 4 0 0
4046.0 -3355.8 -0.7 294 0 13.8 173.6 10.0 0.0 0 1 4 5 5
6006.2 -6723.6 -6.6 293 0 14.1 63.0 17.5 3.5 2 1 5 4 4
3661.6 -5621.8 3.5 88 0 17.9 44.8 7.5 2.5 2 1 3 3 3
4884.5 -5395.1 1.5 295 0 15.3 50.2 14.0 3.5 2 1 4 2 2
3262.2 -7271.7 -2.6 127 0 27.9 72.7 14.0 0.0 0 1 4 5 5
4246.8 -3351.7 -0.4 299 0 20.5 49.7 12.5 2.5 2 1 5 0 0
3201.2 -2909.7 2.7 171 0 74.4 14.4 10.0 2.5 2 0 4 0 0
3972.6 -5118.0 -1.7 113 0 27.1 10.9 7.5 2.5 2 0 3 5 5
5018.6 -4750.7 -1.1 180 0 27.5 52.5 7.5 0.0 0 1 3 1 1
4988.2 -4623.5 -0.8 118 0 10.6 46.9 10.0 2.5 2 1 4 3 3
5484.1 -5913.2 -4.9 79 0 11.4 75.3 14.0 3.5 2 1 4 4 4
4744.5 -4904.2 -0.1 90 0 16.9 8.3 10.5 3.5 2 0 3 0 0
3965.7 -3415.0 -0.6 204 0 174.2 30.2 7.5 0.0 0 0 3 2 2
3944.8 -5080.7 -1.5 113 0 21.1 36.6 10.0 0.0 0 1 4 2 2
4817.1 -4854.6 -0.6 1 0 28.3 10.5 14.0 3.5 2 0 4 4 4
4459.3 -4863.9 1.2 299 0 6.5 31.0 5.0 2.5 2 1 2 2 2
4976.8 -4595.0 -0.8 115 0 11.5 18.7 2.5 2.5 2 1 1 1 1
5904.4 -6794.0 -5.3 202 0 56.9 12.8 17.5 3.5 2 0 5 4 4
4923.8 -5874.8 -6.3 293 0 60.0 81.0 14.0 0.0 0 1 4 2 2
3216.6 -2878.9 3.2 203 0 6.5 15.9 5.0 2.5 2 1 2 1 1
5591.1 -5878.5 -3.9 352 0 37.9 12.0 14.0 3.5 2 0 4 2 2
5536.3 -5905.6 -4.7 82 0 78.6 12.2 14.0 3.5 2 0 4 3 3
5437.9 -5461.0 -2.3 354 0 42.3 24.5 10.0 0.0 0 0 4 4 4
5979.0 -6789.9 -5.2 293 0 13.9 60.6 17.5 3.5 2 1 5 2 2
4829.0 -4921.7 -0.0 90 0 10.5 28.6 14.0 3.5 2 1 4 2 2
3993.0 -5095.1 -1.4 113 0 47.3 60.4 7.5 0.0 0 1 3 1 1
5471.6 -5677.8 -3.8 352 0 24.0 13.3 10.0 2.5 4 0 4 3 3
5396.8 -5698.8 -3.6 95 0 10.6 33.9 10.0 2.5 2 1 4 3 3
5399.3 -5531.0 -2.6 353 0 25.7 14.1 10.0 2.5 2 0 4 1 1
4772.9 -4905.1 -0.4 90 0 10.1 37.2 14.0 3.5 2 1 4 3 3
5451.1 -5512.0 -2.6 353 0 24.4 13.2 7.5 2.5 2 0 3 5 5
5436.0 -5569.8 -3.0 352 0 33.8 9.7 7.5 2.5 2 0 3 2 2
5440.4 -5736.5 -4.0 82 0 9.3 32.2 7.5 2.5 2 1 3 2 2
5483.5 -5753.5 -4.1 352 0 24.0 13.3 10.0 2.5 2 0 4 3 3
4715.4 -4897.0 -0.1 90 0 10.1 35.9 14.0 3.5 2 1 4 2 2
5408.2 -5616.9 -3.2 353 0 25.1 13.8 7.5 2.5 2 0 3 3 3
5465.7 -5619.5 -3.4 352 0 24.6 15.4 7.5 2.5 2 0 3 1 1
4772.4 -4973.9 0.3 89 0 10.5 37.1 14.0 3.5 2 1 4 4 4
5529.2 -5732.9 -3.5 171 0 50.1 43.7 14.0 0.0 0 0 4 1 1
4301.7 -3394.2 -0.6 298 0 9.3 37.6 7.5 2.5 2 1 3 4 4
6072.4 -7119.8 -1.6 85 0 11.8 71.3 17.5 3.5 2 1 5 5 5
5884.4 -6894.6 -2.7 266 0 13.4 88.0 17.5 3.5 2 1 5 1 1
5050.3 -2992.3 -1.7 29 0 17.5 55.8 10.0 2.5 2 1 4 0 0
6229.2 -7019.4 -3.4 85 0 11.1 71.9 17.5 0.0 0 1 5 5 5
4224.8 -3419.4 -0.8 207 0 18.0 86.6 7.5 2.5 2 1 3 2 2
5818.2 -4442.8 -0.3 10 0 83.0 26.9 7.5 0.0 0 0 3 1 1
5153.9 -5185.1 -3.6 90 0 11.4 27.7 5.0 2.5 2 1 2 4 4
6196.4 -7110.0 -5.0 84 0 11.9 72.7 17.5 3.5 2 1 5 3 3
5568.7 -4685.8 -0.9 297 0 10.7 45.7 14.0 3.5 2 1 4 3 3
4943.9 -4517.4 -0.6 117 0 12.6 23.6 7.5 0.0 0 1 3 1 1
5273.2 -5087.3 -7.0 359 0 35.6 12.7 7.5 2.5 2 0 3 1 1
3838.7 -3661.4 -0.6 114 0 23.5 89.6 7.5 0.0 0 1 3 5 5
5227.4 -5049.7 -6.3 359 0 37.1 12.2 12.5 2.5 2 0 5 1 1
6106.4 -7030.0 -2.5 86 0 11.8 70.3 17.5 3.5 2 1 5 3 3
5965.4 -7037.7 -1.5 86 0 12.6 59.9 17.5 3.5 4 1 5 0 0
5127.5 -4958.7 -4.6 269 0 11.8 28.6 10.0 2.5 2 1 4 1 1
5207.1 -4910.4 -3.6 269 0 13.2 20.2 10.0 0.0 0 1 4 3 3
5269.8 -5203.6 -4.5 360 0 35.6 12.8 12.5 2.5 2 0 5 3 3
6004.8 -4557.1 -1.1 282 0 12.3 94.5 10.0 2.5 2 1 4 1 1
6113.7 -7116.4 -2.8 85 0 12.3 71.4 17.5 3.5 4 1 5 5 5
4521.9 -6614.1 -3.5 203 0 18.6 53.8 14.0 3.5 2 1 4 4 4
5626.6 -4717.3 -0.9 298 0 11.0 46.3 14.0 3.5 2 1 4 4 4
6182.1 -6950.7 -3.0 265 0 12.2 72.4 17.5 3.5 2 1 5 5 5
5920.4 -6906.9 -2.6 266 0 12.9 59.1 17.5 3.5 2 1 5 2 2
5696.8 -4911.9 -1.3 270 0 9.4 19.4 10.5 3.5 2 1 3 3 3
6105.6 -4747.8 -1.7 9 0 27.2 15.3 12.5 2.5 2 0 5 2 2
5635.6 -5804.4 -3.5 265 0 12.6 142.5 10.5 0.0 0 1 3 2 2
4349.4 -3865.1 -1.2 117 0 14.9 75.8 10.0 2.5 2 1 4 4 4
4031.6 -3706.5 -1.8 24 0 107.5 132.8 10.0 0.0 0 1 4 4 4
6000.2 -7034.9 -1.7 85 0 13.1 59.9 17.5 0.0 0 1 5 0 0
5227.1 -5120.9 -6.2 0 0 30.0 12.0 7.5 0.0 0 0 3 3 3
5240.6 -4978.7 -5.1 359 0 29.0 12.4 7.5 2.5 2 0 3 0 0
5118.6 -4908.3 -4.5 269 0 11.0 28.2 10.0 2.5 2 1 4 5 5
4638.9 -3631.9 -2.1 120 0 11.6 51.4 10.0 2.5 2 1 4 1 1
5074.2 -5003.4 -3.9 169 0 73.2 12.8 10.0 2.5 2 0 4 0 0
5929.0 -7027.7 -1.2 86 0 13.3 46.7 17.5 3.5 4 1 5 1 1
5708.7 -4981.9 -1.5 360 0 12.2 18.0 14.0 3.5 2 1 4 2 2
5175.4 -4909.4 -4.4 270 0 12.8 35.2 15.0 0.0 0 1 6 3 3
5230.8 -4910.9 -3.8 269 0 13.1 35.7 15.0 0.0 0 1 6 5 5
4614.1 -6643.4 -4.5 293 0 54.4 20.2 14.0 3.5 2 0 4 0 0
5099.4 -5142.6 -3.6 170 0 48.4 13.5 12.5 2.5 2 0 5 3 3
5922.6 -4501.5 -0.3 99 0 23.4 80.8 10.0 0.0 0 1 4 5 5
5207.2 -5208.0 -4.8 90 0 13.1 36.4 7.5 2.5 2 1 3 2 2
4690.4 -3552.5 -1.8 30 0 52.1 11.7 7.5 2.5 2 0 3 2 2
3869.5 -3674.9 -1.0 114 0 24.5 91.0 15.0 0.0 0 1 6 2 2
5618.8 -5746.3 -3.0 82 0 53.2 52.2 14.0 0.0 0 0 4 2 2
5180.0 -4987.6 -5.5 270 0 12.8 37.1 10.0 2.5 4 1 4 4 4
5144.9 -4907.9 -4.5 270 0 10.3 28.5 10.0 2.5 2 1 4 4 4
5089.5 -5085.9 -4.5 170 0 50.2 13.9 12.5 2.5 2 0 5 2 2
5519.9 -5667.5 -3.3 173 0 49.3 43.0 14.0 0.0 0 0 4 2 2
5200.6 -5083.2 -6.2 359 0 9.3 26.5 2.5 2.5 2 1 1 0 0
5945.1 -4303.8 0.0 280 0 15.2 71.2 12.5 2.5 4 1 5 3 3
5647.9 -4775.8 -1.0 118 0 9.5 35.4 10.5 3.5 2 1 3 0 0
4410.4 -3743.0 -2.5 296 0 14.8 50.2 12.5 2.5 2 1 5 2 2
5061.8 -4908.2 -3.2 259 0 13.6 50.1 10.0 2.5 2 1 4 5 5
5270.8 -5153.5 -6.1 0 0 35.3 12.9 10.0 2.5 2 0 4 4 4
4354.0 -3413.6 -0.8 301 0 16.1 46.7 5.0 2.5 2 1 2 1 1
4035.3 -3737.1 -2.0 24 0 48.2 15.2 7.5 2.5 2 0 3 4 4
4604.1 -6601.8 -3.6 293 0 19.1 24.8 14.0 3.5 2 1 4 4 4
5601.9 -5629.6 -2.7 262 0 53.3 52.6 14.0 0.0 0 0 4 5 5
4281.2 -3383.0 -0.6 298 0 8.7 37.7 7.5 0.0 0 1 3 5 5
5164.8 -5140.9 -5.1 89 0 13.1 37.4 17.5 0.0 0 1 7 4 4
4642.1 -6332.1 -0.1 113 0 29.9 66.7 14.0 0.0 0 1 4 1 1
5696.8 -4755.7 -1.0 297 0 10.8 44.9 14.0 3.5 2 1 4 2 2
4321.2 -3404.7 -0.7 299 0 11.9 37.3 7.5 2.5 2 1 3 2 2
5850.9 -6919.7 -2.0 265 0 13.0 77.5 17.5 3.5 2 1 5 2 2
5085.3 -5887.5 -5.8 293 0 14.8 64.9 14.0 3.5 2 1 4 5 5
6064.9 -7033.8 -2.3 86 0 12.0 71.4 17.5 3.5 2 1 5 4 4
4332.6 -3411.0 -0.8 299 0 7.3 44.2 7.5 2.5 2 1 3 3 3
6154.8 -7113.3 -3.9 84 0 12.2 72.2 17.5 3.5 2 1 5 5 5
3800.0 -9432.1 -12.3 292 0 59.9 90.5 7.5 0.0 0 1 3 3 3
4372.2 -5335.6 0.9 293 0 60.3 8.1 10.5 3.5 2 0 3 0 0
6141.7 -6954.2 -2.8 266 0 11.7 72.8 17.5 3.5 2 1 5 3 3
5142.5 -5051.2 -5.4 180 0 37.3 12.4 7.5 2.5 2 0 3 4 4
6074.6 -4757.3 -2.3 98 0 15.8 26.6 10.0 2.5 2 1 4 2 2
5724.9 -4968.0 -1.4 28 0 16.0 22.9 14.0 3.5 2 1 4 3 3
5563.2 -4792.1 -1.0 90 0 9.5 30.3 10.5 3.5 2 1 3 5 5
5773.9 -4876.4 -1.2 28 0 16.0 22.9 14.0 3.5 2 1 4 1 1
5752.4 -4918.6 -1.3 28 0 16.0 22.9 14.0 3.5 2 1 4 1 1
5871.1 -6863.8 -3.2 265 0 13.9 23.6 17.5 3.5 4 1 5 5 5
3839.6 -5362.3 -3.7 203 0 19.4 26.6 10.0 0.0 0 1 4 2 2
5803.9 -5978.1 -3.6 92 0 10.8 65.1 10.5 3.5 2 1 3 3 3
5712.0 -5937.3 -3.4 82 0 11.8 61.5 10.5 3.5 2 1 3 5 5
4202.0 -5567.4 -0.5 292 0 6.4 38.4 10.5 3.5 2 1 3 4 4
4602.7 -5430.9 4.3 293 0 29.6 71.1 14.0 0.0 0 1 4 4 4
5774.7 -5500.2 -0.6 258 0 61.2 53.9 14.0 0.0 0 0 4 3 3
5874.8 -5963.0 -3.7 3 0 95.2 12.6 10.5 0.0 0 0 3 0 0
5103.0 -4603.2 -0.8 27 0 30.3 12.0 7.5 2.5 2 0 3 0 0
3951.1 -6057.4 -1.0 203 0 89.5 35.8 10.5 0.0 0 0 3 1 1
4045.9 -5181.0 -2.0 294 0 53.4 15.0 10.0 2.5 2 0 4 2 2
6775.5 -7054.1 -5.2 292 0 11.5 74.4 14.0 3.5 4 1 4 1 1
3968.8 -5809.9 -0.5 203 0 7.4 5.8 10.5 3.5 2 0 3 2 2
3877.3 -5309.4 -3.6 113 0 6.5 53.1 7.5 0.0 0 1 3 2 2
5831.1 -5829.5 -2.7 262 0 11.2 62.6 10.5 3.5 2 1 3 5 5
4031.9 -5136.7 -1.5 113 0 15.7 87.5 10.0 2.5 2 1 4 2 2
5832.5 -7061.1 -0.1 113 0 13.5 49.4 17.5 3.5 2 1 5 5 5
6050.1 -6295.5 -6.4 24 0 11.1 25.1 10.0 2.5 2 1 4 2 2
5744.7 -5841.8 -2.9 262 0 11.4 62.3 10.5 3.5 2 1 3 4 4
6292.3 -7110.4 -7.6 19 0 41.7 14.9 17.5 3.5 2 0 5 5 5
6001.1 -6345.2 -6.6 92 0 9.8 40.9 7.5 2.5 4 1 3 3 3
4240.6 -5770.8 -3.4 113 0 83.1 21.6 14.0 0.0 0 0 4 2 2
4637.4 -5444.3 4.1 292 0 25.0 72.0 14.0 0.0 0 1 4 3 3
3940.6 -3563.7 -0.9 24 0 18.0 21.2 7.5 2.5 2 1 3 2 2
5664.8 -5822.4 -3.0 262 0 12.2 47.8 10.5 3.5 2 1 3 5 5
6854.4 -7151.0 -5.9 18 0 116.6 12.3 14.0 0.0 0 0 4 4 4
6020.5 -6362.4 -6.5 1 0 16.2 22.8 10.0 2.5 2 1 4 4 4
5801.6 -5834.2 -2.8 263 0 11.6 62.4 10.5 3.5 2 1 3 3 3
5051.9 -4579.7 -0.7 119 0 10.9 22.2 5.0 2.5 4 1 2 3 3
5972.3 -6385.1 -6.5 92 0 10.5 91.4 10.0 2.5 2 1 4 1 1
3919.9 -6043.4 -1.5 203 0 90.7 17.8 10.5 0.0 0 0 3 1 1
6806.3 -7066.5 -5.4 293 0 11.3 73.5 14.0 3.5 2 1 4 0 0
4010.6 -5829.6 -0.4 113 0 69.2 10.3 14.0 3.5 2 0 4 1 1
5976.2 -7123.1 -0.1 114 0 12.9 70.3 17.5 3.5 2 1 5 5 5
3862.3 -5302.5 -3.6 113 0 13.0 62.1 12.5 2.5 4 1 5 1 1
3754.7 -4849.7 -1.0 294 0 15.6 37.9 7.5 2.5 2 1 3 5 5
5869.0 -7076.1 -0.0 113 0 13.3 49.0 17.5 3.5 2 1 5 2 2
5943.2 -6382.8 -6.8 93 0 9.7 45.7 7.5 2.5 2 1 3 5 5
4109.6 -5221.2 -2.0 293 0 45.8 164.7 7.5 0.0 0 1 3 5 5
5773.2 -5838.1 -2.9 262 0 11.5 62.1 10.5 3.5 2 1 3 5 5
5671.4 -5911.6 -3.5 173 0 62.6 11.6 10.5 3.5 2 0 3 0 0
3933.2 -5141.6 -2.5 294 0 9.9 51.7 7.5 2.5 2 1 3 1 1
5008.3 -4554.6 -0.7 117 0 10.2 21.3 2.5 2.5 2 1 1 1 1
6836.5 -7079.5 -5.7 293 0 12.5 72.4 14.0 3.5 2 1 4 3 3
3874.2 -5168.5 -2.7 203 0 49.2 27.0 7.5 0.0 0 0 3 0 0
5948.1 -6282.3 -6.7 272 0 10.0 46.1 10.0 2.5 2 1 4 0 0
3966.8 -3578.1 -1.1 23 0 28.6 25.2 7.5 0.0 0 0 3 0 0
5077.9 -4396.3 -0.4 298 0 7.8 35.2 7.5 2.5 2 1 3 3 3
5905.6 -7091.7 0.1 112 0 13.2 48.0 17.5 3.5 4 1 5 4 4
4087.3 -5097.2 -1.1 113 0 37.3 27.9 10.0 0.0 0 0 4 0 0
3801.0 -5272.5 -3.7 113 0 12.0 43.8 10.0 2.5 2 1 4 0 0
4963.4 -4388.6 -1.2 208 0 38.2 12.4 7.5 2.5 2 0 3 3 3
5796.7 -7046.1 -0.2 114 0 13.4 49.0 17.5 3.5 2 1 5 4 4
5914.2 -6379.8 -6.8 93 0 12.1 133.7 15.0 0.0 0 1 6 0 0
5721.4 -6000.7 -3.9 82 0 11.4 51.4 10.5 3.5 4 1 3 0 0
4067.8 -5244.2 -2.4 293 0 7.8 27.7 5.0 2.5 2 1 2 2 2
6028.8 -6337.3 -6.5 92 0 11.3 38.6 7.5 2.5 2 1 3 4 4
4259.2 -5750.8 -3.6 113 0 75.4 14.4 14.0 3.5 2 0 4 1 1
5690.0 -6005.7 -4.0 82 0 12.5 52.5 10.5 3.5 2 1 3 0 0
4150.8 -5079.6 -1.8 23 0 16.9 55.2 10.0 2.5 2 1 4 5 5
5677.0 -5800.1 -3.0 263 0 67.4 12.6 10.5 3.5 2 0 3 3 3
4693.8 -5394.1 4.6 24 0 35.1 13.5 14.0 3.5 4 0 4 2 2
3908.1 -5123.8 -2.2 294 0 21.0 17.8 7.5 2.5 2 0 3 1 1
3947.2 -5331.2 -3.5 113 0 118.3 75.5 12.5 0.0 0 0 5 1 1
5074.1 -4448.8 -0.5 296 0 10.2 28.4 7.5 2.5 2 1 3 5 5
4531.2 -4942.1 1.1 119 0 15.6 6.5 2.5 2.5 2 0 1 2 2
5940.2 -7107.9 0.3 113 0 13.4 49.3 17.5 3.5 2 1 5 3 3
3816.1 -5287.4 -3.7 113 0 13.1 65.9 5.0 2.5 2 1 2 5 5
3546.8 -7096.1 -3.4 113 0 44.4 70.2 14.0 0.0 0 1 4 1 1
3899.7 -5388.4 -3.2 23 0 18.5 20.6 7.5 2.5 2 1 3 1 1
5771.7 -5959.1 -3.5 82 0 15.3 39.9 10.5 3.5 2 1 3 4 4
5643.6 -5985.9 -4.2 173 0 60.3 12.6 10.5 3.5 4 0 3 1 1
5836.1 -6008.5 -3.8 93 0 12.3 94.8 10.5 3.5 4 1 3 0 0
4249.2 -5688.9 -3.3 294 0 59.5 25.4 14.0 3.5 2 0 4 0 0
4647.5 -5402.1 4.0 114 0 31.0 92.4 14.0 0.0 0 1 4 5 5
5018.4 -4400.9 -0.5 298 0 12.5 34.7 10.0 2.5 2 1 4 2 2
3844.7 -5208.6 -3.0 203 0 14.8 60.5 5.0 2.5 2 1 2 2 2
4127.4 -5179.8 -1.4 113 0 22.7 46.0 7.5 2.5 2 1 3 3 3
4283.4 -4684.1 1.5 345 0 17.6 28.7 12.5 2.5 2 1 5 3 3
5911.8 -6886.6 -3.1 193 0 10.5 15.7 17.5 3.5 2 1 5 4 4
4975.4 -4488.4 -0.5 115 0 10.3 32.4 10.0 2.5 2 1 4 2 2
5719.2 -5511.6 -1.0 258 0 12.0 110.0 14.0 3.5 2 1 4 4 4
3749.7 -4910.0 -1.1 203 0 6.2 34.5 7.5 2.5 2 1 3 3 3
6745.2 -7041.1 -8.3 292 0 11.6 75.4 14.0 3.5 2 1 4 1 1
3783.6 -4923.9 -1.1 203 0 6.2 34.8 5.0 2.5 4 1 2 5 5
6601.5 -7252.2 -15.6 113 0 12.2 53.0 14.0 3.5 4 1 4 4 4
3787.7 -5075.7 -2.3 294 0 32.8 11.4 10.0 2.5 2 0 4 1 1
5943.3 -4947.1 -1.6 284 0 18.4 37.9 7.5 0.0 0 1 3 4 4
6800.0 -3835.5 -5.4 272 0 19.3 201.3 7.5 0.0 0 1 3 4 4
3505.0 -4960.7 -0.5 293 0 15.8 66.1 7.5 2.5 2 1 3 3 3
3754.0 -5054.4 -2.8 293 0 25.4 62.1 7.5 0.0 0 1 3 5 5
6684.0 -7014.2 -15.1 293 0 12.3 76.0 14.0 3.5 2 1 4 5 5
3682.7 -5042.0 -2.8 293 0 83.4 57.2 7.5 0.0 0 0 3 5 5
6600.6 -4812.7 0.5 289 0 7.0 21.6 5.0 2.5 2 1 2 4 4
5116.5 -4671.9 -0.9 28 0 46.3 10.2 10.0 2.5 2 0 4 3 3
3537.1 -4973.9 -1.1 293 0 23.7 66.2 7.5 2.5 2 1 3 4 4
5715.9 -5572.5 -1.2 258 0 6.6 50.6 10.5 3.5 2 1 3 5 5
5863.0 -5825.0 -2.6 262 0 10.9 62.5 10.5 3.5 2 1 3 5 5
5763.5 -5596.7 -0.8 168 0 36.5 13.8 14.0 3.5 2 0 4 4 4
5045.4 -4656.6 -0.9 119 0 11.1 47.4 10.0 2.5 2 1 4 2 2
3544.4 -5049.5 -1.7 113 0 15.5 65.4 7.5 2.5 2 1 3 2 2
5829.4 -5582.3 -0.3 349 0 37.6 13.5 14.0 3.5 2 0 4 3 3
5704.4 -5515.4 -1.0 258 0 7.1 50.4 10.5 3.5 2 1 3 4 4
6652.1 -7002.9 -14.3 292 0 12.0 75.8 14.0 3.5 2 1 4 1 1
6713.7 -7027.6 -16.0 290 0 11.3 75.7 14.0 3.5 2 1 4 0 0
5803.4 -5588.1 -0.6 348 0 37.9 13.8 14.0 3.5 2 0 4 3 3
5174.2 -4574.4 -0.7 28 0 36.9 19.7 12.5 0.0 0 0 5 2 2
5213.5 -4446.9 -0.4 298 0 36.2 8.6 7.5 2.5 4 0 3 2 2
5449.2 -4647.9 -0.8 27 0 45.9 10.8 14.0 3.5 2 0 4 3 3
5156.6 -4435.5 -0.4 299 0 11.2 42.7 7.5 2.5 4 1 3 2 2
6871.6 -7812.7 -7.0 360 0 11.9 19.6 17.5 3.5 2 1 5 1 1
5238.2 -4486.1 -0.5 28 0 5.4 19.1 7.5 2.5 2 1 3 2 2
5948.9 -6199.3 -5.3 91 0 9.8 50.7 10.5 3.5 2 1 3 0 0
5932.2 -5899.4 -3.1 273 0 8.5 58.1 10.5 3.5 2 1 3 0 0
5814.2 -5782.6 -2.1 263 0 14.2 36.6 10.5 3.5 2 1 3 4 4
6323.0 -7015.1 -5.1 19 0 43.7 15.5 17.5 3.5 2 0 5 1 1
5728.4 -5638.0 -1.4 262 0 8.5 15.1 10.5 0.0 0 1 3 2 2
5828.3 -5696.4 -1.0 82 0 9.6 51.7 10.5 3.5 2 1 3 2 2
6726.7 -4306.0 -5.5 107 0 48.8 16.2 12.5 2.5 2 0 5 3 3
5917.4 -6165.9 -5.2 181 0 41.8 10.3 10.5 3.5 2 0 3 4 4
6031.9 -6221.0 -5.3 92 0 10.3 63.3 10.5 3.5 4 1 3 0 0
5219.1 -4478.5 -0.5 29 0 7.6 11.5 7.5 2.5 2 1 3 5 5
5923.2 -5997.9 -3.8 183 0 64.4 11.0 10.5 0.0 0 0 3 3 3
5746.2 -5631.2 -1.2 263 0 14.0 20.2 14.0 3.5 2 1 4 3 3
5791.1 -5743.9 -1.5 82 0 13.8 114.9 14.0 3.5 2 1 4 2 2
6006.0 -6153.4 -5.1 271 0 10.6 42.8 10.5 3.5 2 1 3 0 0
5416.6 -4706.1 -0.9 27 0 44.3 10.9 14.0 3.5 2 0 4 3 3
5837.1 -5719.9 -1.4 352 0 34.7 9.8 10.5 3.5 2 0 3 2 2
6809.3 -7294.6 -5.8 18 0 97.2 13.7 14.0 3.5 2 0 4 4 4
5246.4 -4470.5 -0.4 28 0 11.4 19.6 2.5 2.5 4 1 1 1 1
5386.9 -4760.7 -1.1 29 0 46.8 11.7 14.0 3.5 2 0 4 0 0
5976.6 -6213.4 -5.3 91 0 9.5 62.5 10.5 3.5 2 1 3 4 4
5701.0 -5640.4 -1.6 256 0 13.2 19.1 14.0 3.5 2 1 4 2 2
6296.5 -7010.8 -4.5 19 0 34.4 17.8 17.5 0.0 0 0 5 1 1
6936.1 -7162.2 -6.5 289 0 11.3 37.1 14.0 3.5 2 1 4 3 3
5178.3 -4447.5 -0.5 299 0 11.5 42.6 10.0 2.5 2 1 4 4 4
5920.0 -6087.7 -4.7 182 0 90.5 10.5 10.5 3.5 2 0 3 3 3
5757.3 -5788.9 -2.3 263 0 77.9 13.6 10.5 3.5 2 0 3 3 3
6802.2 -4139.4 -5.5 2 0 150.8 19.1 7.5 0.0 0 0 3 1 1
6876.4 -7854.7 -7.1 27 0 29.2 20.6 17.5 0.0 0 0 5 1 1
5180.8 -4497.2 -0.5 119 0 10.8 42.3 10.0 2.5 2 1 4 5 5
5144.7 -4629.7 -0.8 28 0 23.9 26.2 7.5 2.5 2 1 3 5 5
5614.2 -4944.1 -1.4 90 0 9.9 31.2 10.5 3.5 2 1 3 5 5
5666.3 -4964.3 -1.4 89 0 9.8 31.1 10.5 3.5 2 1 3 3 3
5677.0 -4895.3 -1.3 360 0 24.7 15.9 14.0 3.5 2 0 4 3 3
6616.6 -4273.1 -4.3 107 0 148.7 16.7 10.0 0.0 0 0 4 1 1
6708.5 -4379.1 -4.3 193 0 27.1 10.0 7.5 2.5 2 0 3 2 2
6579.5 -3886.2 -5.1 270 0 10.2 27.7 7.5 2.5 2 1 3 0 0
6683.0 -4050.7 -5.9 0 0 10.5 28.0 5.0 2.5 2 1 2 3 3
6657.0 -4919.1 0.4 281 0 11.9 56.4 12.5 2.5 2 1 5 5 5
6565.1 -4043.4 -3.8 180 0 27.9 9.8 7.5 2.5 2 0 3 1 1
6762.5 -4079.5 -6.3 0 0 27.9 10.0 7.5 2.5 2 0 3 4 4
6640.8 -4519.9 -1.6 12 0 18.2 12.5 10.5 0.0 0 0 3 4 4
6649.1 -5019.0 0.3 100 0 13.6 36.8 7.5 0.0 0 1 3 5 5
6698.8 -4537.9 -2.9 193 0 27.0 9.7 10.5 3.5 2 0 3 5 5
6567.8 -4174.8 -3.2 180 0 10.5 27.6 7.5 2.5 2 1 3 2 2
6655.1 -4439.0 -2.5 280 0 12.8 20.4 10.5 3.5 2 1 3 2 2
6624.2 -4913.4 0.4 280 0 12.5 99.2 15.0 2.5 2 1 6 5 5
6762.9 -4180.9 -6.3 360 0 28.2 10.0 10.0 2.5 2 0 4 5 5
6654.8 -4192.9 -4.5 89 0 19.0 12.6 7.5 2.5 2 0 3 4 4
6771.2 -3916.8 -6.1 0 0 27.7 10.0 5.0 2.5 2 0 2 2 2
6549.0 -3816.4 -4.9 282 0 7.9 18.3 2.5 2.5 2 1 1 3 3
6650.1 -3873.7 -6.7 270 0 19.0 14.2 7.5 2.5 2 0 3 1 1
6506.4 -4066.4 -3.1 176 0 145.9 25.3 12.5 0.0 0 0 5 0 0
6507.4 -3829.2 -4.1 269 0 25.6 147.9 12.5 0.0 0 1 5 1 1
6727.6 -4267.4 -5.5 90 0 10.1 32.7 10.0 2.5 2 1 4 1 1
6568.3 -3832.1 -5.2 269 0 9.6 33.4 7.5 0.0 0 1 3 2 2
6590.1 -4233.4 -3.0 90 0 9.6 32.7 7.5 2.5 2 1 3 0 0
6725.2 -4002.9 -7.1 0 0 24.9 14.9 7.5 2.5 2 0 3 5 5
6647.7 -4242.1 -4.1 91 0 10.6 32.8 7.5 2.5 4 1 3 3 3
6737.7 -4157.5 -6.3 360 0 24.4 14.0 7.5 2.5 2 0 3 4 4
6715.3 -4053.6 -6.6 0 0 25.5 15.1 7.5 2.5 2 0 3 3 3
6647.3 -4164.0 -4.7 90 0 9.5 32.7 7.5 2.5 2 1 3 2 2
6612.9 -4197.7 -3.7 90 0 9.7 32.7 7.5 2.5 2 1 3 5 5
6742.8 -4545.6 -3.5 12 0 25.5 15.7 14.0 0.0 0 0 4 4 4
6742.7 -3947.7 -7.0 360 0 24.5 13.5 10.0 2.5 2 0 4 3 3
6716.0 -4221.5 -5.6 90 0 9.0 33.1 7.5 0.0 0 1 3 1 1
6723.8 -4107.9 -6.3 359 0 24.4 13.0 7.5 2.5 2 0 3 2 2
6789.3 -4416.0 -5.3 103 0 10.0 33.2 10.0 2.5 2 1 4 0 0
4180.7 -9888.9 -11.4 113 0 13.1 18.7 2.5 2.5 2 1 1 1 1
4331.1 -9975.4 -11.3 22 0 35.7 12.0 5.0 2.5 2 0 2 0 0
4629.5 -9318.7 -12.1 23 0 73.3 113.6 14.0 0.0 0 1 4 4 4
4260.2 -9966.1 -11.3 113 0 11.9 35.6 7.5 2.5 2 1 3 0 0
4511.2 -9209.7 -11.9 293 0 52.3 91.3 14.0 0.0 0 1 4 1 1
3952.6 -9551.6 -12.3 23 0 81.9 139.3 7.5 0.0 0 1 3 0 0
4354.7 -9925.1 -11.4 23 0 35.5 11.9 10.0 2.5 2 0 4 2 2
4399.1 -9829.6 -11.6 23 0 26.6 16.3 7.5 2.5 2 0 3 2 2
4283.9 -9916.9 -11.4 103 0 10.4 34.6 10.0 2.5 2 1 4 1 1
4219.9 -9892.6 -11.5 92 0 9.7 35.5 7.5 2.5 2 1 3 5 5
4381.4 -9874.7 -11.5 23 0 26.0 17.0 10.0 2.5 2 0 4 3 3
4198.9 -9939.5 -11.4 115 0 9.7 33.8 7.5 0.0 0 1 3 5 5
1569.9 -4888.5 0.6 155 0 21.6 19.3 7.5 0.0 0 0 3 0 0
1515.7 -4949.6 1.1 269 0 13.3 20.3 7.5 0.0 0 1 3 1 1
1410.0 -5043.7 3.2 267 0 18.9 79.6 12.5 2.5 2 1 5 0 0
2381.0 -5778.2 -0.1 110 0 26.6 94.7 7.5 0.0 0 1 3 1 1
1710.9 -4916.0 1.4 108 0 19.8 13.2 7.5 2.5 2 0 3 0 0
1810.5 -5086.8 1.9 252 0 13.3 19.1 7.5 2.5 2 1 3 3 3
1865.1 -5116.1 2.1 43 0 20.1 12.7 10.0 2.5 2 0 4 1 1
1731.6 -6555.6 -1.1 203 0 159.3 150.0 10.0 0.0 0 0 4 2 2
2021.9 -5021.7 3.2 11 0 15.7 25.3 10.0 2.5 2 1 4 3 3
-5376.5 -9716.5 -7.6 356 0 41.2 16.0 7.5 0.0 0 0 3 2 2
-5481.6 -10468.5 -8.9 351 0 29.5 13.1 7.5 2.5 2 0 3 3 3
-5156.2 -9639.0 -7.7 175 0 67.8 12.6 7.5 2.5 2 0 3 2 2
-5181.8 -9660.2 -7.8 84 0 11.3 110.7 12.5 2.5 2 1 5 3 3
-5867.4 -10725.3 -9.7 81 0 89.4 20.5 7.5 0.0 0 0 3 5 5
-5766.5 -10758.1 -10.1 83 0 12.6 40.0 10.0 2.5 2 1 4 0 0
-5346.9 -10031.1 -7.5 239 0 51.4 14.9 7.5 2.5 2 0 3 2 2
-5063.9 -9403.6 -6.5 80 0 11.8 95.5 7.5 2.5 2 1 3 0 0
-5047.2 -9598.3 -6.6 260 0 11.7 55.0 7.5 0.0 0 1 3 1 1
-5368.6 -10079.6 -8.5 329 0 63.3 119.2 12.5 0.0 0 1 5 0 0
-5020.7 -9755.3 -7.4 354 0 68.1 12.5 10.0 2.5 2 0 4 2 2
-5089.1 -9410.5 -6.4 80 0 12.8 97.0 15.0 2.5 2 1 6 3 3
-5028.8 -9687.1 -7.2 354 0 41.8 12.5 15.0 0.0 0 0 6 0 0
-5442.9 -10520.8 -8.9 351 0 30.2 4.4 7.5 2.5 2 0 3 4 4
-5507.3 -10421.1 -8.8 170 0 25.3 46.8 7.5 0.0 0 1 3 3 3
-5689.0 -10149.7 -8.4 149 0 9.9 4.6 7.5 2.5 2 0 3 1 1
-5681.4 -10596.3 -9.8 351 0 47.5 25.6 12.5 0.0 0 0 5 1 1
-5164.7 -9429.5 -5.9 79 0 12.6 97.2 7.5 2.5 2 1 3 2 2
-5196.9 -9285.4 -6.6 174 0 39.1 11.1 10.0 0.0 0 0 4 3 3
-5915.2 -10688.1 -8.5 260 0 6.9 22.9 2.5 2.5 4 1 1 0 0
-5653.0 -10259.7 -8.5 329 0 30.2 12.5 15.0 0.0 0 0 6 0 0
-5398.5 -10035.6 -8.5 330 0 30.8 81.2 7.5 0.0 0 1 3 5 5
-4920.1 -9684.8 -6.7 348 0 91.5 12.5 10.0 2.5 2 0 4 1 1
-5141.4 -9424.2 -6.1 80 0 12.7 97.4 7.5 0.0 0 1 3 3 3
-5639.0 -10283.9 -8.5 330 0 21.1 25.7 10.0 0.0 0 1 4 3 3
-5119.7 -9595.8 -7.3 265 0 11.8 75.2 7.5 2.5 2 1 3 1 1
-4980.8 -9763.2 -7.4 78 0 13.6 109.0 10.0 2.5 2 1 4 5 5
-5361.5 -10087.1 -7.7 150 0 44.6 16.0 7.5 2.5 2 0 3 0 0
-4952.8 -9692.3 -6.9 348 0 92.9 13.8 10.0 2.5 2 0 4 1 1
-5114.9 -9415.9 -6.3 79 0 12.9 96.2 10.0 2.5 2 1 4 3 3
-5466.4 -10577.1 -9.0 81 0 24.6 71.0 12.5 0.0 0 1 5 5 5
-5126.6 -9532.7 -6.4 265 0 11.1 55.4 7.5 2.5 2 1 3 0 0
-5497.6 -10193.2 -8.7 60 0 12.4 55.1 10.0 2.5 2 1 4 4 4
-5085.1 -9591.2 -7.1 265 0 11.6 75.2 5.0 2.5 2 1 2 5 5
-5732.2 -10755.8 -10.2 85 0 12.5 40.8 10.0 2.5 2 1 4 1 1
-5173.6 -9806.9 -7.3 174 0 139.4 13.3 7.5 0.0 0 0 3 3 3
-4927.4 -9848.2 -7.4 72 0 12.6 89.0 10.0 2.5 2 1 4 3 3
-5160.7 -9540.7 -6.8 264 0 11.5 55.6 10.0 2.5 2 1 4 5 5
-5310.0 -10028.7 -7.0 240 0 16.3 46.0 12.5 2.5 2 1 5 2 2
-5160.0 -9935.7 -6.2 174 0 98.0 12.5 10.0 0.0 0 0 4 2 2
-5502.1 -10444.8 -8.1 170 0 16.1 7.4 5.0 2.5 2 0 2 1 1
-5181.5 -9720.6 -8.2 175 0 22.7 13.6 7.5 2.5 2 0 3 5 5
-5664.8 -10190.5 -8.9 69 0 29.3 12.1 7.5 2.5 4 0 3 5 5
-5305.0 -10004.9 -7.0 240 0 11.8 45.8 12.5 2.5 2 1 5 0 0
-5653.4 -10242.0 -8.9 149 0 80.5 143.6 10.0 0.0 0 1 4 5 5
-3612.0 -9201.0 -4.6 78 0 7.1 40.2 7.5 0.0 0 1 3 4 4
-3579.0 -9141.4 -4.7 350 0 90.2 15.1 7.5 2.5 2 0 3 4 4
-6707.8 3300.7 -5.1 164 0 15.0 9.3 2.5 2.5 2 0 1 0 0
-6715.3 3345.5 -5.1 255 0 8.4 18.2 5.0 2.5 2 1 2 2 2
-6707.5 3281.6 -5.2 163 0 16.5 7.1 5.0 2.5 2 0 2 3 3
-6550.9 3299.6 -4.3 268 0 8.7 3.9 7.5 2.5 2 0 3 5 5
-6442.0 3829.8 -3.9 193 0 16.8 29.1 7.5 2.5 2 1 3 2 2
-6546.0 3287.5 -4.3 0 0 4.5 8.7 7.5 2.5 2 1 3 1 1
-6657.8 3323.8 -4.9 261 0 5.9 13.3 5.0 2.5 4 1 2 2 2
-6701.1 3170.6 -5.9 110 0 18.2 73.9 12.5 2.5 2 1 5 0 0
-6704.3 3266.1 -5.2 162 0 13.1 8.8 5.0 2.5 4 0 2 5 5
-6573.1 3251.6 -4.9 180 0 8.2 9.8 7.5 2.5 2 1 3 1 1
-6631.3 3314.4 -4.9 263 0 9.0 15.4 7.5 2.5 2 1 3 0 0
-6638.9 3259.5 -4.9 84 0 8.1 14.4 7.5 2.5 2 1 3 1 1
-6700.2 3254.3 -5.2 162 0 9.5 5.5 7.5 2.5 2 0 3 5 5
-6653.8 3310.2 -4.9 261 0 9.0 13.9 7.5 2.5 2 1 3 3 3
-6586.7 3252.5 -4.9 178 0 8.0 9.2 7.5 2.5 2 1 3 2 2
-6670.4 3307.0 -4.9 259 0 6.4 13.5 7.5 0.0 0 1 3 0 0
-6617.6 3269.9 -4.9 353 0 14.8 6.6 5.0 2.5 2 0 2 1 1
-6647.9 3287.8 -4.9 352 0 11.7 7.5 7.5 2.5 2 0 3 2 2
-6592.2 3266.4 -4.9 180 0 15.0 4.6 7.5 2.5 4 0 3 4 4
-6938.5 3600.6 -4.3 177 0 120.1 7.5 7.5 2.5 2 0 3 0 0
-6712.0 3316.3 -5.1 165 0 14.3 8.8 7.5 0.0 0 0 3 3 3
-6603.2 3262.1 -4.9 356 0 5.9 10.7 5.0 2.5 2 1 2 1 1
-6243.9 3909.3 -4.5 106 0 23.6 31.1 10.0 0.0 0 1 4 0 0
-6661.2 3185.9 -5.2 20 0 41.4 9.0 7.5 0.0 0 0 3 0 0
-6666.1 3275.3 -4.9 79 0 8.3 15.2 5.0 2.5 2 1 2 4 4
-6585.4 3266.4 -4.9 180 0 15.4 5.7 7.5 2.5 2 0 3 5 5
-4868.6 4428.4 -3.7 258 0 12.8 60.8 10.0 2.5 2 1 4 3 3
6107.2 -10632.4 -11.5 113 0 12.0 87.3 10.5 0.0 0 1 3 5 5
6221.2 -10269.5 -12.2 292 0 12.5 71.1 10.5 0.0 0 1 3 4 4
6163.0 -10515.2 -11.4 23 0 64.0 11.5 10.5 3.5 2 0 3 1 1
6111.4 -10545.3 -11.3 112 0 12.3 91.6 10.5 3.5 4 1 3 2 2
6168.3 -10381.4 -12.4 202 0 91.3 12.5 10.5 3.5 2 0 3 0 0
6116.7 -10442.2 -11.2 292 0 12.2 71.5 10.5 3.5 2 1 3 1 1
6086.9 -10423.9 -11.1 292 0 12.7 104.0 10.5 3.5 2 1 3 1 1
6389.6 -9370.9 -11.3 292 0 12.8 66.9 17.5 0.0 0 1 5 3 3
6251.5 -10283.5 -12.2 293 0 12.2 88.1 10.5 3.5 4 1 3 0 0
6054.8 -10413.7 -11.1 293 0 12.2 72.4 10.5 3.5 2 1 3 5 5
6205.2 -10411.0 -12.3 22 0 66.5 12.1 10.5 3.5 2 0 3 4 4
5994.8 -10467.9 -11.1 112 0 12.3 68.9 10.5 3.5 2 1 3 2 2
-723.0 1534.3 -0.5 341 0 97.5 86.1 12.5 0.0 0 0 5 5 5
-728.5 1513.0 -0.2 341 0 48.3 22.9 2.5 2.5 2 0 1 0 0
-777.3 1561.2 -0.4 251 0 74.3 24.4 2.5 0.0 0 0 1 0 0
6940.1 -7262.0 -6.6 19 0 58.1 13.6 14.0 3.5 2 0 4 2 2
