-6933.3 7716.8 -10.9 187 0 79.4 23.2 10.0 0.0 0 0 4 3 3
-6857.4 7992.4 -10.9 7 0 119.1 24.3 10.0 0.0 0 0 4 2 2
-3166.2 -3187.3 -0.4 357 0 63.5 19.1 10.0 2.5 2 0 4 3 3
928.4 6651.6 -3.9 1 0 99.7 59.8 12.5 0.0 0 0 5 5 5
-6863.8 7540.7 -10.3 7 0 103.1 55.5 12.5 0.0 0 0 5 5 5
-6838.0 7710.1 -10.9 7 0 78.4 60.9 10.0 0.0 0 0 4 4 4
2378.0 -282.0 2.3 85 0 20.4 31.6 14.0 0.0 0 1 4 5 5
-2625.0 2845.8 -7.8 79 0 32.9 48.3 7.5 0.0 0 1 3 5 5
-3148.4 3089.5 -7.0 177 0 25.0 14.3 5.0 2.5 2 0 2 3 3
-3027.8 3182.2 -7.5 268 0 33.8 220.1 12.5 0.0 0 1 5 1 1
-2646.0 2955.6 -7.9 260 0 33.2 48.8 10.0 0.0 0 1 4 1 1
-3111.3 3165.0 -7.3 267 0 27.4 86.7 7.5 0.0 0 1 3 2 2
-2719.1 2996.8 -7.8 349 0 55.7 29.2 15.0 0.0 0 0 6 1 1
-2779.7 3014.1 -7.7 259 0 29.0 56.0 7.5 0.0 0 1 3 0 0
-3102.9 2976.7 -7.2 88 0 27.9 87.0 7.5 0.0 0 1 3 4 4
-2757.1 2885.5 -7.7 79 0 32.8 48.4 7.5 0.0 0 1 3 5 5
-2572.8 2879.9 -7.9 350 0 49.3 33.8 7.5 0.0 0 0 3 4 4
-2857.5 2891.7 -7.5 169 0 47.5 32.8 7.5 0.0 0 0 3 0 0
-3062.7 2978.7 -7.3 87 0 28.2 86.7 5.0 0.0 0 1 2 5 5
-2725.9 2940.3 -7.8 259 0 34.1 48.3 7.5 0.0 0 1 3 2 2
-2861.6 2998.9 -7.6 260 0 29.2 56.0 7.5 0.0 0 1 3 0 0
-2902.5 2991.7 -7.5 260 0 29.4 56.2 7.5 0.0 0 1 3 0 0
-2705.2 2830.1 -7.7 79 0 33.2 48.6 10.0 0.0 0 1 4 4 4
-2897.7 2884.2 -7.5 170 0 48.0 33.5 7.5 0.0 0 0 3 3 3
-2820.9 3006.7 -7.7 259 0 29.2 55.9 10.0 0.0 0 1 4 4 4
-2865.5 2800.1 -7.4 80 0 32.2 48.9 10.0 0.0 0 1 4 4 4
-2785.3 2815.0 -7.5 80 0 33.3 48.8 7.5 0.0 0 1 3 1 1
-2796.9 2877.9 -7.6 79 0 33.1 48.3 10.0 0.0 0 1 4 0 0
-2585.0 2942.1 -8.0 350 0 48.8 33.8 10.0 0.0 0 0 4 4 4
-2745.0 2822.7 -7.6 79 0 33.3 48.8 7.5 0.0 0 1 3 0 0
4605.6 3160.1 -3.5 80 0 51.4 36.3 10.0 0.0 0 0 4 1 1
-2825.1 2807.8 -7.5 80 0 32.7 48.5 10.0 0.0 0 1 4 0 0
-3070.8 3166.3 -7.4 268 0 27.3 86.5 10.0 0.0 0 1 4 4 4
-2686.4 2947.5 -7.8 260 0 32.6 47.7 7.5 0.0 0 1 3 0 0
-2665.1 2838.3 -7.8 79 0 33.1 48.3 10.0 0.0 0 1 4 5 5
904.9 6379.2 -1.5 270 0 15.6 59.9 12.5 0.0 0 1 5 1 1
908.2 6278.9 0.5 90 0 14.8 25.8 10.0 2.5 2 1 4 3 3
5685.4 -9442.0 -5.1 347 0 59.6 18.2 7.5 2.5 2 0 3 0 0
5765.2 -9788.2 -6.3 92 0 5.6 10.9 5.0 2.5 2 1 2 4 4
5761.5 -9754.9 -6.2 181 0 31.3 7.4 7.5 2.5 2 0 3 1 1
5775.5 -9656.5 -5.8 266 0 6.6 35.1 7.5 2.5 4 1 3 4 4
5765.8 -9677.6 -5.9 265 0 5.3 40.0 5.0 2.5 2 1 2 4 4
6197.3 -9942.9 -6.1 85 0 29.7 82.4 10.0 0.0 0 1 4 0 0
3798.3 -9372.6 -6.5 89 0 48.2 24.4 10.0 0.0 0 0 4 4 4
1230.9 -9825.6 -0.9 90 0 13.3 90.4 14.0 0.0 0 1 4 0 0
