5550.7 -8756.2 -7.1 360 0 92.0 194.0 5.0 0.0 0 1 2 0 0
5279.0 -8711.2 -5.9 270 0 53.3 12.6 10.0 2.5 2 0 4 2 2
6620.0 -8948.8 -7.3 180 0 35.2 43.2 10.0 0.0 0 1 4 1 1
5250.6 -9108.1 -9.0 270 0 68.9 38.9 7.5 0.0 0 0 3 5 5
5260.6 -9088.7 -8.6 90 0 16.9 90.6 7.5 0.0 0 1 3 1 1
6645.8 -9741.7 -8.8 270 0 21.3 68.6 7.5 2.5 2 1 3 5 5
6550.7 -10370.7 -8.6 270 0 49.2 225.4 10.0 0.0 0 1 4 0 0
6568.2 -8775.3 -9.6 179 0 84.8 15.8 10.0 2.5 2 0 4 2 2
5081.6 -10671.0 -8.2 90 0 89.4 111.0 7.5 0.0 0 1 3 4 4
6418.2 -9108.9 -7.5 270 0 15.2 59.3 10.0 2.5 2 1 4 3 3
5279.0 -8877.9 -8.0 270 0 53.3 101.1 12.5 0.0 0 1 5 4 4
4513.0 -10213.3 -11.6 90 0 63.2 120.6 12.5 0.0 0 1 5 5 5
6426.8 -10370.8 -8.5 270 0 49.2 225.9 10.0 0.0 0 1 4 1 1
6619.9 -8901.7 -7.8 180 0 35.2 43.1 17.5 0.0 0 1 7 1 1
5590.5 -9055.9 -8.1 270 0 20.6 90.4 7.5 0.0 0 1 3 1 1
5226.0 -8711.3 -5.7 270 0 21.8 25.4 7.5 2.5 2 1 3 1 1
6063.7 -9385.9 -8.6 179 0 80.8 141.6 10.0 0.0 0 1 4 3 3
5829.5 -9769.6 -11.2 270 0 135.8 72.7 7.5 0.0 0 0 3 0 0
5260.5 -8859.0 -7.5 90 0 16.5 90.3 15.0 2.5 2 1 6 1 1
6700.4 -9741.5 -8.7 270 0 63.8 68.9 10.0 0.0 0 1 4 5 5
6471.7 -8963.2 -7.6 270 0 40.2 100.9 10.0 0.0 0 1 4 2 2
6476.1 -9108.4 -7.8 270 0 30.8 139.4 12.5 0.0 0 1 5 3 3
5296.9 -8859.2 -7.4 90 0 16.5 90.3 7.5 2.5 2 1 3 5 5
6410.1 -10345.9 -8.8 90 0 15.0 55.0 7.5 2.5 2 1 3 5 5
5551.1 -9101.7 -8.8 360 0 92.0 194.0 10.0 0.0 0 1 4 1 1
4536.9 -10566.1 -8.5 0 0 99.3 72.0 15.0 0.0 0 0 6 2 2
5590.6 -8801.5 -6.5 90 0 20.5 90.8 10.0 0.0 0 1 4 1 1
6548.3 -8773.2 -9.7 90 0 15.5 39.2 12.5 2.5 2 1 5 5 5
5011.3 -10124.0 -11.2 180 0 92.1 112.6 10.0 0.0 0 1 4 0 0
5865.8 -9981.6 -11.4 90 0 208.4 97.3 12.5 0.0 0 0 5 3 3
5551.1 -8986.5 -8.2 360 0 92.0 194.0 10.0 0.0 0 1 4 0 0
4881.2 -9159.4 -9.6 90 0 40.9 106.9 10.0 0.0 0 1 4 3 3
6521.7 -8773.2 -9.3 90 0 15.5 39.2 12.5 2.5 4 1 5 1 1
6612.8 -9742.3 -8.9 270 0 22.1 68.0 10.0 2.5 2 1 4 1 1
5163.1 -10228.3 -10.8 90 0 37.2 105.8 12.5 0.0 0 1 5 3 3
6494.7 -8773.0 -8.6 90 0 15.5 39.2 12.5 2.5 2 1 5 2 2
5550.2 -8871.0 -7.7 360 0 92.0 194.0 12.5 0.0 0 1 5 2 2
5599.8 -8928.4 -7.4 0 0 150.0 11.4 7.5 0.0 0 0 3 1 1
6663.5 -8995.6 -7.8 360 0 35.2 43.1 10.0 0.0 0 1 4 1 1
5297.4 -9108.4 -8.8 270 0 17.1 37.6 7.5 0.0 0 1 3 0 0
4726.5 -9985.6 -12.4 360 0 69.7 20.6 7.5 2.5 2 0 3 5 5
5220.6 -10282.9 -9.3 271 0 48.4 109.8 12.5 0.0 0 1 5 1 1
4882.3 -8929.3 -8.0 270 0 41.2 107.3 12.5 0.0 0 1 5 3 3
6304.5 -8713.7 -6.7 360 0 82.6 56.3 10.0 0.0 0 0 4 2 2
6728.4 -8698.2 -9.1 0 0 32.4 14.4 10.0 2.5 2 0 4 2 2
5711.3 1275.4 -3.6 63 0 14.2 49.0 5.0 0.0 0 1 2 0 0
4719.1 -8490.2 -3.1 113 0 12.4 18.0 2.5 2.5 2 1 1 2 2
5687.8 1263.5 -4.0 64 0 14.0 61.3 5.0 0.0 0 1 2 2 2
5613.3 1306.1 -4.0 243 0 6.3 70.7 7.5 2.5 2 1 3 5 5
4460.8 -9661.3 -13.1 90 0 10.1 42.9 10.0 2.5 2 1 4 4 4
4396.4 -9555.2 -12.6 269 0 9.2 43.2 7.5 2.5 2 1 3 3 3
4392.3 -9450.1 -11.2 358 0 13.7 13.2 5.0 2.5 2 0 2 5 5
4382.7 -9404.0 -10.6 188 0 15.2 13.3 2.5 2.5 4 0 1 4 4
4414.4 -9645.0 -13.1 90 0 9.7 42.1 7.5 2.5 2 1 3 2 2
4407.8 -9361.5 -10.3 227 0 15.3 14.1 5.0 2.5 2 0 2 0 0
4373.3 -9607.4 -12.8 90 0 9.2 43.0 7.5 2.5 2 1 3 0 0
4484.2 -9669.0 -13.1 91 0 10.1 42.7 10.0 2.5 2 1 4 2 2
4437.4 -9653.0 -13.1 91 0 9.8 42.9 7.5 0.0 0 1 3 1 1
4385.6 -9377.2 -10.4 206 0 14.5 15.1 5.0 2.5 2 1 2 4 4
5326.1 1715.9 -4.3 46 0 32.6 25.6 7.5 0.0 0 0 3 2 2
5925.6 1285.3 -2.2 243 0 12.5 90.6 12.5 2.5 2 1 5 0 0
5871.9 1285.8 -2.4 243 0 15.6 115.2 12.5 0.0 0 1 5 0 0
5905.9 1275.1 -2.2 243 0 13.2 90.2 10.0 2.5 2 1 4 4 4
5857.3 1149.8 -2.8 153 0 160.7 25.5 10.0 0.0 0 0 4 3 3
5808.4 -3772.4 -0.8 24 0 16.2 20.0 7.5 2.5 2 0 3 2 2
5796.1 -3750.9 -1.1 24 0 43.1 10.5 12.5 2.5 2 0 5 5 5
5864.4 -3777.8 -0.7 202 0 16.5 17.8 7.5 2.5 2 0 3 2 2
5881.0 -3800.0 -1.5 112 0 12.0 27.6 12.5 2.5 2 0 5 3 3
-335.2 10495.4 -12.2 95 0 29.1 42.0 10.0 0.0 0 1 4 4 4
-572.0 10370.7 -11.6 94 0 26.9 19.8 10.0 2.5 4 0 4 4 4
