48.3 3861.9 -0.7 178 0 51.4 71.5 5.0 0.0 0 1 2 5 5
2922.9 -7826.2 -11.5 11 0 15.8 18.3 10.5 3.5 2 1 3 2 2
2046.0 -1186.5 4.2 15 0 23.4 30.7 10.0 0.0 0 1 4 5 5
5761.9 -7508.2 -10.5 317 0 7.1 5.4 5.0 2.5 2 0 2 5 5
5751.7 -7525.6 -10.6 47 0 27.9 11.5 7.5 2.5 2 0 3 5 5
5615.8 -7623.2 -10.3 135 0 12.4 27.3 7.5 2.5 2 0 3 0 0
6545.4 -1559.0 -9.6 183 0 40.8 81.2 14.0 0.0 0 1 4 4 4
6908.0 -2967.4 -13.8 179 0 59.5 19.0 7.5 2.5 2 0 3 5 5
-204.5 -5686.2 2.1 146 0 115.3 21.7 7.5 0.0 0 0 3 1 1
-3308.6 4746.6 6.7 92 0 10.6 30.7 10.0 2.5 2 1 4 4 4
5917.6 -2982.1 -3.4 271 0 41.7 21.2 7.5 0.0 0 0 3 5 5
5541.8 -2700.0 -4.3 91 0 41.7 21.2 10.0 0.0 0 0 4 1 1
