3382.0 7524.6 -8.8 41 0 37.7 23.0 5.0 0.0 0 0 2 5 5
4616.1 9257.4 -5.4 296 0 40.7 91.3 10.0 0.0 0 1 4 5 5
4659.0 9237.8 -5.0 295 0 8.8 42.3 7.5 0.0 0 1 3 1 1
-5516.1 -6416.7 -3.3 274 0 11.1 46.0 7.5 0.0 0 1 3 3 3
-2803.0 -3018.5 2.4 249 0 22.5 67.2 14.0 3.5 2 1 4 0 0
-1034.1 -7475.0 -3.1 7 0 90.4 24.4 14.0 0.0 0 0 4 1 1
4498.8 -785.2 -0.8 226 0 32.0 80.3 7.5 0.0 0 1 3 4 4
-4093.5 -7455.8 -1.9 269 0 12.4 79.7 17.5 3.5 4 1 5 4 4
3576.4 -30.6 -2.2 259 0 71.4 121.7 10.0 0.0 0 1 4 2 2
-2759.7 -3190.3 1.9 159 0 165.5 31.5 14.0 0.0 0 0 4 0 0
-2896.6 -3060.1 1.3 195 0 107.8 30.5 14.0 0.0 0 0 4 3 3
-2662.4 -3064.5 1.5 249 0 12.2 165.3 14.0 0.0 0 1 4 0 0
-5528.7 -6495.9 -3.4 185 0 50.3 12.0 5.0 2.5 2 0 2 4 4
3051.7 -1731.1 -1.1 197 0 14.3 58.3 7.5 2.5 2 1 3 3 3
-2951.1 -3255.7 2.0 196 0 180.6 29.8 14.0 0.0 0 0 4 0 0
-2653.3 -3424.6 1.2 69 0 31.4 137.8 14.0 0.0 0 1 4 5 5
-5533.5 -6608.5 -3.1 95 0 10.9 76.9 7.5 2.5 2 1 3 1 1
-3947.6 -4200.3 1.5 264 0 92.8 76.3 10.0 0.0 0 0 4 3 3
-5487.4 -6526.1 -3.2 94 0 11.9 47.6 7.5 2.5 2 1 3 5 5
3416.2 -994.9 0.7 17 0 88.3 16.6 15.0 2.5 2 0 6 1 1
-3205.2 -3200.4 -0.1 196 0 266.8 28.6 14.0 0.0 0 0 4 0 0
-1024.4 -7394.0 -3.9 7 0 60.4 24.3 14.0 3.5 2 0 4 3 3
-3914.7 -4307.8 1.3 84 0 135.4 23.5 7.5 0.0 0 0 3 2 2
2559.4 -1633.6 -1.9 198 0 48.3 11.7 7.5 2.5 2 0 3 2 2
-3016.6 -3489.2 1.9 196 0 168.5 30.8 14.0 0.0 0 0 4 4 4
-2818.3 -2978.4 1.8 249 0 22.9 38.4 14.0 0.0 0 1 4 5 5
-5478.9 -6422.7 -3.1 275 0 13.4 47.5 7.5 2.5 2 1 3 3 3
2617.4 -1673.1 -1.7 17 0 85.2 42.6 10.0 0.0 0 0 4 5 5
2633.3 -1561.9 -2.1 299 0 49.3 60.3 10.0 0.0 0 1 4 0 0
5756.8 -8674.8 -6.4 110 0 72.8 199.0 7.5 0.0 0 1 3 2 2
-3087.2 -3014.3 0.8 286 0 13.2 44.4 14.0 3.5 4 1 4 5 5
-3103.5 -3365.6 0.7 106 0 28.6 164.8 14.0 0.0 0 1 4 4 4
-2925.8 -3107.3 0.5 15 0 230.5 29.3 14.0 0.0 0 0 4 3 3
-3218.3 -3467.1 0.5 106 0 24.2 111.9 14.0 0.0 0 1 4 2 2
-2718.7 -3022.8 3.0 339 0 66.3 23.7 14.0 0.0 0 0 4 5 5
-2957.5 -3010.9 0.2 286 0 28.5 200.2 14.0 0.0 0 1 4 5 5
-2984.2 -3313.2 1.7 16 0 164.2 28.2 14.0 0.0 0 0 4 3 3
-2524.5 -6239.8 0.3 276 0 14.7 112.7 10.0 0.0 0 1 4 4 4
-2739.6 -2968.7 2.4 339 0 39.5 23.1 14.0 0.0 0 0 4 0 0
-3112.1 -3087.0 -0.0 286 0 24.0 84.4 14.0 0.0 0 1 4 4 4
-3023.9 -3302.1 1.4 15 0 164.7 29.0 14.0 0.0 0 0 4 0 0
-3183.3 -3343.3 -0.3 106 0 23.8 164.1 14.0 0.0 0 1 4 1 1
-3032.5 -3109.1 0.2 285 0 28.3 85.4 14.0 0.0 0 1 4 5 5
-2563.4 -6236.1 0.1 276 0 15.5 111.8 7.5 0.0 0 1 3 5 5
5600.7 -8988.6 -7.0 114 0 18.9 90.1 10.0 0.0 0 1 4 2 2
5715.9 -8114.1 -6.3 294 0 126.6 96.0 12.5 0.0 0 0 5 1 1
5213.3 -9801.0 -7.7 111 0 48.3 96.5 7.5 0.0 0 1 3 5 5
3777.4 -8901.8 -3.2 292 0 10.9 43.6 5.0 0.0 0 1 2 0 0
4662.4 -8602.5 -4.6 204 0 50.9 16.8 7.5 2.5 2 0 3 3 3
5066.2 -9460.6 -6.1 114 0 99.6 269.4 5.0 0.0 0 1 2 0 0
4160.0 -8500.8 -4.3 292 0 106.3 127.0 7.5 0.0 0 1 3 5 5
4800.6 -8687.2 -5.3 113 0 188.6 47.7 10.0 0.0 0 0 4 5 5
4549.4 -9282.1 -4.9 293 0 24.9 118.9 7.5 0.0 0 1 3 0 0
3693.0 -8892.0 -2.7 202 0 43.4 12.0 10.0 0.0 0 0 4 3 3
4380.9 -9041.2 -5.2 23 0 149.7 91.5 12.5 0.0 0 0 5 1 1
4872.1 -9239.2 -5.8 204 0 246.8 97.4 10.0 0.0 0 0 4 5 5
4617.6 -9261.3 -5.1 113 0 21.6 103.4 10.0 0.0 0 1 4 2 2
5364.5 -9444.3 -7.6 24 0 72.8 48.4 7.5 0.0 0 0 3 0 0
3741.3 -8888.7 -2.9 292 0 11.4 43.5 10.0 2.5 2 1 4 0 0
-3702.1 -6652.7 1.0 92 0 14.1 76.5 10.0 2.5 2 1 4 2 2
-4172.2 -7453.8 -2.1 270 0 11.8 52.0 17.5 3.5 4 1 5 0 0
-2593.0 -3401.0 1.1 69 0 31.7 137.0 14.0 0.0 0 1 4 2 2
-5776.8 -4829.1 -1.5 268 0 113.1 41.2 14.0 0.0 0 0 4 2 2
-2134.8 -8718.5 -6.7 94 0 44.9 59.0 14.0 0.0 0 1 4 2 2
5608.6 -9041.9 -6.9 292 0 11.9 37.6 10.0 2.5 4 1 4 3 3
-1322.8 -7689.5 0.9 97 0 110.0 31.2 14.0 0.0 0 0 4 1 1
-2929.2 -7376.8 -3.6 273 0 20.0 52.4 7.5 2.5 2 1 3 1 1
-3804.8 -6940.2 0.3 101 0 16.1 72.2 7.5 2.5 2 1 3 4 4
-3676.8 -6497.9 0.7 267 0 15.7 70.1 7.5 0.0 0 1 3 3 3
-1911.9 -8797.7 -10.1 274 0 13.0 36.8 14.0 0.0 0 1 4 4 4
-6142.0 -4925.6 -3.4 18 0 68.8 12.0 14.0 3.5 2 0 4 5 5
-4061.0 -7554.3 -2.1 101 0 12.6 100.9 17.5 0.0 0 1 5 1 1
-5698.3 -4827.5 -1.4 177 0 59.4 9.8 10.5 3.5 2 0 3 1 1
-4134.2 -7636.3 -4.0 90 0 12.9 76.9 17.5 3.5 2 1 5 1 1
-3712.8 -6500.5 1.2 267 0 13.9 69.8 10.0 0.0 0 1 4 0 0
-3666.8 -6680.9 0.9 92 0 12.5 103.7 7.5 2.5 2 1 3 4 4
-3593.2 -6781.0 0.6 92 0 14.3 88.5 7.5 2.5 2 1 3 3 3
-2654.0 -3195.5 1.7 339 0 80.7 32.5 14.0 0.0 0 0 4 4 4
-5721.2 -4810.4 -1.3 358 0 11.4 112.8 14.0 3.5 2 1 4 5 5
-1804.8 -8883.1 -14.1 184 0 73.7 32.9 14.0 0.0 0 0 4 1 1
-1365.6 -7587.8 0.8 187 0 85.2 109.9 14.0 0.0 0 1 4 3 3
-3790.5 -6828.3 0.5 191 0 65.8 15.2 7.5 2.5 2 0 3 4 4
-1919.2 -8904.8 -12.6 94 0 13.0 54.0 14.0 3.5 2 1 4 1 1
-4796.1 -4516.3 -3.7 265 0 28.5 63.0 14.0 0.0 0 1 4 1 1
-4264.8 -4393.6 0.6 260 0 32.1 66.7 10.5 0.0 0 1 3 3 3
5590.3 -9135.5 -7.0 23 0 79.6 25.2 7.5 0.0 0 0 3 5 5
-1821.8 -8865.8 -13.7 4 0 105.7 58.7 14.0 0.0 0 0 4 2 2
-4171.1 -7635.3 -4.3 90 0 12.5 53.8 17.5 3.5 2 1 5 3 3
-3739.3 -6575.7 1.2 272 0 12.4 102.5 10.0 2.5 2 1 4 2 2
5289.7 -9599.7 -7.5 291 0 48.5 96.6 7.5 0.0 0 1 3 5 5
-3630.9 -6579.5 0.9 272 0 12.4 102.6 10.0 2.5 2 1 4 0 0
-3402.1 -7462.9 -1.1 274 0 13.2 128.1 17.5 0.0 0 1 5 3 3
-3632.0 -6797.7 0.6 92 0 14.9 108.5 7.5 0.0 0 1 3 2 2
-2713.9 -3084.4 2.9 249 0 32.2 79.4 14.0 0.0 0 1 4 5 5
-5910.8 -4823.4 -1.9 88 0 119.2 11.9 14.0 3.5 4 0 4 4 4
-1722.3 -7289.6 -3.5 184 0 16.7 81.2 14.0 0.0 0 1 4 1 1
5949.2 -8472.4 -6.2 290 0 68.8 76.4 7.5 0.0 0 1 3 0 0
5456.8 -9663.0 -7.4 291 0 24.7 96.4 12.5 0.0 0 1 5 3 3
-3512.8 -6574.9 0.3 0 0 41.6 13.1 7.5 2.5 2 0 3 2 2
-4321.8 -4437.8 0.2 170 0 67.0 31.5 10.5 0.0 0 0 3 4 4
-6035.1 -4826.8 -2.8 89 0 92.0 11.3 14.0 3.5 2 0 4 2 2
-4177.7 -7545.6 -3.4 179 0 56.3 12.7 17.5 3.5 2 0 5 5 5
-2304.0 -7548.8 -8.0 274 0 13.6 67.2 17.5 0.0 0 1 5 3 3
-3703.8 -6680.7 1.6 93 0 16.0 22.3 7.5 2.5 2 1 3 5 5
-3357.2 -7470.0 -1.1 274 0 14.1 121.6 17.5 0.0 0 1 5 2 2
-1955.0 -8788.7 -9.5 274 0 52.3 43.3 14.0 0.0 0 0 4 3 3
-4271.0 -4624.8 0.8 79 0 32.5 140.1 10.5 0.0 0 1 3 2 2
-5452.8 -4785.2 -1.4 270 0 12.6 70.1 10.0 2.5 2 1 4 1 1
5678.0 -9323.7 -7.4 111 0 72.0 40.1 7.5 0.0 0 0 3 3 3
-2100.4 -8720.2 -3.8 94 0 7.1 51.3 10.5 3.5 2 1 3 3 3
5637.8 -9033.6 -6.8 293 0 13.7 58.2 7.5 2.5 2 1 3 0 0
-3512.8 -6523.6 -0.0 0 0 36.8 12.9 7.5 2.5 4 0 3 1 1
-4132.7 -7454.8 -2.3 269 0 12.5 79.1 17.5 3.5 2 1 5 3 3
-2656.5 -8445.3 -1.2 293 0 78.5 20.0 14.0 3.5 2 0 4 4 4
-2541.8 -3380.1 1.0 69 0 12.4 135.9 14.0 0.0 0 1 4 2 2
-2028.3 -8882.0 -12.1 184 0 78.5 92.3 14.0 0.0 0 1 4 4 4
-5199.4 -4847.7 -0.5 268 0 12.8 68.4 10.0 2.5 2 1 4 2 2
-1817.4 -7841.8 -2.2 4 0 37.3 58.9 14.0 0.0 0 1 4 5 5
-5781.3 3350.7 -1.9 256 0 27.2 50.1 12.5 0.0 0 1 5 2 2
-5816.9 3340.7 -1.9 256 0 27.2 50.1 10.0 0.0 0 1 4 0 0
3377.7 -8547.9 1.0 292 0 11.0 83.8 10.0 2.5 2 1 4 5 5
-4881.4 -2044.6 1.1 43 0 23.3 35.0 10.0 0.0 0 1 4 3 3
3357.4 -8699.2 0.5 112 0 9.9 53.9 7.5 2.5 2 1 3 2 2
-6365.0 -1014.7 -0.0 52 0 12.7 24.3 7.5 2.5 2 1 3 0 0
-5291.3 3494.1 -1.5 254 0 29.9 93.3 7.5 0.0 0 1 3 4 4
3321.8 -8684.4 0.9 113 0 9.8 53.7 7.5 2.5 2 1 3 5 5
-5238.9 3079.1 -0.8 75 0 15.6 73.9 7.5 2.5 2 1 3 5 5
-5746.5 3361.1 -1.9 256 0 27.2 50.1 10.0 0.0 0 1 4 0 0
-3275.3 -5194.6 1.8 1 0 73.7 54.1 10.0 0.0 0 0 4 4 4
2972.1 -1018.3 4.8 17 0 62.6 78.4 14.0 0.0 0 1 4 5 5
3420.0 -8545.8 0.7 292 0 11.2 84.1 7.5 0.0 0 1 3 3 3
-3877.4 -5230.8 1.3 127 0 31.2 30.2 14.0 0.0 0 0 4 2 2
137.4 -7712.7 -5.8 17 0 20.8 23.2 10.0 0.0 0 1 4 1 1
-73.8 -7471.4 -3.8 274 0 14.8 147.7 12.5 0.0 0 1 5 4 4
161.0 -7606.6 -4.0 0 0 29.3 12.4 10.0 2.5 2 0 4 2 2
113.8 -7448.2 -3.2 270 0 10.8 86.7 12.5 2.5 2 1 5 1 1
-54.9 -7583.0 -3.9 182 0 29.7 13.5 7.5 2.5 2 0 3 5 5
-1368.0 -7228.3 -10.5 94 0 13.1 60.3 10.5 3.5 2 1 3 1 1
56.4 -7809.2 -6.3 90 0 11.0 73.7 10.0 2.5 2 1 4 4 4
-1274.2 -7125.7 -11.5 4 0 49.8 11.9 10.5 3.5 2 0 3 2 2
-1369.7 -7080.3 -9.4 274 0 6.4 16.6 10.5 3.5 2 1 3 5 5
-21.3 -7804.1 -6.8 90 0 11.4 71.0 7.5 2.5 2 1 3 5 5
-13.6 -7588.6 -4.5 180 0 70.9 11.3 10.0 2.5 2 0 4 5 5
162.4 -7654.4 -4.9 0 0 28.2 14.3 10.0 2.5 2 0 4 5 5
-51.6 -7533.8 -3.1 180 0 29.9 12.7 10.0 2.5 2 0 4 1 1
-67.4 -7738.0 -6.0 181 0 29.8 13.2 7.5 2.5 2 0 3 5 5
21.7 -7720.9 -6.3 90 0 13.1 65.0 7.5 2.5 2 1 3 0 0
-3.0 -7463.1 -3.1 270 0 10.9 74.1 10.0 2.5 2 1 4 5 5
925.7 -7531.9 1.7 64 0 9.6 22.2 7.5 2.5 2 1 3 5 5
-64.3 -7800.0 -5.3 90 0 14.1 29.3 10.0 2.5 2 1 4 0 0
-97.7 -7798.8 -4.8 94 0 15.4 143.6 10.0 0.0 0 1 4 2 2
-1279.0 -7204.9 -11.2 5 0 64.1 13.1 10.5 3.5 2 0 3 3 3
95.9 -7811.9 -6.1 90 0 11.5 86.6 10.0 2.5 2 1 4 0 0
-1365.3 -7125.5 -11.5 184 0 43.8 12.4 10.5 3.5 2 0 3 4 4
75.2 -7453.7 -3.4 270 0 10.9 88.1 12.5 2.5 2 1 5 2 2
-1327.5 -7231.8 -10.3 94 0 12.5 60.9 10.5 3.5 2 1 3 5 5
30.1 -7559.7 -4.7 270 0 13.3 64.1 10.0 2.5 4 1 4 1 1
17.9 -7806.5 -6.7 90 0 11.3 72.8 5.0 2.5 2 1 2 0 0
82.8 -7612.7 -4.7 0 0 24.6 15.7 7.5 2.5 2 0 3 2 2
-1316.7 -7102.4 -11.6 274 0 13.5 45.7 10.5 3.5 2 1 3 2 2
-63.2 -7688.7 -5.6 180 0 29.1 13.2 10.0 2.5 2 0 4 5 5
35.8 -7458.1 -3.5 270 0 10.9 87.0 12.5 2.5 2 1 5 3 3
-43.1 -7469.3 -2.3 270 0 13.9 30.1 5.0 0.0 0 1 2 1 1
-16.3 -7717.3 -6.1 90 0 10.5 58.8 7.5 2.5 4 1 3 1 1
-111.1 -8041.1 -2.5 4 0 61.6 15.2 14.0 3.5 4 0 4 1 1
-96.6 -8067.1 -0.9 273 0 24.2 10.6 14.0 0.0 0 0 4 4 4
-135.8 -8149.3 -2.0 184 0 73.4 12.7 12.5 2.5 2 0 5 2 2
-5713.4 3246.4 -1.6 73 0 28.6 53.0 7.5 0.0 0 1 3 4 4
-5783.9 3226.2 -1.8 73 0 27.4 52.3 12.5 0.0 0 1 5 4 4
-5748.7 3236.3 -1.7 72 0 27.2 52.8 7.5 0.0 0 1 3 2 2
-1281.6 -7053.7 -9.2 181 0 56.7 12.0 10.5 3.5 2 0 3 1 1
-2787.2 -7396.9 -4.7 94 0 15.0 38.1 17.5 3.5 4 1 5 2 2
-1241.8 -7082.7 -9.4 91 0 11.5 56.8 10.5 3.5 2 1 3 3 3
-1280.5 -6997.1 -6.6 182 0 38.7 11.6 10.5 3.5 2 0 3 2 2
-648.4 -7392.3 -1.9 274 0 16.2 83.4 14.0 3.5 2 1 4 5 5
-1239.5 -6978.1 -6.9 271 0 11.7 39.7 10.5 3.5 2 1 3 2 2
-1206.0 -7077.4 -8.6 91 0 11.5 61.1 10.5 0.0 0 1 3 0 0
-3744.5 -6759.5 0.8 9 0 60.4 19.8 7.5 2.5 2 0 3 3 3
-6735.5 -626.6 0.1 180 0 46.1 12.1 10.0 2.5 4 0 4 0 0
-6008.2 -2800.3 -2.0 304 0 72.8 10.5 7.5 2.5 2 0 3 1 1
-6697.9 -666.5 -0.1 90 0 12.1 46.1 10.0 2.5 2 1 4 1 1
-6514.5 -639.8 -1.5 270 0 11.6 67.2 7.5 2.5 2 1 3 5 5
-6712.9 -528.5 -0.2 270 0 12.7 65.1 10.0 2.5 2 1 4 5 5
-5934.8 -2853.4 -1.9 303 0 73.1 10.3 7.5 2.5 2 0 3 5 5
-6673.6 -550.6 -0.5 270 0 12.8 64.3 7.5 2.5 2 1 3 3 3
-6632.7 -705.9 -0.5 90 0 12.4 47.3 7.5 2.5 2 1 3 4 4
-6665.8 -687.2 -0.3 90 0 12.1 46.9 7.5 2.5 2 1 3 2 2
-6593.0 -594.0 -1.0 270 0 12.6 64.8 12.5 0.0 0 1 5 0 0
-6633.4 -572.1 -0.7 270 0 12.8 65.3 7.5 2.5 2 1 3 3 3
-6599.9 -719.4 -0.8 90 0 11.5 48.2 10.0 2.5 2 1 4 0 0
-6554.4 -725.6 -1.2 90 0 11.7 36.2 7.5 0.0 0 1 3 2 2
-6586.0 -765.8 -0.8 90 0 14.4 38.1 10.0 2.5 2 1 4 4 4
-6553.6 -613.7 -1.3 270 0 10.8 59.1 7.5 2.5 2 1 3 0 0
5432.8 -5157.3 -2.9 56 0 13.6 36.6 5.0 2.5 2 1 2 3 3
