5548.8 -1365.8 -2.8 61 0 13.2 65.0 5.0 2.5 2 1 2 1 1
5612.4 -1331.1 -3.0 61 0 12.9 61.3 10.0 2.5 2 1 4 0 0
5709.1 -1277.8 -3.7 61 0 13.6 48.4 7.5 2.5 2 1 3 3 3
5740.9 -1259.9 -3.9 61 0 13.2 48.5 7.5 0.0 0 1 3 2 2
5644.7 -1313.9 -3.3 62 0 12.9 62.5 7.5 0.0 0 1 3 3 3
5676.0 -1295.1 -3.6 62 0 13.2 48.0 7.5 2.5 2 1 3 5 5
5580.6 -1348.5 -2.8 61 0 13.1 61.5 10.0 2.5 2 1 4 2 2
5960.8 -593.3 -5.6 249 0 26.5 76.2 7.5 0.0 0 1 3 1 1
5998.8 -579.3 -5.4 249 0 26.3 75.4 7.5 0.0 0 1 3 2 2
1498.7 -9535.2 -4.6 328 0 50.8 34.6 10.0 0.0 0 0 4 2 2
