-3115.6 -4102.3 0.3 250 0 25.0 62.7 5.0 2.5 2 1 2 0 0
-6772.7 -2952.7 -6.0 335 0 67.8 17.1 17.5 3.5 2 0 5 1 1
-5297.2 -7728.5 -4.3 353 0 64.0 208.0 10.0 0.0 0 1 4 5 5
-6829.9 -2936.9 -5.6 248 0 16.0 70.0 17.5 0.0 0 1 5 4 4
-6135.6 -10020.3 -9.5 106 0 94.1 45.5 14.0 0.0 0 0 4 4 4
-5059.7 -10302.4 -9.2 83 0 362.6 204.1 10.5 0.0 0 0 3 0 0
-5750.8 -5816.0 -7.0 82 0 12.1 60.2 17.5 3.5 2 1 5 5 5
-4952.6 -5737.5 -2.9 353 0 51.4 20.7 7.5 2.5 2 0 3 2 2
-6164.8 -5327.1 -4.3 174 0 50.1 13.4 7.5 2.5 2 0 3 4 4
-4860.0 -3670.8 -4.7 179 0 104.6 10.9 17.5 3.5 2 0 5 0 0
-5996.6 -5730.9 -7.2 262 0 14.0 28.0 17.5 0.0 0 1 5 1 1
-5954.9 -5767.2 -7.0 263 0 13.4 72.5 17.5 3.5 2 1 5 3 3
-5376.7 -5266.0 -2.7 81 0 12.8 115.4 10.0 2.5 2 1 4 4 4
-5979.9 -5919.7 -6.5 82 0 12.0 62.3 17.5 3.5 2 1 5 5 5
-4930.9 -3647.4 -4.8 179 0 75.0 9.8 10.5 0.0 0 0 3 3 3
-6069.0 -5347.5 -4.6 84 0 12.5 57.7 15.0 2.5 2 1 6 2 2
-4823.0 -3571.7 -4.8 359 0 76.1 8.8 10.5 3.5 2 0 3 1 1
-5804.0 -5751.1 -7.1 263 0 11.7 70.4 17.5 3.5 2 1 5 4 4
-4915.5 -3848.7 -4.3 89 0 8.4 84.4 10.5 3.5 2 1 3 3 3
-6168.7 -5238.7 -4.0 263 0 13.0 54.1 12.5 2.5 2 1 5 5 5
-4965.6 -3542.9 -5.1 270 0 8.7 34.7 10.5 3.5 2 1 3 3 3
-6117.9 -5929.9 -6.2 84 0 12.7 58.7 17.5 3.5 2 1 5 0 0
-5326.6 -5662.8 -6.9 83 0 11.3 88.8 15.0 2.5 2 1 6 3 3
-4843.4 -4722.3 -3.4 353 0 80.8 16.8 10.0 2.5 2 0 4 2 2
-6026.9 -5924.8 -6.3 83 0 10.7 59.0 17.5 3.5 2 1 5 3 3
-4659.9 -5892.0 -2.0 353 0 173.5 13.5 17.5 0.0 0 0 5 2 2
-5415.6 -5273.4 -3.1 80 0 13.3 116.6 7.5 2.5 2 1 3 2 2
-5238.5 -4590.4 -3.9 253 0 40.1 65.3 17.5 0.0 0 1 5 5 5
-5935.9 -5913.6 -6.6 82 0 12.4 62.3 17.5 3.5 2 1 5 0 0
-6126.9 -5234.5 -4.1 263 0 11.6 53.3 7.5 2.5 2 1 3 1 1
-6082.6 -5227.5 -4.2 263 0 12.5 54.2 10.0 2.5 2 1 4 2 2
-5233.1 -5650.4 -5.1 83 0 13.0 131.5 7.5 0.0 0 1 3 3 3
-6259.7 -5100.7 -5.1 353 0 41.8 15.1 7.5 2.5 2 0 3 5 5
-5263.6 -5046.8 -1.9 170 0 39.6 18.3 7.0 3.5 2 0 2 3 3
-4927.6 -3538.9 -5.1 270 0 9.9 68.3 10.5 3.5 2 1 3 2 2
-5898.4 -5734.8 -7.4 263 0 11.2 98.1 17.5 3.5 2 1 5 5 5
-4580.1 -5625.2 -3.2 263 0 10.2 98.7 14.0 3.5 2 1 4 3 3
-4782.9 -3427.3 -5.7 354 0 15.6 117.2 14.0 0.0 0 1 4 4 4
-4978.7 -5513.8 -3.5 353 0 93.1 13.9 10.0 2.5 4 0 4 0 0
-6112.1 -5345.9 -4.4 83 0 13.2 50.2 10.0 2.5 2 1 4 3 3
-4823.3 -3722.9 -4.7 89 0 8.6 107.4 10.5 3.5 2 1 3 0 0
-6043.8 -5728.6 -7.3 263 0 12.5 35.3 17.5 3.5 2 1 5 2 2
-4917.3 -3759.1 -4.5 89 0 8.7 66.7 10.5 3.5 4 1 3 2 2
-5298.1 -5532.8 -6.3 262 0 11.8 124.3 7.5 2.5 2 1 3 2 2
-6093.2 -5730.0 -7.3 265 0 11.2 40.4 17.5 3.5 2 1 5 0 0
-5356.7 -5143.3 -2.4 260 0 13.4 117.6 10.0 2.5 2 1 4 3 3
-5758.3 -5893.2 -6.2 83 0 11.7 59.6 17.5 3.5 2 1 5 4 4
-5235.7 -5216.4 -2.6 80 0 13.4 146.8 21.0 0.0 0 1 6 0 0
-4530.2 -5784.3 -1.7 263 0 25.8 105.6 14.0 0.0 0 1 4 5 5
-6014.8 -5283.4 -4.5 82 0 14.8 59.9 10.0 2.5 2 1 4 4 4
-5839.3 -5827.6 -7.4 83 0 12.4 82.3 17.5 3.5 4 1 5 3 3
-6147.5 -5746.4 -7.4 176 0 21.8 15.5 17.5 3.5 2 0 5 3 3
-4472.5 -10263.6 -8.1 248 0 41.1 154.9 7.5 0.0 0 1 3 0 0
-6588.0 -9215.0 -6.5 263 0 96.1 147.3 5.0 0.0 0 1 2 1 1
5710.0 -10207.0 -14.1 276 0 9.2 41.6 5.0 2.5 2 1 2 4 4
5748.7 -10232.9 -14.4 7 0 42.7 20.6 7.5 0.0 0 0 3 2 2
-5152.1 -5032.9 -2.2 185 0 35.0 76.7 17.5 0.0 0 1 5 4 4
-5190.9 -5209.8 -2.6 82 0 62.0 13.3 14.0 3.5 2 0 4 3 3
-5168.5 -5192.8 -2.4 83 0 12.7 69.2 7.0 3.5 2 0 2 5 5
-5202.8 -5193.3 -2.4 82 0 39.5 6.6 10.5 3.5 2 0 3 3 3
-5204.9 -5179.2 -2.2 82 0 30.5 19.9 7.0 0.0 0 0 2 0 0
-5234.0 -5138.5 -2.0 171 0 7.8 40.9 10.5 3.5 2 1 3 1 1
-5240.4 -5103.8 -2.0 170 0 40.5 16.0 3.5 3.5 2 0 1 2 2
-5178.9 -5111.9 -2.0 81 0 11.1 31.3 3.5 3.5 2 0 1 4 4
-5192.5 -5074.4 -2.0 172 0 15.3 13.1 7.0 3.5 2 0 2 1 1
-5244.1 -5052.2 -2.0 170 0 21.9 42.1 17.5 0.0 0 0 5 2 2
-5209.9 -5097.3 -2.0 170 0 40.5 16.0 3.5 3.5 2 0 1 3 3
-5219.9 -5068.0 -2.0 168 0 13.9 23.0 7.0 3.5 2 1 2 5 5
-5195.8 -5047.6 -2.0 187 0 13.0 20.1 7.0 3.5 2 0 2 3 3
-5179.0 -5043.2 -1.9 97 0 7.8 33.0 3.5 3.5 2 0 1 0 0
-5191.0 -5041.6 -1.9 97 0 7.8 33.0 3.5 3.5 2 1 1 0 0
-5177.1 -4982.3 -1.9 267 0 8.8 12.2 10.5 3.5 2 1 3 5 5
-5184.8 -4958.8 -1.8 259 0 15.4 20.9 17.5 3.5 2 1 5 4 4
-5205.5 -4998.3 -1.8 165 0 17.9 8.8 10.5 3.5 2 0 3 1 1
-5211.0 -4976.7 -1.7 165 0 17.9 8.8 10.5 3.5 4 0 3 5 5
-5224.7 -4990.1 -1.7 167 0 39.9 7.8 10.5 3.5 2 0 3 1 1
-5238.0 -4929.9 -1.5 253 0 7.7 38.7 10.5 3.5 2 1 3 2 2
-5221.9 -4926.5 -1.6 253 0 7.7 38.7 10.5 3.5 2 1 3 4 4
-5205.8 -4921.5 -1.6 253 0 7.7 38.7 10.5 3.5 4 1 3 0 0
-5022.7 -5199.9 -2.8 86 0 6.0 53.7 10.5 3.5 2 1 3 4 4
-5184.6 -4930.0 -1.7 258 0 8.0 25.8 10.5 3.5 2 0 3 3 3
-5203.9 -4882.7 -1.7 262 0 11.7 26.1 14.0 3.5 2 0 4 0 0
-5230.3 -4882.8 -1.7 264 0 40.3 13.6 10.5 3.5 2 0 3 1 1
-5294.2 -4915.4 -1.4 173 0 24.2 15.0 10.5 3.5 2 0 3 0 0
-5288.4 -4955.7 -1.5 171 0 57.5 16.1 14.0 3.5 2 0 4 3 3
-5273.5 -5003.3 -1.6 169 0 32.5 6.3 10.5 3.5 2 0 3 0 0
-5262.5 -5001.1 -1.6 169 0 32.5 6.3 10.5 3.5 4 0 3 5 5
-5242.3 -4996.6 -1.7 169 0 32.5 6.3 10.5 3.5 2 0 3 1 1
-5266.7 -4900.5 -1.4 264 0 19.4 24.4 17.5 3.5 2 0 5 3 3
-5111.2 -5200.7 -2.7 85 0 69.0 25.8 7.0 0.0 0 0 2 5 5
-5059.7 -5204.0 -2.8 85 0 5.1 35.7 10.5 0.0 0 1 3 2 2
-5039.1 -5201.1 -2.8 84 0 22.9 16.2 17.5 3.5 2 0 5 4 4
-5099.1 -5170.9 -2.3 86 0 15.2 33.1 17.5 3.5 2 1 5 5 5
-5076.7 -5164.9 -2.3 87 0 10.8 24.8 7.0 3.5 2 1 2 2 2
-5060.8 -5087.5 -2.2 94 0 20.0 58.2 17.5 3.5 4 1 5 3 3
-5041.5 -5183.4 -2.6 84 0 7.3 34.8 10.5 3.5 2 1 3 3 3
-5031.9 -5182.2 -2.6 84 0 4.6 34.6 10.5 3.5 2 1 3 3 3
-5007.3 -5198.8 -2.8 84 0 6.3 46.9 10.5 3.5 2 1 3 1 1
-5000.9 -5198.1 -2.8 84 0 6.3 46.9 10.5 3.5 2 1 3 3 3
-4991.1 -5197.1 -2.9 85 0 6.1 40.9 10.5 3.5 2 0 3 4 4
-4984.8 -5196.6 -2.9 84 0 6.3 41.0 10.5 3.5 2 0 3 1 1
-4993.5 -5147.4 -2.2 85 0 6.1 50.6 10.5 3.5 2 1 3 3 3
-5026.0 -5117.5 -2.2 89 0 49.9 20.7 17.5 3.5 2 0 5 1 1
-4974.0 -5195.4 -2.9 86 0 6.9 47.6 10.5 3.5 2 1 3 4 4
-4964.5 -5194.5 -2.9 86 0 6.9 47.6 10.5 3.5 2 1 3 4 4
-4955.2 -5193.3 -2.9 86 0 6.9 47.6 10.5 3.5 2 1 3 5 5
-4945.9 -5192.3 -2.9 86 0 6.9 47.6 10.5 3.5 2 1 3 1 1
-4935.8 -5191.1 -2.9 86 0 6.9 47.6 10.5 3.5 2 1 3 0 0
-4916.8 -5188.5 -2.9 84 0 11.1 108.2 3.5 0.0 0 1 1 2 2
-4881.5 -5183.4 -2.9 84 0 7.9 29.7 3.5 3.5 2 1 1 3 3
-4861.1 -5181.3 -3.0 84 0 7.9 29.7 3.5 0.0 0 1 1 2 2
-4842.1 -5178.8 -3.0 84 0 7.9 29.6 3.5 3.5 2 1 1 4 4
-4823.4 -5176.7 -3.0 84 0 7.9 29.7 3.5 3.5 2 1 1 2 2
-4804.9 -5175.0 -3.0 84 0 7.9 29.7 3.5 0.0 0 1 1 0 0
-4787.3 -5173.2 -3.1 84 0 7.9 29.7 3.5 3.5 2 1 1 2 2
-4770.8 -5171.2 -3.1 84 0 7.8 29.7 3.5 3.5 2 1 1 5 5
-4760.3 -5167.5 -3.0 84 0 12.7 44.6 10.5 3.5 2 0 3 2 2
-4761.9 -5094.8 -2.4 354 0 55.6 12.8 10.5 3.5 2 0 3 4 4
-4810.8 -5076.1 -2.3 354 0 7.6 84.9 3.5 3.5 4 1 1 4 4
-5016.2 -5091.4 -2.2 94 0 53.7 11.4 17.5 3.5 2 0 5 5 5
-5014.1 -5075.0 -2.3 94 0 21.8 41.6 17.5 0.0 0 1 5 3 3
-4978.0 -5146.5 -2.2 84 0 6.8 33.7 10.5 3.5 2 1 3 1 1
-4968.8 -5146.0 -2.3 84 0 6.8 33.7 10.5 3.5 2 1 3 3 3
-4959.5 -5144.4 -2.3 84 0 6.9 31.0 10.5 3.5 2 1 3 4 4
-4949.9 -5143.8 -2.3 85 0 6.9 30.3 10.5 3.5 2 1 3 3 3
-4939.4 -5142.4 -2.3 86 0 6.8 29.1 10.5 3.5 2 1 3 2 2
-4962.3 -5108.4 -2.2 93 0 47.3 10.7 17.5 0.0 0 0 5 2 2
-4943.4 -5097.0 -2.2 89 0 9.9 28.7 10.5 3.5 2 1 3 4 4
-4766.4 -5045.8 -2.6 355 0 40.9 98.3 17.5 0.0 0 1 5 4 4
-5056.8 -4922.1 -2.1 176 0 22.9 12.1 12.5 2.5 2 0 5 3 3
-4884.8 -5014.2 -2.5 354 0 34.2 15.9 17.5 3.5 4 0 5 3 3
-4911.0 -4976.5 -2.4 264 0 10.8 50.0 17.5 3.5 2 1 5 2 2
-4878.3 -4979.6 -2.6 354 0 23.4 6.7 10.5 3.5 2 0 3 1 1
-5018.8 -4905.3 -2.1 266 0 14.7 23.3 7.5 2.5 2 1 3 5 5
-4847.0 -4967.9 -2.7 354 0 7.1 30.6 10.5 3.5 2 1 3 1 1
-4828.6 -4977.5 -2.7 356 0 29.9 16.5 17.5 3.5 2 0 5 4 4
-4798.2 -4962.8 -2.8 354 0 7.2 27.5 10.5 3.5 2 1 3 3 3
-4875.0 -4921.3 -2.7 265 0 15.8 42.7 17.5 3.5 2 1 5 1 1
-4834.6 -4939.4 -2.8 355 0 42.7 15.8 17.5 3.5 2 0 5 3 3
-4803.4 -4936.2 -2.9 355 0 42.7 15.8 17.5 3.5 4 0 5 0 0
-4795.2 -4902.7 -2.9 353 0 6.6 35.6 10.5 3.5 2 1 3 2 2
-4943.4 -5064.5 -2.4 89 0 11.6 30.1 17.5 3.5 2 1 5 5 5
-4929.3 -5063.2 -2.5 89 0 11.6 30.1 17.5 3.5 2 1 5 3 3
-4929.8 -5078.3 -2.2 89 0 7.6 12.6 10.5 3.5 2 1 3 5 5
-4917.9 -5076.6 -2.3 86 0 6.7 19.3 10.5 3.5 4 1 3 3 3
-4918.9 -5050.6 -2.5 92 0 6.9 18.7 10.5 0.0 0 1 3 3 3
-4911.2 -5051.2 -2.5 93 0 4.7 19.0 10.5 3.5 2 1 3 5 5
-5144.3 -4948.3 -1.8 265 0 10.1 7.4 10.5 3.5 2 0 3 5 5
-5094.8 -4913.7 -1.8 264 0 9.4 9.5 10.5 3.5 2 1 3 1 1
-5080.8 -4912.6 -1.9 264 0 13.9 23.2 17.5 3.5 2 1 5 3 3
-5150.8 -4998.1 -1.9 274 0 14.6 14.0 17.5 3.5 2 0 5 0 0
-5137.0 -4998.7 -1.9 264 0 7.8 14.5 10.5 3.5 2 1 3 1 1
-5123.6 -4997.5 -1.9 264 0 7.8 14.5 10.5 3.5 2 1 3 4 4
-5158.3 -4967.9 -2.0 263 0 14.8 23.6 17.5 3.5 4 1 5 4 4
-5138.7 -4965.4 -2.0 263 0 14.8 23.6 17.5 3.5 2 1 5 2 2
-5088.1 -4959.7 -2.1 264 0 13.3 41.7 17.5 3.5 2 1 5 0 0
-5071.3 -5005.7 -2.1 274 0 62.7 14.1 17.5 3.5 4 0 5 3 3
-5027.7 -4954.8 -2.3 274 0 15.1 71.3 17.5 3.5 2 1 5 0 0
-5021.1 -4929.7 -2.3 266 0 14.7 23.3 17.5 3.5 2 1 5 4 4
-5164.9 -4951.4 -1.7 262 0 6.3 7.6 10.5 3.5 2 1 3 3 3
-5023.7 -4890.8 -2.1 265 0 17.3 14.4 17.5 3.5 2 0 5 0 0
-5068.0 -4895.5 -1.9 265 0 12.9 18.4 17.5 3.5 2 1 5 5 5
-5149.3 -5156.3 -2.0 83 0 8.1 26.3 3.5 3.5 2 1 1 1 1
-5153.9 -5129.6 -2.0 88 0 10.0 29.9 7.0 3.5 2 1 2 3 3
-5158.6 -5099.2 -2.0 90 0 3.8 18.5 3.5 3.5 2 1 1 5 5
-5144.1 -5098.9 -2.1 94 0 8.8 35.9 3.5 3.5 2 1 1 1 1
-5139.0 -5130.1 -2.0 94 0 9.1 29.8 3.5 3.5 2 1 1 0 0
-5122.7 -5131.0 -2.0 94 0 9.1 29.8 3.5 3.5 2 1 1 3 3
-5120.2 -5094.7 -2.2 96 0 9.1 30.6 3.5 0.0 0 1 1 2 2
-5101.2 -5094.5 -2.2 95 0 10.1 30.1 3.5 3.5 2 1 1 2 2
-5090.4 -5086.6 -2.2 94 0 7.9 21.6 10.5 3.5 4 1 3 4 4
-5078.6 -5086.9 -2.1 94 0 12.8 20.9 17.5 3.5 2 1 5 5 5
-4984.8 -4907.2 -2.3 264 0 37.8 21.1 17.5 0.0 0 0 5 3 3
-4875.8 -4900.5 -2.7 262 0 34.0 15.6 17.5 3.5 2 0 5 5 5
-4791.8 -4846.2 -2.6 353 0 6.4 12.9 10.5 0.0 0 0 3 0 0
-4823.0 -4840.3 -2.5 264 0 35.2 8.7 10.5 3.5 2 0 3 2 2
-4789.1 -4863.2 -2.9 351 0 28.7 7.9 10.5 3.5 2 0 3 5 5
-4775.4 -4973.1 -3.0 353 0 97.8 8.4 10.5 3.5 2 0 3 4 4
-4784.0 -4901.0 -3.0 353 0 47.4 8.4 10.5 3.5 2 0 3 3 3
