3191.9 2556.4 0.2 18 0 21.9 10.7 2.5 2.5 2 0 1 4 4
3180.3 2515.4 0.2 17 0 49.3 11.8 10.0 2.5 2 0 4 3 3
2779.3 2700.1 -0.3 287 0 11.5 63.9 7.5 2.5 2 1 3 4 4
2811.2 2690.8 -0.6 287 0 11.3 63.9 7.5 0.0 0 1 3 5 5
2843.8 2682.4 -0.8 287 0 11.5 63.9 7.5 0.0 0 1 3 5 5
2874.8 2671.7 -0.8 287 0 11.5 63.9 7.5 2.5 2 1 3 4 4
2828.1 2519.2 -0.4 107 0 11.5 63.9 10.0 2.5 2 1 4 2 2
2795.8 2528.9 -0.4 107 0 11.5 63.9 7.5 2.5 2 1 3 2 2
2764.8 2535.6 -0.5 107 0 11.5 63.9 7.5 2.5 2 1 3 1 1
2732.7 2545.8 -0.7 107 0 11.4 63.9 10.0 2.5 2 1 4 2 2
2702.1 2555.1 -1.1 107 0 11.5 63.9 12.5 2.5 2 1 5 5 5
2728.8 2662.9 -0.1 196 0 48.3 11.4 10.0 2.5 2 0 4 2 2
2850.0 2588.0 -0.5 106 0 15.1 17.5 10.0 2.5 2 1 4 4 4
2887.0 2633.3 -0.6 286 0 12.6 30.4 7.5 2.5 2 1 3 0 0
2976.5 2647.1 -0.5 287 0 50.7 12.2 7.5 2.5 2 0 3 1 1
2914.4 2606.9 -0.5 17 0 59.6 17.4 7.5 2.5 2 0 3 1 1
3088.1 2615.5 -0.2 286 0 17.1 41.6 10.0 2.5 2 1 4 0 0
3114.9 2607.9 -0.1 287 0 10.1 40.2 10.0 2.5 2 1 4 4 4
3137.2 2599.4 0.0 285 0 10.2 39.0 5.0 2.5 2 1 2 1 1
3100.9 2564.6 0.1 286 0 10.3 53.9 7.5 2.5 2 1 3 2 2
3126.9 2556.1 0.2 286 0 10.4 53.9 7.5 2.5 2 1 3 0 0
3151.6 2520.8 0.1 16 0 53.9 10.3 7.5 2.5 2 0 3 5 5
3073.7 2468.7 0.2 107 0 10.1 39.2 10.0 2.5 2 1 4 1 1
3100.3 2461.7 0.1 107 0 10.0 39.2 7.5 0.0 0 1 3 2 2
3128.4 2452.9 0.1 107 0 10.1 39.2 10.0 2.5 2 1 4 1 1
3166.4 2591.8 0.1 287 0 10.1 39.2 7.5 2.5 2 1 3 2 2
3164.0 2459.1 0.0 17 0 50.2 11.4 7.5 0.0 0 0 3 0 0
3093.9 2443.8 0.6 106 0 15.9 8.1 7.5 2.5 2 0 3 5 5
3038.7 2462.7 -0.1 106 0 11.4 34.7 12.5 2.5 2 1 5 1 1
3004.0 2472.0 -0.1 106 0 11.4 34.7 10.0 2.5 4 1 4 1 1
2971.4 2481.6 -0.0 106 0 11.4 34.7 7.5 2.5 2 1 3 4 4
2934.5 2492.3 0.0 106 0 11.4 34.7 7.5 2.5 2 1 3 0 0
2900.8 2501.6 -0.1 106 0 11.4 34.7 12.5 2.5 4 1 5 0 0
2867.4 2511.2 -0.2 106 0 11.4 34.7 5.0 2.5 2 1 2 5 5
2993.7 2515.5 -0.0 107 0 24.2 13.9 7.5 2.5 4 0 3 2 2
3062.6 2546.6 0.1 289 0 13.3 23.4 10.0 0.0 0 1 4 5 5
3112.4 2319.7 2.8 107 0 9.1 42.7 7.5 2.5 2 1 3 4 4
3139.4 2407.5 1.6 287 0 9.1 42.7 7.5 2.5 2 1 3 2 2
3024.4 2388.8 2.2 196 0 36.5 6.4 2.5 2.5 2 0 1 2 2
3009.4 2394.2 1.4 196 0 85.2 15.5 7.5 0.0 0 0 3 0 0
4161.7 -841.0 0.3 39 0 65.5 33.2 10.0 0.0 0 0 4 5 5
3942.8 -1005.2 -0.2 131 0 34.8 58.7 12.5 0.0 0 1 5 4 4
4059.6 -965.6 -0.8 40 0 59.6 34.0 12.5 0.0 0 0 5 2 2
4073.4 -875.5 -0.6 40 0 53.2 31.9 10.0 0.0 0 0 4 5 5
4082.6 -786.8 -0.2 39 0 85.7 32.1 10.0 0.0 0 0 4 1 1
3907.2 -977.6 -0.4 130 0 32.9 60.7 12.5 0.0 0 1 5 3 3
4170.4 -757.5 -0.0 39 0 53.7 31.9 7.5 0.0 0 0 3 4 4
3831.2 -914.1 -1.0 131 0 26.5 58.4 10.0 2.5 2 1 4 2 2
4204.1 -789.7 0.9 39 0 47.0 33.4 10.0 0.0 0 0 4 2 2
4010.0 -1023.8 -0.0 42 0 59.5 33.6 10.0 0.0 0 0 4 0 0
3777.0 -870.4 -0.8 130 0 25.8 48.1 7.5 0.0 0 1 3 5 5
4137.5 -693.6 -1.4 309 0 32.0 54.5 7.5 0.0 0 1 3 0 0
3840.8 -785.4 -0.2 101 0 23.3 73.8 10.0 0.0 0 1 4 2 2
3765.2 -772.1 -0.8 101 0 25.6 64.3 7.5 0.0 0 1 3 1 1
4004.0 -666.9 -0.3 308 0 30.4 67.8 7.5 0.0 0 1 3 5 5
4015.7 -766.6 -0.2 39 0 34.8 41.9 7.5 0.0 0 1 3 2 2
3858.6 -937.2 -0.9 128 0 26.5 59.7 12.5 0.0 0 1 5 1 1
4085.8 -646.8 -1.1 309 0 40.7 16.0 10.0 2.5 2 0 4 2 2
3802.8 -890.7 -0.9 132 0 29.2 58.1 12.5 0.0 0 1 5 0 0
4023.3 -933.0 -0.3 37 0 58.6 32.2 12.5 0.0 0 0 5 4 4
4042.6 -696.4 -0.3 307 0 41.4 37.9 7.5 0.0 0 0 3 5 5
3880.7 -792.4 -0.4 100 0 25.5 75.1 7.5 0.0 0 1 3 4 4
3803.8 -779.6 0.2 101 0 25.8 73.0 10.0 0.0 0 1 4 0 0
3945.9 -668.7 -0.3 307 0 32.6 30.4 10.0 0.0 0 0 4 5 5
3920.6 -799.2 -0.4 100 0 27.6 74.2 10.0 0.0 0 1 4 5 5
3957.1 -917.8 -0.1 128 0 33.4 59.6 12.5 0.0 0 1 5 5 5
6289.4 3977.0 -5.2 76 0 118.9 15.7 12.5 0.0 0 0 5 3 3
-151.8 4086.5 -3.5 326 0 44.0 95.1 12.5 0.0 0 1 5 5 5
-930.4 -9190.5 -8.5 99 0 87.9 81.9 10.0 0.0 0 0 4 2 2
174.3 -8085.5 -6.0 261 0 37.6 151.1 12.5 0.0 0 1 5 5 5
-1142.2 -9587.4 -8.6 292 0 11.2 18.0 7.5 2.5 2 1 3 5 5
-1111.0 -8682.9 -7.8 351 0 12.9 57.0 7.5 2.5 2 1 3 4 4
-194.7 -8101.1 -5.6 352 0 206.6 168.8 12.5 0.0 0 0 5 4 4
-194.7 -9706.2 -9.8 291 0 170.3 84.3 15.0 0.0 0 0 6 1 1
-1436.5 -8621.5 -8.3 171 0 637.4 69.0 12.5 0.0 0 0 5 3 3
-1704.2 -10061.7 -8.8 22 0 8.9 17.0 5.0 2.5 2 1 2 1 1
-1373.5 -9033.9 -8.6 172 0 137.1 66.2 10.0 0.0 0 0 4 2 2
121.7 -8093.2 -6.0 261 0 37.5 151.1 7.5 0.0 0 1 3 2 2
83.7 -8355.6 -7.2 171 0 151.1 37.6 10.0 0.0 0 0 4 1 1
-2760.3 -9592.0 -9.1 21 0 42.7 57.4 10.0 0.0 0 1 4 4 4
-1652.8 -9984.8 -8.7 202 0 62.6 77.0 12.5 0.0 0 1 5 5 5
-44.1 -8176.8 -5.6 82 0 17.4 51.2 10.0 2.5 2 1 4 3 3
-1139.5 -8518.2 -7.6 351 0 74.9 19.5 10.0 2.5 2 0 4 1 1
-305.1 -8498.5 -6.9 83 0 19.4 32.7 7.5 0.0 0 1 3 3 3
-1011.9 -10382.8 -10.4 23 0 54.9 22.6 10.0 2.5 2 0 4 1 1
-1048.6 -9173.6 -7.7 189 0 17.8 8.9 2.5 2.5 2 0 1 5 5
-1466.6 -9522.2 -8.7 202 0 103.8 76.7 10.0 0.0 0 0 4 5 5
-985.2 -9099.9 -8.4 279 0 13.9 33.7 7.5 2.5 4 1 3 3 3
-2201.9 -9529.7 -8.7 202 0 459.9 161.7 15.0 0.0 0 0 6 2 2
-1086.8 -8861.2 -8.1 351 0 57.0 9.5 7.5 2.5 2 0 3 1 1
268.4 -8163.1 -6.1 351 0 120.7 36.7 7.5 0.0 0 0 3 3 3
-1785.2 -10095.5 -8.8 112 0 16.7 51.0 12.5 0.0 0 1 5 0 0
-1568.9 -9760.7 -8.6 202 0 276.7 78.9 7.5 0.0 0 0 3 3 3
-1097.3 -10406.2 -10.3 111 0 75.7 6.6 7.5 2.5 2 0 3 1 1
-1278.3 -9816.4 -9.1 22 0 506.7 175.0 10.0 0.0 0 0 4 3 3
-1476.3 -8150.9 -6.7 261 0 51.5 81.6 10.0 0.0 0 1 4 1 1
-1074.9 -9602.7 -8.3 292 0 8.7 4.1 2.5 2.5 2 0 1 1 1
-363.8 -9900.5 -9.8 111 0 46.2 124.1 10.0 0.0 0 1 4 1 1
-1251.1 -9084.7 -8.9 82 0 65.9 137.1 10.0 0.0 0 1 4 4 4
-1116.8 -8654.0 -8.0 351 0 27.7 23.3 10.0 0.0 0 0 4 3 3
-63.1 -8041.9 -5.3 263 0 22.3 61.4 12.5 2.5 2 1 5 5 5
-1124.8 -8596.5 -8.0 351 0 56.4 67.4 7.5 0.0 0 1 3 1 1
-1370.9 -8288.7 -7.9 261 0 67.9 635.2 10.0 0.0 0 1 4 5 5
302.0 -8276.2 -6.8 171 0 60.9 37.0 7.5 0.0 0 0 3 2 2
57.1 -8181.5 -6.1 171 0 151.1 37.6 10.0 0.0 0 0 4 0 0
-188.2 -8479.1 -7.1 81 0 166.6 92.4 7.5 0.0 0 0 3 2 2
-1122.7 -10345.1 -10.3 202 0 41.0 87.9 10.0 0.0 0 1 4 1 1
150.8 -8268.5 -7.2 261 0 37.5 151.1 10.0 0.0 0 1 4 1 1
-1106.6 -8714.0 -7.7 351 0 11.3 54.5 7.5 0.0 0 1 3 3 3
-1771.1 -9667.2 -8.9 22 0 601.9 145.2 10.0 0.0 0 0 4 5 5
-1102.6 -8849.4 -8.2 351 0 81.7 50.7 12.5 0.0 0 0 5 4 4
-1628.4 -9925.0 -8.3 202 0 37.3 75.7 7.5 0.0 0 1 3 1 1
-1768.3 -10108.4 -8.8 112 0 17.2 6.9 5.0 2.5 2 0 2 0 0
-640.7 -10208.3 -9.6 288 0 87.6 58.0 12.5 0.0 0 0 5 1 1
4166.3 10249.4 -4.7 24 0 50.2 119.0 7.5 0.0 0 1 3 0 0
4219.9 10366.3 -5.5 24 0 48.5 120.0 12.5 0.0 0 1 5 3 3
4295.7 10536.1 -9.0 24 0 48.5 120.0 15.0 0.0 0 1 6 1 1
3348.0 9745.4 -6.8 115 0 49.5 118.4 10.0 0.0 0 1 4 3 3
3501.6 9710.9 -6.5 116 0 51.9 134.9 10.0 0.0 0 0 4 5 5
4353.0 10655.7 -11.7 24 0 48.5 120.0 10.0 0.0 0 1 4 3 3
3695.8 10838.5 -13.5 294 0 120.0 48.5 10.0 0.0 0 0 4 0 0
3552.7 10665.7 -10.4 204 0 48.5 120.0 12.5 0.0 0 1 5 5 5
3503.4 10550.6 -7.8 204 0 48.5 120.0 7.5 0.0 0 1 3 4 4
4248.3 10209.8 -5.1 204 0 48.5 120.0 10.0 0.0 0 1 4 1 1
4299.1 10328.9 -4.6 204 0 48.5 120.0 7.5 0.0 0 1 3 5 5
4338.3 10412.7 -5.8 204 0 48.5 120.0 15.0 0.0 0 1 6 0 0
4451.4 10662.9 -11.0 204 0 48.5 120.0 10.0 0.0 0 1 4 4 4
4488.6 10747.7 -12.9 204 0 48.5 120.0 15.0 0.0 0 1 6 0 0
4321.4 9572.8 -9.8 204 0 42.2 20.4 10.0 2.5 2 0 4 3 3
4349.3 9633.5 -9.3 204 0 42.2 20.4 7.5 2.5 2 0 3 3 3
4286.6 9459.0 -10.6 25 0 22.4 54.0 10.5 3.5 4 1 3 0 0
4123.6 9494.8 -10.0 204 0 34.4 43.6 10.5 0.0 0 1 3 0 0
4308.9 9327.1 -11.3 202 0 90.2 21.0 10.5 0.0 0 0 3 0 0
4377.7 9323.6 -11.4 294 0 24.3 116.9 10.5 0.0 0 1 3 5 5
4412.6 9437.8 -11.4 295 0 71.2 22.2 10.5 3.5 2 0 3 0 0
4432.1 9830.2 -7.8 204 0 42.9 41.5 14.0 0.0 0 0 4 1 1
3097.6 9229.1 -7.8 103 0 24.3 8.7 7.5 2.5 2 0 3 1 1
3346.2 9187.1 -7.4 102 0 12.8 86.0 10.0 2.5 2 1 4 0 0
3275.8 9241.2 -6.6 100 0 13.3 31.7 7.5 2.5 2 1 3 2 2
3197.7 9212.2 -6.4 103 0 13.5 30.6 7.5 2.5 2 1 3 1 1
3141.2 9335.8 -8.4 283 0 13.5 30.6 7.5 2.5 2 1 3 5 5
3144.6 9224.2 -7.3 103 0 13.5 30.6 7.5 2.5 2 1 3 4 4
3092.7 9255.1 -8.3 103 0 13.5 30.6 12.5 0.0 0 1 5 0 0
3021.1 9248.2 -9.1 103 0 13.5 30.6 7.5 2.5 2 1 3 0 0
3029.3 9361.5 -9.2 283 0 13.5 30.6 10.0 2.5 2 1 4 0 0
2984.6 9291.7 -9.7 103 0 13.6 30.6 7.5 0.0 0 1 3 4 4
2933.7 9347.4 -8.9 193 0 30.6 13.5 10.0 2.5 2 0 4 5 5
2910.9 9296.8 -9.6 193 0 30.6 13.6 7.5 2.5 2 0 3 2 2
3098.9 9346.1 -9.1 283 0 24.3 8.7 5.0 2.5 2 0 2 5 5
3067.5 9355.0 -9.2 283 0 24.3 8.7 7.5 2.5 2 0 3 0 0
3061.4 9236.9 -8.4 103 0 24.3 8.7 7.5 2.5 2 0 3 1 1
2985.4 9255.1 -9.6 103 0 24.3 8.7 7.5 2.5 2 0 3 1 1
2951.0 9262.6 -9.9 103 0 24.3 8.7 7.5 2.5 2 0 3 3 3
2997.2 9371.1 -8.7 283 0 24.3 8.7 5.0 2.5 2 0 2 4 4
3081.8 9304.7 -8.9 283 0 24.3 8.7 7.5 2.5 2 0 3 3 3
3290.8 9197.2 -7.1 100 0 13.3 31.7 7.5 0.0 0 1 3 1 1
3283.1 9332.1 -6.5 280 0 13.3 31.7 10.0 2.5 2 1 4 2 2
3214.1 9303.0 -7.1 190 0 31.7 13.3 7.5 0.0 0 0 3 2 2
3366.3 9402.6 -6.5 280 0 13.3 31.7 12.5 2.5 2 1 5 3 3
3344.5 9334.1 -6.8 280 0 13.3 31.7 10.0 2.5 2 1 4 1 1
3428.4 9277.3 -7.2 10 0 31.7 13.3 7.5 2.5 2 0 3 1 1
3411.3 9195.5 -7.3 10 0 31.7 13.3 7.5 2.5 2 0 3 0 0
3419.8 9236.4 -7.3 13 0 52.1 13.3 15.0 2.5 2 0 6 4 4
3186.4 9372.7 -8.2 190 0 31.7 13.3 10.0 2.5 2 0 4 5 5
3226.5 9429.6 -8.4 280 0 13.3 31.7 10.0 2.5 2 1 4 2 2
3296.0 9415.3 -7.3 280 0 13.3 31.7 10.0 2.5 2 1 4 5 5
3425.0 9390.9 -7.0 280 0 13.3 31.7 7.5 2.5 2 1 3 4 4
3414.8 9324.1 -7.1 10 0 31.7 13.3 7.5 2.5 2 0 3 0 0
5549.8 1414.0 -3.6 167 0 9.4 17.7 5.0 2.5 2 1 2 0 0
5399.1 1306.4 -2.3 181 0 42.2 22.8 10.0 0.0 0 0 4 0 0
5511.3 1204.5 -2.3 85 0 6.3 9.0 5.0 2.5 2 1 2 0 0
5535.1 1196.7 -2.5 85 0 40.7 8.6 7.5 2.5 2 0 3 4 4
5640.1 1554.1 -3.2 316 0 17.6 23.5 10.0 0.0 0 1 4 2 2
5515.1 1500.8 -2.8 171 0 13.2 18.2 10.0 0.0 0 1 4 0 0
5365.3 1587.6 -1.3 16 0 5.0 7.7 7.5 2.5 2 0 3 4 4
5366.7 1592.7 -1.3 16 0 5.5 7.7 5.0 2.5 2 0 2 3 3
4826.3 9981.0 -7.4 23 0 96.6 43.3 12.5 0.0 0 0 5 1 1
4876.3 10099.4 -6.5 24 0 113.6 48.4 12.5 0.0 0 0 5 0 0
5060.3 10485.3 -9.3 23 0 143.8 37.7 10.0 0.0 0 0 4 1 1
2059.3 10027.6 -9.9 115 0 51.6 119.7 10.0 0.0 0 1 4 0 0
2000.8 9778.1 -10.0 205 0 118.6 61.6 10.0 0.0 0 0 4 1 1
2120.9 9899.8 -10.2 294 0 20.8 53.9 7.5 2.5 2 1 3 3 3
1837.3 10077.3 -9.9 115 0 47.8 111.9 10.0 0.0 0 1 4 3 3
1757.1 10104.7 -9.8 115 0 48.3 122.4 10.0 0.0 0 1 4 1 1
1646.7 10122.5 -9.9 115 0 50.1 150.2 12.5 0.0 0 1 5 2 2
1795.3 9977.5 -10.3 292 0 14.2 47.5 5.0 2.5 2 1 2 5 5
1758.9 9990.6 -10.3 295 0 42.1 19.1 10.0 2.5 2 0 4 2 2
1730.9 9837.4 -10.0 25 0 45.0 42.3 10.0 0.0 0 0 4 1 1
1682.2 9858.9 -10.0 26 0 37.7 39.5 7.5 0.0 0 1 3 5 5
3015.7 9823.7 -8.8 115 0 54.5 120.1 10.0 0.0 0 1 4 3 3
2988.9 9720.4 -7.4 294 0 16.6 53.2 7.5 2.5 2 1 3 5 5
-4721.7 -6128.6 -4.2 268 0 48.6 26.2 10.0 0.0 0 0 4 5 5
-6406.3 -10800.4 -12.0 100 0 28.9 73.0 10.0 0.0 0 1 4 0 0
-4471.9 5920.7 -4.8 103 0 11.9 34.2 10.0 2.5 2 1 4 3 3
-6181.0 -10271.8 -10.6 280 0 8.2 43.8 7.5 2.5 4 1 3 1 1
-5551.1 -5085.1 -5.2 260 0 16.7 146.0 7.5 0.0 0 1 3 0 0
-3215.0 -3139.8 -2.1 258 0 7.6 39.1 7.5 2.5 2 1 3 1 1
-5418.0 -8773.7 -8.3 11 0 15.5 6.6 7.5 2.5 4 0 3 0 0
-4360.3 5808.2 -4.6 14 0 39.2 7.6 7.5 2.5 4 0 3 2 2
-6346.7 -10749.3 -11.8 12 0 26.0 12.6 10.0 2.5 2 0 4 2 2
-4281.1 6218.9 -4.1 103 0 7.3 32.7 2.5 2.5 4 1 1 0 0
-6675.2 -8596.3 -8.7 11 0 109.1 15.6 12.5 0.0 0 0 5 4 4
-6378.0 -10657.8 -11.6 8 0 24.9 9.6 5.0 2.5 2 0 2 2 2
-4395.6 862.4 -2.3 180 0 49.3 95.2 10.0 0.0 0 1 4 0 0
-4375.2 -3937.3 -2.7 349 0 192.5 144.3 5.0 0.0 0 0 2 2 2
-5292.9 -7850.7 -7.8 99 0 11.0 48.3 12.5 2.5 2 1 5 0 0
-5141.4 -7807.0 -7.7 280 0 10.2 32.5 12.5 0.0 0 1 5 0 0
-4432.1 -4573.3 -3.1 350 0 6.7 17.3 7.5 2.5 2 1 3 4 4
-3318.1 -10798.8 -10.4 20 0 16.3 77.4 7.5 2.5 2 1 3 1 1
-4419.3 -4575.6 -3.1 350 0 14.5 10.1 5.0 2.5 2 0 2 1 1
-4149.7 841.8 -2.4 86 0 32.3 133.0 7.5 0.0 0 1 3 3 3
-5554.2 -8064.4 -9.2 101 0 20.3 99.8 12.5 0.0 0 1 5 4 4
-5173.4 -7846.9 -7.9 98 0 9.0 39.1 7.5 2.5 2 1 3 2 2
-4234.6 -9917.5 -9.1 95 0 147.1 70.7 7.5 0.0 0 0 3 4 4
-5187.0 -7765.2 -7.8 280 0 20.4 35.9 12.5 0.0 0 1 5 1 1
-4461.1 -4533.2 -3.1 262 0 5.7 41.2 5.0 2.5 2 1 2 5 5
-4520.2 -6662.1 -6.7 358 0 250.4 173.7 10.0 0.0 0 0 4 3 3
-4195.1 -7560.3 -6.1 256 0 23.9 101.7 10.0 0.0 0 1 4 1 1
-4745.8 7013.4 -6.7 106 0 18.1 16.7 10.0 2.5 2 0 4 5 5
-5366.1 -8840.0 -8.3 190 0 131.9 74.1 5.0 0.0 0 0 2 5 5
-5319.9 -7845.0 -7.6 101 0 11.2 46.9 12.5 2.5 2 1 5 2 2
-5356.4 -4818.8 -4.5 358 0 50.9 133.2 7.5 0.0 0 1 3 4 4
-5375.7 -7834.3 -7.5 103 0 12.5 46.0 10.0 2.5 2 1 4 2 2
-5160.6 -7920.6 -7.8 101 0 12.4 31.9 10.0 2.5 2 1 4 2 2
-4468.0 -9313.5 -8.6 6 0 54.9 152.1 10.0 0.0 0 1 4 0 0
-4186.6 -7359.3 -6.5 345 0 79.8 26.0 7.5 0.0 0 0 3 2 2
-1918.2 -6362.9 -5.0 196 0 85.5 39.6 7.5 0.0 0 0 3 3 3
-4354.8 5919.5 -4.7 283 0 5.7 30.1 5.0 2.5 2 1 2 5 5
-4382.5 5813.5 -4.6 194 0 39.7 5.7 7.5 2.5 2 0 3 2 2
-2994.1 -4183.1 -1.0 262 0 78.9 84.2 10.0 0.0 0 1 4 2 2
-5193.8 -8873.2 -8.1 10 0 127.5 71.5 7.5 0.0 0 0 3 5 5
-6225.6 -10275.3 -10.6 266 0 18.4 52.6 10.0 2.5 4 1 4 0 0
-3688.8 -9726.0 -10.0 4 0 62.8 20.0 5.0 2.5 2 0 2 0 0
-3222.6 -3213.0 -2.4 79 0 41.2 17.3 10.0 2.5 2 0 4 1 1
-6506.5 -4664.7 -5.3 85 0 14.2 93.5 10.0 2.5 2 1 4 5 5
-4142.4 -7348.2 -6.4 345 0 77.9 23.9 7.5 0.0 0 0 3 1 1
-4844.8 -8779.8 -7.1 355 0 23.7 7.3 7.5 2.5 2 0 3 2 2
-4350.3 5779.8 -4.5 13 0 8.1 39.6 7.5 0.0 0 1 3 1 1
-5534.6 -9966.0 -9.5 190 0 68.0 70.1 10.0 0.0 0 1 4 3 3
-4748.6 6067.2 -6.2 14 0 43.3 36.5 10.0 0.0 0 0 4 3 3
-3702.4 -9587.3 -9.6 278 0 44.6 33.0 10.0 0.0 0 0 4 5 5
-6468.3 -4665.5 -5.3 89 0 11.1 54.3 10.0 2.5 2 1 4 3 3
-4871.6 -8777.9 -7.6 185 0 37.4 7.7 7.5 2.5 2 0 3 0 0
-5811.1 -9775.2 -9.5 280 0 262.5 78.1 10.0 0.0 0 0 4 0 0
-3871.7 -9237.2 -7.9 82 0 6.5 29.0 7.5 2.5 2 1 3 4 4
-4827.1 -2161.7 0.7 88 0 74.7 89.2 7.5 0.0 0 1 3 3 3
-3624.2 -9015.3 -7.6 274 0 36.9 30.1 7.5 0.0 0 0 3 5 5
-4665.6 7215.0 -3.4 13 0 66.5 14.8 10.0 2.5 4 0 4 2 2
-4409.6 -6099.7 -5.0 90 0 79.9 76.0 10.0 0.0 0 0 4 1 1
-4911.0 6054.6 -7.5 16 0 46.9 12.4 7.5 2.5 2 0 3 0 0
-5231.5 -7148.1 -6.8 357 0 79.1 23.1 5.0 0.0 0 0 2 2 2
-2873.8 -4227.6 -0.9 353 0 31.3 66.2 10.0 0.0 0 1 4 1 1
-4711.5 7040.6 -6.7 12 0 18.8 12.2 2.5 2.5 2 0 1 1 1
-4528.4 -7214.0 -6.3 0 0 72.9 36.1 7.5 0.0 0 0 3 3 3
-2447.6 -4674.4 -2.0 263 0 7.4 30.2 2.5 2.5 2 1 1 2 2
-4141.5 -7763.9 -6.4 257 0 14.8 58.9 7.5 2.5 2 1 3 2 2
-5348.1 -7840.4 -7.5 101 0 12.6 48.0 10.0 2.5 2 1 4 3 3
-3692.1 -9662.4 -10.1 9 0 38.2 18.3 10.0 2.5 2 0 4 3 3
-1829.0 -5976.7 -3.3 284 0 19.8 12.6 7.5 2.5 4 0 3 3 3
-3859.6 -9237.4 -7.9 83 0 8.4 27.9 2.5 2.5 2 1 1 5 5
-4317.2 7247.2 -4.9 15 0 69.1 13.3 10.0 2.5 2 0 4 3 3
-4610.9 6991.4 -6.6 15 0 17.6 19.9 7.5 2.5 4 1 3 4 4
-4233.3 -7225.3 -6.5 256 0 16.2 77.5 7.5 2.5 2 1 3 5 5
-3343.7 -9977.9 -9.1 204 0 8.5 50.1 7.5 2.5 2 1 3 2 2
-4218.6 -7510.8 -5.3 165 0 58.2 25.7 10.0 2.5 4 0 4 1 1
-3694.0 -9810.8 -10.0 2 0 68.0 20.5 7.5 2.5 2 0 3 5 5
-1821.8 -6060.6 -4.0 292 0 12.6 20.9 10.0 2.5 2 1 4 1 1
-6132.2 -9726.5 -9.8 280 0 129.9 190.3 7.5 0.0 0 1 3 3 3
-3202.4 -3119.6 -2.1 259 0 9.0 58.2 7.5 2.5 2 1 3 3 3
-4371.9 5859.2 -4.6 193 0 29.6 7.4 5.0 0.0 0 0 2 4 4
-4649.5 6991.3 -6.7 102 0 19.2 16.0 10.0 2.5 4 0 4 3 3
-2471.1 -4677.5 -1.9 262 0 32.6 7.0 2.5 0.0 0 0 1 4 4
-4259.2 -7229.2 -6.7 255 0 16.2 79.9 7.5 2.5 2 1 3 4 4
-4147.9 -7695.8 -6.2 344 0 69.4 24.8 12.5 0.0 0 0 5 3 3
-4191.2 -9727.3 -9.0 96 0 147.7 30.3 7.5 0.0 0 0 3 4 4
-2477.6 -4176.0 -1.4 157 0 45.0 60.2 10.0 0.0 0 1 4 4 4
6686.9 3108.2 -16.6 188 0 10.7 32.5 12.5 2.5 4 1 5 1 1
6122.8 -5241.2 -4.8 246 0 102.2 95.6 5.0 0.0 0 0 2 3 3
4544.8 -8008.8 -10.2 63 0 12.8 12.2 5.0 0.0 0 0 2 0 0
5079.0 -7930.8 -9.6 90 0 16.9 26.1 10.0 0.0 0 1 4 4 4
6916.7 4361.4 -5.1 3 0 78.7 51.4 10.5 0.0 0 0 3 5 5
4807.0 -5697.3 -5.4 249 0 26.8 15.7 10.0 0.0 0 0 4 3 3
6680.1 -3418.5 -7.1 215 0 26.3 51.6 7.5 0.0 0 1 3 4 4
4559.5 -8209.6 -10.0 236 0 7.9 41.7 7.5 2.5 2 1 3 4 4
6652.1 2705.6 -1.9 104 0 9.6 44.9 7.5 2.5 2 1 3 5 5
5974.0 -1051.2 -9.3 1 0 51.9 11.2 7.5 0.0 0 0 3 5 5
5147.4 -7885.2 -9.6 360 0 11.5 48.7 7.5 2.5 2 1 3 1 1
5780.5 -6692.2 -9.8 96 0 8.0 42.3 7.5 2.5 2 1 3 5 5
4268.1 -5715.1 -5.1 341 0 65.7 12.3 10.0 2.5 2 0 4 0 0
6302.4 1353.6 -3.7 215 0 84.4 138.3 7.5 0.0 0 1 3 1 1
4898.7 -5627.0 -5.3 246 0 7.5 34.5 7.5 0.0 0 1 3 2 2
6754.0 -3486.1 -7.3 124 0 46.7 59.6 7.5 0.0 0 1 3 0 0
6632.2 1627.4 -5.1 86 0 46.8 256.3 7.5 0.0 0 1 3 1 1
4614.5 -8235.3 -10.0 328 0 9.7 36.3 7.5 2.5 2 1 3 0 0
4906.8 -5622.1 -5.3 246 0 7.4 35.9 7.5 2.5 2 1 3 2 2
5394.0 -7765.2 -9.2 273 0 17.8 72.8 7.5 2.5 2 1 3 4 4
4270.0 -5817.9 -5.4 71 0 19.9 124.7 10.0 0.0 0 1 4 3 3
6627.4 2712.3 -1.8 104 0 9.3 44.5 7.5 2.5 2 1 3 1 1
4920.7 -5615.1 -5.3 244 0 7.0 34.9 5.0 0.0 0 1 2 0 0
5043.2 -7910.4 -9.6 173 0 33.7 18.7 10.0 0.0 0 0 4 0 0
5351.3 -7879.5 -9.2 277 0 20.6 78.2 7.5 0.0 0 1 3 2 2
4792.5 -5776.2 -5.6 65 0 9.5 19.4 2.5 2.5 2 1 1 2 2
4913.7 -5619.0 -5.3 244 0 5.6 35.0 7.5 2.5 2 1 3 1 1
4626.2 -7443.6 -10.7 358 0 68.2 11.8 7.5 2.5 2 0 3 2 2
5759.4 -6402.1 -9.0 7 0 76.0 19.0 10.0 2.5 2 0 4 3 3
4208.5 9932.4 -6.1 24 0 45.0 41.7 10.0 0.0 0 0 4 1 1
4716.5 10679.1 -11.6 205 0 59.1 180.2 15.0 0.0 0 1 6 4 4
5199.4 10827.0 -14.1 295 0 37.8 143.3 10.0 0.0 0 1 4 3 3
5395.2 10499.4 -12.5 294 0 78.6 282.5 14.0 0.0 0 1 4 1 1
5319.6 10128.5 -3.9 24 0 74.5 127.5 14.0 0.0 0 1 4 1 1
5221.2 9931.5 -3.4 24 0 93.9 50.3 14.0 0.0 0 0 4 1 1
3175.9 9434.6 -8.2 12 0 9.5 22.6 5.0 2.5 2 1 2 0 0
3163.3 9383.3 -8.8 11 0 6.2 20.8 5.0 2.5 2 1 2 5 5
790.8 10037.4 -9.6 192 0 6.8 30.6 5.0 2.5 2 1 2 1 1
984.6 10161.9 -10.4 297 0 13.9 23.9 10.0 2.5 2 1 4 0 0
2676.8 10203.1 -4.7 295 0 34.7 18.8 10.0 0.0 0 0 4 5 5
3099.1 9504.0 -6.9 107 0 21.4 7.4 7.5 0.0 0 0 3 5 5
3160.8 9997.9 -8.1 24 0 59.2 18.0 7.5 2.5 2 0 3 1 1
3168.8 10160.3 -8.7 26 0 19.1 41.1 7.5 2.5 2 1 3 3 3
1385.7 9886.2 -10.0 204 0 101.4 26.5 7.5 0.0 0 0 3 5 5
828.3 10069.6 -9.7 284 0 35.0 6.9 5.0 2.5 2 0 2 0 0
3505.6 9075.9 -8.6 95 0 11.9 24.2 12.5 2.5 2 1 5 5 5
3147.2 9395.9 -8.6 103 0 6.5 36.2 2.5 2.5 2 1 1 3 3
3079.5 9539.9 -6.8 105 0 8.2 21.8 7.5 2.5 2 1 3 2 2
788.0 10024.1 -9.5 192 0 7.4 37.8 7.5 2.5 2 1 3 0 0
685.1 10199.5 -10.4 193 0 81.2 130.6 7.5 0.0 0 1 3 5 5
2363.4 10041.7 -5.2 206 0 41.5 24.4 7.5 0.0 0 0 3 0 0
3166.5 10104.5 -8.4 25 0 10.7 36.1 7.5 2.5 4 1 3 5 5
971.4 9778.6 -9.7 24 0 75.5 11.2 7.5 2.5 2 0 3 4 4
2819.5 9999.8 -9.4 25 0 23.6 17.4 10.0 2.5 2 0 4 0 0
1341.1 10084.1 -10.3 13 0 22.3 118.7 10.0 0.0 0 1 4 3 3
801.8 10064.9 -9.7 281 0 11.1 5.2 7.5 2.5 2 0 3 4 4
828.6 9948.4 -8.9 25 0 9.4 27.0 7.5 2.5 2 1 3 1 1
2273.0 10252.6 -4.5 114 0 26.8 16.5 7.5 2.5 2 0 3 0 0
3029.6 9397.8 -8.2 99 0 8.4 49.2 7.5 2.5 2 1 3 1 1
6191.5 6544.0 -9.2 189 0 115.8 32.2 17.5 0.0 0 0 5 2 2
822.0 9858.9 -9.3 114 0 23.4 63.8 7.5 2.5 2 1 3 1 1
2851.6 10037.3 -10.0 25 0 48.7 16.3 10.0 2.5 2 0 4 0 0
1011.0 9866.0 -9.9 23 0 74.2 11.2 7.5 0.0 0 0 3 1 1
3070.8 9502.4 -6.7 105 0 7.4 27.5 7.5 2.5 4 1 3 0 0
2982.1 9454.3 -7.9 280 0 6.7 49.4 7.5 2.5 2 1 3 0 0
2075.5 9850.7 -10.2 295 0 21.3 31.1 12.5 0.0 0 1 5 4 4
1612.6 10010.2 -10.3 293 0 52.9 39.8 12.5 0.0 0 0 5 3 3
6153.1 7046.1 -7.7 279 0 99.9 28.8 17.5 0.0 0 0 5 1 1
781.1 9990.0 -9.3 192 0 6.6 43.7 7.5 2.5 2 1 3 1 1
3058.7 9528.8 -6.7 105 0 16.5 6.5 2.5 2.5 2 0 1 3 3
3161.2 10139.5 -8.8 25 0 16.0 42.4 10.0 2.5 2 1 4 5 5
1474.6 10047.2 -10.3 294 0 27.8 102.9 12.5 0.0 0 1 5 1 1
2578.6 10283.6 -2.2 294 0 66.5 59.7 10.0 0.0 0 0 4 5 5
1101.6 9687.1 -9.7 115 0 50.2 133.8 10.0 0.0 0 1 4 4 4
912.6 9990.9 -9.7 23 0 29.6 14.3 7.5 2.5 2 0 3 5 5
853.5 9859.6 -9.2 25 0 23.4 14.1 12.5 2.5 2 0 5 2 2
2530.9 10044.5 -4.6 115 0 12.9 25.7 10.0 0.0 0 1 4 3 3
921.8 10033.6 -9.8 25 0 50.5 4.7 2.5 2.5 2 0 1 3 3
3113.8 9449.0 -8.1 284 0 5.4 24.5 2.5 2.5 2 1 1 5 5
3187.5 10438.3 -14.4 295 0 50.4 112.8 12.5 0.0 0 1 5 2 2
2119.8 10276.6 -5.2 117 0 7.1 43.9 7.5 2.5 2 1 3 3 3
3129.0 10123.7 -8.7 25 0 7.5 11.2 2.5 2.5 2 1 1 5 5
869.9 9880.4 -9.3 25 0 12.2 20.7 10.0 2.5 2 1 4 5 5
6389.0 6469.0 -8.4 11 0 50.0 88.2 17.5 0.0 0 1 5 0 0
938.9 10068.9 -9.9 295 0 11.8 12.1 5.0 0.0 0 1 2 2 2
1123.1 10321.1 -10.7 116 0 37.1 16.7 10.0 2.5 2 0 4 0 0
1044.7 10276.2 -10.6 115 0 25.1 70.5 7.5 0.0 0 1 3 1 1
3217.2 10158.1 -7.5 26 0 10.8 30.5 12.5 0.0 0 1 5 0 0
891.0 9943.7 -9.5 24 0 70.3 10.7 10.0 2.5 4 0 4 5 5
6338.2 6582.9 -9.0 278 0 160.1 41.8 17.5 0.0 0 0 5 0 0
794.7 10048.7 -9.6 193 0 6.2 34.8 7.5 2.5 2 1 3 4 4
1096.3 10121.6 -10.3 23 0 14.2 80.5 7.5 2.5 2 1 3 1 1
3126.3 9949.5 -8.6 24 0 24.2 24.7 10.0 2.5 2 1 4 4 4
4008.9 10819.0 -13.7 205 0 21.3 35.0 10.0 0.0 0 1 4 1 1
840.4 10056.1 -9.5 283 0 7.7 70.3 7.5 0.0 0 1 3 0 0
4027.9 3466.6 -1.5 194 0 51.2 14.8 7.5 2.5 4 0 3 3 3
4941.6 3321.3 0.4 123 0 13.0 56.7 10.0 2.5 2 1 4 3 3
4753.4 4249.3 -3.8 345 0 38.5 77.2 7.5 0.0 0 1 3 5 5
6654.3 5822.8 -4.6 262 0 10.8 47.1 10.0 2.5 2 1 4 3 3
4319.5 3904.6 -2.3 284 0 11.2 80.3 7.5 2.5 2 1 3 4 4
6054.8 1009.3 -5.5 302 0 53.4 15.4 10.0 2.5 2 0 4 5 5
2010.3 3866.8 -1.0 19 0 11.7 39.1 12.5 2.5 2 1 5 2 2
6273.9 6488.1 -7.8 189 0 40.6 7.0 10.5 3.5 2 0 3 4 4
6698.2 5759.8 -5.1 348 0 36.8 12.1 7.5 2.5 2 0 3 4 4
5439.5 5516.5 -4.1 111 0 7.1 44.4 7.5 2.5 4 1 3 2 2
4974.9 2888.6 0.3 223 0 44.6 24.3 12.5 0.0 0 0 5 5 5
5908.4 4175.3 -2.6 48 0 8.9 21.3 10.5 3.5 2 1 3 1 1
1901.4 3972.6 -1.2 285 0 27.9 96.4 12.5 0.0 0 1 5 3 3
5035.6 4105.7 -3.4 346 0 15.5 42.0 10.0 2.5 2 1 4 1 1
6213.7 4734.3 -3.6 298 0 6.6 35.1 10.5 3.5 2 1 3 2 2
6107.8 6420.3 -1.6 278 0 14.8 85.3 17.5 3.5 2 1 5 0 0
6413.5 4967.9 -3.6 5 0 27.6 36.3 14.0 0.0 0 1 4 4 4
4987.9 1964.9 -0.6 106 0 13.5 88.9 12.5 2.5 2 1 5 3 3
5017.1 4176.9 -4.4 167 0 28.2 12.9 10.0 2.5 2 0 4 1 1
6019.9 967.3 -5.6 211 0 11.8 41.5 10.0 2.5 2 1 4 5 5
6587.9 6435.7 -7.0 9 0 37.6 113.9 17.5 0.0 0 1 5 1 1
6175.3 3515.8 -7.0 352 0 17.8 11.6 5.0 0.0 0 0 2 3 3
6481.6 6193.6 -5.2 99 0 140.7 46.3 14.0 0.0 0 0 4 4 4
5042.7 4217.8 -4.4 254 0 47.4 13.2 7.5 2.5 2 0 3 0 0
6189.6 5093.7 -2.9 276 0 10.3 21.2 5.0 2.5 2 1 2 1 1
6223.2 4728.9 -3.7 299 0 6.9 30.2 10.5 3.5 2 1 3 3 3
6356.5 6351.9 -5.1 9 0 38.4 76.4 17.5 0.0 0 1 5 1 1
6359.4 730.8 -5.0 271 0 47.6 86.9 10.0 0.0 0 1 4 5 5
5019.1 2091.8 0.1 196 0 65.9 16.4 7.5 2.5 2 0 3 4 4
4263.6 3855.9 -1.9 192 0 19.7 14.1 12.5 2.5 2 0 5 4 4
4772.4 4164.3 -2.0 344 0 15.3 63.6 10.0 2.5 2 1 4 0 0
2822.5 3651.5 -2.7 89 0 9.1 37.3 7.5 2.5 2 1 3 5 5
6936.9 6557.7 -8.5 299 0 19.7 6.9 7.5 0.0 0 0 3 3 3
5917.8 1030.3 -5.8 122 0 32.7 18.5 10.0 0.0 0 0 4 3 3
5993.0 4162.9 -3.2 223 0 20.9 7.5 10.5 3.5 2 0 3 2 2
6169.6 6394.1 -1.4 188 0 100.4 32.1 17.5 0.0 0 0 5 5 5
5029.3 4192.0 -4.4 165 0 10.2 25.5 10.0 2.5 2 1 4 5 5
4253.6 3753.2 -2.4 103 0 14.4 72.9 7.5 2.5 2 1 3 3 3
6114.7 5169.7 -2.3 278 0 12.9 54.0 10.0 2.5 2 1 4 3 3
6183.9 4986.1 -3.8 8 0 56.1 13.3 10.0 2.5 2 0 4 1 1
6280.1 6229.5 -2.1 99 0 41.5 92.0 17.5 0.0 0 1 5 0 0
5479.7 1861.6 -3.6 0 0 46.2 16.1 10.0 2.5 2 0 4 2 2
4869.3 2272.5 4.9 194 0 13.1 45.4 12.5 2.5 2 1 5 5 5
4265.5 3924.5 -1.7 287 0 14.9 79.6 7.5 2.5 4 1 3 3 3
5592.8 380.3 -6.9 91 0 12.2 37.5 10.0 2.5 2 1 4 1 1
5092.6 1633.2 0.3 196 0 9.3 51.5 7.5 2.5 2 1 3 2 2
6919.8 6510.7 -7.4 301 0 7.1 17.2 2.5 2.5 2 1 1 0 0
2821.4 3696.7 -2.3 90 0 6.7 35.8 7.5 2.5 2 1 3 0 0
1951.9 3952.9 -0.6 289 0 14.6 45.1 10.0 2.5 2 1 4 0 0
6938.1 6542.3 -8.4 301 0 7.7 25.5 5.0 2.5 2 1 2 2 2
5864.9 4211.8 -2.4 134 0 6.9 76.2 10.5 3.5 2 1 3 4 4
1773.1 3877.1 -2.8 287 0 65.2 60.8 15.0 0.0 0 0 6 2 2
4967.4 3446.6 -0.5 105 0 10.7 72.3 7.5 2.5 2 1 3 0 0
4283.2 3746.9 -2.3 104 0 14.6 54.1 10.0 2.5 2 1 4 1 1
6191.1 5045.5 -2.5 8 0 46.1 8.4 7.5 2.5 2 0 3 2 2
6243.3 6494.2 -7.2 189 0 43.5 20.6 17.5 3.5 2 0 5 1 1
5388.8 1773.3 -1.5 10 0 66.6 11.1 5.0 2.5 2 0 2 4 4
6222.2 6233.4 -2.1 98 0 35.3 120.3 17.5 0.0 0 1 5 0 0
4956.7 2804.9 0.1 138 0 61.8 20.3 10.0 0.0 0 0 4 0 0
4167.9 3432.0 -2.8 4 0 80.7 14.7 10.0 2.5 2 0 4 1 1
5311.8 55.7 -5.8 90 0 10.0 34.3 7.5 2.5 2 1 3 4 4
2246.1 3651.5 1.8 105 0 280.7 26.6 12.5 0.0 0 0 5 0 0
5894.9 8789.7 -2.8 29 0 32.2 27.0 17.5 0.0 0 0 5 2 2
6405.1 10003.0 -6.7 206 0 55.4 197.0 17.5 0.0 0 1 5 1 1
6584.0 8937.5 -8.7 25 0 27.4 42.0 17.5 0.0 0 1 5 4 4
5899.1 8496.8 -7.3 114 0 43.0 59.7 17.5 0.0 0 1 5 1 1
1793.5 10558.9 -3.3 294 0 19.2 59.9 12.5 2.5 2 1 5 5 5
5419.0 8614.2 -5.0 113 0 40.5 184.9 17.5 0.0 0 1 5 0 0
6500.2 9018.0 -7.5 27 0 21.9 14.3 17.5 3.5 2 0 5 1 1
6506.3 8995.0 -7.7 26 0 55.2 10.2 17.5 3.5 4 0 5 2 2
5232.8 9626.9 -8.0 115 0 23.5 97.8 14.0 0.0 0 1 4 0 0
5948.4 8898.4 -3.5 25 0 156.7 31.1 17.5 0.0 0 0 5 4 4
5151.2 9768.4 -6.4 25 0 178.4 92.2 14.0 0.0 0 0 4 4 4
5327.8 9185.1 -7.9 205 0 452.5 218.7 17.5 0.0 0 0 5 0 0
3992.4 9158.3 -10.1 99 0 22.0 33.1 10.0 0.0 0 1 4 4 4
-3450.9 4067.2 -4.4 67 0 13.1 30.6 7.5 2.5 2 1 3 3 3
-3578.9 4265.5 -9.3 157 0 27.6 14.7 7.5 2.5 4 0 3 0 0
-4006.2 4431.7 -6.6 221 0 16.4 19.8 12.5 2.5 2 1 5 0 0
-3457.0 4162.2 -6.4 329 0 15.8 14.1 7.5 2.5 2 0 3 2 2
-3961.7 4301.4 -7.4 126 0 14.6 19.4 12.5 0.0 0 1 5 0 0
-3727.1 4255.0 -8.3 5 0 14.2 14.5 5.0 0.0 0 1 2 2 2
-1747.7 3956.5 -7.5 22 0 59.4 14.3 12.5 2.5 2 0 5 0 0
-3861.2 4445.2 -6.0 274 0 13.1 17.4 2.5 2.5 4 1 1 2 2
-3724.0 4207.5 -9.1 4 0 18.3 15.2 10.0 2.5 2 0 4 2 2
-3581.5 4330.8 -8.2 320 0 16.7 19.5 7.5 2.5 2 1 3 3 3
-3754.3 4295.1 -7.4 11 0 14.7 15.4 5.0 2.5 2 1 2 4 4
-3627.9 4108.1 -6.3 154 0 16.7 16.2 12.5 2.5 4 0 5 1 1
-3395.0 4269.9 -10.1 163 0 25.4 13.3 10.0 2.5 2 0 4 2 2
-3618.6 4219.5 -9.6 204 0 16.4 16.1 10.0 2.5 2 0 4 3 3
-1951.0 3579.2 -7.2 20 0 49.2 75.6 10.0 0.0 0 1 4 5 5
-3587.0 4477.7 -5.7 274 0 11.8 17.5 7.5 2.5 2 1 3 2 2
-3825.5 4380.5 -6.2 302 0 15.9 17.8 7.5 2.5 2 1 3 1 1
-3705.6 4456.5 -5.2 263 0 12.1 18.3 7.5 2.5 2 1 3 5 5
-2049.3 3505.8 -5.1 109 0 9.8 33.2 7.5 2.5 2 1 3 5 5
-2259.3 1331.2 -8.0 200 0 83.2 14.9 10.0 0.0 0 0 4 0 0
-3668.1 4130.5 -7.2 172 0 16.6 14.2 2.5 2.5 2 0 1 2 2
-3464.1 4309.2 -9.5 258 0 13.1 18.3 5.0 2.5 2 1 2 3 3
-3562.3 4372.6 -7.5 354 0 21.6 15.5 7.5 2.5 2 0 3 5 5
-2283.9 3392.0 -3.6 20 0 62.2 128.8 7.5 0.0 0 1 3 4 4
-3557.5 4470.3 -6.0 275 0 12.1 17.8 5.0 2.5 2 1 2 0 0
-3535.9 4246.4 -9.8 270 0 14.5 30.1 10.0 2.5 4 1 4 4 4
-3667.5 4330.4 -7.3 72 0 15.6 17.3 10.0 0.0 0 1 4 1 1
-3593.3 4172.5 -7.4 190 0 21.1 13.7 7.5 2.5 2 0 3 0 0
-3462.3 4256.5 -9.8 357 0 28.8 12.4 15.0 0.0 0 0 6 4 4
-1785.3 3672.0 -2.4 20 0 44.2 49.8 12.5 0.0 0 1 5 3 3
-4011.1 4358.2 -7.0 150 0 15.7 19.1 7.5 2.5 2 1 3 3 3
-2204.9 3447.7 -5.2 111 0 65.9 91.9 12.5 0.0 0 1 5 4 4
-3506.3 4183.9 -6.9 286 0 13.4 22.7 10.0 2.5 2 1 4 0 0
-3526.0 4365.3 -7.9 5 0 17.7 13.7 7.5 2.5 2 0 3 2 2
-2363.6 3554.4 -4.7 200 0 91.4 132.7 12.5 0.0 0 1 5 1 1
-3953.3 4353.9 -7.0 134 0 16.1 12.7 5.0 2.5 2 0 2 1 1
-3635.4 4408.1 -6.6 286 0 16.1 19.9 10.0 0.0 0 1 4 5 5
-3434.7 4225.7 -7.1 273 0 12.8 33.6 7.5 2.5 2 1 3 3 3
-3384.5 4236.4 -7.2 166 0 26.3 13.2 7.5 2.5 2 0 3 0 0
-2177.1 4072.9 -4.8 199 0 61.1 131.9 10.0 0.0 0 1 4 5 5
-3460.4 4216.4 -7.7 1 0 29.4 13.7 7.5 2.5 2 0 3 0 0
-1742.2 3792.2 -15.1 290 0 99.8 55.6 10.0 0.0 0 0 4 5 5
-3762.4 4412.3 -5.4 195 0 19.5 12.6 5.0 2.5 2 0 2 1 1
-3899.3 4263.5 -7.3 119 0 15.8 19.1 10.0 2.5 2 1 4 1 1
-3466.7 4104.3 -5.5 54 0 14.0 29.4 7.5 2.5 2 1 3 5 5
-2045.1 3592.3 -8.5 19 0 90.4 132.7 10.0 0.0 0 1 4 5 5
-3899.7 4375.1 -6.6 310 0 15.6 14.2 2.5 2.5 2 0 1 1 1
-3504.6 4321.9 -8.8 331 0 18.5 13.7 7.5 2.5 4 0 3 5 5
-3909.4 4487.2 -6.0 347 0 15.5 15.6 10.0 0.0 0 1 4 1 1
-3804.1 4261.5 -7.6 110 0 16.9 13.7 5.0 2.5 2 0 2 4 4
-1785.1 1448.5 -7.3 199 0 145.8 97.7 10.0 0.0 0 0 4 4 4
-3709.4 4423.8 -5.7 273 0 13.5 17.0 10.0 2.5 2 1 4 5 5
-1997.5 3725.0 -7.0 20 0 91.0 133.3 10.0 0.0 0 1 4 4 4
-3522.2 4418.4 -7.0 5 0 18.9 12.5 5.0 2.5 2 0 2 5 5
-3781.1 4428.6 -5.5 15 0 17.4 12.5 7.5 2.5 4 0 3 4 4
-3612.0 4084.6 -5.7 140 0 17.3 15.3 7.5 2.5 2 0 3 2 2
-3585.1 4112.8 -6.2 155 0 20.6 13.4 7.5 2.5 2 0 3 3 3
-3433.2 4119.9 -5.7 58 0 14.3 30.7 10.0 2.5 2 1 4 1 1
-3847.0 4339.1 -6.6 300 0 15.4 15.0 5.0 2.5 2 0 2 2 2
-3765.0 4351.0 -6.5 288 0 15.6 16.3 10.0 2.5 2 1 4 2 2
-1713.4 4905.0 -4.6 197 0 80.6 190.0 10.0 0.0 0 1 4 2 2
-3362.7 4133.2 -5.0 177 0 26.0 12.0 10.0 2.5 2 0 4 4 4
-3654.8 4210.9 -9.5 204 0 17.4 13.6 7.5 2.5 2 0 3 3 3
-3646.9 4076.5 -6.0 145 0 17.9 15.1 7.5 2.5 2 0 3 0 0
-3591.8 4451.3 -6.1 277 0 12.8 18.8 10.0 2.5 2 1 4 5 5
-3854.8 4397.7 -6.2 308 0 15.0 16.7 7.5 2.5 2 1 3 5 5
-3669.8 4444.5 -5.6 276 0 13.0 18.0 7.5 2.5 2 1 3 3 3
-2226.6 1319.2 -7.4 200 0 82.9 23.1 7.5 0.0 0 0 3 1 1
-3669.0 4159.1 -7.6 185 0 17.2 14.0 5.0 2.5 2 0 2 1 1
-1512.6 4283.8 -1.8 296 0 48.0 35.9 10.0 0.0 0 0 4 4 4
-2268.2 3819.8 -7.0 199 0 91.1 133.0 15.0 0.0 0 1 6 4 4
-3610.3 4037.6 -6.0 131 0 18.0 15.2 7.5 2.5 2 0 3 0 0
-3625.5 4440.2 -6.0 273 0 13.2 17.9 2.5 2.5 2 1 1 1 1
-1785.6 1349.4 -7.0 199 0 15.4 28.4 10.0 2.5 2 1 4 4 4
-1482.5 4224.4 -1.2 27 0 78.1 18.9 7.5 2.5 2 0 3 5 5
-3501.6 4262.8 -9.7 266 0 13.5 29.7 12.5 2.5 2 1 5 3 3
-3675.1 4391.0 -6.5 274 0 14.0 16.6 2.5 2.5 4 1 1 0 0
-3536.2 4121.1 -6.2 53 0 15.7 17.2 15.0 0.0 0 1 6 0 0
-2284.7 1340.2 -8.3 200 0 83.3 17.2 12.5 2.5 2 0 5 1 1
-3573.7 4048.3 -5.6 128 0 16.5 16.1 10.0 2.5 2 0 4 2 2
-3987.2 4324.6 -7.3 130 0 15.5 18.2 7.5 2.5 2 1 3 4 4
-3412.7 4148.3 -6.3 55 0 13.3 31.9 7.5 2.5 2 1 3 0 0
-1759.6 1307.9 -6.6 199 0 72.0 25.2 7.5 0.0 0 0 3 3 3
-3835.2 4230.6 -7.9 111 0 16.0 19.2 7.5 2.5 2 1 3 0 0
-3556.5 4158.8 -6.9 181 0 16.6 15.9 7.5 2.5 2 0 3 3 3
-3524.7 4392.1 -7.4 2 0 17.3 12.7 5.0 2.5 2 0 2 2 2
-1861.2 3861.8 -5.0 289 0 132.4 80.0 10.0 0.0 0 0 4 1 1
-3486.8 4058.2 -4.8 68 0 14.7 29.8 10.0 2.5 2 1 4 2 2
-3539.7 4306.2 -8.8 335 0 18.2 14.5 7.5 2.5 2 0 3 1 1
-3430.0 4255.7 -10.0 355 0 33.0 12.6 12.5 2.5 2 0 5 0 0
-3562.1 4442.8 -6.5 275 0 12.8 17.5 10.0 2.5 4 1 4 2 2
-3982.8 4461.8 -6.5 233 0 17.0 20.7 7.5 2.5 2 1 3 4 4
-4026.9 4387.5 -6.7 152 0 16.4 17.8 7.5 0.0 0 1 3 2 2
-3747.6 4445.8 -5.2 271 0 12.2 18.0 2.5 2.5 2 1 1 2 2
-3931.0 4281.8 -7.3 118 0 15.3 20.3 10.0 2.5 2 1 4 0 0
-3582.8 4203.7 -8.4 207 0 20.2 13.7 12.5 2.5 4 0 5 0 0
-2003.7 976.1 -3.4 357 0 36.4 242.0 10.0 0.0 0 1 4 1 1
-3827.1 4441.4 -5.8 271 0 11.7 18.5 5.0 2.5 2 1 2 5 5
-3924.0 4395.3 -6.7 314 0 15.4 13.7 5.0 2.5 2 0 2 3 3
-3767.6 4203.4 -8.8 101 0 16.2 18.9 10.0 2.5 4 1 4 2 2
-1755.9 -621.4 -0.9 9 0 204.9 35.7 7.5 0.0 0 0 3 3 3
-1836.8 1216.4 -6.1 200 0 125.1 59.9 10.0 0.0 0 0 4 2 2
-3502.3 4301.5 -9.4 254 0 13.8 17.6 10.0 2.5 2 1 4 3 3
-3526.0 4068.8 -5.1 31 0 13.0 20.7 10.0 2.5 2 1 4 5 5
-3629.3 4335.0 -7.6 108 0 15.0 19.3 5.0 2.5 2 1 2 1 1
-3789.8 4312.2 -7.0 289 0 14.8 14.8 5.0 2.5 2 1 2 0 0
-3638.0 4141.3 -7.2 178 0 16.6 17.2 7.5 2.5 2 1 3 4 4
-3908.7 4442.2 -6.3 315 0 14.7 14.7 5.0 2.5 2 1 2 3 3
-3611.7 4246.3 -9.4 180 0 18.1 15.3 12.5 2.5 2 0 5 0 0
-3524.0 4453.4 -6.6 277 0 12.0 18.4 7.5 2.5 4 1 3 2 2
-3771.1 4383.8 -5.9 198 0 16.6 13.8 2.5 0.0 0 0 1 2 2
-3593.1 4142.6 -6.9 173 0 15.2 12.5 2.5 2.5 2 0 1 3 3
-3873.7 4355.4 -6.6 309 0 14.9 14.7 5.0 2.5 4 0 2 3 3
-3796.0 4362.7 -6.1 294 0 15.4 16.9 7.5 2.5 2 1 3 4 4
-3662.9 4273.3 -8.6 116 0 37.7 25.7 7.5 0.0 0 0 3 5 5
-2429.6 3297.7 -2.5 110 0 51.4 87.7 12.5 0.0 0 1 5 1 1
-3367.5 4168.3 -6.0 172 0 26.9 13.1 10.0 2.5 2 0 4 3 3
-2315.5 3688.5 -8.4 199 0 92.1 135.5 10.0 0.0 0 1 4 2 2
-3659.8 4101.1 -6.4 158 0 17.1 14.5 2.5 2.5 2 0 1 4 4
-3375.1 4202.5 -6.5 166 0 26.0 13.0 10.0 2.5 2 0 4 4 4
-3493.2 4133.8 -6.1 35 0 14.4 14.8 5.0 0.0 0 1 2 2 2
-3897.2 4311.2 -6.9 124 0 14.4 13.9 5.0 2.5 2 0 2 2 2
-3665.0 4469.2 -5.2 270 0 11.6 18.0 5.0 2.5 2 1 2 0 0
-3738.2 4337.2 -6.9 184 0 15.9 14.4 5.0 0.0 0 0 2 5 5
-3733.7 5100.6 -0.6 287 0 55.1 16.4 7.5 2.5 2 0 3 3 3
-3629.8 4057.2 -6.0 138 0 19.3 14.8 12.5 0.0 0 0 5 4 4
-1856.3 3673.9 -6.1 19 0 91.6 132.5 10.0 0.0 0 1 4 3 3
-3600.6 4399.7 -6.9 289 0 13.4 17.9 5.0 2.5 2 1 2 2 2
-3729.2 4285.3 -7.7 92 0 15.8 15.3 2.5 2.5 2 0 1 5 5
-3955.5 4487.1 -6.3 232 0 16.2 18.6 10.0 2.5 2 1 4 0 0
-3626.9 4195.2 -8.7 199 0 17.4 15.0 10.0 0.0 0 0 4 4 4
-3975.5 4381.6 -6.9 138 0 14.4 13.4 10.0 2.5 4 0 4 5 5
-3673.9 4417.3 -6.1 274 0 12.8 17.0 2.5 2.5 2 1 1 0 0
-3547.8 4193.5 -7.4 197 0 29.5 14.4 7.5 2.5 2 0 3 5 5
-3593.3 4065.1 -5.6 133 0 16.5 15.5 7.5 2.5 2 0 3 1 1
-3465.1 4184.6 -6.8 357 0 16.7 13.2 5.0 2.5 2 0 2 5 5
-2094.8 3480.4 -4.6 110 0 16.4 24.3 7.5 2.5 2 1 3 4 4
-3395.4 4125.1 -5.1 335 0 31.9 12.6 12.5 2.5 2 0 5 0 0
-3818.8 4324.0 -6.6 296 0 15.9 15.1 7.5 2.5 2 0 3 1 1
-3596.3 4424.4 -6.5 278 0 13.0 18.4 7.5 2.5 2 1 3 0 0
-3866.4 4247.9 -7.3 113 0 16.6 18.3 12.5 2.5 2 1 5 2 2
-3761.7 4258.2 -7.9 12 0 13.2 14.7 10.0 2.5 2 1 4 3 3
-3722.7 4383.6 -6.2 182 0 19.5 15.5 7.5 2.5 2 0 3 1 1
-3405.2 4301.4 -9.9 167 0 19.2 12.6 7.5 2.5 2 0 3 4 4
-3528.0 4280.0 -9.4 341 0 18.7 13.9 10.0 2.5 2 0 4 3 3
-3539.6 4037.0 -5.5 31 0 15.7 16.6 10.0 2.5 2 1 4 0 0
-3790.2 4398.8 -5.8 21 0 19.4 15.3 10.0 2.5 2 0 4 1 1
-1423.8 4768.3 -4.6 107 0 176.1 78.4 10.0 0.0 0 0 4 3 3
-3804.0 4216.0 -8.4 112 0 15.9 19.6 7.5 2.5 2 1 3 3 3
-3645.6 4234.2 -9.4 209 0 17.2 14.2 5.0 2.5 2 0 2 5 5
-2002.3 3911.0 -2.5 290 0 133.1 79.1 12.5 0.0 0 0 5 0 0
-3551.7 4084.5 -5.4 42 0 14.1 20.4 12.5 2.5 2 1 5 2 2
-1922.4 1286.4 -7.4 20 0 354.8 27.5 12.5 0.0 0 0 5 3 3
-3636.3 4169.8 -7.6 190 0 17.0 16.8 7.5 2.5 2 0 3 3 3
-3588.0 4021.9 -5.9 121 0 18.0 14.4 5.0 2.5 2 0 2 5 5
-3882.9 4419.7 -6.3 309 0 14.8 16.6 10.0 2.5 2 1 4 4 4
-3647.5 5079.4 -1.0 286 0 59.2 21.9 7.5 2.5 2 0 3 3 3
-3504.9 4095.4 -5.5 41 0 15.2 29.6 10.0 2.5 2 1 4 0 0
-3662.7 4185.8 -8.7 195 0 17.9 13.6 5.0 2.5 2 0 2 0 0
-3420.5 4082.7 -4.6 71 0 14.3 29.1 10.0 2.5 2 1 4 1 1
-2219.9 3953.5 -4.0 200 0 91.3 131.3 7.5 0.0 0 1 3 5 5
-3624.6 4477.0 -5.4 272 0 12.8 18.3 10.0 2.5 2 1 4 0 0
-1827.5 1306.2 -6.8 199 0 21.5 53.4 7.5 2.5 4 1 3 3 3
-3499.1 4222.5 -7.7 278 0 14.2 29.3 7.5 2.5 2 1 3 3 3
-3836.9 4276.8 -7.1 119 0 15.6 12.5 5.0 2.5 2 0 2 1 1
-2453.5 4560.8 -5.0 58 0 56.2 26.0 10.0 2.5 2 0 4 3 3
-1604.1 1101.7 -3.6 11 0 29.9 16.0 15.0 0.0 0 0 6 2 2
-211.0 1315.3 -2.7 171 0 66.0 13.8 10.0 2.5 2 0 4 0 0
-2094.1 -10836.4 -10.6 22 0 296.5 497.9 7.5 0.0 0 1 3 2 2
6080.8 6141.3 -2.9 359 0 27.6 18.9 7.5 2.5 2 0 3 2 2
-3133.7 -7293.3 -5.3 90 0 91.0 109.2 10.0 0.0 0 1 4 4 4
-1976.9 -6553.4 -5.0 285 0 61.4 20.3 7.5 2.5 2 0 3 3 3
-2191.0 -7980.1 -6.3 69 0 105.6 215.6 10.0 0.0 0 1 4 1 1
-3424.2 -6318.2 -4.3 359 0 252.7 129.5 12.5 0.0 0 0 5 5 5
-6859.7 296.4 -5.4 88 0 59.3 257.4 10.0 0.0 0 1 4 5 5
2505.2 -2057.4 -3.5 188 0 89.2 47.3 10.0 0.0 0 0 4 3 3
2506.4 -3455.2 -3.3 267 0 44.5 190.2 10.0 0.0 0 1 4 0 0
2449.4 -3185.0 -1.3 354 0 19.6 15.6 10.0 2.5 4 0 4 2 2
2656.4 -3256.2 -2.2 129 0 83.0 56.1 10.0 0.0 0 0 4 3 3
2697.0 -3154.8 -2.2 39 0 12.8 23.0 10.0 2.5 2 1 4 0 0
2659.4 -3133.8 -2.0 129 0 22.4 15.2 7.5 2.5 2 0 3 4 4
2642.3 -3114.0 -2.1 39 0 14.9 39.8 7.5 2.5 2 1 3 1 1
2534.6 -3096.5 -1.9 129 0 50.5 13.7 10.0 2.5 2 0 4 3 3
2686.7 -3402.1 -2.9 131 0 25.3 15.4 10.0 2.5 2 0 4 1 1
2745.9 -3425.8 -2.9 46 0 12.9 21.9 7.5 2.5 2 1 3 5 5
2707.1 -3475.0 -3.2 264 0 8.7 23.5 5.0 2.5 2 1 2 1 1
2771.0 -3665.4 -3.6 357 0 92.8 16.8 10.0 0.0 0 0 4 2 2
2606.5 -3741.3 -3.8 86 0 6.6 37.5 7.5 2.5 2 1 3 4 4
-5626.8 9670.9 -11.3 70 0 12.3 36.8 10.0 2.5 2 1 4 0 0
-5676.7 9635.0 -11.0 70 0 12.5 36.6 10.0 2.5 2 1 4 4 4
-5681.1 9755.3 -11.5 250 0 12.2 42.3 7.5 2.5 2 1 3 3 3
-5671.8 9842.5 -12.1 343 0 36.6 13.1 10.0 2.5 2 0 4 0 0
-6388.8 9493.4 -12.2 50 0 12.1 46.7 7.5 0.0 0 1 3 2 2
-6361.4 9514.2 -12.3 50 0 12.1 46.7 10.0 0.0 0 1 4 3 3
-6397.1 9552.9 -12.4 50 0 12.1 46.7 12.5 0.0 0 1 5 3 3
-6374.3 9628.9 -12.5 230 0 9.2 46.7 7.5 0.0 0 1 3 1 1
-6307.0 9554.7 -12.3 50 0 12.1 46.7 10.0 0.0 0 1 4 0 0
-6223.9 9425.0 -11.2 16 0 30.9 19.4 10.0 2.5 2 0 4 1 1
-6276.3 9473.3 -11.5 286 0 19.4 30.9 7.5 2.5 4 1 3 0 0
-6226.5 9517.4 -11.7 286 0 19.4 30.9 7.5 2.5 4 1 3 5 5
-6183.4 9476.1 -11.3 286 0 19.4 30.9 10.0 2.5 2 1 4 3 3
-6179.0 9396.1 -10.8 286 0 19.4 30.9 7.5 2.5 2 1 3 2 2
-6226.8 9335.6 -10.7 106 0 19.4 30.9 7.5 2.5 4 1 3 2 2
-6111.7 9325.8 -10.3 106 0 19.4 30.9 10.0 2.5 2 1 4 5 5
-6051.2 9374.2 -10.3 286 0 19.4 30.9 10.0 2.5 2 1 4 1 1
-6794.9 10047.6 -13.3 250 0 11.0 33.0 7.5 0.0 0 1 3 0 0
-6768.2 10067.7 -13.2 212 0 15.4 30.3 7.5 0.0 0 1 3 1 1
-6730.5 10094.8 -13.2 250 0 11.0 33.0 10.0 0.0 0 1 4 0 0
-6698.3 10119.2 -13.1 250 0 11.0 33.0 7.5 0.0 0 1 3 2 2
-6652.7 10116.5 -13.2 329 0 19.3 15.9 7.5 0.0 0 0 3 3 3
-6738.2 9887.1 -13.3 254 0 13.6 38.5 7.5 2.5 2 1 3 0 0
-6685.9 9923.6 -13.4 254 0 13.6 38.5 10.0 2.5 2 1 4 2 2
-6635.5 9962.4 -13.4 254 0 13.6 38.5 10.0 2.5 2 1 4 5 5
-6765.3 9966.1 -13.6 73 0 14.0 40.9 7.5 2.5 2 1 3 3 3
-6732.8 9991.3 -13.6 73 0 14.0 40.9 5.0 2.5 2 1 2 3 3
-6700.6 10014.6 -13.7 73 0 14.0 40.9 10.0 2.5 2 1 4 4 4
-6670.5 10038.8 -13.7 73 0 14.0 40.9 10.0 2.5 2 1 4 1 1
-6631.3 10052.9 -13.7 73 0 14.0 40.9 10.0 2.5 4 1 4 5 5
-6822.9 9922.2 -13.6 145 0 53.0 13.7 7.5 2.5 4 0 3 2 2
-6787.9 9880.1 -13.5 49 0 17.2 24.4 10.0 0.0 0 1 4 1 1
-6623.7 10016.1 -13.7 338 0 19.2 20.2 7.5 0.0 0 1 3 0 0
-6586.3 9909.7 -13.3 324 0 47.7 15.2 12.5 2.5 2 0 5 0 0
-6556.3 9870.1 -13.3 324 0 38.3 14.2 10.0 2.5 2 0 4 3 3
-6803.9 9572.6 -13.4 226 0 66.1 21.5 7.5 2.5 2 0 3 2 2
-6404.9 9684.3 -11.2 141 0 25.9 25.8 7.5 0.0 0 0 3 2 2
-6322.5 9659.9 -12.2 90 0 9.2 46.8 5.0 0.0 0 1 2 1 1
-6321.5 9712.7 -11.7 90 0 9.2 46.8 7.5 0.0 0 1 3 1 1
-6288.1 9936.4 -10.9 321 0 46.6 30.8 7.5 0.0 0 0 3 2 2
-6440.0 9774.4 -9.3 141 0 13.8 80.6 12.5 2.5 2 1 5 3 3
-6297.5 9875.2 -9.4 318 0 11.2 71.0 10.0 0.0 0 1 4 3 3
-6589.7 9999.3 -13.5 254 0 13.6 38.5 10.0 0.0 0 1 4 3 3
-6524.1 10018.8 -13.5 254 0 13.6 38.5 10.0 2.5 2 1 4 4 4
-6508.4 10058.7 -13.6 254 0 13.6 38.5 7.5 2.5 2 1 3 5 5
-6458.5 10073.6 -13.6 254 0 13.6 38.5 5.0 2.5 2 1 2 1 1
-6442.8 10115.3 -13.8 254 0 13.6 38.5 10.0 2.5 2 1 4 5 5
-6633.5 10170.9 -13.0 239 0 11.0 33.0 7.5 0.0 0 1 3 3 3
-6609.4 10189.5 -12.9 239 0 11.0 33.0 10.0 0.0 0 1 4 2 2
-6582.0 10210.5 -12.9 239 0 11.0 33.0 7.5 0.0 0 1 3 5 5
-6553.8 10228.3 -12.9 239 0 11.0 33.0 10.0 0.0 0 1 4 4 4
-6528.3 10247.5 -12.8 239 0 11.1 33.0 7.5 0.0 0 1 3 3 3
-6514.8 10172.0 -13.9 327 0 40.9 14.0 7.5 2.5 2 0 3 0 0
-6532.5 10135.9 -13.8 57 0 14.0 40.9 7.5 2.5 2 1 3 4 4
-6580.9 10128.3 -13.8 147 0 37.7 14.0 10.0 2.5 2 0 4 4 4
-6604.2 10105.9 -13.8 147 0 37.7 14.0 5.0 2.5 2 0 2 1 1
-6558.9 10055.6 -13.7 59 0 13.0 33.0 7.5 0.0 0 1 3 0 0
-6490.2 10122.3 -13.8 58 0 13.8 20.0 5.0 2.5 2 1 2 5 5
-6519.0 10111.7 -13.8 58 0 13.8 20.0 7.5 2.5 2 1 3 5 5
-6535.9 10080.1 -13.7 58 0 13.8 20.0 10.0 2.5 2 1 4 4 4
-6258.3 9647.6 -12.5 230 0 9.2 46.7 7.5 0.0 0 1 3 4 4
-6226.9 9668.0 -12.5 230 0 9.2 46.7 7.5 0.0 0 1 3 1 1
-6190.8 9693.1 -12.6 230 0 9.2 46.7 7.5 0.0 0 1 3 2 2
-6165.0 9711.7 -12.6 230 0 9.2 46.7 7.5 0.0 0 1 3 5 5
-6119.6 9710.7 -12.6 320 0 46.7 12.1 12.5 0.0 0 0 5 5 5
-6169.8 9760.2 -12.7 140 0 24.8 12.0 7.5 0.0 0 0 3 5 5
-6204.0 9801.1 -12.4 140 0 24.8 12.0 10.0 0.0 0 0 4 5 5
-6235.4 9841.9 -11.1 140 0 24.8 12.0 12.5 0.0 0 0 5 5 5
-6237.5 9677.1 -12.5 94 0 12.1 46.8 7.5 0.0 0 1 3 2 2
-6204.0 9707.8 -12.5 94 0 12.1 46.8 10.0 0.0 0 1 4 0 0
-5979.4 9739.0 -12.4 66 0 123.8 120.9 7.5 0.0 0 0 3 1 1
-5915.0 9799.6 -12.5 328 0 39.0 21.4 10.0 0.0 0 0 4 3 3
-5944.9 9842.7 -12.8 328 0 39.0 21.4 5.0 0.0 0 0 2 1 1
-5991.2 9893.3 -12.9 238 0 21.4 39.0 10.0 0.0 0 1 4 3 3
-5856.7 9704.1 -11.7 265 0 21.4 39.0 10.0 0.0 0 1 4 2 2
-5883.5 9662.3 -11.5 265 0 21.4 39.0 10.0 0.0 0 1 4 0 0
-5952.7 9653.1 -11.7 175 0 39.0 21.4 12.5 0.0 0 0 5 5 5
-5896.0 9564.9 -11.1 85 0 21.4 39.0 15.0 0.0 0 1 6 3 3
-5843.8 9622.4 -11.1 265 0 21.4 39.0 15.0 0.0 0 1 6 2 2
-5806.8 9653.9 -11.2 265 0 21.4 39.0 7.5 0.0 0 1 3 4 4
-5720.4 9482.3 -11.1 85 0 21.4 39.0 5.0 0.0 0 1 2 5 5
-5800.8 9462.8 -10.6 85 0 21.4 39.0 10.0 0.0 0 1 4 0 0
-5853.5 9503.6 -10.6 85 0 21.4 39.0 7.5 0.0 0 1 3 3 3
-5776.8 9506.4 -10.7 85 0 21.4 39.0 10.0 0.0 0 1 4 1 1
-5751.4 9583.4 -10.8 265 0 21.4 39.0 7.5 0.0 0 1 3 5 5
-6282.2 10050.6 -13.5 89 0 12.2 36.1 7.5 2.5 2 1 3 3 3
-6307.1 10085.1 -13.6 89 0 12.2 36.1 7.5 2.5 2 1 3 5 5
-6384.3 10238.2 -13.9 89 0 12.2 36.1 10.0 2.5 2 1 4 4 4
-6442.7 10261.6 -12.9 89 0 12.2 36.1 7.5 2.5 2 1 3 0 0
-6458.8 10398.9 -13.6 6 0 22.8 23.8 7.5 2.5 2 1 3 0 0
-6521.7 10390.5 -13.6 76 0 12.2 36.1 10.0 2.5 2 1 4 1 1
-6598.9 10486.7 -14.2 76 0 12.2 36.1 7.5 0.0 0 1 3 5 5
-6635.5 10538.9 -14.5 76 0 12.2 36.1 7.5 2.5 2 1 3 1 1
-6569.9 10553.4 -14.5 6 0 22.8 23.8 7.5 2.5 2 1 3 3 3
-6576.6 10651.3 -14.9 256 0 13.4 26.3 7.5 0.0 0 1 3 5 5
-6521.8 10595.7 -14.6 346 0 26.3 13.4 10.0 2.5 2 0 4 4 4
-6471.9 10534.1 -14.2 256 0 13.4 26.3 12.5 0.0 0 1 5 1 1
-6428.7 10439.9 -13.7 76 0 13.4 26.3 10.0 2.5 2 1 4 4 4
-6585.8 10332.7 -13.2 274 0 8.3 40.9 7.5 0.0 0 1 3 3 3
-6625.1 10367.9 -13.4 274 0 8.3 40.9 7.5 2.5 2 1 3 1 1
-6929.8 10291.6 -13.4 181 0 37.7 14.0 7.5 2.5 2 0 3 2 2
-6938.4 10162.0 -12.8 92 0 11.1 33.0 7.5 0.0 0 1 3 1 1
-6821.6 10249.3 -13.1 54 0 15.5 30.4 10.0 0.0 0 1 4 1 1
-6874.9 10185.7 -12.8 182 0 19.3 15.9 7.5 0.0 0 0 3 5 5
-6825.2 10190.8 -12.8 54 0 15.5 30.4 7.5 0.0 0 1 3 4 4
-6787.4 10220.5 -12.9 54 0 15.6 30.3 7.5 0.0 0 1 3 0 0
-6783.7 10281.8 -13.3 54 0 15.6 30.3 12.5 0.0 0 1 5 2 2
-6756.4 10237.4 -13.0 92 0 11.1 33.0 10.0 0.0 0 1 4 2 2
-6752.7 10285.7 -13.3 92 0 11.1 33.0 12.5 0.0 0 1 5 0 0
-6717.5 10280.1 -13.2 92 0 11.1 33.0 10.0 0.0 0 1 4 2 2
-6638.6 10394.7 -13.6 325 0 29.0 18.8 7.5 2.5 2 0 3 2 2
-6712.1 10353.6 -13.5 272 0 12.3 27.1 7.5 2.5 2 1 3 4 4
-5840.1 9543.2 -10.7 162 0 18.5 24.7 5.0 2.5 2 1 2 0 0
-5770.9 9336.4 -11.2 256 0 12.8 32.7 5.0 2.5 2 1 2 5 5
-5717.3 9354.6 -11.6 256 0 12.8 32.7 7.5 2.5 2 1 3 3 3
-5658.6 9366.7 -11.9 256 0 12.8 32.7 7.5 2.5 2 1 3 5 5
-5546.0 9238.2 -12.3 239 0 12.9 32.6 10.0 2.5 2 1 4 3 3
-5821.7 9275.6 -11.1 152 0 17.4 21.4 7.5 2.5 2 1 3 3 3
-5721.2 9299.6 -11.5 259 0 15.9 10.3 10.0 2.5 2 0 4 3 3
-6765.5 -8688.1 -8.9 1 0 13.6 13.7 5.0 2.5 2 1 2 2 2
-6799.0 -8668.8 -8.8 143 0 13.6 12.7 2.5 0.0 0 0 1 2 2
-3863.7 4528.2 -5.5 350 0 20.0 18.7 5.0 2.5 2 0 2 4 4
-5624.1 5618.5 -5.9 287 0 20.6 119.3 7.5 0.0 0 1 3 3 3
-2488.6 4787.4 -3.8 328 0 25.5 49.8 5.0 0.0 0 1 2 4 4
-3857.7 4488.6 -5.7 357 0 20.6 18.5 7.5 2.5 2 0 3 2 2
-5284.7 5308.3 -6.5 88 0 14.9 31.8 7.5 2.5 2 1 3 0 0
-2559.5 4726.3 -4.7 59 0 54.6 25.6 10.0 2.5 2 0 4 1 1
4443.6 -5089.7 -4.5 273 0 11.9 37.8 12.5 0.0 0 1 5 3 3
5718.3 -5523.8 -6.5 66 0 37.0 90.5 10.0 0.0 0 1 4 3 3
5540.6 -5356.7 -6.2 339 0 49.8 15.3 7.5 2.5 2 0 3 2 2
4360.0 -4693.0 -3.2 157 0 67.9 11.4 7.5 2.5 2 0 3 1 1
4598.8 -5089.4 -4.7 337 0 77.3 10.4 10.0 2.5 2 0 4 4 4
4506.5 -4868.4 -3.7 336 0 62.5 11.8 10.0 2.5 2 0 4 4 4
4632.4 -5170.9 -5.8 337 0 60.8 10.6 7.5 2.5 2 0 3 1 1
4517.5 -5080.9 -4.5 248 0 9.7 50.4 5.0 2.5 2 1 2 4 4
4421.6 -4941.2 -4.0 157 0 85.2 11.6 7.5 2.5 2 0 3 3 3
4650.1 -5212.7 -6.2 337 0 8.1 16.6 7.5 2.5 2 1 3 3 3
4511.4 -5068.1 -4.3 68 0 11.1 66.1 7.5 2.5 2 1 3 2 2
4473.9 -4879.0 -3.8 338 0 68.3 11.4 7.5 2.5 2 0 3 5 5
4380.5 -4619.3 -3.0 347 0 33.7 15.9 10.0 2.5 2 0 4 5 5
4545.0 -4962.5 -4.0 336 0 46.2 10.8 10.0 2.5 2 0 4 5 5
4442.7 -4805.7 -3.6 336 0 56.3 11.2 10.0 2.5 2 0 4 3 3
4447.8 -4728.7 -3.3 338 0 48.5 13.6 7.5 2.5 2 0 3 5 5
4486.0 -5079.7 -4.4 68 0 10.4 98.3 7.5 2.5 2 1 3 2 2
4397.7 -4621.8 -2.9 346 0 19.4 6.4 5.0 2.5 2 0 2 5 5
4444.4 -4892.2 -3.8 337 0 66.5 11.8 7.5 2.5 2 0 3 4 4
4475.3 -4793.7 -3.5 337 0 62.6 12.3 7.5 2.5 4 0 3 0 0
4423.3 -4665.7 -3.1 338 0 47.2 14.5 10.0 2.5 2 0 4 0 0
4568.8 -5018.8 -4.2 336 0 45.1 12.6 10.0 2.5 2 0 4 0 0
4564.8 -5194.6 -5.1 67 0 10.8 64.2 5.0 2.5 2 1 2 0 0
4421.1 -5056.4 -4.3 100 0 10.1 31.0 7.5 2.5 2 1 3 5 5
4548.2 -5068.4 -4.6 247 0 10.1 73.2 10.0 2.5 2 1 4 0 0
4475.7 -4966.1 -4.1 337 0 67.3 10.2 7.5 2.5 2 0 3 4 4
4596.1 -5169.7 -5.2 339 0 50.8 10.3 5.0 2.5 2 0 2 3 3
4540.8 -5055.4 -4.3 69 0 11.1 48.5 7.5 2.5 2 1 3 0 0
4718.1 -5477.4 -5.1 69 0 12.3 36.2 7.5 2.5 2 1 3 3 3
4489.6 -5101.5 -4.6 247 0 17.4 58.5 7.5 2.5 2 1 3 5 5
4395.6 -4794.8 -3.6 247 0 10.7 66.8 5.0 0.0 0 1 2 4 4
4515.7 -4976.1 -4.1 338 0 47.6 10.9 10.0 2.5 2 0 4 4 4
4384.9 -4754.6 -3.4 158 0 50.2 12.2 15.0 2.5 2 0 6 0 0
4351.6 -4893.4 -3.8 145 0 32.9 13.6 10.0 2.5 2 0 4 5 5
4380.6 -4954.5 -4.0 166 0 50.8 11.9 15.0 0.0 0 0 6 3 3
4345.0 -4841.0 -3.6 68 0 12.2 78.5 7.5 0.0 0 1 3 4 4
4367.0 -4802.2 -3.5 67 0 12.4 47.4 7.5 2.5 2 1 3 4 4
-1386.8 -5283.4 -3.1 15 0 10.6 29.7 10.0 2.5 2 1 4 0 0
-2938.2 -5783.8 -4.1 0 0 55.2 56.2 7.5 0.0 0 1 3 5 5
-4428.4 -5877.4 -3.8 90 0 47.5 8.9 7.5 2.5 2 0 3 2 2
-2937.7 -5717.4 -3.6 0 0 59.0 19.2 7.5 2.5 2 0 3 3 3
-3600.9 -6712.5 -4.1 89 0 67.1 120.3 10.0 0.0 0 1 4 1 1
-2297.0 -6083.8 -3.9 105 0 33.2 87.0 7.5 0.0 0 1 3 1 1
-3621.7 -6016.5 -3.3 359 0 40.5 24.3 7.5 0.0 0 0 3 3 3
-4414.5 -6005.4 -4.6 90 0 87.0 27.3 5.0 0.0 0 0 2 4 4
-3709.9 -6056.2 -3.5 270 0 31.9 21.6 10.0 0.0 0 0 4 3 3
-3661.1 -6720.2 -4.5 89 0 25.6 57.6 7.5 2.5 2 1 3 0 0
-3625.6 -6079.7 -3.3 360 0 66.4 20.1 7.5 2.5 2 0 3 1 1
-4257.8 -5988.4 -4.6 359 0 28.2 81.7 7.5 0.0 0 1 3 3 3
-2968.8 -6047.8 -3.3 359 0 13.7 13.3 5.0 2.5 2 0 2 0 0
-4294.5 -6047.2 -4.8 90 0 60.1 17.9 10.0 2.5 2 0 4 2 2
-2884.3 -6096.5 -4.4 90 0 119.5 181.3 10.0 0.0 0 1 4 3 3
-2990.5 -6007.9 -3.7 179 0 61.5 21.7 7.5 2.5 2 0 3 3 3
-2988.3 -5938.4 -3.6 180 0 48.8 18.7 10.0 0.0 0 0 4 5 5
-3898.4 -6699.8 -5.0 346 0 29.6 19.1 10.0 2.5 2 0 4 5 5
-4175.0 -6651.5 -5.2 255 0 20.6 59.0 10.0 2.5 2 1 4 5 5
-4085.8 -6706.8 -4.6 271 0 13.3 23.1 7.5 2.5 2 1 3 3 3
-1019.4 -7474.6 -5.0 358 0 78.7 29.4 10.0 0.0 0 0 4 0 0
-1168.6 -7569.4 -5.0 277 0 45.3 25.2 10.0 0.0 0 0 4 2 2
-1113.6 -7731.7 -5.4 248 0 11.0 45.8 10.0 2.5 2 1 4 1 1
-1076.9 -7738.0 -5.4 333 0 45.3 10.9 10.0 2.5 2 0 4 4 4
-1123.4 -7653.4 -5.2 101 0 10.8 45.8 12.5 0.0 0 1 5 2 2
-1175.8 -7754.5 -5.4 256 0 11.0 45.0 10.0 2.5 2 1 4 2 2
-1298.8 -7652.5 -5.0 76 0 21.2 28.4 7.5 0.0 0 1 3 5 5
-1268.4 -7813.6 -5.4 325 0 46.5 45.7 10.0 0.0 0 0 4 2 2
-1214.8 -7656.4 -5.1 272 0 30.6 29.1 10.0 0.0 0 0 4 2 2
-1060.8 -8082.6 -7.6 261 0 150.2 108.5 12.5 0.0 0 0 5 3 3
-1214.0 -7720.5 -5.3 92 0 36.4 34.8 7.5 0.0 0 0 3 5 5
-4041.1 -7255.5 -6.5 75 0 9.3 37.1 7.5 2.5 2 1 3 1 1
-4195.8 -6669.2 -5.2 346 0 22.6 5.5 7.5 2.5 2 0 3 0 0
-4357.4 -6464.5 -5.4 90 0 72.1 53.9 7.5 0.0 0 0 3 3 3
-4138.1 -6947.4 -6.4 167 0 34.1 23.7 7.5 0.0 0 0 3 0 0
-4188.5 -6329.0 -4.9 269 0 8.2 28.6 5.0 2.5 2 1 2 0 0
-4083.5 -7226.4 -6.6 346 0 77.5 24.0 7.5 0.0 0 0 3 0 0
-4246.1 -6998.8 -6.5 75 0 7.6 36.1 7.5 2.5 2 1 3 1 1
-3942.6 -7360.1 -6.2 255 0 33.6 53.2 7.5 0.0 0 1 3 2 2
-2247.7 -6359.6 -4.3 16 0 48.5 15.9 7.5 2.5 2 0 3 4 4
-3978.8 -7200.2 -6.5 166 0 78.6 25.2 10.0 0.0 0 0 4 5 5
-4265.6 -7127.4 -5.9 256 0 24.2 48.9 7.5 2.5 2 1 3 4 4
-4236.9 -6975.6 -6.5 346 0 34.8 5.9 2.5 2.5 4 0 1 2 2
-4150.6 -7495.9 -5.5 346 0 60.5 24.3 10.0 2.5 4 0 4 2 2
-4297.7 -6547.5 -5.9 180 0 41.8 18.6 15.0 2.5 2 0 6 1 1
-4037.4 -7402.2 -6.3 345 0 32.5 26.3 7.5 0.0 0 0 3 4 4
-4107.8 -7129.2 -6.8 345 0 78.5 24.3 7.5 0.0 0 0 3 3 3
-2327.0 -6383.9 -4.4 106 0 48.9 91.0 12.5 0.0 0 1 5 1 1
-4064.3 -7122.2 -7.0 346 0 71.5 23.7 7.5 0.0 0 0 3 4 4
-2835.2 -7701.0 -6.4 16 0 59.8 90.6 7.5 0.0 0 1 3 3 3
-4034.0 -6941.6 -6.3 77 0 11.9 24.3 10.0 2.5 2 1 4 1 1
-4047.3 -7191.5 -6.5 346 0 27.4 24.2 12.5 0.0 0 0 5 4 4
-4091.8 -6938.1 -6.4 168 0 30.9 25.3 10.0 0.0 0 0 4 5 5
-4319.6 -6546.1 -5.9 360 0 78.8 61.1 10.0 0.0 0 0 4 3 3
-4017.1 -7485.7 -5.3 345 0 19.4 23.4 10.0 2.5 2 1 4 0 0
-4278.0 -6949.4 -7.0 77 0 54.7 23.3 7.5 2.5 2 0 3 4 4
-4219.1 -6610.1 -5.3 166 0 50.8 7.1 7.5 2.5 2 0 3 3 3
-3979.5 -7095.9 -6.8 345 0 78.3 23.8 10.0 0.0 0 0 4 1 1
-4081.2 -7411.8 -6.3 345 0 29.7 24.2 10.0 0.0 0 0 4 5 5
-4197.8 -6950.7 -6.7 346 0 59.0 23.8 10.0 2.5 2 0 4 3 3
-4280.7 -7042.4 -6.4 255 0 6.0 48.3 7.5 2.5 2 1 3 5 5
-4148.7 -6595.3 -5.2 255 0 92.2 36.5 10.0 0.0 0 0 4 1 1
-4103.6 -6766.7 -4.6 1 0 7.2 17.3 2.5 2.5 2 1 1 3 3
-4023.7 -7106.3 -7.1 345 0 80.3 24.1 10.0 0.0 0 0 4 2 2
-4091.9 -7018.2 -6.3 346 0 77.7 23.9 10.0 0.0 0 0 4 4 4
-4200.7 -7047.1 -6.4 166 0 77.6 23.7 7.5 0.0 0 0 3 1 1
-4215.2 -6317.5 -4.9 269 0 7.7 43.1 7.5 2.5 4 1 3 3 3
-3963.1 -7261.3 -6.3 256 0 23.9 78.3 10.0 0.0 0 1 4 1 1
-4125.9 -7238.0 -6.9 346 0 78.3 24.0 10.0 0.0 0 0 4 0 0
-4179.5 -6951.5 -6.6 166 0 46.7 24.5 10.0 0.0 0 0 4 5 5
-4025.4 -7278.0 -6.3 255 0 25.5 77.1 12.5 0.0 0 1 5 1 1
-4168.0 -7249.1 -7.0 346 0 78.4 24.8 10.0 0.0 0 0 4 4 4
-4126.5 -7494.7 -5.5 166 0 46.1 16.1 7.5 2.5 2 0 3 0 0
-4357.4 -6332.5 -5.4 270 0 71.9 53.9 7.5 0.0 0 0 3 5 5
-4057.3 -7326.0 -6.4 346 0 78.5 23.8 5.0 0.0 0 0 2 4 4
-3987.3 -7488.0 -5.4 75 0 14.2 11.5 10.0 0.0 0 0 4 3 3
-4134.7 -7030.0 -6.2 346 0 77.6 24.2 7.5 0.0 0 0 3 5 5
-4268.4 -6332.2 -5.0 270 0 73.2 54.6 10.0 0.0 0 0 4 2 2
-4124.3 -7343.2 -6.4 165 0 78.6 23.7 7.5 0.0 0 0 3 4 4
-4193.3 -7150.3 -6.6 346 0 78.5 24.1 10.0 0.0 0 0 4 1 1
-3998.0 -7204.9 -6.5 346 0 78.6 24.7 10.0 0.0 0 0 4 2 2
-4252.1 -7014.2 -6.5 256 0 38.2 69.6 7.5 0.0 0 1 3 1 1
-4151.8 -7139.7 -7.0 345 0 78.4 23.6 10.0 0.0 0 0 4 0 0
-4291.6 -6960.0 -6.6 256 0 11.9 48.4 7.5 2.5 2 1 3 0 0
-4248.4 -6547.5 -4.9 180 0 27.9 18.2 10.0 2.5 2 0 4 0 0
-4098.9 -7751.3 -6.3 255 0 18.7 37.9 7.5 2.5 2 1 3 3 3
-4130.7 -7968.8 -6.3 346 0 18.2 6.3 7.5 2.5 2 0 3 0 0
-4111.2 -7582.5 -5.9 165 0 78.6 30.2 7.5 0.0 0 0 3 5 5
-3640.8 -6522.4 -3.7 181 0 23.2 17.8 7.5 2.5 2 0 3 4 4
-4095.5 -7825.1 -6.5 75 0 10.6 51.8 10.0 2.5 4 1 4 1 1
-3452.9 -7975.0 -7.5 359 0 127.9 72.4 7.5 0.0 0 0 3 0 0
-4100.4 -8007.3 -6.8 166 0 52.3 6.5 7.5 2.5 2 0 3 4 4
-3895.3 -7526.8 -5.5 166 0 78.8 24.4 10.0 0.0 0 0 4 5 5
-4126.0 -7590.8 -5.7 345 0 25.5 24.3 7.5 0.0 0 0 3 4 4
-4100.8 -7685.3 -6.2 346 0 77.3 24.2 7.5 0.0 0 0 3 0 0
-3710.8 -6920.6 -6.6 0 0 102.6 61.9 10.0 0.0 0 0 4 4 4
-3999.7 -7553.3 -5.7 346 0 78.0 23.9 7.5 0.0 0 0 3 3 3
-5202.7 -7480.3 -6.7 176 0 12.2 99.6 7.5 2.5 2 1 3 0 0
-4066.5 -7570.1 -5.8 166 0 78.6 24.6 10.0 0.0 0 0 4 5 5
-4085.3 -8009.7 -6.7 165 0 52.3 36.3 10.0 0.0 0 0 4 5 5
-3814.1 -6875.1 -6.9 270 0 41.4 79.6 10.0 0.0 0 1 4 1 1
-3654.0 -6540.4 -4.1 0 0 51.9 17.8 7.5 2.5 2 0 3 3 3
-3732.7 -6996.6 -6.4 270 0 48.1 86.4 10.0 0.0 0 1 4 5 5
-3913.4 -7531.4 -5.5 345 0 78.8 23.8 10.0 0.0 0 0 4 5 5
-3483.7 -6898.0 -5.5 271 0 65.8 67.2 7.5 0.0 0 1 3 2 2
-4015.0 -7663.3 -6.0 345 0 79.2 24.0 5.0 0.0 0 0 2 1 1
-3955.8 -7542.4 -5.6 346 0 78.4 24.1 12.5 0.0 0 0 5 1 1
-3489.4 -6882.9 -4.1 90 0 79.2 36.0 12.5 0.0 0 0 5 5 5
-3396.4 -7578.4 -6.1 0 0 79.4 56.7 10.0 0.0 0 0 4 1 1
-4119.6 -8013.0 -6.9 346 0 35.1 8.5 7.5 2.5 2 0 3 2 2
-4106.6 -7861.6 -6.6 255 0 22.8 21.2 10.0 2.5 2 0 4 1 1
-3930.2 -7640.9 -6.4 346 0 78.9 24.0 10.0 0.0 0 0 4 4 4
-4143.2 -7930.5 -6.2 256 0 5.9 26.3 2.5 2.5 2 1 1 1 1
-3891.6 -7673.3 -6.5 76 0 19.5 80.8 10.0 2.5 2 1 4 5 5
-3973.4 -7651.4 -6.2 346 0 78.7 24.5 10.0 0.0 0 0 4 3 3
-3846.1 -6920.3 -6.8 1 0 36.8 8.9 7.5 2.5 2 0 3 2 2
-2682.5 -7774.9 -6.1 268 0 54.7 103.2 10.0 0.0 0 1 4 5 5
-4620.6 -7637.6 -6.7 358 0 80.5 46.2 7.5 0.0 0 0 3 0 0
-5941.5 -9217.2 -8.9 280 0 10.6 58.8 7.5 2.5 2 1 3 2 2
-5913.1 -9222.0 -8.8 281 0 11.3 57.6 10.0 2.5 2 1 4 0 0
6685.8 10812.2 -12.5 205 0 81.3 107.5 14.0 0.0 0 1 4 1 1
6844.9 10696.7 -11.2 103 0 23.1 44.3 14.0 3.5 2 1 4 5 5
6907.5 10653.2 -10.4 117 0 72.4 161.6 14.0 0.0 0 1 4 0 0
6927.0 10584.6 -10.3 299 0 120.7 28.4 14.0 0.0 0 0 4 5 5
6714.7 10459.7 -12.4 108 0 48.5 34.4 14.0 0.0 0 0 4 4 4
6744.8 10510.4 -12.2 119 0 55.2 51.2 14.0 0.0 0 0 4 0 0
6711.2 10681.4 -14.0 298 0 88.3 38.2 14.0 0.0 0 0 4 0 0
6605.2 10715.5 -16.0 295 0 58.2 131.9 14.0 0.0 0 1 4 3 3
6495.5 10747.9 -11.2 26 0 38.3 70.4 14.0 0.0 0 1 4 4 4
6271.5 10747.2 -11.4 225 0 26.3 55.3 14.0 0.0 0 1 4 0 0
6112.0 10834.8 -20.6 26 0 147.5 59.2 14.0 0.0 0 0 4 0 0
6037.6 10505.2 -20.9 114 0 248.4 122.6 10.5 0.0 0 0 3 1 1
6255.3 10400.1 -20.5 114 0 173.1 141.8 10.5 0.0 0 0 3 2 2
6200.2 10202.7 -6.2 115 0 48.3 61.9 10.5 0.0 0 1 3 2 2
6091.8 10435.4 -19.6 293 0 73.6 75.8 10.5 0.0 0 1 3 1 1
6187.9 10386.9 -16.3 294 0 24.5 66.3 10.5 0.0 0 1 3 0 0
5798.9 10609.3 -14.1 113 0 132.7 62.9 14.0 0.0 0 0 4 0 0
5539.4 10635.2 -14.7 25 0 66.8 88.8 14.0 0.0 0 1 4 3 3
5454.6 10549.9 -14.5 119 0 68.3 62.7 14.0 0.0 0 0 4 2 2
5376.5 10584.9 -9.7 114 0 48.8 19.2 14.0 3.5 2 0 4 1 1
5400.3 10635.8 -10.2 110 0 53.0 24.5 14.0 3.5 2 0 4 3 3
5283.7 10667.8 -6.2 204 0 64.4 60.6 14.0 0.0 0 0 4 0 0
5504.5 10816.1 -8.7 25 0 88.6 16.9 14.0 0.0 0 0 4 3 3
6453.1 10341.8 -15.6 207 0 24.3 57.9 17.5 3.5 2 1 5 0 0
6557.2 10304.8 -14.3 296 0 59.5 24.4 17.5 3.5 2 0 5 3 3
6634.7 10266.9 -12.9 297 0 69.5 24.1 17.5 0.0 0 0 5 0 0
6316.0 10143.8 -6.5 206 0 33.4 52.0 17.5 0.0 0 1 5 3 3
6385.7 10109.2 -6.6 206 0 32.8 54.3 17.5 0.0 0 1 5 5 5
6454.6 10074.6 -6.6 207 0 32.6 69.4 17.5 0.0 0 1 5 0 0
6713.7 9853.4 -6.7 26 0 36.1 20.0 17.5 0.0 0 0 5 1 1
6715.7 9798.6 -6.8 27 0 16.1 49.5 17.5 3.5 2 1 5 5 5
-715.9 10547.8 -11.8 294 0 42.9 79.4 7.5 0.0 0 0 3 3 3
178.7 10737.8 -11.7 114 0 187.8 25.4 10.0 0.0 0 0 4 3 3
186.9 10632.9 -11.8 295 0 131.9 177.1 10.0 0.0 0 1 4 2 2
376.1 10708.1 -11.3 205 0 112.1 54.4 10.0 0.0 0 0 4 5 5
443.3 10805.8 -11.4 204 0 65.7 18.0 10.0 2.5 2 0 4 3 3
655.9 10461.0 -10.8 294 0 17.4 39.2 7.5 2.5 2 1 3 1 1
6926.9 9447.7 -7.7 24 0 66.2 30.8 17.5 0.0 0 0 5 1 1
6938.7 9406.8 -7.5 114 0 30.8 66.2 17.5 0.0 0 1 5 2 2
6934.4 9499.3 -7.1 114 0 30.8 66.2 17.5 0.0 0 1 5 0 0
6187.4 10102.2 -6.8 296 0 24.7 39.9 17.5 0.0 0 1 5 1 1
6589.2 9710.1 -6.0 296 0 10.3 40.2 17.5 3.5 2 0 5 5 5
6576.8 9696.3 -6.1 26 0 35.4 127.2 17.5 0.0 0 0 5 4 4
6259.0 10213.3 -6.2 24 0 33.9 15.7 10.5 3.5 2 0 3 5 5
6229.9 10088.3 -6.8 295 0 16.0 18.2 17.5 3.5 2 1 5 4 4
6275.2 10097.9 -6.7 296 0 21.6 79.4 17.5 0.0 0 0 5 0 0
6296.4 10087.4 -6.8 296 0 25.9 79.4 17.5 0.0 0 0 5 0 0
6318.5 10076.4 -6.8 296 0 23.8 79.4 17.5 0.0 0 0 5 2 2
6335.2 10068.2 -6.8 296 0 13.8 79.4 17.5 3.5 2 0 5 2 2
6353.0 10059.4 -6.9 296 0 26.1 79.4 17.5 0.0 0 0 5 3 3
6375.0 10048.5 -6.9 296 0 23.1 79.4 17.5 0.0 0 0 5 4 4
6637.9 9906.7 -6.0 26 0 18.5 21.5 17.5 3.5 2 1 5 4 4
6700.8 9782.6 -5.8 298 0 11.1 37.1 17.5 3.5 2 1 5 4 4
6717.6 9822.6 -6.9 26 0 19.2 11.1 17.5 3.5 2 0 5 0 0
6942.3 8218.8 -7.0 24 0 49.6 12.1 17.5 3.5 2 0 5 1 1
6926.4 8833.3 -8.3 25 0 14.8 16.4 17.5 3.5 2 1 5 4 4
6911.1 8831.5 -8.4 294 0 7.1 33.6 10.5 3.5 2 1 3 5 5
6853.7 8698.5 -8.5 114 0 44.6 8.6 10.5 3.5 2 0 3 2 2
6882.7 8823.0 -8.5 205 0 62.0 9.4 10.5 3.5 4 0 3 0 0
6853.5 8760.2 -8.6 205 0 62.0 9.4 10.5 3.5 2 0 3 1 1
6870.2 8718.0 -8.3 115 0 9.4 62.0 10.5 3.5 2 1 3 4 4
6884.8 8684.0 -8.2 115 0 10.1 60.9 17.5 3.5 2 1 5 0 0
6934.7 8749.6 -8.2 24 0 13.4 31.9 17.5 3.5 2 1 5 4 4
6941.8 8828.5 -8.4 294 0 10.6 58.6 17.5 3.5 2 1 5 0 0
6916.4 8670.1 -8.0 114 0 12.4 41.2 17.5 0.0 0 1 5 4 4
6941.9 8657.1 -7.8 114 0 12.4 41.2 17.5 3.5 4 1 5 4 4
6772.1 8298.4 -8.0 115 0 8.1 48.1 10.5 0.0 0 1 3 1 1
6758.5 8304.9 -8.1 115 0 8.1 48.1 10.5 0.0 0 1 3 1 1
6740.0 8482.5 -8.7 294 0 11.6 48.7 17.5 3.5 4 1 5 2 2
6701.7 8414.5 -8.7 204 0 48.7 11.6 17.5 3.5 2 0 5 0 0
6730.4 8406.9 -8.5 204 0 39.5 9.3 10.5 3.5 2 0 3 1 1
6775.7 8437.1 -8.4 293 0 11.4 28.1 17.5 3.5 2 1 5 0 0
6838.2 8432.6 -8.0 294 0 10.9 39.0 17.5 3.5 2 1 5 2 2
6865.3 8419.9 -7.9 294 0 11.2 38.5 17.5 3.5 2 1 5 1 1
6860.4 8238.5 -7.4 115 0 11.4 38.3 17.5 3.5 2 1 5 1 1
6879.9 8397.7 -7.7 295 0 6.8 45.8 10.5 3.5 4 1 3 0 0
6912.4 8325.0 -7.6 23 0 7.9 49.0 10.5 3.5 2 1 3 5 5
6918.8 8339.4 -7.6 23 0 7.9 49.0 10.5 3.5 2 1 3 5 5
6932.9 8382.2 -7.6 25 0 12.0 41.6 17.5 3.5 2 1 5 1 1
6896.7 8538.6 -7.9 27 0 8.6 18.8 10.5 3.5 2 1 3 2 2
6746.1 8498.4 -8.7 115 0 26.9 38.5 17.5 0.0 0 0 5 2 2
6774.5 8563.2 -8.6 205 0 64.4 11.4 17.5 3.5 2 0 5 3 3
6791.5 8520.2 -8.4 114 0 11.5 73.5 17.5 3.5 2 0 5 1 1
6817.4 8524.0 -8.3 115 0 12.7 16.4 17.5 3.5 2 0 5 0 0
6795.6 8473.7 -8.3 115 0 11.7 42.0 17.5 3.5 2 1 5 2 2
6819.5 8462.4 -8.1 115 0 11.7 42.0 17.5 3.5 2 1 5 5 5
6898.2 8575.1 -8.1 25 0 10.6 30.3 17.5 3.5 2 0 5 4 4
6870.7 8587.8 -8.2 25 0 10.6 28.5 17.5 3.5 2 0 5 5 5
6809.8 8616.5 -8.5 206 0 9.8 24.6 10.5 3.5 2 1 3 2 2
6835.5 8683.8 -8.6 295 0 9.7 66.3 10.5 3.5 2 1 3 3 3
6863.5 8672.3 -8.4 295 0 9.3 56.9 10.5 3.5 2 1 3 5 5
6891.5 8660.6 -8.2 295 0 9.3 56.9 10.5 3.5 2 1 3 3 3
6920.7 8648.4 -8.2 295 0 45.1 57.3 17.5 0.0 0 1 5 3 3
6935.1 8529.3 -7.6 204 0 47.5 9.3 10.5 3.5 4 0 3 4 4
6927.9 8502.0 -7.7 294 0 9.3 47.5 10.5 3.5 2 1 3 3 3
6777.2 8095.5 -7.6 113 0 22.2 36.7 17.5 0.0 0 1 5 1 1
6870.2 8105.5 -7.4 311 0 51.7 62.1 17.5 0.0 0 1 5 2 2
6614.5 8242.5 -8.8 205 0 23.8 8.3 10.5 3.5 2 0 3 1 1
6559.3 8120.9 -8.7 205 0 118.0 9.9 10.5 3.5 2 0 3 1 1
6866.5 7917.6 -6.7 114 0 15.4 54.4 17.5 3.5 2 1 5 5 5
6787.1 8233.4 -7.9 295 0 26.2 11.2 17.5 3.5 2 0 5 5 5
6726.4 8261.7 -8.5 295 0 107.8 11.2 17.5 3.5 2 0 5 2 2
6556.4 8433.2 -8.7 115 0 5.9 59.6 10.5 3.5 2 1 3 3 3
6479.6 8404.0 -8.2 114 0 45.9 8.1 10.5 3.5 2 0 3 0 0
6468.8 8420.2 -8.1 114 0 12.2 30.0 17.5 3.5 2 1 5 4 4
6532.9 8498.7 -8.5 116 0 11.0 43.5 17.5 3.5 2 1 5 4 4
6515.8 8560.0 -8.4 204 0 20.6 12.1 17.5 3.5 2 0 5 2 2
6383.8 8456.6 -8.2 204 0 10.0 25.2 17.5 3.5 2 1 5 1 1
6405.5 8508.6 -8.6 205 0 29.1 9.1 10.5 0.0 0 0 3 1 1
6431.7 8566.9 -7.8 205 0 29.0 9.5 10.5 3.5 2 0 3 5 5
6449.4 8526.1 -8.1 204 0 72.6 32.3 17.5 0.0 0 0 5 3 3
6637.3 8516.2 -9.2 26 0 30.9 8.8 10.5 3.5 2 0 3 3 3
6732.9 8952.3 -10.1 294 0 93.7 10.4 17.5 3.5 2 0 5 3 3
6817.1 8913.6 -10.3 295 0 78.2 10.1 17.5 0.0 0 0 5 3 3
6655.7 8889.2 -8.6 114 0 6.4 22.9 10.5 3.5 2 1 3 4 4
6636.6 8957.0 -8.2 294 0 8.4 31.8 10.5 3.5 2 1 3 5 5
6706.2 8832.1 -9.7 204 0 36.6 10.4 17.5 3.5 2 0 5 2 2
6699.3 8803.4 -9.6 294 0 9.6 30.2 10.5 3.5 2 1 3 2 2
6716.8 8689.6 -9.5 25 0 7.9 45.4 10.5 3.5 2 1 3 4 4
6722.7 8698.8 -9.2 26 0 5.9 14.4 10.5 3.5 2 1 3 0 0
6593.3 8803.4 -9.7 205 0 5.7 94.2 10.5 3.5 2 1 3 4 4
6573.6 8790.9 -9.6 205 0 31.6 8.8 10.5 3.5 2 0 3 3 3
6651.4 8700.7 -9.3 25 0 22.4 5.7 10.5 3.5 2 0 3 3 3
6591.0 8844.3 -9.9 294 0 6.1 25.9 10.5 3.5 2 1 3 1 1
6522.8 8767.2 -9.0 204 0 29.6 6.9 10.5 3.5 2 0 3 4 4
6536.1 8760.7 -9.0 204 0 29.8 8.7 10.5 3.5 2 0 3 2 2
6552.8 8753.8 -9.0 204 0 30.6 11.4 17.5 3.5 2 0 5 2 2
6484.8 8684.1 -8.2 205 0 36.9 15.8 17.5 0.0 0 0 5 5 5
6507.0 8394.8 -8.3 113 0 11.5 32.2 17.5 3.5 2 0 5 0 0
6550.1 8491.8 -8.7 115 0 10.5 42.6 17.5 3.5 2 1 5 3 3
6528.2 8444.3 -8.5 115 0 10.7 42.5 17.5 3.5 2 1 5 1 1
6579.8 8686.1 -9.0 205 0 12.4 34.3 17.5 3.5 2 1 5 0 0
6643.0 8804.3 -9.7 295 0 4.8 12.6 10.5 3.5 2 0 3 4 4
6658.7 8820.2 -9.7 295 0 10.3 33.7 17.5 3.5 2 0 5 2 2
6635.8 8898.9 -8.4 113 0 10.4 54.5 17.5 3.5 4 1 5 4 4
6605.2 8369.1 -9.0 115 0 15.0 49.5 17.5 3.5 2 0 5 3 3
6587.3 8365.4 -8.9 115 0 14.3 7.6 10.5 3.5 2 0 3 2 2
6598.7 8360.0 -9.0 115 0 10.9 10.9 17.5 3.5 2 0 5 4 4
6657.2 8462.3 -9.1 25 0 12.6 44.3 17.5 3.5 2 1 5 5 5
6670.0 8494.1 -9.1 25 0 42.0 6.7 10.5 3.5 2 0 3 4 4
6640.9 8668.3 -9.2 25 0 45.3 14.0 17.5 3.5 2 0 5 2 2
6619.0 8620.0 -9.1 25 0 45.5 14.7 17.5 3.5 2 0 5 3 3
6648.3 8863.2 -8.8 204 0 30.3 11.1 17.5 3.5 2 0 5 0 0
6679.2 8811.6 -9.3 294 0 11.1 30.3 17.5 0.0 0 1 5 0 0
6667.0 8854.4 -9.0 204 0 30.3 11.1 17.5 3.5 2 0 5 1 1
6687.0 8844.9 -9.3 204 0 30.3 11.1 17.5 0.0 0 0 5 2 2
6697.7 8938.8 -8.9 295 0 10.1 61.7 17.5 3.5 2 1 5 3 3
6722.9 8927.4 -9.3 295 0 10.1 61.7 17.5 3.5 2 1 5 1 1
6749.6 8916.2 -9.8 295 0 10.1 61.7 17.5 0.0 0 1 5 2 2
6732.5 8791.3 -9.9 24 0 37.1 12.9 17.5 3.5 2 0 5 1 1
6774.0 8904.1 -10.4 295 0 8.8 35.2 10.5 3.5 2 1 3 0 0
6800.0 8892.1 -10.3 295 0 8.8 35.2 10.5 3.5 2 1 3 1 1
6826.1 8880.1 -9.5 295 0 8.8 35.2 10.5 3.5 2 1 3 5 5
6847.5 8850.5 -8.8 25 0 35.2 8.8 10.5 3.5 2 0 3 2 2
6777.9 8761.5 -9.1 24 0 53.5 9.1 10.5 3.5 2 0 3 2 2
6756.6 8866.8 -10.3 294 0 9.1 53.5 10.5 3.5 2 1 3 1 1
6776.0 8829.1 -9.8 24 0 53.5 9.1 10.5 3.5 2 0 3 2 2
6802.0 8817.1 -9.0 24 0 53.5 9.1 10.5 3.5 2 0 3 0 0
6827.1 8805.3 -8.9 24 0 53.5 9.1 10.5 3.5 2 0 3 0 0
6802.7 8750.8 -8.9 24 0 53.5 9.1 10.5 3.5 2 0 3 2 2
6750.3 8701.9 -9.1 25 0 53.5 9.1 10.5 3.5 2 0 3 5 5
6775.0 8690.8 -8.9 25 0 53.5 9.1 10.5 3.5 4 0 3 0 0
6674.8 8673.5 -9.4 25 0 53.5 9.1 10.5 3.5 4 0 3 5 5
6700.1 8661.9 -9.3 25 0 53.5 9.1 10.5 3.5 2 0 3 2 2
6725.7 8649.4 -9.1 25 0 53.5 9.1 10.5 0.0 0 0 3 1 1
6750.3 8638.0 -9.0 25 0 53.5 9.1 10.5 0.0 0 0 3 3 3
6649.2 8618.6 -9.3 25 0 53.5 9.1 10.5 3.5 2 0 3 4 4
6674.6 8607.1 -9.3 25 0 53.5 9.1 10.5 3.5 2 0 3 2 2
6700.5 8595.6 -9.2 25 0 53.5 9.1 10.5 0.0 0 0 3 1 1
6725.5 8584.3 -9.0 25 0 53.5 9.1 10.5 3.5 2 0 3 4 4
6628.4 8573.9 -9.2 25 0 37.3 9.2 10.5 3.5 2 0 3 0 0
6654.1 8562.0 -9.3 25 0 37.3 9.2 10.5 3.5 2 0 3 3 3
6679.5 8550.4 -9.2 25 0 37.3 9.2 10.5 3.5 2 0 3 2 2
6704.2 8538.3 -9.0 25 0 37.3 9.2 10.5 3.5 4 0 3 4 4
6325.1 8437.9 -9.5 296 0 13.4 41.6 17.5 3.5 2 1 5 1 1
6308.1 8394.1 -8.3 296 0 20.0 35.7 17.5 0.0 0 1 5 4 4
6424.6 8237.0 -7.5 115 0 22.4 8.1 10.5 3.5 2 0 3 1 1
6419.0 8252.7 -7.4 114 0 19.7 10.3 17.5 3.5 2 0 5 0 0
6411.6 8298.1 -7.3 294 0 14.1 17.0 17.5 3.5 2 0 5 4 4
6390.6 8257.9 -7.1 114 0 14.2 28.4 17.5 3.5 2 0 5 2 2
6307.3 8247.3 -6.2 119 0 25.9 11.0 17.5 3.5 2 0 5 5 5
6330.4 8232.4 -6.5 120 0 23.8 12.2 17.5 3.5 2 0 5 4 4
6324.8 8259.2 -6.6 120 0 63.0 20.6 17.5 3.5 2 0 5 5 5
6353.5 8220.6 -6.7 115 0 10.5 41.9 17.5 3.5 2 1 5 0 0
6377.3 8190.9 -7.0 115 0 14.3 54.7 17.5 3.5 2 0 5 4 4
6422.9 8323.3 -7.4 294 0 15.7 24.6 17.5 3.5 2 1 5 5 5
6337.4 8360.1 -6.6 294 0 30.6 41.7 17.5 0.0 0 1 5 3 3
6386.8 8336.3 -7.2 295 0 34.3 65.1 17.5 0.0 0 1 5 5 5
6360.8 8426.6 -8.0 295 0 16.6 39.0 17.5 3.5 2 1 5 3 3
6509.1 8353.2 -8.4 294 0 40.3 12.5 17.5 3.5 2 0 5 2 2
6538.5 8316.0 -8.7 295 0 53.5 22.9 17.5 3.5 2 0 5 2 2
6588.4 8287.6 -8.9 25 0 54.2 18.9 17.5 3.5 2 0 5 1 1
6546.0 8252.2 -8.6 25 0 17.5 10.9 17.5 3.5 2 0 5 1 1
6512.7 8142.1 -8.3 24 0 63.4 9.5 10.5 3.5 2 0 3 0 0
6643.2 7696.7 -8.0 188 0 90.1 15.4 14.0 3.5 2 0 4 3 3
1329.1 2049.9 -4.6 345 0 20.7 14.2 12.5 2.5 2 0 5 3 3
1311.3 1910.6 -2.1 19 0 14.6 23.7 10.0 2.5 2 1 4 0 0
1295.4 1953.5 -1.4 19 0 14.6 23.7 7.5 2.5 2 1 3 2 2
1353.0 1949.7 -2.6 35 0 14.6 23.7 7.5 2.5 2 1 3 3 3
1317.4 1855.2 -1.9 35 0 14.6 23.7 10.0 0.0 0 1 4 0 0
1254.3 1821.2 0.7 90 0 8.9 29.1 5.0 2.5 2 1 2 0 0
1219.2 1865.3 2.0 90 0 8.9 29.1 5.0 2.5 2 1 2 3 3
1188.2 1919.6 3.1 90 0 8.9 29.1 7.5 2.5 2 1 3 1 1
1230.0 2362.9 -4.6 73 0 8.9 29.1 7.5 2.5 2 1 3 4 4
1472.5 2391.0 -3.8 72 0 8.9 29.1 7.5 2.5 2 1 3 2 2
1479.9 2458.7 -3.8 343 0 20.7 14.2 5.0 2.5 2 0 2 4 4
1320.2 2476.0 -3.8 72 0 8.9 29.1 7.5 2.5 2 1 3 3 3
1269.3 2463.2 -4.0 73 0 8.9 29.1 7.5 2.5 4 1 3 1 1
1212.8 2451.1 -4.3 72 0 8.9 29.1 7.5 2.5 2 1 3 4 4
977.7 2330.6 -2.4 177 0 49.8 14.0 12.5 2.5 4 0 5 0 0
1011.8 2163.5 -1.5 158 0 66.8 11.2 10.0 2.5 2 0 4 2 2
1106.6 2111.8 -1.3 345 0 66.8 11.2 10.0 2.5 2 0 4 0 0
1086.0 2182.2 -3.8 345 0 66.8 11.2 10.0 2.5 2 0 4 5 5
1040.0 2339.1 -3.3 345 0 66.8 11.2 12.5 2.5 2 0 5 4 4
1061.5 2262.7 -3.7 345 0 66.8 11.2 5.0 0.0 0 0 2 0 0
1017.6 2250.7 -3.2 165 0 66.8 11.2 7.5 0.0 0 0 3 3 3
4828.0 1394.0 -0.4 16 0 75.1 18.5 10.0 0.0 0 0 4 2 2
4850.0 1452.8 -0.8 15 0 34.7 18.2 12.5 0.0 0 0 5 1 1
4886.8 1415.0 -0.8 285 0 68.0 17.6 10.0 0.0 0 0 4 3 3
4784.2 1318.5 0.6 196 0 65.3 14.9 10.0 2.5 2 0 4 0 0
4918.7 1336.1 -0.1 197 0 13.9 16.9 7.0 2.5 2 1 2 4 4
4931.7 1376.2 -0.8 195 0 62.9 19.8 10.0 2.5 4 0 4 4 4
4942.2 1427.3 -1.0 196 0 31.2 18.8 7.5 2.5 2 0 3 0 0
5243.5 1262.4 -1.3 70 0 22.5 58.2 5.0 2.5 2 1 2 2 2
5341.2 1499.7 -2.8 285 0 19.6 68.3 12.5 2.5 4 1 5 5 5
5385.7 1487.4 -3.0 288 0 22.9 56.2 12.5 0.0 0 1 5 0 0
5126.2 1510.1 -2.1 197 0 65.4 16.0 10.0 2.5 2 0 4 0 0
5189.3 1254.0 -1.1 72 0 12.1 43.2 10.0 2.5 2 1 4 3 3
5189.4 1224.5 -0.9 73 0 10.7 18.7 10.0 2.5 2 1 4 0 0
5173.5 1155.5 -1.4 106 0 9.7 61.7 7.5 2.5 2 1 3 3 3
5150.8 1161.9 -1.3 105 0 10.7 62.6 7.5 2.5 2 1 3 5 5
5143.6 1227.7 -1.2 286 0 10.1 60.9 7.5 2.5 2 1 3 2 2
5153.6 1286.5 -1.0 253 0 10.4 42.3 7.5 2.5 2 1 3 2 2
5130.0 1278.2 -0.9 251 0 9.3 42.6 7.5 2.5 2 1 3 2 2
5127.9 1282.0 -1.0 72 0 9.6 35.7 7.5 0.0 0 1 3 2 2
5147.7 1307.9 -1.0 251 0 11.1 20.2 10.0 0.0 0 1 4 3 3
5087.5 1275.8 -1.0 105 0 10.2 67.8 7.5 2.5 2 1 3 0 0
5084.3 1272.3 -0.7 284 0 9.9 41.5 7.5 2.5 2 1 3 4 4
5102.6 1242.1 -0.7 286 0 10.7 23.8 7.5 2.5 2 1 3 2 2
5107.9 1210.9 -1.1 284 0 17.2 33.2 10.0 2.5 2 1 4 3 3
4867.7 1561.9 -1.3 196 0 23.2 12.6 10.0 2.5 2 0 4 4 4
4918.8 1520.0 -1.4 15 0 20.3 9.7 10.5 2.5 2 0 3 0 0
4927.4 1551.2 -1.4 16 0 44.6 12.1 10.0 2.5 2 0 4 3 3
4939.0 1615.0 0.3 107 0 72.5 52.7 12.5 0.0 0 0 5 2 2
4993.8 1599.3 0.1 105 0 34.2 25.6 10.0 0.0 0 0 4 5 5
4627.8 1702.4 2.2 286 0 44.9 51.6 10.0 0.0 0 1 4 3 3
3619.9 1965.1 5.8 284 0 18.8 44.3 15.0 2.5 4 1 6 3 3
3683.0 2020.7 12.3 197 0 41.5 40.8 7.5 0.0 0 0 3 5 5
3620.6 2030.9 5.9 268 0 17.2 31.0 12.5 2.5 2 0 5 0 0
3726.9 1962.4 3.5 285 0 16.6 103.9 10.0 0.0 0 1 4 2 2
3760.1 1952.1 3.8 286 0 15.5 99.0 15.0 2.5 4 1 6 4 4
3794.0 1941.4 3.7 286 0 16.8 100.4 10.0 0.0 0 1 4 0 0
3802.3 1830.4 3.2 105 0 14.3 103.4 10.0 2.5 2 1 4 0 0
3867.5 1921.1 2.4 286 0 13.0 103.9 10.0 2.5 4 1 4 1 1
3796.8 1946.5 9.6 106 0 17.1 36.6 10.0 2.5 2 0 4 0 0
3616.3 1914.8 4.3 285 0 26.8 16.0 12.5 2.5 2 0 5 0 0
3653.4 1902.9 3.9 286 0 36.3 20.8 12.5 0.0 0 0 5 1 1
3682.7 1925.1 6.2 194 0 38.2 14.0 12.5 2.5 2 0 5 0 0
3576.0 1886.2 0.5 286 0 18.2 102.2 12.5 0.0 0 1 5 2 2
3577.4 1777.3 -0.1 106 0 16.2 106.7 7.5 0.0 0 1 3 5 5
3667.3 1861.8 -0.5 283 0 16.2 45.9 10.0 2.5 2 1 4 5 5
3702.8 1853.5 -0.2 283 0 18.5 44.7 15.0 2.5 2 1 6 3 3
3501.7 2148.2 -2.5 106 0 85.2 139.8 12.5 0.0 0 1 5 1 1
4980.9 1261.1 -0.6 104 0 12.2 55.8 7.5 2.5 2 1 3 1 1
4977.2 1318.1 -0.6 284 0 12.6 54.7 7.5 2.5 2 1 3 0 0
4985.4 1358.0 -0.9 195 0 68.0 12.9 10.0 2.5 2 0 4 1 1
5148.4 1599.0 0.0 105 0 14.1 30.5 7.5 2.5 2 1 3 5 5
5176.1 1590.8 -0.1 105 0 13.0 30.4 7.5 2.5 2 1 3 2 2
5162.9 1544.0 -0.9 104 0 12.1 42.1 7.5 2.5 2 1 3 4 4
5135.9 1573.2 -0.8 194 0 40.9 11.7 7.5 2.5 2 0 3 0 0
5106.3 1497.5 -2.1 104 0 10.8 49.5 10.0 2.5 2 0 4 5 5
5125.1 1553.0 -0.9 11 0 17.5 19.1 10.0 2.5 2 0 4 0 0
5120.2 1600.2 -0.5 286 0 10.5 36.7 7.5 2.5 2 0 3 2 2
5085.1 1605.9 -0.0 194 0 33.7 12.2 7.5 2.5 2 0 3 0 0
5062.0 1623.4 0.1 196 0 60.5 10.1 5.0 2.5 2 0 2 0 0
5072.2 1524.8 -1.9 195 0 69.7 15.5 12.5 2.5 2 0 5 0 0
5194.7 1601.4 -0.3 194 0 24.3 7.9 7.5 2.5 2 0 3 2 2
5011.2 1344.1 -1.0 106 0 11.6 42.4 10.0 2.5 2 1 4 0 0
5034.1 1339.3 -1.0 105 0 12.1 39.5 7.5 2.5 2 1 3 2 2
5071.0 1319.0 -0.9 285 0 10.9 78.9 7.5 2.5 2 1 3 2 2
5026.7 1248.0 -0.8 104 0 12.5 80.1 7.5 2.5 2 1 3 5 5
5017.8 1335.6 -0.8 283 0 11.8 81.6 7.5 2.5 2 1 3 4 4
4961.2 1260.0 -0.4 285 0 15.8 37.0 5.0 2.5 2 1 2 3 3
5001.1 1246.8 -0.4 286 0 53.8 7.0 7.5 2.5 2 0 3 2 2
5233.0 1083.0 -2.0 70 0 42.4 55.3 7.5 0.0 0 1 3 5 5
5590.0 1319.4 -3.5 169 0 17.6 25.7 10.0 2.5 4 1 4 1 1
5610.9 1644.0 -2.7 265 0 19.7 14.6 7.5 0.0 0 0 3 1 1
5125.3 1081.0 -1.8 72 0 11.3 33.8 7.5 2.5 2 1 3 4 4
5086.8 1111.4 -1.6 160 0 41.2 12.3 7.5 2.5 2 0 3 3 3
5061.7 1101.2 -1.7 162 0 62.4 12.4 10.0 2.5 2 0 4 0 0
5040.1 1127.1 -1.2 72 0 12.1 21.8 10.0 2.5 2 1 4 1 1
5005.0 1134.8 -1.2 163 0 39.9 10.4 15.0 0.0 0 0 6 2 2
4987.8 1087.0 -1.5 164 0 27.3 12.6 7.5 2.5 2 0 3 1 1
5000.0 1070.6 -1.7 250 0 13.5 28.4 10.0 2.5 2 1 4 4 4
5026.0 1020.5 -2.1 342 0 47.8 15.4 7.5 2.5 2 0 3 3 3
5028.2 979.7 -2.2 344 0 10.2 6.7 7.5 2.5 2 0 3 5 5
5063.3 985.0 -2.2 73 0 17.2 20.9 7.5 2.5 2 1 3 3 3
5037.4 1037.6 -2.0 249 0 11.0 26.8 10.0 2.5 2 1 4 5 5
5036.1 1043.4 -1.8 70 0 10.9 40.4 10.0 2.5 2 1 4 0 0
5020.2 1086.9 -1.5 73 0 10.8 25.5 7.5 0.0 0 1 3 4 4
5039.1 1122.8 -1.7 252 0 12.4 68.2 7.5 2.5 2 1 3 4 4
5060.8 1050.6 -2.0 251 0 9.8 29.0 7.5 2.5 2 1 3 1 1
5097.2 1033.7 -2.0 72 0 10.7 27.1 7.5 2.5 2 1 3 4 4
5125.6 1042.0 -2.0 72 0 11.6 28.0 10.0 2.5 2 1 4 3 3
5145.1 1047.5 -2.0 73 0 13.3 11.8 7.5 2.5 2 0 3 5 5
5205.0 1048.8 -2.2 344 0 18.9 9.5 5.0 2.5 2 0 2 3 3
5075.3 1161.6 -1.3 287 0 52.2 13.8 10.0 2.5 2 0 4 2 2
4990.9 1177.1 -1.0 195 0 12.1 52.1 12.5 2.5 2 1 5 2 2
4984.3 1179.2 0.0 16 0 14.4 44.9 10.0 2.5 2 1 4 5 5
4629.3 1588.0 -1.1 105 0 10.0 35.7 10.0 2.5 2 1 4 3 3
4750.4 1533.6 -0.9 106 0 101.9 84.5 10.0 0.0 0 0 4 1 1
4760.8 1619.3 -1.1 285 0 13.0 77.3 10.0 2.5 4 1 4 0 0
4796.1 1626.6 0.9 106 0 13.3 13.2 7.5 2.5 4 0 3 2 2
4817.5 1617.5 0.3 105 0 25.8 18.4 7.5 2.5 2 0 3 2 2
5307.3 1231.7 -1.2 70 0 9.8 24.9 7.0 2.5 4 1 2 5 5
5339.6 1243.0 -1.5 70 0 42.9 26.4 10.0 0.0 0 0 4 0 0
5345.2 1221.6 -1.6 266 0 6.0 11.2 2.5 2.5 2 1 1 2 2
5356.8 1162.0 -2.0 354 0 17.8 14.3 7.5 2.5 2 0 3 4 4
5380.2 1110.0 -2.4 86 0 9.8 23.4 5.0 2.5 2 1 2 1 1
5417.0 1161.8 -2.3 267 0 11.7 20.3 2.5 2.5 2 1 1 5 5
5802.6 1505.3 -4.2 36 0 45.4 15.0 7.5 2.5 2 0 3 5 5
5785.2 1537.4 -4.0 17 0 10.8 16.5 2.5 2.5 2 1 1 5 5
5787.7 1561.9 -3.8 5 0 11.2 15.8 2.5 2.5 2 1 1 1 1
5797.9 1587.9 -4.0 3 0 20.1 18.3 7.5 0.0 0 0 3 5 5
5784.7 1622.8 -4.1 0 0 26.2 14.7 10.0 2.5 2 0 4 0 0
5808.0 1627.7 -4.7 90 0 18.8 34.8 10.0 0.0 0 1 4 0 0
5854.2 1645.4 -4.9 360 0 36.6 13.6 10.0 2.5 2 0 4 3 3
5855.7 1751.7 -5.6 339 0 19.3 8.5 7.5 2.5 2 0 3 0 0
5786.0 1753.6 -4.9 256 0 5.5 22.6 7.5 2.5 2 1 3 1 1
5765.6 1696.8 -4.5 272 0 25.2 17.1 10.0 2.5 2 0 4 0 0
5701.8 1709.7 -4.0 182 0 10.6 21.7 5.0 2.5 2 1 2 5 5
5705.8 1548.1 -3.5 86 0 16.5 13.0 2.5 2.5 2 0 1 1 1
5647.1 1517.3 -3.4 107 0 9.1 11.5 5.0 2.5 2 1 2 3 3
5525.9 1577.1 -2.3 80 0 14.8 12.3 7.5 2.5 2 0 3 3 3
5608.9 1592.8 -2.7 162 0 12.9 10.4 2.5 2.5 2 0 1 1 1
5631.3 1600.5 -2.8 353 0 13.4 10.9 7.5 2.5 2 0 3 3 3
5307.5 1486.2 -2.7 284 0 13.3 23.7 10.0 2.5 2 1 4 0 0
3953.5 1938.3 6.8 16 0 55.9 37.1 10.0 0.0 0 0 4 2 2
3790.2 2176.0 -1.0 286 0 12.4 88.8 10.0 2.5 2 1 4 1 1
3831.3 2198.2 -3.3 17 0 26.7 11.1 15.0 0.0 0 0 6 4 4
3813.3 2114.7 2.1 195 0 48.6 12.6 17.5 0.0 0 0 7 4 4
3832.0 2175.8 -3.4 197 0 62.0 12.5 10.0 2.5 2 0 4 4 4
3855.3 2129.0 2.4 284 0 10.8 50.2 12.5 0.0 0 1 5 2 2
3872.4 2101.3 2.8 14 0 41.3 10.5 10.0 2.5 2 0 4 2 2
3892.8 2120.4 2.7 285 0 12.8 51.4 10.0 2.5 2 1 4 5 5
3923.4 2111.0 3.1 286 0 12.5 50.7 10.0 2.5 2 1 4 3 3
3955.1 2102.9 3.4 286 0 14.7 54.3 15.0 2.5 2 1 6 5 5
3972.7 2169.8 -2.9 285 0 13.5 61.1 12.5 2.5 2 1 5 1 1
3988.2 2089.3 3.9 286 0 13.2 49.8 12.5 0.0 0 1 5 4 4
3989.3 2098.2 -0.8 105 0 11.9 46.5 15.0 0.0 0 1 6 0 0
3890.0 2055.8 7.3 285 0 61.4 12.9 15.0 2.5 2 0 6 1 1
3707.4 2347.2 -1.9 287 0 17.7 37.3 10.0 2.5 2 1 4 1 1
3734.9 2335.8 -2.2 284 0 13.9 36.7 12.5 2.5 2 1 5 2 2
3681.9 2290.2 -2.7 194 0 14.6 41.6 7.5 2.5 2 1 3 3 3
3758.3 2291.3 -2.8 17 0 72.8 10.9 15.0 2.5 2 0 6 3 3
3905.6 1906.6 2.5 285 0 12.0 80.2 10.0 2.5 2 1 4 4 4
3940.2 1880.5 4.3 197 0 23.2 12.4 12.5 2.5 2 0 5 4 4
3986.0 1838.7 -0.8 285 0 13.2 62.4 12.5 0.0 0 1 5 1 1
4002.3 1767.9 -1.6 106 0 13.0 58.1 10.0 2.5 2 1 4 3 3
4039.8 1757.4 -2.4 105 0 13.5 66.7 12.5 2.5 2 1 5 1 1
4732.8 1437.1 -0.5 196 0 43.7 10.7 10.0 2.5 2 0 4 0 0
4709.1 1490.6 -0.8 285 0 8.8 18.3 7.5 2.5 2 1 3 2 2
4707.6 1469.0 -0.4 287 0 8.0 37.6 7.5 2.5 2 1 3 3 3
4687.6 1517.4 -0.8 285 0 24.6 10.6 7.5 2.5 2 0 3 1 1
4665.6 1488.0 -0.1 17 0 43.6 10.7 10.0 2.5 2 0 4 5 5
4635.4 1405.8 0.2 106 0 12.1 56.0 7.5 2.5 2 1 3 2 2
4674.1 1438.8 -0.4 106 0 10.1 54.3 12.5 2.5 2 1 5 4 4
4670.7 1432.3 0.7 284 0 10.6 33.3 10.0 2.5 2 1 4 5 5
4688.9 1402.1 1.0 15 0 21.9 10.8 10.0 2.5 2 0 4 0 0
4698.8 1404.4 1.2 194 0 33.0 11.6 7.5 2.5 4 0 3 1 1
4724.8 1401.9 0.4 196 0 27.5 13.9 12.5 2.5 2 0 5 3 3
4738.4 1379.7 1.6 15 0 8.2 19.2 7.5 2.5 2 0 3 0 0
4766.7 1404.0 -0.2 16 0 66.6 10.2 12.5 2.5 4 0 5 5 5
4698.8 1325.6 1.7 286 0 13.8 20.8 7.5 2.5 2 1 3 0 0
4716.9 1333.8 2.0 196 0 26.0 10.7 10.0 2.5 2 0 4 1 1
4431.1 1227.4 -0.3 104 0 20.4 27.0 12.5 0.0 0 1 5 0 0
4475.9 1148.8 -0.3 105 0 29.1 11.7 7.5 2.5 2 0 3 3 3
4514.0 1163.2 -0.3 16 0 48.7 10.7 15.0 0.0 0 0 6 1 1
4028.7 968.4 -2.3 17 0 377.7 65.8 10.0 0.0 0 0 4 2 2
4104.4 966.2 -0.6 322 0 9.9 16.8 7.5 0.0 0 0 3 0 0
3934.9 881.9 -0.7 16 0 100.0 22.8 10.0 0.0 0 0 4 3 3
4612.4 1342.9 0.8 195 0 21.7 21.3 5.0 2.5 2 0 2 5 5
4562.6 1333.7 0.2 108 0 20.7 27.4 10.0 2.5 2 1 4 4 4
4471.6 1433.8 -1.1 286 0 10.6 39.6 7.5 2.5 2 1 3 3 3
4472.6 1442.6 -1.2 106 0 10.5 39.1 10.0 2.5 2 1 4 2 2
4495.0 1469.5 -1.1 197 0 11.7 13.5 7.5 2.5 2 1 3 2 2
4488.1 1384.4 -1.0 106 0 10.5 29.2 7.5 2.5 2 1 3 0 0
4498.5 1440.8 -1.1 195 0 41.6 10.3 12.5 2.5 2 0 5 4 4
4516.9 1385.5 -0.6 287 0 11.6 29.8 7.5 2.5 2 1 3 0 0
4525.3 1428.6 -0.9 197 0 52.1 10.3 10.0 2.5 2 0 4 2 2
4515.8 1421.8 -1.0 16 0 48.6 6.7 7.5 2.5 2 0 3 3 3
4526.3 1456.9 -1.1 18 0 14.7 7.2 7.5 2.5 2 0 3 1 1
4556.3 1424.8 -0.6 197 0 64.0 11.1 7.5 2.5 2 0 3 1 1
4560.8 1379.3 -0.1 105 0 12.8 10.4 7.5 2.5 2 0 3 3 3
4581.0 1372.8 -0.1 106 0 11.4 64.3 15.0 2.5 2 0 6 4 4
4520.1 1496.4 -1.2 16 0 30.2 15.3 10.0 0.0 0 0 4 3 3
4555.8 1509.2 -1.1 16 0 72.4 9.5 7.5 2.5 2 0 3 4 4
4584.6 1551.3 -1.1 285 0 15.7 10.1 10.0 2.5 2 0 4 2 2
4589.6 1500.0 -1.0 16 0 74.0 11.3 10.0 2.5 2 0 4 0 0
4557.7 1486.1 -1.0 196 0 30.3 6.6 7.5 2.5 2 0 3 3 3
4590.4 1486.1 -0.7 196 0 48.7 7.6 7.5 0.0 0 0 3 2 2
4619.3 1491.4 -0.6 15 0 72.1 8.9 7.5 2.5 2 0 3 2 2
4500.1 1522.9 -1.2 16 0 71.2 10.2 7.5 2.5 2 0 3 0 0
4412.8 1594.7 -1.6 197 0 11.0 13.3 10.0 2.5 2 1 4 0 0
4354.6 1534.5 -1.6 105 0 9.6 66.4 7.5 2.5 2 1 3 5 5
4382.6 1524.9 -1.4 106 0 10.7 67.1 7.5 2.5 2 1 3 3 3
4410.3 1404.9 -1.3 107 0 15.6 43.2 7.5 2.5 2 1 3 5 5
4368.8 1411.5 -1.3 196 0 28.0 15.3 7.5 2.5 2 0 3 3 3
4389.0 1432.9 -1.3 18 0 15.6 10.4 10.0 2.5 2 0 4 1 1
4328.0 1496.5 -1.5 196 0 11.3 36.7 10.0 2.5 2 1 4 2 2
4361.1 1520.9 -1.5 286 0 11.6 22.4 7.5 0.0 0 1 3 1 1
3772.6 2334.3 -1.7 107 0 117.2 75.7 12.5 0.0 0 0 5 3 3
3736.9 2492.3 0.9 197 0 42.6 11.0 7.5 2.5 2 0 3 1 1
3764.7 2484.9 1.3 197 0 42.8 11.7 12.5 2.5 2 0 5 4 4
3795.0 2452.2 1.4 106 0 11.8 42.9 12.5 2.5 2 1 5 2 2
3825.0 2466.5 1.2 196 0 42.9 11.0 7.5 2.5 2 0 3 4 4
3867.4 2455.0 1.0 16 0 42.4 9.6 7.5 2.5 2 0 3 4 4
3812.8 2511.8 -0.7 106 0 125.7 119.4 10.0 0.0 0 0 4 3 3
3969.3 2603.3 -0.3 105 0 44.1 46.4 5.0 0.0 0 1 2 4 4
4112.2 2137.8 -5.1 107 0 36.7 65.2 12.5 0.0 0 1 5 3 3
3901.5 2333.3 -2.4 16 0 81.5 44.9 10.0 0.0 0 0 4 0 0
3907.9 2461.6 0.8 285 0 9.5 42.0 7.5 2.5 2 1 3 5 5
3912.8 2474.2 1.1 107 0 15.5 69.7 10.0 2.5 2 1 4 0 0
3923.8 2436.6 0.6 198 0 45.1 10.2 10.0 2.5 2 0 4 5 5
3948.8 2463.0 0.9 107 0 14.9 69.9 7.5 2.5 2 1 3 1 1
3952.7 2427.9 0.4 198 0 47.3 11.1 10.0 2.5 2 0 4 0 0
3997.2 2441.5 0.2 285 0 10.2 46.7 10.0 2.5 2 1 4 1 1
4024.4 2433.0 0.1 285 0 10.5 46.6 10.0 2.5 2 1 4 0 0
4055.3 2423.7 -0.1 287 0 9.5 46.7 7.5 2.5 2 1 3 0 0
4083.4 2416.7 -0.3 285 0 11.8 46.8 10.0 2.5 2 1 4 0 0
4091.6 2391.4 -0.4 197 0 49.8 12.2 10.0 2.5 4 0 4 4 4
4018.3 2444.3 0.5 106 0 16.5 20.6 7.5 0.0 0 1 3 2 2
4035.0 2500.8 0.7 286 0 15.5 30.0 7.5 2.5 2 1 3 1 1
3947.2 2595.3 0.2 286 0 12.6 43.9 12.5 2.5 2 1 5 0 0
4041.5 2557.6 0.9 287 0 14.6 47.2 10.0 2.5 2 1 4 4 4
4075.0 2547.8 0.8 286 0 14.5 48.6 10.0 2.5 2 1 4 0 0
4107.8 2538.9 0.6 285 0 12.8 47.9 7.5 2.5 2 1 3 2 2
4146.7 2545.4 0.4 287 0 14.1 63.2 10.0 2.5 2 1 4 1 1
4178.5 2535.8 0.3 285 0 13.0 54.1 7.5 2.5 2 1 3 4 4
4214.1 2527.5 0.1 286 0 14.4 55.2 7.5 2.5 2 1 3 5 5
4217.7 2534.0 0.3 108 0 11.8 50.3 10.0 2.5 2 1 4 5 5
4186.8 2543.3 0.7 107 0 10.3 50.3 10.0 2.5 2 1 4 3 3
4158.4 2550.3 0.8 106 0 12.9 53.2 10.0 2.5 4 1 4 3 3
4110.6 2547.4 0.9 106 0 15.6 15.8 7.5 2.5 2 1 3 3 3
4151.2 2582.7 -0.3 16 0 39.0 133.8 12.5 0.0 0 1 5 0 0
4094.9 2136.0 -1.6 285 0 51.8 134.0 10.0 0.0 0 1 4 1 1
4100.7 1743.4 -3.3 197 0 36.2 11.1 10.0 2.5 2 0 4 5 5
4135.1 1830.7 -1.0 287 0 12.8 37.5 12.5 2.5 2 1 5 5 5
4151.8 1758.2 -2.5 17 0 32.0 13.9 7.5 2.5 2 0 3 2 2
4133.1 1700.9 -3.3 16 0 33.1 10.8 7.5 2.5 2 0 3 3 3
4030.3 1541.3 -3.6 195 0 35.1 10.5 10.0 2.5 2 0 4 1 1
4103.1 1601.2 -3.2 17 0 35.8 13.4 7.5 2.5 2 0 3 1 1
4091.6 1705.7 -3.9 288 0 16.3 78.4 10.0 2.5 2 1 4 1 1
4099.9 1777.8 -3.6 195 0 132.3 17.1 10.0 0.0 0 0 4 2 2
4048.6 1602.2 -3.8 197 0 52.4 16.6 10.0 2.5 2 0 4 5 5
4120.7 1887.8 2.2 198 0 24.1 12.5 7.5 2.5 2 0 3 2 2
4166.2 2011.8 -0.4 198 0 84.6 13.8 15.0 2.5 2 0 6 5 5
4207.0 2128.9 -3.6 287 0 13.7 74.8 10.0 2.5 2 1 4 4 4
4152.0 2211.9 -5.0 14 0 24.5 57.7 10.0 2.5 2 1 4 2 2
4725.1 1104.9 -0.4 196 0 32.9 10.2 7.5 2.5 2 0 3 5 5
4743.6 1166.6 -0.2 196 0 81.5 14.6 10.0 2.5 2 0 4 0 0
4755.3 1220.6 0.5 196 0 13.5 12.2 7.5 2.5 2 0 3 0 0
4785.9 1220.5 0.8 285 0 12.1 14.0 12.5 2.5 2 1 5 1 1
4774.6 1167.4 0.3 197 0 55.8 15.0 7.5 2.5 2 0 3 4 4
4857.5 1199.3 0.5 286 0 11.2 10.0 7.5 2.5 2 0 3 5 5
4852.6 1140.3 0.6 35 0 23.5 19.5 12.5 2.5 2 0 5 4 4
4843.9 1225.1 0.5 286 0 51.6 11.9 12.5 2.5 2 0 5 3 3
4789.5 1242.7 0.7 287 0 49.9 12.0 10.0 0.0 0 0 4 5 5
5185.8 1153.8 -1.5 106 0 10.9 60.4 12.5 2.5 2 1 5 2 2
5122.4 1236.2 -0.7 287 0 10.2 20.6 10.0 2.5 2 1 4 5 5
3972.1 1673.5 -5.5 106 0 14.5 38.1 10.0 2.5 2 1 4 1 1
3920.7 1730.4 -5.0 285 0 13.8 38.1 12.5 2.5 2 1 5 1 1
3923.3 1738.4 -2.6 104 0 12.6 33.2 12.5 0.0 0 1 5 2 2
3940.9 1707.9 -5.6 215 0 17.7 20.0 10.0 2.5 4 1 4 5 5
3892.0 1688.1 -5.9 287 0 15.1 81.7 7.5 2.5 2 1 3 0 0
3921.8 1547.9 -4.9 286 0 68.8 14.5 7.5 2.5 2 0 3 1 1
3909.5 1593.0 -5.5 286 0 13.3 39.7 7.5 2.5 2 1 3 1 1
3947.6 1582.2 -5.1 286 0 13.6 39.8 12.5 0.0 0 1 5 2 2
3907.6 1602.7 -6.2 105 0 15.5 52.8 7.5 0.0 0 1 3 3 3
3951.4 1629.8 -5.5 196 0 76.4 13.6 7.5 2.5 2 0 3 1 1
3979.9 1571.3 -4.8 286 0 14.3 54.7 7.5 2.5 2 1 3 0 0
4006.4 1656.0 -4.9 286 0 11.9 77.5 10.0 0.0 0 1 4 5 5
4123.2 2389.7 -0.6 195 0 67.2 12.4 10.0 2.5 2 0 4 3 3
4165.4 2474.7 -0.1 286 0 13.8 49.4 10.0 2.5 2 1 4 3 3
4155.8 2347.1 -0.7 106 0 11.5 62.2 12.5 2.5 2 1 5 2 2
4199.2 2464.3 -0.3 287 0 13.1 49.4 10.0 0.0 0 1 4 0 0
4199.2 2335.4 -1.0 105 0 14.7 64.7 7.5 2.5 2 1 3 1 1
4233.3 2454.3 -0.4 286 0 12.6 42.8 7.5 2.5 2 1 3 2 2
4232.0 2463.9 -0.1 106 0 13.2 50.7 7.5 2.5 2 1 3 0 0
4263.4 2454.1 -0.3 107 0 13.2 50.6 10.0 2.5 2 1 4 1 1
4267.5 2445.8 -0.7 286 0 13.7 49.4 10.0 2.5 2 1 4 5 5
4231.5 2325.5 -1.2 106 0 15.7 67.0 7.5 0.0 0 1 3 0 0
4267.5 2350.6 -1.4 196 0 67.0 13.9 7.5 0.0 0 0 3 4 4
4297.9 2430.2 -0.9 286 0 14.7 44.6 10.0 2.5 2 1 4 2 2
4286.9 2316.3 -1.4 106 0 10.3 42.3 10.0 2.5 2 1 4 3 3
4312.4 2405.3 -1.1 284 0 9.8 47.0 7.5 2.5 2 1 3 4 4
4323.4 2399.1 -1.0 197 0 7.6 17.6 5.0 0.0 0 1 2 0 0
4346.8 2467.7 -1.0 197 0 16.3 13.6 7.5 2.5 2 0 3 3 3
4294.6 2494.8 -0.4 279 0 11.5 34.0 10.0 2.5 2 1 4 1 1
4326.8 2544.0 -1.2 16 0 10.7 6.9 5.0 2.5 2 0 2 3 3
3892.6 2936.8 -0.9 15 0 26.8 20.1 5.0 2.5 2 0 2 0 0
3904.7 2983.1 -1.2 16 0 24.0 20.1 7.5 2.5 2 0 3 0 0
3886.5 3031.3 -1.2 197 0 16.0 14.9 10.0 2.5 2 0 4 0 0
3928.0 3019.5 -1.2 17 0 18.5 14.1 10.0 2.5 2 0 4 4 4
3992.8 2879.2 -0.8 105 0 35.2 31.1 10.0 0.0 0 0 4 5 5
4926.5 1534.9 -1.1 196 0 96.8 13.2 10.0 2.5 2 0 4 2 2
4975.9 1595.2 -0.4 286 0 57.8 16.4 7.5 0.0 0 0 3 1 1
4554.8 1310.7 -0.1 286 0 94.6 10.9 10.0 2.5 2 0 4 4 4
4528.3 1280.6 0.4 106 0 11.8 13.1 10.0 2.5 2 1 4 4 4
4554.7 1273.4 0.7 106 0 11.2 13.3 7.5 2.5 2 1 3 1 1
4648.9 1283.6 0.9 286 0 79.3 11.9 10.0 2.5 4 0 4 1 1
4612.7 1270.7 0.9 284 0 11.9 13.5 12.5 2.5 4 1 5 0 0
4638.9 1263.1 0.6 285 0 12.0 14.1 7.5 2.5 2 1 3 0 0
4666.1 1256.4 0.5 285 0 11.0 13.8 15.0 0.0 0 1 6 2 2
4710.3 1265.0 0.7 286 0 34.6 11.0 7.5 2.5 2 0 3 5 5
4715.7 1241.8 0.4 286 0 10.9 14.6 7.5 2.5 2 1 3 2 2
4690.7 1186.9 0.0 106 0 22.0 35.5 7.5 0.0 0 1 3 3 3
4571.7 1248.3 0.4 196 0 18.9 15.7 10.0 2.5 2 0 4 3 3
4540.7 1191.4 -0.0 105 0 9.3 44.5 7.5 2.5 2 1 3 5 5
4545.7 1182.5 -0.1 286 0 13.2 27.4 7.5 2.5 4 1 3 2 2
4567.8 1145.5 -0.1 107 0 12.0 27.6 7.5 2.5 2 1 3 4 4
4611.1 1166.6 -0.1 287 0 11.5 31.4 15.0 0.0 0 1 6 2 2
4563.9 1123.3 -0.2 106 0 64.1 9.8 7.5 2.5 4 0 3 5 5
4637.4 1114.1 0.3 286 0 65.6 10.3 10.0 2.5 4 0 4 3 3
4614.1 1213.7 0.3 196 0 12.8 13.9 7.5 2.5 2 1 3 2 2
4692.1 1179.7 0.2 286 0 10.5 69.1 7.5 2.5 2 1 3 2 2
4648.1 1121.8 0.6 107 0 13.0 39.6 5.0 2.5 4 1 2 3 3
4656.8 1168.0 0.2 196 0 14.1 15.8 5.0 2.5 2 1 2 0 0
4672.0 1218.4 0.0 287 0 19.7 28.2 10.0 2.5 2 1 4 2 2
5101.1 1072.7 -1.8 71 0 25.4 9.9 7.5 2.5 2 0 3 2 2
5104.5 1130.1 -1.5 196 0 7.2 17.7 5.0 2.5 2 1 2 5 5
3761.8 1700.1 -4.3 286 0 35.3 14.9 7.5 2.5 2 0 3 2 2
3830.1 1815.4 -4.3 286 0 12.3 101.0 10.0 2.5 2 1 4 4 4
3673.8 1637.6 -2.1 106 0 15.1 59.0 7.5 2.5 2 1 3 5 5
3797.6 1658.0 -4.6 347 0 13.6 30.2 10.0 2.5 2 1 4 4 4
3779.5 1582.2 -4.8 15 0 25.6 10.8 10.0 2.5 2 0 4 3 3
3791.9 1619.0 -4.9 17 0 49.0 6.7 7.5 0.0 0 0 3 0 0
3652.1 1737.6 -1.5 286 0 11.7 51.8 12.5 2.5 2 1 5 2 2
4356.8 1432.3 -1.4 107 0 10.0 26.3 7.5 2.5 2 1 3 5 5
4356.3 1471.2 -1.4 287 0 12.6 10.7 7.5 2.5 2 0 3 4 4
4333.0 1444.2 -1.5 16 0 38.6 10.0 7.5 0.0 0 0 3 5 5
4311.1 1522.0 -1.6 196 0 63.0 10.4 10.0 2.5 2 0 4 5 5
4293.0 1457.7 -1.6 196 0 55.2 10.3 7.5 0.0 0 0 3 0 0
4331.8 1409.6 -1.5 16 0 10.2 38.8 7.5 2.5 2 1 3 1 1
4326.9 1559.1 -1.8 107 0 10.9 51.5 12.5 2.5 2 1 5 3 3
6283.0 8000.9 -5.1 24 0 28.4 11.4 14.0 3.5 2 0 4 1 1
6266.0 7966.5 -6.0 24 0 28.4 11.4 14.0 3.5 2 0 4 5 5
6228.2 7989.9 -6.0 203 0 20.7 12.9 14.0 3.5 2 0 4 1 1
6338.3 8062.2 -4.7 295 0 11.0 36.2 14.0 3.5 2 1 4 2 2
6317.0 7998.0 -4.7 24 0 40.5 11.9 14.0 3.5 2 0 4 3 3
6392.9 7848.1 -2.2 24 0 40.8 12.2 14.0 3.5 2 0 4 0 0
6299.6 7830.4 -7.9 294 0 42.8 19.8 14.0 3.5 2 0 4 1 1
6214.7 7838.1 -8.0 114 0 11.6 39.8 14.0 3.5 2 1 4 4 4
6242.7 7816.6 -8.0 114 0 11.6 52.8 14.0 3.5 2 1 4 5 5
6293.1 7926.5 -7.2 294 0 11.6 60.2 14.0 3.5 2 1 4 5 5
6260.2 7939.8 -7.5 294 0 11.6 60.2 14.0 3.5 2 1 4 3 3
6238.3 7950.7 -7.7 294 0 11.6 60.2 14.0 3.5 2 1 4 2 2
6197.4 7935.7 -7.9 204 0 60.2 11.6 14.0 3.5 2 0 4 1 1
6159.0 7834.5 -8.0 114 0 11.6 65.9 14.0 3.5 2 1 4 5 5
6147.9 7942.5 -8.2 187 0 18.2 15.3 14.0 0.0 0 0 4 0 0
6124.5 7873.8 -8.0 180 0 33.2 16.1 14.0 0.0 0 0 4 1 1
6585.6 7513.8 -7.6 279 0 8.3 36.2 10.5 3.5 2 1 3 3 3
6621.9 7615.2 -8.1 99 0 30.8 10.6 14.0 3.5 2 0 4 5 5
6741.2 7500.9 -7.5 6 0 31.9 13.4 14.0 3.5 2 0 4 0 0
6795.2 7674.6 -6.8 8 0 88.3 11.1 14.0 3.5 2 0 4 2 2
6553.6 7921.3 4.4 292 0 10.5 49.0 14.0 3.5 2 1 4 5 5
6483.6 7835.2 -1.8 111 0 17.2 60.9 14.0 3.5 2 1 4 5 5
6661.5 7869.8 -6.9 295 0 10.7 28.7 14.0 3.5 2 1 4 4 4
6732.3 7837.9 -7.0 293 0 13.2 45.2 14.0 3.5 2 1 4 3 3
6696.0 7745.7 -7.3 112 0 13.2 45.2 14.0 3.5 2 1 4 4 4
6657.0 7771.1 -7.7 186 0 45.2 13.2 14.0 3.5 2 0 4 1 1
6629.2 7794.6 -7.7 116 0 11.2 31.6 14.0 3.5 4 1 4 2 2
6609.5 7882.0 -6.7 206 0 31.4 10.7 14.0 3.5 2 0 4 5 5
6575.1 7788.4 -8.3 114 0 12.0 24.2 14.0 3.5 2 1 4 2 2
6454.9 7890.7 0.8 203 0 78.6 13.0 14.0 3.5 4 0 4 2 2
6761.6 7679.3 -7.1 8 0 90.1 15.4 14.0 3.5 2 0 4 3 3
6713.2 7641.2 -7.3 98 0 15.4 90.1 14.0 3.5 2 1 4 4 4
6677.7 7691.9 -7.7 188 0 90.1 15.4 14.0 3.5 2 0 4 3 3
6689.6 7193.0 -7.3 6 0 47.8 6.7 10.5 3.5 2 0 3 2 2
6664.5 7189.4 -7.1 7 0 64.0 12.7 17.5 3.5 2 0 5 2 2
6421.0 7126.9 -7.0 189 0 19.8 39.9 17.5 3.5 2 1 5 1 1
6581.7 7030.6 -7.3 97 0 13.3 14.6 17.5 3.5 4 1 5 0 0
6559.4 7053.6 -7.2 97 0 13.3 14.6 17.5 3.5 2 1 5 4 4
6529.0 7038.7 -7.3 97 0 13.3 14.6 17.5 3.5 2 1 5 4 4
6554.0 7163.6 -6.6 96 0 25.9 7.0 10.5 3.5 4 0 3 5 5
6606.1 7028.2 -7.3 97 0 8.8 39.8 10.5 0.0 0 1 3 2 2
6612.2 7075.2 -7.1 99 0 8.7 40.2 10.5 3.5 2 1 3 4 4
6619.3 7124.0 -6.8 99 0 8.6 40.1 10.5 3.5 2 1 3 0 0
6635.2 7201.2 -6.9 7 0 46.9 9.8 10.5 0.0 0 0 3 3 3
6651.1 7354.8 -7.5 278 0 10.1 119.5 17.5 3.5 2 1 5 3 3
6618.9 7268.7 -7.0 278 0 11.0 29.3 17.5 3.5 2 1 5 4 4
6585.1 7273.4 -7.0 279 0 11.0 29.3 17.5 3.5 2 1 5 2 2
6519.5 7140.3 -6.8 97 0 12.7 42.4 17.5 3.5 2 1 5 2 2
6524.6 7194.8 -6.7 98 0 9.5 43.7 10.5 3.5 2 1 3 0 0
6551.3 7191.0 -6.7 98 0 9.5 43.7 10.5 3.5 2 1 3 0 0
6586.8 7207.5 -6.8 8 0 43.7 9.5 10.5 3.5 2 0 3 3 3
6613.5 7203.6 -6.8 8 0 43.7 9.5 10.5 3.5 2 0 3 5 5
6510.1 7086.9 -7.1 98 0 9.5 43.7 10.5 3.5 2 1 3 1 1
6536.7 7083.3 -7.1 98 0 9.5 43.7 10.5 3.5 2 1 3 3 3
6562.8 7079.0 -7.1 98 0 9.5 43.7 10.5 3.5 4 1 3 5 5
6590.4 7075.3 -7.1 98 0 9.5 43.7 10.5 3.5 2 1 3 1 1
6597.9 7128.1 -6.8 98 0 9.5 43.7 10.5 3.5 2 1 3 4 4
6571.4 7132.4 -6.8 98 0 9.5 43.7 10.5 3.5 2 1 3 2 2
6355.3 7423.2 -7.0 278 0 52.1 7.3 10.5 3.5 2 0 3 4 4
6370.5 7410.8 -7.0 279 0 19.5 13.4 17.5 3.5 4 0 5 4 4
6362.0 7229.8 -6.5 98 0 13.8 23.8 17.5 3.5 2 1 5 5 5
6473.4 7404.4 -7.2 278 0 10.1 46.6 17.5 3.5 2 1 5 1 1
6502.3 7400.4 -7.2 278 0 10.1 46.6 17.5 3.5 2 1 5 2 2
6529.9 7396.5 -7.2 278 0 10.1 46.6 17.5 3.5 4 1 5 3 3
6557.7 7392.6 -7.3 278 0 10.0 46.6 17.5 3.5 2 1 5 2 2
6585.1 7388.5 -7.3 278 0 10.0 46.5 17.5 3.5 2 1 5 0 0
6496.3 7346.7 -7.0 280 0 15.4 30.9 17.5 3.5 2 1 5 2 2
6473.4 7350.5 -7.0 277 0 13.3 29.6 17.5 3.5 2 1 5 0 0
6443.6 7354.1 -7.0 277 0 13.3 29.6 17.5 3.5 2 1 5 3 3
6409.1 7358.2 -6.9 277 0 14.9 14.9 17.5 3.5 2 0 5 0 0
6375.6 7363.9 -6.9 277 0 14.9 14.9 17.5 3.5 2 0 5 1 1
6334.0 7362.0 -6.8 187 0 14.9 14.9 17.5 3.5 2 1 5 2 2
6301.2 7366.2 -6.7 187 0 14.9 14.9 17.5 3.5 2 1 5 4 4
6384.1 7166.8 -6.7 97 0 9.1 48.3 10.5 3.5 2 1 3 0 0
6357.3 7170.4 -6.7 97 0 9.1 48.3 10.5 3.5 2 1 3 0 0
6330.3 7175.0 -6.7 97 0 9.1 48.3 10.5 0.0 0 1 3 3 3
6304.1 7178.0 -6.7 97 0 9.1 48.3 10.5 3.5 4 1 3 2 2
6276.3 7206.1 -6.7 187 0 48.3 9.1 10.5 3.5 2 0 3 0 0
6336.1 7257.4 -6.5 187 0 48.3 9.1 10.5 3.5 2 0 3 3 3
6310.3 7261.8 -6.5 187 0 48.3 9.1 10.5 0.0 0 0 3 2 2
6283.8 7265.0 -6.4 187 0 48.2 9.1 10.5 3.5 2 0 3 5 5
6293.6 7324.4 -6.6 187 0 48.3 9.1 10.5 3.5 4 0 3 0 0
6319.1 7319.8 -6.7 187 0 48.3 9.1 10.5 3.5 2 0 3 0 0
6345.9 7316.0 -6.7 187 0 48.3 9.1 10.5 3.5 4 0 3 2 2
6380.4 7336.2 -6.8 277 0 9.1 48.3 10.5 3.5 4 1 3 1 1
6405.4 7332.7 -6.8 277 0 9.1 48.3 10.5 3.5 2 1 3 2 2
6434.0 7315.8 -6.8 276 0 9.1 48.3 10.5 3.5 2 1 3 2 2
6461.8 7311.6 -6.9 276 0 9.1 48.3 10.5 3.5 2 1 3 4 4
6488.9 7308.4 -6.9 276 0 9.1 48.3 10.5 3.5 2 1 3 5 5
6522.5 7340.2 -7.1 278 0 9.1 48.3 10.5 3.5 2 1 3 4 4
6552.5 7335.8 -7.1 278 0 9.1 48.3 10.5 3.5 2 1 3 1 1
6581.2 7331.1 -7.1 278 0 9.1 48.3 10.5 3.5 2 1 3 0 0
5733.0 6987.0 -5.5 116 0 9.4 33.4 7.5 2.5 2 1 3 5 5
5800.3 7105.1 -6.7 26 0 27.2 13.0 7.5 2.5 2 0 3 2 2
5977.9 7459.6 -6.4 26 0 27.2 12.9 15.0 0.0 0 0 6 1 1
6412.2 6062.2 -3.3 188 0 37.0 11.0 17.5 3.5 2 0 5 5 5
6229.0 6088.8 -3.2 8 0 37.0 11.0 7.5 2.5 2 0 3 1 1
6471.3 5964.6 -3.4 98 0 11.0 37.0 17.5 3.5 2 1 5 3 3
6497.0 6138.6 -2.9 278 0 11.0 37.0 17.5 3.5 4 1 5 4 4
6433.6 6148.7 -2.9 278 0 11.0 37.0 17.5 3.5 2 1 5 0 0
6409.5 5974.3 -3.4 98 0 11.0 37.0 17.5 3.5 2 1 5 2 2
6225.7 6141.2 -2.7 98 0 11.0 37.0 17.5 3.5 4 1 5 1 1
6212.8 6021.8 -3.5 8 0 37.0 11.0 7.5 2.5 2 0 3 0 0
6365.5 6112.9 -2.9 99 0 12.4 40.0 17.5 0.0 0 1 5 3 3
6354.5 6027.3 -3.3 279 0 12.4 40.0 17.5 3.5 2 1 5 2 2
6296.4 6122.8 -2.8 99 0 12.4 40.0 17.5 3.5 2 1 5 1 1
6283.7 6037.9 -3.4 279 0 12.4 40.0 17.5 3.5 2 1 5 5 5
6170.1 6186.8 -2.7 279 0 12.4 40.0 17.5 3.5 2 1 5 5 5
6150.3 6101.2 -3.1 189 0 40.0 12.4 17.5 3.5 2 0 5 3 3
6142.8 6014.1 -3.8 99 0 12.4 40.0 17.5 0.0 0 1 5 3 3
