651.9 -1240.2 -1.3 63 0 65.9 42.0 5.0 0.0 0 0 2 5 5
3616.4 -6307.0 -3.8 311 0 14.6 9.7 7.5 2.5 2 0 3 3 3
3499.7 -6139.4 -3.3 44 0 23.4 74.3 10.0 0.0 0 1 4 1 1
3261.7 -5899.8 -2.8 135 0 30.2 56.4 10.0 0.0 0 1 4 2 2
3335.8 -5840.1 -2.4 250 0 28.2 10.9 7.5 2.5 2 0 3 1 1
3602.7 -5883.0 -3.5 315 0 81.0 14.0 12.5 2.5 2 0 5 1 1
3529.5 -6234.7 -3.1 311 0 93.9 8.8 7.5 0.0 0 0 3 5 5
3621.4 -6320.8 -4.1 221 0 11.9 26.7 7.5 0.0 0 1 3 4 4
3428.0 -6149.3 -3.1 312 0 56.3 8.5 7.5 2.5 2 0 3 4 4
3452.7 -6145.3 -3.0 131 0 23.9 9.1 2.5 2.5 2 0 1 2 2
