-5802.4 1398.9 -2.4 245 0 245.4 71.6 14.0 0.0 0 0 4 4 4
-6164.6 1200.8 -2.4 154 0 103.9 36.5 14.0 0.0 0 0 4 0 0
-5991.0 1311.6 -2.2 244 0 49.4 73.6 14.0 0.0 0 1 4 4 4
-1345.4 -9492.9 -7.2 285 0 16.1 71.3 14.0 0.0 0 1 4 2 2
-1384.2 -9482.2 -7.3 285 0 16.1 71.3 14.0 3.5 2 1 4 2 2
-1415.6 -9472.4 -7.4 285 0 16.2 71.3 14.0 3.5 2 1 4 0 0
-6195.8 -6295.3 -5.8 270 0 51.4 115.2 17.5 0.0 0 1 5 4 4
-6137.6 -6295.2 -5.6 270 0 51.4 115.2 17.5 0.0 0 1 5 4 4
-6375.4 -6296.2 -6.5 270 0 51.4 115.2 17.5 0.0 0 1 5 3 3
-6256.5 -6296.2 -6.1 270 0 51.4 115.2 17.5 0.0 0 1 5 3 3
-6315.6 -6296.0 -6.3 270 0 51.4 115.2 17.5 0.0 0 1 5 1 1
-6431.6 -6295.8 -6.7 270 0 51.4 115.2 17.5 0.0 0 1 5 2 2
-6795.4 6384.2 -6.3 96 0 67.6 181.8 14.0 0.0 0 1 4 0 0
-6453.3 6670.0 -6.7 95 0 111.4 176.6 14.0 0.0 0 1 4 5 5
-6636.8 6459.3 -6.4 5 0 180.3 105.1 14.0 0.0 0 0 4 2 2
-6578.0 6681.9 -6.7 95 0 89.9 183.8 14.0 0.0 0 1 4 4 4
-2104.0 10410.4 -9.8 202 0 178.3 111.0 14.0 0.0 0 0 4 2 2
-2109.9 10173.5 -9.6 292 0 57.3 19.3 10.5 3.5 2 0 3 3 3
-1992.2 10253.6 -9.5 112 0 65.5 191.8 14.0 0.0 0 1 4 5 5
-2027.6 10581.2 -9.9 202 0 136.2 311.5 14.0 0.0 0 1 4 4 4
-1885.2 10210.3 -9.3 112 0 137.2 192.4 14.0 0.0 0 1 4 2 2
-2326.5 10582.0 -9.2 292 0 120.1 167.6 10.5 0.0 0 1 3 1 1
-6736.3 9606.0 -11.6 203 0 7.1 28.3 10.5 3.5 4 1 3 3 3
-6865.6 9963.6 -11.4 300 0 8.5 26.3 5.0 2.5 2 1 2 3 3
-6697.8 9601.9 -11.8 112 0 7.1 24.3 10.5 3.5 2 1 3 2 2
-6854.3 9942.1 -11.4 28 0 26.5 9.5 7.5 2.5 2 0 3 4 4
-6735.3 9616.5 -11.6 114 0 7.1 30.2 10.5 0.0 0 1 3 4 4
-6380.6 -8255.3 -7.2 261 0 37.6 13.9 14.0 0.0 0 0 4 3 3
-6380.4 -8374.7 -7.0 171 0 14.4 37.3 14.0 3.5 4 1 4 5 5
-6382.0 -8317.4 -7.1 171 0 74.2 15.5 14.0 3.5 4 0 4 4 4
-5367.0 3261.4 -1.9 261 0 9.5 38.2 10.5 3.5 2 1 3 1 1
-5004.0 3717.4 -4.7 171 0 24.1 51.2 7.5 2.5 2 1 3 0 0
-5211.1 7979.4 -7.0 14 0 81.4 13.3 14.0 3.5 2 0 4 5 5
-5223.4 2995.1 -1.3 32 0 112.5 96.2 17.5 0.0 0 0 5 5 5
-4878.1 7713.1 -7.2 14 0 73.6 16.3 14.0 3.5 2 0 4 4 4
-5186.9 8102.1 -8.2 284 0 13.7 81.3 14.0 3.5 2 1 4 1 1
-5510.1 5512.1 -5.5 96 0 85.0 110.9 10.0 0.0 0 1 4 4 4
-6961.2 4524.5 -5.5 293 0 226.4 71.6 17.5 0.0 0 0 5 3 3
-5377.4 3276.0 -2.0 351 0 10.3 37.0 17.5 3.5 2 1 5 1 1
-4939.7 7988.5 -7.1 15 0 71.7 14.5 14.0 3.5 2 0 4 5 5
-5395.0 2810.9 -1.9 122 0 15.6 14.5 17.5 3.5 2 0 5 5 5
-5416.1 2830.4 -1.9 211 0 4.7 9.3 10.5 3.5 2 1 3 3 3
-4833.8 7700.1 -7.1 14 0 75.4 15.0 14.0 3.5 2 0 4 2 2
-6274.3 3580.4 -3.7 51 0 61.0 121.5 10.0 0.0 0 1 4 5 5
-5906.9 5554.5 -6.0 185 0 186.8 46.6 12.5 0.0 0 0 5 4 4
-5201.6 3124.4 -1.5 351 0 15.4 74.8 17.5 3.5 2 1 5 4 4
-6253.7 3381.5 -3.7 66 0 112.8 64.0 10.0 0.0 0 0 4 3 3
-5440.4 3171.4 -1.6 171 0 46.5 15.9 17.5 0.0 0 0 5 4 4
-4746.8 7941.8 -6.6 196 0 57.2 38.9 10.5 0.0 0 0 3 5 5
-5402.5 3243.8 -1.8 263 0 15.1 27.3 17.5 0.0 0 1 5 5 5
-5391.9 5355.7 -4.4 96 0 85.0 108.2 12.5 0.0 0 1 5 0 0
-5262.7 5430.0 -4.5 6 0 42.9 53.9 7.5 0.0 0 1 3 4 4
-5449.4 3239.1 -1.9 171 0 59.7 26.2 17.5 3.5 2 0 5 1 1
-5362.5 3091.5 -1.3 260 0 12.6 14.4 17.5 3.5 2 1 5 2 2
-4876.7 7947.2 -6.8 105 0 18.2 52.6 14.0 0.0 0 1 4 3 3
-5349.5 3185.3 -1.7 351 0 46.3 15.7 17.5 3.5 2 0 5 1 1
-4740.1 7807.4 -6.9 15 0 75.9 14.3 14.0 3.5 2 0 4 1 1
-6123.5 3008.2 -3.2 288 0 177.8 220.2 10.0 0.0 0 1 4 1 1
-6728.5 4187.9 -5.2 220 0 80.9 25.1 17.5 0.0 0 0 5 5 5
-6761.2 4123.7 -5.2 130 0 32.6 15.7 17.5 3.5 2 0 5 5 5
-5841.1 2200.9 -3.0 42 0 400.8 109.1 17.5 0.0 0 0 5 2 2
-6728.6 3967.4 -4.9 224 0 120.3 158.4 7.5 0.0 0 1 3 3 3
-6489.3 3661.9 -4.3 231 0 174.4 60.4 10.0 0.0 0 0 4 3 3
-6082.8 2155.5 -3.1 221 0 15.5 10.6 17.5 3.5 2 0 5 2 2
-4293.1 3411.3 -2.9 115 0 18.8 97.1 7.5 0.0 0 1 3 0 0
-4238.0 3014.5 -3.2 48 0 19.1 78.0 17.5 3.5 2 1 5 5 5
-4463.5 2921.9 -3.6 125 0 87.5 89.4 17.5 0.0 0 1 5 1 1
-3187.0 -6419.5 -1.1 106 0 29.9 90.6 14.0 0.0 0 1 4 3 3
-1706.9 -3305.9 -1.1 205 0 28.9 184.9 17.5 0.0 0 1 7 2 2
-1702.6 -3386.5 -1.0 205 0 8.0 31.4 7.5 2.5 2 1 3 2 2
-1848.2 -3240.6 -0.5 116 0 19.0 13.8 10.0 2.5 2 0 4 5 5
-1881.6 -3222.4 -0.3 116 0 18.0 8.1 7.5 2.5 2 0 3 1 1
-69.4 1928.1 -1.2 292 0 24.9 84.0 12.5 0.0 0 1 5 2 2
1709.0 6413.8 -3.1 102 0 24.1 82.9 14.0 0.0 0 1 4 5 5
2630.0 10648.0 -8.5 282 0 21.8 86.3 14.0 0.0 0 1 4 4 4
-5859.4 1118.0 -1.9 65 0 116.7 60.3 14.0 0.0 0 0 4 1 1
-5447.3 1611.9 -2.4 336 0 49.8 36.3 17.5 0.0 0 0 5 3 3
-5592.7 1507.4 -1.9 244 0 57.5 147.0 14.0 0.0 0 1 4 1 1
-5513.1 -9228.7 -8.7 71 0 14.4 18.5 17.5 3.5 4 1 5 0 0
-5523.4 -9174.7 -8.7 341 0 58.7 15.1 17.5 3.5 2 0 5 1 1
-5611.1 -9136.3 -8.5 341 0 58.7 15.1 17.5 0.0 0 0 5 1 1
-5548.4 -9236.4 -8.7 72 0 14.4 75.9 17.5 3.5 2 1 5 0 0
-5582.9 -9245.0 -8.9 71 0 14.1 61.1 17.5 3.5 2 1 5 1 1
-5618.0 -9252.5 -9.2 71 0 13.3 43.1 17.5 3.5 2 1 5 2 2
-5648.8 -9259.5 -9.3 71 0 13.3 43.1 17.5 3.5 2 1 5 3 3
-5736.0 -9143.3 -8.5 251 0 13.3 43.1 17.5 3.5 2 1 5 3 3
-5774.5 -9156.4 -8.3 251 0 13.3 43.1 17.5 0.0 0 1 5 4 4
-5825.9 -9300.8 -8.6 77 0 13.4 51.4 17.5 3.5 2 1 5 3 3
-5852.4 -9187.6 -8.0 257 0 13.4 51.4 17.5 3.5 2 1 5 3 3
-5788.8 -9294.1 -8.8 77 0 13.8 58.2 17.5 3.5 4 1 5 5 5
-5748.6 -9283.7 -9.0 72 0 15.0 58.8 17.5 3.5 2 1 5 0 0
-5714.2 -9275.4 -9.1 72 0 15.0 58.8 17.5 3.5 2 1 5 1 1
-5678.9 -9267.9 -9.2 72 0 15.0 58.8 17.5 3.5 2 1 5 1 1
-5658.8 -9120.9 -8.7 250 0 13.0 41.3 17.5 3.5 2 1 5 2 2
6624.2 -1404.0 -4.9 148 0 47.7 76.2 14.0 0.0 0 1 4 1 1
6755.0 -1473.4 -4.8 329 0 48.9 77.6 14.0 0.0 0 1 4 0 0
-4835.4 9760.0 -10.5 107 0 37.8 203.2 14.0 0.0 0 1 4 2 2
6412.7 13.4 -2.5 329 0 22.5 12.3 17.5 3.5 2 0 5 2 2
6874.5 -784.3 -4.1 270 0 13.5 41.1 14.0 0.0 0 1 4 5 5
6714.5 -108.0 -3.0 221 0 12.9 50.5 17.5 3.5 2 1 5 4 4
6684.8 -390.5 -2.4 58 0 38.1 12.2 14.0 3.5 2 0 4 1 1
6858.6 -666.8 -4.1 180 0 40.0 14.1 14.0 0.0 0 0 4 5 5
6488.7 -65.6 -2.7 149 0 37.1 84.3 17.5 0.0 0 1 5 0 0
6878.6 -429.8 -4.0 271 0 13.5 54.3 17.5 3.5 2 1 5 5 5
6811.1 -463.7 -4.2 270 0 11.9 45.1 14.0 3.5 2 1 4 3 3
6916.1 -511.8 -3.9 1 0 25.4 13.8 17.5 3.5 2 0 5 0 0
6867.4 -555.3 -4.0 269 0 11.4 35.5 14.0 3.5 2 1 4 0 0
6820.2 -633.5 -4.2 90 0 13.9 39.8 14.0 3.5 4 1 4 0 0
6938.1 -764.5 -3.9 1 0 41.3 14.0 14.0 0.0 0 0 4 2 2
6839.7 -741.9 -4.1 180 0 54.1 14.3 14.0 3.5 2 0 4 4 4
6936.2 -675.0 -3.9 90 0 16.3 38.7 14.0 3.5 2 1 4 2 2
6755.0 -281.1 -3.0 310 0 12.7 24.9 17.5 3.5 2 1 5 0 0
6756.5 -97.9 -3.1 310 0 51.9 12.4 17.5 3.5 2 0 5 3 3
6525.0 76.1 -2.8 149 0 43.8 9.0 10.5 3.5 4 0 3 2 2
6476.8 42.4 -2.7 239 0 80.9 37.5 17.5 0.0 0 0 5 5 5
6841.6 -179.2 -3.2 41 0 12.3 83.7 17.5 3.5 2 1 5 5 5
6845.9 -511.9 -4.1 270 0 11.0 35.5 14.0 3.5 2 1 4 0 0
6670.5 -193.2 -2.9 312 0 25.8 47.1 17.5 0.0 0 1 5 3 3
6910.4 -613.3 -4.0 0 0 38.9 14.6 14.0 0.0 0 0 4 5 5
6800.0 -645.4 -4.2 270 0 13.3 60.7 14.0 3.5 2 1 4 1 1
6904.6 -325.6 -4.0 327 0 11.8 48.1 17.5 0.0 0 1 5 1 1
6738.9 -267.0 -2.9 311 0 10.1 43.0 17.5 3.5 2 1 5 0 0
6870.6 -887.3 -4.1 106 0 12.4 17.0 17.5 3.5 2 1 5 4 4
6729.2 -31.8 -3.1 308 0 7.9 15.2 10.5 0.0 0 1 3 5 5
6736.9 -177.1 -3.1 131 0 8.9 49.9 10.5 3.5 4 1 3 4 4
6710.3 -531.8 -4.4 270 0 13.9 52.3 14.0 3.5 2 1 4 0 0
6461.3 47.0 -2.7 58 0 56.6 12.4 17.5 3.5 2 0 5 4 4
6906.8 -427.0 -3.9 359 0 16.3 7.7 10.5 3.5 2 0 3 5 5
6862.4 -199.6 -3.7 127 0 19.4 5.6 10.5 3.5 2 0 3 4 4
6808.3 -193.1 -3.1 40 0 13.4 53.5 17.5 3.5 2 1 5 4 4
6912.3 -321.1 -3.8 148 0 12.4 77.9 14.0 0.0 0 1 4 2 2
6695.9 -129.6 -3.0 221 0 13.4 50.9 17.5 3.5 2 1 5 3 3
6938.6 -424.7 -3.8 0 0 55.3 12.6 14.0 3.5 4 0 4 0 0
6736.8 -547.4 -4.3 180 0 42.1 20.7 14.0 0.0 0 0 4 1 1
6215.9 16.3 -2.4 329 0 58.1 18.7 7.5 2.5 4 0 3 4 4
5524.4 -111.8 -1.6 331 0 20.0 22.5 17.5 3.5 2 1 5 0 0
5546.1 -139.3 -1.3 241 0 12.7 28.8 14.0 3.5 2 1 4 2 2
6033.4 438.6 -3.3 241 0 16.9 22.7 17.5 3.5 2 1 5 2 2
5968.5 552.9 -3.3 330 0 19.8 9.6 10.5 3.5 2 0 3 4 4
5925.0 172.7 -2.8 330 0 96.9 48.4 17.5 0.0 0 0 5 5 5
4745.2 -1057.4 -2.5 314 0 44.0 51.9 17.5 0.0 0 1 5 3 3
4892.2 -1277.4 -4.9 315 0 14.9 80.5 10.0 2.5 2 1 4 5 5
5568.4 -238.4 -1.4 59 0 38.5 11.6 14.0 3.5 2 0 4 5 5
4666.3 -1227.2 -4.8 90 0 17.4 50.7 14.0 0.0 0 1 4 1 1
4901.2 -598.8 -2.4 314 0 68.0 54.6 7.5 0.0 0 0 3 3 3
4711.2 -1180.7 -4.2 224 0 12.1 28.3 17.5 3.5 2 1 5 1 1
4604.6 -1226.3 -4.6 90 0 18.4 81.3 14.0 0.0 0 1 4 1 1
4474.7 -10802.9 -12.7 52 0 45.1 200.1 17.5 0.0 0 1 5 0 0
4151.4 -8677.0 -7.9 69 0 17.6 71.5 14.0 3.5 2 1 4 1 1
4671.3 -10342.4 -10.2 213 0 30.4 101.7 17.5 0.0 0 1 5 1 1
4129.2 -8468.0 -6.9 339 0 23.6 16.1 14.0 3.5 2 0 4 2 2
3720.1 -8616.1 -7.4 250 0 12.9 76.5 12.5 2.5 2 1 5 3 3
3231.7 -9972.3 -7.9 351 0 8.3 72.2 7.5 2.5 2 1 3 3 3
4238.6 -8666.6 -7.6 336 0 12.1 20.8 14.0 0.0 0 1 4 2 2
4196.5 -8695.0 -7.8 69 0 15.6 90.7 14.0 0.0 0 1 4 4 4
4162.5 -8711.3 -7.5 69 0 14.5 30.2 14.0 3.5 2 1 4 0 0
4165.8 -8034.3 -7.4 255 0 12.2 40.2 17.5 3.5 2 1 5 3 3
3909.3 -8550.3 -7.3 159 0 107.7 37.6 14.0 0.0 0 0 4 4 4
3778.0 -8775.8 -7.6 70 0 13.0 76.4 7.5 2.5 2 1 3 2 2
4046.2 -7958.9 -6.4 69 0 20.2 10.9 17.5 3.5 2 0 5 5 5
3742.6 -8788.7 -7.6 70 0 12.8 76.3 10.0 2.5 2 1 4 0 0
3648.9 -8641.3 -7.3 250 0 13.1 76.9 7.5 2.5 4 1 3 2 2
3706.9 -8802.1 -7.5 70 0 12.2 76.5 10.0 2.5 2 1 4 4 4
4047.9 -8666.4 -7.4 69 0 24.2 134.1 14.0 0.0 0 1 4 3 3
4098.9 -8087.3 -7.2 340 0 17.0 8.2 10.5 3.5 2 0 3 3 3
4172.5 -8013.1 -6.9 74 0 11.7 40.5 14.0 3.5 2 1 4 5 5
4246.6 -7984.5 -6.3 164 0 16.6 7.9 10.5 0.0 0 0 3 1 1
4292.3 -7946.7 -6.3 166 0 10.5 19.9 14.0 3.5 2 1 4 2 2
3938.6 -8315.7 -6.8 249 0 5.8 172.0 10.5 3.5 2 1 3 1 1
4139.9 -8721.4 -7.6 69 0 15.5 89.9 14.0 0.0 0 1 4 2 2
5215.3 -8706.9 -8.5 90 0 48.0 15.1 14.0 3.5 2 0 4 3 3
3684.5 -8628.6 -7.3 250 0 13.0 77.2 7.5 2.5 2 1 3 5 5
4227.0 -7998.8 -6.4 75 0 15.5 58.2 14.0 3.5 2 1 4 2 2
4230.8 -8038.8 -7.3 345 0 57.9 14.7 17.5 3.5 2 0 5 2 2
4306.2 -8130.9 -7.5 75 0 10.6 57.4 17.5 3.5 2 1 5 0 0
4271.8 -8006.5 -7.3 255 0 13.7 57.2 17.5 3.5 2 1 5 5 5
4162.7 -8170.0 -6.8 343 0 19.4 17.9 17.5 3.5 2 0 5 4 4
4266.2 -7944.4 -6.3 255 0 13.3 41.9 17.5 3.5 2 1 5 0 0
4028.6 -7975.9 -7.2 340 0 23.0 16.9 17.5 3.5 2 0 5 5 5
4247.5 -7894.0 -6.2 75 0 9.5 22.9 10.5 3.5 2 1 3 5 5
4246.2 -8146.8 -7.2 74 0 10.0 23.8 10.5 3.5 2 1 3 0 0
726.0 -7476.3 -3.6 216 0 12.8 61.4 7.5 2.5 2 1 3 5 5
4205.0 -10172.8 -9.2 90 0 11.9 71.8 17.5 3.5 2 1 5 5 5
4175.3 -10172.8 -9.2 360 0 71.6 14.8 17.5 3.5 2 0 5 1 1
4352.4 -9891.2 -9.7 270 0 11.9 47.4 17.5 3.5 2 1 5 2 2
1555.5 -7417.6 -3.1 181 0 50.6 12.3 17.5 3.5 2 0 5 4 4
4352.6 -9995.3 -10.1 90 0 11.8 46.7 17.5 0.0 0 1 5 3 3
1519.9 -7421.4 -3.4 182 0 73.2 12.6 14.0 3.5 2 0 4 2 2
4134.1 -10190.1 -9.5 0 0 71.4 11.5 17.5 3.5 2 0 5 5 5
4320.1 -10053.4 -10.4 90 0 11.8 46.9 17.5 3.5 2 1 5 5 5
4051.4 -10214.8 -9.6 65 0 49.9 24.4 17.5 3.5 2 0 5 2 2
3998.4 -10181.7 -9.0 61 0 13.6 62.6 17.5 0.0 0 1 5 5 5
4059.6 -10148.5 -8.8 60 0 11.6 46.8 17.5 3.5 2 1 5 0 0
4029.2 -10167.3 -8.8 61 0 11.6 55.2 17.5 3.5 2 1 5 4 4
1191.8 -7412.3 -2.9 272 0 12.0 41.7 14.0 3.5 4 1 4 1 1
4282.3 -10094.9 -10.1 90 0 12.4 47.4 17.5 3.5 4 1 5 3 3
799.2 -7480.1 -3.7 35 0 16.4 101.7 7.5 0.0 0 1 3 3 3
4243.6 -10135.3 -9.4 90 0 11.9 46.9 17.5 3.5 2 1 5 0 0
1453.3 -7438.3 -3.4 271 0 12.5 65.7 17.5 3.5 2 1 5 3 3
1482.8 -7429.7 -3.5 180 0 53.5 13.1 14.0 0.0 0 0 4 2 2
1492.0 -7484.2 -3.5 271 0 12.8 47.0 17.5 3.5 4 1 5 2 2
1528.9 -7564.0 -3.4 92 0 12.2 74.9 17.5 0.0 0 1 5 0 0
1567.4 -7543.3 -3.2 91 0 12.1 74.7 17.5 3.5 2 1 5 1 1
1600.0 -7498.3 -2.8 180 0 46.5 12.3 17.5 3.5 2 0 5 2 2
1591.0 -7440.7 -2.9 181 0 50.1 12.5 17.5 3.5 2 0 5 1 1
6422.9 -8270.6 -8.7 180 0 42.9 10.4 17.5 0.0 0 0 5 1 1
6348.8 -8297.9 -8.5 90 0 10.4 45.3 17.5 0.0 0 1 5 3 3
4406.1 -8249.2 -6.7 254 0 13.0 44.3 17.5 0.0 0 1 5 5 5
6256.2 -8300.3 -8.0 183 0 42.4 10.4 17.5 3.5 4 0 5 2 2
6210.0 -8242.4 -7.9 1 0 45.8 10.3 17.5 0.0 0 0 5 5 5
6498.2 -8115.6 -9.1 142 0 60.8 24.5 17.5 3.5 2 0 5 3 3
6382.5 -8275.9 -8.6 180 0 42.9 10.4 17.5 0.0 0 0 5 0 0
6238.3 -8255.0 -8.0 180 0 58.5 10.9 17.5 0.0 0 0 5 2 2
6332.4 -8172.9 -8.4 270 0 7.6 61.3 10.5 0.0 0 1 3 0 0
6406.7 -8166.9 -8.6 181 0 35.6 10.8 17.5 0.0 0 0 5 3 3
6225.6 -8305.5 -8.0 360 0 60.9 10.3 17.5 0.0 0 0 5 3 3
6233.5 -8101.8 -7.8 181 0 45.9 8.8 10.5 3.5 2 0 3 5 5
4352.4 -8684.2 -7.8 270 0 16.7 16.5 17.5 3.5 2 0 5 3 3
4759.3 -8307.0 -6.8 164 0 29.4 11.5 14.0 3.5 2 0 4 2 2
6630.7 -8264.3 -9.5 81 0 11.6 21.2 17.5 0.0 0 1 5 5 5
6185.4 -8414.6 -8.1 234 0 11.1 28.6 17.5 3.5 2 1 5 3 3
6276.2 -8065.1 -8.1 270 0 8.9 45.8 10.5 3.5 2 1 3 0 0
6257.4 -8515.2 -8.3 56 0 11.1 23.1 17.5 3.5 2 1 5 1 1
6302.7 -8362.6 -8.2 53 0 5.5 9.5 10.5 3.5 2 1 3 5 5
4712.5 -8156.4 -7.4 255 0 17.4 43.3 14.0 3.5 2 1 4 2 2
6164.0 -8132.3 -7.7 180 0 33.4 13.9 17.5 3.5 2 0 5 4 4
6259.4 -8432.9 -8.2 144 0 29.4 10.8 17.5 0.0 0 0 5 0 0
6260.8 -7957.6 -8.0 180 0 24.4 12.4 17.5 3.5 2 0 5 2 2
6475.6 -8383.5 -8.9 56 0 9.7 24.0 10.5 3.5 2 1 3 3 3
6149.6 -8325.5 -8.0 56 0 8.4 16.7 10.5 3.5 2 1 3 4 4
4692.9 -8107.1 -7.1 255 0 14.1 39.9 14.0 3.5 2 1 4 5 5
6435.1 -8408.1 -8.8 56 0 10.3 24.4 17.5 3.5 2 1 5 4 4
6436.4 -8339.5 -8.8 146 0 24.4 10.3 14.0 3.5 2 0 4 5 5
6379.5 -8380.8 -8.5 146 0 24.4 10.8 17.5 3.5 2 0 5 2 2
6147.2 -8369.4 -8.1 55 0 10.7 28.9 14.0 3.5 4 1 4 3 3
6524.8 -8287.6 -8.7 144 0 23.6 9.9 10.5 0.0 0 0 3 5 5
4376.7 -8709.4 -7.8 1 0 10.1 17.4 17.5 3.5 4 1 5 0 0
5404.2 -5865.9 -4.7 158 0 134.7 63.2 17.5 0.0 0 0 5 0 0
6621.2 -8227.5 -9.3 90 0 11.9 22.1 17.5 3.5 2 1 5 5 5
6226.8 -8463.3 -8.2 324 0 28.8 10.5 17.5 3.5 2 0 5 5 5
6155.3 -8300.5 -8.0 143 0 28.3 11.4 17.5 0.0 0 0 5 1 1
6173.5 -7839.4 -7.7 155 0 24.7 11.9 17.5 3.5 2 0 5 5 5
6079.0 -8283.0 -7.9 144 0 29.7 10.4 14.0 3.5 2 0 4 3 3
3974.6 -8468.9 -6.8 250 0 24.7 68.1 14.0 0.0 0 1 4 5 5
6170.8 -7943.7 -7.6 181 0 21.8 12.6 14.0 3.5 2 0 4 1 1
6233.4 -7916.8 -7.9 154 0 24.3 11.5 17.5 3.5 2 0 5 0 0
5563.4 -5875.3 -5.0 68 0 62.2 134.2 17.5 0.0 0 1 5 3 3
6290.7 -8011.3 -8.2 91 0 11.8 24.5 17.5 3.5 2 1 5 1 1
6160.6 -7899.2 -7.7 157 0 22.2 11.8 14.0 3.5 2 0 4 5 5
6116.3 -8315.3 -8.0 325 0 29.3 11.2 14.0 3.5 2 0 4 2 2
6379.3 -8410.2 -8.3 236 0 9.5 26.6 10.5 3.5 2 1 3 2 2
6422.5 -7980.4 -8.7 270 0 11.6 28.1 17.5 3.5 2 1 5 4 4
6129.1 -8264.7 -7.9 144 0 29.3 10.9 17.5 3.5 2 0 5 0 0
6484.8 -8313.7 -8.8 145 0 23.9 10.2 14.0 3.5 2 0 4 0 0
6204.3 -7876.6 -7.8 155 0 24.7 12.0 17.5 3.5 2 0 5 1 1
6294.4 -8478.4 -8.3 145 0 24.1 9.4 10.5 3.5 2 0 3 1 1
6353.4 -8457.4 -8.3 56 0 10.0 24.6 17.5 3.5 2 1 5 4 4
6549.3 -8321.7 -8.9 146 0 23.9 10.4 14.0 3.5 2 0 4 5 5
5503.9 -6537.1 -5.1 70 0 10.1 24.3 14.0 3.5 2 1 4 5 5
4735.8 -8243.0 -7.5 73 0 12.0 33.4 14.0 3.5 4 1 4 1 1
6322.8 -8404.6 -8.2 324 0 29.2 10.6 17.5 0.0 0 0 5 4 4
6123.8 -8146.9 -7.7 180 0 33.3 13.7 17.5 3.5 2 0 5 5 5
4744.4 -8280.9 -7.1 74 0 11.8 26.4 14.0 3.5 2 1 4 3 3
6520.9 -8354.3 -8.9 55 0 10.0 23.6 14.0 3.5 2 1 4 2 2
6231.2 -8428.6 -8.2 56 0 9.0 17.5 10.5 3.5 4 1 3 3 3
6310.1 -8073.4 -8.2 180 0 46.0 9.1 10.5 3.5 2 0 3 3 3
6163.4 -8352.0 -8.0 143 0 27.3 30.6 17.5 0.0 0 1 5 5 5
4321.3 -4732.4 -2.3 30 0 13.1 79.4 7.5 2.5 2 1 3 1 1
4763.7 -6152.7 -4.3 71 0 18.3 127.0 17.5 0.0 0 1 5 2 2
3837.9 -6614.1 -4.7 69 0 17.3 28.0 10.0 2.5 2 1 4 1 1
4632.2 -8062.7 -6.7 75 0 14.2 43.1 17.5 3.5 2 1 5 5 5
4684.9 -8023.9 -6.7 75 0 13.4 42.8 17.5 3.5 2 1 5 4 4
4643.6 -8134.6 -7.4 254 0 14.2 41.1 14.0 3.5 2 1 4 2 2
3843.1 -6572.5 -4.6 248 0 8.4 43.3 7.5 2.5 2 1 3 2 2
4598.5 -7956.0 -6.5 75 0 13.3 40.7 17.5 3.5 2 1 5 1 1
4543.7 -7974.5 -6.5 75 0 13.8 41.5 17.5 3.5 2 1 5 0 0
3977.1 -6118.6 -4.0 68 0 17.9 80.1 14.0 3.5 2 1 4 3 3
4618.9 -8310.8 -6.7 255 0 11.4 38.7 17.5 3.5 2 1 5 2 2
4529.0 -8058.6 -6.6 75 0 13.8 47.6 17.5 0.0 0 1 5 1 1
3821.4 -6627.7 -4.7 68 0 7.4 44.0 7.5 2.5 2 1 3 3 3
5277.5 -5664.9 -4.6 339 0 98.2 105.7 17.5 0.0 0 1 5 3 3
6465.2 -7953.2 -8.8 270 0 11.8 55.8 17.5 3.5 2 1 5 4 4
4647.6 -6387.3 -4.0 340 0 24.4 13.7 17.5 3.5 2 0 5 1 1
4573.4 -8021.8 -6.6 75 0 14.3 32.7 17.5 3.5 2 1 5 0 0
4617.8 -8389.9 -6.6 74 0 10.6 28.2 17.5 3.5 2 1 5 0 0
4663.4 -7970.0 -6.6 75 0 14.6 32.8 17.5 3.5 2 1 5 4 4
4771.2 -5518.6 -3.9 249 0 14.6 70.7 14.0 3.5 4 1 4 5 5
5518.0 -5709.9 -4.9 338 0 10.0 49.7 17.5 3.5 2 1 5 4 4
4491.8 -8013.1 -6.5 75 0 14.0 48.5 17.5 3.5 4 1 5 5 5
5338.7 -5699.0 -4.8 158 0 133.2 61.9 17.5 0.0 0 0 5 1 1
4612.4 -6604.7 -5.4 71 0 63.6 50.4 17.5 0.0 0 0 5 0 0
4982.8 -5462.6 -4.0 339 0 42.0 25.4 10.0 0.0 0 0 4 3 3
6125.2 -7957.9 -7.5 177 0 22.1 12.3 17.5 3.5 2 0 5 1 1
4574.0 -8093.7 -6.7 75 0 15.5 48.6 17.5 3.5 2 1 5 2 2
4825.1 -5656.0 -4.0 69 0 15.3 68.8 14.0 3.5 2 1 4 5 5
4309.5 -6586.3 -5.4 140 0 98.3 18.0 7.5 0.0 0 0 3 1 1
6134.5 -7842.4 -7.5 244 0 11.8 24.6 14.0 3.5 2 1 4 0 0
3762.1 -6713.7 -5.7 248 0 13.1 35.4 14.0 3.5 2 1 4 3 3
6097.3 -7860.8 -7.3 244 0 12.4 24.8 14.0 0.0 0 1 4 4 4
5449.5 -5583.9 -4.8 249 0 62.6 133.1 17.5 0.0 0 1 5 3 3
3997.9 -6265.5 -3.9 332 0 29.7 5.1 10.5 3.5 2 0 3 4 4
4282.9 -6571.6 -4.9 324 0 39.2 15.2 10.0 2.5 2 0 4 2 2
4384.5 -5088.0 -3.7 12 0 47.3 12.5 17.5 3.5 2 0 5 1 1
4616.2 -6339.9 -4.2 161 0 42.8 71.0 17.5 0.0 0 1 5 0 0
4369.4 -6601.0 -5.4 50 0 18.2 98.9 7.5 0.0 0 1 3 2 2
6502.6 -7923.7 -8.5 270 0 11.2 56.9 17.5 3.5 2 1 5 1 1
3757.1 -6804.9 -5.9 68 0 6.8 45.9 10.5 3.5 2 1 3 4 4
4374.2 -4943.5 -3.1 283 0 19.0 95.7 17.5 0.0 0 1 5 0 0
4475.5 -7955.8 -6.4 75 0 13.9 47.6 17.5 3.5 4 1 5 0 0
4704.2 -6386.4 -4.0 70 0 8.1 31.8 10.5 3.5 4 1 3 5 5
3722.3 -6728.5 -5.7 247 0 7.2 36.0 10.5 3.5 2 1 3 4 4
5960.6 -8115.1 -7.6 156 0 24.9 11.8 14.0 3.5 2 0 4 3 3
5255.9 -6683.0 -5.2 159 0 24.9 9.9 10.5 3.5 2 0 3 3 3
6113.6 -7916.9 -7.4 162 0 21.9 12.8 14.0 3.5 2 0 4 5 5
4619.9 -7998.5 -6.6 74 0 15.0 32.3 17.5 3.5 2 1 5 3 3
5233.7 -6709.9 -5.2 159 0 114.9 21.0 14.0 0.0 0 0 4 0 0
4567.6 -7859.6 -6.4 254 0 15.0 32.4 17.5 3.5 2 1 5 1 1
4744.8 -6369.5 -4.5 71 0 42.8 92.3 17.5 0.0 0 1 5 5 5
4054.6 -6219.8 -4.3 242 0 104.4 111.1 17.5 0.0 0 1 5 1 1
4839.2 -6282.4 -4.3 159 0 180.1 72.5 5.0 0.0 0 0 2 1 1
4464.0 -8300.3 -6.6 255 0 13.2 44.2 17.5 0.0 0 1 5 2 2
4004.7 -6123.7 -4.4 247 0 17.8 89.1 14.0 3.5 2 1 4 2 2
4163.9 -6299.5 -3.8 242 0 46.5 14.5 14.0 3.5 2 0 4 5 5
6036.3 -8042.1 -7.5 198 0 21.8 12.1 14.0 3.5 2 0 4 3 3
4982.2 -5771.6 -4.1 159 0 87.7 16.1 17.5 3.5 2 0 5 3 3
3887.7 -8933.1 -7.2 245 0 10.4 40.4 14.0 3.5 2 1 4 1 1
5047.7 -5855.9 -4.2 159 0 292.0 108.8 17.5 0.0 0 0 5 3 3
5948.8 -7983.6 -7.4 182 0 21.5 12.8 17.5 3.5 2 0 5 1 1
6757.1 -8011.2 -8.2 337 0 21.8 12.5 17.5 3.5 2 0 5 4 4
3845.6 -5994.8 -3.9 67 0 47.9 36.7 14.0 0.0 0 0 4 1 1
5992.8 -8157.9 -7.7 156 0 24.5 11.6 14.0 3.5 2 0 4 2 2
4787.9 -5096.4 -4.0 101 0 19.1 121.0 14.0 0.0 0 1 4 5 5
3792.0 -8676.4 -7.6 251 0 20.2 55.4 7.5 2.5 2 1 3 5 5
4960.2 -6046.3 -4.2 249 0 18.5 33.1 17.5 0.0 0 1 5 1 1
6025.6 -8083.5 -7.6 188 0 21.9 12.7 14.0 3.5 4 0 4 3 3
4109.1 -6351.5 -3.6 244 0 21.1 8.2 10.5 3.5 2 0 3 1 1
4890.7 -5905.9 -4.2 159 0 270.9 111.7 17.5 0.0 0 0 5 3 3
4670.0 -5468.9 -3.9 340 0 14.5 74.5 14.0 3.5 2 1 4 1 1
4011.0 -6104.5 -4.0 68 0 15.3 80.2 14.0 3.5 2 1 4 0 0
4581.2 -6219.7 -4.3 71 0 103.3 132.2 17.5 0.0 0 1 5 2 2
4797.2 -6212.8 -4.2 342 0 44.6 16.6 17.5 3.5 2 0 5 2 2
4827.5 -4911.1 -4.0 272 0 19.9 54.5 14.0 0.0 0 1 4 1 1
6626.5 -7836.4 -7.8 270 0 11.7 42.4 17.5 0.0 0 1 5 4 4
4039.1 -6109.5 -4.3 247 0 18.1 88.9 14.0 0.0 0 1 4 3 3
4155.6 -4638.0 -1.7 210 0 12.8 101.3 7.5 2.5 2 1 3 1 1
5587.4 -6588.0 -5.4 160 0 23.5 14.0 14.0 3.5 2 0 4 2 2
4094.8 -6358.3 -3.5 243 0 8.2 54.3 10.5 3.5 4 1 3 4 4
4095.1 -8703.0 -7.7 70 0 17.4 71.0 14.0 3.5 2 1 4 5 5
4390.4 -8785.7 -7.6 180 0 15.6 16.7 17.5 3.5 2 1 5 5 5
3815.0 -8664.0 -7.6 250 0 7.5 48.3 7.5 2.5 2 1 3 3 3
3440.3 -6076.2 -4.3 247 0 6.6 71.3 10.5 0.0 0 1 3 0 0
5049.8 -6325.5 -4.4 159 0 75.8 25.3 17.5 0.0 0 0 5 0 0
6739.7 -8135.1 -9.9 91 0 12.6 24.5 17.5 3.5 2 1 5 3 3
4655.3 -5746.9 -4.1 71 0 60.6 133.8 14.0 0.0 0 1 4 1 1
6076.9 -8171.3 -7.7 155 0 25.0 12.4 17.5 3.5 2 0 5 2 2
6547.5 -8081.1 -8.9 245 0 11.5 10.6 17.5 3.5 2 0 5 5 5
4533.6 -8410.9 -6.6 75 0 9.9 32.3 10.5 3.5 2 1 3 3 3
5049.3 -5952.2 -4.2 159 0 33.6 16.1 17.5 3.5 2 0 5 5 5
6666.9 -7988.8 -9.6 271 0 8.8 45.6 10.5 0.0 0 1 3 1 1
3975.7 -6136.0 -4.2 247 0 17.9 89.1 14.0 3.5 2 1 4 5 5
4381.0 -8801.6 -7.6 270 0 12.4 23.0 14.0 3.5 2 1 4 3 3
3600.0 -6195.8 -4.1 247 0 18.4 138.4 17.5 0.0 0 1 5 5 5
5984.3 -8060.6 -7.5 192 0 21.4 13.0 17.5 3.5 2 0 5 3 3
6703.4 -7992.7 -8.9 270 0 8.8 45.6 10.5 3.5 2 1 3 5 5
4615.9 -5845.5 -4.0 251 0 54.6 154.1 17.5 0.0 0 1 5 4 4
4738.3 -5928.6 -4.2 71 0 48.8 98.1 17.5 0.0 0 1 5 2 2
4500.1 -5930.6 -4.0 162 0 52.8 26.0 17.5 3.5 2 0 5 0 0
3945.7 -9005.6 -6.9 65 0 10.6 40.6 14.0 0.0 0 1 4 0 0
4414.5 -8814.5 -7.6 92 0 12.3 15.2 17.5 3.5 2 1 5 4 4
5150.3 -6101.8 -4.3 69 0 13.6 35.3 14.0 3.5 2 1 4 0 0
6667.2 -7944.8 -8.7 270 0 14.3 33.4 17.5 3.5 2 1 5 0 0
3562.8 -6363.6 -3.2 68 0 16.4 18.6 17.5 3.5 2 1 5 2 2
3815.4 -5902.9 -3.9 247 0 64.3 37.7 14.0 0.0 0 0 4 1 1
6674.7 -8061.7 -9.6 0 0 33.8 14.7 17.5 3.5 2 0 5 3 3
5997.8 -8005.2 -7.5 189 0 21.4 12.4 17.5 3.5 2 0 5 2 2
3916.4 -8678.0 -7.9 69 0 7.0 42.2 10.5 3.5 2 1 3 4 4
3631.4 -6182.8 -4.2 247 0 18.1 137.7 17.5 0.0 0 1 5 5 5
6036.6 -7903.9 -7.3 155 0 24.6 11.4 17.5 3.5 2 0 5 4 4
4183.6 -6536.6 -4.6 247 0 13.6 23.6 14.0 3.5 2 1 4 5 5
4092.5 -8428.4 -6.4 250 0 7.0 35.3 10.5 3.5 4 1 3 5 5
5951.8 -7930.8 -7.3 245 0 11.3 24.9 17.5 3.5 2 1 5 0 0
4529.1 -8306.2 -6.7 254 0 12.0 30.1 17.5 3.5 2 1 5 0 0
4582.2 -5760.6 -4.0 71 0 26.5 37.9 14.0 0.0 0 1 4 2 2
4384.6 -6072.5 -4.1 162 0 36.7 12.9 14.0 3.5 2 0 4 4 4
4542.9 -5491.2 -3.9 249 0 63.2 96.2 14.0 0.0 0 1 4 4 4
4892.9 -6418.6 -4.5 159 0 63.5 37.4 7.5 0.0 0 0 3 3 3
6588.4 -7853.2 -9.0 270 0 12.0 56.5 17.5 3.5 4 1 5 2 2
3436.9 -6264.5 -3.3 247 0 18.1 141.3 17.5 0.0 0 1 5 3 3
4369.9 -6062.3 -4.1 342 0 5.9 37.4 10.5 3.5 2 1 3 5 5
3934.7 -8668.0 -7.6 69 0 24.8 57.1 14.0 3.5 2 1 4 2 2
6756.2 -8081.6 -9.0 0 0 23.7 12.3 17.5 3.5 2 0 5 1 1
5999.8 -7965.1 -7.4 177 0 21.4 12.5 17.5 3.5 4 0 5 4 4
4194.6 -6354.0 -3.7 141 0 48.1 11.5 14.0 3.5 2 0 4 0 0
4518.4 -5691.6 -4.0 162 0 78.2 48.7 14.0 0.0 0 0 4 4 4
3662.5 -6170.5 -4.4 247 0 18.1 136.9 17.5 0.0 0 1 5 1 1
6049.3 -7943.8 -7.4 173 0 22.5 11.7 17.5 3.5 2 0 5 2 2
4115.0 -8488.2 -7.0 340 0 7.5 57.0 10.5 3.5 2 1 3 1 1
4176.2 -6513.6 -4.3 63 0 11.5 44.3 14.0 3.5 4 1 4 4 4
4483.2 -8424.3 -6.5 75 0 11.2 30.1 17.5 3.5 2 1 5 3 3
5087.8 -6270.7 -4.3 249 0 24.5 75.3 17.5 0.0 0 1 5 2 2
4689.8 -5520.1 -3.9 339 0 65.2 75.0 14.0 0.0 0 1 4 3 3
3476.6 -6248.3 -3.5 247 0 36.2 139.6 17.5 0.0 0 1 5 1 1
4556.7 -5783.0 -4.0 71 0 13.7 51.0 14.0 3.5 2 1 4 0 0
5898.7 -8029.9 -7.4 154 0 24.5 12.2 17.5 3.5 2 0 5 2 2
4559.3 -5835.8 -4.0 252 0 24.2 149.4 17.5 0.0 0 1 5 5 5
4036.3 -8441.2 -6.8 340 0 150.5 23.8 14.0 0.0 0 0 4 4 4
6550.9 -7941.4 -9.3 90 0 11.7 56.8 17.5 3.5 2 1 5 3 3
4155.7 -6463.5 -4.0 63 0 18.4 60.5 14.0 3.5 4 1 4 1 1
6584.0 -8039.9 -8.6 244 0 17.8 43.1 17.5 3.5 2 1 5 2 2
4002.8 -8299.4 -6.9 250 0 15.0 24.8 14.0 3.5 2 1 4 0 0
6739.6 -7970.6 -8.1 338 0 22.0 12.8 17.5 3.5 2 0 5 2 2
3538.8 -6221.9 -3.7 247 0 17.6 137.7 17.5 0.0 0 1 5 0 0
3702.4 -6084.4 -4.0 67 0 33.2 94.6 14.0 0.0 0 1 4 1 1
5867.7 -7971.8 -7.3 245 0 11.5 25.5 17.5 0.0 0 1 5 3 3
3925.0 -8335.2 -6.9 250 0 24.1 132.4 14.0 0.0 0 1 4 2 2
5151.4 -6326.8 -4.4 69 0 24.6 75.1 17.5 0.0 0 1 5 5 5
4345.3 -6485.1 -4.3 231 0 19.4 7.7 2.5 2.5 2 0 1 2 2
4444.8 -6169.8 -4.1 334 0 41.2 13.3 14.0 3.5 2 0 4 3 3
5995.2 -7910.5 -7.3 246 0 11.3 24.6 17.5 3.5 2 1 5 2 2
4099.8 -6333.8 -3.7 242 0 80.5 13.6 14.0 3.5 4 0 4 2 2
5930.2 -8072.8 -7.5 155 0 24.8 11.7 17.5 3.5 4 0 5 4 4
6626.0 -8021.6 -9.3 270 0 14.6 33.8 17.5 0.0 0 1 5 2 2
5910.6 -7950.2 -7.3 245 0 12.0 25.2 17.5 3.5 2 1 5 4 4
4576.4 -8399.6 -6.6 74 0 10.0 28.0 10.5 3.5 2 1 3 2 2
5766.4 -6634.9 -5.7 159 0 41.5 153.8 17.5 0.0 0 1 5 3 3
4314.7 -6086.3 -4.1 72 0 35.2 6.8 10.5 3.5 2 0 3 1 1
4387.8 -5322.7 -3.8 72 0 18.0 161.7 17.5 0.0 0 1 5 2 2
3869.7 -9041.3 -6.6 81 0 10.8 35.6 14.0 3.5 2 1 4 5 5
6045.3 -8197.1 -7.8 65 0 11.6 24.9 14.0 3.5 2 1 4 3 3
5006.6 -6467.3 -5.1 69 0 68.7 37.4 15.0 0.0 0 0 6 1 1
3934.5 -8942.4 -7.2 334 0 13.8 15.4 14.0 3.5 2 1 4 4 4
3693.0 -6156.9 -4.5 247 0 18.4 144.1 17.5 0.0 0 1 5 5 5
4797.4 -6143.9 -4.2 71 0 21.2 77.9 17.5 0.0 0 1 5 5 5
6026.7 -8126.1 -7.6 175 0 21.9 12.3 14.0 3.5 2 0 4 3 3
3907.2 -8324.2 -6.9 160 0 18.7 6.2 10.5 3.5 2 0 3 0 0
6052.2 -7985.4 -7.5 183 0 21.5 12.5 17.5 3.5 2 0 5 1 1
4642.6 -5418.0 -3.9 72 0 22.4 9.3 10.5 3.5 2 0 3 1 1
4446.0 -6201.8 -4.1 162 0 6.6 13.4 10.5 3.5 2 1 3 0 0
5362.6 -6658.1 -5.2 68 0 45.8 27.7 14.0 0.0 0 0 4 1 1
3685.3 -5887.6 -3.8 340 0 18.1 102.2 14.0 0.0 0 1 4 1 1
6626.3 -7978.7 -9.4 270 0 14.6 33.9 17.5 3.5 2 1 5 0 0
3836.2 -8958.3 -7.2 260 0 10.0 35.8 10.5 3.5 2 1 3 3 3
4430.4 -8438.8 -6.5 75 0 10.4 45.7 17.5 3.5 2 1 5 2 2
3724.0 -6143.6 -4.3 247 0 17.8 143.7 17.5 0.0 0 1 5 1 1
3596.1 -6141.8 -4.4 67 0 18.2 131.2 14.0 0.0 0 1 4 5 5
4964.4 -6356.9 -4.4 249 0 69.9 63.1 15.0 0.0 0 0 6 3 3
4063.8 -8623.3 -7.8 69 0 11.8 90.5 14.0 3.5 2 1 4 3 3
3534.7 -6168.1 -4.3 67 0 18.3 120.6 14.0 0.0 0 1 4 0 0
6721.1 -7922.3 -8.0 342 0 32.6 15.5 17.5 3.5 2 0 5 3 3
3914.7 -8359.8 -6.7 251 0 10.3 10.7 14.0 3.5 2 1 4 0 0
3503.6 -6180.3 -4.1 67 0 18.4 120.4 14.0 0.0 0 1 4 3 3
4744.9 -5162.9 -3.8 250 0 21.9 96.5 14.0 0.0 0 1 4 2 2
4420.1 -8378.8 -6.6 75 0 11.6 39.6 17.5 3.5 2 1 5 5 5
5944.6 -8020.7 -7.4 189 0 21.9 12.9 17.5 3.5 2 0 5 4 4
3569.4 -6208.5 -3.9 247 0 18.1 138.5 17.5 0.0 0 1 5 3 3
3742.0 -6081.0 -4.0 67 0 21.6 135.8 14.0 0.0 0 1 4 3 3
5016.7 -5853.7 -4.1 159 0 22.1 8.4 10.5 3.5 2 0 3 3 3
3755.1 -6130.8 -4.1 247 0 18.1 137.4 17.5 0.0 0 1 5 0 0
3565.5 -6154.9 -4.4 67 0 18.5 131.2 14.0 0.0 0 1 4 5 5
5161.9 -6000.1 -4.3 69 0 102.3 19.0 17.5 0.0 0 0 5 1 1
5817.4 -6683.3 -5.8 68 0 68.1 31.1 17.5 0.0 0 0 5 0 0
4128.9 -6404.9 -3.4 150 0 5.5 12.7 10.5 3.5 2 1 3 2 2
4744.2 -5125.2 -3.9 101 0 24.5 157.1 14.0 0.0 0 1 4 0 0
219.8 -10722.7 -7.0 86 0 10.0 65.6 14.0 3.5 2 1 4 1 1
159.5 -10727.1 -7.2 86 0 10.8 65.3 14.0 3.5 2 1 4 2 2
0.5 -10644.8 -7.6 271 0 13.7 42.8 14.0 3.5 2 1 4 1 1
179.2 -10582.0 -6.6 266 0 10.8 66.2 14.0 3.5 2 1 4 1 1
118.1 -10586.2 -6.8 266 0 10.5 65.9 14.0 3.5 2 1 4 5 5
-35.6 -10696.3 -7.7 90 0 13.8 47.7 14.0 3.5 2 1 4 4 4
189.4 -10725.4 -7.1 86 0 10.2 66.1 14.0 3.5 2 1 4 2 2
97.8 -10684.9 -7.2 176 0 33.9 12.6 14.0 3.5 2 0 4 4 4
-74.4 -10567.7 -7.6 270 0 13.8 60.4 14.0 3.5 4 1 4 5 5
250.5 -10720.4 -7.1 86 0 10.2 65.7 14.0 3.5 2 1 4 4 4
128.6 -10729.5 -7.3 86 0 10.6 66.0 14.0 3.5 2 1 4 1 1
148.3 -10583.9 -6.7 266 0 10.2 66.6 14.0 3.5 2 1 4 4 4
184.2 -10806.3 -7.6 86 0 10.1 65.4 14.0 3.5 2 1 4 0 0
240.3 -10583.6 -6.5 265 0 10.6 59.9 14.0 3.5 2 1 4 4 4
215.1 -10804.3 -7.5 86 0 10.4 65.8 14.0 3.5 2 1 4 4 4
276.7 -10574.9 -6.5 266 0 10.6 65.6 14.0 3.5 4 1 4 1 1
-71.3 -10698.4 -7.8 90 0 13.7 58.3 14.0 3.5 2 1 4 3 3
5886.4 6357.3 -5.5 116 0 29.3 78.2 14.0 0.0 0 1 4 0 0
5817.6 6347.2 -5.6 206 0 54.5 29.1 14.0 0.0 0 0 4 1 1
5923.8 6339.3 -5.7 117 0 25.8 78.8 14.0 0.0 0 1 4 3 3
5996.1 6364.0 -6.0 27 0 47.9 25.8 14.0 0.0 0 0 4 5 5
5851.2 6418.2 -5.4 206 0 78.3 29.5 14.0 0.0 0 0 4 0 0
1411.4 6336.2 -2.6 279 0 23.5 72.6 14.0 0.0 0 1 4 2 2
1313.2 6100.9 -2.5 99 0 28.7 79.6 14.0 0.0 0 1 4 0 0
1355.9 6604.9 -3.4 98 0 59.5 19.7 14.0 3.5 2 0 4 2 2
889.6 6643.4 -3.0 279 0 43.0 31.4 10.5 0.0 0 0 3 5 5
900.4 6472.3 -3.4 287 0 67.4 12.0 14.0 3.5 2 0 4 5 5
3227.5 6256.6 -4.9 259 0 50.1 73.2 14.0 0.0 0 1 4 0 0
1029.6 6510.6 -2.6 106 0 41.4 14.6 14.0 3.5 2 0 4 3 3
1200.0 6432.6 -2.7 10 0 11.7 8.8 10.5 3.5 4 0 3 2 2
2454.1 5789.3 -3.2 185 0 102.0 24.8 14.0 0.0 0 0 4 4 4
903.6 6679.3 -3.7 98 0 59.7 19.7 14.0 3.5 2 0 4 0 0
2121.5 6633.4 -4.4 93 0 24.5 99.2 14.0 0.0 0 1 4 2 2
1241.5 6296.6 -2.3 190 0 13.7 39.3 14.0 3.5 2 1 4 1 1
973.6 6669.7 -3.6 99 0 60.6 20.4 14.0 3.5 2 0 4 0 0
852.0 6369.0 -2.5 101 0 11.3 41.7 14.0 3.5 2 1 4 0 0
1601.0 6530.8 -3.3 9 0 21.1 95.5 14.0 0.0 0 1 4 3 3
1059.4 6386.5 -2.6 105 0 17.7 21.1 14.0 3.5 2 1 4 5 5
2213.0 5201.5 -2.8 11 0 7.2 15.9 10.5 3.5 2 1 3 5 5
1429.2 6081.0 -2.6 100 0 33.2 79.8 14.0 0.0 0 1 4 3 3
854.0 6555.4 -2.8 188 0 22.3 90.3 14.0 0.0 0 1 4 3 3
1942.1 6572.6 -3.3 12 0 42.2 14.3 14.0 3.5 2 0 4 5 5
1176.0 6589.5 -2.9 279 0 79.3 21.1 10.5 0.0 0 0 3 2 2
1698.4 6206.1 -3.3 187 0 176.1 48.5 14.0 0.0 0 0 4 4 4
1480.3 6326.8 -2.6 278 0 23.2 72.9 14.0 0.0 0 1 4 5 5
1352.1 6094.3 -2.5 100 0 29.6 79.2 14.0 0.0 0 1 4 0 0
1460.8 6053.4 -2.7 104 0 13.9 8.7 10.5 3.5 2 0 3 2 2
2369.0 5735.3 -3.1 185 0 50.4 60.6 14.0 0.0 0 1 4 0 0
2112.3 6311.1 -3.6 96 0 7.8 33.9 10.5 3.5 2 1 3 5 5
1265.8 6278.0 -2.6 279 0 23.4 73.3 14.0 0.0 0 1 4 4 4
1169.9 6132.3 -2.4 100 0 23.4 71.6 14.0 0.0 0 1 4 3 3
1484.3 6054.0 -2.7 12 0 4.8 15.0 10.5 3.5 2 1 3 2 2
803.2 6378.6 -3.2 102 0 9.0 82.5 10.5 3.5 2 1 3 5 5
2289.7 6111.8 -3.7 277 0 105.7 102.7 14.0 0.0 0 0 4 5 5
1911.6 6634.7 -3.7 94 0 47.3 66.5 10.5 0.0 0 1 3 4 4
3155.1 6251.5 -4.6 259 0 18.7 101.6 14.0 0.0 0 1 4 1 1
911.5 6725.1 -4.2 278 0 63.0 17.7 14.0 3.5 4 0 4 1 1
1272.6 6515.6 -2.7 99 0 84.9 22.7 14.0 0.0 0 0 4 0 0
1919.5 6461.1 -3.3 11 0 35.7 13.6 14.0 3.5 2 0 4 5 5
1144.4 6319.4 -2.2 190 0 19.2 8.2 10.5 3.5 4 0 3 2 2
1043.3 6660.8 -3.5 99 0 62.5 18.1 14.0 3.5 2 0 4 2 2
1132.0 6455.2 -2.9 284 0 37.3 9.8 10.5 3.5 2 0 3 0 0
2443.3 5869.7 -3.9 6 0 30.3 143.5 14.0 0.0 0 1 4 5 5
1293.5 6502.7 -2.6 279 0 128.7 55.8 14.0 0.0 0 0 4 0 0
1908.5 6404.7 -3.3 12 0 41.4 15.2 14.0 3.5 2 0 4 4 4
1467.2 6203.5 -2.6 9 0 67.3 31.8 14.0 0.0 0 0 4 4 4
1286.1 6572.3 -2.9 279 0 77.5 20.8 14.0 0.0 0 0 4 3 3
827.2 6374.6 -2.5 102 0 11.9 41.5 14.0 3.5 2 1 4 0 0
2162.8 6773.1 -4.3 186 0 176.0 72.4 14.0 0.0 0 0 4 3 3
1562.5 6412.1 -2.0 189 0 6.0 8.9 10.5 3.5 2 1 3 2 2
2179.5 6321.6 -3.7 96 0 47.9 16.3 14.0 3.5 2 0 4 1 1
1043.3 6824.6 -5.2 197 0 29.7 11.2 7.5 2.5 4 0 3 1 1
1136.0 6138.3 -2.4 100 0 23.2 71.6 14.0 0.0 0 1 4 3 3
1544.7 6440.4 -2.1 9 0 20.7 13.3 14.0 3.5 2 0 4 0 0
1277.0 6112.9 -2.5 100 0 29.3 73.4 14.0 0.0 0 1 4 0 0
1875.9 6578.9 -3.3 192 0 48.0 30.1 14.0 0.0 0 0 4 1 1
783.3 6590.9 -2.9 101 0 11.8 67.0 14.0 3.5 2 1 4 1 1
1336.2 6506.8 -2.8 99 0 21.8 47.6 14.0 3.5 4 1 4 3 3
1230.9 6282.9 -2.6 279 0 23.5 72.5 14.0 0.0 0 1 4 3 3
1930.8 6516.1 -3.3 11 0 35.7 13.5 14.0 0.0 0 0 4 2 2
1191.7 6322.9 -2.3 9 0 12.7 31.9 14.0 3.5 2 1 4 5 5
1117.8 6527.4 -2.7 278 0 8.7 50.9 10.5 3.5 2 1 3 5 5
1128.8 6325.0 -2.2 190 0 20.3 5.7 10.5 3.5 2 0 3 1 1
1842.4 6420.4 -3.3 192 0 55.0 30.2 14.0 0.0 0 0 4 0 0
1434.8 6480.3 -2.5 279 0 127.1 54.9 14.0 0.0 0 0 4 2 2
1189.3 6431.4 -2.8 14 0 8.0 33.1 10.5 3.5 2 1 3 3 3
2118.3 5873.2 -3.7 97 0 278.9 61.0 14.0 0.0 0 0 4 3 3
1004.2 6625.8 -3.0 279 0 128.8 31.7 10.5 0.0 0 0 3 5 5
1560.7 6401.2 -1.9 189 0 13.4 9.2 10.5 3.5 2 0 3 2 2
1248.1 6653.6 -3.7 9 0 31.2 103.9 14.0 0.0 0 1 4 5 5
1208.6 5349.9 -2.1 293 0 13.9 54.0 12.5 2.5 2 1 5 4 4
1064.4 6833.8 -5.2 288 0 9.3 29.8 7.5 2.5 2 1 3 1 1
1359.1 6632.6 -3.4 98 0 59.9 18.9 14.0 3.5 2 0 4 2 2
1378.8 6251.9 -2.6 279 0 29.1 67.0 14.0 0.0 0 1 4 5 5
1859.6 6500.9 -3.3 192 0 92.8 31.0 14.0 0.0 0 0 4 0 0
1226.9 5342.4 -2.1 293 0 13.4 54.5 10.0 2.5 4 1 4 2 2
1162.6 6295.3 -2.6 280 0 23.6 73.4 14.0 0.0 0 1 4 4 4
1342.0 6345.6 -2.6 279 0 23.3 71.5 14.0 0.0 0 1 4 1 1
1283.1 6235.0 -2.6 189 0 67.2 28.8 14.0 0.0 0 0 4 3 3
1312.9 6583.7 -3.4 99 0 127.0 26.1 14.0 0.0 0 0 4 3 3
1199.8 6361.8 -2.5 11 0 22.0 47.3 14.0 3.5 2 1 4 3 3
1931.7 5933.7 -3.6 193 0 11.8 21.1 14.0 3.5 2 1 4 3 3
1033.9 6707.6 -4.0 278 0 34.0 17.8 14.0 0.0 0 0 4 2 2
1500.9 6481.5 -2.8 99 0 6.7 36.3 10.5 3.5 2 1 3 4 4
1605.1 6578.9 -3.4 8 0 20.1 95.0 14.0 0.0 0 1 4 4 4
1431.7 6491.5 -2.8 99 0 116.9 40.4 14.0 0.0 0 0 4 3 3
1424.5 6210.9 -2.6 9 0 66.8 29.0 14.0 0.0 0 0 4 0 0
1418.3 6635.8 -3.3 188 0 21.3 77.9 14.0 0.0 0 1 4 3 3
2268.0 6320.4 -3.8 7 0 15.5 29.0 14.0 3.5 2 1 4 2 2
1387.2 6564.8 -3.3 188 0 28.0 112.6 14.0 0.0 0 1 4 4 4
1376.8 6340.9 -2.6 279 0 23.4 71.7 14.0 0.0 0 1 4 1 1
1339.1 6259.3 -2.6 279 0 28.9 66.9 14.0 0.0 0 1 4 3 3
1937.6 6273.7 -3.7 277 0 97.1 218.4 14.0 0.0 0 1 4 5 5
2121.9 5207.4 -2.7 99 0 40.4 49.5 14.0 0.0 0 1 4 3 3
1261.9 6629.1 -3.4 189 0 20.5 53.7 14.0 3.5 4 1 4 0 0
1004.3 6641.3 -3.4 98 0 274.5 17.0 14.0 0.0 0 0 4 0 0
2827.1 5718.0 -3.8 196 0 50.2 201.7 10.0 0.0 0 1 4 4 4
1567.3 6441.3 -2.3 189 0 31.4 9.7 10.5 3.5 2 0 3 2 2
1239.4 6120.1 -2.5 100 0 23.9 72.6 14.0 0.0 0 1 4 3 3
859.4 6672.3 -3.4 8 0 16.8 30.6 14.0 0.0 0 1 4 5 5
980.3 6715.3 -4.1 278 0 63.0 17.9 14.0 3.5 2 0 4 1 1
2128.7 6752.6 -4.7 93 0 28.5 99.2 14.0 0.0 0 1 4 5 5
1161.7 6520.5 -2.7 280 0 50.7 50.6 14.0 0.0 0 0 4 5 5
1144.8 6387.9 -2.6 280 0 10.7 11.7 14.0 3.5 2 1 4 5 5
877.6 6363.6 -3.0 102 0 10.9 82.6 14.0 3.5 2 1 4 1 1
1566.8 6614.6 -3.2 8 0 22.0 49.9 14.0 3.5 2 1 4 3 3
1008.7 6555.2 -2.8 98 0 98.2 23.1 10.5 0.0 0 0 3 4 4
3374.7 5974.6 -4.3 150 0 5.1 30.3 5.0 2.5 2 1 2 5 5
2161.1 5151.0 -2.0 189 0 13.0 35.3 14.0 3.5 2 1 4 5 5
1804.1 5200.4 -2.3 99 0 45.1 95.0 10.0 0.0 0 1 4 4 4
3455.8 5983.9 -4.4 344 0 10.6 21.9 5.0 2.5 2 1 2 0 0
1551.0 6472.7 -2.7 98 0 29.1 12.3 14.0 3.5 2 0 4 2 2
1204.5 6126.6 -2.5 100 0 23.4 72.1 14.0 0.0 0 1 4 3 3
1264.8 6656.5 -3.5 188 0 20.3 53.6 14.0 3.5 2 1 4 3 3
1821.5 6288.3 -3.6 278 0 96.3 216.7 14.0 0.0 0 1 4 0 0
1879.5 6293.1 -3.4 186 0 7.8 107.0 10.5 3.5 2 1 3 3 3
1115.2 6236.0 -2.5 191 0 49.2 18.4 14.0 3.5 4 0 4 2 2
2020.2 5544.6 -2.8 195 0 23.5 158.6 14.0 0.0 0 1 4 1 1
1164.5 6531.8 -2.8 98 0 97.9 23.3 10.5 0.0 0 0 3 1 1
859.8 6588.8 -2.8 188 0 23.7 89.7 10.5 0.0 0 1 3 5 5
916.6 6396.5 -3.0 12 0 82.4 11.0 14.0 3.5 2 0 4 2 2
1890.7 5954.1 -3.8 103 0 104.1 14.5 14.0 3.5 2 0 4 1 1
991.8 6545.8 -2.7 279 0 36.0 8.1 10.5 3.5 2 0 3 4 4
2376.0 5810.3 -3.1 185 0 50.6 59.8 14.0 0.0 0 1 4 3 3
2102.0 5665.8 -2.8 285 0 123.0 12.7 14.0 3.5 2 0 4 2 2
1055.5 6422.8 -3.0 286 0 51.0 11.4 14.0 3.5 2 0 4 4 4
2211.8 5136.9 -2.8 106 0 8.8 90.5 10.5 0.0 0 1 3 0 0
2229.5 5630.8 -2.9 285 0 121.4 12.9 14.0 0.0 0 0 4 4 4
3405.1 5960.9 -4.3 70 0 55.2 18.9 10.0 2.5 2 0 4 0 0
1388.9 6088.2 -2.5 100 0 28.7 79.4 14.0 0.0 0 1 4 0 0
1402.0 6607.9 -3.4 188 0 20.3 89.4 14.0 0.0 0 1 4 4 4
1195.1 6337.7 -2.4 10 0 10.0 49.5 10.5 3.5 4 1 3 0 0
2191.9 5404.4 -3.0 185 0 207.3 80.8 14.0 0.0 0 0 4 4 4
1900.2 5976.8 -3.8 97 0 167.6 60.6 14.0 0.0 0 0 4 3 3
2303.2 5235.4 -3.0 95 0 48.8 262.2 14.0 0.0 0 1 4 3 3
1389.2 6589.4 -3.4 188 0 18.5 162.6 14.0 0.0 0 1 4 0 0
1331.0 5819.4 -3.5 90 0 11.1 28.0 14.0 3.5 2 1 4 3 3
1385.1 5954.4 -3.3 360 0 20.1 15.9 14.0 3.5 2 0 4 5 5
1293.3 5704.8 -3.6 32 0 15.0 23.7 14.0 3.5 2 1 4 5 5
1404.7 6005.1 -3.4 2 0 20.1 16.0 14.0 3.5 2 0 4 4 4
1175.4 5962.0 -3.2 91 0 11.6 33.0 14.0 3.5 2 1 4 2 2
1265.1 5773.4 -3.1 1 0 23.0 18.1 14.0 3.5 2 0 4 2 2
6126.8 6770.8 -6.3 337 0 11.7 27.5 10.5 3.5 2 1 3 2 2
2469.5 5999.4 -4.1 7 0 179.6 75.7 14.0 0.0 0 0 4 4 4
5552.6 6893.4 -7.5 307 0 53.9 23.1 7.5 2.5 2 0 3 0 0
6147.6 6374.0 -6.3 116 0 15.2 47.5 14.0 3.5 2 1 4 4 4
6360.6 6698.7 -6.8 229 0 16.8 31.6 14.0 3.5 2 1 4 0 0
6135.8 6522.2 -6.7 296 0 15.4 66.8 14.0 3.5 2 1 4 0 0
2678.3 8274.9 -8.5 339 0 57.9 38.6 7.5 0.0 0 0 3 5 5
6223.1 6472.5 -5.7 296 0 15.3 59.9 14.0 3.5 2 1 4 5 5
1661.5 7122.8 -4.1 279 0 32.9 59.7 10.5 0.0 0 1 3 3 3
2129.2 6422.8 -3.7 186 0 120.6 36.2 14.0 0.0 0 0 4 1 1
2554.7 5612.0 -3.3 105 0 37.3 95.6 14.0 0.0 0 1 4 1 1
2604.6 6539.2 -4.9 267 0 25.7 67.8 7.5 0.0 0 1 3 3 3
5507.7 6833.7 -7.6 161 0 16.8 47.1 10.0 2.5 2 1 4 0 0
6120.2 6789.5 -6.4 334 0 7.8 37.7 10.5 3.5 4 1 3 0 0
2999.1 6525.9 -4.6 84 0 9.5 29.6 10.5 3.5 4 1 3 3 3
2352.7 5923.4 -3.9 97 0 29.4 101.6 14.0 0.0 0 1 4 5 5
1713.6 7114.6 -4.2 280 0 32.2 59.9 10.5 0.0 0 1 3 2 2
2133.1 6250.7 -3.8 278 0 210.5 219.1 14.0 0.0 0 1 4 2 2
2548.1 5589.1 -3.3 106 0 36.6 13.8 14.0 3.5 4 0 4 4 4
2995.7 6615.6 -4.7 165 0 14.5 10.5 14.0 3.5 2 0 4 5 5
2217.4 6413.1 -3.7 6 0 121.3 36.9 14.0 0.0 0 0 4 3 3
6144.8 6746.1 -6.4 244 0 24.5 9.9 10.5 3.5 2 0 3 5 5
5997.9 6639.0 -6.1 237 0 7.4 14.7 10.5 3.5 2 1 3 3 3
6089.6 6691.6 -6.7 68 0 22.2 99.5 10.5 0.0 0 1 3 4 4
2593.9 5809.1 -3.4 286 0 67.9 70.4 14.0 0.0 0 1 4 2 2
1665.7 7137.8 -3.9 98 0 32.2 59.9 14.0 0.0 0 1 4 2 2
6038.4 6478.6 -6.2 296 0 26.2 78.9 14.0 0.0 0 1 4 1 1
1627.1 7143.8 -3.9 99 0 16.8 59.9 14.0 0.0 0 1 4 1 1
6280.6 6715.8 -7.2 321 0 29.2 32.2 10.5 0.0 0 1 3 1 1
6066.8 6379.2 -6.6 115 0 15.6 77.5 14.0 3.5 4 1 4 0 0
6100.7 6538.5 -6.7 296 0 16.2 66.2 14.0 3.5 2 1 4 5 5
2614.8 5587.0 -3.4 105 0 60.6 90.3 14.0 0.0 0 1 4 4 4
6001.9 6496.3 -6.1 296 0 26.1 78.1 14.0 0.0 0 1 4 2 2
2993.2 6596.3 -4.6 344 0 57.8 30.9 14.0 0.0 0 0 4 5 5
6200.8 6483.6 -5.5 297 0 16.1 60.2 14.0 3.5 2 1 4 0 0
6125.3 6739.6 -6.1 335 0 24.3 14.3 10.5 3.5 2 0 3 3 3
6491.6 6779.6 -7.2 319 0 7.3 33.3 10.5 3.5 2 1 3 4 4
2662.5 5549.9 -3.5 106 0 183.0 11.8 14.0 0.0 0 0 4 0 0
6055.3 6816.0 -6.7 265 0 13.0 17.8 10.5 3.5 2 1 3 0 0
2992.7 6366.2 -5.5 174 0 60.6 18.6 10.0 2.5 2 0 4 3 3
5991.5 6755.6 -6.8 168 0 22.3 50.0 10.5 3.5 2 1 3 0 0
6089.0 6368.0 -6.5 116 0 15.2 77.5 14.0 3.5 2 1 4 0 0
6127.1 6792.5 -7.0 160 0 7.0 46.5 10.5 3.5 4 1 3 1 1
6177.5 6494.1 -6.1 297 0 16.8 59.3 14.0 3.5 2 1 4 5 5
1715.8 7128.9 -4.0 99 0 33.1 59.5 14.0 0.0 0 1 4 3 3
5948.3 6482.2 -5.7 296 0 28.6 42.1 14.0 0.0 0 1 4 3 3
6446.4 6792.7 -7.0 229 0 14.5 29.9 14.0 3.5 2 1 4 5 5
6143.9 6723.8 -7.2 237 0 144.3 15.3 10.5 0.0 0 0 3 3 3
6005.9 6719.8 -6.7 152 0 25.4 48.6 10.5 0.0 0 1 3 5 5
2632.1 5736.0 -3.4 15 0 72.4 12.4 14.0 3.5 2 0 4 5 5
2566.8 7417.4 -5.9 168 0 36.0 16.7 14.0 3.5 2 0 4 4 4
2310.8 6473.5 -4.3 186 0 46.9 132.6 10.5 0.0 0 1 3 5 5
2317.0 6521.4 -4.5 186 0 30.1 132.2 10.5 0.0 0 1 3 3 3
6262.0 6417.9 -6.0 26 0 54.1 14.9 14.0 3.5 2 0 4 2 2
2750.2 7843.8 -5.9 335 0 60.7 17.5 10.0 2.5 2 0 4 4 4
6112.4 6357.2 -6.5 116 0 14.5 77.2 14.0 3.5 2 1 4 4 4
2357.7 5905.0 -3.9 97 0 47.6 8.2 10.5 3.5 4 0 3 2 2
6337.1 6696.9 -6.9 229 0 19.3 47.9 14.0 3.5 2 1 4 5 5
2436.8 6621.5 -4.1 87 0 198.9 49.0 10.5 0.0 0 0 3 5 5
6158.1 6510.3 -6.6 296 0 16.3 65.7 14.0 3.5 2 1 4 5 5
2593.6 7368.7 -5.2 172 0 12.5 28.4 14.0 3.5 2 1 4 5 5
6245.4 6459.2 -5.9 296 0 14.3 57.1 14.0 3.5 2 1 4 3 3
6108.0 6795.6 -6.6 356 0 12.9 43.4 10.5 3.5 2 1 3 2 2
6403.7 6746.0 -6.9 228 0 94.8 42.1 14.0 0.0 0 0 4 0 0
-1844.9 9063.1 -7.5 184 0 43.3 10.5 14.0 3.5 2 0 4 1 1
-1514.5 9011.9 -7.2 2 0 32.6 10.9 14.0 3.5 2 0 4 1 1
-2029.1 8899.6 -7.1 18 0 76.9 12.4 10.5 3.5 2 0 3 0 0
-1849.1 9004.1 -7.2 184 0 46.5 11.3 14.0 3.5 2 0 4 1 1
-1607.2 8978.2 -7.1 94 0 11.0 32.2 14.0 3.5 2 1 4 0 0
-1754.9 9135.8 -7.5 274 0 11.8 63.5 14.0 3.5 4 1 4 0 0
-1794.2 9139.9 -7.5 274 0 11.3 62.8 14.0 0.0 0 1 4 5 5
-1765.5 8984.5 -7.3 94 0 11.3 62.9 14.0 3.5 2 1 4 1 1
-1833.2 9160.4 -7.5 274 0 11.7 63.4 14.0 3.5 2 1 4 0 0
-1564.2 9135.0 -7.0 273 0 11.2 32.3 14.0 3.5 2 1 4 1 1
-1613.5 9144.2 -6.8 227 0 11.3 13.7 10.5 3.5 4 1 3 3 3
-1926.5 8876.8 -6.9 98 0 11.1 42.4 14.0 3.5 2 1 4 5 5
-1644.4 9065.4 -7.3 287 0 11.3 32.8 10.5 0.0 0 1 3 1 1
-1655.0 9001.8 -7.2 7 0 32.8 10.9 10.5 3.5 2 0 3 5 5
-1599.7 9085.2 -7.2 183 0 8.9 5.6 10.5 3.5 2 0 3 1 1
-1871.5 9181.7 -7.4 274 0 11.4 62.8 14.0 3.5 2 1 4 3 3
-1511.5 9073.8 -7.2 3 0 33.0 11.6 14.0 3.5 2 0 4 5 5
-2062.3 8790.5 -7.1 18 0 76.8 12.9 10.5 3.5 2 0 3 4 4
-1441.1 8926.4 -7.0 183 0 51.7 27.9 14.0 0.0 0 0 4 1 1
-1634.8 9098.3 -7.2 207 0 32.3 11.0 14.0 3.5 2 0 4 0 0
-1806.6 8982.8 -7.2 94 0 11.7 46.8 14.0 3.5 2 1 4 2 2
-1282.6 8905.5 -6.9 3 0 21.7 97.4 14.0 0.0 0 1 4 3 3
-1550.9 9001.5 -7.1 2 0 11.6 36.8 14.0 3.5 2 1 4 1 1
4395.1 -9776.1 -9.7 61 0 13.0 64.3 17.5 3.5 2 1 5 3 3
4597.9 -10671.6 -12.2 232 0 16.3 47.5 17.5 3.5 2 1 5 3 3
4341.5 -9691.1 -9.5 61 0 11.9 47.6 17.5 3.5 2 1 5 0 0
4293.7 -9974.4 -9.9 60 0 12.4 76.2 17.5 3.5 2 1 5 0 0
4235.8 -9943.7 -10.2 240 0 12.6 66.0 17.5 3.5 2 1 5 1 1
4130.5 -10118.3 -9.3 60 0 11.9 53.3 17.5 0.0 0 1 5 1 1
4192.9 -10081.5 -10.0 60 0 12.5 60.7 17.5 3.5 2 1 5 5 5
4277.4 -9710.6 -9.5 62 0 12.0 47.3 17.5 3.5 2 1 5 5 5
4072.8 -10089.6 -8.9 240 0 11.4 41.5 17.5 3.5 2 1 5 3 3
4522.3 -10678.3 -12.1 323 0 14.4 81.0 17.5 3.5 2 1 5 3 3
4561.6 -10673.9 -12.1 232 0 21.6 68.0 17.5 3.5 2 1 5 3 3
4161.9 -10100.6 -9.6 60 0 12.8 55.5 17.5 3.5 2 1 5 0 0
4332.3 -9070.3 -8.6 255 0 11.7 29.3 17.5 3.5 4 1 5 3 3
4220.6 -10062.6 -10.3 61 0 10.9 65.7 17.5 3.5 2 1 5 4 4
4595.3 -10643.3 -12.1 232 0 45.2 18.4 17.5 3.5 2 0 5 1 1
4366.4 -9668.6 -9.5 61 0 12.1 32.3 17.5 3.5 2 1 5 1 1
4446.9 -9726.5 -9.7 61 0 11.5 65.2 17.5 3.5 2 1 5 2 2
4371.6 -9804.5 -9.7 60 0 12.7 64.5 17.5 3.5 2 1 5 4 4
4317.1 -9713.9 -9.5 61 0 12.7 62.6 17.5 3.5 2 1 5 3 3
4297.3 -9815.4 -9.6 240 0 13.3 60.6 17.5 3.5 2 1 5 0 0
4494.3 -9653.5 -9.7 330 0 61.1 13.2 17.5 3.5 2 0 5 2 2
4421.1 -9749.1 -9.7 60 0 12.4 65.1 17.5 3.5 2 1 5 0 0
4298.9 -9077.6 -8.6 254 0 11.0 30.7 17.5 3.5 2 1 5 0 0
4317.7 -9780.7 -9.6 240 0 12.3 64.1 17.5 3.5 2 1 5 5 5
4316.0 -9920.1 -9.7 60 0 11.7 76.3 17.5 3.5 2 1 5 5 5
4212.7 -9975.7 -10.1 240 0 11.9 61.1 17.5 0.0 0 1 5 3 3
4472.9 -9703.3 -9.7 60 0 11.1 61.6 17.5 3.5 2 1 5 3 3
1110.0 -7536.5 -3.3 272 0 13.2 24.7 17.5 3.5 2 1 5 3 3
1149.0 -7517.4 -3.1 272 0 12.9 28.1 17.5 3.5 2 1 5 5 5
1227.9 -7495.9 -3.0 272 0 12.9 28.1 17.5 3.5 2 1 5 4 4
1233.9 -7558.3 -3.1 1 0 39.2 13.2 17.5 0.0 0 0 5 4 4
1188.0 -7536.5 -3.1 271 0 13.2 39.1 17.5 3.5 2 1 5 5 5
1147.7 -7596.9 -3.3 91 0 13.2 39.1 17.5 3.5 2 1 5 4 4
1266.5 -7690.8 -4.3 53 0 16.5 39.0 17.5 3.5 2 1 5 2 2
4360.4 -9309.9 -9.3 240 0 14.6 20.3 17.5 3.5 2 1 5 0 0
4343.7 -9108.1 -8.7 254 0 12.1 29.6 17.5 3.5 2 1 5 3 3
4213.0 -9649.3 -9.3 60 0 11.5 65.6 14.0 3.5 2 1 4 3 3
4369.7 -9213.8 -9.2 73 0 11.6 18.6 17.5 3.5 2 1 5 3 3
4474.2 -9147.0 -9.3 240 0 13.9 51.2 17.5 3.5 2 1 5 4 4
222.7 -3147.4 1.2 293 0 52.1 36.5 7.5 0.0 0 0 3 4 4
4494.3 -9565.8 -9.7 60 0 12.6 50.1 17.5 3.5 2 1 5 5 5
4430.3 -9487.4 -9.5 150 0 75.7 13.1 17.5 3.5 2 0 5 4 4
2569.6 -6432.3 -7.4 166 0 79.3 30.7 17.5 0.0 0 0 5 5 5
4509.3 -9136.2 -9.3 242 0 14.2 50.8 17.5 3.5 2 1 5 3 3
4408.0 -9507.1 -9.5 330 0 45.4 12.0 14.0 3.5 2 0 4 1 1
4411.1 -9247.1 -9.3 240 0 14.4 38.2 17.5 3.5 2 1 5 5 5
4738.7 -10674.6 -11.6 122 0 14.3 27.9 14.0 3.5 2 1 4 0 0
4386.7 -9280.3 -9.3 241 0 13.2 25.8 17.5 3.5 4 1 5 4 4
4355.1 -9187.0 -9.0 75 0 12.6 36.8 17.5 3.5 4 1 5 0 0
4450.3 -9591.4 -9.6 60 0 12.3 61.3 14.0 3.5 4 1 4 3 3
2753.3 -6388.2 -6.4 346 0 25.2 9.5 10.5 3.5 2 0 3 4 4
4370.3 -9342.7 -9.3 240 0 13.2 75.3 17.5 3.5 2 1 5 2 2
4459.9 -9279.7 -9.4 241 0 14.2 50.6 17.5 3.5 2 1 5 4 4
4781.1 -10636.8 -11.0 33 0 25.0 128.1 14.0 0.0 0 1 4 0 0
4485.9 -9250.6 -9.4 240 0 13.1 75.6 17.5 3.5 2 1 5 2 2
2920.2 -6165.2 -5.8 252 0 11.2 95.4 10.0 2.5 2 1 4 5 5
4170.5 -9488.3 -9.1 241 0 11.8 84.4 14.0 3.5 2 1 4 3 3
291.0 -8004.4 -3.9 54 0 20.6 43.2 7.5 2.5 4 1 3 3 3
4198.4 -9472.0 -9.1 241 0 11.3 77.3 14.0 3.5 2 1 4 0 0
4316.3 -9631.0 -9.5 60 0 11.4 77.8 14.0 3.5 4 1 4 3 3
4302.7 -9456.7 -9.3 240 0 10.9 66.0 14.0 0.0 0 1 4 4 4
3410.3 -6275.9 -3.3 247 0 14.8 67.8 17.5 3.5 2 1 5 5 5
4331.1 -9440.8 -9.3 240 0 12.2 61.9 14.0 3.5 2 1 4 2 2
4284.3 -9641.1 -9.4 60 0 12.1 83.5 14.0 3.5 2 1 4 3 3
2619.5 -6383.2 -7.3 256 0 29.2 12.5 17.5 3.5 2 0 5 5 5
4801.8 -10606.1 -11.7 34 0 30.2 128.1 14.0 0.0 0 1 4 3 3
4348.8 -9622.2 -9.5 60 0 12.0 78.3 14.0 3.5 2 1 4 0 0
4310.7 -9118.5 -8.7 254 0 10.9 29.5 17.5 3.5 2 1 5 1 1
4360.7 -9426.1 -9.3 241 0 12.1 45.9 14.0 3.5 2 1 4 2 2
2640.5 -6308.0 -6.6 256 0 10.1 20.9 17.5 3.5 4 1 5 5 5
4228.1 -9457.9 -9.2 240 0 11.3 83.2 14.0 3.5 2 1 4 1 1
2707.6 -6358.2 -6.9 346 0 42.1 47.4 17.5 0.0 0 1 5 3 3
2738.0 -6365.8 -6.8 346 0 14.8 21.2 17.5 3.5 2 1 5 2 2
2844.9 -6308.4 -6.0 153 0 109.9 53.0 7.5 0.0 0 0 3 3 3
2642.7 -6465.6 -7.3 76 0 32.7 67.4 17.5 0.0 0 1 5 1 1
4528.5 -9541.0 -9.7 60 0 13.7 51.3 17.5 0.0 0 1 5 4 4
261.1 -8025.1 -4.0 53 0 14.3 14.3 5.0 2.5 2 0 2 1 1
4308.3 -9182.3 -8.9 165 0 39.3 12.0 17.5 0.0 0 0 5 4 4
1556.7 -5771.6 -1.7 234 0 10.3 62.9 17.5 3.5 4 1 5 5 5
4142.0 -9504.4 -9.1 241 0 11.8 62.4 14.0 3.5 2 1 4 2 2
3846.1 -8777.3 -7.1 71 0 44.0 39.3 10.0 0.0 0 0 4 4 4
4587.0 -10777.0 -11.9 52 0 29.8 94.0 17.5 0.0 0 1 5 5 5
2687.2 -6453.1 -6.8 76 0 15.4 54.1 17.5 3.5 2 1 5 5 5
4452.3 -9179.0 -9.3 242 0 13.7 50.9 17.5 3.5 4 1 5 3 3
4272.2 -9469.2 -9.2 241 0 11.6 61.1 14.0 3.5 2 1 4 1 1
4431.2 -9212.2 -9.3 241 0 13.4 51.1 17.5 3.5 2 1 5 2 2
4115.3 -9523.6 -9.1 240 0 12.3 65.3 14.0 3.5 2 1 4 5 5
3385.4 -6287.3 -3.3 247 0 15.2 66.6 17.5 3.5 2 1 5 5 5
4554.8 -9511.9 -9.7 60 0 12.8 51.0 17.5 3.5 2 1 5 3 3
4398.1 -9319.1 -9.3 240 0 12.9 76.6 17.5 3.5 2 1 5 3 3
4252.1 -9650.2 -9.4 60 0 11.8 77.9 14.0 3.5 4 1 4 5 5
225.9 -8005.2 -4.0 235 0 15.3 36.7 10.0 0.0 0 1 4 5 5
2642.7 -6349.5 -6.9 256 0 7.0 46.3 10.5 3.5 2 1 3 5 5
4429.2 -9297.5 -9.4 240 0 13.5 76.7 17.5 3.5 2 1 5 2 2
4540.9 -9202.4 -9.5 240 0 14.2 75.9 17.5 3.5 2 1 5 3 3
4385.6 -9610.8 -9.5 60 0 10.0 82.8 10.5 3.5 2 1 3 1 1
4511.9 -9224.5 -9.4 240 0 12.7 76.3 17.5 3.5 2 1 5 4 4
2720.7 -6309.5 -6.7 346 0 19.9 60.5 17.5 0.0 0 1 5 1 1
2688.9 -6231.9 -5.7 347 0 14.2 19.2 17.5 3.5 2 1 5 2 2
2726.6 -6443.6 -6.4 76 0 50.0 15.5 17.5 3.5 2 0 5 5 5
4708.0 -10696.0 -11.8 322 0 58.0 79.2 17.5 0.0 0 1 5 5 5
4653.4 -10793.1 -12.0 53 0 21.1 68.6 17.5 3.5 2 1 5 0 0
-59.3 -8204.1 -3.1 172 0 22.8 12.9 10.0 2.5 2 0 4 5 5
-23.5 -8244.8 -3.2 110 0 12.4 60.9 7.5 2.5 2 1 3 3 3
858.9 -10776.7 -7.8 87 0 64.3 12.4 14.0 3.5 4 0 4 1 1
-37.0 -8189.7 -3.1 261 0 11.9 23.7 10.0 2.5 2 1 4 1 1
885.8 -10697.0 -7.8 357 0 101.9 10.7 14.0 3.5 2 0 4 1 1
842.2 -10648.6 -7.7 267 0 11.2 102.4 14.0 3.5 2 1 4 1 1
6639.2 2602.0 -4.9 55 0 21.3 182.8 14.0 0.0 0 1 4 4 4
4989.1 3466.4 -2.7 100 0 9.0 72.3 7.5 2.5 2 1 3 3 3
5383.5 6249.3 -6.7 68 0 12.8 48.6 12.5 2.5 2 1 5 0 0
6491.9 3750.2 -5.3 232 0 10.4 46.6 10.0 2.5 2 1 4 3 3
6561.5 7133.2 -9.1 88 0 15.2 63.6 14.0 3.5 4 1 4 3 3
6165.7 6572.6 -5.6 40 0 9.9 7.7 10.5 3.5 2 0 3 2 2
6557.5 7235.2 -6.6 88 0 15.3 64.1 10.5 3.5 2 1 3 1 1
5181.3 3577.2 -4.9 356 0 58.0 10.3 7.5 2.5 2 0 3 1 1
5491.5 6266.1 -7.8 352 0 70.1 15.0 7.5 2.5 2 0 3 4 4
6507.2 3762.2 -5.3 232 0 13.4 47.4 7.5 2.5 2 1 3 0 0
6188.3 6587.5 -5.9 44 0 9.6 29.2 10.5 3.5 2 1 3 0 0
6200.8 6597.6 -6.2 47 0 12.5 30.3 14.0 3.5 2 1 4 2 2
6181.6 6559.3 -5.9 210 0 12.4 30.0 14.0 3.5 2 1 4 2 2
5319.0 6355.7 -5.2 243 0 10.6 64.3 7.5 2.5 2 1 3 2 2
5298.4 6310.9 -5.3 152 0 62.1 15.9 7.5 2.5 2 0 3 5 5
6491.5 2645.9 -4.9 145 0 160.8 66.7 14.0 0.0 0 0 4 1 1
6773.1 -7980.0 -8.2 158 0 22.4 12.6 14.0 3.5 2 0 4 1 1
6825.5 -8106.7 -8.3 157 0 22.5 12.3 14.0 3.5 2 0 4 4 4
6750.7 -7889.0 -8.1 338 0 21.3 12.6 14.0 3.5 2 0 4 0 0
6807.7 -8064.7 -8.3 157 0 22.9 12.9 14.0 3.5 4 0 4 0 0
6755.5 -7937.7 -8.1 158 0 22.0 12.6 14.0 3.5 2 0 4 2 2
6790.2 -8022.1 -8.2 158 0 22.2 12.2 14.0 0.0 0 0 4 3 3
-3854.8 -10068.1 -7.8 122 0 16.3 95.2 17.5 3.5 2 1 5 0 0
-3676.0 -10035.7 -7.2 29 0 17.5 92.1 17.5 0.0 0 1 5 4 4
-3833.8 -10081.3 -7.9 122 0 16.7 95.3 17.5 3.5 2 1 5 1 1
-3519.3 -10076.7 -7.5 173 0 19.3 99.9 17.5 0.0 0 1 5 0 0
-2690.2 -10320.0 -5.4 178 0 98.6 14.5 17.5 3.5 2 0 5 4 4
-2410.5 -10678.4 -6.6 274 0 15.4 59.5 17.5 0.0 0 1 5 1 1
-2591.7 -10785.9 -6.5 93 0 15.0 56.3 17.5 3.5 2 1 5 3 3
-2203.4 -10737.6 -6.1 302 0 13.1 22.8 17.5 3.5 2 1 5 2 2
-3897.3 -10041.8 -7.6 122 0 16.7 96.0 17.5 0.0 0 1 5 2 2
-3838.0 -9946.0 -6.7 209 0 16.7 91.3 17.5 3.5 2 1 5 2 2
-3588.4 -9917.3 -6.6 32 0 31.3 8.8 10.5 3.5 2 0 3 0 0
-2480.8 -10393.8 -6.0 79 0 15.8 83.9 17.5 3.5 2 1 5 4 4
-2625.6 -10426.6 -5.5 357 0 32.0 10.1 17.5 3.5 2 0 5 2 2
-3142.6 -10702.4 -8.2 174 0 65.1 19.0 17.5 3.5 4 0 5 1 1
-2240.3 -10672.3 -6.7 93 0 13.8 77.9 17.5 3.5 2 1 5 5 5
-3484.8 -10695.4 -9.2 354 0 72.8 28.8 14.0 0.0 0 0 4 4 4
-2633.9 -10557.5 -6.4 4 0 44.4 15.9 17.5 3.5 2 0 5 4 4
-2634.1 -10370.2 -5.4 79 0 15.5 55.1 17.5 3.5 2 1 5 5 5
-3099.6 -10596.8 -7.7 264 0 6.0 45.2 10.5 3.5 2 1 3 0 0
-2448.2 -10379.0 -6.1 79 0 16.2 82.8 17.5 3.5 2 1 5 5 5
-2445.4 -10676.9 -6.5 273 0 15.5 58.2 17.5 3.5 2 1 5 0 0
-3762.6 -9912.0 -6.3 266 0 13.1 51.1 17.5 3.5 2 1 5 3 3
-2467.9 -10259.5 -5.8 348 0 56.3 15.8 17.5 3.5 4 0 5 3 3
-2697.6 -10802.5 -6.5 112 0 13.7 29.7 17.5 3.5 2 1 5 0 0
-2563.2 -10375.5 -5.8 169 0 62.2 14.2 17.5 3.5 2 0 5 0 0
-3050.2 -10716.4 -7.6 84 0 19.2 48.0 17.5 3.5 2 1 5 4 4
-3047.8 -10648.6 -7.6 354 0 21.6 49.6 17.5 3.5 2 1 5 4 4
-2443.4 -10644.9 -6.8 93 0 14.6 65.1 17.5 3.5 2 1 5 0 0
-2305.5 -10656.1 -6.7 93 0 14.2 65.2 17.5 3.5 2 1 5 4 4
-2519.4 -10221.2 -5.6 259 0 15.4 84.0 17.5 3.5 2 1 5 0 0
-2417.4 -10782.4 -6.2 93 0 15.0 36.0 17.5 3.5 2 1 5 4 4
-3133.9 -10600.2 -7.7 264 0 39.5 13.3 17.5 0.0 0 0 5 0 0
-3285.0 -9767.3 -5.7 34 0 28.2 25.4 5.0 0.0 0 0 2 1 1
-2587.6 -10235.7 -5.4 259 0 15.6 83.5 17.5 3.5 2 1 5 5 5
-2514.7 -10403.1 -5.9 79 0 14.5 61.3 17.5 3.5 4 1 5 0 0
-2308.4 -10698.7 -6.4 273 0 15.4 41.4 17.5 3.5 2 1 5 1 1
-2660.5 -10774.4 -6.5 94 0 15.2 41.5 17.5 3.5 2 1 5 2 2
-2608.7 -10531.2 -6.2 183 0 67.0 15.9 17.5 0.0 0 0 5 1 1
-2479.6 -10643.2 -6.9 93 0 14.8 64.9 17.5 3.5 2 1 5 5 5
-3876.3 -10054.9 -7.7 122 0 16.7 95.8 17.5 3.5 2 1 5 2 2
-3738.0 -10138.0 -8.1 31 0 45.3 15.3 17.5 3.5 2 0 5 5 5
-2515.7 -10672.8 -6.5 273 0 15.1 72.2 17.5 3.5 4 1 5 3 3
-2452.7 -10780.7 -6.3 94 0 15.0 35.7 17.5 3.5 2 1 5 4 4
-2604.8 -10396.6 -5.6 183 0 11.7 8.5 10.5 3.5 4 0 3 3 3
-4074.9 -9594.4 -6.5 302 0 49.5 11.0 17.5 0.0 0 0 5 5 5
-2375.6 -10651.5 -6.8 94 0 15.0 65.1 17.5 3.5 2 1 5 0 0
-2627.3 -10784.0 -6.5 93 0 15.7 42.1 17.5 3.5 2 1 5 1 1
-2487.2 -10528.3 -6.1 3 0 51.9 14.6 17.5 3.5 2 0 5 5 5
-2365.4 -10774.5 -6.1 94 0 7.9 11.9 10.5 3.5 2 1 3 2 2
-2658.2 -10249.4 -5.4 258 0 15.3 55.7 17.5 3.5 2 1 5 2 2
-2409.8 -10647.6 -6.8 93 0 15.8 65.7 17.5 3.5 2 1 5 1 1
-2726.4 -10709.6 -6.6 199 0 58.7 15.0 17.5 3.5 2 0 5 0 0
-2527.8 -10473.9 -5.9 4 0 29.7 17.5 17.5 3.5 2 0 5 1 1
-2374.6 -10681.4 -6.6 274 0 15.5 71.3 17.5 3.5 2 1 5 3 3
-3738.1 -10085.6 -8.1 33 0 94.9 16.6 17.5 3.5 4 0 5 3 3
-4129.3 -9634.6 -6.3 211 0 11.1 49.3 17.5 3.5 2 1 5 0 0
-3074.7 -10719.7 -7.6 84 0 18.8 48.5 17.5 3.5 2 1 5 1 1
-3058.6 -10592.3 -7.8 264 0 11.2 45.1 17.5 3.5 4 1 5 3 3
-4079.8 -9666.3 -6.3 211 0 11.0 19.1 17.5 3.5 2 1 5 2 2
-2575.0 -10462.1 -5.8 184 0 52.7 14.8 17.5 3.5 2 0 5 2 2
-2622.5 -10243.0 -5.3 258 0 15.5 83.3 17.5 3.5 2 1 5 4 4
-2480.0 -10674.7 -6.5 274 0 15.4 71.3 17.5 3.5 4 1 5 1 1
-2573.6 -10526.5 -6.2 183 0 52.2 15.7 17.5 3.5 2 0 5 0 0
-3083.1 -10556.8 -8.5 82 0 18.6 106.8 17.5 0.0 0 1 5 2 2
-4047.0 -10816.1 -8.7 84 0 16.8 92.2 17.5 3.5 2 1 5 2 2
-2595.7 -10375.6 -5.6 78 0 16.0 42.3 17.5 3.5 4 1 5 5 5
-2123.0 -10615.2 -6.6 25 0 10.9 7.6 10.5 3.5 2 0 3 3 3
-2683.5 -10634.4 -6.9 93 0 22.1 47.5 17.5 3.5 4 1 5 2 2
-3005.9 -10696.5 -7.5 354 0 71.9 18.2 17.5 3.5 2 0 5 5 5
-2630.9 -10503.8 -5.9 4 0 45.6 15.7 17.5 3.5 2 0 5 5 5
-3032.7 -10509.0 -8.3 86 0 9.4 23.2 10.5 0.0 0 1 3 1 1
-3150.0 -10630.1 -7.7 175 0 13.9 38.7 17.5 3.5 4 1 5 1 1
-2712.3 -10740.6 -6.5 202 0 12.4 30.6 17.5 3.5 4 1 5 4 4
-2553.6 -10228.9 -5.5 259 0 15.9 83.5 17.5 3.5 2 1 5 3 3
-3043.2 -10789.9 -9.0 86 0 11.5 36.1 17.5 0.0 0 1 5 1 1
-2557.1 -10776.1 -6.5 94 0 15.8 64.0 17.5 3.5 2 1 5 1 1
-4128.3 -10230.3 -8.1 212 0 93.3 64.1 12.5 0.0 0 0 5 3 3
-2882.5 -10805.4 -8.2 81 0 16.3 7.0 7.5 2.5 2 0 3 3 3
-2629.1 -10393.1 -5.5 356 0 14.3 39.7 17.5 0.0 0 1 5 3 3
-3702.5 -10080.2 -7.9 32 0 59.7 16.0 17.5 3.5 2 0 5 3 3
-2202.2 -10596.6 -6.6 275 0 14.0 45.8 17.5 3.5 2 1 5 4 4
-4129.5 -9590.0 -6.5 212 0 49.5 12.6 17.5 3.5 2 0 5 5 5
-2685.0 -10555.1 -6.5 183 0 49.4 16.0 17.5 3.5 2 0 5 2 2
-4107.2 -9614.3 -6.4 211 0 11.1 33.8 17.5 3.5 4 1 5 0 0
-2340.5 -10653.9 -6.7 93 0 15.2 65.1 17.5 3.5 2 1 5 3 3
-2340.8 -10683.4 -6.6 273 0 14.9 71.6 17.5 3.5 2 1 5 1 1
-2726.0 -10798.1 -6.6 113 0 11.8 42.1 17.5 3.5 2 1 5 0 0
-3359.1 -10625.3 -9.2 354 0 25.1 204.2 14.0 0.0 0 1 4 5 5
-3813.2 -10094.4 -8.0 123 0 16.3 95.4 17.5 3.5 2 1 5 4 4
-3812.1 -9916.3 -6.2 266 0 7.5 26.0 10.5 3.5 2 1 3 0 0
-3768.1 -10591.7 -9.5 355 0 61.4 18.1 12.5 2.5 2 0 5 0 0
-3242.2 -10611.2 -9.0 264 0 32.6 166.3 14.0 0.0 0 1 4 2 2
-2681.0 -10492.8 -5.8 184 0 59.7 15.4 17.5 3.5 4 0 5 2 2
-2496.8 -10473.3 -6.0 3 0 40.5 14.9 17.5 3.5 2 0 5 3 3
-2681.6 -10814.1 -6.5 110 0 9.5 19.7 10.5 3.5 2 1 3 1 1
-3791.9 -10107.6 -8.1 122 0 16.4 95.4 17.5 0.0 0 1 5 3 3
-2272.4 -10659.6 -6.6 93 0 13.7 67.2 17.5 3.5 2 1 5 0 0
-3177.4 -10687.7 -9.1 354 0 166.2 32.9 14.0 0.0 0 0 4 3 3
-2606.8 -10451.7 -5.7 184 0 69.9 15.9 17.5 3.5 2 0 5 0 0
-4040.4 -9690.4 -6.2 32 0 11.2 18.9 17.5 3.5 2 1 5 5 5
-2523.8 -10432.1 -5.9 352 0 25.8 18.8 17.5 3.5 2 0 5 5 5
-2167.1 -10665.1 -6.6 12 0 17.2 16.7 17.5 3.5 4 0 5 1 1
-2162.9 -10599.6 -6.6 272 0 13.6 32.0 17.5 0.0 0 1 5 4 4
-2197.3 -10710.7 -6.7 92 0 14.6 32.0 17.5 3.5 2 1 5 0 0
-3438.0 -10129.9 -7.8 84 0 18.7 46.0 17.5 3.5 4 1 5 5 5
-3908.1 -10353.6 -8.4 123 0 14.8 54.3 12.5 2.5 2 1 5 5 5
-4251.8 -9962.4 -6.8 122 0 12.4 68.9 17.5 3.5 2 1 5 5 5
-3791.8 -9914.9 -6.1 266 0 10.0 26.8 17.5 0.0 0 1 5 4 4
-3485.2 -10135.4 -7.9 84 0 18.6 46.0 17.5 3.5 2 1 5 2 2
-4225.9 -9979.6 -6.8 122 0 13.5 69.8 17.5 0.0 0 1 5 3 3
-4137.9 -9922.6 -6.4 301 0 47.9 12.0 17.5 0.0 0 0 5 3 3
-4192.4 -9891.4 -6.4 301 0 45.7 12.4 17.5 0.0 0 0 5 5 5
-4129.6 -9896.9 -6.3 121 0 47.8 13.1 17.5 3.5 2 0 5 5 5
-4092.2 -9686.7 -6.3 212 0 12.1 44.2 17.5 3.5 2 1 5 4 4
-4142.0 -9775.1 -6.4 212 0 14.2 40.7 17.5 3.5 2 1 5 2 2
-4114.3 -9730.6 -6.4 211 0 65.1 11.4 17.5 3.5 2 0 5 5 5
-4136.5 -9185.6 -5.4 30 0 13.6 57.3 7.5 2.5 2 1 3 5 5
-3416.2 -10127.2 -7.8 84 0 18.6 46.5 17.5 0.0 0 1 5 2 2
-4953.3 -8188.2 -7.2 105 0 31.6 78.1 17.5 0.0 0 1 5 2 2
-4093.4 -9742.8 -6.3 212 0 66.0 11.4 17.5 3.5 2 0 5 0 0
-3462.9 -10132.5 -7.9 84 0 18.6 45.8 17.5 3.5 2 1 5 2 2
-2000.8 9152.8 -7.3 93 0 9.0 45.6 10.5 3.5 2 1 3 4 4
-2001.6 9288.0 -7.8 290 0 12.2 62.5 14.0 0.0 0 1 4 4 4
-4098.3 2901.1 -3.0 125 0 111.3 48.4 12.5 0.0 0 0 5 1 1
-1979.0 9259.0 -7.4 273 0 9.4 45.4 10.5 3.5 2 1 3 5 5
-4047.3 2974.4 -3.1 304 0 110.4 28.5 7.5 0.0 0 0 3 3 3
3043.2 7083.1 -5.5 355 0 17.7 18.0 7.5 2.5 2 1 3 3 3
-1944.1 9233.1 -7.0 273 0 9.4 45.3 10.5 3.5 4 1 3 5 5
-5231.4 3681.5 -3.3 335 0 50.6 120.4 17.5 0.0 0 1 5 1 1
-1907.5 9206.9 -7.1 274 0 9.7 45.9 10.5 0.0 0 1 3 4 4
-5320.4 3737.3 -4.1 245 0 108.0 47.4 17.5 0.0 0 0 5 4 4
2276.0 6792.5 -4.6 186 0 102.2 48.9 10.5 0.0 0 0 3 4 4
-1362.1 5300.2 -5.4 260 0 51.0 112.0 10.0 0.0 0 1 4 5 5
-3080.5 6630.3 -4.7 250 0 33.4 182.8 10.0 0.0 0 1 4 3 3
-1140.3 5190.5 -6.4 171 0 83.0 43.4 12.5 0.0 0 0 5 5 5
-1480.7 5280.4 -4.9 260 0 49.2 82.0 10.0 0.0 0 1 4 2 2
2228.4 6569.9 -3.7 276 0 48.5 71.6 14.0 0.0 0 1 4 5 5
-2102.7 9011.2 -7.4 110 0 12.3 61.8 14.0 3.5 2 1 4 3 3
2169.5 6577.4 -3.7 276 0 48.2 71.5 14.0 0.0 0 1 4 1 1
-3162.1 6333.7 -4.5 158 0 21.6 200.7 7.5 0.0 0 1 3 2 2
-2071.6 9114.1 -7.6 200 0 61.7 12.1 14.0 3.5 2 0 4 0 0
-1513.2 5184.3 -5.5 202 0 13.2 63.7 10.0 0.0 0 1 4 0 0
-2021.0 9092.3 -7.6 93 0 10.7 47.9 14.0 3.5 2 1 4 4 4
-1402.3 5178.8 -5.3 80 0 50.4 112.4 10.0 0.0 0 1 4 2 2
-2282.4 6969.8 -3.9 283 0 72.2 21.4 10.0 2.5 2 0 4 3 3
-3136.9 6283.9 -4.4 74 0 10.6 40.1 10.0 2.5 2 1 4 5 5
-1964.9 9126.8 -7.4 93 0 9.3 45.7 10.5 0.0 0 1 3 5 5
-3132.5 6242.1 -4.3 162 0 49.8 14.2 7.5 2.5 4 0 3 5 5
-2043.7 9188.8 -7.4 200 0 61.7 11.7 14.0 3.5 2 0 4 1 1
-1078.4 5267.6 -5.1 351 0 19.0 71.1 10.0 0.0 0 1 4 4 4
-3118.1 6189.5 -4.3 162 0 29.6 18.8 7.5 2.5 2 0 3 4 4
-6798.1 -9951.9 -9.4 255 0 43.6 11.5 17.5 0.0 0 0 5 2 2
-6779.8 -9971.6 -9.4 256 0 11.7 57.7 17.5 3.5 2 1 5 1 1
-6752.5 -9966.1 -9.5 256 0 9.6 55.7 10.5 3.5 2 1 3 0 0
-6747.2 -9938.0 -9.6 255 0 40.9 12.1 17.5 3.5 2 0 5 4 4
-6808.6 -9978.9 -9.4 255 0 11.1 57.6 17.5 3.5 2 1 5 4 4
-6711.1 -9984.0 -9.6 345 0 55.0 10.1 17.5 3.5 2 0 5 2 2
-6130.7 -9435.3 -8.9 264 0 8.5 21.5 10.5 0.0 0 1 3 4 4
-6819.9 -10398.6 -10.2 22 0 139.4 16.1 14.0 0.0 0 0 4 2 2
-5877.5 -9536.9 -8.7 90 0 13.7 19.3 14.0 3.5 2 1 4 5 5
-6809.9 -10178.2 -9.7 91 0 14.3 46.4 17.5 3.5 4 1 5 1 1
-5086.7 -10190.8 -8.5 121 0 13.9 59.0 17.5 3.5 2 1 5 0 0
-6401.7 -8706.5 -7.6 262 0 13.4 52.3 7.5 2.5 2 1 3 0 0
-4998.2 -8091.4 -7.1 266 0 35.0 65.8 17.5 0.0 0 1 5 4 4
-5662.8 -9379.3 -8.8 260 0 15.3 22.8 14.0 3.5 2 1 4 4 4
-6434.1 -8711.8 -7.2 262 0 13.2 51.5 10.0 2.5 2 1 4 2 2
-5170.5 -10139.1 -9.3 123 0 14.6 85.7 17.5 3.5 2 1 5 1 1
-5142.6 -8178.8 -6.9 175 0 77.8 35.2 17.5 0.0 0 0 5 2 2
-6414.3 -8823.5 -7.8 81 0 15.0 38.6 7.5 2.5 2 1 3 5 5
-5678.1 -9420.3 -8.8 270 0 14.0 33.9 14.0 3.5 2 1 4 3 3
-5587.2 -7211.7 -5.9 271 0 10.6 26.7 17.5 3.5 2 1 5 4 4
-6503.6 -9418.7 -8.6 80 0 12.1 50.7 7.5 2.5 2 1 3 0 0
-5637.0 -8733.9 -7.4 90 0 12.2 69.5 17.5 3.5 2 1 5 5 5
-5484.3 -9385.2 -8.9 258 0 13.8 50.5 14.0 3.5 4 1 4 0 0
-5694.6 -9386.4 -8.8 259 0 12.7 23.4 14.0 3.5 2 1 4 2 2
-6467.0 -8716.2 -6.9 262 0 13.4 52.3 10.0 2.5 4 1 4 2 2
-6942.9 -10576.6 -8.4 279 0 41.8 16.4 14.0 3.5 2 0 4 5 5
-6743.9 -10110.6 -9.6 76 0 11.6 74.1 17.5 3.5 2 1 5 4 4
-6736.4 -9424.4 -8.5 351 0 82.4 11.9 14.0 3.5 2 0 4 2 2
-6841.7 -10154.5 -9.8 1 0 46.3 13.5 17.5 3.5 2 0 5 0 0
-6772.6 -10117.3 -9.6 75 0 13.0 73.5 17.5 0.0 0 1 5 0 0
-5646.7 -9411.3 -8.7 270 0 13.3 48.7 14.0 3.5 2 1 4 5 5
-5487.3 -9376.8 -8.9 78 0 15.0 36.0 14.0 3.5 4 1 4 0 0
-5844.9 -9536.7 -8.7 91 0 12.7 33.5 14.0 0.0 0 1 4 3 3
-5637.1 -8752.2 -7.6 270 0 11.3 68.6 17.5 3.5 2 1 5 2 2
-6694.4 -10046.4 -9.7 345 0 47.1 10.0 17.5 3.5 2 0 5 4 4
-6907.3 -10241.3 -9.7 0 0 15.7 111.5 17.5 0.0 0 1 5 5 5
-5457.6 -9370.0 -8.6 79 0 15.0 37.1 14.0 3.5 2 1 4 0 0
-5601.1 -9366.3 -9.0 257 0 14.2 33.6 14.0 3.5 2 1 4 3 3
-5813.2 -9536.3 -8.7 90 0 13.0 33.0 14.0 3.5 4 1 4 2 2
-6816.6 -9395.7 -8.7 261 0 11.4 82.0 14.0 3.5 2 1 4 1 1
-6769.8 -9471.5 -8.7 81 0 12.1 82.0 14.0 3.5 2 1 4 5 5
-5129.4 -10135.3 -9.1 121 0 13.2 61.2 17.5 3.5 2 1 5 4 4
-5429.2 -7370.9 -6.3 180 0 70.6 10.5 14.0 3.5 2 0 4 4 4
-5525.1 -9347.7 -8.9 257 0 14.1 50.4 14.0 3.5 2 1 4 5 5
-5632.4 -9373.8 -8.9 258 0 13.3 21.9 14.0 3.5 2 1 4 5 5
-5156.3 -10061.0 -9.2 302 0 13.2 62.0 17.5 0.0 0 1 5 5 5
-6850.5 -9401.1 -8.8 261 0 12.0 81.8 14.0 3.5 2 1 4 4 4
-5552.5 -9364.7 -9.1 258 0 14.0 38.9 14.0 3.5 2 1 4 4 4
-6536.6 -9424.8 -8.5 80 0 13.7 50.3 10.0 2.5 2 1 4 1 1
-6714.3 -10103.1 -9.7 75 0 11.8 74.4 17.5 3.5 2 1 5 2 2
-5573.1 -9493.3 -8.5 78 0 13.0 33.5 14.0 3.5 2 1 4 2 2
-6481.4 -9363.0 -8.6 260 0 12.1 50.5 10.0 0.0 0 1 4 2 2
-6869.1 -8633.0 -8.8 81 0 18.9 18.9 17.5 3.5 4 1 5 5 5
-5603.7 -7458.2 -6.0 0 0 22.2 12.8 17.5 3.5 2 0 5 5 5
-5697.3 -10342.4 -9.1 122 0 15.2 83.1 14.0 3.5 2 1 4 4 4
-5488.6 -9717.0 -8.3 90 0 13.4 63.8 17.5 3.5 2 1 5 5 5
-5800.8 -7402.0 -5.7 3 0 210.2 16.5 17.5 0.0 0 0 5 1 1
-5557.1 -10265.8 -8.9 212 0 107.0 34.6 10.0 0.0 0 0 4 5 5
-5837.1 -9743.1 -9.1 270 0 14.0 48.2 17.5 3.5 2 1 5 3 3
-5166.1 -9405.0 -8.6 78 0 55.1 14.6 17.5 3.5 2 0 5 4 4
-6521.1 -10431.4 -9.3 291 0 7.3 35.0 10.5 3.5 2 1 3 5 5
-5325.5 -9581.3 -8.2 180 0 28.3 12.5 14.0 0.0 0 0 4 1 1
-6542.1 -10444.6 -9.6 292 0 5.9 49.5 10.5 3.5 2 1 3 0 0
-6608.5 -10487.4 -10.0 291 0 12.8 78.2 17.5 3.5 2 1 5 2 2
-5148.1 -8117.8 -7.1 176 0 20.9 120.0 17.5 0.0 0 1 5 4 4
-5672.9 -8919.5 -7.9 90 0 12.3 77.0 17.5 3.5 2 1 5 4 4
-6578.1 -10501.5 -10.2 291 0 13.6 77.5 17.5 3.5 2 1 5 1 1
-5093.2 -8154.3 -7.0 177 0 36.1 66.0 17.5 0.0 0 1 5 2 2
-5352.8 -9354.0 -9.1 78 0 13.8 42.5 14.0 3.5 2 1 4 3 3
-6773.6 -10144.6 -9.6 91 0 4.6 18.0 10.5 3.5 2 1 3 0 0
-6641.8 -10650.1 -9.9 112 0 77.5 14.7 17.5 3.5 2 0 5 1 1
-5953.0 -10055.8 -8.9 180 0 62.7 13.1 17.5 3.5 2 0 5 5 5
-6744.6 -10289.7 -9.7 269 0 15.3 16.0 17.5 3.5 2 1 5 3 3
-5243.9 -9564.3 -8.4 32 0 35.8 8.5 10.5 3.5 2 0 3 3 3
-6627.3 -10621.8 -10.4 111 0 75.1 36.8 17.5 0.0 0 0 5 0 0
-4957.7 -9490.4 -7.7 31 0 36.9 6.4 7.5 2.5 2 0 3 0 0
-5564.8 -9536.2 -8.6 78 0 13.7 33.4 14.0 3.5 2 1 4 0 0
-5590.3 -9743.7 -8.6 270 0 13.5 63.8 17.5 3.5 2 1 5 3 3
-5674.3 -9556.3 -8.5 270 0 14.3 61.4 14.0 3.5 2 1 4 1 1
-5140.4 -9417.4 -8.3 22 0 30.8 4.8 10.5 3.5 2 0 3 3 3
-5315.4 -9898.5 -8.7 211 0 27.5 5.9 10.5 3.5 2 0 3 1 1
-5458.6 -10159.9 -8.2 33 0 32.5 11.3 10.0 2.5 2 0 4 3 3
-5468.7 -9529.5 -8.3 77 0 13.3 28.9 14.0 3.5 2 1 4 0 0
-6782.9 -10528.5 -9.4 112 0 81.5 11.3 17.5 3.5 4 0 5 2 2
-5765.5 -9683.7 -8.6 360 0 66.9 14.2 17.5 3.5 2 0 5 5 5
-5546.9 -10107.9 -8.5 32 0 29.6 19.1 14.0 3.5 2 0 4 4 4
-5132.3 -9381.4 -8.2 201 0 37.4 5.8 10.5 3.5 2 0 3 3 3
-4566.9 -9018.9 -6.1 79 0 163.3 32.7 17.5 0.0 0 0 5 4 4
-6700.9 -10561.1 -9.9 112 0 65.2 11.5 17.5 3.5 4 0 5 4 4
-5590.7 -9716.3 -8.4 90 0 13.5 64.0 14.0 3.5 2 1 4 4 4
-5453.2 -8670.7 -6.4 271 0 12.0 43.8 17.5 3.5 2 1 5 3 3
-5917.9 -9585.3 -8.7 180 0 57.9 12.7 17.5 3.5 2 0 5 2 2
-6710.8 -10461.1 -10.1 291 0 12.9 66.1 17.5 3.5 2 1 5 4 4
-5637.2 -8908.0 -7.7 90 0 11.6 68.5 17.5 3.5 2 1 5 3 3
-5062.8 -10205.9 -8.4 121 0 12.6 57.9 17.5 3.5 2 1 5 5 5
-5349.1 -9704.2 -7.9 181 0 10.6 8.4 10.5 3.5 2 0 3 3 3
-5466.6 -8748.9 -6.9 180 0 39.4 11.7 17.5 3.5 2 0 5 3 3
-5871.8 -9716.1 -8.9 90 0 13.5 58.4 17.5 3.5 2 1 5 5 5
-6740.6 -10449.4 -10.0 291 0 14.3 48.3 17.5 3.5 2 1 5 3 3
-4807.9 -9362.6 -7.2 32 0 57.5 14.8 7.5 2.5 2 0 3 5 5
-5884.1 -10086.3 -8.8 90 0 13.3 35.8 17.5 3.5 2 1 5 3 3
-5268.2 -9332.5 -8.3 44 0 10.4 39.7 14.0 3.5 2 1 4 1 1
-6519.3 -8301.7 -7.7 261 0 14.4 67.4 14.0 3.5 2 1 4 1 1
-5530.8 -9530.5 -8.4 78 0 12.5 57.6 14.0 3.5 2 1 4 4 4
-6556.9 -8308.9 -7.8 261 0 13.7 65.9 14.0 3.5 2 1 4 1 1
-5270.9 -9548.7 -8.5 31 0 39.6 12.7 14.0 3.5 2 0 4 3 3
-5188.4 -9477.1 -8.9 78 0 15.1 75.9 17.5 3.5 2 1 5 5 5
-5165.6 -9430.0 -8.9 196 0 49.9 14.1 14.0 3.5 2 0 4 3 3
-5687.5 -9718.1 -8.4 90 0 14.6 51.5 14.0 3.5 2 1 4 1 1
-5293.9 -9861.9 -8.0 213 0 14.8 6.5 10.5 3.5 2 0 3 5 5
-5499.8 -9530.1 -8.4 78 0 12.7 42.8 14.0 0.0 0 1 4 4 4
-5265.5 -9449.3 -8.7 348 0 43.5 14.8 14.0 0.0 0 0 4 4 4
-6672.2 -10470.7 -10.1 291 0 13.0 62.7 17.5 3.5 2 1 5 0 0
-5681.4 -10181.1 -8.9 301 0 12.7 72.9 14.0 3.5 2 1 4 5 5
-5755.6 -8430.6 -5.6 359 0 116.2 32.7 10.0 0.0 0 0 4 1 1
-5422.2 -9741.8 -8.0 270 0 13.2 41.8 14.0 3.5 2 1 4 3 3
-5272.6 -9828.5 -7.8 212 0 21.7 11.9 17.5 3.5 2 0 5 3 3
-6640.0 -10477.9 -9.9 291 0 13.4 68.1 17.5 3.5 2 1 5 0 0
-6470.3 -8438.4 -7.5 81 0 12.4 64.1 14.0 3.5 2 1 4 5 5
-5484.7 -9556.6 -8.3 271 0 14.8 64.3 17.5 3.5 4 1 5 1 1
-5880.2 -9555.8 -8.6 270 0 13.3 59.0 17.5 3.5 2 1 5 4 4
-5754.3 -10299.9 -9.1 121 0 12.7 58.8 14.0 3.5 2 1 4 2 2
-5664.2 -10444.0 -8.3 212 0 30.6 13.5 5.0 2.5 4 0 2 0 0
-6508.9 -10401.0 -8.9 291 0 22.0 20.9 17.5 3.5 2 0 5 4 4
-5814.4 -9558.0 -8.6 270 0 13.5 64.2 17.5 3.5 2 1 5 3 3
-5883.9 -9997.7 -8.8 270 0 13.2 44.1 17.5 3.5 2 1 5 0 0
-5878.5 -9978.2 -8.7 179 0 11.1 7.8 10.5 3.5 2 0 3 0 0
-5486.2 -9743.1 -8.2 270 0 13.6 62.7 14.0 3.5 2 1 4 2 2
-4843.5 -9419.3 -7.3 32 0 56.2 14.4 10.0 2.5 4 0 4 4 4
-5915.1 -10086.4 -8.8 90 0 13.0 34.6 17.5 3.5 4 1 5 2 2
-5225.9 -9395.4 -8.8 290 0 6.5 88.7 10.5 3.5 2 1 3 0 0
-5928.0 -9774.2 -9.3 187 0 9.9 4.6 10.5 3.5 2 0 3 4 4
-5332.7 -9498.3 -8.6 168 0 50.4 13.2 14.0 3.5 2 0 4 1 1
-5492.3 -9852.4 -9.1 180 0 43.1 12.5 14.0 3.5 2 0 4 0 0
-5216.2 -9418.3 -8.9 168 0 33.1 6.1 10.5 3.5 2 0 3 2 2
-5426.1 -9509.0 -8.7 78 0 14.2 56.9 14.0 3.5 2 1 4 2 2
-6914.7 -10190.9 -9.7 179 0 11.5 8.1 10.5 3.5 2 0 3 2 2
-5305.9 -9479.1 -8.6 168 0 76.2 13.9 14.0 3.5 2 0 4 2 2
-6764.4 -10376.3 -10.1 201 0 47.7 8.8 10.5 3.5 2 0 3 2 2
-5639.4 -10113.2 -8.7 302 0 13.0 73.0 14.0 3.5 2 1 4 3 3
-6046.0 -10638.3 -10.0 212 0 7.5 53.3 10.5 3.5 2 1 3 0 0
-6481.5 -8296.0 -7.5 261 0 14.5 66.7 14.0 3.5 2 1 4 1 1
-5381.0 -9770.1 -8.1 302 0 13.0 80.2 14.0 3.5 2 1 4 1 1
-5515.8 -9557.6 -8.4 270 0 14.3 64.0 17.5 0.0 0 1 5 4 4
-5619.8 -10232.8 -8.9 32 0 83.4 15.9 14.0 3.5 2 0 4 3 3
-5523.5 -9871.7 -9.3 180 0 63.0 12.7 14.0 3.5 2 0 4 0 0
-5454.3 -9742.7 -8.0 269 0 13.4 54.4 14.0 0.0 0 1 4 2 2
-5848.5 -9952.1 -8.6 270 0 14.2 53.5 17.5 3.5 2 1 5 2 2
-5888.3 -9838.3 -9.4 90 0 13.3 37.1 17.5 3.5 2 1 5 1 1
-4518.1 -8941.0 -5.3 260 0 9.7 13.8 10.5 3.5 2 1 3 1 1
-6273.3 -10048.2 -9.7 20 0 30.3 20.7 14.0 0.0 0 0 4 5 5
-5329.5 -9358.6 -8.9 258 0 14.2 43.8 14.0 3.5 2 1 4 3 3
-5454.2 -9840.7 -8.4 90 0 12.1 28.6 14.0 3.5 2 1 4 0 0
-5390.1 -9370.2 -8.5 257 0 13.7 59.5 14.0 3.5 2 1 4 0 0
-5934.4 -9807.6 -9.4 190 0 36.4 13.7 17.5 0.0 0 0 5 4 4
-6438.5 -8434.0 -7.3 81 0 12.5 67.6 14.0 3.5 2 1 4 2 2
-6287.2 -10001.3 -9.8 200 0 16.5 30.0 14.0 3.5 2 1 4 0 0
-5244.0 -9406.6 -9.0 347 0 28.5 14.6 14.0 3.5 2 0 4 0 0
-5371.3 -9477.3 -8.6 168 0 80.6 14.8 14.0 3.5 2 0 4 3 3
-5884.9 -10670.5 -9.7 31 0 78.7 97.5 17.5 0.0 0 1 5 3 3
-5392.5 -9484.0 -8.8 348 0 76.8 13.9 14.0 3.5 2 0 4 4 4
-6645.8 -10372.9 -10.0 20 0 29.3 11.8 17.5 3.5 2 0 5 2 2
-5467.8 -9980.9 -9.5 32 0 36.9 18.7 14.0 0.0 0 0 4 4 4
-5516.7 -9743.7 -8.2 270 0 12.7 46.0 14.0 3.5 2 1 4 3 3
-5642.1 -10075.2 -9.0 90 0 13.8 65.9 17.5 3.5 2 1 5 2 2
-5600.2 -10118.4 -8.7 302 0 14.9 84.0 14.0 3.5 2 1 4 3 3
-5418.5 -9556.2 -8.0 270 0 15.0 45.8 17.5 3.5 4 1 5 3 3
-5786.4 -9951.4 -8.9 270 0 13.0 35.3 17.5 3.5 2 1 5 5 5
-5436.2 -9870.9 -9.2 31 0 53.7 12.8 14.0 3.5 2 0 4 4 4
-5494.3 -10027.9 -9.1 32 0 49.4 24.3 14.0 3.5 2 0 4 1 1
-5675.6 -9537.1 -8.7 90 0 13.4 49.2 14.0 0.0 0 1 4 1 1
-5579.0 -10165.2 -8.7 32 0 55.7 14.8 14.0 3.5 2 0 4 4 4
-5523.3 -9815.6 -8.6 180 0 29.4 14.3 14.0 0.0 0 0 4 5 5
-5154.2 -10180.3 -8.4 122 0 85.8 13.7 17.5 3.5 2 0 5 3 3
-5343.7 -9730.8 -8.0 29 0 9.9 7.5 10.5 3.5 2 0 3 3 3
-5664.3 -10237.4 -9.0 32 0 84.3 15.9 14.0 3.5 2 0 4 5 5
-5817.8 -9952.1 -8.7 270 0 13.5 53.4 17.5 3.5 2 1 5 3 3
-5422.9 -9915.2 -9.3 32 0 77.0 23.9 14.0 0.0 0 0 4 1 1
-5900.2 -9743.3 -9.2 270 0 13.2 47.6 17.5 3.5 4 1 5 5 5
-5439.1 -10113.4 -8.5 228 0 37.2 9.4 7.5 2.5 2 0 3 2 2
-4481.9 -8931.9 -5.0 349 0 30.5 15.0 17.5 3.5 2 0 5 0 0
-5575.8 -8912.2 -7.9 90 0 14.6 76.5 17.5 3.5 4 1 5 4 4
-5356.8 -9574.3 -8.2 179 0 43.1 12.1 14.0 3.5 2 0 4 5 5
-5544.0 -8889.1 -7.8 91 0 13.2 58.6 17.5 0.0 0 1 5 4 4
-6547.2 -8418.8 -7.7 171 0 66.6 13.2 14.0 3.5 2 0 4 3 3
-5495.6 -9896.4 -9.4 180 0 16.8 27.2 14.0 3.5 4 1 4 3 3
-5356.8 -9629.5 -7.8 180 0 46.3 12.5 14.0 0.0 0 0 4 1 1
-5674.0 -9997.8 -8.9 90 0 12.8 44.9 17.5 3.5 2 1 5 3 3
-4987.4 -9519.4 -8.2 104 0 6.1 36.2 7.5 2.5 2 1 3 2 2
-6502.2 -8444.1 -7.6 81 0 13.2 64.8 14.0 3.5 2 1 4 4 4
-5519.8 -10210.0 -8.8 212 0 23.5 8.1 2.5 2.5 2 0 1 0 0
-4555.2 -8900.0 -5.3 260 0 35.5 60.2 17.5 0.0 0 1 5 5 5
-6789.4 -10465.7 -9.9 202 0 66.5 12.6 17.5 0.0 0 0 5 3 3
-6756.0 -10141.3 -9.6 90 0 12.9 12.8 17.5 3.5 2 0 5 5 5
-5552.3 -9684.7 -8.3 0 0 63.4 13.5 14.0 3.5 2 0 4 2 2
-6905.4 -10095.3 -9.9 163 0 42.6 12.9 17.5 3.5 2 0 5 5 5
-5848.0 -9557.4 -8.6 270 0 14.3 64.8 17.5 3.5 2 1 5 0 0
-5705.1 -9952.8 -9.0 271 0 15.4 45.0 17.5 3.5 2 1 5 1 1
-5279.8 -9868.8 -8.6 212 0 98.4 18.6 17.5 0.0 0 0 5 5 5
-5141.4 -9601.0 -8.8 107 0 14.6 59.4 17.5 3.5 2 1 5 0 0
-5709.4 -8919.0 -8.0 90 0 11.7 76.4 17.5 3.5 2 1 5 4 4
-5320.0 -9653.1 -7.9 90 0 14.3 46.7 14.0 3.5 2 1 4 5 5
-6928.2 -10080.2 -9.7 253 0 12.9 43.6 17.5 3.5 2 1 5 5 5
-5727.4 -10323.8 -9.1 122 0 14.6 56.0 14.0 3.5 2 1 4 2 2
-5496.2 -10181.0 -8.4 213 0 31.2 13.7 10.0 2.5 2 0 4 4 4
-5152.5 -9612.5 -8.2 197 0 24.6 10.0 10.5 0.0 0 0 3 5 5
-5292.7 -9639.1 -7.7 32 0 10.9 8.2 10.5 3.5 2 0 3 0 0
-5605.8 -9996.6 -9.2 90 0 13.6 43.9 17.5 3.5 2 1 5 5 5
-5602.2 -8870.8 -7.8 180 0 64.8 11.6 17.5 3.5 2 0 5 4 4
-6557.2 -10555.5 -10.5 21 0 69.7 12.9 17.5 3.5 2 0 5 0 0
-5508.2 -8888.6 -7.8 90 0 12.7 58.6 17.5 3.5 2 1 5 1 1
-5322.9 -9347.7 -9.0 78 0 13.8 42.7 14.0 3.5 2 1 4 4 4
-5557.5 -10035.3 -8.7 212 0 58.1 12.3 14.0 3.5 2 0 4 4 4
-6898.9 -10423.5 -9.0 181 0 37.7 10.1 14.0 3.5 2 0 4 4 4
-5434.5 -9432.0 -8.9 347 0 23.8 15.3 14.0 3.5 2 0 4 0 0
-5086.4 -10223.0 -8.4 120 0 49.9 15.1 17.5 3.5 4 0 5 4 4
-5637.8 -9995.1 -9.1 90 0 13.6 42.1 17.5 3.5 2 1 5 4 4
-6525.0 -10563.9 -10.7 21 0 77.2 13.1 17.5 3.5 2 0 5 1 1
-6856.6 -10524.7 -8.8 202 0 68.3 10.4 17.5 3.5 2 0 5 3 3
-6869.0 -10490.1 -8.8 19 0 50.4 14.6 14.0 3.5 2 0 4 4 4
-5925.4 -9749.7 -9.2 190 0 14.3 8.0 10.5 3.5 2 0 3 0 0
-5621.1 -9743.2 -8.8 270 0 13.6 64.7 17.5 3.5 2 1 5 0 0
-6823.7 -10453.7 -9.7 202 0 68.0 17.1 17.5 3.5 2 0 5 5 5
-5868.6 -9743.5 -9.2 270 0 13.5 46.9 17.5 3.5 2 1 5 4 4
-6066.2 -10566.6 -9.9 212 0 92.0 99.2 17.5 0.0 0 1 5 1 1
-5406.2 -9424.1 -8.8 347 0 29.5 17.3 14.0 3.5 2 0 4 0 0
-5280.2 -9608.1 -8.1 7 0 29.1 15.7 14.0 3.5 2 0 4 2 2
-5466.2 -8801.7 -7.5 182 0 36.4 12.0 17.5 3.5 2 0 5 1 1
-5915.3 -10721.3 -9.9 32 0 8.5 98.5 10.5 3.5 2 1 3 1 1
-5806.7 -10468.4 -8.3 122 0 9.8 43.1 10.5 3.5 2 1 3 5 5
-5808.7 -10219.4 -9.1 91 0 13.5 32.5 14.0 3.5 2 1 4 4 4
-5085.5 -10048.7 -9.0 212 0 48.8 14.2 17.5 3.5 2 0 5 3 3
-5200.4 -10024.8 -9.3 301 0 10.5 22.5 17.5 3.5 2 1 5 0 0
-5265.5 -10355.6 -8.9 108 0 6.3 14.6 10.5 3.5 2 1 3 4 4
-5667.9 -9831.1 -9.3 270 0 13.4 64.1 17.5 3.5 2 1 5 4 4
-5810.4 -10111.6 -8.9 270 0 14.2 47.5 14.0 3.5 2 1 4 2 2
-5237.6 -10208.0 -8.2 125 0 13.1 27.4 17.5 3.5 2 1 5 3 3
-4934.8 -10194.7 -8.5 31 0 46.2 13.2 17.5 3.5 2 0 5 4 4
-4997.3 -10009.1 -8.2 302 0 58.2 13.9 17.5 3.5 2 0 5 0 0
-5906.1 -10251.2 -9.3 302 0 6.2 80.6 10.5 3.5 2 1 3 3 3
-5112.2 -10232.4 -8.2 301 0 53.5 9.7 10.5 3.5 2 0 3 0 0
-5740.0 -10168.6 -8.9 302 0 13.1 56.1 14.0 3.5 2 1 4 2 2
-5630.1 -9863.1 -9.3 360 0 63.8 13.5 17.5 3.5 2 0 5 3 3
-5744.0 -10229.8 -9.0 122 0 13.1 53.1 14.0 3.5 2 1 4 1 1
-5938.7 -10759.5 -10.2 32 0 59.0 31.2 17.5 0.0 0 0 5 3 3
-4963.7 -10176.6 -8.7 31 0 45.7 13.4 17.5 3.5 2 0 5 0 0
-5823.9 -10249.6 -9.3 121 0 8.1 12.8 10.5 3.5 2 1 3 4 4
-6027.8 -10739.4 -10.4 122 0 13.6 59.8 17.5 3.5 2 1 5 2 2
-4969.3 -10056.9 -8.7 302 0 13.2 65.5 17.5 3.5 4 1 5 3 3
-5707.8 -10083.0 -8.7 90 0 13.3 47.6 17.5 3.5 2 1 5 2 2
-5023.5 -10451.7 -8.9 122 0 15.5 24.3 17.5 3.5 2 1 5 0 0
-5910.3 -10110.9 -9.0 270 0 13.6 34.0 14.0 3.5 2 1 4 0 0
-5979.4 -10106.1 -9.0 90 0 12.8 59.7 14.0 3.5 2 1 4 0 0
-5976.0 -10370.8 -9.1 113 0 51.1 9.3 10.5 3.5 2 0 3 4 4
-5157.6 -10233.2 -8.0 301 0 17.1 49.5 17.5 3.5 2 1 5 1 1
-4998.0 -10188.9 -8.5 122 0 5.9 35.3 10.5 3.5 2 1 3 2 2
-5878.9 -10111.5 -9.0 270 0 13.7 34.0 14.0 0.0 0 1 4 1 1
-5184.6 -10377.8 -8.7 122 0 15.0 76.7 17.5 3.5 4 1 5 1 1
-6001.5 -10755.9 -10.3 122 0 30.9 59.9 17.5 0.0 0 1 5 2 2
-4943.3 -10072.4 -8.7 302 0 13.2 66.6 17.5 3.5 4 1 5 0 0
-5941.1 -10110.0 -9.2 270 0 13.2 73.1 14.0 3.5 2 1 4 1 1
-5330.2 -10120.7 -8.4 211 0 35.8 6.8 10.5 3.5 4 0 3 2 2
-6145.6 -10691.7 -10.7 212 0 15.9 30.0 17.5 3.5 2 1 5 3 3
-5101.3 -10014.8 -8.9 211 0 7.9 15.2 10.5 0.0 0 1 3 5 5
-5177.9 -10191.1 -8.3 301 0 86.4 12.3 17.5 3.5 2 0 5 1 1
-5294.8 -10286.5 -8.1 212 0 37.6 10.8 17.5 3.5 2 0 5 0 0
-6017.8 -10153.3 -9.5 180 0 43.8 12.7 14.0 3.5 2 0 4 4 4
-4934.1 -10126.3 -8.8 31 0 50.9 12.9 17.5 0.0 0 0 5 2 2
-5649.2 -10482.4 -8.1 32 0 17.0 5.8 5.0 2.5 2 0 2 1 1
-5814.0 -10086.5 -8.8 90 0 15.4 51.3 17.5 3.5 2 1 5 0 0
-5265.6 -10246.1 -7.6 214 0 32.7 23.1 17.5 0.0 0 0 5 5 5
-5875.1 -10597.6 -8.6 301 0 31.3 7.6 10.5 3.5 2 0 3 0 0
-5037.3 -9983.5 -8.5 301 0 14.5 47.8 17.5 3.5 2 1 5 2 2
-4999.1 -10039.6 -8.8 301 0 13.9 48.5 17.5 3.5 4 1 5 3 3
-5115.4 -10038.8 -9.0 211 0 36.5 13.8 17.5 3.5 2 0 5 0 0
-5196.4 -10353.8 -8.3 120 0 9.3 53.1 10.5 3.5 4 1 3 2 2
-5364.1 -10441.1 -9.6 212 0 17.3 64.2 17.5 3.5 2 1 5 1 1
-5063.0 -9967.2 -8.5 302 0 14.7 50.4 17.5 3.5 2 1 5 3 3
-4933.9 -10049.0 -8.2 302 0 66.6 12.8 17.5 3.5 2 0 5 2 2
-6044.9 -10072.1 -9.0 20 0 58.5 12.7 14.0 3.5 2 0 4 2 2
-5726.5 -10394.3 -9.1 32 0 42.9 22.2 14.0 0.0 0 0 4 3 3
-5205.3 -10448.3 -9.3 123 0 17.8 54.7 17.5 3.5 2 1 5 0 0
-5208.3 -10103.7 -9.2 123 0 7.4 47.2 10.5 3.5 2 1 3 0 0
-5348.1 -10367.9 -9.6 212 0 10.2 82.8 17.5 3.5 2 1 5 1 1
-5187.0 -10215.6 -8.1 302 0 17.0 49.3 17.5 3.5 4 1 5 1 1
-5670.8 -10112.4 -8.7 302 0 13.2 54.0 14.0 3.5 2 1 4 4 4
-5025.2 -10022.8 -8.8 302 0 13.9 77.9 17.5 0.0 0 1 5 4 4
-6010.7 -10105.0 -9.1 90 0 12.7 59.1 14.0 0.0 0 1 4 1 1
-5778.0 -10285.6 -9.2 121 0 12.9 38.1 14.0 3.5 2 1 4 3 3
-5118.9 -10247.4 -8.0 302 0 51.8 58.0 17.5 0.0 0 1 5 4 4
-5957.0 -10802.9 -10.6 31 0 16.4 132.7 17.5 0.0 0 1 5 4 4
-6121.7 -10772.4 -10.9 89 0 11.2 37.3 17.5 3.5 2 1 5 3 3
-5605.3 -10790.6 -9.9 130 0 6.0 38.2 7.5 2.5 2 1 3 0 0
-5412.6 -10425.5 -9.9 34 0 50.0 39.7 14.0 0.0 0 0 4 2 2
-4960.2 -10413.1 -8.0 32 0 54.0 15.3 17.5 3.5 2 0 5 0 0
-5122.3 -10479.8 -9.2 121 0 15.4 54.9 17.5 3.5 2 1 5 2 2
-3026.6 3636.3 -0.7 224 0 20.5 99.8 10.0 0.0 0 1 4 3 3
-2108.5 4800.1 -4.0 26 0 29.6 13.7 14.0 0.0 0 0 4 4 4
-4624.9 2660.4 -3.2 37 0 27.2 13.5 14.0 3.5 2 0 4 3 3
-2927.8 3980.9 -1.1 142 0 20.5 101.3 17.5 0.0 0 1 5 0 0
-3993.4 2833.4 -2.1 36 0 71.4 57.8 7.5 0.0 0 0 3 3 3
-2165.2 5854.2 -3.2 233 0 79.3 14.6 14.0 3.5 2 0 4 0 0
-4900.8 3719.0 -4.4 351 0 43.8 16.0 7.5 2.5 2 0 3 3 3
-4720.3 2735.1 -3.6 217 0 21.2 95.6 14.0 0.0 0 1 4 5 5
-4502.1 2205.2 -4.6 115 0 58.2 30.1 17.5 0.0 0 0 5 1 1
-1919.3 9078.7 -7.5 94 0 9.9 65.6 10.5 0.0 0 1 3 0 0
-4295.9 3181.1 -2.0 110 0 12.1 60.3 10.0 2.5 2 1 4 2 2
-4326.2 2658.9 -2.7 215 0 84.9 112.2 7.5 0.0 0 1 3 4 4
-2906.8 3958.1 -1.2 141 0 19.6 103.6 17.5 0.0 0 1 5 4 4
-4161.9 2664.0 -2.3 304 0 14.0 20.9 7.5 2.5 2 1 3 5 5
-3758.2 6970.5 -5.5 86 0 49.3 119.5 12.5 0.0 0 1 5 0 0
-4424.4 3148.1 -2.4 114 0 12.7 57.5 7.5 2.5 2 1 3 1 1
-4450.4 3457.1 -2.6 115 0 25.3 131.8 5.0 0.0 0 1 2 4 4
-4339.9 3199.7 -2.0 114 0 12.4 56.5 10.0 2.5 2 1 4 5 5
-4590.0 4268.9 -4.0 33 0 13.7 32.3 7.5 2.5 2 1 3 1 1
402.7 -10515.2 -6.7 262 0 12.1 60.3 17.5 3.5 2 1 5 2 2
380.3 -10663.1 -7.1 172 0 60.0 12.9 17.5 0.0 0 0 5 4 4
373.8 -10601.3 -6.7 176 0 45.4 12.4 17.5 3.5 2 0 5 3 3
344.7 -10558.0 -6.5 174 1 15.6 15.2 17.5 3.5 2 0 5 3 3
176.7 -10339.5 -6.5 266 0 32.8 17.2 10.0 2.5 4 0 4 0 0
108.5 -10354.7 -6.2 177 0 5.4 11.9 5.0 2.5 2 1 2 5 5
258.6 -10388.3 -6.6 356 0 25.4 11.8 10.0 2.5 2 0 4 4 4
290.8 -10745.3 -7.3 84 0 11.0 65.7 14.0 3.5 2 1 4 1 1
351.7 -10726.4 -7.4 174 0 46.2 12.7 17.5 3.5 2 0 5 1 1
348.6 -10664.8 -7.0 176 0 58.7 13.2 17.5 3.5 4 0 5 2 2
343.3 -10604.2 -6.6 175 0 44.4 9.5 10.5 0.0 0 0 3 4 4
390.5 -10746.6 -7.4 85 0 10.2 43.1 17.5 3.5 2 1 5 1 1
451.0 -10715.3 -7.3 90 0 12.9 30.5 17.5 3.5 2 1 5 1 1
485.0 -10742.6 -7.5 88 0 13.5 61.9 17.5 3.5 2 1 5 4 4
483.2 -10640.6 -7.1 357 0 60.5 13.3 17.5 3.5 2 0 5 3 3
522.2 -10709.6 -7.5 358 0 59.1 11.9 17.5 3.5 2 0 5 4 4
513.8 -10638.3 -7.1 358 0 61.3 13.1 17.5 3.5 2 0 5 3 3
436.3 -10513.0 -6.8 266 0 13.1 59.7 17.5 3.5 2 1 5 0 0
472.1 -10540.0 -6.8 268 0 12.1 59.1 17.5 3.5 2 1 5 0 0
333.1 -10466.9 -6.7 175 0 56.8 13.0 17.5 3.5 2 0 5 3 3
327.0 -10394.6 -6.8 180 0 58.2 11.3 17.5 3.5 2 0 5 4 4
370.8 -10492.1 -6.8 87 0 14.4 58.6 17.5 3.5 2 1 5 2 2
356.5 -10392.2 -6.9 177 0 60.8 12.9 17.5 3.5 4 0 5 5 5
320.3 -10322.3 -6.9 175 0 61.4 14.0 17.5 3.5 4 0 5 1 1
356.1 -10289.5 -7.0 263 0 16.3 63.7 17.5 3.5 2 1 5 0 0
390.9 -10288.8 -7.0 265 0 15.3 56.0 17.5 0.0 0 1 5 0 0
387.7 -10375.2 -6.9 171 0 28.4 12.6 17.5 0.0 0 0 5 3 3
421.0 -10435.7 -6.9 87 0 12.5 30.6 17.5 3.5 2 1 5 2 2
456.2 -10469.7 -7.1 90 0 12.5 59.4 17.5 3.5 2 1 5 4 4
429.2 -10376.7 -7.0 357 0 31.6 21.1 17.5 0.0 0 0 5 2 2
451.1 -10401.7 -7.2 88 0 11.9 60.3 17.5 3.5 2 1 5 5 5
-35.0 -10404.2 -6.9 351 0 79.1 16.4 14.0 3.5 2 0 4 3 3
-65.7 -10291.2 -6.7 256 0 16.8 67.1 14.0 3.5 4 1 4 2 2
6581.5 -5379.7 -6.0 68 0 8.7 29.8 10.5 0.0 0 1 3 5 5
6533.6 -5195.7 -5.1 249 0 35.8 12.9 17.5 3.5 2 0 5 1 1
6876.8 -5661.2 -5.3 270 0 47.1 61.3 17.5 0.0 0 0 5 4 4
6785.0 -5696.8 -5.4 338 0 71.3 46.8 14.0 0.0 0 0 4 4 4
-5937.4 -9542.9 -8.7 2 0 44.0 16.3 52.5 3.5 2 0 15 2 2
-5938.5 -9606.7 -8.6 1 0 38.0 16.3 14.0 3.5 2 0 4 0 0
-5943.6 -9740.3 -9.2 20 0 30.4 21.7 14.0 3.5 2 0 4 1 1
-6043.8 -9860.0 -9.2 110 0 28.2 41.5 14.0 3.5 2 1 4 5 5
-6370.4 1025.5 -2.7 64 0 36.9 72.7 14.0 0.0 0 1 4 4 4
-6311.7 1074.1 -2.2 66 0 33.7 32.7 14.0 0.0 0 0 4 4 4
-6258.9 1097.5 -2.3 66 0 26.9 32.8 14.0 0.0 0 1 4 0 0
-5336.1 2115.7 -4.5 226 0 21.8 30.4 14.0 0.0 0 1 4 2 2
-5309.4 2145.7 -4.3 223 0 34.6 19.1 14.0 0.0 0 0 4 0 0
-5265.7 2126.0 -4.5 315 0 18.2 28.0 14.0 3.5 2 1 4 3 3
-5755.1 1659.0 -2.9 224 0 101.0 31.3 17.5 0.0 0 0 5 5 5
-5512.0 1485.2 -1.7 154 0 24.9 42.3 14.0 0.0 0 1 4 0 0
-5382.6 1771.3 -2.9 47 0 106.8 131.1 17.5 0.0 0 1 5 1 1
-4984.8 2152.9 -4.7 315 0 25.8 21.5 14.0 3.5 2 0 4 5 5
-5011.9 2148.7 -4.6 317 0 61.4 112.6 14.0 0.0 0 1 4 4 4
-4747.6 2084.8 -4.2 294 0 143.5 85.8 14.0 0.0 0 0 4 2 2
-4916.2 2089.6 -4.3 116 0 12.6 17.7 14.0 3.5 2 1 4 3 3
-4874.2 2064.4 -4.1 115 0 19.0 21.0 14.0 3.5 2 1 4 1 1
-4859.5 2131.4 -4.5 294 0 51.5 28.7 14.0 0.0 0 0 4 4 4
-4427.5 1978.1 -3.0 79 0 26.8 19.4 17.5 3.5 2 0 5 4 4
-4433.0 2042.2 -3.4 335 0 30.6 70.8 17.5 0.0 0 1 5 2 2
-4574.7 1942.1 -2.9 244 0 73.8 42.0 17.5 0.0 0 0 5 5 5
5865.9 -210.0 -1.5 59 0 101.3 11.3 17.5 3.5 2 0 5 2 2
-398.4 4012.7 -2.1 203 0 444.0 71.4 12.5 0.0 0 0 5 5 5
418.8 -10464.8 -6.9 80 1 13.5 14.1 17.5 3.5 2 0 5 2 2
3534.4 -9136.5 -6.3 244 0 45.4 37.3 14.0 0.0 0 0 4 5 5
3559.7 -9095.0 -6.3 245 0 45.3 21.4 14.0 3.5 2 0 4 3 3
3615.2 -9160.3 -7.2 335 0 22.0 44.0 14.0 3.5 2 0 4 2 2
3591.4 -9103.5 -6.3 243 0 10.1 50.1 14.0 3.5 2 0 4 1 1
3635.8 -9109.8 -6.3 334 0 48.4 12.4 14.0 3.5 2 0 4 5 5
3596.3 -9081.1 -6.3 247 0 21.4 18.4 14.0 3.5 2 0 4 2 2
3641.1 -9144.9 -6.8 328 0 19.5 23.4 14.0 3.5 2 0 4 2 2
3635.0 -9062.8 -7.5 154 0 106.3 51.5 14.0 0.0 0 0 4 1 1
