-2281.6 8510.7 -7.7 360 0 39.0 99.4 7.5 0.0 0 1 3 2 2
-1025.9 9551.8 -6.1 69 0 20.3 63.2 14.0 3.5 2 1 4 1 1
-1043.1 10190.5 -7.2 63 0 29.3 77.8 10.0 0.0 0 1 4 0 0
-917.0 9575.7 -6.0 62 0 73.0 24.4 14.0 0.0 0 0 4 1 1
-1007.5 10213.1 -7.1 63 0 30.0 75.0 10.0 0.0 0 1 4 4 4
-1139.4 10375.5 -7.6 243 0 30.7 112.1 10.0 0.0 0 1 4 0 0
-2453.0 8511.8 -8.2 180 0 42.5 55.0 7.5 0.0 0 1 3 0 0
-999.2 9532.4 -6.1 62 0 98.0 25.6 14.0 0.0 0 0 4 5 5
-1858.6 9130.7 -8.0 62 0 55.7 31.9 12.5 0.0 0 0 5 3 3
-1107.5 10394.0 -7.4 243 0 21.6 112.1 7.5 0.0 0 1 3 0 0
-1932.5 9185.8 -8.4 152 0 79.2 29.6 10.0 0.0 0 0 4 4 4
-1024.0 9684.1 -6.2 248 0 16.3 44.7 14.0 3.5 4 1 4 1 1
-1937.4 9278.4 -8.6 241 0 56.9 32.0 10.0 0.0 0 0 4 1 1
-997.2 9695.4 -6.2 248 0 18.0 44.8 14.0 3.5 2 1 4 5 5
-1094.7 9661.0 -6.3 249 0 16.7 126.0 14.0 0.0 0 1 4 3 3
-907.0 9643.0 -6.0 338 0 52.3 20.8 14.0 3.5 2 0 4 4 4
-974.4 9708.9 -6.2 248 0 21.0 55.8 14.0 3.5 2 1 4 1 1
-1020.9 10442.1 -6.9 243 0 21.6 112.1 7.5 0.0 0 1 3 2 2
-1177.0 10353.9 -7.9 243 0 30.7 112.1 7.5 0.0 0 1 3 4 4
-1078.7 10408.1 -7.2 243 0 21.6 112.1 7.5 0.0 0 1 3 4 4
-977.4 9575.5 -6.0 69 0 20.6 49.5 14.0 3.5 2 1 4 3 3
-1114.1 10198.8 -7.4 153 0 78.2 33.5 10.0 0.0 0 0 4 1 1
-930.1 9601.1 -6.0 69 0 21.1 56.4 14.0 0.0 0 1 4 4 4
-948.9 9721.1 -6.2 248 0 21.1 57.7 14.0 3.5 2 1 4 5 5
-986.4 10458.4 -6.7 243 0 21.6 112.1 10.0 0.0 0 1 4 5 5
-1071.5 9670.4 -6.3 248 0 20.9 57.2 14.0 3.5 2 1 4 1 1
-952.6 9587.8 -6.0 69 0 19.9 46.8 14.0 3.5 2 1 4 5 5
-2458.5 8621.1 -8.4 178 0 149.6 175.1 10.0 0.0 0 1 4 2 2
-1049.8 10424.4 -7.1 243 0 21.6 112.1 7.5 0.0 0 1 3 3 3
-924.6 10428.9 -6.5 333 0 112.1 21.6 7.5 0.0 0 0 3 5 5
-1047.9 9679.1 -6.2 248 0 19.0 55.3 14.0 3.5 2 1 4 5 5
-1001.8 9563.7 -6.1 69 0 21.2 61.7 14.0 3.5 2 1 4 2 2
