1890.2 -1252.7 -27.9 270 0 51.1 41.1 10.5 0.0 0 0 3 1 1
1858.6 -1216.3 -28.2 180 0 16.0 55.4 12.5 2.5 2 1 5 5 5
1859.6 -1169.5 -27.6 180 0 34.9 15.8 10.0 2.5 2 0 4 5 5
1999.7 -1122.0 -26.2 360 0 18.2 55.1 10.0 2.5 2 1 4 2 2
2040.3 -1063.4 -24.9 89 0 12.6 30.7 12.5 2.5 2 1 5 3 3
1975.4 -1031.1 -22.4 270 0 40.5 10.4 12.5 2.5 2 0 5 2 2
1915.6 -1033.1 -21.0 270 0 26.7 12.9 10.0 2.5 2 0 4 0 0
1859.4 -1064.6 -21.6 180 0 28.8 15.4 12.5 2.5 2 0 5 0 0
1859.5 -1108.1 -24.3 180 0 32.8 21.5 10.0 0.0 0 0 4 3 3
1577.6 -764.2 -0.1 180 0 44.7 7.5 7.5 2.5 2 0 3 4 4
1558.6 -666.4 2.7 180 0 18.6 7.1 7.5 0.0 0 0 3 4 4
1658.3 -687.8 0.9 180 0 12.8 14.2 5.0 2.5 2 1 2 0 0
1687.6 -588.2 2.5 270 0 57.4 9.9 7.5 2.5 2 0 3 0 0
1626.5 -570.3 3.7 270 0 59.3 9.5 7.5 2.5 2 0 3 4 4
1592.9 -585.3 4.0 270 0 7.5 17.0 7.5 0.0 0 1 3 1 1
1592.5 -556.3 4.7 270 0 15.0 12.4 5.0 2.5 2 0 2 4 4
1630.9 -555.6 4.2 270 0 29.3 9.4 7.5 2.5 2 0 3 2 2
1699.3 -553.4 3.3 270 0 37.6 10.9 10.0 2.5 2 0 4 1 1
1788.6 -674.6 -0.5 360 0 25.9 15.0 15.0 0.0 0 0 6 2 2
1776.9 -561.9 -0.9 270 0 61.5 65.3 12.5 0.0 0 1 5 0 0
1608.2 -1043.9 -9.1 90 0 5.7 31.6 5.0 0.0 0 1 2 1 1
1811.8 -1018.7 -17.9 360 0 29.9 9.6 7.5 2.5 4 0 3 2 2
1742.2 -1001.1 -14.9 90 0 12.4 8.5 7.5 2.5 2 0 3 2 2
1791.6 -1013.7 -16.9 360 0 19.9 35.5 10.0 0.0 0 1 4 1 1
1776.6 -916.9 -11.0 360 0 6.7 18.4 7.5 2.5 2 1 3 3 3
1809.0 -757.7 -4.2 360 0 57.7 8.9 7.5 2.5 2 0 3 4 4
1791.1 -708.7 -1.1 360 0 13.0 37.7 7.5 2.5 2 1 3 5 5
1764.9 -767.7 -3.8 360 0 52.8 26.4 15.0 2.5 4 0 6 2 2
1667.6 -770.6 -2.3 180 0 49.9 14.9 7.5 2.5 2 0 3 4 4
1724.3 -766.3 -2.8 360 0 48.5 22.4 10.0 2.5 2 0 4 5 5
1666.8 -868.3 -6.7 180 0 12.7 17.1 2.5 2.5 4 1 1 4 4
1711.8 -842.2 -5.8 360 0 12.2 51.5 12.5 0.0 0 1 5 0 0
1612.8 -872.8 -6.0 180 0 12.0 20.7 10.0 2.5 2 1 4 5 5
1585.0 -842.4 -4.3 180 0 18.8 36.8 12.5 0.0 0 1 5 4 4
1557.6 -859.8 -5.0 180 0 45.9 8.2 7.5 2.5 2 0 3 2 2
1554.1 -931.2 -5.7 180 0 53.4 7.1 7.5 2.5 2 0 3 5 5
1588.7 -997.3 -8.5 180 0 23.2 12.0 10.0 2.5 2 0 4 0 0
1564.4 -994.4 -7.2 180 0 61.4 20.3 7.5 0.0 0 0 3 1 1
2210.7 643.5 12.0 302 0 11.8 74.2 7.5 2.5 2 1 3 2 2
2459.7 974.5 25.7 302 0 10.1 22.6 2.5 0.0 0 1 1 0 0
2336.3 985.6 27.3 212 0 16.7 10.2 7.5 2.5 2 0 3 0 0
2339.4 870.1 13.3 212 0 26.4 10.3 10.0 2.5 2 0 4 5 5
2287.8 783.1 12.0 122 0 11.5 43.8 12.5 2.5 2 1 5 4 4
2174.2 728.5 14.6 212 0 39.4 16.1 10.0 2.5 4 0 4 1 1
2124.8 649.7 13.3 212 0 67.0 16.1 12.5 2.5 2 0 5 2 2
3094.1 -474.5 20.0 28 0 29.3 19.9 10.0 2.5 2 0 4 2 2
2171.4 -484.1 -21.5 181 0 62.4 17.1 7.5 2.5 2 0 3 4 4
