-4989.7 -2938.0 6.8 90 0 180.6 124.5 14.0 0.0 0 0 4 4 4
-3195.2 -7859.7 -11.8 42 0 84.1 160.2 10.0 0.0 0 1 4 4 4
-3257.7 -7676.5 -11.5 223 0 78.7 172.1 12.5 0.0 0 1 5 3 3
-5081.0 -3055.0 6.6 180 0 124.5 180.6 17.5 0.0 0 1 5 1 1
-3156.3 -7440.9 -9.9 53 0 132.5 85.3 14.0 0.0 0 0 4 4 4
-3103.1 -4671.7 0.8 62 0 10.6 28.1 15.0 0.0 0 1 6 5 5
-3118.3 -4644.3 -0.5 63 0 11.2 28.7 10.0 0.0 0 1 4 5 5
-3153.9 -4579.1 -2.2 241 0 9.9 28.5 7.5 2.5 2 1 3 1 1
-3168.7 -4552.3 -3.4 241 0 10.0 27.4 15.0 0.0 0 1 6 5 5
-3086.8 -4650.2 -0.5 61 0 11.7 63.3 12.5 2.5 2 1 5 2 2
-3150.6 -4533.7 -3.2 241 0 10.9 51.0 10.0 2.5 2 1 4 3 3
-3066.8 -4618.5 -0.3 61 0 13.9 59.7 12.5 2.5 2 1 5 5 5
-3125.2 -4511.1 -2.7 241 0 13.4 43.3 10.0 2.5 2 1 4 5 5
-3131.5 -4491.9 -4.3 328 0 12.5 43.5 10.0 2.5 2 1 4 2 2
-3186.7 -4533.6 -4.8 239 0 35.4 12.1 10.0 2.5 2 0 4 3 3
-3031.2 -4575.1 -0.1 34 0 13.1 59.7 12.5 0.0 0 1 5 4 4
-2989.0 -4488.7 1.6 307 0 14.1 73.7 7.5 2.5 2 1 3 3 3
-3016.0 -4470.1 0.2 306 0 14.1 72.0 10.0 2.5 2 1 4 0 0
-3021.2 -4710.1 5.2 206 0 54.5 66.1 14.0 0.0 0 1 4 1 1
-3024.3 -7247.7 -14.3 133 0 246.2 59.6 17.5 0.0 0 0 5 1 1
-3111.5 -4283.8 5.8 244 0 11.4 25.7 10.0 2.5 2 1 4 0 0
-3085.7 -4336.7 4.3 64 0 11.4 25.7 10.0 2.5 2 1 4 2 2
-3057.2 -4322.5 5.1 64 0 11.4 25.7 12.5 2.5 2 1 5 0 0
-3082.9 -4269.5 6.6 244 0 11.4 25.7 7.5 2.5 2 1 3 4 4
-3027.8 -4307.9 5.8 64 0 11.4 25.7 10.0 2.5 2 1 4 4 4
-3053.6 -4254.9 5.8 244 0 11.4 25.7 7.5 2.5 2 1 3 1 1
-2999.7 -4294.5 5.3 64 0 11.4 25.7 7.5 0.0 0 1 3 4 4
-3014.7 -4250.6 5.1 334 0 25.7 11.4 10.0 2.5 2 0 4 1 1
