6928.1 6190.3 -7.0 10 0 9.3 10.2 5.0 2.5 2 0 2 1 1
-4371.5 3769.6 -5.7 92 0 6.2 12.0 2.5 2.5 2 1 1 1 1
-4324.2 3998.9 -5.9 93 0 16.3 19.5 2.5 2.5 2 1 1 4 4
-4368.3 4009.8 -6.1 183 0 15.3 15.1 2.5 0.0 0 0 1 3 3
-4355.9 3966.3 -6.1 5 0 42.6 11.4 2.5 2.5 2 0 1 0 0
-4335.5 3926.4 -5.9 6 0 10.1 20.4 2.5 2.5 2 1 1 0 0
-4404.0 4073.1 -6.5 4 0 18.1 21.3 5.0 2.5 2 1 2 0 0
6094.0 7617.9 -6.9 250 0 12.3 12.7 5.0 2.5 2 1 2 1 1
5654.6 9279.0 -7.4 357 0 35.4 6.9 7.0 2.5 2 0 2 5 5
5693.1 9205.2 -7.5 87 0 11.5 38.4 2.5 2.5 2 1 1 1 1
5718.9 9246.7 -7.7 267 0 10.8 36.3 2.5 2.5 2 1 1 5 5
-1416.2 4452.7 2.0 92 0 9.1 19.5 5.0 2.5 4 1 2 3 3
-1413.6 4541.9 1.7 90 0 11.7 35.4 7.5 2.5 2 1 3 4 4
-1411.3 4739.4 1.3 89 0 6.1 21.7 5.0 2.5 4 1 2 0 0
