3731.8 3301.2 0.4 17 0 96.6 52.5 7.5 0.0 0 0 3 4 4
3459.3 3148.6 0.4 106 0 47.9 258.2 12.5 0.0 0 1 5 4 4
3617.5 3096.9 4.9 107 0 193.8 79.9 7.5 0.0 0 0 3 4 4
3539.0 3505.3 -1.4 196 0 94.2 79.5 12.5 0.0 0 0 5 2 2
3603.3 3212.6 11.0 105 0 78.0 54.4 12.5 0.0 0 0 5 5 5
873.6 11244.4 -5.8 122 0 26.1 12.9 10.0 2.5 2 0 4 0 0
945.9 11287.5 -2.8 300 0 22.2 13.0 10.0 2.5 2 0 4 3 3
941.7 11205.0 -1.8 119 0 13.5 25.9 10.0 2.5 2 1 4 2 2
910.8 11223.4 -3.0 120 0 21.5 12.4 10.0 2.5 2 0 4 5 5
911.5 11306.8 -5.1 300 0 22.0 12.8 10.0 2.5 2 0 4 3 3
977.8 11254.8 -0.4 28 0 24.6 13.0 7.5 2.5 2 0 3 5 5
3831.0 5921.0 -16.7 17 0 72.4 29.8 12.5 0.0 0 0 5 0 0
3742.9 4180.6 1.7 286 0 60.6 92.9 12.5 0.0 0 1 5 2 2
6725.7 4881.8 -11.5 125 0 10.2 22.4 10.0 2.5 2 1 4 4 4
3746.0 5950.5 -17.3 195 0 81.1 29.6 10.0 0.0 0 0 4 2 2
6597.4 4903.6 -12.7 31 0 25.2 12.1 7.5 2.5 2 0 3 2 2
2589.5 2259.8 -4.0 289 0 39.4 27.1 12.5 0.0 0 0 5 0 0
4183.8 640.4 -10.1 197 0 63.1 62.1 10.0 0.0 0 0 4 4 4
3663.6 3906.6 1.9 106 0 61.2 67.9 15.0 0.0 0 1 6 4 4
3745.2 3714.3 10.9 287 0 24.2 60.5 10.0 2.5 2 1 4 1 1
5479.6 3916.0 -18.3 290 0 49.1 153.1 10.0 0.0 0 1 4 1 1
3798.9 1548.3 -8.6 286 0 22.3 87.2 15.0 0.0 0 1 6 5 5
3966.5 1021.3 -2.9 195 0 58.4 71.2 10.0 0.0 0 1 4 3 3
6646.9 4988.7 -10.3 29 0 48.5 14.2 10.0 2.5 2 0 4 1 1
4756.3 3236.9 8.2 286 0 96.2 122.5 12.5 0.0 0 1 5 0 0
3851.2 5988.9 -14.8 17 0 61.0 29.6 15.0 0.0 0 0 6 2 2
4498.7 3690.6 -2.2 285 0 37.2 74.2 12.5 0.0 0 1 5 4 4
3817.0 3661.7 9.8 16 0 61.3 24.1 12.5 2.5 2 0 5 2 2
5640.8 3857.7 -24.7 290 0 48.2 151.8 10.0 0.0 0 1 4 0 0
3779.7 6029.9 -17.2 207 0 71.6 29.6 12.5 0.0 0 0 5 2 2
3891.5 1520.6 -9.6 287 0 24.1 85.9 12.5 0.0 0 1 5 4 4
4300.6 753.9 -5.9 287 0 105.5 26.2 10.0 0.0 0 0 4 1 1
5185.6 2189.5 -0.5 278 0 61.8 142.6 12.5 0.0 0 1 5 3 3
4515.3 679.9 -4.6 286 0 50.2 200.3 10.0 0.0 0 1 4 4 4
3784.0 5856.3 -17.5 107 0 41.5 30.1 12.5 0.0 0 0 5 4 4
3752.9 1561.6 -8.1 286 0 24.0 87.5 10.0 0.0 0 1 4 4 4
6619.6 4939.9 -11.9 31 0 49.0 14.8 10.0 2.5 2 0 4 5 5
4865.7 3207.3 0.9 286 0 96.6 122.2 12.5 0.0 0 1 5 5 5
4755.4 2873.5 5.4 107 0 86.2 200.1 12.5 0.0 0 1 5 4 4
4284.4 503.4 -9.6 17 0 120.0 63.7 12.5 0.0 0 0 5 0 0
3852.3 3651.2 9.2 15 0 62.3 23.3 10.0 2.5 2 0 4 4 4
5579.3 3880.0 -21.7 290 0 48.2 151.1 12.5 0.0 0 1 5 5 5
4477.5 254.2 -15.1 106 0 81.9 188.6 12.5 0.0 0 1 5 5 5
3728.7 4021.2 1.1 17 0 92.7 60.2 12.5 0.0 0 0 5 2 2
3791.5 3793.0 8.1 286 0 41.5 64.0 10.0 0.0 0 1 4 0 0
3844.9 1533.9 -9.2 286 0 24.9 85.9 7.5 0.0 0 1 3 1 1
4067.1 3363.6 0.7 196 0 167.6 49.7 7.5 0.0 0 0 3 2 2
4607.7 546.3 -4.3 17 0 200.3 82.9 15.0 0.0 0 0 6 5 5
3725.0 5890.1 -16.4 197 0 29.1 41.8 10.0 0.0 0 1 4 2 2
5693.8 3838.1 -27.0 289 0 33.9 108.7 12.5 0.0 0 1 5 2 2
3881.2 6069.4 -19.3 308 0 31.0 50.4 10.0 0.0 0 1 4 2 2
4128.5 3986.0 -3.6 286 0 85.4 114.4 12.5 0.0 0 1 5 0 0
4544.6 3677.4 -0.5 286 0 33.5 74.3 12.5 0.0 0 1 5 1 1
3780.2 3704.9 10.4 286 0 24.2 61.0 10.0 0.0 0 1 4 1 1
4564.6 2701.3 -0.1 285 0 73.5 121.7 12.5 0.0 0 1 5 4 4
4218.6 1859.8 -3.3 286 0 94.2 360.1 10.0 0.0 0 1 4 5 5
4129.9 4001.7 -12.9 106 0 90.0 119.1 12.5 0.0 0 1 5 3 3
4166.7 474.7 -13.3 107 0 63.3 120.7 12.5 0.0 0 1 5 0 0
3979.9 928.9 -0.4 104 0 72.0 25.5 12.5 0.0 0 0 5 1 1
4398.4 279.1 -19.4 106 0 48.6 184.1 10.0 0.0 0 1 4 5 5
3988.0 -3248.3 -19.9 89 0 32.5 68.5 7.5 0.0 0 1 3 5 5
5383.3 3664.9 -7.5 290 0 20.5 63.3 12.5 2.5 4 1 5 0 0
3985.0 -3093.8 -23.5 269 0 31.4 65.8 12.5 0.0 0 1 5 0 0
5324.7 3652.7 -10.4 199 0 61.7 22.4 10.0 2.5 2 0 4 5 5
3948.9 -3248.3 -22.1 89 0 34.9 153.9 10.0 0.0 0 1 4 4 4
4291.5 -5471.9 10.6 179 0 79.1 30.6 17.5 0.0 0 0 5 1 1
2547.7 3156.3 0.6 17 0 13.2 32.0 7.5 2.5 2 1 3 3 3
6669.4 5024.5 -10.4 28 0 24.5 12.4 12.5 2.5 2 0 5 3 3
2759.1 5216.7 -1.9 119 0 12.1 16.3 5.0 2.5 2 1 2 3 3
3910.2 5850.9 -16.5 103 0 9.4 23.8 5.0 2.5 2 1 2 2 2
6635.7 5120.5 -16.0 286 0 12.0 24.5 10.0 2.5 2 1 4 1 1
6604.5 5010.5 -9.9 207 0 24.3 11.7 5.0 2.5 4 0 2 2 2
4430.5 3435.1 2.2 106 0 97.8 153.4 10.0 0.0 0 1 4 2 2
2488.6 3175.3 -0.2 107 0 19.8 33.9 7.5 0.0 0 1 3 5 5
6620.3 5038.5 -9.7 208 0 25.8 11.0 7.5 2.5 2 0 3 2 2
4920.3 2934.5 0.1 17 0 189.8 84.3 17.5 0.0 0 0 7 4 4
3909.4 1401.5 -9.0 107 0 25.0 95.0 12.5 0.0 0 1 5 4 4
4617.4 3044.9 5.5 16 0 147.4 55.5 12.5 0.0 0 0 5 0 0
6606.5 5129.2 -15.8 275 0 12.3 28.4 12.5 2.5 2 1 5 0 0
2572.7 3266.3 -2.4 15 0 31.7 22.4 12.5 0.0 0 0 5 1 1
6636.3 5065.3 -12.5 209 0 24.8 11.1 15.0 0.0 0 0 6 1 1
6671.1 5107.0 -16.2 298 0 11.7 24.7 10.0 0.0 0 1 4 4 4
6583.5 4973.1 -11.4 209 0 48.8 12.6 12.5 0.0 0 0 5 0 0
4525.1 2894.4 4.3 106 0 84.2 74.1 10.0 0.0 0 0 4 5 5
2524.9 3290.7 -3.1 286 0 26.0 73.5 10.0 0.0 0 1 4 0 0
4518.0 3073.6 4.4 196 0 145.8 39.0 10.0 0.0 0 0 4 2 2
6685.9 5055.6 -13.9 29 0 30.5 14.3 7.5 2.5 2 0 3 3 3
5649.7 -9211.1 -27.5 238 0 18.7 70.6 14.0 3.5 2 1 4 5 5
3920.9 -4342.6 -17.3 90 0 39.3 28.3 10.5 0.0 0 0 3 3 3
4509.8 -8060.6 -15.0 272 0 13.9 33.2 17.5 0.0 0 1 5 3 3
5861.1 -9260.5 -29.2 57 0 18.8 69.4 14.0 3.5 2 1 4 4 4
4064.3 3595.7 8.1 16 0 86.5 83.8 12.5 0.0 0 0 5 3 3
5015.0 -9703.1 -23.6 234 0 21.2 61.3 17.5 3.5 2 1 5 3 3
3144.5 -7100.8 -4.8 180 0 48.8 14.8 21.0 3.5 2 0 6 2 2
3871.1 -4332.5 -17.7 91 0 37.0 62.9 10.5 0.0 0 1 3 1 1
4982.8 -9896.1 -21.6 55 0 18.6 61.3 17.5 0.0 0 1 5 4 4
5779.1 -9171.1 -29.0 328 0 69.1 18.3 14.0 3.5 2 0 4 0 0
4012.4 -9868.2 -11.2 333 0 61.8 44.0 17.5 0.0 0 0 5 2 2
5736.1 -8651.4 -16.3 270 0 12.2 95.4 14.0 3.5 2 1 4 3 3
-808.2 -4616.2 19.6 188 0 49.3 98.2 10.0 0.0 0 1 4 0 0
2844.3 -3983.2 -5.8 268 0 178.3 64.5 14.0 0.0 0 0 4 2 2
5803.5 -9154.5 -28.9 327 0 68.7 18.4 14.0 3.5 2 0 4 5 5
4634.3 -9183.1 -12.2 232 0 7.4 35.8 10.5 3.5 2 1 3 5 5
3976.1 -3654.7 -4.0 0 0 17.5 66.9 10.0 2.5 2 1 4 4 4
4935.9 -9930.0 -20.1 54 0 18.7 62.7 17.5 3.5 2 1 5 3 3
4257.0 -9654.8 -3.8 59 0 25.7 47.6 17.5 0.0 0 1 5 4 4
-721.6 -4712.1 18.2 6 0 86.0 45.7 12.5 0.0 0 0 5 5 5
5885.6 -9245.5 -29.0 57 0 19.0 70.5 14.0 3.5 2 1 4 2 2
4628.4 -9211.2 -13.0 322 0 36.8 11.2 17.5 3.5 2 0 5 0 0
2919.2 -5401.4 -3.4 358 0 114.4 72.3 10.5 0.0 0 0 3 1 1
5150.6 -9268.8 -22.7 82 0 13.4 36.2 17.5 3.5 2 1 5 3 3
3202.6 -3832.0 1.0 89 0 43.8 234.2 10.0 0.0 0 1 4 4 4
5259.2 -8845.5 -18.9 269 0 13.1 51.3 14.0 3.5 2 1 4 0 0
5700.3 -9180.4 -28.5 238 0 18.2 69.8 14.0 3.5 2 1 4 0 0
3847.5 3135.8 2.5 196 0 99.8 44.9 12.5 0.0 0 0 5 1 1
4179.8 -9701.5 -4.2 60 0 24.9 47.5 17.5 0.0 0 1 5 2 2
-623.9 -4501.4 24.2 277 0 27.0 112.4 12.5 0.0 0 1 5 1 1
-697.4 -4938.4 17.4 5 0 82.5 151.2 15.0 0.0 0 1 6 1 1
5538.4 -9469.9 -23.7 57 0 18.8 70.3 14.0 3.5 2 1 4 2 2
5423.1 -9519.8 -18.2 327 0 21.3 57.1 17.5 0.0 0 1 5 2 2
5836.7 -9275.5 -29.3 57 0 19.4 68.6 14.0 3.5 2 1 4 2 2
3852.9 -5951.8 -3.9 178 0 129.3 115.4 17.5 0.0 0 0 5 0 0
4642.7 -9175.1 -11.9 231 0 7.1 37.3 10.5 3.5 2 1 3 0 0
4610.7 -9246.8 -13.7 53 0 7.0 36.8 10.5 3.5 2 1 3 3 3
5190.6 -9700.8 -21.4 237 0 13.6 38.7 17.5 3.5 2 1 5 5 5
5310.7 -8837.0 -19.6 269 0 12.0 63.3 14.0 3.5 2 1 4 3 3
4595.9 -9405.4 -18.4 50 0 7.0 36.2 10.5 3.5 4 1 3 1 1
-812.8 -4701.1 18.6 186 0 86.0 37.0 15.0 0.0 0 0 6 1 1
5452.9 -9565.0 -17.4 327 0 12.0 57.1 17.5 3.5 2 1 5 3 3
4343.0 -227.4 -28.5 280 0 37.5 53.4 12.5 0.0 0 1 5 4 4
4639.9 -9201.6 -12.5 321 0 35.7 9.2 10.5 3.5 2 0 3 5 5
3977.2 -3721.2 -3.8 359 0 99.1 37.9 10.0 0.0 0 0 4 1 1
4605.3 -9165.8 -11.0 321 0 32.7 7.4 10.5 3.5 2 0 3 4 4
5235.5 -9198.8 -23.0 346 0 19.9 10.5 17.5 3.5 2 0 5 4 4
5232.7 -8831.2 -18.1 242 0 65.8 12.8 14.0 3.5 2 0 4 5 5
5226.8 -9675.4 -20.6 235 0 13.8 17.9 17.5 3.5 2 1 5 2 2
5335.7 -8838.0 -20.3 268 0 11.0 49.9 14.0 3.5 2 1 4 0 0
2759.6 -5403.3 -4.1 179 0 112.4 72.7 10.5 0.0 0 0 3 3 3
4060.5 3094.8 -3.7 196 0 97.3 89.9 12.5 0.0 0 0 5 5 5
4608.3 -7057.9 -14.4 268 0 13.2 49.0 17.5 3.5 2 1 5 0 0
-706.1 -4833.5 17.3 7 0 78.5 126.1 12.5 0.0 0 1 5 3 3
2835.9 -4737.4 11.0 90 0 73.0 96.4 14.0 0.0 0 1 4 0 0
4616.0 -9155.4 -10.6 322 0 33.0 7.3 10.5 3.5 2 0 3 3 3
5405.6 -9495.6 -18.6 327 0 21.1 55.6 17.5 3.5 2 1 5 0 0
4436.8 -241.2 -28.2 279 0 37.9 53.7 12.5 0.0 0 1 5 2 2
3951.9 3117.2 -3.7 197 0 90.2 95.1 10.0 0.0 0 1 4 4 4
4620.7 -9239.1 -13.3 54 0 7.7 35.7 10.5 3.5 2 1 3 3 3
2977.0 -4690.1 6.1 360 0 96.7 74.3 14.0 0.0 0 0 4 4 4
5084.0 -9535.8 -24.1 230 0 198.7 53.6 17.5 0.0 0 0 5 3 3
2559.0 -4694.2 24.2 359 0 101.2 72.3 14.0 0.0 0 0 4 5 5
5285.2 -8832.2 -19.2 269 0 13.7 68.9 14.0 0.0 0 1 4 5 5
5663.3 -9387.0 -26.1 57 0 18.2 68.7 14.0 3.5 2 1 4 3 3
5783.4 -8650.4 -17.5 269 0 18.8 93.9 14.0 0.0 0 1 4 2 2
5439.2 -9544.3 -17.8 327 0 20.7 57.0 17.5 3.5 2 1 5 0 0
4370.0 -359.4 -28.5 98 0 38.4 55.8 7.5 0.0 0 1 3 3 3
6867.0 -6806.7 -25.6 299 0 8.9 36.2 10.5 3.5 2 1 3 0 0
4594.8 -9173.7 -11.3 322 0 31.9 8.1 10.5 3.5 2 0 3 2 2
5207.5 -9686.9 -21.0 235 0 13.3 32.2 17.5 3.5 2 1 5 1 1
5311.2 -8812.6 -17.7 279 0 64.0 13.7 14.0 3.5 4 0 4 4 4
2673.9 -5403.1 0.1 179 0 110.2 70.3 10.5 0.0 0 0 3 3 3
5580.0 -9258.0 -26.4 237 0 18.4 68.3 14.0 3.5 2 1 4 5 5
5367.8 -9563.9 -19.9 327 0 101.7 83.5 17.5 0.0 0 0 5 2 2
4389.7 -234.6 -28.4 280 0 38.2 54.0 10.0 0.0 0 1 4 0 0
5687.7 -9371.6 -26.7 57 0 19.3 70.7 14.0 3.5 2 1 4 3 3
2406.9 -4536.8 21.3 179 0 161.0 54.9 14.0 0.0 0 0 4 0 0
2725.4 -4288.4 9.9 89 0 73.6 74.6 14.0 0.0 0 1 4 1 1
4966.9 -9736.7 -23.2 235 0 18.7 62.4 17.5 0.0 0 1 5 3 3
4439.9 -341.5 -28.4 8 0 54.4 37.0 12.5 0.0 0 0 5 4 4
4502.8 -8144.6 -18.1 181 0 67.1 15.2 17.5 0.0 0 0 5 3 3
5555.6 -9273.4 -25.9 237 0 17.9 68.5 14.0 3.5 2 1 4 4 4
5758.6 -9325.9 -28.1 58 0 17.7 69.2 14.0 3.5 2 1 4 0 0
-547.7 -4626.0 25.3 96 0 24.6 115.3 12.5 0.0 0 1 5 3 3
5034.7 -9783.3 -23.5 235 0 18.3 61.4 17.5 3.5 2 1 5 2 2
4014.3 -3692.0 0.4 360 0 79.3 28.4 7.5 0.0 0 0 3 5 5
6876.6 -6813.2 -25.5 300 0 8.0 35.5 10.5 3.5 2 1 3 2 2
4573.2 -8059.3 -17.6 270 0 12.7 51.7 17.5 3.5 2 1 5 1 1
4902.0 -9783.1 -22.5 234 0 18.9 61.8 17.5 3.5 2 1 5 2 2
5023.4 -9867.1 -23.1 55 0 18.8 62.0 17.5 3.5 2 1 5 1 1
5604.0 -9241.3 -27.0 238 0 19.2 68.5 14.0 3.5 2 1 4 0 0
5783.0 -9310.1 -28.7 58 0 18.7 68.9 14.0 3.5 2 1 4 4 4
4534.5 -8155.4 -19.1 180 0 45.6 14.3 17.5 3.5 2 0 5 5 5
5638.3 -9403.1 -25.6 58 0 18.3 68.6 14.0 3.5 2 1 4 0 0
4093.1 3698.3 6.4 15 0 99.3 88.1 10.0 0.0 0 0 4 4 4
4990.3 -9721.1 -23.3 235 0 17.8 61.3 17.5 3.5 2 1 5 4 4
2839.4 -4500.8 11.6 269 0 66.6 99.1 14.0 0.0 0 1 4 1 1
5351.3 -9395.8 -21.9 343 0 78.6 21.7 17.5 0.0 0 0 5 2 2
3111.1 -7100.5 -4.5 180 0 47.6 15.1 21.0 3.5 2 0 6 2 2
3822.6 -4343.5 -18.3 90 0 42.8 72.7 10.5 0.0 0 1 3 5 5
4855.3 -9817.3 -21.9 235 0 17.8 61.3 17.5 3.5 2 1 5 5 5
4020.4 -9861.6 -11.1 150 0 62.6 84.6 17.5 0.0 0 1 5 1 1
5734.8 -9341.2 -27.6 56 0 19.5 69.0 14.0 3.5 2 1 4 1 1
2558.1 -4533.3 17.2 359 0 161.2 80.0 14.0 0.0 0 0 4 0 0
2728.9 -4090.9 9.8 269 0 90.9 98.5 14.0 0.0 0 1 4 1 1
5924.1 -10200.3 -11.5 324 0 40.1 25.4 10.0 0.0 0 0 4 2 2
4131.6 -3858.2 -0.6 180 0 119.3 101.7 12.5 0.0 0 0 5 1 1
5046.8 -9849.7 -23.4 54 0 18.8 61.2 17.5 3.5 4 1 5 1 1
3929.0 -3898.5 -6.1 90 0 56.4 106.1 10.0 0.0 0 1 4 4 4
4542.6 -8060.0 -16.0 271 0 12.0 33.1 17.5 3.5 2 1 5 1 1
3858.9 -4344.2 -18.5 89 0 12.8 9.5 10.5 3.5 2 0 3 5 5
4959.7 -9912.9 -20.8 54 0 18.2 62.2 17.5 3.5 2 1 5 0 0
3811.0 3505.4 4.1 17 0 62.1 26.9 12.5 0.0 0 0 5 1 1
5811.6 -9291.0 -29.1 57 0 18.7 67.7 14.0 3.5 2 1 4 5 5
5828.8 -9138.3 -28.6 327 0 69.4 19.8 14.0 3.5 2 0 4 3 3
-1034.9 -4791.2 21.9 186 0 65.6 180.1 7.5 0.0 0 1 3 3 3
5059.4 -9765.7 -23.8 234 0 21.5 61.3 17.5 3.5 2 1 5 4 4
3079.2 -7100.9 -4.3 180 0 48.7 16.1 21.0 3.5 2 0 6 4 4
3819.2 -4416.1 -18.3 89 0 23.6 40.9 10.5 0.0 0 1 3 3 3
4572.6 -8125.5 -20.0 269 0 12.7 52.4 17.5 3.5 2 1 5 5 5
4879.2 -9800.5 -22.3 235 0 17.4 61.3 17.5 3.5 2 1 5 4 4
5676.1 -9196.4 -28.0 238 0 18.6 68.9 14.0 3.5 4 1 4 5 5
4226.1 -9673.7 -4.0 59 0 37.0 47.9 17.5 0.0 0 1 5 5 5
4943.7 -9754.3 -22.9 235 0 18.9 61.8 17.5 3.5 2 1 5 4 4
5464.8 -9372.8 -24.2 147 0 68.9 18.4 14.0 3.5 2 0 4 2 2
4201.2 708.4 -10.3 197 0 60.5 27.7 10.0 0.0 0 0 4 5 5
3183.8 -5165.3 -13.2 269 0 48.7 106.3 17.5 0.0 0 1 5 2 2
3223.7 -4883.8 3.8 269 0 97.1 32.6 17.5 0.0 0 0 5 1 1
4299.7 -3276.8 -17.9 88 0 15.4 82.9 14.0 3.5 4 1 4 3 3
2386.8 -4136.5 10.3 179 0 33.4 12.1 14.0 3.5 2 0 4 0 0
1909.1 -2932.5 8.8 1 0 54.7 19.3 12.5 2.5 2 0 5 3 3
4257.9 723.5 -6.6 287 0 26.2 60.7 12.5 2.5 2 1 5 3 3
3319.2 -4882.0 5.0 269 0 61.8 31.6 17.5 0.0 0 0 5 5 5
1859.8 -2738.0 16.8 269 0 26.5 61.6 10.0 0.0 0 1 4 2 2
4334.4 -3190.5 -22.0 269 0 36.7 85.6 14.0 0.0 0 1 4 2 2
2357.3 -4021.6 1.4 180 0 131.8 39.8 14.0 0.0 0 0 4 4 4
3587.5 -6882.9 -4.8 270 0 61.4 64.5 21.0 0.0 0 1 6 0 0
1908.0 -2831.9 14.8 0 0 38.3 20.0 10.0 0.0 0 0 4 2 2
1906.6 -2760.2 17.8 359 0 44.7 18.3 10.0 2.5 2 0 4 4 4
2868.8 -4435.2 3.1 88 0 130.4 63.1 14.0 0.0 0 0 4 0 0
3228.5 -5095.4 -6.0 90 0 37.5 101.0 17.5 0.0 0 1 5 2 2
1855.6 -2844.1 13.5 179 0 62.2 18.9 12.5 2.5 2 0 5 3 3
4235.4 816.0 -8.8 106 0 29.6 11.3 10.0 2.5 2 0 4 3 3
3277.6 -5096.4 -4.5 90 0 37.7 100.1 17.5 0.0 0 1 5 0 0
1865.5 -2987.5 8.5 90 0 20.9 100.5 12.5 0.0 0 1 5 0 0
1910.7 -2969.8 7.0 1 0 7.6 21.7 2.5 2.5 2 1 1 2 2
-6383.7 1600.0 -12.4 46 0 19.5 58.3 12.5 2.5 2 1 5 2 2
-6360.7 1620.6 -14.5 46 0 21.5 59.3 12.5 2.5 4 1 5 0 0
-6403.5 1581.6 -11.7 46 0 12.9 57.1 7.5 2.5 2 1 3 5 5
2181.4 -4842.0 13.4 359 0 102.7 24.0 14.0 0.0 0 0 4 0 0
1272.6 11225.7 -25.6 58 0 16.0 51.4 10.0 2.5 2 1 4 4 4
1301.5 11421.9 -17.8 232 0 12.7 20.5 7.5 2.5 2 1 3 4 4
1319.8 11343.8 -23.0 162 0 20.1 17.3 12.5 2.5 4 0 5 4 4
1434.4 11442.2 -16.5 327 0 19.8 16.1 12.5 2.5 2 0 5 3 3
1403.7 11459.2 -16.2 247 0 12.0 21.6 12.5 2.5 2 1 5 3 3
1394.6 11540.0 -20.7 207 0 9.2 15.8 2.5 2.5 2 1 1 4 4
1415.1 11518.2 -20.6 122 0 14.6 13.2 2.5 2.5 2 0 1 4 4
1501.6 11505.0 -21.0 15 0 10.4 15.7 5.0 2.5 2 1 2 5 5
1496.8 11452.0 -18.7 260 0 25.9 11.0 12.5 2.5 2 0 5 0 0
1546.0 11445.1 -22.6 254 0 28.9 16.1 10.0 2.5 2 0 4 3 3
1372.8 11904.4 -23.8 144 0 10.4 29.5 10.0 2.5 2 1 4 4 4
1585.4 11796.9 -18.6 139 0 23.9 22.3 10.0 2.5 2 0 4 5 5
