-3882.1 -10483.0 -3.8 229 0 144.9 169.4 17.5 0.0 0 1 5 2 2
-4013.8 -10334.7 -6.5 229 0 144.9 169.4 17.5 0.0 0 1 5 4 4
-585.3 -1714.2 12.7 93 0 69.6 64.0 17.5 0.0 0 0 5 3 3
-318.9 1623.1 -3.1 27 0 18.2 39.2 17.5 0.0 0 1 5 4 4
-6131.0 -5923.4 -9.4 152 0 22.1 8.7 10.5 3.5 2 0 3 3 3
-6210.0 -5820.6 -10.0 154 0 50.2 26.2 14.0 0.0 0 0 4 5 5
-6165.2 -5776.4 -9.9 247 0 16.7 39.7 14.0 3.5 2 1 4 5 5
-6161.8 -5771.6 -9.9 336 0 11.4 25.1 14.0 3.5 2 1 4 3 3
-6180.4 -5739.7 -9.9 341 0 13.7 14.4 14.0 3.5 2 1 4 2 2
-6134.4 -5841.2 -9.9 337 0 13.2 23.0 14.0 3.5 2 1 4 0 0
-6105.7 -5787.1 -9.8 334 0 14.3 37.4 14.0 3.5 2 1 4 3 3
-6124.8 -5836.2 -9.8 66 0 12.5 17.0 14.0 0.0 0 1 4 0 0
-6092.8 -5808.0 -9.8 326 0 26.3 13.7 14.0 3.5 2 0 4 2 2
-6023.4 -5840.4 -8.5 246 0 23.7 29.6 14.0 0.0 0 1 4 1 1
-6177.8 -5872.9 -9.9 61 0 15.8 14.6 14.0 3.5 2 0 4 4 4
-6182.2 -5854.5 -9.9 66 0 10.3 13.6 14.0 3.5 2 1 4 3 3
-6164.9 -5865.7 -9.9 61 0 10.9 13.5 14.0 3.5 2 1 4 5 5
-6191.9 -5881.9 -9.9 62 0 9.8 14.7 10.5 3.5 2 1 3 2 2
-6094.3 -5883.3 -9.1 154 0 14.1 24.5 14.0 3.5 2 1 4 0 0
-6091.1 -5916.2 -8.9 339 0 7.5 13.5 10.5 3.5 2 1 3 3 3
-6100.8 -5932.1 -8.9 332 0 11.7 4.4 10.5 3.5 2 0 3 0 0
-6082.7 -5927.7 -8.8 342 0 10.8 12.7 14.0 0.0 0 1 4 1 1
-6075.3 -5939.5 -8.7 338 0 13.2 14.9 14.0 3.5 2 1 4 3 3
-6071.7 -5960.4 -8.5 338 0 13.8 9.6 10.5 3.5 2 0 3 4 4
-6152.1 -5906.1 -9.7 138 0 11.9 17.6 14.0 3.5 2 1 4 3 3
-6144.9 -5917.1 -9.5 130 0 10.0 6.4 10.5 3.5 4 0 3 4 4
-6100.3 -5995.6 -8.6 156 0 20.6 10.8 14.0 3.5 2 0 4 0 0
-6041.9 -6005.5 -7.9 334 0 17.3 10.9 14.0 3.5 4 0 4 3 3
-6062.4 -6027.5 -7.9 153 0 10.0 9.5 10.5 3.5 4 0 3 2 2
-6113.7 -6006.7 -8.6 153 0 12.7 11.8 14.0 3.5 2 0 4 5 5
-6049.6 -6057.3 -7.5 162 0 12.8 9.7 10.5 0.0 0 0 3 2 2
-5995.3 -6077.7 -7.2 242 0 10.8 12.2 14.0 3.5 2 1 4 1 1
-5985.4 -6116.0 -7.7 46 0 17.2 13.6 14.0 3.5 2 0 4 2 2
-5915.7 -6063.4 -8.3 63 0 10.9 13.2 14.0 3.5 2 1 4 1 1
-5941.0 -6019.5 -7.2 329 0 10.0 13.0 10.5 3.5 4 1 3 0 0
-5947.2 -6009.8 -7.0 330 0 11.9 16.0 14.0 3.5 2 1 4 4 4
-5972.7 -6011.7 -6.9 150 0 8.9 15.2 10.5 3.5 2 1 3 5 5
-5960.3 -5991.2 -7.0 332 0 13.1 11.6 14.0 3.5 2 0 4 0 0
-6059.9 -6084.1 -7.6 298 0 19.2 14.3 14.0 3.5 2 0 4 4 4
-6044.6 -6093.5 -7.3 299 0 8.4 16.2 10.5 3.5 4 1 3 4 4
-6089.5 -6048.9 -8.0 235 0 8.1 16.6 10.5 3.5 2 1 3 1 1
-6109.8 -6029.4 -8.6 334 0 10.3 31.8 14.0 3.5 2 0 4 2 2
-6100.4 -6046.1 -8.3 332 0 9.1 12.7 10.5 3.5 2 1 3 2 2
-6105.8 -6037.3 -8.4 333 0 8.3 12.2 10.5 3.5 2 0 3 5 5
-6122.3 -6009.5 -8.7 333 0 5.2 10.4 10.5 3.5 2 1 3 5 5
-6144.0 -5969.5 -9.2 334 0 11.3 8.4 10.5 3.5 2 0 3 1 1
-5853.9 -5972.1 -8.3 334 0 15.2 37.1 14.0 3.5 2 1 4 1 1
-6012.6 -6147.4 -7.6 58 0 13.3 17.5 14.0 3.5 2 1 4 0 0
-6045.6 -6168.1 -7.2 63 0 12.2 22.4 14.0 3.5 2 1 4 1 1
-6116.1 -6163.0 -8.2 50 0 20.4 41.6 14.0 3.5 2 1 4 2 2
-6189.4 -6181.3 -8.6 139 0 28.5 11.1 14.0 3.5 2 0 4 1 1
-6215.2 -6150.3 -9.1 140 0 31.5 9.8 10.5 3.5 2 0 3 1 1
-6196.6 -6125.8 -8.9 139 0 16.1 76.5 14.0 3.5 2 0 4 4 4
-6122.2 -6069.4 -8.5 321 0 27.6 16.9 14.0 3.5 2 0 4 1 1
-6253.8 -6134.5 -9.6 321 0 23.1 12.5 14.0 3.5 2 0 4 5 5
-6285.7 -6058.2 -10.0 137 0 13.8 15.6 14.0 3.5 2 1 4 0 0
-6300.9 -6076.4 -9.7 320 0 11.5 11.6 14.0 0.0 0 1 4 1 1
-6246.2 -5992.6 -10.2 229 0 32.4 12.7 14.0 3.5 4 0 4 5 5
-6209.9 -5956.1 -10.0 234 0 12.6 21.6 14.0 3.5 2 1 4 3 3
-6173.8 -5922.7 -9.9 320 0 14.3 24.0 14.0 3.5 2 1 4 3 3
-6157.5 -5979.4 -9.4 332 0 15.2 14.2 14.0 3.5 2 0 4 4 4
-6155.5 -5999.0 -9.2 333 0 15.0 7.0 10.5 3.5 4 0 3 4 4
-6136.3 -6020.9 -8.9 326 0 17.5 17.5 14.0 3.5 2 1 4 3 3
-6159.9 -6211.0 -8.0 141 0 21.0 13.6 14.0 3.5 2 0 4 5 5
-6218.8 -6247.6 -8.5 154 0 24.3 17.1 14.0 3.5 2 0 4 4 4
-6152.1 -6261.2 -7.6 249 0 18.3 15.4 14.0 3.5 2 0 4 5 5
-6317.4 -6055.0 -9.7 320 0 18.7 91.4 14.0 0.0 0 1 4 5 5
-6373.3 -6145.0 -9.4 47 0 16.9 50.5 14.0 0.0 0 1 4 4 4
-6396.8 -6144.0 -9.2 47 0 13.1 23.5 14.0 3.5 2 1 4 2 2
-6451.8 -6155.8 -9.0 140 0 17.2 41.6 14.0 0.0 0 1 4 5 5
-6476.6 -6192.1 -9.5 140 0 17.5 41.3 14.0 3.5 2 1 4 2 2
-6339.2 -5994.7 -10.1 139 0 12.1 24.3 14.0 3.5 2 1 4 1 1
-6337.6 -5958.4 -10.2 117 0 11.0 27.3 14.0 0.0 0 1 4 3 3
-6349.1 -5931.2 -9.9 341 0 18.1 12.6 14.0 3.5 2 0 4 0 0
-6353.1 -5908.4 -9.9 359 0 17.4 19.9 14.0 3.5 2 1 4 3 3
-6364.7 -5857.4 -9.9 4 0 12.6 13.5 14.0 3.5 4 1 4 3 3
-6351.9 -5874.3 -10.0 3 0 13.5 9.0 10.5 3.5 2 0 3 5 5
-6350.3 -5856.3 -10.1 10 0 18.2 9.4 10.5 3.5 2 0 3 2 2
-6346.2 -5838.3 -10.2 4 0 12.4 10.4 14.0 3.5 2 0 4 2 2
-6344.6 -5824.2 -10.2 0 0 10.7 8.5 10.5 3.5 2 0 3 4 4
-6357.6 -5831.9 -10.1 7 0 21.6 9.1 10.5 3.5 4 0 3 0 0
-6348.2 -5801.9 -10.2 341 0 25.2 11.8 14.0 3.5 2 0 4 2 2
-6416.0 -5818.2 -9.9 247 0 15.0 19.0 14.0 3.5 2 1 4 4 4
-6445.5 -5792.0 -10.0 261 0 13.6 18.8 14.0 3.5 2 1 4 0 0
-6353.2 -5760.5 -10.4 78 0 16.1 13.8 14.0 3.5 2 0 4 2 2
-6391.2 -5717.0 -10.1 158 0 19.6 17.0 14.0 3.5 2 0 4 3 3
-6398.7 -5697.7 -10.1 157 0 11.7 17.9 14.0 3.5 2 1 4 3 3
-6401.1 -5723.8 -9.9 350 0 12.1 15.6 14.0 0.0 0 1 4 0 0
-6395.3 -5764.4 -9.9 344 0 17.0 13.8 14.0 3.5 2 0 4 0 0
-6405.6 -5743.3 -9.9 354 0 15.9 15.0 14.0 0.0 0 0 4 2 2
-6439.3 -5721.3 -10.0 89 0 17.6 14.0 14.0 3.5 2 0 4 2 2
-6481.8 -5742.2 -9.7 240 0 12.7 17.4 14.0 0.0 0 1 4 0 0
-6541.9 -5739.1 -9.8 312 0 23.9 16.0 14.0 3.5 2 0 4 5 5
-6529.4 -5756.3 -9.4 325 0 9.5 12.2 10.5 3.5 2 1 3 0 0
-6555.8 -5719.8 -10.0 333 0 21.1 12.2 14.0 3.5 2 0 4 4 4
-6478.4 -5809.6 -9.8 173 0 14.2 21.3 14.0 0.0 0 1 4 4 4
-6498.0 -5839.9 -9.2 179 0 22.4 11.7 14.0 3.5 2 0 4 4 4
-6447.5 -5881.2 -10.0 168 0 27.0 15.2 14.0 3.5 2 0 4 3 3
-6422.8 -5916.9 -10.0 138 0 14.8 26.9 14.0 3.5 2 1 4 3 3
-6369.1 -5953.5 -9.9 7 0 18.9 13.8 14.0 3.5 2 0 4 4 4
-6349.6 -5964.8 -9.9 288 0 15.6 12.9 14.0 3.5 2 0 4 4 4
-6347.1 -5996.4 -9.9 318 0 20.9 37.8 14.0 0.0 0 1 4 5 5
-6376.7 -6024.0 -9.9 318 0 18.1 43.6 14.0 3.5 2 1 4 0 0
-6445.2 -6011.1 -9.8 230 0 22.2 35.4 14.0 0.0 0 1 4 3 3
-4130.4 -11612.9 -18.1 34 0 12.3 42.4 14.0 3.5 2 1 4 4 4
-4207.7 -11587.6 -18.3 120 0 23.9 8.7 10.5 3.5 4 0 3 5 5
-4175.5 -11572.7 -17.9 308 0 34.6 12.9 14.0 3.5 2 0 4 1 1
-4150.2 -11555.4 -18.2 302 0 55.5 12.6 14.0 3.5 2 0 4 2 2
-4336.3 -11524.3 -18.2 146 0 10.6 5.4 10.5 3.5 2 0 3 4 4
-4258.2 -11544.7 -18.1 261 0 10.4 13.2 14.0 3.5 2 1 4 3 3
-4245.3 -11542.6 -17.9 256 0 9.8 11.8 10.5 3.5 2 1 3 4 4
-4233.4 -11537.4 -17.6 233 0 11.1 15.1 14.0 3.5 2 1 4 1 1
-4204.5 -11514.6 -16.9 311 0 7.6 17.3 10.5 3.5 2 1 3 0 0
-4205.7 -11526.4 -17.1 225 0 9.7 27.2 10.5 3.5 2 1 3 3 3
-4189.2 -11521.1 -16.7 311 0 10.3 8.9 10.5 3.5 4 0 3 0 0
-4230.4 -11525.4 -17.3 60 0 29.8 9.3 10.5 3.5 2 0 3 2 2
-4249.4 -11537.2 -17.6 61 0 12.2 8.7 10.5 3.5 2 0 3 5 5
-4215.1 -11490.0 -16.3 332 0 17.4 7.9 10.5 3.5 2 0 3 0 0
-4272.5 -11542.0 -18.0 72 0 12.5 10.1 17.5 3.5 4 0 5 4 4
-4254.2 -11528.6 -17.5 61 0 11.9 25.1 17.5 0.0 0 1 5 5 5
-4269.7 -11498.9 -17.0 242 0 9.1 5.4 10.5 3.5 2 0 3 1 1
-4236.8 -11484.7 -16.8 331 0 12.5 30.0 17.5 3.5 2 1 5 0 0
-4245.0 -11472.4 -16.4 330 0 14.1 15.2 17.5 0.0 0 1 5 1 1
-4103.1 -11595.2 -19.1 38 0 10.8 24.2 14.0 3.5 2 1 4 5 5
-4109.0 -11614.4 -18.9 226 0 6.4 15.7 10.5 3.5 2 1 3 3 3
-4057.0 -11625.7 -19.7 317 0 53.9 21.8 14.0 3.5 2 0 4 3 3
-4093.4 -11625.3 -19.0 230 0 7.8 6.1 10.5 3.5 2 0 3 4 4
-4006.1 -11656.8 -19.4 306 0 27.8 10.6 14.0 3.5 2 0 4 4 4
-4029.3 -11655.5 -19.0 308 0 6.2 14.8 10.5 3.5 4 1 3 4 4
-4261.1 -11447.3 -15.9 324 0 8.7 13.0 10.5 3.5 2 0 3 1 1
-4270.0 -11443.6 -15.8 323 0 7.5 6.9 10.5 3.5 2 0 3 2 2
-4360.8 -11434.2 -16.4 130 0 8.7 12.1 10.5 3.5 2 1 3 2 2
-4348.5 -11436.9 -16.4 36 0 12.1 5.5 10.5 3.5 2 0 3 2 2
-4326.1 -12089.6 -21.0 211 0 5.7 5.5 10.5 3.5 2 0 3 3 3
-4378.0 -12193.5 -26.1 297 0 13.0 11.3 17.5 0.0 0 0 5 3 3
-4423.1 -12141.2 -23.2 39 0 16.5 8.9 10.5 3.5 2 0 3 2 2
-4445.6 -12132.3 -22.5 126 0 8.6 4.5 10.5 3.5 2 0 3 5 5
-4446.0 -12114.2 -22.0 310 0 3.3 11.0 10.5 3.5 2 1 3 4 4
-4487.9 -12080.7 -20.4 312 0 11.8 11.6 14.0 3.5 2 0 4 0 0
-4498.7 -12094.5 -20.7 128 0 11.6 4.9 10.5 3.5 2 0 3 5 5
-4499.0 -12070.8 -19.9 313 0 8.5 12.8 10.5 3.5 2 1 3 5 5
-4560.9 -12025.4 -19.3 303 0 4.7 9.7 10.5 0.0 0 1 3 2 2
-4577.6 -12011.9 -19.3 306 0 6.8 11.1 10.5 3.5 2 1 3 0 0
-4717.1 -11918.9 -19.3 130 0 31.3 10.5 14.0 3.5 2 0 4 2 2
-4713.3 -11931.2 -19.3 129 0 9.2 6.0 10.5 3.5 4 0 3 0 0
-4768.3 -11888.6 -19.2 127 0 15.0 6.5 10.5 3.5 2 0 3 4 4
-4778.7 -11872.5 -19.2 128 0 17.0 13.5 14.0 3.5 2 0 4 5 5
-4706.0 -12198.9 -25.5 206 0 9.3 16.8 10.5 0.0 0 1 3 3 3
-4723.9 -12219.3 -26.1 11 0 13.2 15.4 14.0 3.5 2 1 4 2 2
-4798.0 -12213.0 -25.4 132 0 8.7 4.3 10.5 3.5 2 0 3 2 2
-4795.4 -12191.8 -24.9 311 0 12.2 12.6 17.5 3.5 2 1 5 5 5
-4816.5 -12179.9 -24.4 221 0 11.9 16.4 17.5 3.5 2 1 5 5 5
-4805.0 -12163.0 -23.1 131 0 12.2 12.0 14.0 3.5 2 0 4 4 4
-4807.4 -12171.4 -23.4 130 0 5.9 6.4 10.5 0.0 0 1 3 1 1
-4825.2 -12187.0 -24.1 31 0 6.6 9.5 10.5 3.5 2 1 3 2 2
-4819.7 -12180.1 -23.9 31 0 9.7 8.2 10.5 3.5 2 0 3 0 0
-4834.4 -12102.7 -20.8 287 0 11.5 16.8 14.0 0.0 0 1 4 4 4
-4842.9 -12135.7 -21.6 108 0 7.7 9.1 10.5 3.5 2 1 3 5 5
-4864.3 -12133.9 -21.6 123 0 13.6 9.1 10.5 3.5 2 0 3 1 1
-4865.1 -12148.1 -22.5 310 0 8.3 10.5 10.5 3.5 2 0 3 2 2
-4867.8 -12138.6 -22.0 306 0 6.7 8.6 10.5 3.5 2 0 3 2 2
-4891.6 -12117.1 -21.2 305 0 15.6 14.6 17.5 3.5 2 0 5 5 5
-4935.7 -12156.4 -22.4 118 0 11.7 8.5 10.5 3.5 2 0 3 5 5
-4921.8 -12098.7 -20.0 303 0 12.3 8.3 10.5 3.5 2 0 3 5 5
-4935.7 -12094.9 -20.1 300 0 13.6 14.8 17.5 3.5 2 1 5 3 3
-5008.8 -12097.6 -19.8 209 0 13.3 10.2 17.5 3.5 2 0 5 1 1
-5002.2 -12047.9 -19.5 28 0 20.1 12.4 17.5 0.0 0 0 5 4 4
-5011.2 -12068.2 -19.6 26 0 21.8 20.6 17.5 3.5 2 0 5 5 5
-5039.9 -12100.6 -19.6 125 0 13.2 15.0 17.5 3.5 2 1 5 0 0
-5053.9 -12056.4 -19.6 117 0 12.9 10.8 17.5 3.5 2 0 5 2 2
-5084.8 -12055.6 -19.6 131 0 16.9 12.0 17.5 3.5 2 0 5 4 4
-5089.8 -12059.1 -19.6 132 0 10.6 5.9 10.5 3.5 2 0 3 3 3
-4900.2 -11911.5 -19.3 35 0 12.6 14.1 17.5 3.5 2 1 5 5 5
-4867.6 -11864.6 -19.2 35 0 21.7 11.5 17.5 3.5 4 0 5 2 2
-4893.8 -12212.6 -25.8 304 0 16.4 17.6 17.5 3.5 2 1 5 1 1
-4933.1 -12225.3 -25.7 36 0 10.5 19.3 17.5 3.5 4 1 5 5 5
-4937.5 -12186.5 -24.5 305 0 13.1 16.9 17.5 3.5 2 1 5 5 5
-4974.8 -12155.7 -22.8 305 0 23.0 11.0 17.5 3.5 2 0 5 5 5
-4989.3 -12144.1 -22.1 304 0 12.3 12.1 17.5 3.5 2 0 5 5 5
-5000.6 -12137.7 -21.7 301 0 11.4 9.9 10.5 3.5 2 0 3 4 4
-5036.5 -12121.6 -21.1 213 0 13.4 17.0 17.5 3.5 2 1 5 0 0
-5056.1 -12147.4 -22.2 221 0 18.0 12.4 17.5 3.5 2 0 5 5 5
-5063.6 -12158.3 -22.5 216 0 5.1 14.1 10.5 3.5 2 1 3 5 5
-5067.2 -12146.7 -21.7 24 0 13.4 12.5 14.0 3.5 2 0 4 3 3
-5132.8 -12228.4 -25.2 39 0 9.9 14.2 10.5 3.5 4 1 3 4 4
-4404.6 -11382.1 -16.7 132 0 13.4 7.6 10.5 3.5 4 0 3 2 2
-4375.3 -11398.5 -16.1 131 0 8.5 11.7 10.5 0.0 0 1 3 0 0
-4384.6 -11390.7 -16.5 133 0 11.3 17.5 17.5 3.5 2 1 5 2 2
-4310.7 -11376.3 -16.3 312 0 13.0 11.6 17.5 3.5 2 0 5 2 2
-4331.1 -11359.1 -16.9 313 0 7.4 9.4 10.5 3.5 2 1 3 1 1
-4351.4 -11342.1 -17.5 311 0 9.3 13.1 10.5 3.5 4 1 3 1 1
-4369.6 -11330.4 -18.0 309 0 15.8 12.4 17.5 3.5 2 0 5 2 2
-4395.8 -11311.8 -18.6 304 0 7.9 11.1 10.5 0.0 0 1 3 3 3
-4438.4 -11286.2 -20.0 42 0 11.1 13.5 17.5 3.5 2 1 5 1 1
-4434.2 -11270.8 -20.1 309 0 8.2 4.7 10.5 0.0 0 0 3 1 1
-4464.7 -11312.9 -19.3 39 0 10.4 15.6 17.5 3.5 4 1 5 1 1
-4501.0 -11363.3 -17.7 33 0 9.5 13.2 10.5 3.5 2 1 3 1 1
-4511.2 -11381.1 -17.2 29 0 11.0 13.4 17.5 0.0 0 1 5 0 0
-4519.9 -11393.2 -17.2 29 0 10.8 11.2 17.5 3.5 4 1 5 2 2
-4529.6 -11406.2 -17.7 40 0 11.8 8.8 10.5 3.5 2 0 3 0 0
-4554.3 -11416.9 -18.2 45 0 13.2 7.7 10.5 3.5 2 0 3 4 4
-4545.4 -11423.6 -18.2 39 0 11.7 9.0 10.5 3.5 2 0 3 4 4
-4570.2 -11387.1 -17.8 330 0 8.2 13.4 10.5 3.5 2 1 3 5 5
-4594.4 -11379.2 -17.7 140 0 13.6 9.0 10.5 3.5 2 0 3 4 4
-5074.0 -12106.1 -20.0 302 0 8.5 11.2 10.5 3.5 4 1 3 0 0
-5104.2 -12067.9 -19.6 306 0 18.7 15.2 14.0 3.5 4 0 4 5 5
-5068.0 -12089.1 -19.9 304 0 46.8 13.7 14.0 3.5 4 0 4 2 2
-5055.8 -12119.5 -20.4 19 0 7.5 7.8 10.5 3.5 2 1 3 4 4
-5129.3 -12048.1 -19.6 306 0 12.4 19.5 14.0 3.5 2 1 4 1 1
-5139.8 -12044.2 -19.6 308 0 7.4 10.2 10.5 3.5 2 1 3 4 4
-5080.3 -12222.0 -25.0 107 0 7.6 9.1 10.5 3.5 2 1 3 3 3
-5189.1 -12007.4 -19.5 304 0 12.1 9.4 10.5 3.5 2 0 3 1 1
-5182.3 -12014.6 -19.6 297 0 5.4 13.7 10.5 3.5 2 1 3 1 1
-5218.0 -11987.6 -19.5 307 0 34.1 12.7 14.0 3.5 2 0 4 1 1
-5251.6 -11969.8 -19.5 304 0 3.7 9.4 10.5 0.0 0 1 3 5 5
-4533.6 -11204.6 -21.5 306 0 8.2 6.6 10.5 3.5 2 0 3 4 4
-4594.7 -11160.2 -21.4 308 0 15.7 9.8 10.5 3.5 2 0 3 1 1
-4617.4 -11195.2 -21.1 55 0 12.6 18.7 17.5 3.5 2 1 5 5 5
-4642.5 -11164.6 -21.3 232 0 15.7 16.9 17.5 3.5 2 1 5 3 3
-4649.6 -11252.7 -20.0 224 0 12.0 38.6 17.5 3.5 2 1 5 0 0
-4692.9 -11183.9 -21.0 243 0 14.4 18.3 17.5 3.5 2 1 5 3 3
-4745.3 -11101.7 -22.6 133 0 13.7 23.3 10.0 2.5 2 1 4 2 2
-3765.8 -5305.2 -5.8 200 0 28.3 42.0 17.5 0.0 0 1 5 5 5
-4749.8 -6009.3 -9.7 91 0 41.0 22.0 14.0 0.0 0 0 4 5 5
-3387.4 -4515.8 -6.6 84 0 50.1 35.5 21.0 0.0 0 0 6 1 1
-3433.0 -4427.3 -2.1 260 0 60.5 33.3 21.0 0.0 0 0 6 3 3
-5519.0 -12216.9 -23.8 132 0 11.7 22.1 14.0 3.5 2 1 4 4 4
-5447.9 -12203.5 -23.2 97 0 17.6 18.1 14.0 3.5 4 1 4 2 2
-5426.9 -12164.4 -22.2 310 0 15.6 18.8 14.0 3.5 2 1 4 5 5
-5454.4 -12167.4 -22.4 310 0 12.7 24.2 14.0 3.5 2 1 4 3 3
-5503.9 -12161.5 -21.5 203 1 16.1 10.4 14.0 3.5 2 0 4 1 1
