-2594.4 -7621.3 -9.9 174 0 214.6 343.3 10.5 0.0 0 1 3 5 5
-2119.5 -7421.9 -7.8 259 0 287.4 284.3 10.5 0.0 0 0 3 5 5
-1999.8 -6785.3 -10.0 257 0 106.8 238.8 14.0 0.0 0 0 4 2 2
-1899.9 -6904.2 -11.4 170 0 200.6 131.6 14.0 0.0 0 0 4 0 0
-2351.5 -6936.3 -7.5 172 0 159.6 109.0 14.0 0.0 0 0 4 2 2
-2163.3 -6819.3 -7.6 260 0 188.6 235.7 14.0 0.0 0 1 4 0 0
940.8 -10490.7 -5.0 319 0 83.9 10.9 14.0 0.0 0 0 4 4 4
915.7 -10423.0 -5.1 231 0 20.9 8.1 10.5 3.5 2 0 3 5 5
969.0 -10501.8 -4.4 137 0 30.2 11.0 14.0 3.5 2 0 4 3 3
986.3 -10514.8 -4.1 140 0 10.0 27.3 14.0 3.5 2 0 4 2 2
1013.7 -10508.9 -3.9 321 0 8.0 12.1 10.5 3.5 2 1 3 2 2
838.5 -10512.5 -5.2 134 0 15.6 33.8 14.0 3.5 2 0 4 5 5
847.8 -10455.8 -6.0 79 0 11.4 61.1 14.0 3.5 2 1 4 5 5
2576.3 -11366.4 -13.3 137 0 13.1 28.3 14.0 3.5 2 1 4 4 4
2623.8 -11288.5 -12.1 297 0 14.5 56.8 14.0 3.5 2 1 4 1 1
2624.7 -11270.4 -11.9 206 0 15.1 40.1 14.0 3.5 2 1 4 2 2
2645.4 -11299.8 -12.2 298 0 14.5 66.1 14.0 3.5 2 1 4 0 0
2602.7 -11377.7 -13.5 25 0 20.9 13.2 14.0 3.5 2 0 4 4 4
2633.0 -11376.7 -12.4 117 0 20.1 75.4 14.0 3.5 2 1 4 5 5
2691.0 -11265.3 -10.7 302 0 15.7 41.3 14.0 3.5 2 0 4 1 1
2676.1 -11242.5 -11.3 209 0 15.6 37.4 14.0 3.5 2 1 4 2 2
2675.7 -11230.5 -11.9 44 0 35.6 13.4 14.0 3.5 2 0 4 2 2
2629.6 -11251.8 -12.5 96 0 17.2 22.2 14.0 3.5 2 1 4 5 5
2655.1 -11232.7 -12.4 47 0 8.3 17.7 10.5 3.5 2 0 3 5 5
2688.5 -11065.7 -11.9 0 0 19.7 12.2 14.0 3.5 2 0 4 5 5
2733.2 -11431.1 -12.6 267 0 71.2 40.0 14.0 0.0 0 0 4 3 3
2790.3 -11418.0 -10.8 266 0 14.6 50.4 14.0 3.5 2 1 4 1 1
2762.9 -11410.9 -11.1 81 0 52.9 18.1 14.0 3.5 2 0 4 4 4
2726.1 -11416.9 -11.5 80 0 14.6 33.1 14.0 3.5 2 1 4 5 5
2680.0 -11410.0 -12.2 119 0 13.9 35.0 14.0 3.5 4 1 4 0 0
2699.6 -11377.8 -11.4 112 0 14.0 37.2 14.0 3.5 2 1 4 2 2
2702.9 -11419.7 -12.0 89 0 21.0 11.0 14.0 3.5 2 0 4 4 4
2745.3 -11380.4 -10.9 98 0 51.9 17.3 14.0 3.5 2 0 4 3 3
2776.0 -11352.9 -10.4 8 0 17.8 52.0 14.0 3.5 4 1 4 5 5
2791.9 -11366.4 -9.6 23 0 24.9 10.8 14.0 3.5 2 0 4 2 2
2866.9 -11231.0 -9.6 5 0 11.7 19.6 14.0 3.5 2 1 4 1 1
2867.1 -11246.9 -9.6 319 0 21.0 10.7 14.0 3.5 2 0 4 5 5
2880.4 -11268.3 -9.7 337 0 15.5 13.2 14.0 3.5 2 0 4 5 5
2890.2 -11282.1 -9.7 341 0 8.5 10.2 10.5 3.5 2 1 3 5 5
2907.7 -11291.9 -9.9 330 0 19.2 19.2 14.0 3.5 2 0 4 5 5
2828.2 -11263.4 -9.4 305 0 17.5 38.1 14.0 3.5 2 1 4 4 4
2769.1 -11293.6 -9.4 177 0 17.5 17.8 14.0 3.5 2 1 4 0 0
2876.5 -11291.5 -9.7 343 0 20.2 11.3 14.0 3.5 2 0 4 5 5
2715.5 -11194.5 -11.5 130 0 10.6 23.8 14.0 3.5 2 0 4 5 5
2728.9 -11222.8 -10.9 127 0 18.5 39.8 14.0 3.5 2 0 4 3 3
2816.8 -11064.8 -10.6 201 0 5.5 6.0 10.5 3.5 2 1 3 4 4
2899.4 -11088.9 -9.8 304 0 13.3 16.0 14.0 0.0 0 1 4 2 2
2933.8 -11106.0 -9.8 297 0 11.5 14.9 14.0 3.5 2 1 4 0 0
2906.3 -11078.9 -9.8 118 0 13.8 15.7 14.0 3.5 2 1 4 2 2
2947.0 -11092.7 -9.8 26 0 12.6 16.4 14.0 3.5 2 1 4 2 2
2973.7 -11045.1 -9.7 29 0 15.5 12.6 14.0 3.5 2 0 4 1 1
2983.5 -11027.7 -9.7 30 0 16.8 18.4 14.0 0.0 0 1 4 1 1
3004.3 -10997.1 -9.7 305 0 7.1 5.5 10.5 3.5 4 0 3 2 2
2823.0 -11000.7 -9.9 200 0 22.0 14.2 14.0 3.5 2 0 4 3 3
2848.5 -11008.0 -9.8 123 0 11.8 21.6 14.0 3.5 2 1 4 1 1
2707.4 -11067.9 -11.7 178 0 13.7 15.6 14.0 3.5 2 1 4 1 1
2791.9 -11137.0 -11.4 34 0 16.6 26.6 14.0 3.5 2 1 4 1 1
2804.8 -11113.5 -11.2 359 0 18.7 23.3 14.0 0.0 0 1 4 1 1
2756.3 -11040.8 -11.2 254 0 10.5 31.2 14.0 0.0 0 0 4 0 0
2744.1 -11015.3 -10.4 188 0 25.7 11.3 14.0 3.5 2 0 4 2 2
2798.1 -11080.0 -11.3 16 0 11.6 28.8 14.0 3.5 2 1 4 0 0
2788.1 -11053.6 -11.0 8 0 29.0 13.1 14.0 3.5 2 0 4 4 4
2801.9 -11056.0 -10.9 0 0 29.3 8.7 10.5 0.0 0 0 3 4 4
2805.5 -10981.9 -10.0 12 0 13.4 14.1 14.0 3.5 2 1 4 5 5
2807.6 -10963.9 -10.0 8 0 15.1 8.4 10.5 3.5 4 0 3 4 4
2617.8 -11512.4 -14.7 116 0 14.1 19.4 14.0 3.5 2 1 4 0 0
2658.1 -11536.4 -14.6 13 0 12.2 19.1 14.0 3.5 2 1 4 5 5
2670.2 -11524.6 -14.3 84 0 21.8 15.4 14.0 3.5 2 0 4 2 2
2660.4 -11548.0 -14.4 198 0 7.9 50.7 10.5 3.5 2 1 3 4 4
2662.0 -11557.1 -14.5 286 0 7.7 47.1 10.5 3.5 2 1 3 1 1
2687.5 -11626.9 -14.3 115 0 10.9 50.8 14.0 0.0 0 1 4 4 4
2609.9 -11626.6 -14.7 29 0 7.2 30.9 10.5 3.5 2 1 3 3 3
2621.0 -11633.2 -14.7 94 0 13.5 30.8 14.0 3.5 2 1 4 1 1
2527.8 -11666.3 -15.0 208 0 72.1 18.2 14.0 0.0 0 0 4 1 1
2730.4 -11638.2 -14.1 72 0 10.1 37.1 14.0 3.5 2 1 4 1 1
2702.1 -11524.1 -13.6 95 0 18.5 14.0 14.0 3.5 2 0 4 5 5
2641.2 -11554.4 -14.6 283 0 9.0 10.4 10.5 3.5 2 1 3 4 4
2577.0 -11467.3 -15.1 211 0 12.7 11.0 14.0 3.5 2 0 4 1 1
2567.0 -11494.6 -15.3 116 0 13.0 16.2 14.0 0.0 0 1 4 5 5
2571.9 -11509.2 -15.5 30 0 12.3 19.0 14.0 3.5 2 1 4 3 3
2560.7 -11520.4 -15.6 26 0 16.5 16.9 14.0 3.5 2 1 4 0 0
2536.9 -11503.3 -15.7 204 0 9.2 10.1 10.5 3.5 2 1 3 3 3
2449.3 -11609.1 -16.1 108 0 18.3 15.9 14.0 0.0 0 0 4 2 2
2464.3 -11563.2 -16.4 282 0 8.6 12.0 10.5 3.5 2 1 3 5 5
2484.7 -11643.3 -15.0 293 0 21.0 21.4 14.0 3.5 2 1 4 5 5
2459.6 -11634.3 -15.3 316 0 23.6 14.2 14.0 3.5 4 0 4 1 1
2796.9 -11552.7 -12.0 105 0 13.0 18.9 14.0 3.5 2 1 4 3 3
2783.0 -11536.1 -12.1 106 0 11.2 15.5 14.0 3.5 2 1 4 4 4
2605.5 -11260.4 -12.8 289 0 27.1 23.0 14.0 0.0 0 0 4 2 2
2547.9 -11320.0 -13.1 134 0 21.1 11.4 14.0 0.0 0 0 4 5 5
3012.8 -11097.1 -9.8 300 0 12.9 24.3 14.0 3.5 2 1 4 3 3
3032.2 -11107.4 -10.0 330 0 19.3 11.8 14.0 3.5 2 0 4 1 1
2999.6 -11154.7 -9.9 52 0 12.8 32.0 14.0 3.5 4 1 4 4 4
2980.1 -11394.0 -10.3 324 0 19.5 13.5 14.0 3.5 2 0 4 1 1
2517.0 -11721.9 -14.1 32 0 16.4 15.2 14.0 3.5 2 0 4 2 2
2500.0 -11737.9 -13.7 116 0 15.7 10.1 14.0 3.5 2 0 4 3 3
2491.1 -11756.2 -13.5 116 0 18.2 13.1 14.0 3.5 2 0 4 1 1
2471.0 -11665.7 -14.5 290 0 16.3 23.4 14.0 3.5 2 1 4 2 2
2452.6 -11705.3 -14.0 97 0 9.0 13.6 10.5 3.5 2 1 3 5 5
3060.7 -10797.9 -10.5 39 0 25.4 13.5 17.5 3.5 2 0 5 4 4
2423.7 -11651.0 -14.9 299 0 18.1 13.9 14.0 3.5 2 0 4 3 3
2406.1 -11667.6 -14.5 291 0 10.8 15.4 14.0 0.0 0 1 4 3 3
2418.2 -11597.2 -16.2 104 0 9.2 10.9 10.5 3.5 2 1 3 2 2
2350.9 -11562.6 -17.0 107 0 17.1 14.7 14.0 3.5 4 0 4 3 3
2343.6 -11578.3 -16.5 297 0 19.5 29.4 14.0 0.0 0 1 4 4 4
2338.2 -11703.6 -15.1 185 0 12.1 11.5 14.0 3.5 2 0 4 4 4
2425.1 -11738.5 -13.3 20 0 13.9 13.3 14.0 3.5 2 0 4 3 3
2428.2 -11766.0 -13.0 23 0 12.4 11.9 14.0 3.5 2 0 4 1 1
2365.2 -11858.6 -14.7 208 0 24.5 14.2 14.0 3.5 2 0 4 1 1
-6811.0 -10475.0 -15.0 286 0 24.7 66.7 10.0 0.0 0 1 4 4 4
2211.0 -12218.2 -12.1 125 0 7.8 18.2 10.5 3.5 2 1 3 1 1
2182.5 -12184.1 -14.9 122 0 11.9 27.9 14.0 3.5 2 1 4 2 2
2187.6 -12135.9 -15.9 212 0 17.5 16.4 14.0 3.5 2 0 4 0 0
2230.7 -12083.4 -16.2 214 0 17.9 17.6 14.0 3.5 4 0 4 5 5
2247.3 -12054.3 -16.0 216 0 39.7 14.7 14.0 0.0 0 0 4 3 3
2265.5 -12017.3 -15.3 209 0 15.8 19.8 14.0 3.5 2 1 4 2 2
2312.9 -12083.8 -13.6 124 0 13.6 35.2 14.0 3.5 2 1 4 4 4
2346.1 -12045.8 -13.1 45 0 15.3 15.0 14.0 3.5 2 0 4 0 0
2433.6 -11922.9 -14.5 30 0 15.8 30.0 14.0 3.5 2 1 4 5 5
2344.2 -11893.1 -15.3 202 0 16.3 20.7 14.0 0.0 0 1 4 4 4
2400.2 -12139.8 -9.2 134 0 15.8 11.9 14.0 3.5 2 0 4 0 0
2396.5 -12199.7 -7.3 74 0 18.0 12.8 14.0 0.0 0 0 4 2 2
2430.6 -12206.0 -6.0 81 0 18.6 14.2 14.0 0.0 0 0 4 0 0
2470.1 -12181.5 -5.7 76 0 16.6 13.0 14.0 3.5 2 0 4 1 1
2492.7 -12175.2 -5.0 72 0 14.6 10.1 14.0 3.5 2 0 4 2 2
2529.1 -12155.2 -4.5 351 0 12.7 22.7 14.0 3.5 2 1 4 3 3
2501.7 -12129.9 -5.3 263 0 22.3 11.4 14.0 3.5 4 0 4 4 4
577.0 -12207.2 -7.8 63 0 12.6 16.7 5.0 2.5 2 1 2 1 1
593.0 -12197.2 -8.0 65 0 17.5 12.5 7.5 2.5 4 0 3 3 3
688.4 -12172.7 -8.0 346 0 21.4 17.4 14.0 3.5 2 0 4 0 0
714.3 -12207.9 -7.1 68 0 8.3 13.4 10.5 3.5 2 1 3 1 1
554.1 -12179.0 -8.4 176 0 13.0 18.5 2.5 2.5 4 1 1 3 3
896.3 -12187.5 -6.6 323 0 9.4 11.9 10.5 3.5 2 1 3 2 2
866.1 -12153.1 -7.8 332 0 14.6 13.5 14.0 0.0 0 0 4 0 0
840.2 -12133.0 -8.3 306 0 15.3 15.5 14.0 3.5 2 1 4 3 3
2699.5 -11493.7 -13.3 90 0 24.0 13.3 14.0 3.5 2 0 4 0 0
2833.0 -11419.3 -9.7 269 0 13.0 32.0 14.0 3.5 2 1 4 3 3
2823.7 -11478.4 -10.6 359 0 20.2 10.8 14.0 3.5 2 0 4 4 4
2801.2 -11509.1 -11.4 83 0 18.5 13.3 14.0 3.5 2 0 4 2 2
2826.4 -11537.6 -11.2 98 0 13.6 19.0 14.0 3.5 2 1 4 1 1
2849.2 -11521.4 -10.7 272 0 8.9 15.0 10.5 3.5 2 1 3 3 3
2860.2 -11564.6 -10.9 137 0 26.4 11.2 14.0 3.5 2 0 4 0 0
2865.9 -11519.7 -10.3 260 0 14.7 13.8 14.0 3.5 2 0 4 2 2
2901.2 -11510.6 -9.8 323 0 15.4 22.9 14.0 3.5 2 1 4 1 1
2964.0 -11658.0 -10.3 54 0 12.5 32.1 10.0 2.5 2 1 4 0 0
2977.9 -11650.9 -10.3 51 0 13.1 30.0 10.0 2.5 2 1 4 2 2
2922.2 -11271.9 -10.1 161 0 13.1 20.5 14.0 0.0 0 1 4 0 0
3197.6 -10773.7 -10.9 41 0 29.6 13.2 17.5 3.5 2 0 5 5 5
3207.9 -10807.1 -11.0 308 0 6.9 30.4 10.5 3.5 2 1 3 5 5
3173.4 -10908.5 -11.1 300 0 7.7 16.8 10.5 3.5 4 1 3 2 2
3233.5 -10963.0 -11.5 320 0 8.5 17.0 10.5 3.5 2 1 3 1 1
3263.5 -11011.3 -11.8 309 0 18.0 16.2 17.5 3.5 2 0 5 1 1
3240.4 -10936.0 -11.6 95 0 9.6 37.5 10.5 3.5 2 1 3 0 0
3253.9 -10932.8 -11.6 96 0 13.3 48.1 17.5 3.5 2 1 5 2 2
3282.4 -10880.1 -11.6 330 0 5.3 12.2 10.5 3.5 2 1 3 3 3
3269.4 -10947.4 -11.7 135 0 12.7 18.2 17.5 0.0 0 1 5 5 5
3310.4 -10920.1 -11.8 340 0 13.8 9.6 10.5 3.5 2 0 3 1 1
3319.2 -10906.6 -11.9 332 0 9.7 9.9 10.5 3.5 2 1 3 5 5
3345.0 -10929.4 -12.3 312 0 10.3 24.4 17.5 3.5 4 1 5 3 3
3329.3 -10986.4 -12.1 173 0 12.0 16.7 17.5 3.5 2 1 5 3 3
3361.8 -10992.6 -12.2 68 0 14.9 15.7 17.5 3.5 2 1 5 4 4
3377.1 -10923.6 -13.1 241 0 19.2 16.5 17.5 3.5 4 0 5 0 0
3412.1 -10934.8 -13.5 18 0 14.6 17.6 17.5 3.5 2 1 5 0 0
3385.3 -10868.3 -13.4 244 0 20.5 10.5 17.5 0.0 0 0 5 0 0
3315.5 -10797.8 -13.1 200 0 12.8 39.1 7.5 2.5 2 1 3 2 2
3185.0 -10732.8 -10.8 39 0 9.9 9.5 10.5 3.5 2 0 3 1 1
3229.4 -10581.9 -12.6 308 0 16.5 37.8 17.5 3.5 2 1 5 1 1
3247.5 -10676.4 -12.4 38 0 21.3 14.5 17.5 3.5 2 0 5 4 4
3258.5 -10657.1 -12.4 38 0 7.2 11.2 10.5 3.5 2 1 3 5 5
3357.9 -10539.1 -12.9 41 0 15.8 13.3 17.5 3.5 2 0 5 4 4
3375.0 -10520.2 -12.6 37 0 16.3 16.3 17.5 0.0 0 1 5 4 4
3272.6 -10510.6 -12.8 216 0 21.0 18.7 17.5 3.5 2 0 5 3 3
3296.8 -10496.3 -12.8 309 0 17.4 11.6 17.5 3.5 2 0 5 0 0
3534.2 -10506.0 -11.6 311 0 13.2 15.7 17.5 3.5 2 1 5 2 2
3577.8 -10532.9 -11.6 21 0 16.2 19.6 17.5 3.5 2 1 5 1 1
3511.3 -10320.2 -10.7 227 0 30.9 20.1 17.5 3.5 2 0 5 2 2
1354.5 -12215.3 -11.6 23 0 14.2 19.8 14.0 3.5 2 1 4 0 0
1136.5 -12183.6 -8.3 46 0 18.8 12.1 14.0 3.5 2 0 4 0 0
1102.1 -12120.8 -8.5 175 0 10.9 11.8 14.0 3.5 2 1 4 1 1
1175.2 -12145.5 -9.5 199 0 11.6 10.6 14.0 3.5 2 0 4 3 3
1122.7 -11997.6 -8.0 190 0 11.3 22.6 7.5 0.0 0 1 3 5 5
1199.4 -12107.2 -10.4 182 0 14.0 16.5 14.0 3.5 2 1 4 4 4
1216.7 -12141.8 -10.5 118 0 12.6 19.3 14.0 0.0 0 1 4 3 3
1306.8 -12104.2 -12.1 240 0 11.8 9.2 10.5 3.5 4 0 3 0 0
1336.6 -12141.6 -12.4 80 0 20.2 12.9 14.0 3.5 4 0 4 0 0
1344.1 -12124.1 -12.6 97 0 12.5 18.8 14.0 3.5 2 1 4 3 3
1378.8 -12094.6 -12.6 92 0 18.0 17.7 14.0 3.5 2 0 4 4 4
1361.6 -12086.0 -12.6 301 0 12.2 19.3 14.0 3.5 2 1 4 4 4
1377.2 -12068.9 -12.1 180 0 13.3 9.7 10.5 3.5 2 0 3 0 0
1439.0 -12014.2 -11.9 288 0 10.7 39.6 14.0 0.0 0 1 4 5 5
1409.5 -12001.8 -10.8 273 0 10.1 13.3 14.0 3.5 2 1 4 4 4
1410.2 -12020.8 -11.3 254 0 7.3 12.7 10.5 3.5 2 1 3 4 4
1425.7 -12003.8 -11.0 299 0 8.6 14.5 10.5 3.5 2 1 3 1 1
1295.4 -12000.3 -9.7 280 0 18.4 11.5 14.0 3.5 2 0 4 5 5
2271.2 -11548.9 -17.6 297 0 19.9 16.5 14.0 3.5 4 0 4 1 1
2234.7 -11526.3 -18.4 290 0 5.2 6.3 10.5 3.5 2 1 3 2 2
2512.4 -11270.5 -14.2 223 0 13.8 41.1 14.0 0.0 0 1 4 3 3
2505.8 -11276.5 -14.4 313 0 11.0 9.9 10.5 3.5 2 0 3 0 0
2504.4 -11256.5 -14.9 312 0 13.0 12.3 14.0 3.5 2 0 4 4 4
2461.7 -11337.8 -15.2 33 0 9.9 10.7 10.5 3.5 2 1 3 2 2
2461.4 -11319.4 -15.1 38 0 13.5 18.3 14.0 3.5 4 1 4 1 1
2438.9 -11325.4 -15.1 129 0 9.1 9.9 10.5 3.5 2 1 3 4 4
2474.4 -11276.9 -15.0 301 0 6.1 10.2 10.5 3.5 4 1 3 3 3
2536.9 -11244.1 -14.6 115 0 12.2 25.5 14.0 0.0 0 1 4 1 1
2603.0 -11241.5 -13.1 132 0 16.1 18.0 14.0 3.5 2 1 4 5 5
2441.4 -11253.2 -16.3 289 0 10.7 9.8 10.5 3.5 2 0 3 5 5
2413.7 -11254.0 -16.7 228 0 7.9 9.6 10.5 0.0 0 1 3 0 0
2423.8 -11242.1 -16.7 233 0 10.8 12.5 14.0 3.5 2 1 4 4 4
2499.4 -11110.3 -14.5 274 0 16.5 13.9 14.0 3.5 2 0 4 2 2
2439.7 -11195.4 -16.6 314 0 20.7 13.7 14.0 3.5 2 0 4 0 0
2415.5 -11180.7 -16.6 19 0 19.9 11.7 14.0 3.5 2 0 4 4 4
2436.3 -11157.3 -16.1 308 0 19.7 20.7 14.0 3.5 4 1 4 4 4
2420.0 -11136.7 -15.6 312 0 28.4 9.9 10.5 3.5 2 0 3 4 4
2407.3 -11106.7 -14.9 156 0 13.4 22.4 14.0 3.5 2 1 4 4 4
2408.6 -11092.2 -14.5 106 0 13.2 10.2 14.0 3.5 2 0 4 4 4
2379.8 -11074.3 -14.4 144 0 15.8 13.7 14.0 3.5 2 0 4 0 0
2353.1 -11073.3 -14.8 311 0 9.2 12.2 10.5 3.5 4 1 3 3 3
2307.5 -11106.9 -15.6 108 0 23.6 13.0 14.0 3.5 2 0 4 3 3
2628.0 -10967.3 -10.3 219 0 13.8 9.5 7.5 2.5 2 0 3 0 0
782.0 -12080.6 -7.3 217 0 11.9 18.1 14.0 3.5 2 1 4 5 5
1011.5 -12139.3 -7.7 19 0 13.2 11.5 10.0 2.5 4 0 4 3 3
1018.3 -12024.5 -8.2 36 0 16.1 15.1 10.0 2.5 2 0 4 2 2
1017.7 -11992.2 -8.6 165 0 9.8 8.2 7.5 2.5 2 0 3 2 2
1017.0 -11959.8 -9.6 211 0 11.4 13.1 10.0 2.5 4 1 4 5 5
1027.4 -11943.5 -10.1 207 0 10.8 13.6 2.5 2.5 2 1 1 0 0
1031.9 -11925.3 -10.7 197 0 10.2 11.8 7.5 2.5 2 1 3 2 2
2321.8 -11775.7 -16.1 103 0 14.6 24.5 14.0 3.5 2 1 4 0 0
