-516.1 8613.3 -3.7 150 0 102.0 45.5 7.5 0.0 0 0 3 1 1
-629.3 8741.1 -0.2 240 0 45.5 102.0 12.5 0.0 0 1 5 4 4
-537.0 8837.5 -9.0 60 0 45.5 102.0 7.5 0.0 0 1 3 4 4
-513.5 8484.5 -8.6 150 0 102.0 45.6 12.5 0.0 0 0 5 0 0
-319.9 8173.8 -14.1 150 0 427.8 145.6 12.5 0.0 0 0 5 4 4
-647.8 8775.3 -7.4 59 0 45.1 213.8 10.0 0.0 0 1 4 2 2
-697.7 8992.1 -2.6 240 0 45.5 102.0 10.0 0.0 0 1 4 3 3
-637.3 9030.9 -11.5 239 0 63.6 100.0 10.0 0.0 0 1 4 0 0
-591.5 8802.7 -1.2 60 0 45.5 102.0 12.5 0.0 0 1 5 0 0
-575.5 8771.5 -0.6 240 0 45.5 102.0 12.5 0.0 0 1 5 2 2
-488.6 8923.4 -16.9 330 0 102.0 45.5 10.0 0.0 0 0 4 2 2
-569.8 8583.0 -3.2 150 0 102.0 45.5 12.5 0.0 0 0 5 1 1
-1124.2 9523.8 -4.8 147 0 84.6 47.9 7.5 0.0 0 0 3 0 0
-952.1 9605.7 3.5 327 0 34.6 12.1 12.5 2.5 4 0 5 1 1
-1076.7 9554.7 -1.8 145 0 85.6 48.1 12.5 0.0 0 0 5 4 4
-902.9 9772.6 -1.9 153 0 107.1 68.9 10.0 0.0 0 0 4 0 0
-941.7 8353.6 -9.5 156 0 87.8 81.5 10.0 0.0 0 0 4 0 0
-835.1 9644.8 -8.7 154 0 141.6 48.6 10.0 0.0 0 0 4 5 5
-874.0 9933.6 -14.3 243 0 42.1 180.9 12.5 0.0 0 1 5 3 3
-1224.6 9721.6 -9.3 146 0 68.6 52.0 12.5 0.0 0 0 5 0 0
-1150.0 9651.7 -5.5 145 0 83.1 40.5 15.0 0.0 0 0 6 4 4
-989.5 9613.1 0.5 326 0 85.0 47.3 10.0 0.0 0 0 4 1 1
-1107.1 9682.5 -2.9 145 0 83.3 41.7 10.0 0.0 0 0 4 1 1
-4205.7 6709.8 -15.7 161 0 100.9 96.2 12.5 0.0 0 0 5 5 5
-4208.2 6546.8 -14.9 176 0 116.4 115.5 10.0 0.0 0 0 4 3 3
