-6585.6 2705.8 19.1 329 0 67.0 59.5 12.5 0.0 0 0 5 1 1
-6490.9 2051.7 19.5 270 0 78.2 35.7 7.5 0.0 0 0 3 3 3
-5482.5 -7533.1 -11.4 30 0 177.4 32.2 12.5 0.0 0 0 5 0 0
-5965.9 -7152.1 -0.5 210 0 32.0 25.9 10.0 0.0 0 0 4 5 5
-5903.1 -7089.1 1.0 28 0 58.3 19.3 7.5 2.5 2 0 3 5 5
-5025.1 -8580.5 -30.9 140 0 150.0 455.1 10.0 0.0 0 1 4 2 2
6810.8 -6599.0 -10.2 349 0 42.2 13.6 10.0 0.0 0 0 4 4 4
-2415.4 -9281.3 -21.6 152 0 20.0 21.9 10.0 2.5 2 0 4 1 1
-2401.3 -9310.4 -20.9 148 0 11.3 13.0 5.0 2.5 2 0 2 4 4
-2395.7 -9318.0 -21.0 139 0 8.0 16.4 5.0 2.5 2 0 2 0 0
-2389.2 -9325.3 -21.6 137 0 11.2 26.4 10.0 2.5 2 0 4 5 5
-2362.9 -9319.8 -21.7 136 0 8.2 7.1 7.5 2.5 2 0 3 2 2
-2381.8 -9333.7 -21.4 141 0 11.2 23.5 10.0 2.5 2 0 4 5 5
-2366.3 -9335.4 -21.3 139 0 11.5 9.1 7.5 2.5 2 0 3 4 4
-2374.8 -9342.7 -20.8 142 0 12.1 11.1 7.5 2.5 2 0 3 4 4
-2349.8 -9407.3 -19.5 350 0 9.1 24.2 7.5 0.0 0 1 3 1 1
-2348.6 -9415.5 -19.2 348 0 8.5 15.8 5.0 2.5 2 1 2 1 1
-2342.4 -9397.6 -21.3 171 0 53.2 19.1 10.0 2.5 2 0 4 2 2
-2346.7 -9433.3 -18.4 342 0 10.9 17.2 5.0 2.5 2 1 2 1 1
