-6589.3 1496.1 -13.7 306 0 55.2 77.3 7.5 0.0 0 1 3 5 5
-6586.8 1395.9 -13.2 127 0 31.6 61.7 12.5 0.0 0 1 5 2 2
-4032.5 5802.0 -10.3 259 0 56.0 50.2 10.0 0.0 0 0 4 0 0
-2549.0 9194.2 -12.6 39 0 22.4 12.8 10.0 2.5 2 0 4 1 1
-5846.3 -1663.6 20.3 89 0 49.9 60.4 12.5 0.0 0 1 5 0 0
-2761.7 9164.6 -8.3 43 0 21.7 31.8 12.5 0.0 0 1 5 2 2
-5957.1 -1779.3 11.6 208 0 43.6 22.1 7.5 0.0 0 0 3 3 3
-6506.1 1382.1 -12.9 37 0 76.4 46.5 10.0 0.0 0 0 4 2 2
-5753.6 583.6 -11.3 303 0 23.2 91.8 10.0 0.0 0 1 4 0 0
-6567.2 7520.0 -27.7 56 0 18.0 33.9 7.5 0.0 0 1 3 1 1
-5505.7 11146.3 -5.6 11 0 41.5 19.1 15.0 2.5 2 0 6 4 4
-5017.7 -9644.9 2.1 68 0 122.1 74.1 12.5 0.0 0 0 5 5 5
-6564.3 -7165.2 -30.6 75 0 31.8 30.6 14.0 0.0 0 0 4 2 2
