-2497.0 11611.5 -26.8 180 0 126.5 74.7 12.5 0.0 0 0 5 1 1
-5349.4 9985.8 3.0 84 0 30.3 24.5 14.0 0.0 0 0 4 5 5
-5348.0 9937.1 4.2 86 0 33.1 23.1 14.0 0.0 0 0 4 1 1
-1391.3 11273.3 -42.7 259 0 39.2 131.9 10.5 0.0 0 1 3 0 0
-1301.0 11290.7 -42.3 260 0 41.4 133.3 14.0 0.0 0 1 4 0 0
-1432.1 11267.2 -42.8 260 0 20.4 133.3 14.0 0.0 0 1 4 5 5
-1329.1 11052.2 -43.7 40 0 41.6 93.8 10.5 0.0 0 1 3 0 0
-1260.9 11297.3 -42.1 260 0 21.1 133.5 14.0 0.0 0 1 4 0 0
-6083.4 10227.0 -2.0 360 0 56.0 19.2 14.0 3.5 2 0 4 3 3
-6168.4 10107.2 -4.6 180 0 110.1 113.0 14.0 0.0 0 1 4 5 5
-6143.4 10196.4 -4.8 91 0 19.6 58.5 14.0 3.5 2 1 4 0 0
-809.0 12274.6 -36.8 78 0 101.5 96.6 10.5 0.0 0 0 3 1 1
-888.5 11947.0 -32.3 71 0 41.5 56.3 14.0 0.0 0 1 4 3 3
-904.2 12295.8 -32.9 336 0 73.3 48.5 14.0 0.0 0 0 4 4 4
-987.3 12280.2 -32.4 343 0 110.4 52.3 10.5 0.0 0 0 3 5 5
-1198.4 12093.0 -20.4 344 0 174.7 63.8 10.5 0.0 0 0 3 2 2
2323.6 7039.0 -46.5 68 0 73.4 97.6 7.5 0.0 0 1 3 1 1
1068.5 8877.4 -48.6 28 0 79.9 32.7 12.5 0.0 0 0 5 2 2
2677.8 7375.4 -47.6 248 0 44.8 44.3 10.5 0.0 0 0 3 4 4
1066.2 9021.5 -48.2 298 0 49.2 72.5 7.5 0.0 0 1 3 4 4
989.1 8877.5 -48.4 118 0 49.0 83.0 5.0 0.0 0 1 2 0 0
1115.2 9005.9 -48.4 298 0 26.2 84.4 10.0 0.0 0 1 4 0 0
2240.0 7006.7 -46.5 68 0 74.5 96.9 7.5 0.0 0 1 3 5 5
2123.5 7074.2 -46.7 248 0 39.4 190.2 10.0 0.0 0 1 4 4 4
2361.8 6836.6 -48.0 272 0 40.0 101.0 10.0 0.0 0 1 4 3 3
891.2 8832.7 -48.2 119 0 54.1 73.0 10.0 0.0 0 1 4 3 3
894.1 9024.8 -48.1 208 0 165.1 47.9 12.5 0.0 0 0 5 1 1
1014.9 9061.0 -48.2 299 0 54.0 136.5 12.5 0.0 0 1 5 2 2
997.4 8841.1 -48.4 30 0 26.3 48.7 7.5 0.0 0 1 3 5 5
2577.5 7283.8 -46.0 158 0 83.3 44.0 10.5 0.0 0 0 3 3 3
2628.4 7356.3 -46.9 248 0 44.3 84.6 10.5 0.0 0 1 3 3 3
807.5 10304.5 -11.3 247 0 47.2 142.1 12.5 0.0 0 1 5 4 4
906.9 10029.4 -27.2 339 0 84.0 17.3 10.0 2.5 2 0 4 2 2
864.7 9973.2 -26.8 69 0 14.2 81.5 7.5 0.0 0 1 3 4 4
750.3 9981.4 -30.1 160 0 87.5 15.4 7.5 2.5 2 0 3 2 2
812.7 9954.5 -28.6 70 0 16.5 83.8 7.5 0.0 0 1 3 4 4
848.0 10113.9 -18.1 339 0 71.2 35.4 10.0 0.0 0 0 4 4 4
882.5 10110.7 -16.0 68 0 10.8 34.6 12.5 2.5 2 1 5 0 0
675.9 10254.9 -20.7 250 0 79.8 223.9 12.5 0.0 0 1 5 0 0
718.2 10344.9 -8.2 231 0 6.8 48.1 7.5 0.0 0 1 3 3 3
717.6 10419.4 -19.3 135 0 64.1 23.1 12.5 2.5 2 0 5 0 0
671.7 10169.2 -13.0 249 0 8.0 25.8 7.5 2.5 2 1 3 3 3
491.3 10678.1 -33.1 158 0 38.9 8.0 7.5 2.5 2 0 3 3 3
521.3 10596.6 -32.3 157 0 45.4 16.0 10.0 2.5 2 0 4 2 2
574.2 10515.5 -25.8 337 0 42.3 21.2 12.5 2.5 2 0 5 3 3
598.2 10415.5 -9.9 339 0 43.8 11.1 17.5 0.0 0 0 7 3 3
-6562.4 8950.9 -12.4 187 0 55.4 18.2 14.0 3.5 4 0 4 3 3
-6714.6 8838.9 -20.2 277 0 8.8 38.3 10.5 3.5 2 1 3 0 0
-6664.3 8679.1 -35.5 100 0 153.7 15.0 17.5 0.0 0 0 5 0 0
-6423.6 8868.5 -13.5 96 0 10.6 40.6 17.5 3.5 2 0 5 1 1
3448.2 -9197.7 -32.8 95 0 13.0 42.9 14.0 3.5 2 1 4 4 4
3419.7 -9183.8 -32.2 95 0 14.7 34.6 14.0 3.5 2 1 4 5 5
3391.0 -9114.3 -33.1 275 0 17.2 50.0 14.0 3.5 2 1 4 2 2
2739.4 -10556.7 21.8 221 0 31.9 7.5 10.5 0.0 0 0 3 5 5
2775.2 -10577.4 17.9 311 0 8.9 34.8 10.5 3.5 2 1 3 1 1
2739.6 -10589.7 23.4 131 0 16.0 16.3 14.0 3.5 2 1 4 3 3
-4564.4 10006.0 5.2 272 0 12.0 33.7 14.0 3.5 2 1 4 3 3
-4603.5 9953.4 6.7 186 0 34.2 13.6 14.0 3.5 2 0 4 1 1
-4651.1 10085.2 17.2 80 0 14.1 32.5 17.5 3.5 4 1 5 2 2
-4656.6 10050.1 15.6 164 0 38.2 11.5 17.5 3.5 2 0 5 5 5
-4670.6 10046.7 17.5 344 0 50.1 13.7 17.5 3.5 2 0 5 3 3
-4680.2 10085.8 18.2 79 0 14.4 32.3 17.5 3.5 4 1 5 3 3
-4710.9 10085.0 18.7 79 0 13.4 32.0 17.5 3.5 2 1 5 0 0
-4716.2 10041.8 19.6 166 0 52.1 13.9 14.0 3.5 2 0 4 4 4
-4744.0 10067.3 20.0 268 0 13.5 51.8 17.5 3.5 4 1 5 5 5
-4751.1 10099.1 19.2 173 0 31.2 12.6 17.5 3.5 2 0 5 3 3
-4768.4 10079.1 19.6 81 0 12.9 35.3 17.5 3.5 2 1 5 5 5
-4774.2 10067.1 19.2 269 0 13.4 36.3 17.5 3.5 2 1 5 4 4
-4765.4 10004.5 19.2 359 0 33.9 13.8 17.5 3.5 2 0 5 5 5
-4699.7 9931.7 16.0 96 0 12.7 34.6 14.0 3.5 2 1 4 4 4
-4663.6 9987.2 15.1 278 0 10.0 18.1 10.5 3.5 2 1 3 4 4
-4669.2 9932.0 13.4 101 0 11.8 33.3 14.0 3.5 2 1 4 3 3
-4622.8 10011.9 11.7 282 0 12.9 39.1 14.0 3.5 2 1 4 3 3
-4643.0 9950.5 10.4 190 0 34.1 13.7 14.0 0.0 0 0 4 4 4
-4573.4 9948.2 3.7 183 0 34.2 11.8 14.0 3.5 2 0 4 1 1
-4541.5 9973.4 1.3 184 0 50.8 13.6 14.0 3.5 2 0 4 4 4
-4544.9 9914.3 -1.4 181 0 51.3 12.8 14.0 3.5 2 0 4 0 0
-4567.7 9919.7 1.1 271 0 17.5 33.1 14.0 0.0 0 1 4 3 3
-4607.6 9902.7 4.4 184 0 32.4 14.6 14.0 3.5 2 0 4 2 2
-4636.7 9902.8 7.4 191 0 33.1 12.4 14.0 0.0 0 0 4 3 3
-4657.2 9916.7 10.1 280 0 14.1 33.5 14.0 3.5 2 1 4 4 4
-4692.6 9882.6 12.6 88 0 9.6 32.9 10.5 3.5 2 1 3 3 3
-4740.1 9877.5 15.0 89 0 21.3 67.6 14.0 3.5 2 1 4 4 4
-4808.7 10084.8 18.7 180 0 54.1 15.0 17.5 3.5 2 0 5 5 5
-4801.2 9978.3 18.5 90 0 14.6 73.4 17.5 3.5 2 1 5 2 2
-6463.6 11725.9 -17.6 350 0 41.0 13.3 17.5 3.5 2 0 5 2 2
-6453.7 11638.6 -21.3 76 0 17.4 52.0 17.5 3.5 2 1 5 2 2
-6452.2 11630.8 -20.9 256 0 19.1 73.6 17.5 3.5 2 1 5 0 0
-6407.6 11512.4 -14.7 346 0 67.0 22.1 14.0 3.5 2 0 4 0 0
-6340.1 11511.3 -15.5 75 0 10.3 54.0 14.0 0.0 0 1 4 4 4
-6363.5 11504.0 -14.4 75 0 10.3 54.0 14.0 3.5 2 1 4 0 0
-6381.9 11495.7 -14.3 75 0 10.3 54.0 14.0 3.5 2 1 4 1 1
-6379.5 11458.5 -9.9 167 0 48.1 11.1 17.5 3.5 2 0 5 2 2
-6361.1 11491.4 -10.9 257 0 11.1 48.1 17.5 3.5 2 1 5 2 2
-6338.3 11497.2 -11.9 257 0 11.1 48.1 17.5 3.5 2 1 5 5 5
-6324.0 11563.8 -17.1 347 0 30.5 10.9 14.0 3.5 2 0 4 4 4
-6319.0 11512.7 -15.1 77 0 10.9 30.5 14.0 3.5 2 1 4 0 0
-6291.7 11483.8 -15.0 172 0 31.0 11.7 17.5 3.5 2 0 5 5 5
-6303.7 11478.4 -12.9 353 0 44.1 12.6 17.5 3.5 2 0 5 2 2
-6294.3 11515.7 -16.8 80 0 10.0 43.1 17.5 0.0 0 1 5 3 3
-6309.9 11586.6 -19.8 170 0 43.1 10.1 17.5 3.5 2 0 5 0 0
-6270.7 11629.7 -22.4 266 0 11.4 45.2 17.5 3.5 2 1 5 3 3
-6263.6 11526.9 -19.1 86 0 11.4 45.2 17.5 3.5 2 1 5 2 2
-6255.2 11456.8 -17.6 86 0 11.4 45.2 17.5 3.5 4 1 5 2 2
-6233.0 11457.1 -19.5 86 0 11.4 45.2 17.5 3.5 2 1 5 3 3
-6238.4 11528.3 -21.3 86 0 11.4 45.2 17.5 3.5 2 1 5 2 2
-6213.8 11552.9 -23.2 356 0 44.7 10.5 17.5 3.5 2 0 5 0 0
-6247.7 11645.4 -24.1 266 0 11.4 59.7 17.5 3.5 2 1 5 5 5
-6218.7 11620.8 -25.1 356 0 59.7 11.4 17.5 3.5 2 0 5 1 1
-6211.8 11450.9 -21.4 85 0 11.4 59.7 17.5 3.5 2 1 5 1 1
-6423.1 11602.3 -18.8 175 0 13.1 8.1 10.5 3.5 2 0 3 1 1
-6442.7 11715.1 -18.9 86 0 11.1 45.9 14.0 3.5 2 1 4 5 5
-6428.0 11645.3 -22.1 86 0 10.1 29.5 17.5 3.5 2 1 5 2 2
-6435.2 11705.4 -21.9 266 0 9.7 29.3 10.5 0.0 0 1 3 4 4
-6408.4 11647.1 -22.8 86 0 10.0 29.5 17.5 3.5 2 1 5 0 0
-6415.6 11707.1 -22.9 266 0 9.7 29.3 10.5 3.5 2 1 3 5 5
-6385.3 11648.8 -22.4 86 0 10.1 29.5 17.5 0.0 0 1 5 0 0
-6392.4 11708.9 -23.3 266 0 9.7 29.3 10.5 3.5 2 1 3 2 2
-6359.3 11666.1 -22.5 356 0 29.5 10.1 17.5 3.5 2 0 5 0 0
-6364.0 11710.9 -24.5 266 0 9.7 29.3 10.5 3.5 2 1 3 2 2
-6338.2 11652.8 -23.4 86 0 10.1 29.5 17.5 3.5 2 1 5 1 1
-6338.9 11712.7 -25.4 266 0 9.7 29.3 10.5 3.5 2 1 3 0 0
-6318.7 11714.3 -26.1 266 0 9.7 29.3 10.5 3.5 2 1 3 4 4
-6317.9 11654.4 -24.1 86 0 10.1 29.5 17.5 3.5 4 1 5 2 2
-6276.8 11720.1 -27.5 265 0 12.1 58.9 17.5 3.5 2 1 5 0 0
-6291.7 11656.0 -26.0 86 0 11.1 45.9 17.5 3.5 2 1 5 3 3
-6289.6 11726.7 -27.1 86 0 11.1 45.9 14.0 3.5 2 1 4 5 5
-6311.1 11725.1 -26.4 86 0 11.1 45.9 14.0 3.5 2 1 4 3 3
-6331.8 11722.2 -25.8 86 0 11.1 45.9 14.0 3.5 2 1 4 4 4
-6358.0 11719.8 -24.9 86 0 11.1 45.9 14.0 3.5 2 1 4 4 4
-6399.2 11717.2 -22.4 86 0 11.1 45.9 14.0 3.5 2 1 4 3 3
-6422.3 11715.6 -20.6 86 0 11.1 45.9 14.0 3.5 2 1 4 2 2
-6452.9 11818.6 -16.2 266 0 11.1 45.9 17.5 3.5 2 1 5 0 0
-6433.0 11821.3 -17.6 266 0 11.1 45.9 17.5 3.5 2 1 5 5 5
-6409.9 11823.1 -19.3 266 0 11.1 45.9 17.5 3.5 2 1 5 3 3
-6388.4 11824.2 -20.9 266 0 11.1 45.9 17.5 3.5 2 1 5 4 4
-6365.9 11825.9 -22.8 266 0 11.1 45.9 17.5 3.5 2 1 5 0 0
-6345.7 11797.3 -24.7 176 0 31.0 11.5 17.5 3.5 2 0 5 2 2
-6319.7 11828.8 -26.5 266 0 11.7 44.3 17.5 3.5 2 1 5 3 3
-6296.7 11830.7 -27.2 266 0 11.4 43.9 17.5 3.5 2 1 5 4 4
-6277.4 11833.9 -27.8 265 0 12.1 45.7 17.5 3.5 2 1 5 3 3
-6254.9 11834.7 -28.5 266 0 11.2 43.6 17.5 3.5 2 1 5 2 2
-6255.6 11698.5 -28.2 175 0 58.9 11.3 14.0 3.5 2 0 4 4 4
-6221.4 11701.7 -28.9 355 0 59.5 11.8 14.0 3.5 2 0 4 0 0
-6222.1 11756.8 -29.1 356 0 30.9 11.0 14.0 3.5 2 0 4 3 3
-6234.0 11835.4 -29.2 265 0 11.6 45.1 17.5 3.5 2 1 5 0 0
-6212.7 11838.4 -29.9 264 0 11.3 60.2 17.5 3.5 2 1 5 5 5
-6197.0 11731.1 -29.7 355 0 75.5 10.8 17.5 0.0 0 0 5 5 5
-6197.3 11667.9 -28.7 86 1 11.1 17.7 17.5 3.5 2 1 5 1 1
-6181.3 11599.9 -28.1 355 0 98.1 23.8 14.0 0.0 0 0 4 2 2
-6172.4 11498.4 -25.3 355 0 81.8 25.1 14.0 0.0 0 0 4 3 3
-6325.7 11281.3 -13.4 78 0 41.4 88.7 10.0 0.0 0 1 4 4 4
-6197.7 10850.8 -9.3 90 0 11.3 47.8 17.5 3.5 2 1 5 5 5
-6099.3 10878.9 -20.8 180 0 57.4 16.3 21.0 3.5 2 0 6 2 2
-6274.5 10841.9 -1.9 180 0 74.2 23.9 14.0 0.0 0 0 4 1 1
-6275.7 10652.3 2.9 303 0 43.3 34.9 17.5 0.0 0 0 5 4 4
-6226.5 10641.2 -2.3 270 0 23.6 44.1 17.5 0.0 0 1 5 2 2
-6212.6 10567.5 -2.1 0 0 45.4 43.8 17.5 0.0 0 0 5 2 2
-5976.4 10800.7 -17.9 89 0 17.8 81.2 21.0 3.5 2 1 6 3 3
-6109.0 11291.0 -27.1 91 0 16.4 91.2 14.0 3.5 2 1 4 1 1
-6049.1 11377.4 -25.9 279 0 54.3 21.7 14.0 3.5 2 0 4 3 3
-6047.0 11288.4 -24.1 90 0 30.3 26.2 14.0 0.0 0 0 4 5 5
-4251.3 9503.0 -4.9 348 0 46.4 17.0 17.5 3.5 2 0 5 0 0
-4266.3 9583.4 -2.7 268 0 15.9 47.3 17.5 3.5 2 1 5 4 4
-4225.7 9584.1 -5.9 268 0 19.1 47.3 17.5 3.5 4 1 5 1 1
-4213.6 9511.6 -6.9 348 0 26.3 17.0 17.5 3.5 2 0 5 2 2
-4188.3 9555.0 -9.5 169 0 49.0 15.2 14.0 3.5 2 0 4 2 2
-4170.0 9504.2 -12.4 254 0 15.1 49.2 14.0 3.5 2 1 4 0 0
-4192.1 9438.6 -11.5 68 0 21.1 48.7 17.5 3.5 4 1 5 2 2
-4248.4 9468.5 -10.5 248 0 20.9 44.7 14.0 3.5 2 1 4 4 4
-4283.9 9453.8 -10.3 247 0 20.6 47.5 14.0 3.5 2 1 4 3 3
-6636.5 11377.6 -6.5 255 0 13.9 22.4 17.5 3.5 2 1 5 1 1
-6619.9 11332.3 -4.9 74 0 13.8 24.7 17.5 3.5 2 1 5 4 4
-6612.7 11298.9 -2.3 84 0 14.7 21.6 17.5 3.5 2 1 5 5 5
-6579.3 11388.5 -6.8 266 0 15.4 24.6 17.5 3.5 2 1 5 0 0
-6564.8 11347.8 -4.6 9 0 22.1 13.8 17.5 3.5 2 0 5 5 5
-6576.1 11314.1 -2.9 100 0 14.3 22.0 17.5 3.5 2 1 5 4 4
-6709.3 9613.0 -9.2 191 0 62.2 29.4 17.5 0.0 0 0 5 0 0
-6655.2 9535.9 -17.8 7 0 55.3 26.4 17.5 3.5 2 0 5 4 4
-5953.2 9063.1 2.3 359 0 79.5 113.5 14.0 0.0 0 1 4 2 2
-6602.5 9876.5 -4.8 278 0 179.1 108.5 17.5 0.0 0 0 5 2 2
-5792.0 12046.4 -19.2 187 0 242.1 106.6 14.0 0.0 0 0 4 0 0
-4608.7 11166.6 0.9 104 0 191.1 110.7 14.0 0.0 0 0 4 4 4
-5105.5 12170.3 -20.9 86 0 240.0 382.1 17.5 0.0 0 1 5 4 4
-5131.2 11880.0 -0.6 93 0 229.3 264.0 17.5 0.0 0 1 5 3 3
-4873.1 11866.4 3.4 92 0 223.3 235.1 17.5 0.0 0 1 5 3 3
-4521.0 12155.6 0.7 344 0 62.7 182.4 17.5 0.0 0 1 5 1 1
-4139.0 12135.3 -17.6 355 0 243.4 300.2 14.0 0.0 0 1 4 2 2
-3564.3 12099.3 -32.8 53 0 316.3 106.4 14.0 0.0 0 0 4 0 0
-3530.2 11210.6 -24.3 11 0 258.7 251.2 7.5 0.0 0 0 3 5 5
-3334.0 11151.3 -28.6 28 0 122.0 74.8 14.0 0.0 0 0 4 2 2
-3156.0 11653.7 -28.3 298 0 149.5 404.0 14.0 0.0 0 1 4 4 4
-3300.7 11033.7 -23.8 201 0 112.2 50.4 14.0 0.0 0 0 4 2 2
-3231.1 11192.8 -24.0 205 0 232.9 95.0 14.0 0.0 0 0 4 3 3
-3130.7 11423.9 -22.7 205 0 237.3 62.3 14.0 0.0 0 0 4 5 5
-5365.3 9705.8 6.7 91 0 183.4 178.2 17.5 0.0 0 0 5 4 4
-6065.0 8197.0 -46.9 116 0 23.4 53.2 14.0 3.5 2 1 4 2 2
-6000.7 8363.6 -42.2 204 0 52.9 19.0 14.0 3.5 2 0 4 1 1
-5967.6 8435.1 -38.8 204 0 58.7 24.0 14.0 3.5 2 0 4 3 3
-6021.9 8154.4 -41.8 116 0 30.9 62.0 14.0 0.0 0 1 4 3 3
-5994.6 8249.7 -40.8 202 0 53.7 33.9 14.0 0.0 0 0 4 2 2
-5954.7 8335.3 -39.4 202 0 55.6 27.3 14.0 3.5 2 0 4 4 4
-5904.9 8423.8 -38.7 293 0 25.8 52.7 14.0 3.5 2 1 4 4 4
-5980.5 8126.1 -36.9 107 0 16.7 52.0 14.0 3.5 2 1 4 3 3
-5948.4 8184.7 -35.4 118 0 22.8 59.6 14.0 3.5 2 1 4 5 5
-5910.6 8249.7 -33.9 101 0 27.6 55.6 14.0 3.5 2 1 4 4 4
-5872.0 8381.4 -33.8 282 0 28.4 63.9 14.0 0.0 0 1 4 1 1
-5860.8 8158.8 -28.2 106 0 60.1 94.9 14.0 0.0 0 1 4 0 0
-5807.1 8322.4 -29.0 283 0 86.4 67.8 14.0 0.0 0 0 4 5 5
-5787.8 8401.0 -34.3 282 0 86.3 68.9 14.0 0.0 0 0 4 5 5
-5835.1 8038.6 -24.5 76 0 36.1 67.7 14.0 0.0 0 1 4 4 4
-5781.0 8041.3 -21.5 66 0 42.9 103.0 14.0 0.0 0 0 4 1 1
-5740.9 8054.5 -16.8 77 0 39.0 70.4 14.0 0.0 0 0 4 4 4
-5689.7 8070.7 -22.1 76 0 47.3 95.6 14.0 0.0 0 1 4 3 3
-5637.2 8203.0 -26.6 343 0 94.7 47.9 14.0 0.0 0 0 4 1 1
-5666.7 8299.6 -26.6 344 0 69.6 37.0 14.0 0.0 0 0 4 5 5
-5861.9 9021.7 -13.7 185 0 361.3 246.7 14.0 0.0 0 0 4 5 5
-5882.8 8803.2 -10.6 193 0 46.0 30.0 14.0 0.0 0 0 4 3 3
-5769.0 8787.7 -14.5 94 0 15.7 31.4 14.0 3.5 2 1 4 2 2
-5685.6 8777.5 -17.1 100 0 24.9 26.4 14.0 0.0 0 1 4 5 5
-5831.3 9388.9 13.0 175 0 73.7 27.6 17.5 0.0 0 0 5 4 4
-5756.2 9268.2 13.3 80 0 34.3 158.7 17.5 0.0 0 1 5 4 4
-5702.2 9272.4 11.7 94 0 37.4 166.3 17.5 0.0 0 1 5 3 3
-5731.7 9510.3 6.0 357 0 70.3 25.4 17.5 0.0 0 0 5 4 4
-5679.8 9517.6 3.9 359 0 67.1 22.8 17.5 3.5 2 0 5 5 5
-5639.3 9604.6 0.6 350 0 62.3 31.5 17.5 0.0 0 0 5 5 5
-5446.3 9427.5 6.2 1 0 176.7 27.8 17.5 0.0 0 0 5 0 0
-5413.3 9411.3 12.9 270 0 20.7 75.1 14.0 3.5 2 1 4 4 4
-5365.4 9334.1 13.7 89 0 21.1 75.9 14.0 0.0 0 1 4 1 1
-5317.5 9334.5 14.4 90 0 29.4 71.9 14.0 0.0 0 1 4 2 2
-5274.4 9327.7 11.9 91 0 26.6 75.6 14.0 0.0 0 1 4 3 3
-5228.3 9328.9 11.1 93 0 26.7 70.8 14.0 0.0 0 1 4 1 1
-5185.2 9328.5 10.8 89 0 27.0 71.5 14.0 0.0 0 1 4 1 1
-5097.9 9349.7 9.0 75 0 21.6 60.5 14.0 3.5 2 1 4 1 1
-5064.6 9354.1 8.0 86 0 22.0 60.1 14.0 3.5 4 1 4 5 5
-5034.9 9360.1 7.9 88 0 19.1 50.4 14.0 3.5 2 1 4 5 5
-5001.3 9362.9 7.6 85 0 17.9 54.5 14.0 3.5 2 1 4 2 2
-4972.8 9368.0 7.5 88 0 15.9 55.3 14.0 3.5 4 1 4 3 3
-4973.5 9492.9 12.4 270 0 16.1 64.1 14.0 3.5 2 1 4 3 3
-5010.0 9488.5 12.5 255 0 16.8 61.6 14.0 3.5 2 1 4 2 2
-5046.2 9492.5 12.1 263 0 17.8 67.3 14.0 3.5 4 1 4 0 0
-5073.8 9490.5 13.0 267 0 16.8 58.5 14.0 3.5 2 1 4 5 5
-5110.8 9482.4 14.1 263 0 16.7 63.0 14.0 3.5 2 1 4 1 1
-5136.7 9462.8 15.2 360 0 66.6 15.9 17.5 3.5 2 0 5 3 3
-5146.6 9508.8 14.2 91 0 16.5 56.3 17.5 3.5 2 1 5 2 2
-5187.6 9420.4 14.8 91 0 17.2 52.4 17.5 3.5 2 1 5 2 2
-5187.5 9497.0 13.1 90 0 18.9 63.0 17.5 3.5 2 1 5 5 5
-5231.2 9421.4 14.7 90 0 17.0 69.0 17.5 3.5 4 1 5 1 1
-5274.9 9423.3 13.3 90 0 16.7 57.1 17.5 3.5 4 1 5 2 2
-5274.4 9494.8 14.3 89 0 16.1 63.6 17.5 3.5 4 1 5 5 5
-5232.2 9505.1 13.1 88 0 17.8 52.8 17.5 3.5 4 1 5 4 4
-5276.9 9645.1 11.7 257 0 18.9 61.0 17.5 3.5 2 1 5 1 1
-5416.3 9431.9 9.1 89 0 16.6 45.3 17.5 3.5 2 1 5 3 3
-5371.3 9425.0 12.7 88 0 17.5 137.4 17.5 0.0 0 1 5 1 1
-5108.1 9492.8 14.9 86 0 17.1 98.7 17.5 0.0 0 1 5 0 0
-5073.8 9501.6 13.7 84 0 18.1 65.5 17.5 3.5 4 1 5 1 1
-5038.8 9506.9 11.8 75 0 16.7 64.2 17.5 3.5 2 1 5 1 1
-5004.7 9502.2 11.8 83 0 17.9 77.5 17.5 3.5 2 1 5 0 0
-4971.0 9508.9 11.6 86 0 18.2 62.8 17.5 3.5 2 1 5 1 1
-4938.8 9524.4 9.7 86 0 17.1 51.9 17.5 3.5 2 1 5 2 2
-4948.2 9663.3 10.6 267 0 15.7 73.2 17.5 3.5 2 1 5 3 3
-4908.4 9546.0 9.4 86 0 17.7 53.9 17.5 0.0 0 1 5 3 3
-4914.8 9663.6 10.0 268 0 15.1 51.0 17.5 3.5 2 1 5 4 4
-5014.6 9661.2 14.6 267 0 17.2 75.3 17.5 3.5 2 1 5 3 3
-5049.1 9650.0 15.8 268 0 14.5 65.0 17.5 3.5 2 1 5 3 3
-4979.7 9662.9 14.1 269 0 17.8 51.8 17.5 3.5 2 1 5 5 5
-4872.3 9620.1 8.4 358 0 98.9 16.8 17.5 0.0 0 0 5 0 0
-4921.7 9470.0 12.8 356 0 50.6 18.5 14.0 3.5 2 0 4 1 1
-4896.1 9476.0 12.3 180 0 54.9 22.4 14.0 3.5 2 0 4 1 1
-4838.8 9447.3 11.5 89 0 21.0 51.2 14.0 0.0 0 1 4 2 2
-4842.4 9558.4 9.5 271 0 20.3 46.1 14.0 3.5 2 1 4 1 1
-4798.6 9450.1 10.9 90 0 20.6 52.7 14.0 3.5 2 1 4 0 0
-4756.5 9451.1 10.2 94 0 18.8 51.4 14.0 3.5 2 1 4 2 2
-4710.4 9451.7 7.9 89 0 16.7 94.5 14.0 3.5 2 1 4 2 2
-5188.3 9654.3 11.7 268 0 21.2 79.2 17.5 0.0 0 1 5 5 5
-5145.2 9654.7 12.9 270 0 18.9 66.6 17.5 0.0 0 1 5 4 4
-4873.0 9545.2 10.0 250 0 18.6 31.6 14.0 3.5 2 1 4 1 1
-4789.2 9864.2 14.0 267 0 19.7 52.3 17.5 3.5 2 1 5 5 5
-4703.6 9746.7 4.4 91 0 21.9 52.6 17.5 3.5 2 1 5 0 0
-4745.9 9865.2 10.9 269 0 21.2 57.2 17.5 0.0 0 1 5 5 5
-4699.5 9866.8 9.5 269 0 16.4 35.1 17.5 3.5 2 1 5 3 3
-4658.1 9746.5 1.3 88 0 23.5 51.9 17.5 3.5 2 1 5 0 0
-4652.9 9869.8 4.8 270 0 23.7 61.1 17.5 3.5 4 1 5 0 0
-4613.4 9756.4 -0.7 88 0 22.4 48.8 17.5 3.5 2 1 5 0 0
-4607.9 9871.1 0.7 267 0 24.1 53.5 17.5 3.5 2 1 5 2 2
-4914.0 7966.1 -40.6 273 0 28.8 48.7 17.5 0.0 0 1 5 4 4
-4870.5 7965.8 -40.6 277 0 26.2 52.8 17.5 3.5 2 1 5 2 2
-4939.4 7855.9 -41.3 94 0 85.5 45.9 17.5 0.0 0 0 5 0 0
-4831.5 7855.0 -41.3 91 0 33.4 89.4 17.5 0.0 0 1 5 3 3
-4670.7 7979.2 -42.5 1 0 59.3 93.2 17.5 0.0 0 1 5 2 2
-6249.0 12274.2 -25.0 90 0 18.7 54.5 14.0 3.5 2 1 4 5 5
-3795.9 8076.8 -41.3 267 0 190.7 120.1 14.0 0.0 0 0 4 5 5
-3236.4 8897.5 -42.2 181 0 93.3 43.5 7.5 0.0 0 0 3 0 0
-2043.9 9619.9 -34.7 57 0 90.2 203.7 14.0 0.0 0 1 4 3 3
2273.3 -12270.7 -30.0 88 0 13.1 9.0 5.0 0.0 0 0 2 5 5
-5733.4 -5650.1 -20.1 109 0 10.9 24.2 10.0 2.5 2 1 4 1 1
2217.5 -12240.4 -31.9 256 0 10.4 6.8 5.0 2.5 2 0 2 1 1
2017.9 -12247.2 -35.7 180 0 8.6 12.4 2.5 2.5 2 1 1 0 0
2025.3 -11787.2 -23.0 70 0 15.1 21.8 10.5 0.0 0 1 3 4 4
-2836.6 -10782.1 -9.6 63 0 20.7 15.4 14.0 3.5 2 0 4 5 5
-2797.4 -10734.6 -8.0 231 1 14.8 15.3 14.0 0.0 0 1 4 4 4
-2850.3 -10526.0 -1.5 297 0 18.2 18.2 10.0 0.0 0 0 4 0 0
-2962.3 -10535.3 -6.4 344 0 11.7 13.0 5.0 2.5 2 1 2 4 4
-2971.3 -10482.5 -6.6 24 0 29.3 12.5 10.0 0.0 0 0 4 5 5
-3037.8 -10553.4 -9.7 221 0 16.2 9.9 5.0 0.0 0 0 2 4 4
-3017.1 -10750.6 -15.6 251 0 21.0 21.9 14.0 0.0 0 1 4 4 4
-2966.1 -10805.7 -14.4 99 0 9.8 13.7 10.5 3.5 2 1 3 2 2
-2999.0 -10798.8 -15.5 113 1 12.4 13.7 14.0 3.5 4 1 4 3 3
-3176.2 -10615.3 -17.2 77 0 12.4 21.5 12.5 2.5 2 1 5 0 0
-3104.7 -10636.2 -13.9 132 0 12.2 36.4 12.5 0.0 0 1 5 1 1
-3096.9 -10577.1 -13.9 312 0 16.4 30.0 12.5 0.0 0 1 5 4 4
-3088.5 -10764.9 -17.5 105 0 6.2 13.8 10.5 0.0 0 1 3 0 0
-3161.3 -10131.6 -5.8 243 0 10.8 13.5 5.0 2.5 2 1 2 2 2
-3412.2 -10284.9 -21.7 45 0 22.5 20.2 10.5 3.5 2 0 3 2 2
-3465.5 -10122.8 -14.2 260 0 22.9 21.5 10.5 0.0 0 0 3 4 4
-3525.8 -10097.6 -13.9 283 0 7.3 17.9 10.5 3.5 2 1 3 5 5
-3658.3 -9920.0 -17.4 282 0 16.9 15.9 10.5 0.0 0 0 3 3 3
-3647.6 -9687.7 -13.3 54 0 9.6 21.2 5.0 2.5 2 1 2 5 5
-3722.4 -9666.4 -13.1 184 0 14.9 26.4 12.5 0.0 0 1 5 5 5
-3926.5 -9658.7 -16.7 205 0 23.4 17.7 10.0 0.0 0 0 4 1 1
-3934.5 -9734.6 -18.6 197 0 13.1 22.8 12.5 2.5 4 1 5 3 3
-3950.4 -9711.2 -18.5 160 0 12.9 14.4 5.0 2.5 2 1 2 1 1
-4324.4 -9699.7 -34.4 111 0 8.6 14.2 2.5 2.5 2 1 1 1 1
-4281.5 -9226.9 -23.2 90 0 11.4 17.1 7.5 2.5 4 1 3 0 0
-4679.3 -9321.8 -32.4 325 0 14.9 19.0 10.0 2.5 2 1 4 1 1
-4712.4 -9368.9 -32.3 68 0 12.6 24.5 10.0 2.5 2 1 4 1 1
-4363.6 -9177.6 -21.6 256 0 23.4 22.5 10.0 2.5 2 0 4 2 2
-4535.6 -9214.1 -32.7 179 0 15.4 19.2 7.5 2.5 4 1 3 3 3
-4543.6 -9136.3 -33.7 160 0 16.2 16.0 10.0 0.0 0 0 4 3 3
-6090.0 -8532.5 -1.8 15 0 15.7 22.6 10.0 2.5 2 1 4 2 2
-6010.5 -7034.0 -32.1 110 0 27.3 49.7 14.0 0.0 0 1 4 4 4
-6146.0 -6922.0 -24.6 160 0 12.2 23.4 14.0 3.5 2 1 4 0 0
-6050.7 -6925.6 -29.0 55 0 15.8 31.0 14.0 3.5 2 1 4 3 3
-6053.2 -6860.1 -27.6 253 0 18.8 14.1 14.0 3.5 2 0 4 4 4
-6185.2 -6386.8 -11.9 104 0 20.5 13.1 14.0 0.0 0 0 4 2 2
-5978.9 -6514.9 -18.0 106 0 30.1 17.7 14.0 3.5 2 0 4 5 5
-5990.3 -6430.5 -22.5 190 0 41.1 45.5 14.0 0.0 0 1 4 0 0
-6066.2 -6393.9 -13.7 112 0 40.3 30.8 14.0 0.0 0 0 4 2 2
-5880.0 -6435.6 -30.6 6 0 30.4 50.8 14.0 3.5 2 1 4 4 4
-5724.8 -5496.2 -13.7 210 0 20.6 37.0 17.5 2.5 2 1 7 3 3
-6203.0 -9127.0 -9.8 92 0 7.7 37.5 10.5 3.5 2 1 3 3 3
-6194.5 -9136.2 -10.2 188 0 8.6 32.7 10.5 3.5 2 1 3 5 5
-6195.2 -9184.5 -17.9 191 0 13.8 26.0 14.0 3.5 4 1 4 1 1
-5847.5 -9267.4 -21.2 232 0 9.1 9.7 7.5 2.5 2 1 3 2 2
-5907.7 -9361.8 -30.1 48 0 13.4 19.3 7.5 0.0 0 1 3 1 1
-5897.8 -9410.3 -30.4 25 0 14.2 17.7 7.5 0.0 0 1 3 2 2
-5881.5 -9471.5 -31.0 360 0 30.0 16.8 7.5 0.0 0 0 3 3 3
-5951.0 -9408.7 -29.9 41 0 6.3 16.9 7.5 2.5 2 1 3 5 5
-6050.1 -9419.7 -29.1 146 0 21.5 18.1 7.5 0.0 0 0 3 2 2
-5451.8 -8779.8 -3.5 228 0 14.6 24.7 12.5 2.5 2 1 5 2 2
-5484.1 -9004.2 -11.9 340 0 9.8 25.9 7.5 0.0 0 1 3 0 0
-5556.6 -9030.1 -15.3 120 0 19.5 17.3 17.5 0.0 0 0 7 5 5
-5412.2 -9127.5 -27.2 117 0 13.0 11.6 5.0 2.5 2 0 2 4 4
-5346.9 -9133.1 -32.3 323 0 9.8 23.4 7.5 0.0 0 1 3 0 0
-6353.8 -7939.6 3.5 277 0 12.5 15.8 14.0 3.5 2 1 4 5 5
-6348.0 -7990.6 6.3 14 0 13.1 13.2 14.0 3.5 4 1 4 5 5
-6309.5 -7936.2 1.1 40 0 6.7 14.4 10.5 3.5 2 1 3 0 0
-6208.7 -7996.6 5.9 281 0 14.7 11.5 5.0 2.5 2 0 2 5 5
-6260.2 -7995.5 5.5 125 0 13.7 12.0 2.5 2.5 4 0 1 5 5
-6216.7 -7799.7 -12.0 17 0 8.3 21.0 10.5 0.0 0 1 3 1 1
-6047.0 -7726.0 -21.6 50 0 14.8 16.1 10.0 0.0 0 1 4 2 2
-6038.0 -7588.9 -22.0 90 0 6.1 26.5 10.5 3.5 2 1 3 4 4
-6028.5 -7830.2 -21.8 81 0 14.3 24.4 12.5 0.0 0 1 5 3 3
1506.3 -12135.1 -26.0 179 0 9.8 19.1 2.5 2.5 2 1 1 2 2
362.7 -11777.9 -7.5 154 0 22.7 18.6 10.0 2.5 2 0 4 5 5
1103.6 -12114.0 -9.2 134 0 14.2 13.7 12.5 2.5 4 0 5 5 5
1310.6 -12164.7 -16.2 159 0 8.6 40.1 7.5 2.5 2 1 3 2 2
1691.6 -12210.9 -34.4 181 0 15.9 31.9 12.5 2.5 2 1 5 5 5
1720.0 -12178.2 -30.3 316 0 12.5 24.3 7.5 2.5 2 1 3 0 0
1547.9 -11872.2 -35.4 348 0 11.5 14.5 7.5 2.5 2 1 3 4 4
-5934.0 -4174.5 -4.7 56 0 103.8 42.9 12.5 0.0 0 0 5 1 1
-5850.9 -3997.2 -12.9 196 0 83.0 72.8 10.0 0.0 0 0 4 3 3
-6344.1 -4038.0 -14.1 147 0 57.4 258.9 10.0 0.0 0 1 4 3 3
-4793.7 -3106.7 -19.4 84 0 137.3 114.5 12.5 0.0 0 0 5 0 0
-5722.9 -3112.8 -22.4 231 0 53.7 26.1 10.0 0.0 0 0 4 3 3
-5625.9 -3044.7 -23.8 219 0 49.0 30.8 12.5 2.5 4 0 5 2 2
-6131.6 -3490.5 -2.6 279 0 57.1 23.9 12.5 2.5 2 0 5 2 2
-4444.8 -2773.7 -21.5 97 0 38.7 84.0 10.0 0.0 0 1 4 0 0
-4508.9 -2539.4 -16.6 275 0 52.1 20.8 10.0 2.5 2 0 4 1 1
-6287.4 -2943.6 -1.2 219 0 19.8 35.6 10.0 0.0 0 1 4 2 2
-6032.4 -3014.2 -10.6 322 0 41.3 36.4 10.0 0.0 0 0 4 1 1
-6089.7 -2961.6 -0.1 295 0 14.4 18.8 10.0 2.5 2 1 4 1 1
-6003.6 -2848.5 -12.7 305 0 37.0 19.8 10.0 0.0 0 0 4 3 3
-6037.8 -2724.8 -17.0 266 0 39.3 35.8 10.0 0.0 0 0 4 5 5
-5974.9 -2677.1 -23.3 187 0 21.6 30.6 12.5 0.0 0 1 5 2 2
-6318.8 -2724.2 -16.4 184 0 35.9 70.9 10.0 0.0 0 1 4 5 5
-5420.1 -3077.9 -24.5 275 0 18.0 27.9 12.5 2.5 2 1 5 3 3
-6809.5 -2719.0 -4.2 190 0 25.3 75.1 10.0 0.0 0 1 4 0 0
-6388.5 -7945.6 4.1 228 0 12.9 22.2 14.0 3.5 2 1 4 2 2
-5995.1 -8089.0 -21.5 43 0 18.3 17.0 10.0 2.5 2 0 4 0 0
-6047.0 -8073.9 -20.5 225 0 12.0 48.6 12.5 0.0 0 1 5 3 3
-6036.7 -7998.8 -11.4 217 0 11.0 21.2 2.5 0.0 0 1 1 3 3
-4946.3 -2723.6 -20.4 186 0 74.0 27.0 12.5 0.0 0 0 5 5 5
-4562.2 -2395.4 -22.5 137 0 115.4 74.7 14.0 0.0 0 0 4 3 3
-6754.6 -2327.0 2.8 94 0 23.4 37.0 12.5 0.0 0 1 5 2 2
-5648.7 -2892.6 -17.8 43 0 16.3 21.9 12.5 2.5 2 1 5 5 5
-5659.8 -2827.6 -22.5 232 0 17.9 15.2 10.0 2.5 4 0 4 3 3
-5613.4 -2835.9 -20.6 7 0 13.4 18.7 5.0 2.5 2 0 2 0 0
-6041.0 -3969.8 -9.7 0 0 20.7 27.4 10.0 2.5 2 1 4 1 1
-6500.4 -2280.6 -9.9 135 0 8.7 23.0 7.5 2.5 2 1 3 5 5
-6448.3 -2274.5 -9.3 46 0 17.8 11.2 5.0 2.5 2 0 2 2 2
-6873.2 -1855.3 -4.5 140 0 29.3 12.4 10.0 2.5 2 0 4 4 4
-6838.7 -1703.3 -10.6 290 0 15.4 17.6 12.5 2.5 2 0 5 0 0
-6463.0 -2066.3 5.1 261 0 26.0 31.1 10.0 0.0 0 1 4 2 2
-6653.7 -2084.2 9.0 347 0 13.8 25.4 10.0 2.5 2 1 4 3 3
-6868.1 -1340.9 -23.3 9 0 27.9 11.7 10.0 2.5 2 0 4 4 4
-6251.4 -6938.5 -12.6 252 0 14.3 16.2 7.5 2.5 2 1 3 5 5
-6185.5 -7083.5 -19.1 349 0 17.5 17.8 12.5 2.5 2 1 5 4 4
-6116.7 -7471.4 -21.9 318 0 19.4 9.9 10.5 3.5 2 0 3 5 5
-6373.9 -9435.8 -27.9 103 0 12.2 17.3 14.0 3.5 2 1 4 2 2
-6338.4 -9267.1 -21.9 310 0 22.9 20.4 14.0 3.5 2 0 4 3 3
-964.9 10592.0 -43.5 353 0 219.2 38.5 12.5 0.0 0 0 5 5 5
-957.9 10268.7 -41.4 108 0 37.1 87.8 12.5 0.0 0 1 5 0 0
-307.4 10430.6 -42.2 160 0 226.8 341.5 14.0 0.0 0 1 4 0 0
318.8 -12142.2 -5.8 17 0 9.7 6.7 5.0 2.5 2 0 2 5 5
370.3 -12062.3 -7.6 182 0 8.5 37.9 7.5 2.5 2 1 3 5 5
-6726.8 -1507.2 -18.0 221 0 41.3 29.2 10.0 0.0 0 0 4 1 1
-129.3 -12048.8 -9.2 262 0 19.6 27.0 12.5 2.5 2 1 5 5 5
-6774.0 -1717.4 -4.0 57 0 13.4 22.7 10.0 0.0 0 1 4 3 3
-6651.2 -1576.5 -14.6 137 0 11.1 13.3 2.5 2.5 2 1 1 5 5
-6636.4 -1530.6 -18.0 280 0 10.6 16.1 5.0 2.5 4 1 2 1 1
-6700.9 -1966.0 7.9 173 0 24.7 23.8 12.5 2.5 4 0 5 0 0
-6475.1 -1925.3 -1.4 191 0 33.3 48.0 12.5 0.0 0 1 5 3 3
-6390.2 -1861.7 -0.9 344 0 17.8 49.9 12.5 2.5 2 1 5 1 1
-6452.1 -1814.2 -2.7 219 0 19.3 27.4 10.0 2.5 2 1 4 5 5
-6125.8 -2340.2 -10.8 257 0 54.2 17.0 14.0 3.5 2 0 4 2 2
-6048.0 -2204.5 -3.0 295 0 11.4 20.8 14.0 3.5 2 1 4 2 2
-5981.7 -2276.8 -1.5 343 0 14.9 18.1 14.0 0.0 0 1 4 4 4
-6246.8 -1930.3 0.5 124 0 83.0 17.8 7.5 2.5 2 0 3 0 0
-6073.0 -1350.5 -16.5 214 0 14.9 22.1 7.5 2.5 2 1 3 0 0
-6041.1 -1340.1 -16.1 266 0 11.5 16.6 5.0 2.5 2 1 2 1 1
-6144.2 -1165.4 -23.9 101 0 21.6 26.5 12.5 0.0 0 1 5 1 1
-6236.8 -1217.7 -24.5 146 0 35.1 16.2 10.0 2.5 2 0 4 4 4
-6260.2 -1168.1 -26.1 165 0 32.6 12.8 10.0 2.5 2 0 4 5 5
-6170.0 -1040.7 -26.8 181 0 13.9 31.4 10.0 2.5 2 1 4 5 5
-6089.3 -992.5 -25.0 331 0 14.7 22.5 12.5 2.5 2 1 5 1 1
-5958.7 -1087.4 -21.3 93 0 12.7 19.7 5.0 2.5 2 1 2 4 4
-5999.8 -963.1 -21.7 176 0 15.8 13.6 7.5 2.5 2 0 3 5 5
-5994.8 -922.6 -22.9 315 0 19.1 13.0 5.0 2.5 2 0 2 3 3
-6178.0 -869.1 -23.5 118 0 13.0 16.0 10.0 0.0 0 1 4 2 2
-6403.0 -1055.9 -26.5 4 0 11.9 17.4 12.5 2.5 4 1 5 3 3
-6484.9 -1008.8 -31.1 300 0 9.5 17.7 2.5 0.0 0 1 1 3 3
-6527.2 -1051.3 -29.5 42 0 13.7 27.5 15.0 0.0 0 1 6 5 5
-6547.5 -952.3 -35.4 316 0 11.4 20.3 7.5 2.5 2 1 3 1 1
-6880.3 -638.9 -19.0 336 0 17.0 32.3 12.5 2.5 2 1 5 2 2
-6911.1 -414.1 -14.9 182 0 18.8 22.9 12.5 2.5 2 1 5 1 1
-6858.8 -376.1 -19.1 281 0 26.2 12.5 12.5 2.5 2 0 5 5 5
-6836.0 -685.5 -26.5 150 0 9.5 23.1 5.0 2.5 2 1 2 4 4
-6760.2 -672.7 -28.7 52 0 21.9 18.7 12.5 2.5 2 0 5 2 2
-6773.3 -638.2 -26.6 152 0 10.7 22.3 15.0 0.0 0 1 6 2 2
-6662.6 -640.1 -28.6 61 0 12.7 11.9 5.0 2.5 2 0 2 1 1
-6760.6 -432.7 -21.1 108 0 13.5 9.7 5.0 2.5 2 0 2 0 0
-6642.0 -395.5 -26.6 295 0 30.1 11.7 12.5 2.5 4 0 5 3 3
-6552.2 -433.5 -31.0 320 0 14.4 35.2 10.0 2.5 2 1 4 2 2
-6357.1 -410.4 -40.7 26 0 15.1 11.1 14.0 3.5 2 0 4 1 1
-6340.0 -400.8 -40.8 209 0 15.5 12.8 14.0 3.5 2 0 4 3 3
-6111.9 -586.9 -32.7 95 0 16.1 12.5 14.0 3.5 4 0 4 3 3
2849.5 6991.8 -48.6 307 0 22.1 25.1 14.0 0.0 0 1 4 4 4
308.7 -11658.3 -19.3 109 0 16.8 12.0 7.5 2.5 2 0 3 1 1
-122.3 -11978.3 -12.5 113 0 14.8 35.2 10.0 0.0 0 1 4 0 0
-84.0 -11946.5 -13.2 31 0 17.7 13.8 7.5 2.5 2 0 3 0 0
-252.5 -11875.3 -22.2 212 0 18.3 16.1 12.5 2.5 2 0 5 4 4
-299.4 -11931.3 -21.3 204 0 11.5 12.4 5.0 2.5 2 1 2 5 5
3015.4 945.1 -12.3 332 0 16.5 25.3 14.0 0.0 0 1 4 4 4
2956.9 893.7 -14.1 130 0 21.3 20.2 14.0 0.0 0 0 4 5 5
3038.7 1056.0 -8.7 190 0 19.1 17.5 14.0 3.5 2 0 4 1 1
3093.0 1062.1 -8.2 54 0 21.9 21.4 14.0 0.0 0 0 4 0 0
3111.0 1121.2 -5.3 249 0 23.9 8.4 10.5 3.5 2 0 3 3 3
3309.3 967.3 -9.8 75 0 19.3 11.9 5.0 2.5 4 0 2 1 1
3343.9 1058.8 -7.2 187 1 16.3 10.5 14.0 0.0 0 0 4 2 2
3535.4 1078.0 -7.1 40 0 19.8 27.3 14.0 3.5 2 1 4 5 5
3861.5 1113.9 -20.6 93 0 24.5 19.7 12.5 2.5 2 0 5 1 1
4004.0 1211.9 -24.3 104 0 13.9 18.3 14.0 3.5 2 1 4 0 0
4222.8 1281.4 -21.1 214 0 13.5 20.0 14.0 3.5 4 1 4 3 3
4304.1 1221.3 -18.5 336 0 12.2 25.4 10.5 0.0 0 1 3 4 4
4548.1 1795.2 -4.5 135 0 18.6 30.1 12.5 2.5 2 1 5 3 3
4521.9 1895.5 -4.9 342 0 27.5 16.3 10.0 2.5 2 0 4 4 4
3627.0 1396.0 -29.4 242 0 16.4 37.4 10.5 3.5 2 1 3 2 2
3687.4 1545.9 -18.2 70 0 17.9 23.6 14.0 3.5 2 1 4 1 1
3729.3 1604.0 -16.2 270 0 14.1 25.4 14.0 3.5 2 1 4 0 0
3234.2 1495.9 -27.1 220 0 76.4 38.5 12.5 0.0 0 0 5 2 2
-5780.5 -2499.0 -22.5 298 0 17.0 11.8 14.0 3.5 2 0 4 1 1
-5743.1 -2475.6 -18.1 105 0 38.8 11.4 14.0 3.5 2 0 4 4 4
-5675.4 -2523.9 -25.0 153 0 23.5 19.2 14.0 3.5 4 0 4 0 0
-5490.4 -2504.5 -20.2 295 0 20.6 28.8 14.0 0.0 0 1 4 0 0
-5824.7 -2420.9 -10.8 137 0 18.8 12.8 14.0 0.0 0 0 4 5 5
-5420.0 -2406.8 -22.2 306 0 23.3 35.6 10.5 0.0 0 1 3 4 4
-5432.8 -2483.0 -22.4 38 0 14.5 14.5 10.5 3.5 2 1 3 3 3
-5740.9 -2231.2 -15.9 64 0 27.2 14.1 10.0 2.5 2 0 4 3 3
-5709.1 -2209.4 -15.0 52 0 12.4 9.4 2.5 2.5 2 0 1 5 5
-5666.8 -2192.9 -13.7 51 0 13.1 6.1 7.5 2.5 4 0 3 3 3
-5840.1 -1983.4 -8.1 225 0 12.3 36.1 12.5 0.0 0 1 5 0 0
-5546.2 -2030.0 -18.3 74 0 12.4 16.8 10.5 3.5 2 1 3 1 1
-5522.3 -1996.9 -17.0 217 0 29.8 9.5 10.5 3.5 2 0 3 5 5
-5480.4 -2034.4 -17.0 130 0 10.0 11.5 10.5 0.0 0 1 3 1 1
-5372.2 -2033.7 -15.7 273 0 16.0 15.6 10.5 3.5 2 0 3 1 1
-5354.9 -2058.5 -16.8 33 0 21.4 10.1 10.5 3.5 4 0 3 2 2
-5280.3 -2054.8 -23.5 103 0 25.2 20.4 10.5 3.5 2 0 3 2 2
-5166.7 -2073.7 -30.2 269 0 24.4 15.1 10.5 3.5 2 0 3 5 5
-5089.9 -2143.6 -33.3 156 0 16.0 18.3 10.5 3.5 2 0 3 3 3
-5083.5 -2019.8 -31.2 129 0 15.9 14.0 10.5 3.5 2 0 3 3 3
-337.6 -11806.0 -26.8 341 0 22.2 9.7 5.0 2.5 2 0 2 1 1
1319.0 -11746.4 -34.2 338 0 14.7 25.7 14.0 3.5 2 1 4 3 3
-851.8 -11890.6 -16.4 107 0 16.4 15.7 2.5 2.5 2 0 1 1 1
-883.8 -11861.3 -16.2 193 0 7.4 11.2 7.5 2.5 2 1 3 4 4
-1307.2 -11913.4 -9.4 100 0 119.2 20.1 14.0 0.0 0 0 4 1 1
-1588.8 -11729.4 -5.4 194 0 19.4 21.1 10.5 3.5 4 1 3 2 2
3266.7 1638.4 -31.7 313 0 36.0 9.9 10.5 3.5 2 0 3 5 5
3109.3 2466.3 -5.2 59 0 27.1 19.8 10.0 2.5 2 0 4 5 5
3883.0 2603.1 -5.7 22 0 22.2 61.6 10.0 2.5 2 1 4 1 1
5117.1 4601.5 -39.2 6 0 84.7 32.3 10.5 0.0 0 0 3 3 3
-4824.0 -1949.3 -37.1 45 0 27.7 27.2 14.0 0.0 0 0 4 1 1
-5385.7 -1874.5 -14.1 251 0 15.8 36.3 17.5 0.0 0 1 7 3 3
-6014.3 -584.6 -35.3 132 0 32.2 27.0 14.0 0.0 0 0 4 1 1
6020.8 972.0 -20.2 147 0 101.1 70.6 15.0 0.0 0 0 6 0 0
-4051.6 6805.9 -48.9 91 0 13.3 10.4 8.0 2.5 2 0 2 2 2
-4020.3 6804.0 -48.9 93 0 42.4 12.3 10.0 2.5 2 0 4 2 2
-3942.9 6806.6 -49.0 3 0 6.6 27.7 8.0 2.5 2 1 2 1 1
-3890.0 6870.6 -48.6 61 0 24.1 22.6 12.5 2.5 2 0 5 4 4
-3946.9 6830.2 -48.9 2 0 26.8 45.8 7.5 0.0 0 1 3 3 3
-3982.7 6858.3 -48.6 182 0 15.8 10.9 5.0 2.5 2 0 2 1 1
-3947.9 6856.5 -48.7 2 0 16.3 17.7 10.0 2.5 2 1 4 2 2
-3954.6 6919.1 -49.0 273 0 13.1 19.1 7.5 2.5 2 0 3 4 4
-3851.0 6782.1 -49.3 181 0 13.4 10.2 5.0 2.5 4 0 2 5 5
-3911.2 6943.0 -48.7 194 0 14.4 17.4 2.5 2.5 2 1 1 5 5
-3863.6 6982.8 -48.7 9 0 21.3 9.2 7.5 2.5 2 0 3 3 3
-3916.8 6983.7 -49.6 131 0 12.8 24.5 7.5 0.0 0 1 3 0 0
-3762.6 7156.1 -49.9 281 0 15.7 20.7 10.5 3.5 2 1 3 0 0
-3429.6 6845.5 -49.5 354 0 11.5 14.3 14.0 0.0 0 1 4 3 3
-3517.5 7018.2 -48.3 7 0 17.1 19.1 10.5 3.5 2 1 3 1 1
-2880.3 9165.2 -36.9 293 0 12.2 9.8 10.5 3.5 2 0 3 2 2
-6197.6 -10584.7 -12.0 348 0 95.7 46.4 14.0 0.0 0 0 4 5 5
-6197.8 -10416.7 -17.4 341 0 36.6 19.7 10.5 0.0 0 0 3 3 3
-6227.3 -10450.6 -15.2 336 0 14.4 15.5 14.0 3.5 2 1 4 5 5
-6448.0 -9971.7 -28.6 257 0 12.7 20.7 10.5 3.5 2 1 3 1 1
-6254.5 -10139.9 -25.3 352 0 21.7 16.3 10.5 3.5 2 0 3 5 5
-5978.4 -521.1 -35.4 234 0 23.0 8.9 10.5 3.5 2 0 3 3 3
-5916.0 -597.2 -33.6 339 0 34.4 13.9 14.0 3.5 2 0 4 5 5
-5900.3 -564.5 -32.5 338 0 13.2 13.2 14.0 3.5 2 0 4 3 3
-5885.8 -606.3 -32.0 9 0 13.5 16.5 14.0 3.5 2 1 4 5 5
-5871.3 -561.7 -31.0 26 0 9.6 16.7 10.5 3.5 2 1 3 4 4
-5839.0 -604.1 -28.3 241 0 16.1 20.9 14.0 3.5 4 1 4 2 2
-5779.0 -632.1 -26.1 10 0 25.4 30.5 14.0 0.0 0 1 4 0 0
-5771.0 -1113.9 -14.8 200 0 20.7 84.8 10.0 0.0 0 1 4 0 0
-5107.8 -1302.5 -23.8 343 0 26.7 16.2 14.0 3.5 2 0 4 4 4
-5496.0 -1295.2 -9.1 293 0 11.3 20.9 5.0 0.0 0 1 2 0 0
-5139.9 -1457.2 -20.2 194 0 16.5 15.2 14.0 3.5 2 0 4 0 0
-5113.8 -1427.5 -22.5 275 0 28.6 13.2 14.0 3.5 2 0 4 2 2
-5133.9 -1577.2 -15.5 101 0 10.0 29.4 14.0 3.5 2 1 4 1 1
-5067.0 -1564.9 -17.0 74 0 19.8 14.4 14.0 3.5 2 0 4 3 3
-5039.8 -1535.7 -18.9 5 0 18.4 25.4 14.0 3.5 2 1 4 2 2
-5016.8 -1535.2 -20.1 78 0 21.1 14.4 14.0 3.5 2 0 4 4 4
-4625.0 -1183.3 -25.2 245 0 16.3 11.0 7.5 0.0 0 0 3 5 5
-4598.2 -1167.8 -25.9 245 0 14.2 7.5 5.0 2.5 4 0 2 4 4
-4941.0 -1579.1 -19.4 89 0 12.4 21.2 14.0 3.5 2 1 4 5 5
-4902.9 -1571.5 -20.6 76 0 16.2 18.2 14.0 0.0 0 1 4 5 5
-4864.4 -1576.3 -21.9 139 0 10.4 26.3 14.0 3.5 2 1 4 0 0
-4814.9 -1513.1 -27.7 276 0 16.4 9.3 10.5 3.5 2 0 3 0 0
-4799.8 -1510.2 -28.7 200 0 7.4 12.7 10.5 3.5 2 1 3 2 2
-4637.5 -1541.0 -30.2 353 0 17.4 16.0 14.0 3.5 2 0 4 4 4
-4661.4 -1528.1 -30.2 292 0 16.3 15.9 14.0 3.5 2 0 4 4 4
-4589.6 -1624.4 -32.2 55 0 17.4 18.9 14.0 3.5 2 1 4 3 3
-4623.6 -1593.2 -28.6 291 0 11.5 15.7 14.0 3.5 2 1 4 2 2
-4631.4 -1666.3 -31.2 104 0 7.9 24.9 10.5 3.5 2 1 3 3 3
-4678.6 -1613.1 -26.3 200 0 8.0 14.2 10.5 3.5 2 1 3 5 5
-4789.6 -1792.7 -28.6 202 0 12.7 12.5 14.0 3.5 4 0 4 2 2
-3747.8 -1656.3 -39.1 194 0 105.8 52.2 12.5 0.0 0 0 5 1 1
-4243.4 -2299.7 -10.7 62 0 17.0 36.3 12.5 2.5 2 1 5 4 4
-4129.4 -2207.4 -16.5 4 0 32.1 46.0 12.5 0.0 0 1 5 0 0
-4192.9 -1836.6 -28.0 310 0 18.8 30.6 10.0 2.5 4 1 4 4 4
3348.0 -253.9 -23.1 146 0 13.7 29.7 12.5 2.5 4 1 5 1 1
732.5 -978.7 -22.1 129 0 14.9 17.6 7.5 2.5 2 1 3 2 2
1492.7 -243.6 -13.9 211 0 24.4 32.0 10.0 0.0 0 1 4 1 1
2461.8 437.2 -12.3 99 0 14.9 22.0 10.0 2.5 2 1 4 4 4
2533.9 406.6 -14.9 54 0 32.4 17.1 10.0 2.5 2 0 4 3 3
-1569.2 -11610.3 -6.6 29 0 14.0 8.9 2.5 2.5 2 0 1 2 2
-1768.5 -11536.8 -2.2 108 0 12.7 47.7 14.0 3.5 2 1 4 3 3
-1838.3 -11464.4 2.4 149 0 52.8 26.0 14.0 3.5 2 0 4 1 1
-1788.6 -11223.2 12.7 90 0 7.4 12.2 10.5 3.5 2 1 3 0 0
-1756.9 -11094.3 3.9 196 0 15.4 9.2 10.5 3.5 2 0 3 2 2
-2024.2 -11071.3 10.7 106 0 18.4 11.7 14.0 3.5 2 0 4 5 5
-2032.2 -10988.4 4.8 300 0 15.6 22.1 14.0 3.5 4 1 4 4 4
-1975.3 -11000.9 10.7 282 0 20.5 13.6 14.0 3.5 2 0 4 3 3
-1848.7 -10950.4 -0.2 30 0 21.9 25.2 14.0 0.0 0 1 4 1 1
-1926.0 -11001.6 7.0 86 0 5.6 15.3 10.5 3.5 2 1 3 2 2
-1925.9 -10962.2 3.3 207 0 16.4 15.5 14.0 3.5 2 0 4 0 0
-1893.9 -10936.5 -0.1 209 0 13.2 15.2 14.0 3.5 2 1 4 2 2
-2035.7 -11096.4 11.5 96 0 12.9 12.2 14.0 3.5 2 0 4 0 0
-1326.7 -11255.9 -8.1 35 0 12.0 12.5 2.5 2.5 2 1 1 1 1
-1246.7 -11049.5 3.6 308 0 16.9 9.4 10.5 3.5 2 0 3 3 3
-1401.1 -10897.4 16.2 112 0 16.0 10.6 14.0 3.5 2 0 4 2 2
-1436.1 -10870.7 19.0 213 0 8.6 20.9 10.5 3.5 2 1 3 5 5
-1450.1 -10894.5 19.2 195 0 10.0 22.9 14.0 3.5 2 1 4 2 2
-448.4 -11441.6 -24.3 101 0 7.9 10.3 10.5 3.5 2 1 3 3 3
-455.9 -11341.7 -19.3 312 0 16.9 13.1 14.0 3.5 2 0 4 2 2
-462.3 -11295.1 -8.6 357 0 10.0 10.9 14.0 3.5 2 1 4 2 2
-473.9 -11394.5 -23.0 118 0 7.2 20.9 10.5 3.5 2 1 3 4 4
-573.5 -11327.4 -20.5 125 0 13.0 16.1 14.0 3.5 2 1 4 2 2
-583.9 -11276.8 -16.6 224 0 9.6 21.9 10.5 3.5 2 1 3 4 4
-386.2 -11425.9 -24.7 135 0 13.5 21.1 14.0 0.0 0 1 4 2 2
-352.2 -11432.7 -25.2 100 0 22.9 9.4 10.5 3.5 4 0 3 3 3
-281.5 -11335.3 -16.3 168 0 54.6 9.2 10.5 3.5 2 0 3 1 1
-307.7 -11283.1 -6.9 168 0 14.2 13.4 14.0 3.5 2 0 4 2 2
-272.2 -11295.4 -10.3 8 0 13.6 9.7 10.5 3.5 2 0 3 5 5
-299.3 -11218.9 -5.0 243 0 13.2 41.5 14.0 3.5 2 1 4 3 3
-350.5 -11195.2 -1.2 66 0 9.7 27.7 10.5 3.5 4 1 3 1 1
-391.9 -11184.4 0.3 74 0 9.5 31.6 10.5 3.5 2 1 3 4 4
-356.8 -11144.8 -0.9 333 0 10.9 10.7 14.0 3.5 2 0 4 5 5
-449.6 -11144.2 -1.3 122 0 16.6 15.4 14.0 3.5 2 0 4 5 5
-478.7 -11105.0 -1.9 86 0 11.7 16.2 14.0 3.5 4 1 4 3 3
-613.4 -11157.6 -9.2 216 0 9.3 18.4 10.5 3.5 2 1 3 0 0
-2154.6 -11149.8 6.3 124 0 18.2 13.5 5.0 2.5 2 0 2 1 1
-2245.6 -11036.8 0.1 203 0 11.2 36.3 12.5 2.5 2 1 5 1 1
-2564.6 6834.2 -50.8 87 0 13.3 40.0 10.0 2.5 2 1 4 0 0
-2516.3 7016.1 -50.1 6 0 17.3 33.6 14.0 0.0 0 1 4 1 1
-2404.1 5606.6 -46.2 98 0 21.2 38.9 14.0 3.5 2 1 4 1 1
-2742.6 7120.7 -48.9 4 0 39.1 21.4 7.5 0.0 0 0 3 0 0
-2524.4 5985.4 -48.4 184 0 19.8 24.4 14.0 3.5 2 1 4 3 3
-2452.9 5630.8 -46.1 105 0 11.1 28.4 14.0 0.0 0 1 4 2 2
6063.4 5208.6 -20.6 214 0 17.4 58.1 10.5 3.5 2 1 3 1 1
5204.2 5292.9 -17.0 71 0 12.3 18.4 10.0 2.5 2 1 4 5 5
5610.5 5541.1 -19.9 12 0 22.5 16.2 12.5 2.5 2 0 5 3 3
-2101.4 5621.1 -47.5 297 0 25.1 45.0 14.0 3.5 2 0 4 3 3
-2031.9 5590.5 -46.5 17 0 20.1 46.0 14.0 0.0 0 1 4 0 0
-1527.8 5504.0 -45.2 281 0 49.7 17.1 14.0 0.0 0 0 4 3 3
-1483.6 5470.8 -44.9 288 0 17.7 22.7 14.0 3.5 4 1 4 0 0
-2067.2 5761.0 -47.4 113 0 10.3 13.5 5.0 2.5 2 1 2 3 3
-1288.5 5579.3 -45.4 252 0 13.9 24.4 10.0 2.5 2 1 4 2 2
-80.5 -9445.7 39.7 301 0 29.1 24.2 12.5 2.5 2 0 5 5 5
-14.2 -8770.7 1.4 58 0 10.8 20.4 5.0 2.5 2 1 2 4 4
-43.3 -10676.9 17.5 83 0 16.7 16.6 12.5 2.5 2 0 5 3 3
-1225.0 -4970.4 -29.5 143 0 37.9 54.8 14.0 0.0 0 1 4 3 3
877.0 -11151.7 -17.1 195 0 16.6 26.5 12.5 2.5 2 1 5 3 3
884.7 -11192.8 -20.9 195 0 15.5 18.2 7.5 2.5 2 1 3 0 0
1275.2 -11531.6 -33.7 60 0 17.0 23.8 14.0 3.5 4 1 4 5 5
-349.3 -11784.5 -26.7 328 0 23.4 9.2 5.0 2.5 2 0 2 1 1
-2187.5 -10927.1 -1.9 151 0 11.4 18.6 10.5 3.5 2 1 3 0 0
-2411.3 -10845.1 -0.8 125 0 19.6 26.0 14.0 3.5 2 1 4 2 2
-2314.1 -10780.7 11.9 265 0 9.2 27.0 10.5 3.5 2 1 3 0 0
-1803.7 -10801.1 4.6 10 0 16.5 21.4 10.5 0.0 0 1 3 1 1
-1830.0 -10761.5 7.2 155 0 14.8 31.9 10.5 3.5 2 1 3 2 2
-1835.4 -10639.1 13.4 260 0 11.5 34.7 10.5 0.0 0 1 3 1 1
-1873.9 -10629.5 16.8 7 0 10.6 33.0 14.0 3.5 2 1 4 1 1
-1893.1 -10657.2 14.1 231 0 15.4 12.3 10.5 3.5 2 0 3 5 5
-1649.8 -10521.9 19.5 210 0 17.0 15.5 14.0 3.5 2 0 4 4 4
-1591.3 -10511.3 19.3 33 0 11.5 13.1 14.0 3.5 2 1 4 2 2
-3024.3 -10801.4 -17.2 352 0 33.6 8.5 10.5 3.5 2 0 3 4 4
-3067.8 -10872.9 -22.1 268 0 15.2 26.8 14.0 0.0 0 1 4 5 5
-3193.6 -10981.3 -25.9 119 0 13.6 26.2 14.0 3.5 2 1 4 4 4
-3214.7 -10959.1 -26.1 226 0 22.7 15.9 14.0 3.5 4 0 4 1 1
-3623.5 -10547.7 -30.7 353 0 32.4 16.8 10.0 2.5 2 0 4 4 4
-3396.9 -11568.6 -26.3 180 0 7.0 17.7 2.5 2.5 2 1 1 0 0
-3247.6 -11506.4 -24.0 72 0 11.7 18.2 5.0 2.5 2 1 2 4 4
-3393.3 -11637.2 -23.2 168 0 16.4 14.6 5.0 2.5 4 0 2 4 4
-3332.5 -11765.9 -20.5 95 0 12.8 24.0 10.0 2.5 2 1 4 1 1
-3106.0 -11362.4 -22.5 144 0 19.9 19.0 10.0 0.0 0 0 4 3 3
-3097.3 -11329.0 -23.0 175 0 8.2 27.1 7.5 0.0 0 1 3 0 0
-3048.6 -11389.1 -20.1 130 0 16.6 25.1 12.5 2.5 2 1 5 1 1
-2932.2 -11352.8 -14.2 275 0 19.1 12.5 7.5 2.5 2 0 3 3 3
-2806.6 -11250.6 -11.1 273 0 25.9 21.7 10.0 2.5 2 0 4 5 5
-2786.7 -11280.1 -5.2 68 0 14.2 16.5 5.0 2.5 2 1 2 0 0
499.7 -8365.8 -14.2 359 0 20.9 10.8 7.5 2.5 4 0 3 2 2
502.2 -8402.3 -14.5 29 0 17.9 12.7 7.5 0.0 0 0 3 0 0
467.5 -8372.8 -12.9 110 0 10.2 16.3 5.0 2.5 2 1 2 2 2
487.7 -8318.6 -14.4 302 0 11.9 20.8 2.5 2.5 2 1 1 5 5
590.1 -8200.0 -21.9 306 0 24.1 12.5 10.0 2.5 2 0 4 5 5
478.3 -8278.8 -15.0 197 0 13.5 14.1 2.5 2.5 2 0 1 0 0
599.4 -7728.2 -34.5 194 0 20.2 14.9 7.5 2.5 2 0 3 3 3
600.6 -7813.5 -33.3 160 0 21.1 11.1 7.5 2.5 2 0 3 2 2
605.8 -7660.9 -32.7 106 0 9.9 14.7 2.5 2.5 2 1 1 4 4
206.7 -8032.7 -18.2 9 0 22.0 21.1 10.0 2.5 2 0 4 0 0
174.3 -7815.1 -23.7 199 0 29.7 15.4 10.0 2.5 4 0 4 2 2
-272.4 -8261.1 -16.4 32 0 15.4 16.0 10.0 2.5 2 1 4 1 1
-539.2 -8218.7 -17.7 188 0 12.2 49.9 10.0 2.5 2 1 4 0 0
-108.2 -8794.4 3.0 0 0 24.4 20.7 10.0 2.5 2 0 4 0 0
-6889.0 -4604.1 -3.6 90 0 11.2 27.6 10.0 2.5 2 1 4 3 3
-2164.6 10875.8 -22.0 92 0 16.2 42.2 14.0 0.0 0 1 4 5 5
-2103.0 10859.2 -21.2 271 0 20.6 36.4 14.0 0.0 0 0 4 5 5
-2080.4 10923.8 -24.0 359 0 9.3 22.8 10.5 3.5 2 0 3 3 3
-2123.9 10855.3 -20.5 269 0 13.9 10.9 14.0 3.5 2 0 4 3 3
3128.3 1012.4 -10.1 243 0 11.9 7.8 10.5 3.5 2 0 3 5 5
3070.0 1956.1 -22.1 141 0 10.6 15.4 10.0 2.5 2 1 4 2 2
3080.9 2011.3 -20.2 9 0 6.7 7.9 5.0 2.5 2 0 2 4 4
3507.8 3149.3 -2.4 215 0 5.5 12.9 5.0 0.0 0 1 2 5 5
3527.8 3163.9 -1.9 301 0 7.3 18.0 5.0 2.5 2 1 2 0 0
5568.8 11824.2 -37.5 0 0 55.2 12.6 14.0 3.5 2 0 4 2 2
5568.6 11755.8 -35.1 0 0 56.4 12.6 14.0 3.5 2 0 4 0 0
5588.0 11824.9 -35.1 180 0 55.7 12.8 14.0 3.5 2 0 4 5 5
5587.8 11757.6 -31.3 180 0 53.7 12.8 14.0 3.5 2 0 4 4 4
1902.3 11440.6 -16.4 2 0 29.0 8.6 10.5 3.5 2 0 3 3 3
1746.0 11534.2 -14.3 182 0 48.6 158.0 10.5 0.0 0 1 3 2 2
1744.0 11457.8 -15.7 182 0 54.6 150.1 10.5 0.0 0 0 3 5 5
2194.1 11422.4 -13.4 2 0 23.5 25.5 10.5 0.0 0 1 3 5 5
2113.1 11413.4 -15.1 89 0 41.8 21.1 10.5 3.5 2 0 3 4 4
2040.0 11410.9 -14.7 93 0 81.9 23.4 10.5 0.0 0 0 3 1 1
2039.1 11565.7 -19.5 271 0 215.6 61.6 10.5 0.0 0 0 3 1 1
1931.3 11469.1 -16.8 180 0 49.6 202.3 10.5 0.0 0 1 3 0 0
2720.3 12042.0 6.3 147 0 37.0 13.8 14.0 3.5 2 0 4 5 5
2770.8 12041.0 4.0 286 0 19.8 12.1 14.0 0.0 0 0 4 2 2
2731.0 12072.8 6.6 237 0 7.5 36.4 10.5 0.0 0 1 3 2 2
2904.7 12058.4 -8.3 338 0 21.1 8.2 10.5 3.5 2 0 3 0 0
2943.3 11824.9 -13.3 221 0 176.3 7.5 10.5 0.0 0 0 3 5 5
3104.4 12030.9 -11.7 313 0 5.2 62.5 10.5 3.5 2 0 3 0 0
3036.6 11941.4 -12.4 119 0 5.5 50.6 10.5 3.5 2 0 3 4 4
2673.6 12225.3 15.9 253 0 4.9 8.3 10.5 3.5 2 1 3 4 4
2704.9 12195.3 13.0 114 0 6.8 10.3 10.5 0.0 0 1 3 3 3
2865.3 12104.6 -2.4 128 0 9.6 35.3 10.5 3.5 2 1 3 0 0
2920.3 12173.5 -5.9 259 0 36.2 9.6 10.5 3.5 2 0 3 3 3
2961.2 12189.2 -6.9 243 0 35.4 10.7 14.0 3.5 2 0 4 2 2
3000.9 12212.7 -7.6 243 0 27.2 11.8 14.0 3.5 2 0 4 1 1
3258.9 12096.0 3.3 291 0 30.9 6.6 5.0 2.5 2 0 2 1 1
3252.2 12050.4 -0.2 17 0 17.0 46.8 17.5 2.5 2 1 7 3 3
3292.0 12070.0 7.9 107 0 7.1 14.2 5.0 2.5 2 0 2 0 0
3102.5 10897.2 -26.9 273 0 10.5 30.1 10.0 2.5 2 1 4 0 0
2778.0 11562.1 -28.0 354 0 6.9 12.6 10.5 3.5 2 1 3 1 1
2751.6 11564.9 -27.9 273 0 26.3 6.6 10.5 3.5 2 0 3 1 1
2648.4 11529.6 -28.7 183 0 13.5 8.4 10.5 3.5 2 0 3 3 3
2650.8 11542.0 -27.6 183 0 11.5 8.0 10.5 3.5 2 0 3 3 3
2654.3 11583.7 -24.4 183 0 17.7 7.2 10.5 3.5 2 0 3 2 2
3144.7 10886.6 -30.3 46 0 8.8 11.8 5.0 2.5 2 1 2 5 5
3119.5 10923.0 -26.4 271 0 16.7 12.0 7.5 2.5 2 0 3 5 5
3109.7 10783.0 -30.1 89 0 9.0 53.0 7.5 2.5 2 1 3 1 1
3068.8 10917.0 -26.1 269 0 48.1 60.4 12.5 0.0 0 1 5 0 0
3016.1 10752.2 -25.4 179 0 8.7 8.5 5.0 2.5 2 0 2 2 2
3031.3 10756.8 -26.1 89 0 8.6 14.0 5.0 2.5 2 0 2 3 3
3070.0 10751.7 -29.1 89 0 48.4 83.9 12.5 0.0 0 1 5 3 3
2998.2 10917.1 -18.6 270 0 64.3 61.9 10.0 0.0 0 0 4 5 5
2732.5 10594.3 -17.7 331 0 7.4 42.9 7.5 2.5 2 0 3 2 2
3341.9 10175.5 -22.5 90 0 23.0 17.1 14.0 3.5 2 0 4 5 5
3312.6 10198.0 -21.5 180 0 50.6 17.7 14.0 3.5 2 0 4 4 4
3630.8 10348.6 -32.7 88 0 89.6 121.1 14.0 0.0 0 1 4 1 1
2548.0 11612.4 -19.9 182 0 14.7 6.5 10.5 3.5 2 0 3 2 2
2549.7 11880.1 -7.9 271 0 21.1 16.4 14.0 3.5 2 0 4 5 5
2578.4 11877.3 -9.5 275 0 27.0 15.9 14.0 3.5 2 0 4 0 0
3446.7 11225.7 -36.3 358 0 27.3 73.0 14.0 0.0 0 1 4 2 2
3400.5 11297.2 -34.3 258 0 73.6 26.6 14.0 0.0 0 0 4 4 4
3278.4 11257.2 -33.3 87 0 122.7 26.1 15.0 0.0 0 0 6 1 1
3167.1 11281.8 -30.5 272 0 73.2 26.5 10.0 0.0 0 0 4 3 3
3390.3 11524.0 -17.0 1 0 17.8 17.9 10.5 0.0 0 1 3 3 3
3346.7 11566.1 -12.8 189 0 18.7 18.9 10.5 0.0 0 1 3 3 3
3356.2 11475.8 -16.5 56 0 16.5 31.2 10.5 0.0 0 1 3 3 3
2541.5 11403.6 -30.2 89 0 9.3 41.8 10.5 3.5 2 0 3 2 2
2535.1 11470.8 -30.3 179 0 51.0 11.4 14.0 3.5 2 0 4 4 4
2749.6 11499.7 -29.3 92 0 5.6 22.0 10.5 3.5 2 1 3 4 4
2607.4 11575.4 -24.4 2 0 25.3 16.4 14.0 3.5 2 0 4 3 3
2576.1 11530.1 -26.7 92 0 15.3 28.2 14.0 3.5 2 1 4 0 0
2537.5 11515.4 -28.2 182 0 14.5 26.6 14.0 3.5 2 0 4 3 3
2598.5 11509.3 -29.4 2 0 17.3 34.5 14.0 3.5 2 0 4 2 2
2810.0 12233.4 6.4 316 0 4.8 13.3 10.5 3.5 2 0 3 4 4
2830.9 12167.1 1.8 126 0 17.7 9.0 10.5 3.5 2 0 3 1 1
1740.7 12278.3 -7.0 180 0 40.4 9.4 10.5 3.5 2 0 3 3 3
6234.6 2741.9 -28.5 141 0 12.2 10.1 5.0 2.5 2 0 2 5 5
6481.4 2173.1 -31.0 275 0 92.8 5.8 10.5 3.5 2 0 3 3 3
6446.1 2189.4 -30.8 79 0 12.7 17.7 14.0 3.5 2 1 4 0 0
3682.6 1195.9 -9.4 191 0 13.9 9.5 10.5 3.5 2 0 3 0 0
4123.3 1421.3 -15.8 80 0 6.7 17.3 10.5 3.5 2 1 3 4 4
4136.6 1438.2 -15.7 349 0 8.0 12.2 10.5 3.5 2 1 3 2 2
4065.8 1470.4 -12.6 229 0 7.1 10.5 10.5 3.5 4 1 3 3 3
4056.0 1461.2 -13.1 231 0 16.6 9.6 10.5 3.5 2 0 3 5 5
3381.5 1014.6 -8.5 326 0 5.7 8.8 10.5 0.0 0 1 3 1 1
3365.3 995.8 -8.6 143 0 4.7 9.9 10.5 3.5 2 1 3 5 5
3370.6 988.7 -8.9 143 0 12.4 11.0 14.0 3.5 2 0 4 5 5
3356.7 1018.3 -8.2 222 0 9.7 13.2 10.5 3.5 2 1 3 5 5
6817.9 1439.6 -9.3 0 0 24.2 48.5 12.5 2.5 2 0 5 1 1
6730.1 1408.0 -8.4 180 0 39.1 87.7 12.5 0.0 0 0 5 3 3
6783.5 1580.3 -14.4 268 0 48.9 95.3 10.0 0.0 0 1 4 4 4
4512.6 1753.8 -7.0 45 0 4.5 7.3 7.5 2.5 2 0 3 5 5
5399.7 3104.1 -6.4 264 0 43.2 68.6 14.0 0.0 0 1 4 5 5
