582.2 11598.8 -14.0 176 0 16.1 50.3 14.0 3.5 2 1 4 4 4
668.4 11612.2 -15.1 265 0 69.2 14.6 14.0 3.5 2 0 4 5 5
736.5 11617.4 -15.6 265 0 63.5 14.1 14.0 3.5 2 0 4 5 5
787.8 11621.0 -16.0 266 0 36.2 14.9 14.0 0.0 0 0 4 3 3
821.0 11623.6 -16.4 264 0 26.1 13.5 14.0 3.5 2 0 4 2 2
303.3 11559.6 -2.1 357 0 24.4 11.6 14.0 3.5 2 0 4 4 4
242.8 11495.1 -3.6 88 0 12.8 47.1 14.0 3.5 2 1 4 0 0
210.8 11526.0 -3.1 267 0 12.2 41.6 14.0 3.5 2 1 4 0 0
178.5 11510.5 -2.8 263 0 13.1 40.9 14.0 3.5 2 1 4 3 3
154.8 11441.4 -4.0 84 0 9.6 58.0 10.5 0.0 0 1 3 1 1
19.3 11458.2 -6.9 87 0 11.2 50.3 14.0 0.0 0 1 4 2 2
5.1 11529.3 -5.1 177 0 37.6 18.8 14.0 3.5 2 0 4 5 5
8.5 11578.9 -3.4 179 0 37.9 12.0 14.0 0.0 0 0 4 2 2
7.4 11621.5 -2.5 176 0 41.9 11.3 14.0 3.5 2 0 4 3 3
204.9 11702.4 4.2 178 0 35.9 9.4 10.5 3.5 2 0 3 2 2
277.8 11704.4 4.4 267 0 16.7 78.9 14.0 3.5 2 1 4 0 0
-140.3 11743.7 -6.3 265 0 17.2 82.1 10.5 3.5 2 1 3 3 3
-169.1 11661.4 -6.5 87 0 15.3 81.7 10.5 3.5 2 1 3 0 0
-22.7 11847.4 -4.0 267 0 18.3 64.9 14.0 3.5 2 1 4 4 4
-59.3 11847.6 -4.7 269 0 16.7 67.1 14.0 3.5 2 1 4 4 4
-159.8 11832.4 -6.3 268 0 10.6 66.6 14.0 3.5 2 1 4 1 1
-94.6 11771.2 -5.1 88 0 10.5 49.1 14.0 3.5 2 1 4 2 2
348.9 11786.6 -7.1 88 0 13.4 142.8 14.0 0.0 0 1 4 4 4
288.2 11965.9 -7.5 268 0 10.9 24.5 14.0 3.5 2 1 4 2 2
320.4 11990.5 -9.9 271 0 11.3 47.4 14.0 3.5 2 1 4 0 0
313.8 11836.2 -6.0 88 0 37.0 77.5 14.0 0.0 0 1 4 3 3
172.9 11879.1 -3.8 178 0 14.5 111.6 14.0 0.0 0 1 4 4 4
255.7 11901.2 -4.7 178 0 21.4 29.3 14.0 0.0 0 1 4 3 3
379.5 11867.6 -6.5 338 0 63.0 12.8 14.0 3.5 2 0 4 4 4
377.2 11791.0 -4.4 89 0 9.4 38.2 10.5 3.5 2 1 3 2 2
386.1 11953.9 -8.3 252 0 17.1 78.9 14.0 3.5 2 1 4 4 4
412.0 11837.1 -6.0 155 0 51.9 85.9 14.0 0.0 0 1 4 5 5
567.9 11857.3 -3.8 73 0 16.0 31.8 14.0 3.5 4 1 4 4 4
424.1 11951.9 -7.4 279 0 12.0 34.8 14.0 3.5 2 1 4 0 0
423.1 11964.4 -8.3 213 0 10.2 29.8 14.0 3.5 2 1 4 1 1
441.4 11995.9 -10.4 236 0 13.3 36.3 14.0 3.5 2 1 4 0 0
473.1 11951.1 -7.3 340 0 11.8 12.8 14.0 3.5 2 1 4 3 3
440.7 11909.9 -6.2 26 0 43.7 8.8 10.5 3.5 4 0 3 2 2
497.4 11722.0 -8.4 57 0 9.6 17.0 10.5 0.0 0 1 3 2 2
526.4 11733.9 -8.2 65 0 30.1 19.3 14.0 3.5 2 0 4 4 4
558.6 11746.0 -7.7 73 0 14.1 14.6 14.0 3.5 2 1 4 2 2
550.9 11761.3 -7.0 86 0 6.5 11.2 10.5 3.5 2 1 3 1 1
539.7 11760.6 -7.1 79 0 12.1 7.7 10.5 3.5 2 0 3 1 1
504.2 11718.3 -9.5 225 0 16.0 29.0 14.0 3.5 2 1 4 4 4
552.5 11738.5 -8.7 260 0 28.5 19.7 14.0 3.5 2 0 4 4 4
537.8 11687.7 -9.8 100 0 24.1 16.2 14.0 3.5 2 0 4 3 3
586.4 11672.1 -10.6 91 0 20.9 14.5 14.0 3.5 2 0 4 4 4
614.8 11741.1 -9.5 279 0 11.9 17.1 14.0 0.0 0 1 4 0 0
635.8 11665.5 -12.4 101 0 32.0 17.4 14.0 3.5 2 0 4 0 0
686.7 11655.6 -13.4 91 0 9.3 33.2 10.5 3.5 2 0 3 0 0
702.4 11663.6 -13.5 85 0 20.4 12.4 14.0 3.5 2 0 4 1 1
1056.1 11849.0 -13.2 338 0 46.4 23.1 14.0 0.0 0 0 4 5 5
1092.7 11961.1 -11.9 250 0 12.5 55.4 14.0 3.5 2 1 4 2 2
1083.3 11941.4 -10.9 246 0 13.5 18.0 14.0 3.5 4 1 4 3 3
1135.9 11943.6 -12.2 340 0 52.1 12.2 14.0 3.5 2 0 4 4 4
746.9 10144.0 -4.6 273 0 9.3 49.8 10.5 3.5 4 1 3 3 3
756.8 10145.0 -4.6 91 0 24.7 8.8 10.5 3.5 2 0 3 1 1
783.4 10127.3 -4.6 272 0 11.0 52.0 14.0 3.5 2 1 4 4 4
820.5 10124.9 -4.5 270 0 7.3 52.3 10.5 3.5 4 1 3 4 4
891.1 10057.0 -4.6 4 0 43.9 9.6 10.5 3.5 2 0 3 1 1
879.2 10032.2 -3.1 346 0 9.6 5.7 10.5 3.5 2 0 3 2 2
846.9 10269.1 -1.5 272 0 8.2 59.5 10.5 3.5 2 1 3 4 4
855.7 10159.2 -4.2 190 0 45.1 12.1 14.0 0.0 0 0 4 2 2
863.1 10202.0 -2.3 187 0 39.8 11.4 14.0 3.5 4 0 4 1 1
868.7 10247.2 -1.2 187 0 46.7 11.4 14.0 0.0 0 0 4 3 3
801.8 10195.4 -2.7 189 0 7.3 19.0 10.5 0.0 0 1 3 4 4
1096.4 11256.8 -11.2 90 0 25.9 81.8 14.0 0.0 0 1 4 5 5
958.3 11016.8 -1.3 269 0 18.6 46.3 14.0 0.0 0 1 4 2 2
990.2 11016.5 0.1 271 0 18.1 46.4 14.0 3.5 2 1 4 4 4
1030.0 11016.1 0.3 270 0 17.9 46.4 14.0 3.5 2 1 4 2 2
1060.5 11016.4 -1.8 268 0 18.6 46.9 14.0 3.5 2 1 4 4 4
1091.0 11044.0 -4.4 181 0 49.5 15.7 14.0 3.5 2 0 4 4 4
1127.3 11068.9 -5.8 270 0 13.9 49.8 14.0 3.5 4 1 4 4 4
1154.1 10965.1 -6.9 90 0 9.8 62.9 10.5 3.5 2 0 3 3 3
1164.0 11031.5 -7.4 1 0 7.5 6.6 10.5 3.5 2 0 3 5 5
984.1 11043.5 -2.2 87 0 10.4 60.6 14.0 3.5 2 1 4 4 4
1021.6 11043.4 -1.0 91 0 10.4 60.5 14.0 3.5 2 1 4 2 2
1192.4 10941.7 -8.6 270 0 39.2 22.2 14.0 0.0 0 0 4 3 3
1190.0 10895.4 -7.8 89 0 12.0 21.4 14.0 3.5 4 1 4 0 0
1232.9 10945.0 -10.0 270 0 14.5 48.3 14.0 3.5 2 1 4 2 2
1260.4 10946.7 -11.6 269 0 15.9 49.7 14.0 3.5 4 1 4 2 2
1237.9 10875.5 -10.7 89 0 44.6 13.6 14.0 3.5 2 0 4 5 5
1207.1 9840.5 -5.9 206 0 6.6 10.5 10.5 3.5 2 1 3 0 0
1246.7 9857.8 -4.3 221 0 52.1 10.4 14.0 3.5 2 0 4 3 3
1298.5 9861.9 -1.8 307 0 11.2 52.0 14.0 3.5 2 1 4 4 4
1252.1 9818.4 -2.3 218 0 6.3 16.0 10.5 3.5 2 1 3 2 2
1317.2 9830.4 0.9 25 0 46.1 10.4 14.0 3.5 2 0 4 5 5
1328.5 9832.4 2.3 205 0 54.3 11.8 14.0 3.5 4 0 4 5 5
1394.9 9885.2 3.5 237 0 43.6 20.5 14.0 3.5 2 0 4 5 5
1357.6 9803.6 4.5 116 0 19.8 52.3 14.0 0.0 0 1 4 0 0
2766.8 11978.1 -2.4 67 0 10.9 41.7 14.0 3.5 2 1 4 4 4
2686.0 11836.4 0.6 246 0 10.6 41.5 14.0 3.5 2 1 4 3 3
2682.9 11843.2 0.4 65 0 10.9 41.6 14.0 3.5 2 1 4 2 2
2712.5 11847.6 0.1 247 0 14.5 40.8 14.0 0.0 0 1 4 5 5
2651.5 11865.9 0.6 247 0 18.5 11.1 14.0 3.5 2 0 4 4 4
997.3 11755.9 -15.0 232 0 32.2 16.3 14.0 3.5 2 0 4 4 4
1008.2 11711.3 -16.3 137 0 26.8 10.4 14.0 3.5 2 0 4 1 1
1054.3 11680.8 -18.4 60 0 15.3 13.2 14.0 3.5 2 0 4 5 5
1055.9 11697.1 -18.1 59 0 11.2 34.5 14.0 3.5 2 0 4 0 0
1078.4 11713.9 -18.6 350 0 16.5 13.9 14.0 3.5 2 0 4 4 4
1105.7 11701.9 -19.4 137 0 13.3 15.1 14.0 3.5 2 1 4 3 3
1140.7 11759.9 -17.7 246 0 20.0 13.9 14.0 3.5 2 0 4 1 1
1139.6 11709.3 -19.5 47 0 25.8 10.1 14.0 3.5 4 0 4 4 4
1178.9 11740.8 -18.3 69 0 19.9 16.4 14.0 3.5 4 0 4 5 5
1254.7 11771.3 -18.7 65 0 18.7 14.2 14.0 3.5 2 0 4 5 5
1290.1 11780.9 -19.1 47 0 26.3 12.4 14.0 3.5 2 0 4 4 4
1307.7 11797.4 -18.9 62 0 10.2 10.3 14.0 3.5 2 1 4 3 3
1330.5 11814.9 -19.0 45 0 27.6 8.8 10.5 3.5 2 0 3 1 1
1309.6 11829.9 -18.5 212 0 20.2 10.4 14.0 0.0 0 0 4 5 5
1326.3 11842.4 -18.5 206 0 14.0 12.0 14.0 3.5 2 0 4 1 1
1366.8 11898.6 -20.0 296 0 12.3 55.3 14.0 3.5 2 1 4 0 0
1366.2 11914.1 -19.3 356 0 15.8 9.3 10.5 3.5 2 0 3 4 4
1378.9 11951.6 -20.1 21 0 31.4 10.6 14.0 3.5 2 0 4 5 5
1407.7 12043.5 -21.9 82 0 12.9 27.8 14.0 3.5 4 1 4 0 0
1422.0 12088.8 -22.1 10 0 18.2 14.3 14.0 3.5 2 0 4 1 1
1416.6 12135.9 -24.9 337 0 26.7 13.0 14.0 3.5 2 0 4 0 0
1144.1 11642.1 -22.3 136 0 13.9 13.1 14.0 3.5 2 0 4 3 3
1085.7 11629.6 -21.3 333 0 16.1 29.3 14.0 3.5 2 1 4 2 2
1262.3 11505.0 -21.3 234 0 20.8 10.9 14.0 3.5 2 0 4 3 3
1394.1 11577.6 -23.5 268 0 16.3 17.8 14.0 3.5 2 1 4 1 1
1333.2 11464.5 -20.7 179 0 10.7 15.6 14.0 0.0 0 1 4 3 3
1332.2 11451.3 -20.7 197 0 12.6 15.4 14.0 3.5 2 1 4 5 5
1364.1 11423.9 -20.9 2 0 9.8 12.4 10.5 0.0 0 1 3 1 1
1342.8 11519.8 -21.2 276 0 9.8 9.1 10.5 3.5 2 0 3 3 3
1161.5 11457.2 -17.2 58 0 17.8 11.8 14.0 3.5 2 0 4 4 4
1110.3 11430.6 -16.0 44 0 10.8 22.5 14.0 0.0 0 1 4 4 4
1236.0 11324.7 -15.9 183 0 13.2 13.0 14.0 3.5 2 0 4 3 3
1265.8 11276.2 -16.1 111 0 12.6 19.4 14.0 3.5 2 1 4 5 5
1282.2 11220.2 -14.9 78 0 11.3 13.9 14.0 3.5 2 1 4 5 5
1274.4 11248.4 -15.6 114 0 12.7 15.9 14.0 3.5 4 1 4 0 0
1310.8 11270.1 -17.2 18 0 21.3 11.7 14.0 3.5 2 0 4 5 5
1296.7 11341.8 -18.3 286 0 10.8 14.7 14.0 3.5 2 1 4 1 1
1326.4 11297.4 -18.5 19 0 18.0 12.3 14.0 3.5 2 0 4 4 4
1343.6 11320.2 -19.9 15 0 23.9 13.6 14.0 0.0 0 0 4 1 1
1322.9 11368.7 -20.6 185 0 13.9 15.3 14.0 3.5 2 1 4 4 4
1327.5 11403.5 -21.4 193 0 39.5 9.0 10.5 3.5 2 0 3 2 2
1368.1 11397.0 -21.6 5 0 24.8 20.9 14.0 0.0 0 0 4 5 5
1335.5 11241.6 -17.5 4 0 30.5 11.9 14.0 3.5 2 0 4 3 3
1343.0 11198.1 -16.5 14 0 12.3 11.7 14.0 0.0 0 0 4 4 4
1324.1 11089.2 -16.2 161 0 13.0 14.2 14.0 3.5 2 1 4 3 3
1324.6 11131.2 -16.2 177 0 26.8 13.4 14.0 3.5 4 0 4 2 2
1411.0 11058.9 -20.4 108 0 15.3 26.3 14.0 3.5 2 1 4 1 1
1437.2 11001.7 -19.6 195 0 23.0 11.0 14.0 3.5 2 0 4 3 3
1448.0 11017.9 -20.0 108 0 15.6 23.9 14.0 3.5 2 1 4 4 4
1427.6 11148.7 -21.3 196 0 22.9 13.8 14.0 0.0 0 0 4 2 2
1448.7 11181.4 -21.7 288 0 19.4 18.3 14.0 3.5 2 0 4 4 4
1571.5 11309.8 -22.3 11 0 17.6 18.1 10.5 3.5 4 1 3 2 2
1593.1 11337.4 -22.3 17 0 17.3 19.9 10.5 3.5 2 1 3 5 5
1589.4 11373.4 -22.0 25 0 14.5 12.5 10.5 3.5 2 0 3 5 5
1590.5 11516.4 -22.3 94 0 13.8 24.7 10.5 3.5 2 1 3 5 5
1617.5 11512.5 -22.0 94 0 12.9 32.8 10.5 3.5 2 1 3 5 5
1532.1 11532.1 -23.0 92 0 17.9 16.4 10.5 3.5 2 0 3 5 5
1497.8 11555.6 -23.3 275 0 20.6 18.0 10.5 0.0 0 0 3 2 2
1682.6 11600.0 -22.1 31 0 43.9 12.2 10.5 3.5 2 0 3 4 4
1645.1 11629.3 -22.5 196 0 22.7 11.0 10.5 3.5 2 0 3 3 3
1708.8 11644.4 -22.4 26 0 20.4 11.2 10.5 3.5 2 0 3 1 1
1739.6 11667.5 -22.7 34 0 31.9 13.9 10.5 3.5 2 0 3 1 1
1668.9 11681.3 -23.3 218 0 14.1 17.8 10.5 3.5 2 1 3 2 2
1672.4 11709.0 -23.9 221 0 13.9 33.8 10.5 3.5 2 1 3 4 4
1696.3 11730.9 -24.3 202 0 22.7 12.4 10.5 3.5 2 0 3 2 2
1728.5 11737.8 -24.1 287 0 14.6 16.4 10.5 3.5 2 1 3 1 1
1748.3 11767.0 -24.5 307 0 13.3 12.6 10.5 3.5 2 0 3 2 2
1793.1 11751.4 -23.9 124 0 17.5 16.3 10.5 3.5 2 0 3 2 2
1802.6 11669.9 -22.6 128 0 15.9 16.7 10.5 0.0 0 1 3 5 5
1843.5 11717.7 -23.1 116 0 15.0 14.7 10.5 3.5 2 0 3 1 1
1859.8 11862.1 -24.7 217 0 31.3 29.8 10.5 0.0 0 0 3 5 5
1896.2 11895.3 -24.1 304 0 14.5 15.2 10.5 3.5 2 1 3 5 5
1892.6 11779.1 -23.6 44 0 25.4 13.6 10.5 3.5 2 0 3 3 3
1960.2 11844.7 -22.5 35 0 16.9 18.5 10.5 3.5 2 1 3 2 2
1957.3 11875.0 -22.1 211 0 14.4 16.9 10.5 3.5 2 1 3 3 3
1979.3 11906.6 -21.4 206 0 16.3 17.3 10.5 3.5 2 1 3 2 2
2036.4 11960.8 -20.8 303 0 24.8 19.0 10.5 3.5 2 0 3 4 4
2038.2 11921.3 -20.2 115 0 13.5 13.3 10.5 3.5 2 0 3 5 5
2089.3 11859.1 -18.9 85 0 15.6 25.0 10.5 3.5 2 1 3 2 2
2080.5 11916.3 -19.2 255 0 8.3 29.4 10.5 3.5 2 1 3 2 2
2154.0 12002.6 -20.1 102 0 85.6 53.6 10.5 0.0 0 0 3 0 0
2247.1 11981.8 -17.3 100 0 13.9 54.5 10.5 3.5 2 1 3 4 4
2177.4 11949.5 -17.9 97 0 23.3 12.5 10.5 3.5 2 0 3 5 5
2217.4 11973.5 -17.5 264 0 14.9 22.0 10.5 3.5 2 1 3 4 4
2290.8 11939.8 -15.4 267 0 14.5 12.2 10.5 3.5 2 0 3 3 3
2355.2 11911.4 -13.1 138 0 13.2 27.7 10.5 3.5 2 1 3 3 3
2417.7 11936.0 -11.7 68 0 23.7 13.2 10.5 3.5 2 0 3 2 2
2382.8 11979.3 -12.8 224 0 16.9 9.9 10.5 3.5 4 0 3 1 1
2473.5 12022.0 -10.3 237 0 12.4 19.8 10.5 3.5 2 1 3 2 2
2557.2 12081.2 -8.2 247 0 16.9 17.9 10.5 3.5 2 1 3 0 0
2586.2 12104.1 -7.0 251 0 14.2 14.6 10.5 3.5 2 1 3 2 2
2624.6 12123.8 -4.1 254 0 12.8 12.4 10.5 3.5 2 0 3 5 5
2008.5 12016.8 -22.0 307 0 15.8 20.6 10.5 3.5 2 1 3 0 0
2019.2 12031.9 -22.0 128 0 13.2 15.5 10.5 3.5 2 1 3 2 2
2034.2 12052.6 -22.1 125 0 15.1 20.4 10.5 3.5 2 1 3 3 3
2057.3 12091.5 -22.2 214 0 31.4 16.2 10.5 3.5 2 0 3 5 5
2063.6 12131.8 -22.9 218 0 13.5 16.7 10.5 3.5 2 1 3 2 2
2223.2 12207.9 -20.2 307 0 16.9 18.6 10.5 3.5 2 1 3 5 5
2792.9 12216.1 -6.8 305 0 66.9 82.8 10.5 0.0 0 1 3 3 3
2657.8 12227.2 -8.0 218 0 75.3 51.3 10.5 0.0 0 0 3 1 1
2195.7 12098.6 -19.6 331 0 12.5 10.8 10.5 3.5 2 0 3 1 1
2203.3 12072.6 -19.0 272 0 9.6 14.5 10.5 3.5 2 1 3 4 4
2221.9 12102.0 -19.0 271 0 13.4 14.1 10.5 3.5 2 1 3 2 2
2238.7 12094.1 -18.4 242 0 15.1 10.8 10.5 3.5 2 0 3 4 4
2255.1 12107.4 -17.9 222 0 12.4 14.8 10.5 3.5 2 1 3 5 5
2356.6 12189.3 -15.5 247 0 12.7 13.6 10.5 3.5 2 1 3 2 2
2414.0 12159.9 -13.6 292 0 16.3 14.1 10.5 3.5 2 0 3 1 1
905.6 11250.7 -10.1 72 0 15.7 20.4 10.5 0.0 0 1 3 0 0
664.2 11757.4 -9.5 174 0 25.1 64.8 14.0 0.0 0 1 4 4 4
647.6 11821.8 -7.1 293 0 25.5 22.0 14.0 3.5 2 0 4 5 5
676.9 11844.8 -5.3 267 0 15.5 9.7 10.5 3.5 4 0 3 4 4
550.0 11829.3 -5.2 253 0 19.5 15.1 14.0 0.0 0 0 4 1 1
570.0 11835.2 -5.3 253 0 11.8 18.2 14.0 3.5 2 1 4 1 1
593.5 11868.1 -3.8 166 0 15.6 14.1 14.0 3.5 2 0 4 0 0
293.7 11991.6 -10.2 52 0 20.9 16.5 14.0 3.5 2 0 4 5 5
315.3 12035.8 -13.0 341 0 15.4 17.2 14.0 3.5 2 1 4 4 4
298.6 12051.9 -13.4 339 0 16.7 15.1 14.0 3.5 2 0 4 1 1
349.2 12045.0 -14.0 161 0 12.6 13.5 10.5 3.5 2 1 3 5 5
331.4 12065.4 -15.0 159 0 26.7 13.7 10.5 3.5 2 0 3 1 1
315.8 12126.9 -16.1 245 0 9.7 15.5 10.5 3.5 2 1 3 0 0
154.6 11895.4 -0.7 66 0 14.8 17.4 14.0 3.5 2 1 4 0 0
400.3 12128.8 -17.6 29 0 17.8 11.2 10.5 0.0 0 0 3 3 3
520.9 11939.3 -6.2 217 0 15.1 14.3 14.0 3.5 2 0 4 2 2
631.0 11974.3 -8.6 257 0 10.8 17.2 7.5 0.0 0 1 3 5 5
659.4 11953.5 -8.5 62 0 14.1 18.2 12.5 2.5 2 1 5 3 3
832.0 11850.1 -5.5 114 0 14.1 19.7 12.5 2.5 2 1 5 0 0
885.1 11898.5 -7.2 253 0 13.9 19.6 12.5 2.5 2 1 5 5 5
857.1 12025.7 -12.4 269 0 13.2 13.8 2.5 2.5 2 1 1 1 1
926.9 11992.2 -10.5 269 0 12.2 42.9 12.5 0.0 0 1 5 0 0
916.4 12010.1 -11.9 330 0 19.2 15.1 12.5 2.5 4 0 5 4 4
650.8 12094.7 -17.2 253 0 16.9 13.4 14.0 3.5 2 0 4 1 1
625.7 12205.2 -17.2 231 0 12.9 19.4 14.0 3.5 2 1 4 3 3
681.3 12136.4 -18.1 194 0 15.5 8.5 10.5 3.5 2 0 3 5 5
771.2 12169.1 -17.4 255 0 63.9 12.3 14.0 3.5 2 0 4 3 3
788.3 12150.6 -17.1 340 0 9.8 26.4 10.5 3.5 4 1 3 3 3
843.2 12140.7 -16.2 92 0 12.2 9.1 10.5 3.5 2 0 3 5 5
856.0 12185.2 -16.1 269 0 11.2 35.1 14.0 3.5 2 1 4 1 1
880.8 12144.9 -15.9 17 0 8.0 19.0 10.5 3.5 2 1 3 2 2
882.0 12215.1 -15.6 343 0 42.4 10.0 14.0 3.5 2 0 4 2 2
940.5 12147.4 -15.2 21 0 18.4 14.0 14.0 3.5 2 0 4 2 2
910.5 12202.1 -15.4 288 0 16.7 11.2 14.0 3.5 2 0 4 5 5
1318.5 10977.2 -16.2 198 0 31.6 12.6 14.0 3.5 2 0 4 0 0
1276.9 10843.4 -12.1 189 0 22.0 13.3 14.0 0.0 0 0 4 0 0
1275.8 10776.0 -10.3 183 0 24.9 9.1 10.5 3.5 2 0 3 5 5
1437.6 10914.6 -18.5 16 0 35.0 14.6 14.0 3.5 2 0 4 4 4
1411.1 10853.3 -16.2 105 0 14.0 16.5 14.0 3.5 2 1 4 1 1
1303.8 10731.1 -12.7 9 0 21.2 13.6 14.0 3.5 2 0 4 4 4
1295.5 10708.4 -12.4 14 0 16.0 9.2 10.5 3.5 2 0 3 5 5
1258.2 10617.1 -9.7 186 0 16.7 12.6 14.0 3.5 2 0 4 5 5
1315.2 10589.6 -14.3 287 0 13.8 20.8 14.0 3.5 2 1 4 0 0
1201.7 10526.8 -8.2 205 0 11.9 17.4 14.0 3.5 2 1 4 1 1
808.8 10994.7 -7.1 178 0 12.3 15.8 14.0 3.5 2 1 4 3 3
877.4 11031.2 -5.2 159 0 17.3 14.0 14.0 3.5 2 0 4 1 1
834.2 10872.4 -3.2 118 0 17.3 13.4 7.5 2.5 4 0 3 0 0
1339.9 12139.0 -21.4 92 0 13.9 15.8 14.0 3.5 2 1 4 3 3
1314.4 12166.9 -22.4 178 0 8.2 10.0 10.5 3.5 2 1 3 3 3
1322.3 12210.1 -20.7 271 0 26.4 9.8 10.5 3.5 2 0 3 1 1
1379.3 12216.9 -20.8 6 0 10.2 13.0 14.0 3.5 2 1 4 5 5
1357.3 12194.2 -22.2 316 0 15.1 15.7 14.0 0.0 0 1 4 2 2
1264.9 12159.4 -20.7 80 0 10.4 13.2 14.0 3.5 2 1 4 0 0
1215.9 12139.2 -10.8 77 0 11.5 20.1 14.0 3.5 2 1 4 0 0
1201.1 12175.4 -16.8 257 0 20.4 12.9 14.0 3.5 2 0 4 2 2
1178.6 12167.9 -11.5 253 0 15.0 12.6 14.0 3.5 2 0 4 4 4
1160.9 12097.5 -11.2 65 0 13.6 10.1 14.0 3.5 4 0 4 4 4
1081.1 12199.9 -13.5 260 0 9.5 15.3 10.5 3.5 2 1 3 0 0
1636.4 11845.7 -26.3 293 0 10.3 23.1 10.5 3.5 2 1 3 2 2
1553.4 11898.3 -26.3 16 0 6.6 4.8 10.5 0.0 0 0 3 2 2
1526.5 11915.5 -26.3 171 0 13.8 17.2 10.5 3.5 2 1 3 3 3
1173.0 10456.0 -9.4 114 0 12.4 23.0 14.0 3.5 4 1 4 5 5
1107.6 10461.2 -5.6 263 0 10.9 22.0 14.0 3.5 2 1 4 4 4
1092.6 10343.8 -5.7 209 0 13.8 11.6 14.0 3.5 2 0 4 4 4
1071.2 10318.2 -4.6 207 0 16.2 15.2 14.0 0.0 0 0 4 3 3
1045.8 10300.1 -3.2 198 0 18.5 17.1 14.0 3.5 2 0 4 1 1
1050.8 10240.8 -3.8 200 0 37.0 16.4 14.0 3.5 2 0 4 4 4
913.5 10095.8 -4.4 185 0 10.6 12.5 14.0 3.5 2 1 4 3 3
945.4 10088.3 -4.5 280 0 10.6 12.6 14.0 3.5 4 1 4 2 2
950.7 10093.4 -4.3 297 0 11.1 6.2 10.5 3.5 2 0 3 1 1
950.6 10070.9 -4.6 2 0 6.0 15.2 10.5 3.5 2 1 3 0 0
978.3 10073.0 -5.4 287 0 10.5 30.8 14.0 3.5 2 1 4 2 2
969.3 10093.2 -4.1 129 0 15.9 14.4 14.0 3.5 2 0 4 1 1
990.9 10070.5 -6.2 128 0 23.0 19.5 14.0 3.5 2 0 4 5 5
984.7 10052.5 -6.0 294 0 9.7 29.9 10.5 0.0 0 1 3 3 3
1006.8 9985.1 -7.5 29 0 13.5 11.7 14.0 3.5 2 0 4 5 5
1032.6 10048.2 -8.5 296 0 16.9 58.2 14.0 3.5 2 1 4 2 2
1246.5 9961.1 -7.1 81 0 12.1 12.9 14.0 3.5 4 1 4 5 5
1235.8 9759.2 -2.6 123 0 18.4 12.2 14.0 3.5 2 0 4 1 1
1255.6 9755.7 -0.9 131 0 11.3 13.5 14.0 3.5 2 1 4 0 0
1308.4 9764.8 1.8 313 0 19.5 13.6 14.0 3.5 2 0 4 5 5
1332.0 9747.4 4.4 294 0 10.6 8.8 10.5 3.5 2 0 3 2 2
1374.8 9714.1 6.2 288 0 20.0 11.5 14.0 3.5 2 0 4 2 2
1377.8 9665.1 6.4 109 0 17.1 15.4 14.0 3.5 4 0 4 4 4
1382.3 9775.4 5.2 173 0 17.4 14.4 14.0 3.5 2 0 4 5 5
1415.3 9740.6 4.8 78 0 18.4 14.7 14.0 3.5 4 0 4 1 1
1377.3 9974.3 -1.9 65 0 13.4 18.3 14.0 3.5 2 1 4 1 1
1345.1 9997.6 -1.6 247 0 12.0 16.9 14.0 3.5 2 1 4 4 4
1260.5 10093.5 -9.1 209 0 15.4 12.0 14.0 3.5 2 0 4 5 5
1273.1 10113.2 -13.0 143 0 13.0 16.9 14.0 3.5 2 1 4 3 3
1297.1 10169.7 -15.9 222 0 16.6 9.4 10.5 3.5 2 0 3 3 3
1372.0 10184.6 -16.4 336 0 12.6 15.1 14.0 3.5 2 1 4 4 4
1387.1 10156.8 -16.2 336 0 12.6 13.9 14.0 3.5 2 1 4 2 2
1388.5 10101.1 -15.7 68 0 11.6 20.1 14.0 3.5 2 1 4 0 0
1411.8 10127.9 -16.0 336 0 14.0 9.6 10.5 3.5 2 0 3 3 3
1433.8 10080.9 -14.7 337 0 18.7 12.5 14.0 3.5 2 0 4 5 5
1445.7 10060.2 -12.5 328 0 10.5 12.1 14.0 3.5 2 1 4 0 0
1433.4 10009.0 -7.4 159 0 14.1 10.7 14.0 3.5 2 0 4 1 1
1489.4 9995.4 -7.1 348 0 7.7 12.1 10.5 3.5 2 1 3 1 1
1447.2 9979.3 -4.8 176 0 18.6 11.1 14.0 3.5 2 0 4 3 3
1511.3 9806.8 1.8 347 0 25.5 14.0 14.0 3.5 2 0 4 2 2
1512.7 9741.3 2.3 352 0 26.6 11.3 14.0 3.5 2 0 4 1 1
1527.7 9735.5 1.7 173 0 28.1 10.0 10.5 3.5 2 0 3 0 0
1527.9 9820.9 -0.4 182 0 19.1 12.8 10.5 3.5 2 0 3 2 2
1554.6 9789.9 0.5 346 0 11.9 11.5 10.5 3.5 2 0 3 3 3
1423.0 9638.9 4.8 209 0 8.9 47.3 10.5 3.5 2 1 3 1 1
1370.5 9630.2 7.2 266 0 13.4 23.5 14.0 3.5 2 1 4 3 3
1365.1 9643.4 7.3 242 0 9.8 10.4 10.5 3.5 2 1 3 2 2
1180.6 9670.2 -4.6 60 0 11.6 13.8 14.0 3.5 2 1 4 2 2
843.2 9901.4 -4.6 13 0 19.7 12.8 14.0 3.5 2 0 4 2 2
839.5 9876.7 -4.4 11 0 25.4 15.3 14.0 3.5 2 0 4 4 4
819.9 9825.7 -2.9 33 0 35.2 16.9 14.0 3.5 2 0 4 5 5
767.4 10165.3 -4.3 85 0 22.0 15.8 14.0 3.5 2 0 4 4 4
728.2 10184.7 -4.5 267 0 18.7 15.3 14.0 3.5 4 0 4 0 0
686.4 10132.7 -4.9 88 0 20.3 14.2 14.0 3.5 2 0 4 2 2
659.8 10120.3 -4.9 109 0 18.2 14.3 14.0 3.5 2 0 4 5 5
711.7 10242.1 -1.6 76 0 25.9 11.5 10.5 0.0 0 0 3 2 2
742.6 10251.3 -0.7 76 0 28.1 14.6 10.5 3.5 2 0 3 5 5
