4531.0 -476.1 -9.8 295 0 23.9 26.6 12.5 0.0 0 1 5 4 4
640.9 3086.6 -7.6 89 0 12.7 35.2 14.0 0.0 0 1 4 3 3
714.2 3081.2 -9.9 344 0 23.1 18.5 14.0 0.0 0 0 4 1 1
441.0 3044.5 1.1 268 0 13.0 42.0 17.5 3.5 2 1 5 3 3
436.7 2973.3 1.6 178 0 44.3 13.2 17.5 3.5 2 0 5 1 1
461.3 3046.4 0.7 268 0 12.7 42.0 17.5 3.5 2 1 5 2 2
465.0 2953.0 1.2 88 0 12.2 44.6 17.5 0.0 0 1 5 3 3
485.0 3048.1 0.3 268 0 12.6 42.4 17.5 3.5 2 1 5 1 1
488.7 2953.6 0.8 88 0 12.2 44.9 17.5 3.5 2 1 5 0 0
505.7 3049.6 -0.1 268 0 11.6 43.0 17.5 3.5 2 1 5 3 3
508.8 2987.8 0.3 88 0 13.1 10.9 17.5 3.5 2 0 5 4 4
510.1 2954.7 0.3 88 0 13.2 25.7 17.5 3.5 2 1 5 0 0
530.2 3050.6 -1.2 268 0 12.6 42.8 17.5 3.5 2 1 5 0 0
534.2 2955.2 -1.3 88 0 12.4 44.3 17.5 3.5 2 1 5 5 5
555.3 2956.9 -2.7 88 0 12.8 44.5 17.5 3.5 2 1 5 4 4
551.3 3051.8 -2.5 268 0 12.9 43.8 17.5 3.5 2 1 5 0 0
575.4 3052.7 -4.2 268 0 12.9 43.1 17.5 3.5 2 1 5 0 0
579.3 2958.7 -4.3 88 0 13.5 44.4 17.5 3.5 2 1 5 1 1
596.2 3053.9 -5.5 268 0 13.3 42.7 17.5 3.5 2 1 5 1 1
599.0 2961.4 -5.1 88 0 13.9 43.5 17.5 3.5 2 1 5 3 3
623.4 2962.1 -5.9 88 0 12.9 43.8 17.5 3.5 2 1 5 3 3
620.1 3055.8 -6.4 268 0 13.5 42.6 17.5 3.5 2 1 5 3 3
640.3 3057.0 -7.1 268 0 13.0 42.2 17.5 3.5 2 1 5 1 1
643.8 2964.1 -6.7 88 0 14.0 43.8 17.5 3.5 2 1 5 3 3
672.2 3037.6 -8.0 346 0 38.8 13.0 17.5 3.5 2 0 5 0 0
734.2 2971.8 -10.1 79 0 15.6 75.1 14.0 3.5 2 1 4 1 1
2933.9 3649.3 7.7 340 0 20.8 27.1 12.5 2.5 2 1 5 3 3
-644.9 3958.4 1.6 356 0 46.9 16.8 10.0 2.5 2 0 4 0 0
-641.4 3906.7 0.8 356 0 46.9 16.8 15.0 2.5 2 0 6 3 3
-391.7 3436.0 -1.2 87 0 14.1 28.0 7.5 2.5 2 1 3 2 2
-374.2 3485.5 -1.1 357 0 19.7 26.2 12.5 2.5 2 1 5 3 3
-376.7 3519.4 -1.0 357 0 19.7 26.2 12.5 2.5 2 1 5 2 2
-378.9 3553.2 -0.5 357 0 19.7 26.2 10.0 2.5 2 1 4 3 3
-384.3 3601.4 0.2 357 0 34.5 25.0 12.5 0.0 0 0 5 5 5
-479.9 3612.6 0.0 267 0 26.2 12.8 10.0 0.0 0 0 4 5 5
-503.5 3607.9 0.9 267 0 19.1 58.8 10.0 2.5 2 1 4 4 4
