-5014.7 11849.8 -21.8 128 0 52.8 54.9 17.5 0.0 0 1 5 5 5
-5059.9 11741.4 -21.3 230 0 31.6 18.4 14.0 3.5 2 0 4 5 5
-5033.2 11765.3 -21.5 227 0 32.0 19.2 14.0 0.0 0 0 4 2 2
-5008.5 11788.1 -21.6 227 0 32.8 19.4 14.0 0.0 0 0 4 0 0
-5048.2 11712.1 -21.2 230 0 9.0 16.0 10.5 3.5 2 1 3 4 4
-5035.2 11725.9 -21.3 228 0 8.3 17.7 10.5 3.5 2 0 3 4 4
-5026.4 11733.9 -21.4 228 0 15.2 17.6 17.5 3.5 2 0 5 1 1
-5010.6 11750.0 -21.5 228 0 27.0 18.8 17.5 3.5 2 0 5 0 0
-4982.2 11776.9 -21.6 226 0 23.2 18.4 17.5 0.0 0 0 5 0 0
-4966.8 11732.3 -21.4 42 0 17.6 15.9 17.5 3.5 2 0 5 0 0
-4971.0 11716.5 -21.3 228 0 16.8 18.1 17.5 3.5 2 1 5 4 4
-4954.8 11731.3 -21.4 227 0 11.2 17.2 17.5 3.5 2 1 5 4 4
-4946.6 11751.1 -21.5 216 0 17.3 22.9 17.5 3.5 2 1 5 3 3
-4912.3 11736.0 -21.4 308 0 23.7 17.6 17.5 3.5 2 0 5 4 4
-4887.1 11716.8 -21.3 307 0 39.8 17.6 17.5 3.5 2 0 5 4 4
-4859.9 11695.5 -21.1 310 0 29.4 17.3 17.5 3.5 2 0 5 0 0
-4825.9 11656.6 -20.9 39 0 17.0 36.3 17.5 3.5 2 0 5 2 2
-5068.2 11858.6 -21.5 311 0 17.5 17.3 17.5 3.5 2 0 5 1 1
-4897.5 11569.2 -20.3 37 0 40.1 16.6 17.5 3.5 2 0 5 5 5
-4844.2 11731.4 -21.4 217 0 16.2 61.0 17.5 3.5 2 1 5 5 5
-4827.5 11755.3 -21.5 215 0 15.4 29.9 17.5 3.5 2 1 5 5 5
-4830.9 11755.9 -21.6 33 0 21.9 16.9 17.5 3.5 2 0 5 2 2
-4846.9 11733.3 -21.6 38 0 17.8 65.5 17.5 3.5 2 1 5 1 1
-4931.2 11788.4 -21.7 128 0 62.4 16.9 17.5 3.5 2 0 5 3 3
-5029.2 11806.3 -21.5 225 0 33.1 18.7 14.0 0.0 0 0 4 5 5
-5053.9 11783.8 -21.4 228 0 30.2 19.5 14.0 3.5 2 0 4 4 4
-5074.0 11762.9 -21.3 228 0 15.8 18.3 14.0 3.5 2 1 4 1 1
-5092.7 11745.7 -21.3 226 0 30.4 18.7 14.0 3.5 2 0 4 1 1
-5086.5 11759.9 -21.3 45 0 32.1 18.0 14.0 3.5 2 0 4 1 1
-5060.7 11785.3 -21.4 42 0 30.9 19.1 14.0 3.5 2 0 4 1 1
-5037.8 11809.9 -21.5 45 0 33.1 17.8 14.0 3.5 2 0 4 4 4
-5056.1 11829.5 -21.5 43 0 27.6 16.7 17.5 3.5 2 0 5 2 2
-5072.5 11813.1 -21.4 46 0 15.2 17.0 17.5 3.5 2 1 5 1 1
-5082.7 11803.8 -21.3 43 0 8.5 16.4 10.5 3.5 2 1 3 0 0
-5089.4 11797.1 -21.3 45 0 7.2 18.6 10.5 3.5 2 1 3 1 1
-5122.5 11719.0 -21.1 54 0 9.5 12.9 10.5 3.5 4 1 3 5 5
-5131.4 11729.8 -21.1 58 0 6.2 5.4 10.5 3.5 2 0 3 4 4
-5129.3 11713.5 -21.0 10 0 8.8 9.0 10.5 3.5 2 1 3 0 0
-5165.3 11673.0 -20.9 35 0 13.1 12.2 17.5 3.5 4 0 5 4 4
-5173.9 11653.5 -20.8 3 0 15.7 15.2 17.5 3.5 2 0 5 3 3
-5161.9 11624.7 -20.6 194 0 15.9 21.0 17.5 3.5 4 1 5 5 5
-5190.7 11621.1 -20.7 29 0 28.5 16.9 17.5 0.0 0 0 5 4 4
-5085.2 11700.1 -21.1 271 0 9.8 11.5 10.5 0.0 0 1 3 0 0
-5144.3 11710.7 -21.0 27 0 10.0 7.7 10.5 3.5 2 0 3 2 2
-5207.6 11603.8 -20.5 36 0 9.7 8.9 10.5 3.5 2 0 3 5 5
-5211.6 11595.2 -20.4 14 0 9.7 10.4 10.5 3.5 2 0 3 0 0
-5227.7 11581.0 -20.4 73 0 11.5 10.1 17.5 3.5 2 0 5 2 2
-5299.5 11553.2 -20.1 268 0 13.3 15.1 17.5 3.5 2 0 5 0 0
-5257.9 11584.3 -20.4 47 0 16.8 15.9 17.5 0.0 0 0 5 1 1
-5291.7 11628.4 -20.5 217 0 16.1 15.4 17.5 3.5 2 0 5 5 5
-5298.7 11564.0 -20.3 102 0 14.2 25.4 17.5 3.5 2 1 5 4 4
-5374.7 11521.3 -19.9 129 0 10.7 7.8 10.5 3.5 2 0 3 3 3
-5355.3 11521.8 -19.9 29 0 12.8 10.8 17.5 3.5 2 0 5 2 2
-5346.6 11534.0 -20.0 32 0 16.1 12.2 17.5 3.5 2 0 5 2 2
-5334.7 11547.9 -20.1 29 0 18.0 12.4 17.5 3.5 2 0 5 1 1
-5365.2 11493.3 -19.7 13 0 11.2 11.7 17.5 0.0 0 1 5 5 5
-5161.6 11820.2 -21.2 120 0 8.0 14.1 10.5 3.5 2 1 3 5 5
-5152.4 11817.0 -21.2 120 0 9.4 11.6 10.5 3.5 2 1 3 1 1
-5151.0 11847.6 -21.3 211 0 4.7 20.2 10.5 3.5 2 0 3 0 0
-5117.5 11896.2 -21.4 309 0 20.5 13.9 17.5 3.5 4 0 5 2 2
-5135.1 11908.8 -21.4 304 0 19.7 15.6 17.5 3.5 2 0 5 4 4
-5148.5 11897.3 -21.3 311 0 4.6 11.4 10.5 3.5 2 1 3 0 0
-5142.7 11887.9 -21.3 289 0 11.0 6.6 10.5 3.5 4 0 3 1 1
-5109.6 11927.1 -21.5 125 0 33.1 16.4 14.0 3.5 2 0 4 2 2
-5177.6 11941.3 -21.3 305 0 25.5 14.0 17.5 3.5 2 0 5 3 3
-4779.4 11712.2 -21.3 39 0 27.4 24.7 17.5 0.0 0 0 5 3 3
-4770.8 11733.0 -21.4 34 0 9.8 16.2 10.5 3.5 4 1 3 2 2
-4753.5 11757.9 -21.6 37 0 16.7 14.5 17.5 3.5 2 0 5 4 4
-4743.6 11771.0 -21.7 38 0 16.2 14.5 17.5 3.5 2 0 5 5 5
-4731.1 11783.1 -21.7 32 0 13.3 15.4 17.5 3.5 2 1 5 2 2
-4714.8 11803.7 -21.9 36 0 11.0 15.6 17.5 3.5 2 1 5 5 5
-5198.9 11996.0 -21.4 127 0 20.0 14.4 14.0 3.5 2 0 4 4 4
-5214.6 11998.3 -21.3 98 0 13.4 11.8 14.0 3.5 2 0 4 1 1
-5223.6 12005.1 -21.3 99 0 6.2 6.2 10.5 3.5 2 0 3 4 4
-5241.6 11961.2 -21.2 125 0 9.2 7.8 10.5 3.5 2 0 3 4 4
-5246.9 11993.9 -21.3 302 0 14.0 14.7 17.5 3.5 2 0 5 2 2
-5260.0 11974.3 -21.2 130 0 12.8 7.9 10.5 3.5 2 0 3 2 2
-5259.9 12001.1 -21.2 307 0 14.7 9.7 10.5 3.5 2 0 3 3 3
-5265.8 11990.1 -21.2 311 0 11.8 7.2 10.5 3.5 2 0 3 1 1
-5287.8 12015.7 -21.2 217 0 11.9 22.8 17.5 3.5 2 1 5 0 0
-5296.0 12003.2 -21.2 215 0 10.3 8.6 10.5 3.5 2 0 3 2 2
-4815.3 11654.8 -20.8 215 0 20.6 11.1 17.5 3.5 2 0 5 1 1
-4804.7 11643.8 -20.7 201 0 16.9 24.1 14.0 3.5 4 1 4 1 1
-4763.5 11636.5 -20.6 293 0 30.9 16.5 14.0 3.5 2 0 4 5 5
-4703.8 11611.5 -20.5 293 0 94.6 17.1 14.0 0.0 0 0 4 5 5
-4645.1 11587.3 -20.2 294 0 30.2 16.2 14.0 3.5 2 0 4 5 5
-4616.2 11575.8 -20.1 292 0 30.4 16.0 14.0 3.5 2 0 4 3 3
-4575.2 11550.5 -20.0 22 0 16.2 31.1 14.0 3.5 2 1 4 2 2
-4569.5 11547.4 -19.9 203 0 18.1 31.6 17.5 3.5 2 1 5 2 2
-4564.3 11530.7 -19.7 199 0 5.8 8.3 10.5 3.5 2 1 3 1 1
-4563.0 11513.4 -19.5 226 0 5.9 9.0 10.5 3.5 2 1 3 5 5
-4521.5 11537.3 -19.7 293 0 30.9 16.9 17.5 3.5 2 0 5 5 5
-4492.2 11525.1 -19.6 293 0 30.9 16.8 17.5 3.5 4 0 5 2 2
-4462.4 11513.0 -19.5 293 0 31.5 16.7 17.5 3.5 2 0 5 3 3
-4436.5 11501.3 -19.3 282 0 11.5 18.1 17.5 0.0 0 1 5 3 3
-4420.6 11490.6 -19.2 279 0 9.6 15.0 10.5 3.5 2 1 3 3 3
-4418.6 11529.5 -19.6 208 0 18.6 28.2 14.0 3.5 2 1 4 2 2
-4395.1 11506.2 -19.4 117 0 5.6 7.8 10.5 3.5 2 1 3 2 2
-4326.7 11514.6 -19.4 350 0 15.3 15.5 14.0 3.5 2 1 4 3 3
-4339.2 11459.6 -19.0 89 0 10.9 18.2 14.0 3.5 2 1 4 4 4
-4325.2 11443.7 -18.8 96 0 11.2 13.0 14.0 3.5 2 1 4 0 0
-4306.1 11449.1 -18.8 7 0 13.5 11.3 14.0 3.5 2 0 4 1 1
-4355.6 11437.7 -18.8 311 0 11.3 14.3 14.0 0.0 0 1 4 5 5
-4336.9 11423.7 -18.6 313 0 12.8 17.2 14.0 3.5 2 1 4 4 4
-4320.1 11406.2 -18.5 344 0 18.8 13.5 14.0 3.5 2 0 4 0 0
-4311.4 11391.7 -18.4 349 0 13.4 12.8 14.0 3.5 2 0 4 2 2
-4308.7 11378.3 -18.2 343 0 12.9 10.9 14.0 3.5 2 0 4 1 1
-4339.2 11548.2 -19.7 5 0 27.2 11.4 14.0 3.5 2 0 4 4 4
-4432.8 11552.5 -19.7 286 0 14.9 20.7 17.5 3.5 2 1 5 1 1
-4453.4 11560.5 -19.8 291 0 24.9 16.2 17.5 3.5 4 0 5 2 2
-4479.7 11571.0 -20.0 293 0 30.8 15.9 17.5 3.5 2 0 5 5 5
-4508.7 11583.3 -20.1 293 0 31.1 15.3 17.5 3.5 2 0 5 5 5
-4556.0 11593.4 -20.2 199 0 14.7 31.5 17.5 3.5 2 1 5 0 0
-4456.3 11583.8 -20.1 20 0 15.1 33.5 17.5 3.5 2 1 5 5 5
-4544.9 11617.3 -20.4 201 0 16.1 55.8 17.5 3.5 2 1 5 0 0
-4559.3 11594.7 -20.3 23 0 16.6 33.8 14.0 3.5 2 1 4 0 0
-4602.2 11621.7 -20.5 292 0 30.6 16.5 14.0 0.0 0 0 4 4 4
-4630.0 11632.8 -20.6 291 0 26.8 16.6 14.0 3.5 2 0 4 5 5
-4659.5 11645.0 -20.7 293 0 32.0 17.6 14.0 3.5 2 0 4 0 0
-4549.2 11621.9 -20.5 20 0 17.6 39.6 17.5 3.5 2 1 5 4 4
-4600.5 11632.6 -20.7 110 0 23.1 16.6 17.5 3.5 2 0 5 4 4
-4618.8 11640.3 -20.7 110 0 14.5 16.7 17.5 3.5 4 1 5 3 3
-4681.1 11675.2 -20.9 202 0 16.5 62.2 17.5 3.5 2 1 5 4 4
-4689.2 11657.2 -20.8 293 0 30.6 16.8 14.0 3.5 2 0 4 1 1
-4718.3 11669.1 -20.9 292 0 30.8 16.5 14.0 3.5 2 0 4 0 0
-4771.2 11682.7 -21.0 204 0 16.3 38.2 14.0 3.5 2 1 4 4 4
-4686.6 11678.5 -21.0 21 0 17.7 18.6 17.5 3.5 2 1 5 2 2
-4717.5 11681.4 -21.0 109 0 21.2 16.8 17.5 3.5 2 0 5 4 4
-4744.4 11692.5 -21.1 114 0 33.6 16.3 17.5 3.5 2 0 5 4 4
-4731.1 11728.8 -21.3 216 0 12.6 15.5 17.5 3.5 2 1 5 3 3
-4376.5 11273.8 -17.4 275 0 13.1 43.4 14.0 3.5 4 1 4 5 5
-4375.3 11208.2 -17.0 98 0 12.2 13.7 14.0 0.0 0 1 4 1 1
-4363.7 11221.8 -17.1 97 0 20.1 11.6 14.0 0.0 0 0 4 2 2
-4347.9 11208.9 -17.0 97 0 12.5 24.2 14.0 3.5 2 1 4 3 3
-4354.7 11265.7 -17.4 125 0 14.3 13.0 14.0 3.5 2 0 4 1 1
-4328.2 11262.6 -17.4 81 0 13.2 14.7 14.0 3.5 2 1 4 4 4
-4328.9 11286.8 -17.5 93 0 8.5 7.8 10.5 3.5 2 0 3 5 5
-4319.1 11290.6 -17.6 102 0 8.9 11.8 10.5 3.5 2 0 3 2 2
-4297.1 11298.7 -17.6 352 0 10.4 9.0 10.5 3.5 2 0 3 1 1
-4299.4 11251.3 -17.3 80 0 4.6 11.8 10.5 3.5 2 1 3 3 3
-4289.9 11252.1 -17.3 79 0 12.7 14.5 14.0 3.5 2 1 4 4 4
-4295.6 11266.9 -17.4 80 0 12.2 8.9 10.5 3.5 2 0 3 4 4
-4302.0 11240.8 -17.1 249 0 8.9 28.0 10.5 3.5 4 1 3 0 0
-4241.2 11238.5 -17.2 78 0 14.4 30.2 17.5 3.5 2 1 5 3 3
-4254.5 11274.7 -17.4 162 0 13.7 9.3 10.5 3.5 2 0 3 2 2
-4261.6 11305.3 -17.6 166 0 14.9 11.5 17.5 3.5 2 0 5 4 4
-4177.9 11282.7 -17.3 351 0 9.5 15.8 10.5 3.5 2 1 3 0 0
-4208.1 11283.4 -17.4 78 0 9.9 14.8 10.5 3.5 2 1 3 5 5
-4180.3 11296.3 -17.5 341 0 9.4 13.1 10.5 3.5 2 1 3 1 1
-4185.0 11312.7 -17.6 346 0 20.1 12.3 17.5 3.5 2 0 5 4 4
-4193.3 11349.5 -17.9 346 0 14.8 13.6 17.5 3.5 2 0 5 5 5
-4199.2 11377.7 -18.2 355 0 22.2 10.3 17.5 3.5 2 0 5 1 1
-4250.0 11369.7 -18.1 181 0 9.4 20.5 10.5 3.5 2 1 3 4 4
-4253.2 11385.9 -18.3 173 0 20.0 9.2 10.5 3.5 2 0 3 1 1
-4281.3 11396.7 -18.4 169 0 14.7 13.8 17.5 3.5 4 0 5 3 3
-4290.6 11411.9 -18.5 167 0 11.4 9.2 10.5 0.0 0 0 3 1 1
-4291.2 11450.0 -18.8 81 0 5.9 10.1 10.5 3.5 2 1 3 1 1
-4283.1 11454.3 -18.9 91 0 8.1 15.1 10.5 3.5 2 1 3 4 4
-4294.6 11473.9 -19.0 164 0 12.3 9.6 10.5 3.5 2 0 3 4 4
-4311.0 11525.1 -19.5 170 0 18.4 6.2 10.5 3.5 2 0 3 5 5
-4311.4 11551.9 -19.7 171 0 14.6 12.5 17.5 3.5 2 0 5 1 1
-4320.2 11592.1 -20.0 166 0 25.2 16.6 17.5 3.5 2 0 5 5 5
-4325.4 11655.3 -20.5 257 0 10.8 23.3 17.5 3.5 2 1 5 5 5
-4349.4 11649.1 -20.4 352 0 7.2 8.7 10.5 3.5 4 1 3 3 3
-4355.7 11685.5 -20.8 346 0 10.6 11.9 14.0 3.5 2 1 4 2 2
-4367.2 11708.0 -21.0 77 0 12.2 12.7 17.5 3.5 4 1 5 0 0
-4304.5 11883.7 -22.3 355 0 14.6 14.0 17.5 3.5 2 0 5 1 1
-4277.6 11662.0 -20.5 266 0 10.5 10.7 17.5 3.5 2 1 5 3 3
-4262.8 11696.0 -20.8 349 0 19.0 9.7 10.5 3.5 2 0 3 1 1
-4263.9 11677.6 -20.6 79 0 12.2 6.6 10.5 3.5 2 0 3 0 0
-4255.8 11659.8 -20.4 349 0 8.7 9.1 10.5 3.5 2 1 3 2 2
-4261.9 11669.6 -20.5 260 0 13.5 6.0 10.5 0.0 0 0 3 2 2
-4249.4 11644.2 -20.3 349 0 8.7 7.9 10.5 3.5 2 0 3 1 1
-4248.5 11635.7 -20.2 350 0 6.0 9.0 10.5 3.5 2 1 3 0 0
-4246.9 11627.8 -20.2 349 0 8.4 13.8 10.5 0.0 0 1 3 5 5
-4241.6 11605.9 -20.0 347 0 6.5 9.4 10.5 3.5 2 1 3 1 1
-4237.9 11583.9 -19.8 353 0 8.5 14.5 10.5 3.5 2 1 3 4 4
-4221.9 11463.8 -18.8 169 0 4.8 8.0 10.5 3.5 2 1 3 2 2
-4275.2 11762.6 -21.3 347 0 18.7 10.9 17.5 3.5 2 0 5 3 3
-4307.3 11897.7 -22.4 353 0 13.9 7.1 10.5 3.5 2 0 3 3 3
-4311.3 11920.0 -22.6 347 0 26.9 9.9 10.5 3.5 2 0 3 3 3
-4026.2 12202.1 -24.6 345 0 12.5 12.4 17.5 3.5 2 0 5 0 0
-4023.9 12193.1 -24.5 347 0 4.3 11.8 10.5 3.5 2 1 3 0 0
-4017.5 12172.1 -24.3 346 0 8.9 11.5 10.5 0.0 0 1 3 5 5
-4012.5 12151.3 -24.2 346 0 12.8 11.8 17.5 0.0 0 0 5 2 2
-4009.2 12135.8 -24.0 343 0 15.6 12.4 17.5 3.5 2 0 5 0 0
-4007.0 12121.7 -23.9 347 0 8.5 9.7 10.5 3.5 2 1 3 5 5
-4004.8 12111.9 -23.8 345 0 9.3 13.3 10.5 3.5 2 1 3 4 4
-4011.7 12095.6 -23.7 344 0 13.0 6.9 10.5 3.5 2 0 3 5 5
-3994.8 12059.9 -23.4 336 0 9.6 8.0 10.5 3.5 2 0 3 2 2
-4008.5 12040.2 -23.3 347 0 8.3 7.7 10.5 3.5 2 0 3 5 5
-3989.2 12045.9 -23.3 345 0 8.6 12.1 10.5 3.5 2 1 3 2 2
-4000.3 12034.2 -23.2 345 0 8.4 4.1 10.5 0.0 0 0 3 4 4
-3987.9 12021.2 -23.1 348 0 4.5 9.5 10.5 3.5 2 0 3 4 4
-3977.4 11998.7 -22.8 349 0 4.7 9.4 10.5 0.0 0 1 3 4 4
-3975.7 11990.9 -22.8 350 0 9.9 12.7 10.5 3.5 2 1 3 1 1
-3981.9 11956.9 -22.6 347 0 6.8 11.1 10.5 3.5 2 1 3 3 3
-3959.0 11904.2 -22.1 343 0 11.5 6.4 10.5 3.5 2 0 3 5 5
-3947.3 11867.7 -21.8 348 0 8.9 10.7 10.5 0.0 0 1 3 3 3
-3945.3 11859.0 -21.7 347 0 5.3 11.0 10.5 3.5 2 1 3 2 2
-3943.6 11851.8 -21.6 346 0 8.6 10.7 10.5 0.0 0 1 3 4 4
-3936.3 11817.7 -21.4 348 0 11.8 12.9 17.5 3.5 4 1 5 5 5
-3968.8 11768.6 -21.1 76 0 18.9 14.3 17.5 3.5 2 0 5 0 0
-3938.9 11935.6 -22.2 177 0 17.7 10.9 14.0 0.0 0 0 4 4 4
-3916.9 11927.4 -22.3 87 0 16.3 18.1 14.0 3.5 4 1 4 2 2
-3985.0 12068.1 -23.4 167 0 11.4 14.9 14.0 3.5 2 1 4 3 3
-3995.6 12148.5 -24.2 158 0 9.3 9.7 10.5 3.5 2 1 3 1 1
-4004.9 12168.6 -24.4 162 0 11.0 12.5 14.0 3.5 2 0 4 4 4
-4007.2 12158.4 -24.2 161 0 7.1 5.4 10.5 3.5 2 0 3 3 3
-3943.8 11752.3 -20.9 348 0 23.9 13.0 14.0 3.5 2 0 4 2 2
-3940.0 11733.2 -20.7 346 0 13.2 9.3 10.5 3.5 2 0 3 2 2
-3936.0 11704.3 -20.5 354 0 11.3 11.4 14.0 3.5 4 1 4 3 3
-3924.4 11656.2 -20.1 348 0 13.6 13.5 14.0 3.5 2 0 4 3 3
-3920.6 11629.9 -19.9 348 0 14.1 12.1 14.0 3.5 2 0 4 4 4
-3917.5 11610.2 -19.7 348 0 14.4 17.1 14.0 3.5 2 1 4 0 0
-3914.3 11594.2 -19.6 348 0 15.1 16.6 14.0 3.5 2 1 4 4 4
-3998.3 11760.7 -21.1 73 0 13.1 13.3 17.5 3.5 2 1 5 1 1
-4012.6 11757.5 -21.1 71 0 12.5 12.3 17.5 3.5 2 0 5 3 3
-4022.4 11754.4 -21.0 71 0 4.4 10.5 10.5 0.0 0 1 3 1 1
-3928.2 11829.3 -21.4 168 0 7.1 16.8 10.5 3.5 2 1 3 1 1
-4407.3 12229.2 -23.9 304 0 16.7 11.6 17.5 3.5 2 0 5 0 0
-4341.1 12043.1 -23.5 344 0 12.7 9.9 10.5 3.5 2 0 3 4 4
-4419.0 12133.1 -23.6 19 0 12.1 7.8 10.5 3.5 2 0 3 5 5
-4470.6 12188.3 -23.7 217 0 8.2 24.5 10.5 3.5 2 1 3 2 2
-4432.3 12176.7 -23.7 35 0 16.5 19.8 17.5 3.5 2 1 5 1 1
-4461.1 12133.9 -23.5 301 0 5.0 9.6 10.5 3.5 2 0 3 1 1
-4473.4 12141.5 -23.5 301 0 5.9 8.4 10.5 3.5 2 0 3 1 1
-4477.8 12145.9 -23.5 302 0 6.3 9.8 10.5 3.5 2 0 3 1 1
-4486.6 12108.4 -23.4 48 0 9.3 29.2 10.5 3.5 2 1 3 2 2
-4487.9 12131.1 -23.5 307 0 6.9 6.1 10.5 3.5 2 0 3 4 4
-4471.3 12124.7 -23.5 34 0 7.4 14.2 10.5 3.5 2 1 3 5 5
-4475.9 12117.6 -23.5 35 0 8.1 13.6 10.5 3.5 2 1 3 0 0
-4450.4 12082.1 -23.5 305 0 10.9 18.6 17.5 3.5 2 1 5 5 5
-4471.0 12039.7 -23.3 36 0 8.9 13.7 10.5 3.5 2 1 3 1 1
-4476.1 12034.2 -23.3 38 0 3.9 12.3 10.5 0.0 0 1 3 3 3
-4529.4 12149.8 -23.4 308 0 10.8 11.3 17.5 3.5 2 1 5 2 2
-4562.9 12119.6 -23.2 298 0 9.4 9.9 10.5 3.5 2 1 3 5 5
-4576.7 12126.5 -23.2 287 0 9.6 10.3 10.5 3.5 2 1 3 0 0
-4560.0 12171.3 -23.3 303 0 7.9 10.8 10.5 3.5 4 1 3 3 3
-4513.3 12097.0 -23.3 35 0 9.7 5.0 10.5 3.5 2 0 3 5 5
-4501.0 12089.3 -23.4 38 0 8.8 10.9 10.5 3.5 2 0 3 3 3
-4495.8 12096.1 -23.4 35 0 8.2 10.9 10.5 3.5 2 0 3 3 3
-4506.4 12079.8 -23.3 34 0 8.4 15.1 10.5 3.5 2 1 3 1 1
-4513.9 12069.5 -23.3 31 0 15.8 11.7 17.5 3.5 2 0 5 4 4
-4490.6 12019.7 -23.3 33 0 19.3 10.1 17.5 3.5 2 0 5 1 1
-4527.5 11971.6 -23.0 39 0 19.4 12.7 17.5 3.5 2 0 5 5 5
-4558.3 12020.8 -23.1 288 0 19.0 13.2 17.5 3.5 4 0 5 3 3
-4574.9 11983.9 -23.0 31 0 10.3 11.2 17.5 3.5 2 0 5 0 0
-4592.4 12040.9 -23.0 304 0 16.6 15.6 17.5 3.5 4 0 5 1 1
-4573.8 12024.6 -23.1 289 0 10.6 7.7 10.5 3.5 4 0 3 0 0
-4588.7 11974.4 -22.9 14 0 9.0 5.8 10.5 3.5 4 0 3 1 1
-4560.1 11921.4 -22.7 32 0 8.9 18.1 10.5 3.5 2 1 3 4 4
-4593.5 11888.2 -22.5 40 0 24.5 15.1 17.5 3.5 2 0 5 4 4
-4611.8 11870.7 -22.3 40 0 6.0 9.2 10.5 3.5 2 1 3 1 1
-4642.4 11906.4 -22.6 34 0 17.0 16.4 17.5 3.5 2 0 5 1 1
-4673.2 11859.7 -22.3 28 0 10.2 14.9 17.5 3.5 2 1 5 5 5
-4427.2 11920.9 -22.6 340 0 9.4 6.0 10.5 3.5 2 0 3 4 4
-4410.7 11910.5 -22.6 344 0 17.6 12.5 14.0 3.5 2 0 4 0 0
-4409.0 11893.3 -22.5 342 0 14.7 11.8 14.0 3.5 2 0 4 4 4
-4367.5 11825.1 -21.9 177 0 14.1 8.9 10.5 3.5 2 0 3 1 1
-4368.3 11794.8 -21.6 176 0 7.0 10.9 10.5 3.5 4 1 3 0 0
-4166.4 11228.0 -16.9 352 0 10.5 12.1 17.5 3.5 2 1 5 1 1
-4160.0 11186.8 -16.6 344 0 17.6 15.4 17.5 3.5 2 0 5 2 2
-4176.1 11182.1 -16.5 339 0 7.1 7.0 10.5 3.5 4 0 3 1 1
-4168.8 11156.6 -16.3 342 0 8.0 8.5 10.5 3.5 2 1 3 4 4
-4153.2 11153.2 -16.3 342 0 9.2 12.0 10.5 3.5 2 1 3 3 3
-4242.4 11173.3 -16.6 163 0 14.2 12.7 17.5 3.5 4 0 5 4 4
-4226.4 11186.3 -16.6 163 0 9.3 5.6 10.5 3.5 2 0 3 4 4
-4236.6 11160.2 -16.4 167 0 9.6 15.0 10.5 3.5 2 0 3 5 5
-4223.2 11168.9 -16.5 168 0 5.4 7.6 10.5 3.5 2 0 3 0 0
-4231.9 11151.8 -16.4 170 0 9.3 14.0 10.5 3.5 2 0 3 5 5
-4219.8 11146.2 -16.3 167 0 6.3 4.9 10.5 3.5 2 0 3 5 5
-4218.6 11116.6 -16.2 80 0 14.0 26.4 17.5 3.5 2 0 5 5 5
-4258.3 11112.0 -16.0 0 0 4.0 8.9 10.5 3.5 2 1 3 2 2
-4279.3 11098.3 -16.0 180 0 19.6 11.8 14.0 3.5 2 0 4 0 0
-4250.9 11103.5 -16.0 359 0 10.6 12.7 14.0 3.5 2 0 4 1 1
-4250.9 11095.5 -15.9 0 0 5.4 10.6 10.5 3.5 2 0 3 3 3
-4239.9 11089.2 -15.8 0 0 6.3 8.1 10.5 3.5 2 1 3 4 4
-4249.7 11061.6 -15.6 358 0 4.1 15.0 10.5 3.5 2 0 3 3 3
-4093.7 11117.8 -15.9 266 0 18.6 16.6 17.5 3.5 2 0 5 3 3
-4025.7 10989.7 -14.9 354 0 19.6 12.1 7.5 2.5 2 0 3 1 1
-4135.0 10954.3 -14.7 179 0 10.8 29.7 17.5 3.5 2 1 5 1 1
-4132.3 10979.2 -14.9 194 0 13.5 25.0 17.5 3.5 2 1 5 3 3
-4163.8 11106.3 -15.9 265 0 29.7 8.6 10.5 3.5 2 0 3 4 4
-4144.0 11093.4 -15.8 356 0 12.3 8.3 10.5 3.5 2 0 3 1 1
-4171.5 11115.7 -16.0 266 0 13.8 8.8 10.5 3.5 2 0 3 4 4
-4188.0 11108.0 -15.9 269 0 16.4 9.5 10.5 3.5 2 0 3 1 1
-4182.4 11096.8 -15.8 267 0 6.9 5.6 10.5 0.0 0 0 3 4 4
-4214.5 11075.5 -15.7 173 0 11.7 10.6 14.0 3.5 2 0 4 5 5
-4216.4 11063.4 -15.6 175 0 10.6 13.4 14.0 3.5 2 1 4 4 4
-4141.7 11074.2 -15.7 358 0 19.1 14.4 14.0 3.5 2 0 4 2 2
-4143.9 11036.4 -15.4 359 0 17.2 14.3 14.0 3.5 2 0 4 1 1
-4143.5 11021.5 -15.2 359 0 10.7 13.9 14.0 3.5 2 1 4 5 5
-4163.7 10997.6 -15.0 2 0 5.5 8.6 10.5 3.5 2 1 3 5 5
-4194.7 10993.6 -15.1 171 0 24.9 10.0 14.0 3.5 2 0 4 2 2
-4198.8 11020.6 -15.3 170 0 17.3 11.1 14.0 3.5 2 0 4 3 3
-4204.3 10996.2 -15.1 187 0 18.5 6.7 10.5 3.5 2 0 3 4 4
-4249.7 11016.6 -15.3 6 0 8.9 13.9 10.5 3.5 4 1 3 4 4
-4245.2 11005.0 -15.2 2 0 12.7 10.0 10.5 3.5 2 0 3 0 0
-4245.6 10994.2 -15.1 359 0 7.7 8.4 10.5 3.5 2 1 3 1 1
-4250.6 10978.0 -15.0 2 0 9.9 14.5 10.5 3.5 2 1 3 3 3
-4941.2 11511.5 -19.8 37 0 8.5 15.8 10.5 3.5 2 1 3 3 3
-5001.1 11342.6 -18.5 269 0 11.6 6.8 10.5 3.5 2 0 3 1 1
-5041.1 11329.6 -18.5 354 0 12.3 9.3 10.5 3.5 4 0 3 0 0
-5041.7 11304.0 -18.3 351 0 10.6 7.7 10.5 3.5 2 0 3 0 0
-5042.4 11316.0 -18.4 357 0 11.8 7.3 10.5 3.5 2 0 3 1 1
-5030.1 11369.4 -18.7 208 0 8.2 13.3 10.5 0.0 0 1 3 4 4
-5011.6 11379.9 -18.8 210 0 13.6 10.3 14.0 3.5 2 0 4 4 4
-4980.8 11381.7 -18.8 64 0 8.3 4.4 10.5 3.5 2 0 3 5 5
-4921.3 11374.0 -18.8 78 0 10.2 15.3 14.0 3.5 2 1 4 3 3
-4895.1 11362.1 -18.6 270 0 8.9 9.5 10.5 3.5 2 1 3 1 1
-4850.3 11364.8 -18.6 269 0 17.7 9.7 10.5 3.5 2 0 3 4 4
-4845.5 11355.3 -18.5 268 0 8.3 12.8 10.5 3.5 2 0 3 0 0
-4833.6 11367.6 -18.6 268 0 12.5 13.6 14.0 3.5 2 1 4 1 1
-4792.0 11374.0 -18.6 264 0 17.7 15.1 14.0 3.5 2 0 4 3 3
-4752.5 11336.8 -18.4 111 0 10.3 14.2 14.0 3.5 2 1 4 4 4
-4730.6 11381.4 -18.6 260 0 17.1 18.5 14.0 3.5 2 1 4 4 4
-4702.2 11356.5 -18.4 0 0 10.0 12.3 10.5 0.0 0 1 3 0 0
-4722.6 11362.3 -18.5 253 0 9.8 9.3 10.5 3.5 2 0 3 4 4
-5019.8 11352.1 -18.6 260 0 15.4 10.4 14.0 3.5 2 0 4 4 4
-5040.8 11291.8 -18.2 352 0 12.5 12.0 17.5 3.5 2 0 5 0 0
-5049.0 11375.2 -18.9 34 0 32.2 12.7 14.0 3.5 2 0 4 0 0
-5060.7 11383.4 -18.9 32 0 14.9 5.4 10.5 3.5 4 0 3 3 3
-5065.3 11353.0 -18.7 38 0 16.5 13.6 14.0 3.5 2 0 4 5 5
-5076.3 11340.6 -18.6 37 0 13.3 9.3 10.5 3.5 2 0 3 1 1
-5094.8 11313.4 -18.4 37 0 10.6 15.6 14.0 3.5 2 1 4 4 4
-5100.9 11305.2 -18.3 37 0 8.4 13.6 10.5 3.5 2 1 3 4 4
-5114.4 11285.9 -18.2 35 0 15.0 11.6 14.0 3.5 2 0 4 0 0
-5123.5 11272.4 -18.1 29 0 16.5 14.2 14.0 3.5 2 0 4 5 5
-5135.9 11285.6 -18.2 27 0 11.2 8.1 10.5 3.5 4 0 3 5 5
-5039.5 11264.7 -18.0 355 0 12.5 11.2 17.5 3.5 2 0 5 3 3
-5044.0 11248.2 -17.9 85 0 13.1 8.4 10.5 3.5 2 0 3 4 4
-4679.3 12232.9 -23.2 312 0 15.3 10.4 17.5 0.0 0 0 5 3 3
-4729.8 12199.1 -23.0 182 0 21.5 13.4 17.5 0.0 0 0 5 2 2
-4652.2 12083.3 -23.0 316 0 22.9 13.3 17.5 3.5 2 0 5 0 0
-4678.9 12102.0 -22.9 303 0 13.4 11.9 17.5 3.5 2 0 5 5 5
-4704.0 12118.0 -22.9 310 0 16.2 10.8 17.5 3.5 2 0 5 4 4
-4761.6 12156.1 -22.8 310 0 13.7 15.3 17.5 3.5 2 1 5 3 3
-4771.4 12163.8 -22.8 310 0 9.2 14.0 10.5 3.5 4 1 3 1 1
-4796.0 12180.8 -22.8 305 0 9.1 11.4 10.5 3.5 2 1 3 3 3
-4813.2 12193.8 -22.7 307 0 5.7 9.7 10.5 3.5 2 1 3 3 3
-4821.8 12200.2 -22.7 306 0 13.8 16.4 17.5 3.5 2 1 5 2 2
-4855.1 12223.6 -22.7 305 0 14.1 17.6 17.5 3.5 2 1 5 4 4
-5095.3 12230.3 -22.0 14 0 13.1 11.5 14.0 3.5 2 0 4 5 5
-5140.1 12230.2 -21.9 302 0 8.7 7.3 10.5 0.0 0 0 3 5 5
-5194.4 12157.4 -21.7 26 0 8.4 21.5 10.5 3.5 2 1 3 4 4
-5202.6 12150.4 -21.6 8 0 9.5 13.5 10.5 3.5 2 1 3 0 0
-5322.7 12088.5 -21.3 126 0 34.0 15.9 17.5 3.5 2 0 5 3 3
-5303.3 12063.7 -21.3 126 0 22.6 25.6 17.5 3.5 2 1 5 1 1
-5272.7 12082.6 -21.3 33 0 13.2 7.8 10.5 3.5 2 0 3 2 2
-5257.9 12075.8 -21.4 34 0 16.3 15.2 17.5 3.5 2 0 5 3 3
-5331.9 11974.7 -21.0 36 0 13.1 13.6 17.5 3.5 4 1 5 1 1
-5322.4 11985.8 -21.0 35 0 8.5 12.9 10.5 0.0 0 1 3 0 0
-5334.1 12058.0 -21.1 307 0 20.8 11.2 17.5 3.5 2 0 5 2 2
-5170.9 11325.0 -18.4 226 0 6.7 6.6 10.5 3.5 2 0 3 4 4
-5187.2 11296.4 -18.3 119 0 13.4 14.4 14.0 3.5 2 1 4 4 4
-5207.4 11305.5 -18.4 116 0 9.3 15.5 10.5 3.5 2 1 3 3 3
-5204.2 11269.1 -18.0 301 0 15.3 16.4 14.0 3.5 2 0 4 2 2
-5214.3 11275.1 -18.1 299 0 8.4 35.2 10.5 3.5 2 0 3 1 1
-5152.5 11253.4 -17.9 304 0 12.3 22.6 14.0 3.5 2 1 4 0 0
-5156.1 11222.6 -17.7 35 0 5.8 19.1 10.5 3.5 2 1 3 5 5
-5131.2 11228.5 -17.7 211 0 8.7 11.1 10.5 3.5 2 1 3 5 5
-5136.4 11218.1 -17.7 205 0 12.0 10.5 14.0 3.5 2 0 4 0 0
-5140.4 11202.3 -17.6 225 0 15.8 9.6 10.5 3.5 2 0 3 4 4
-5162.6 11191.7 -17.5 210 0 12.7 9.7 10.5 3.5 2 0 3 4 4
-5178.7 11205.9 -17.6 33 0 12.9 9.8 10.5 3.5 2 0 3 0 0
-5200.2 11173.8 -17.4 36 0 16.5 13.0 14.0 0.0 0 0 4 4 4
-5178.5 11160.5 -17.3 233 0 8.2 7.6 10.5 3.5 2 0 3 0 0
-5128.4 11159.4 -17.3 75 0 9.7 14.9 10.5 3.5 2 1 3 3 3
-5112.2 11171.5 -17.3 344 0 14.6 10.6 14.0 3.5 2 0 4 5 5
-5115.6 11186.8 -17.5 351 0 12.4 9.3 10.5 3.5 2 0 3 1 1
-4227.0 10920.4 -14.5 185 0 13.3 13.1 14.0 3.5 2 0 4 5 5
-4253.4 10937.9 -14.7 8 0 18.9 12.0 14.0 0.0 0 0 4 2 2
-4254.4 10917.7 -14.5 2 0 16.5 9.4 10.5 3.5 2 0 3 3 3
-4257.0 10900.0 -14.4 5 0 13.9 9.9 10.5 3.5 2 0 3 2 2
-4271.1 10874.9 -14.2 97 0 6.3 5.8 10.5 3.5 4 0 3 0 0
-4269.1 10822.6 -13.8 103 0 11.8 15.6 14.0 3.5 2 0 4 1 1
-4288.9 10859.6 -14.0 287 0 16.6 13.4 14.0 3.5 2 0 4 3 3
-4353.5 10893.3 -14.4 274 0 13.7 18.2 14.0 3.5 2 1 4 5 5
-4382.1 10892.3 -14.4 283 0 21.9 13.2 14.0 3.5 2 0 4 4 4
-4444.0 10880.6 -14.3 267 0 19.3 11.5 14.0 3.5 2 0 4 2 2
-4477.3 10826.1 -14.0 92 0 11.5 15.9 14.0 3.5 2 1 4 2 2
-4481.1 10874.3 -14.3 267 0 15.1 13.7 14.0 3.5 2 0 4 4 4
-4466.9 10875.5 -14.3 263 0 12.3 12.4 14.0 3.5 2 1 4 3 3
-4460.3 10860.6 -14.2 266 0 15.9 9.1 10.5 3.5 2 0 3 4 4
-3660.1 11362.3 -17.2 179 0 6.7 5.7 10.5 3.5 2 0 3 2 2
-3632.0 11380.3 -17.5 0 0 8.1 11.1 10.5 3.5 2 1 3 4 4
-3622.6 11371.1 -17.4 358 0 9.0 11.4 10.5 3.5 2 1 3 2 2
-3621.1 11354.4 -17.3 351 0 14.2 10.8 17.5 3.5 2 0 5 5 5
-3710.9 11362.9 -17.0 278 0 8.3 7.5 10.5 3.5 4 0 3 3 3
-3688.7 11364.8 -17.1 348 0 11.4 13.4 17.5 3.5 2 1 5 1 1
-3685.8 11350.7 -17.0 347 0 15.6 10.7 17.5 3.5 2 0 5 3 3
-3682.5 11338.0 -16.8 347 0 6.3 10.8 10.5 3.5 2 1 3 4 4
-3680.4 11325.2 -16.7 348 0 15.0 10.6 17.5 3.5 2 0 5 4 4
-3654.4 11360.6 -17.2 181 0 10.3 10.6 17.5 3.5 2 0 5 3 3
-3609.8 11320.7 -17.0 80 0 10.8 11.8 17.5 3.5 2 1 5 1 1
-3674.7 11300.0 -16.5 351 0 15.9 14.5 17.5 3.5 2 0 5 2 2
-3676.6 11273.5 -16.2 351 0 8.4 17.3 10.5 0.0 0 1 3 4 4
-3673.9 11263.8 -16.1 349 0 11.1 12.3 17.5 3.5 2 1 5 4 4
-3695.1 11246.6 -16.0 173 0 11.9 6.8 10.5 3.5 2 0 3 3 3
-3819.5 11129.1 -15.7 357 0 13.0 16.8 17.5 3.5 2 1 5 2 2
-3822.5 11005.5 -14.8 177 0 17.9 18.5 17.5 3.5 2 1 5 2 2
-3823.4 11035.1 -15.0 190 0 16.2 11.0 17.5 3.5 2 0 5 4 4
-3811.2 11073.6 -15.2 199 0 8.0 11.4 10.5 3.5 2 1 3 2 2
-3809.0 11082.6 -15.3 196 0 9.5 14.3 10.5 3.5 2 1 3 5 5
-3807.6 11091.9 -15.3 194 0 8.8 5.0 10.5 3.5 2 0 3 3 3
-3750.9 11141.3 -15.5 262 0 15.9 17.4 17.5 3.5 2 1 5 5 5
-3712.1 11143.0 -15.3 268 0 13.0 16.0 17.5 3.5 2 1 5 1 1
-3681.0 11144.0 -15.2 253 0 13.0 16.9 17.5 3.5 2 1 5 5 5
-3678.0 11126.6 -15.0 255 0 12.4 12.2 17.5 3.5 4 0 5 0 0
-3695.9 11107.4 -15.0 179 0 13.3 9.3 10.5 3.5 4 0 3 5 5
-3647.5 11082.1 -14.6 6 0 10.1 12.3 17.5 3.5 2 1 5 1 1
-3625.2 11113.8 -14.7 17 0 6.2 7.4 10.5 3.5 2 1 3 3 3
-3622.1 11125.3 -14.9 17 0 17.0 10.4 17.5 3.5 2 0 5 5 5
-3638.0 11153.3 -15.0 257 0 5.9 9.8 10.5 3.5 2 1 3 1 1
-3625.2 11155.2 -15.1 265 0 14.2 10.2 17.5 3.5 2 0 5 0 0
-3799.9 11593.4 -19.2 88 0 11.2 12.2 7.5 2.5 4 1 3 1 1
-3794.5 11699.9 -20.2 254 0 6.2 21.8 5.0 0.0 0 1 2 4 4
-3789.5 11696.4 -20.3 161 0 20.0 13.0 7.5 2.5 4 0 3 3 3
-3776.8 11726.7 -20.5 268 0 6.8 9.8 2.5 2.5 2 1 1 2 2
-4522.2 10852.3 -14.2 267 0 4.7 7.3 10.5 3.5 2 1 3 4 4
-4568.2 10861.8 -14.3 213 0 15.2 8.5 10.5 3.5 2 0 3 4 4
-4579.9 10832.3 -14.1 214 0 9.1 8.2 10.5 3.5 2 0 3 5 5
-4539.7 10799.1 -13.9 99 0 10.3 16.2 14.0 3.5 2 1 4 5 5
-4628.3 10869.4 -14.4 310 0 9.0 10.8 10.5 3.5 2 1 3 5 5
-4660.9 10871.8 -14.5 204 0 11.7 12.2 14.0 3.5 2 1 4 0 0
-4663.8 10874.6 -14.6 25 0 13.3 18.0 14.0 3.5 2 0 4 1 1
-4668.6 10867.0 -14.5 25 0 4.7 9.1 10.5 3.5 2 0 3 3 3
-4673.6 10861.0 -14.5 30 0 8.8 9.2 10.5 3.5 2 0 3 5 5
-4680.9 10820.2 -14.1 10 0 15.4 13.0 14.0 3.5 2 0 4 0 0
-4668.7 10793.3 -13.9 179 0 24.2 9.3 10.5 3.5 2 0 3 0 0
-4639.2 10771.3 -13.7 281 0 16.3 14.4 17.5 3.5 2 0 5 1 1
-4660.1 10771.1 -13.7 267 0 13.2 13.4 17.5 0.0 0 1 5 3 3
-4690.2 10767.9 -13.7 268 0 13.0 9.5 10.5 3.5 2 0 3 4 4
-4708.7 10766.6 -13.7 265 0 17.4 12.8 17.5 3.5 4 0 5 3 3
-4711.7 10751.9 -13.6 261 0 10.1 7.0 10.5 3.5 2 0 3 0 0
-4677.0 10758.9 -13.6 266 0 9.2 5.6 10.5 3.5 2 0 3 0 0
-4745.4 10775.0 -13.9 67 0 10.8 15.3 14.0 3.5 2 1 4 2 2
-4746.0 10709.5 -13.3 60 0 13.3 10.1 17.5 3.5 2 0 5 1 1
-4780.7 10733.8 -13.5 318 0 6.0 9.6 10.5 3.5 2 0 3 2 2
-4817.4 10711.3 -13.5 75 0 12.3 17.2 17.5 3.5 2 1 5 0 0
-4851.9 10747.4 -13.7 243 0 12.8 22.1 17.5 3.5 4 1 5 4 4
-4842.4 10689.4 -13.3 82 0 14.4 19.1 17.5 0.0 0 1 5 0 0
-4887.5 10678.6 -13.3 112 0 14.0 21.4 17.5 3.5 2 1 5 5 5
-4906.2 10683.9 -13.2 180 0 9.4 9.7 10.5 3.5 2 1 3 3 3
-4921.0 10670.2 -13.2 184 0 15.7 12.8 17.5 3.5 2 0 5 3 3
-4963.1 10742.8 -13.7 279 0 14.2 18.2 17.5 3.5 2 1 5 4 4
-4978.6 10814.5 -14.4 174 0 39.5 12.2 17.5 3.5 2 0 5 5 5
-4966.2 10756.0 -14.1 83 0 11.8 38.2 17.5 3.5 2 1 5 4 4
-3591.7 11759.6 -22.2 159 0 9.2 20.5 10.5 3.5 2 1 3 2 2
-3583.0 11653.3 -20.8 346 0 14.7 14.3 14.0 3.5 2 0 4 5 5
-3460.0 11718.4 -20.4 69 0 13.7 20.0 14.0 3.5 2 1 4 4 4
-3315.3 11625.9 -12.8 175 0 8.0 8.5 10.5 3.5 2 0 3 0 0
-3412.0 11565.8 -16.9 348 0 29.3 13.4 14.0 3.5 2 0 4 1 1
-3414.5 11603.0 -17.8 353 0 16.8 26.0 14.0 3.5 2 1 4 5 5
-3412.1 11640.3 -17.8 352 0 51.8 16.9 14.0 3.5 2 0 4 3 3
-3511.1 11491.8 -19.7 160 0 16.8 11.6 17.5 3.5 2 0 5 3 3
-3489.5 11519.0 -19.8 351 0 13.0 21.0 17.5 3.5 2 1 5 0 0
-3462.0 11241.3 -16.6 342 0 13.0 16.4 14.0 3.5 2 1 4 1 1
-3447.4 11173.1 -15.8 270 0 23.5 23.6 14.0 3.5 4 1 4 5 5
-3435.4 11100.4 -13.8 359 0 13.9 11.5 14.0 3.5 2 0 4 4 4
-3300.6 11532.7 -12.6 348 0 15.4 13.2 17.5 3.5 2 0 5 2 2
-3297.2 11489.9 -12.5 95 0 12.7 22.1 17.5 3.5 2 1 5 1 1
-3778.7 10881.7 -13.8 7 0 12.7 18.2 14.0 3.5 2 1 4 0 0
-3848.8 10839.3 -13.5 107 0 12.1 13.3 14.0 3.5 2 1 4 4 4
-3832.9 10830.6 -13.5 102 0 14.4 17.1 14.0 3.5 2 1 4 4 4
-3432.3 10967.1 -12.9 359 0 15.1 16.9 14.0 3.5 2 1 4 4 4
-3433.6 10951.8 -12.7 350 0 14.6 13.9 14.0 3.5 2 0 4 5 5
-3420.5 10928.5 -11.3 176 0 15.3 20.6 17.5 0.0 0 1 5 1 1
-3424.5 10891.4 -11.9 0 0 18.6 17.8 14.0 3.5 2 0 4 4 4
-3207.8 11529.1 -11.9 86 0 16.2 13.7 14.0 3.5 4 0 4 1 1
-3189.8 11502.8 -11.8 344 0 13.3 15.0 17.5 3.5 2 1 5 5 5
-3171.8 11486.4 -11.5 162 0 22.9 12.7 14.0 3.5 2 0 4 0 0
-3164.3 11456.8 -11.4 163 0 16.4 12.8 14.0 0.0 0 0 4 2 2
-3158.5 11430.0 -11.3 164 0 18.9 11.8 14.0 3.5 2 0 4 1 1
-3144.9 11404.8 -11.2 156 0 12.0 15.8 14.0 3.5 2 1 4 5 5
-3112.7 11388.7 -11.1 162 0 21.1 15.1 14.0 0.0 0 0 4 0 0
-3146.5 11354.4 -11.4 336 0 20.7 17.2 17.5 3.5 2 0 5 1 1
-3137.5 11344.6 -11.2 163 0 27.0 23.1 14.0 0.0 0 0 4 0 0
-3129.3 11321.4 -11.2 162 0 13.9 12.8 14.0 3.5 2 0 4 2 2
-3110.7 11275.8 -11.2 81 0 9.1 20.6 10.5 3.5 2 1 3 3 3
-3075.2 11364.2 -11.0 179 0 14.7 11.2 14.0 0.0 0 0 4 2 2
-3057.0 11321.7 -11.0 83 0 23.6 20.4 14.0 3.5 2 0 4 5 5
-3055.8 11293.8 -11.0 81 0 12.9 17.4 14.0 3.5 2 0 4 3 3
-3055.4 11287.0 -11.0 82 0 14.3 6.6 10.5 3.5 2 0 3 3 3
-3003.5 11282.7 -10.9 260 0 15.2 12.1 17.5 3.5 4 0 5 4 4
-2998.6 11262.8 -10.9 252 0 13.0 14.8 17.5 3.5 2 0 5 1 1
-3007.1 11305.2 -10.9 92 0 9.5 7.2 10.5 3.5 2 0 3 4 4
-2940.7 11268.8 -15.4 349 0 8.6 12.8 10.5 3.5 4 1 3 0 0
-2971.8 11245.1 -11.1 83 0 10.0 12.0 17.5 3.5 2 1 5 5 5
-2970.7 11219.4 -20.7 84 0 12.9 24.3 17.5 3.5 2 1 5 5 5
-3017.6 11214.9 -11.0 87 0 6.0 7.6 10.5 3.5 2 1 3 0 0
-3092.4 11207.0 -11.2 80 0 13.8 12.9 17.5 3.5 2 0 5 0 0
-3101.2 11222.7 -11.2 168 0 7.2 11.4 10.5 3.5 2 1 3 4 4
-3107.8 11241.6 -11.2 165 0 4.6 12.3 10.5 3.5 2 0 3 2 2
-3109.8 11249.4 -11.2 165 0 8.4 7.4 10.5 3.5 2 0 3 5 5
-3154.1 11212.4 -11.4 65 0 11.6 18.6 17.5 3.5 2 1 5 4 4
-3118.4 11233.1 -11.3 340 0 15.1 22.0 17.5 3.5 2 1 5 4 4
-3122.7 11245.2 -11.3 343 0 8.5 14.4 10.5 3.5 2 1 3 2 2
-3133.8 11255.3 -11.3 253 0 10.4 7.6 10.5 3.5 2 0 3 2 2
-3106.9 11209.1 -11.3 353 0 9.4 20.7 10.5 3.5 2 1 3 2 2
-2939.7 11223.2 -21.7 85 0 14.8 12.3 17.5 3.5 2 0 5 1 1
-3092.0 11197.1 -11.2 269 0 4.4 12.1 10.5 3.5 2 0 3 4 4
-3077.9 11198.8 -11.2 265 0 13.7 12.4 14.0 3.5 2 0 4 1 1
-3052.6 11200.8 -11.1 266 0 12.1 10.7 14.0 3.5 2 0 4 3 3
-3029.4 11200.3 -11.1 268 0 15.2 13.4 14.0 3.5 4 0 4 3 3
-2985.3 11207.3 -20.1 269 0 14.5 8.4 10.5 3.5 2 0 3 4 4
-2988.0 11198.3 -19.9 269 0 7.6 5.3 10.5 3.5 2 0 3 0 0
-2883.7 11108.3 -22.1 176 0 10.1 11.3 14.0 3.5 2 1 4 2 2
-3021.6 11142.1 -18.5 78 0 13.3 16.1 14.0 3.5 4 1 4 1 1
-3002.6 11143.3 -19.1 82 0 11.1 21.8 14.0 3.5 4 1 4 3 3
-3130.1 11152.1 -11.4 2 0 23.9 10.8 14.0 0.0 0 0 4 4 4
-3114.9 11158.9 -11.3 3 0 16.0 13.2 14.0 0.0 0 0 4 0 0
-3117.0 11129.2 -11.3 3 0 9.0 14.3 10.5 0.0 0 1 3 4 4
-3073.0 11151.9 -11.2 185 0 23.0 13.1 14.0 3.5 2 0 4 0 0
-4263.1 10703.7 -12.8 6 0 9.5 14.2 10.5 3.5 2 1 3 4 4
-4237.7 10699.5 -12.7 197 0 11.6 12.2 14.0 3.5 4 1 4 2 2
-4248.0 10680.1 -12.6 178 0 5.6 11.3 10.5 3.5 2 0 3 2 2
-4264.1 10808.9 -13.6 265 0 10.3 8.0 10.5 3.5 2 0 3 0 0
-4279.7 10792.0 -13.5 280 0 15.0 15.3 17.5 3.5 2 1 5 4 4
-4260.9 10773.4 -13.4 8 0 13.3 11.5 17.5 3.5 2 0 5 2 2
-4307.5 10736.0 -13.1 183 0 10.5 17.6 17.5 3.5 2 1 5 4 4
-4267.3 10731.2 -13.0 8 0 9.0 19.8 10.5 3.5 2 1 3 4 4
-4258.7 10738.4 -13.1 8 0 5.9 13.5 10.5 3.5 4 1 3 2 2
-4261.7 10713.2 -12.9 8 0 8.5 12.6 10.5 3.5 4 1 3 5 5
-4248.4 10648.1 -12.3 182 0 9.1 6.2 10.5 3.5 2 0 3 3 3
-4241.6 10643.7 -12.3 185 0 13.5 9.3 10.5 3.5 2 0 3 3 3
-4245.3 10625.2 -12.1 186 0 13.7 12.9 14.0 3.5 2 0 4 4 4
-4251.6 10600.4 -11.9 186 0 10.6 9.8 10.5 3.5 2 0 3 3 3
-4326.3 10685.5 -12.8 93 0 9.6 24.9 10.5 3.5 2 0 3 1 1
-4301.0 10712.3 -13.0 95 0 22.0 15.2 17.5 3.5 2 0 5 2 2
-4274.6 10674.9 -12.5 273 0 10.6 5.5 10.5 3.5 2 0 3 3 3
-4263.0 10662.0 -12.5 359 0 11.3 7.5 10.5 3.5 2 0 3 5 5
-4275.7 10633.4 -12.2 3 0 8.7 13.3 10.5 3.5 2 1 3 3 3
-4429.9 10627.8 -12.4 87 0 13.1 12.6 17.5 0.0 0 0 5 4 4
-4444.9 10606.7 -12.2 69 0 11.2 12.2 17.5 3.5 2 1 5 0 0
-4440.8 10602.8 -12.1 72 0 7.4 4.2 10.5 0.0 0 0 3 3 3
-4460.6 10603.2 -12.2 73 0 10.8 15.7 17.5 3.5 2 1 5 0 0
-4482.7 10596.7 -12.2 78 0 10.5 9.9 10.5 3.5 2 0 3 2 2
-4994.5 10771.5 -14.0 340 0 12.6 9.5 10.5 3.5 4 0 3 0 0
-4984.0 10731.1 -13.7 334 0 6.5 18.6 10.5 3.5 2 0 3 3 3
-4999.4 10739.9 -13.8 245 0 10.6 11.7 17.5 3.5 2 0 5 5 5
-5017.1 10737.2 -13.7 268 0 11.8 12.7 17.5 3.5 2 0 5 1 1
-3818.8 10811.6 -13.3 157 0 10.0 12.6 10.5 3.5 2 1 3 5 5
-3821.7 10792.4 -13.0 255 0 5.9 9.4 10.5 3.5 2 1 3 5 5
-3816.8 10789.2 -13.1 168 0 8.8 16.9 10.5 3.5 2 0 3 1 1
-3815.3 10797.1 -13.1 171 0 6.1 10.3 10.5 3.5 2 0 3 2 2
-3814.3 10779.1 -13.0 164 0 7.1 9.6 10.5 3.5 2 0 3 3 3
-3842.3 10761.6 -12.8 354 0 8.8 7.6 10.5 3.5 2 0 3 2 2
-3843.2 10732.3 -12.6 82 0 5.7 7.2 10.5 3.5 2 1 3 4 4
-3825.5 10725.8 -12.5 214 0 13.0 16.5 17.5 3.5 2 1 5 4 4
-3800.9 10728.1 -12.5 237 0 10.3 19.3 17.5 3.5 2 1 5 0 0
-3812.0 10701.2 -12.3 184 0 13.2 11.3 17.5 3.5 2 0 5 5 5
-3825.0 10674.3 -12.1 260 0 11.5 12.7 17.5 3.5 2 1 5 2 2
-3864.3 10673.1 -12.1 264 0 13.2 13.6 17.5 3.5 2 1 5 1 1
-3874.1 10671.7 -12.1 265 0 5.3 7.8 10.5 0.0 0 1 3 2 2
-5111.7 11031.8 -16.2 261 0 22.7 12.8 17.5 3.5 2 0 5 0 0
-5149.8 11022.6 -16.2 265 0 13.9 17.6 17.5 3.5 2 1 5 3 3
-5161.9 11024.3 -16.2 266 0 9.8 13.1 10.5 3.5 4 1 3 5 5
-5236.8 11310.1 -18.4 112 0 12.4 19.1 14.0 3.5 2 1 4 5 5
-5223.5 11097.4 -16.8 245 0 17.2 11.7 14.0 3.5 2 0 4 2 2
-5236.9 11037.5 -16.4 78 0 11.9 11.5 14.0 3.5 2 0 4 0 0
-5271.6 11077.8 -16.7 39 0 12.7 9.7 10.5 3.5 2 0 3 4 4
-5286.0 11054.5 -16.6 37 0 16.7 20.8 14.0 3.5 2 1 4 1 1
-4986.1 10698.6 -13.4 359 0 17.8 11.3 17.5 3.5 2 0 5 3 3
-5303.7 10998.9 -16.1 208 0 16.2 14.6 17.5 3.5 2 0 5 2 2
-5326.4 10969.2 -15.9 218 0 10.9 13.0 17.5 3.5 2 1 5 2 2
-5058.5 10741.2 -13.8 85 0 7.1 6.8 10.5 3.5 2 0 3 1 1
-5074.6 10783.9 -14.2 263 0 13.3 12.8 17.5 3.5 2 0 5 4 4
-5103.3 10767.0 -14.2 117 0 18.6 13.1 17.5 3.5 2 0 5 2 2
-4708.6 11745.9 -21.4 307 0 15.3 18.3 17.5 3.5 2 1 5 1 1
-5145.2 10724.8 -13.8 269 0 14.6 15.2 17.5 3.5 2 1 5 5 5
-5151.3 10690.8 -13.5 266 0 8.0 18.7 10.5 3.5 2 1 3 5 5
-5029.4 10688.8 -13.4 83 0 18.6 11.0 17.5 3.5 2 0 5 1 1
-5054.2 10735.5 -13.8 252 0 13.1 17.8 17.5 3.5 2 1 5 3 3
-5054.4 10679.2 -13.4 87 0 10.0 17.8 17.5 3.5 2 1 5 5 5
-5084.8 10675.6 -13.4 78 0 9.3 6.9 10.5 3.5 2 0 3 1 1
-5113.9 10695.8 -13.5 262 0 9.0 17.0 10.5 3.5 2 1 3 1 1
-5111.1 10728.9 -13.8 269 0 16.4 12.8 17.5 3.5 2 0 5 5 5
-5097.2 10731.3 -13.8 268 0 10.0 13.9 10.5 3.5 2 1 3 1 1
-5069.5 10731.3 -13.7 275 0 19.0 13.5 17.5 3.5 2 0 5 2 2
-5130.0 10728.4 -13.8 265 0 11.1 12.4 17.5 3.5 2 1 5 1 1
-5171.1 10726.7 -13.8 265 0 20.3 14.4 17.5 0.0 0 0 5 1 1
-5161.3 10817.8 -14.5 258 0 13.2 23.5 17.5 3.5 2 1 5 1 1
-5157.6 10768.3 -14.2 99 0 11.6 11.5 17.5 3.5 2 0 5 1 1
-5167.4 10737.0 -14.0 82 0 13.1 17.9 17.5 3.5 2 1 5 4 4
-5192.8 10748.4 -14.1 92 0 14.9 16.4 17.5 3.5 2 1 5 2 2
-5198.1 10709.7 -13.7 290 0 13.2 10.7 17.5 3.5 2 0 5 1 1
-5223.9 10654.1 -13.3 72 0 13.6 9.6 10.5 3.5 2 0 3 0 0
-5209.8 10648.6 -13.3 105 0 10.9 18.8 17.5 3.5 2 1 5 0 0
-5211.5 10718.2 -13.8 285 0 8.5 15.7 10.5 3.5 2 1 3 0 0
-5216.4 10732.5 -14.0 108 0 16.9 13.5 17.5 3.5 2 0 5 5 5
-5227.0 10816.6 -14.6 304 0 12.4 15.6 17.5 3.5 2 1 5 5 5
-5238.6 10719.0 -13.8 260 0 12.6 13.0 17.5 3.5 2 1 5 3 3
-5241.8 10700.9 -13.7 278 0 10.7 21.3 17.5 0.0 0 1 5 4 4
-5263.6 10715.7 -13.8 280 0 13.2 11.5 17.5 3.5 2 0 5 0 0
-5286.2 10714.4 -13.8 264 0 9.9 14.8 10.5 3.5 2 1 3 4 4
-5278.1 10654.1 -13.4 164 0 11.6 18.7 17.5 3.5 4 1 5 0 0
-5282.6 10631.4 -13.2 111 0 8.6 12.2 10.5 3.5 4 1 3 3 3
-5266.9 10727.6 -14.0 81 0 10.3 10.9 17.5 3.5 2 1 5 2 2
-5297.1 10723.9 -14.0 77 0 13.0 18.5 17.5 3.5 2 1 5 4 4
-5315.2 10725.3 -14.1 95 0 8.2 24.5 10.5 3.5 2 1 3 2 2
-5296.2 11282.1 -18.2 255 0 13.8 20.9 14.0 3.5 2 1 4 3 3
-6189.7 10274.9 -11.0 198 0 11.7 15.0 14.0 0.0 0 1 4 4 4
-6142.9 10279.6 -11.1 28 0 10.2 8.7 10.5 3.5 2 0 3 2 2
-6162.9 10308.3 -11.2 299 0 12.7 9.1 10.5 3.5 2 0 3 3 3
-6167.6 10298.4 -11.2 292 0 8.7 13.9 10.5 3.5 2 1 3 1 1
-6175.8 10300.5 -11.2 294 0 5.0 8.9 10.5 3.5 2 1 3 4 4
-6201.6 10288.6 -11.1 210 0 8.5 13.1 10.5 0.0 0 1 3 2 2
-6200.1 10277.1 -11.0 204 0 6.9 6.2 10.5 3.5 2 0 3 3 3
-6202.1 10297.6 -11.2 204 0 7.9 15.5 10.5 0.0 0 1 3 1 1
-6192.2 10313.8 -11.3 296 0 16.5 13.3 14.0 3.5 2 0 4 4 4
-6180.6 10316.8 -11.4 115 0 12.8 13.3 17.5 3.5 2 1 5 1 1
-6174.4 10343.3 -11.5 207 0 16.5 12.5 17.5 3.5 2 0 5 0 0
-6187.9 10366.5 -11.7 104 0 11.1 9.5 10.5 3.5 2 0 3 4 4
-6211.4 10326.1 -11.4 118 0 10.5 8.2 10.5 3.5 2 0 3 3 3
-6207.1 10333.5 -11.5 117 0 11.0 6.5 10.5 3.5 2 0 3 3 3
-6224.6 10265.4 -11.0 33 0 9.2 10.8 10.5 3.5 2 1 3 4 4
-6219.7 10272.4 -11.0 32 0 6.8 12.5 10.5 3.5 2 1 3 0 0
-6252.6 10260.6 -10.9 210 0 11.0 12.1 14.0 3.5 2 1 4 4 4
-6278.1 10231.6 -10.7 4 0 9.3 12.7 10.5 3.5 2 1 3 2 2
-6276.6 10286.0 -11.1 294 0 12.2 14.4 14.0 3.5 2 1 4 3 3
-6292.3 10294.0 -11.2 304 0 16.2 12.9 14.0 3.5 2 0 4 5 5
-6262.9 10324.4 -11.4 228 0 11.4 9.1 10.5 3.5 2 0 3 1 1
-6266.3 10340.1 -11.5 224 0 13.7 9.7 10.5 3.5 2 0 3 3 3
-6228.4 10346.4 -11.6 116 0 5.7 18.7 10.5 3.5 2 1 3 0 0
-6233.1 10355.7 -11.7 116 0 8.7 15.3 10.5 3.5 2 1 3 5 5
-6264.1 10349.8 -11.6 93 0 10.5 13.3 14.0 0.0 0 1 4 4 4
-6244.2 10379.0 -11.8 294 0 5.6 12.9 10.5 3.5 2 1 3 3 3
-6255.2 10383.8 -11.8 295 0 16.7 11.6 14.0 3.5 2 0 4 2 2
-6277.3 10363.1 -11.7 26 0 12.0 14.2 14.0 3.5 2 1 4 5 5
-6283.6 10343.1 -11.5 328 0 12.1 10.5 14.0 3.5 2 0 4 0 0
-6333.5 10327.0 -11.4 307 0 8.2 13.2 10.5 3.5 2 1 3 0 0
-6341.3 10332.1 -11.4 301 0 6.8 12.9 10.5 3.5 2 1 3 5 5
-6350.1 10336.1 -11.5 286 0 6.3 10.1 10.5 3.5 2 1 3 1 1
-6319.8 10347.5 -11.6 128 0 13.9 8.2 10.5 3.5 2 0 3 3 3
-6318.9 10364.0 -11.7 212 0 8.2 13.1 10.5 3.5 2 1 3 4 4
-6349.3 10368.5 -11.7 223 0 8.7 14.0 10.5 3.5 2 0 3 0 0
-6342.4 10375.1 -11.8 212 0 10.5 8.3 10.5 3.5 2 0 3 2 2
-6301.1 10413.8 -12.0 311 0 9.5 13.4 10.5 3.5 2 1 3 2 2
-6294.4 10406.0 -12.0 309 0 8.9 13.2 10.5 3.5 2 1 3 4 4
-6302.5 10393.7 -11.9 308 0 6.2 8.7 10.5 3.5 2 1 3 2 2
-6379.9 10326.8 -11.5 30 0 8.1 20.7 10.5 0.0 0 1 3 1 1
-6384.0 10351.6 -11.6 303 0 8.5 10.6 10.5 3.5 2 1 3 4 4
-6396.0 10360.0 -11.7 302 0 18.5 16.2 14.0 3.5 2 0 4 2 2
-5360.0 11340.6 -18.6 262 0 10.6 19.0 14.0 3.5 4 1 4 1 1
-5372.7 11334.8 -18.5 295 0 7.3 5.7 10.5 3.5 2 0 3 2 2
-5405.1 11359.9 -18.7 292 0 15.6 13.9 14.0 3.5 2 0 4 3 3
-5426.3 11357.5 -18.8 26 0 14.3 16.6 17.5 3.5 2 1 5 4 4
-5039.0 11872.9 -21.6 126 0 10.3 11.7 17.5 3.5 2 1 5 2 2
-5032.4 11891.9 -21.6 100 0 7.8 28.0 10.5 3.5 2 1 3 2 2
4214.7 1578.7 -0.7 268 0 84.0 92.2 14.0 0.0 0 1 4 1 1
4195.0 2014.2 0.2 359 0 134.3 383.8 14.0 0.0 0 1 4 3 3
4912.2 1804.3 4.5 87 0 140.5 57.2 17.5 0.0 0 0 5 3 3
4739.8 2583.0 9.5 215 0 168.2 80.8 17.5 0.0 0 0 5 1 1
-4353.3 12180.2 -23.9 257 0 6.8 6.2 10.5 0.0 0 0 3 3 3
-4421.6 10897.4 -14.5 181 0 7.9 3.8 10.5 3.5 2 0 3 5 5
-5359.9 12080.8 -21.1 307 0 41.0 15.8 17.5 3.5 4 0 5 2 2
-4277.6 10576.7 -11.8 1 0 10.5 14.5 17.5 3.5 2 1 5 2 2
-5476.3 11389.8 -19.0 302 0 19.8 14.7 17.5 0.0 0 0 5 3 3
-5488.5 11339.8 -18.6 10 0 8.4 13.7 10.5 3.5 2 1 3 2 2
-5508.6 11404.2 -19.1 305 0 16.3 11.2 17.5 3.5 2 0 5 3 3
-5357.3 10919.0 -15.5 206 0 9.1 11.9 10.5 3.5 2 0 3 1 1
-5353.3 10927.3 -15.6 207 0 9.4 8.7 10.5 3.5 2 0 3 4 4
-4861.1 11635.5 -20.7 43 0 10.3 18.2 17.5 3.5 2 1 5 1 1
-5372.5 10905.1 -15.4 202 0 8.0 14.5 10.5 3.5 2 1 3 4 4
-5392.6 10882.2 -15.3 212 0 9.2 13.9 10.5 3.5 2 1 3 5 5
-5408.1 10851.3 -15.1 195 0 12.5 15.9 17.5 3.5 2 1 5 1 1
-5381.6 10842.2 -15.0 192 0 15.8 10.4 17.5 3.5 4 0 5 0 0
-5371.1 10836.4 -14.9 190 0 10.3 7.7 10.5 3.5 2 0 3 5 5
-5361.0 10831.2 -14.9 185 0 16.6 13.6 17.5 0.0 0 0 5 2 2
-5354.1 10848.8 -15.0 183 0 12.5 8.9 10.5 3.5 2 0 3 1 1
-5349.0 10815.9 -14.7 204 0 20.8 13.2 17.5 3.5 2 0 5 4 4
-5319.9 10878.2 -15.2 313 0 32.3 13.1 17.5 3.5 2 0 5 3 3
-5302.8 10887.8 -15.2 322 0 10.6 10.0 17.5 3.5 4 0 5 3 3
-5288.0 10867.0 -15.1 322 0 16.4 11.7 17.5 3.5 2 0 5 1 1
-5294.1 10794.1 -14.5 124 0 8.5 14.1 10.5 3.5 2 1 3 1 1
-5274.9 10820.2 -14.7 301 0 12.2 16.6 17.5 3.5 2 1 5 5 5
-5259.9 10851.2 -14.9 295 0 11.5 15.0 17.5 3.5 2 1 5 1 1
-5484.2 10768.8 -14.5 216 0 12.9 12.0 17.5 3.5 4 0 5 3 3
-5444.9 10815.5 -14.8 216 0 9.4 21.7 10.5 3.5 4 1 3 0 0
-5513.4 10719.7 -14.1 205 0 7.1 10.3 10.5 3.5 2 1 3 1 1
-5482.5 10720.8 -14.1 88 0 12.6 10.0 10.5 3.5 2 0 3 3 3
-5469.8 10700.3 -13.9 262 0 14.3 12.1 17.5 3.5 2 0 5 3 3
-5527.3 10691.0 -13.9 295 0 10.7 13.4 17.5 3.5 2 1 5 1 1
-5442.0 10698.1 -13.8 286 0 12.7 19.8 17.5 3.5 4 1 5 5 5
-5468.1 10711.0 -14.1 91 0 8.4 22.4 10.5 3.5 2 1 3 4 4
-5447.8 10708.8 -14.1 84 0 7.0 23.4 10.5 3.5 2 1 3 4 4
-5416.0 10721.3 -14.1 84 0 8.1 14.4 10.5 3.5 2 0 3 5 5
-5413.6 10711.1 -13.9 85 0 9.6 6.2 10.5 3.5 4 0 3 2 2
-5396.0 10711.7 -13.9 86 0 11.3 7.4 10.5 3.5 2 0 3 3 3
-5422.1 10704.3 -13.9 266 0 19.4 18.4 17.5 3.5 4 0 5 2 2
-5405.2 10705.9 -13.9 256 0 12.7 19.6 17.5 3.5 2 1 5 2 2
-5377.8 10730.7 -14.1 111 0 19.7 12.9 17.5 3.5 2 0 5 4 4
-5361.8 10714.6 -13.9 82 0 7.5 6.0 10.5 0.0 0 0 3 4 4
-5349.0 10718.6 -14.0 82 0 7.6 15.2 10.5 3.5 2 1 3 0 0
-5335.6 10725.0 -14.0 85 0 12.9 12.4 17.5 3.5 2 0 5 3 3
-5362.5 10710.4 -13.8 269 0 12.7 19.7 17.5 3.5 2 1 5 0 0
-5354.7 10657.7 -13.5 77 0 10.3 15.0 17.5 3.5 2 1 5 5 5
-5317.7 10683.7 -13.6 291 0 19.4 14.1 17.5 3.5 2 0 5 1 1
-5332.3 10687.4 -13.6 286 0 7.7 9.4 10.5 3.5 2 1 3 0 0
-5378.6 12134.5 -21.2 124 0 26.4 15.9 17.5 3.5 4 0 5 1 1
-5353.7 12171.1 -21.3 331 0 14.3 15.6 17.5 3.5 2 1 5 2 2
-5458.8 12194.4 -21.1 128 0 28.3 16.5 17.5 3.5 2 0 5 3 3
-5864.0 10591.4 -13.3 212 0 26.8 17.8 17.5 3.5 2 0 5 5 5
-5754.8 10534.3 -12.8 303 0 12.0 14.5 17.5 3.5 2 1 5 0 0
-5738.5 10524.2 -12.7 296 0 14.5 19.6 17.5 0.0 0 1 5 3 3
-5657.4 10565.1 -13.1 36 0 33.2 16.7 17.5 3.5 2 0 5 5 5
-5752.8 10434.1 -12.1 37 0 16.5 16.1 17.5 3.5 2 0 5 2 2
-5723.8 10443.8 -12.1 211 0 14.8 13.2 14.0 3.5 2 0 4 2 2
-5681.0 10497.6 -12.5 235 0 23.2 15.7 14.0 3.5 2 0 4 2 2
-5787.3 10357.2 -11.5 200 0 15.6 14.6 14.0 3.5 2 0 4 2 2
-5503.0 12233.6 -21.0 143 0 19.9 45.5 17.5 3.5 2 1 5 4 4
-5549.4 12228.6 -20.9 310 0 12.5 20.2 17.5 0.0 0 1 5 4 4
-5571.5 12228.3 -20.8 219 0 26.1 9.7 10.5 3.5 2 0 3 2 2
-5520.0 12214.0 -20.9 310 0 16.1 15.9 17.5 0.0 0 0 5 2 2
