2970.9 -5045.7 -53.9 26 0 29.5 48.1 12.5 0.0 0 1 5 0 0
-3680.7 -722.0 28.3 247 0 12.8 12.2 7.5 2.5 2 0 3 0 0
-3677.4 -709.0 30.1 88 0 13.4 18.5 7.5 2.5 2 1 3 1 1
-3704.4 -696.8 35.3 22 0 12.8 9.5 5.0 0.0 0 0 2 5 5
-3701.3 -671.9 36.8 23 0 11.9 7.4 7.5 2.5 2 0 3 1 1
-3695.0 -663.6 36.6 22 0 6.7 12.2 7.5 2.5 2 1 3 5 5
-3683.3 -629.7 37.3 12 0 21.9 11.9 10.0 2.5 2 0 4 3 3
-3676.8 -616.5 37.8 11 0 6.0 10.7 7.5 2.5 2 1 3 4 4
-3625.2 -564.2 48.4 51 0 8.6 13.0 7.5 2.5 2 1 3 0 0
-3643.1 -557.5 50.1 139 0 6.8 10.9 7.5 2.5 2 1 3 3 3
-3744.5 -716.9 38.3 91 0 11.8 9.1 5.0 2.5 2 0 2 3 3
-3664.3 -577.0 42.2 51 0 12.5 9.8 7.5 2.5 2 0 3 4 4
-3796.7 -658.4 48.4 190 0 9.9 12.4 7.5 0.0 0 1 3 3 3
