-4468.4 5375.1 -10.4 71 0 6.6 11.4 2.5 2.5 2 1 1 0 0
-5719.3 3753.6 -6.5 182 0 31.6 13.2 10.0 2.5 2 0 4 2 2
-5718.8 3786.5 -7.2 181 0 29.8 12.0 10.0 2.5 2 0 4 2 2
-5658.3 3750.6 -6.0 359 0 26.9 13.3 7.5 2.5 2 0 3 1 1
-5657.2 3786.0 -6.0 0 0 29.2 11.7 10.0 2.5 2 0 4 3 3
-4930.8 5479.4 -11.1 0 0 19.6 72.5 7.5 0.0 0 1 3 4 4
-4930.8 5509.8 -11.6 360 0 12.4 55.7 5.0 2.5 2 1 2 4 4
-5062.0 5525.4 -11.4 180 0 25.2 37.1 12.5 0.0 0 1 5 5 5
-5038.4 5479.0 -11.1 180 0 18.3 5.8 8.0 2.5 2 0 2 2 2
-5064.5 5353.7 -12.4 181 0 41.8 17.1 7.5 2.5 2 0 3 3 3
-4945.9 4831.5 -1.7 0 0 30.8 9.2 7.5 2.5 2 0 3 3 3
-4932.7 4866.4 -2.5 90 0 9.5 29.2 7.5 2.5 2 1 3 3 3
-4973.0 4865.8 -1.8 91 0 7.6 40.5 7.5 2.5 2 1 3 5 5
-5019.8 2669.1 3.5 355 0 86.6 15.0 10.5 3.5 2 0 3 1 1
-5144.1 2718.6 1.8 181 0 9.3 13.0 10.5 3.5 2 1 3 4 4
-4900.3 2722.5 4.8 175 0 66.1 9.5 7.0 3.5 2 0 2 3 3
-4854.2 4780.9 -2.8 272 0 10.3 7.0 2.5 2.5 2 0 1 5 5
-4854.5 4773.9 -2.8 271 0 10.3 7.5 5.0 2.5 2 0 2 1 1
-4849.9 4754.2 -2.8 359 0 8.0 10.6 2.5 2.5 2 0 1 5 5
-4849.7 4745.9 -2.8 359 0 8.5 13.7 5.0 2.5 2 0 2 0 0
-4849.6 4737.6 -2.8 1 0 8.4 11.4 2.5 2.5 2 0 1 2 2
-4849.5 4722.1 -2.8 360 0 8.3 9.0 2.5 2.5 2 0 1 4 4
-4849.9 4839.0 -3.1 1 0 7.5 10.2 7.5 2.5 2 0 3 5 5
-4849.9 4831.2 -3.0 360 0 7.9 10.3 5.0 2.5 2 0 2 5 5
-4849.8 4822.3 -2.9 359 0 9.8 12.4 5.0 2.5 2 0 2 4 4
-4854.4 4792.5 -2.9 90 0 9.2 7.7 5.0 2.5 2 0 2 2 2
-4849.7 4788.1 -2.8 359 0 8.9 16.4 2.5 2.5 2 0 1 0 0
-4863.2 4850.5 -3.1 267 0 6.4 9.1 5.0 2.5 2 0 2 1 1
-4871.4 4850.3 -2.9 269 0 9.8 8.8 5.0 2.5 2 0 2 5 5
-4545.8 4578.9 -3.7 1 0 62.2 118.1 10.5 0.0 0 1 3 2 2
-4044.0 3169.5 5.9 270 0 7.6 41.1 10.5 3.5 2 1 3 1 1
-4087.8 3078.9 6.5 269 0 10.7 30.6 10.5 3.5 4 1 3 1 1
-4060.8 3263.4 4.9 272 0 11.7 36.4 10.5 3.5 2 1 3 1 1
-4111.6 3167.0 5.6 270 0 11.4 41.6 10.5 3.5 4 1 3 0 0
-4111.5 3117.0 6.1 268 0 14.4 34.7 10.5 3.5 2 1 3 0 0
-4089.2 3167.6 5.7 270 0 10.6 38.2 10.5 3.5 4 1 3 1 1
-4045.7 3178.3 5.4 91 0 10.4 48.1 10.5 3.5 2 1 3 3 3
-4136.2 3166.6 5.5 269 0 10.1 41.8 10.5 3.5 2 1 3 4 4
-4111.4 3076.3 6.1 268 0 11.2 27.5 10.5 3.5 2 1 3 0 0
-4067.8 3167.4 5.8 268 0 10.4 40.0 10.5 3.5 2 1 3 3 3
-4157.2 3117.5 5.4 270 0 9.4 37.4 10.5 3.5 2 1 3 3 3
-4123.8 3181.1 5.0 91 0 16.1 39.0 10.5 3.5 2 1 3 5 5
-4135.6 3115.2 6.0 270 0 10.7 33.8 10.5 0.0 0 1 3 4 4
-4064.9 3116.8 6.3 269 0 13.3 73.8 10.5 3.5 2 1 3 1 1
-4079.7 3264.5 4.8 268 0 10.6 37.7 10.5 3.5 2 1 3 5 5
-4070.4 3181.7 5.3 91 0 12.4 38.5 10.5 3.5 2 1 3 5 5
-4157.1 3165.3 5.4 269 0 10.6 38.5 10.5 3.5 2 1 3 3 3
-4039.2 3122.4 6.4 269 0 13.5 51.6 10.5 3.5 2 1 3 3 3
-4157.0 3073.1 4.5 270 0 10.1 26.2 10.5 3.5 2 1 3 3 3
-4094.4 3182.3 5.2 91 0 15.3 36.6 10.5 0.0 0 1 3 1 1
-4045.2 3264.5 5.0 270 0 10.1 35.6 10.5 3.5 2 1 3 1 1
-4086.9 3115.2 6.2 269 0 10.2 32.7 10.5 3.5 2 1 3 5 5
-4539.2 3468.3 1.0 270 0 14.0 25.1 14.0 0.0 0 1 4 5 5
-4462.4 3478.8 1.3 270 0 17.7 33.2 14.0 3.5 2 1 4 0 0
-4668.2 3327.6 1.2 92 0 13.8 40.1 14.0 3.5 2 1 4 0 0
-4642.3 3453.6 0.6 270 0 12.0 76.7 14.0 3.5 2 1 4 3 3
-4514.6 3472.0 1.1 269 0 11.9 26.4 14.0 3.5 2 1 4 1 1
-4691.7 3325.6 1.1 91 0 13.5 41.9 14.0 3.5 2 1 4 1 1
-4617.4 3454.7 0.7 270 0 14.1 77.5 14.0 0.0 0 1 4 5 5
-4690.6 3442.1 0.4 271 0 12.5 64.7 14.0 3.5 4 1 4 4 4
-4666.3 3453.6 0.5 270 0 13.0 76.7 14.0 3.5 2 1 4 3 3
-4564.3 3377.4 0.9 90 0 13.8 41.6 14.0 3.5 2 1 4 0 0
-4565.7 3466.4 0.9 270 0 13.2 40.1 14.0 3.5 2 1 4 4 4
-4643.5 3326.7 1.3 91 0 14.0 41.1 14.0 3.5 4 1 4 1 1
-4590.7 3375.6 0.7 91 0 15.1 37.7 14.0 3.5 2 1 4 0 0
-4589.4 3463.1 0.7 271 0 12.0 39.0 14.0 3.5 2 1 4 3 3
-4491.4 3474.1 1.2 269 0 11.4 24.8 14.0 3.5 2 1 4 1 1
-4617.1 3327.5 1.5 90 0 15.6 40.3 14.0 3.5 2 1 4 3 3
-5658.0 4736.0 -7.7 0 0 20.5 51.7 7.5 2.5 2 1 3 5 5
-5020.7 3754.8 -3.7 90 0 14.7 51.4 14.0 3.5 4 1 4 4 4
-5634.2 4974.3 -7.0 0 0 15.4 41.9 10.0 0.0 0 1 4 4 4
-5666.7 3958.2 -12.2 0 0 70.5 28.8 12.5 0.0 0 0 5 4 4
-3611.6 3330.2 5.2 302 0 36.7 49.4 10.5 0.0 0 1 3 2 2
-4868.3 5667.6 -12.7 0 0 32.3 22.6 5.0 0.0 0 0 2 3 3
-3558.0 3296.4 5.8 304 0 33.3 49.0 10.5 0.0 0 1 3 4 4
-5656.6 4802.3 -7.7 0 0 23.7 51.0 10.0 2.5 2 1 4 5 5
-3954.4 4488.2 -4.3 91 0 39.5 95.5 10.5 0.0 0 1 3 4 4
-5627.7 4780.0 -7.3 0 0 65.7 21.6 12.5 2.5 2 0 5 3 3
-5658.0 4769.0 -7.7 0 0 20.8 51.0 12.5 2.5 4 1 5 4 4
-5724.8 3944.6 -12.3 0 0 37.9 22.9 10.0 0.0 0 0 4 3 3
-3530.7 3243.2 6.7 302 0 47.5 36.0 10.5 0.0 0 0 3 1 1
-5700.4 4035.0 -12.3 0 0 46.1 16.3 7.5 2.5 2 0 3 5 5
-5790.3 3618.2 -6.7 90 0 28.0 16.0 7.5 2.5 2 0 3 3 3
-4925.9 3880.9 -4.1 0 0 78.1 11.8 14.0 3.5 2 0 4 3 3
-5623.3 5005.0 -7.2 0 0 20.6 31.4 10.0 0.0 0 1 4 2 2
-5640.8 4879.8 -6.5 0 0 38.8 57.1 7.5 0.0 0 1 3 1 1
-5603.9 5062.4 -7.1 0 0 41.4 31.9 7.5 0.0 0 0 3 5 5
-5056.6 2527.5 -0.2 90 0 27.6 33.4 10.5 0.0 0 1 3 2 2
-5016.0 2559.4 -0.0 360 0 38.1 11.6 10.5 3.5 2 0 3 4 4
-5047.6 2500.8 -1.5 360 0 19.8 15.3 10.5 3.5 2 0 3 3 3
