350.5 -10675.2 -8.6 270 0 5.5 25.5 10.5 3.5 2 0 3 1 1
400.9 -10719.8 -8.7 4 0 31.1 52.5 14.0 0.0 0 0 4 0 0
399.4 -10608.9 -8.6 274 0 16.1 78.8 14.0 3.5 2 1 4 3 3
338.0 -10325.5 -8.2 3 0 15.2 16.1 17.5 3.5 2 0 5 2 2
347.0 -10419.8 -8.3 182 0 21.7 10.7 17.5 3.5 2 0 5 3 3
355.0 -10318.1 -8.2 182 0 22.0 9.8 10.5 3.5 2 0 3 5 5
331.3 -10360.6 -8.2 275 0 10.1 20.9 14.0 3.5 2 1 4 2 2
349.7 -10391.5 -8.3 182 0 31.5 15.9 17.5 3.5 2 0 5 1 1
351.6 -10351.3 -8.2 182 0 39.8 16.5 17.5 3.5 2 0 5 2 2
452.6 -9637.3 -7.9 183 0 26.0 16.9 17.5 3.5 2 0 5 2 2
464.6 -9671.4 -7.6 181 0 24.2 8.5 10.5 3.5 2 0 3 1 1
500.3 -9733.9 -6.8 1 0 85.1 9.8 10.5 0.0 0 0 3 5 5
