-4773.9 4537.1 -5.5 10 0 40.8 18.1 5.0 2.5 2 0 2 4 4
-4654.1 4176.1 -6.0 13 0 41.4 17.3 10.0 2.5 2 0 4 1 1
6876.2 -36.7 -5.6 273 0 60.5 64.6 14.0 0.0 0 1 4 2 2
6880.6 -126.5 -5.4 93 0 56.9 17.1 14.0 3.5 2 0 4 4 4
6907.8 -151.6 -4.6 183 0 82.6 38.7 14.0 0.0 0 0 4 4 4
6941.5 -104.0 -4.9 93 0 30.0 64.7 14.0 0.0 0 1 4 3 3
6731.6 382.8 -5.2 270 0 74.2 118.4 10.5 0.0 0 1 3 1 1
6784.9 478.6 -5.0 270 0 20.5 60.0 10.5 3.5 2 1 3 4 4
6931.1 475.4 -6.3 270 0 190.7 58.6 10.5 0.0 0 0 3 5 5
6928.1 248.1 -6.2 180 0 240.9 98.7 10.5 0.0 0 0 3 5 5
6867.9 127.9 -6.0 90 0 75.3 264.5 14.0 0.0 0 1 4 1 1
6937.9 -433.1 -4.6 92 0 19.8 76.5 7.5 2.5 2 1 3 5 5
6941.1 -339.7 -4.7 92 0 18.1 111.4 7.5 0.0 0 1 3 2 2
6834.1 -427.1 -6.0 92 0 36.6 131.3 7.5 0.0 0 1 3 3 3
6856.4 -455.8 -5.5 272 0 33.8 46.2 5.0 0.0 0 0 2 5 5
6856.3 -565.8 -5.4 92 0 30.8 8.9 7.5 2.5 2 0 3 5 5
6822.5 -564.8 -5.9 92 0 11.1 26.8 7.5 2.5 2 0 3 2 2
6818.8 -519.1 -5.8 182 0 37.4 15.0 7.5 2.5 2 0 3 3 3
6915.6 -567.3 -4.5 92 0 54.4 111.2 10.0 0.0 0 1 4 4 4
6941.6 -698.9 -4.8 93 0 35.7 101.7 14.0 0.0 0 1 4 3 3
6898.1 -594.3 -4.5 273 0 34.7 103.3 14.0 0.0 0 1 4 0 0
6936.8 -817.5 -4.7 93 0 38.6 107.9 14.0 0.0 0 1 4 1 1
6892.9 -707.3 -4.6 273 0 35.5 106.6 14.0 0.0 0 1 4 1 1
1243.9 -7669.9 -7.2 251 0 15.1 56.8 7.5 2.5 2 1 3 0 0
1308.3 -7745.4 -7.3 71 0 12.5 92.3 7.5 2.5 2 1 3 2 2
-85.2 -4237.9 1.5 101 0 10.0 7.7 5.0 2.5 2 0 2 0 0
-84.0 -4230.3 1.5 101 0 5.4 18.6 5.0 2.5 2 0 2 4 4
-86.0 -4206.3 1.5 191 0 9.0 9.3 5.0 2.5 2 0 2 4 4
-79.7 -4173.5 1.5 191 0 24.9 11.3 7.5 2.5 2 0 3 1 1
-64.4 -4125.1 1.5 281 0 15.3 38.1 10.0 2.5 2 0 4 4 4
-33.9 -4227.1 1.5 191 0 3.9 18.3 5.0 2.5 2 0 2 1 1
-44.8 -4235.8 1.5 101 0 18.0 31.3 7.5 2.5 2 0 3 0 0
14.2 -4146.0 1.5 281 0 26.4 102.4 12.5 0.0 0 0 5 0 0
