-767.0 -698.0 -1.3 284 0 11.6 40.8 5.0 2.5 2 1 2 5 5
-810.9 -584.5 -1.1 194 0 61.5 12.5 10.0 2.5 2 0 4 5 5
-797.5 -690.2 -1.1 283 0 12.8 40.8 7.5 2.5 2 1 3 0 0
-826.1 -683.8 -0.9 284 0 13.5 40.8 7.5 0.0 0 1 3 2 2
-815.8 -805.3 -1.6 104 0 13.9 64.3 7.5 0.0 0 1 3 0 0
-748.7 -568.7 -1.1 284 0 11.8 60.5 7.5 2.5 2 1 3 5 5
-774.7 -562.1 -1.0 283 0 11.3 62.5 10.0 2.5 2 1 4 3 3
-731.6 -573.1 -1.1 283 0 10.3 54.8 7.5 2.5 2 1 3 5 5
-759.6 -784.9 -1.5 14 0 64.7 14.1 7.5 2.5 2 0 3 5 5
3862.2 -504.4 -2.2 267 0 11.9 83.5 17.5 3.5 2 1 5 2 2
3900.3 -590.3 -2.4 177 0 44.4 11.6 17.5 3.5 2 0 5 0 0
3911.6 -687.9 -1.7 87 0 13.3 65.8 17.5 3.5 2 1 5 1 1
3942.2 -565.4 -2.2 267 0 11.6 44.4 17.5 3.5 2 1 5 4 4
3901.3 -509.5 -2.3 266 0 11.7 47.2 17.5 3.5 2 1 5 1 1
3873.3 -685.9 -2.3 87 0 13.6 83.1 17.5 3.5 2 1 5 3 3
3935.8 -505.7 -2.4 266 0 11.7 48.3 17.5 3.5 2 1 5 3 3
3949.8 -689.1 -1.2 87 0 13.3 65.8 17.5 3.5 2 1 5 0 0
653.8 737.5 -2.2 267 0 29.2 47.3 21.0 0.0 0 1 6 1 1
663.4 645.9 -2.0 359 0 54.4 18.9 21.0 3.5 2 0 6 5 5
1679.4 341.1 -1.4 191 0 63.7 143.3 21.0 0.0 0 1 6 2 2
1665.9 273.7 -1.1 191 0 61.6 143.6 21.0 0.0 0 1 6 0 0
1652.6 205.2 -1.2 191 0 60.7 142.5 21.0 0.0 0 1 6 0 0
681.2 630.1 -1.9 0 0 106.4 6.1 10.5 3.5 2 0 3 1 1
454.4 727.8 -2.0 267 0 14.7 28.8 21.0 0.0 0 1 6 4 4
656.5 561.4 -1.8 88 0 14.2 21.5 21.0 0.0 0 1 6 3 3
669.3 596.5 -1.9 358 0 21.8 23.0 21.0 0.0 0 1 6 5 5
503.3 714.0 -1.2 357 0 10.1 13.7 21.0 0.0 0 0 6 2 2
504.0 698.7 -1.3 357 0 20.6 10.5 21.0 0.0 0 0 6 3 3
467.0 548.3 -1.9 87 0 8.9 32.4 10.5 0.0 0 1 3 5 5
450.9 622.2 -2.0 176 0 37.3 15.4 21.0 0.0 0 0 6 0 0
507.5 543.6 -1.4 83 0 40.1 9.7 10.5 0.0 0 0 3 4 4
534.4 550.9 -1.4 87 0 11.9 46.0 21.0 0.0 0 1 6 0 0
579.4 687.9 -1.9 87 0 25.4 54.0 21.0 0.0 0 1 6 4 4
592.3 560.7 -2.0 88 0 14.4 49.4 21.0 3.5 4 1 6 1 1
580.6 677.7 -1.9 268 0 26.2 61.1 21.0 0.0 0 1 6 5 5
642.2 928.2 -2.2 353 0 51.0 42.8 17.5 0.0 0 0 5 3 3
638.2 785.2 -2.2 83 0 25.6 10.3 17.5 3.5 2 0 5 0 0
654.6 822.9 -2.2 353 0 50.6 42.9 17.5 0.0 0 0 5 4 4
523.1 955.7 -1.9 263 0 120.1 171.9 17.5 0.0 0 1 5 4 4
-846.3 -1782.4 -1.0 284 0 14.2 50.2 17.5 3.5 2 1 5 0 0
-871.7 -1774.8 -1.0 286 0 14.4 49.9 17.5 3.5 2 1 5 3 3
-904.2 -1888.6 -1.0 106 0 14.7 59.1 17.5 3.5 2 1 5 5 5
-876.0 -1896.6 -1.1 106 0 14.5 59.0 17.5 3.5 2 1 5 1 1
-689.3 -1807.6 -1.3 104 0 12.1 47.6 17.5 3.5 2 1 5 1 1
-721.8 -1646.9 -1.3 284 0 147.2 4.4 10.5 3.5 2 0 3 2 2
-800.7 -1711.7 -1.2 284 0 11.8 73.8 17.5 3.5 2 1 5 2 2
-798.6 -1702.9 -1.4 104 0 11.8 66.9 17.5 3.5 4 1 5 2 2
-777.5 -1705.8 -1.4 104 0 9.1 65.2 10.5 3.5 2 1 3 3 3
-752.3 -1713.3 -1.7 104 0 9.1 66.2 10.5 3.5 2 1 3 5 5
-694.2 -1818.5 -1.3 284 0 12.5 55.3 17.5 3.5 2 1 5 5 5
-736.9 -1877.3 -1.3 104 0 13.8 59.4 17.5 3.5 4 1 5 2 2
-752.8 -1804.2 -1.2 284 0 9.2 66.2 10.5 3.5 2 1 3 2 2
-793.5 -1862.6 -1.2 104 0 13.2 56.3 17.5 0.0 0 1 5 3 3
-824.4 -1855.9 -1.1 104 0 9.8 64.0 10.5 3.5 2 1 3 2 2
-641.1 -1911.1 -1.5 284 0 9.4 45.6 10.5 3.5 2 1 3 1 1
-660.6 -1907.7 -1.4 284 0 13.9 42.9 14.0 3.5 2 1 4 0 0
-685.6 -1901.5 -1.4 284 0 12.6 43.7 14.0 3.5 2 1 4 1 1
-711.3 -1894.6 -1.4 284 0 12.7 45.0 17.5 3.5 2 1 5 1 1
-739.5 -1887.7 -1.3 284 0 13.0 44.6 17.5 3.5 2 1 5 4 4
-767.5 -1880.8 -1.3 284 0 13.4 44.1 17.5 3.5 2 1 5 0 0
-796.0 -1874.4 -1.2 284 0 13.6 43.6 17.5 3.5 2 1 5 1 1
-823.7 -1867.3 -1.1 284 0 12.8 44.3 17.5 3.5 2 1 5 0 0
-800.1 -1971.2 -1.3 196 0 57.8 13.7 21.0 3.5 2 0 6 1 1
-832.7 -1992.1 -1.2 106 0 14.1 57.5 21.0 3.5 2 1 6 3 3
-863.4 -1984.4 -1.2 106 0 13.5 58.1 21.0 3.5 2 1 6 3 3
-877.4 -2088.3 -1.3 106 0 20.4 13.2 21.0 0.0 0 0 6 2 2
-865.4 -1998.5 -1.2 286 0 16.2 75.7 21.0 3.5 2 1 6 3 3
-832.3 -2009.4 -1.3 286 0 15.4 73.8 21.0 3.5 2 1 6 0 0
-801.2 -2016.8 -1.3 286 0 11.3 64.1 21.0 3.5 2 1 6 4 4
-765.2 -2026.3 -1.4 286 0 10.8 90.1 21.0 3.5 2 1 6 2 2
-736.6 -2070.4 -1.5 286 0 13.5 72.7 21.0 3.5 2 1 6 1 1
-718.3 -2083.4 -1.5 286 0 10.0 36.5 21.0 0.0 0 1 6 3 3
-85.9 -1933.0 2.2 10 0 87.7 15.6 21.0 3.5 2 0 6 2 2
-94.9 -1982.3 1.8 10 0 12.5 42.3 21.0 0.0 0 0 6 3 3
-149.0 -1964.7 1.6 190 0 27.6 14.1 21.0 0.0 0 0 6 2 2
-162.7 -1974.7 1.3 11 0 197.7 12.6 17.5 0.0 0 0 5 0 0
-108.1 -2051.7 2.2 10 0 63.3 16.1 17.5 3.5 2 0 5 0 0
-101.3 -2013.4 1.8 10 0 14.4 40.8 17.5 3.5 2 0 5 1 1
-156.4 -2012.0 1.7 190 0 31.0 13.7 17.5 3.5 2 0 5 5 5
-154.0 -2070.8 1.8 190 0 14.4 16.8 17.5 3.5 2 0 5 2 2
-165.9 -2056.0 1.6 190 0 39.4 14.4 17.5 3.5 2 0 5 5 5
19.8 -2003.5 2.3 192 0 222.1 66.8 17.5 0.0 0 0 5 5 5
-401.7 -2030.6 -1.8 106 0 113.5 18.6 17.5 0.0 0 0 5 4 4
-487.6 -2006.7 -1.8 106 0 9.7 82.6 10.5 3.5 2 1 3 0 0
-517.1 -1998.7 -1.7 106 0 10.7 83.5 17.5 3.5 2 1 5 1 1
-542.3 -1991.7 -1.7 106 0 11.4 83.4 17.5 3.5 4 1 5 2 2
-545.2 -1905.1 -1.6 286 0 12.2 38.8 17.5 3.5 2 0 5 1 1
-566.3 -1979.5 -1.7 106 0 12.2 38.6 17.5 3.5 2 0 5 0 0
295.2 1348.6 -2.8 91 0 11.8 32.8 17.5 3.5 2 1 5 5 5
258.4 1381.5 -2.8 271 0 10.6 23.9 17.5 3.5 2 1 5 1 1
210.9 1364.3 -2.6 184 0 37.0 10.8 17.5 3.5 2 0 5 2 2
-111.0 1322.4 -2.5 273 0 12.1 60.1 14.0 3.5 2 1 4 3 3
-128.2 1323.1 -2.2 273 0 13.1 59.8 14.0 3.5 2 1 4 4 4
-144.7 1323.4 -1.6 273 0 12.7 58.6 14.0 3.5 2 1 4 0 0
-161.9 1323.8 -1.1 273 0 12.0 58.8 14.0 0.0 0 1 4 5 5
-178.5 1325.3 -0.9 273 0 12.5 59.6 14.0 3.5 2 1 4 2 2
-203.2 1296.4 -0.9 183 0 59.6 12.4 14.0 3.5 2 0 4 2 2
11.9 1336.0 -2.4 93 0 10.8 57.2 17.5 3.5 2 1 5 1 1
-209.2 1211.3 -3.0 183 0 60.0 12.9 14.0 0.0 0 0 4 0 0
-187.3 1180.2 -3.1 93 0 10.8 59.8 14.0 3.5 2 1 4 3 3
-169.7 1179.9 -3.0 93 0 11.5 59.3 14.0 3.5 2 1 4 3 3
-153.6 1178.1 -2.9 93 0 9.6 59.8 10.5 3.5 2 1 3 4 4
-137.3 1177.5 -2.8 93 0 9.3 59.3 10.5 3.5 4 1 3 5 5
-118.4 1176.7 -3.0 93 0 10.9 59.3 14.0 3.5 2 1 4 4 4
-382.7 1108.0 -2.5 104 0 11.1 46.2 17.5 3.5 2 1 5 1 1
-348.4 1102.9 -2.9 93 0 11.1 46.2 17.5 3.5 2 1 5 0 0
-121.5 1092.7 -2.6 93 0 11.0 65.2 14.0 3.5 2 1 4 3 3
-93.4 1090.5 -2.6 93 0 11.6 67.1 14.0 3.5 2 1 4 0 0
-65.0 1089.2 -2.7 93 0 12.4 67.1 14.0 3.5 2 1 4 1 1
-37.7 1088.1 -2.7 93 0 10.9 65.6 14.0 3.5 2 1 4 0 0
-0.7 1152.0 -2.7 273 0 8.9 59.6 10.5 3.5 2 1 3 0 0
1.9 1170.5 -2.7 93 0 9.3 64.0 10.5 3.5 2 1 3 0 0
49.5 1337.7 -2.8 93 0 11.1 53.3 17.5 3.5 2 1 5 1 1
87.9 1392.6 -2.7 273 0 12.4 58.0 17.5 0.0 0 1 5 1 1
123.5 1390.8 -2.7 273 0 11.1 56.4 17.5 3.5 2 1 5 1 1
41.8 1316.2 -2.8 273 0 9.5 51.2 10.5 3.5 2 1 3 3 3
75.5 1315.6 -2.6 272 0 11.0 47.6 17.5 0.0 0 1 5 2 2
108.9 1317.8 -2.7 272 0 11.0 47.6 17.5 3.5 2 1 5 5 5
142.0 1266.1 -2.7 92 0 11.0 47.6 17.5 3.5 2 1 5 5 5
174.3 1266.6 -2.7 92 0 10.8 48.1 17.5 3.5 2 1 5 5 5
207.5 1268.4 -2.8 92 0 9.5 53.6 10.5 3.5 2 1 3 0 0
-255.5 -1259.4 0.7 95 0 12.2 50.6 17.5 3.5 2 0 5 4 4
-2558.4 -6712.5 -4.9 282 0 49.7 258.8 17.5 0.0 0 1 5 4 4
-2631.6 -6696.8 -5.2 282 0 50.0 258.8 17.5 0.0 0 1 5 2 2
-2704.9 -6687.5 -5.2 282 0 48.9 257.2 17.5 0.0 0 1 5 0 0
-2382.8 -6581.4 -3.9 12 0 227.0 151.8 14.0 0.0 0 0 4 0 0
-604.6 -1660.5 -2.3 104 0 14.7 61.4 14.0 3.5 4 1 4 0 0
-642.2 -1650.8 -1.9 104 0 12.9 58.2 14.0 3.5 2 1 4 1 1
-219.2 -1281.9 0.6 106 0 14.1 56.4 17.5 3.5 2 1 5 5 5
-227.3 -1211.1 0.8 286 0 7.5 40.0 10.5 3.5 2 0 3 3 3
-245.7 -1275.1 0.6 106 0 7.5 26.6 10.5 3.5 2 0 3 1 1
-318.9 -1177.5 0.5 275 0 13.7 23.9 17.5 3.5 2 1 5 0 0
-257.9 -1285.1 0.5 95 0 12.2 25.8 17.5 3.5 2 0 5 2 2
-291.7 -1256.0 0.6 95 0 12.2 50.6 17.5 3.5 2 0 5 0 0
-294.0 -1281.8 0.7 95 0 12.2 25.8 17.5 3.5 2 0 5 0 0
-322.7 -1252.3 0.6 95 0 12.0 45.8 17.5 3.5 2 0 5 3 3
-327.1 -1277.9 0.7 95 0 12.6 25.9 17.5 3.5 2 0 5 0 0
-352.7 -1159.4 0.3 275 0 12.7 32.4 17.5 0.0 0 1 5 1 1
-382.8 -1157.8 0.3 275 0 11.5 32.0 17.5 3.5 2 1 5 4 4
-430.0 -1169.4 0.2 185 0 30.7 12.2 17.5 3.5 2 0 5 3 3
-347.3 -1241.8 0.5 95 0 11.9 42.9 17.5 3.5 2 0 5 5 5
-356.9 -1275.2 0.6 95 0 11.9 34.1 17.5 3.5 2 0 5 3 3
-392.9 -1276.8 0.4 95 0 12.7 81.2 17.5 0.0 0 1 5 3 3
-435.5 -1219.4 0.3 185 0 54.5 13.1 17.5 3.5 2 0 5 0 0
-433.9 -1273.8 0.4 95 0 13.1 26.9 17.5 3.5 2 0 5 3 3
-329.3 -1412.0 -2.2 20 0 49.3 12.4 17.5 3.5 2 0 5 5 5
-363.7 -1486.5 -2.7 110 0 12.6 53.8 17.5 0.0 0 1 5 3 3
-352.2 -1410.9 -2.2 20 0 43.1 14.4 17.5 3.5 2 0 5 1 1
-385.7 -1477.9 -2.7 110 0 13.0 43.4 17.5 3.5 2 1 5 2 2
-408.4 -1470.4 -2.7 110 0 14.7 63.2 17.5 3.5 2 1 5 1 1
-370.0 -1302.1 -1.1 275 0 11.5 84.7 17.5 3.5 2 1 5 1 1
231.3 1054.4 -2.5 86 0 9.5 28.8 10.5 3.5 2 1 3 2 2
125.6 1136.0 -2.6 266 0 10.7 49.7 17.5 3.5 2 1 5 2 2
159.1 1151.5 -2.6 266 0 10.7 65.7 17.5 3.5 2 1 5 3 3
191.7 1154.0 -2.6 266 0 10.7 65.7 17.5 3.5 2 1 5 1 1
223.7 1158.5 -2.6 266 0 10.7 66.9 17.5 3.5 2 1 5 0 0
215.3 1242.4 -2.7 266 0 9.9 60.6 10.5 3.5 4 1 3 4 4
188.7 1179.8 -2.7 86 0 11.8 60.6 17.5 0.0 0 1 5 4 4
156.0 1177.5 -2.7 86 0 9.8 61.4 10.5 3.5 2 1 3 4 4
121.5 1175.1 -2.7 86 0 9.6 61.4 10.5 3.5 2 1 3 1 1
80.6 1203.0 -2.7 176 0 61.4 9.2 10.5 3.5 4 0 3 5 5
180.6 821.6 -2.3 86 0 8.8 65.3 10.5 3.5 2 1 3 2 2
169.5 980.5 -2.4 266 0 8.8 80.1 10.5 3.5 2 1 3 3 3
150.8 803.2 -2.3 86 0 8.8 80.2 10.5 3.5 2 1 3 3 3
138.7 977.1 -2.4 266 0 8.9 80.1 10.5 3.5 2 1 3 4 4
108.3 934.2 -2.4 176 0 80.1 8.8 10.5 3.5 2 0 3 3 3
114.8 840.2 -2.3 176 0 80.2 8.8 10.5 3.5 4 0 3 0 0
-2866.3 371.6 -4.5 286 0 13.0 63.0 17.5 3.5 2 1 5 0 0
-2832.4 362.5 -4.4 286 0 11.6 63.8 17.5 3.5 2 1 5 2 2
-2796.5 353.1 -4.2 286 0 10.6 64.5 17.5 3.5 2 1 5 3 3
-2760.8 343.5 -4.1 286 0 10.6 64.3 17.5 3.5 4 1 5 1 1
-2723.9 335.9 -4.0 286 0 10.1 67.4 17.5 3.5 2 1 5 3 3
-2694.0 326.0 -3.8 285 0 13.3 5.6 10.5 3.5 2 0 3 1 1
-2713.6 263.0 -4.0 105 0 9.3 60.4 10.5 3.5 2 0 3 5 5
-2635.8 310.6 -3.6 286 0 12.8 65.6 17.5 3.5 2 1 5 4 4
-2169.6 392.2 1.1 286 0 10.8 48.0 17.5 3.5 2 1 5 1 1
-2200.8 400.9 1.3 286 0 10.8 48.4 17.5 3.5 2 1 5 5 5
-2234.2 408.5 1.6 286 0 10.9 63.6 17.5 3.5 2 1 5 4 4
-2292.7 422.6 2.1 286 0 10.0 61.2 10.5 3.5 2 1 3 0 0
-2321.4 431.9 2.2 286 0 7.9 62.5 10.5 3.5 2 1 3 3 3
-2351.5 340.0 3.0 196 0 48.6 9.1 10.5 3.5 2 0 3 5 5
-2328.7 295.1 1.8 106 0 8.1 60.2 10.5 0.0 0 1 3 2 2
-2305.6 286.7 1.2 106 0 12.2 64.3 17.5 3.5 2 1 5 3 3
1001.3 -5369.5 -1.5 281 0 11.2 55.0 17.5 3.5 2 1 5 4 4
950.4 -5431.9 -1.9 101 0 11.2 66.5 17.5 0.0 0 1 5 3 3
911.7 -5430.0 -2.0 101 0 11.2 66.5 17.5 3.5 2 1 5 2 2
869.9 -5447.1 -2.2 101 0 11.7 81.0 17.5 3.5 2 1 5 4 4
831.9 -5443.9 -2.4 101 0 9.5 81.8 10.5 3.5 2 1 3 4 4
1039.4 -5370.0 -1.1 281 0 11.4 60.2 17.5 3.5 2 1 5 2 2
1074.0 -5370.8 -1.0 281 0 11.4 60.2 17.5 3.5 2 1 5 3 3
1030.8 -5588.8 -0.9 101 0 13.1 75.7 17.5 3.5 2 1 5 2 2
1058.9 -5478.8 -0.6 11 0 61.3 13.5 17.5 3.5 2 0 5 1 1
1012.5 -5472.1 -0.6 191 0 61.9 13.8 17.5 3.5 4 0 5 0 0
999.1 -5580.2 -0.8 101 0 13.3 72.8 17.5 3.5 2 1 5 2 2
961.3 -5578.5 -0.7 101 0 12.5 71.2 17.5 3.5 2 1 5 4 4
936.7 -5501.5 -0.5 281 0 13.1 72.9 17.5 3.5 2 1 5 1 1
899.3 -5496.5 -0.4 281 0 12.6 72.6 17.5 3.5 2 1 5 0 0
863.1 -5478.0 -0.7 281 0 11.7 80.0 17.5 3.5 2 1 5 2 2
806.3 -5509.5 -1.3 191 0 84.6 17.0 17.5 3.5 2 0 5 0 0
1709.6 -6810.7 -1.4 270 0 19.5 75.5 14.0 0.0 0 1 4 3 3
1546.2 -6887.3 -1.6 90 0 18.6 75.9 14.0 3.5 2 1 4 4 4
-2269.4 309.7 0.6 196 0 64.4 12.1 17.5 3.5 2 0 5 2 2
-2240.6 267.1 -0.1 106 0 12.1 64.4 17.5 3.5 2 1 5 4 4
-2193.5 288.0 -0.6 16 0 64.4 12.1 17.5 3.5 4 0 5 1 1
-2137.9 402.1 -0.7 196 0 48.8 11.0 17.5 3.5 2 0 5 1 1
-2155.8 338.9 1.4 196 0 64.2 11.0 17.5 0.0 0 0 5 0 0
-2173.9 275.0 -1.2 196 0 49.4 11.0 17.5 3.5 2 0 5 1 1
715.6 -3707.5 -2.6 271 0 56.8 21.6 21.0 3.5 2 0 6 5 5
-255.7 -1968.3 0.2 191 0 24.4 14.2 17.5 3.5 2 0 5 1 1
-222.6 -2065.3 0.8 101 0 14.6 69.3 17.5 3.5 2 1 5 2 2
-212.4 -1008.2 -0.3 275 0 11.0 57.9 17.5 3.5 2 1 5 4 4
-184.4 -1012.1 -0.2 275 0 10.4 56.3 17.5 3.5 2 1 5 5 5
-219.1 -1070.8 -0.1 274 0 11.5 41.8 17.5 3.5 2 1 5 0 0
-194.3 -1114.2 -0.0 94 0 13.2 42.1 17.5 3.5 2 1 5 1 1
-142.5 -1020.6 -0.1 281 0 16.0 43.2 17.5 3.5 2 1 5 4 4
-161.0 -1063.9 0.1 281 0 8.9 50.4 10.5 3.5 2 1 3 3 3
-150.2 -1117.4 0.2 101 0 8.0 50.8 10.5 3.5 2 1 3 2 2
-137.1 -1118.7 0.2 101 0 6.6 49.4 10.5 3.5 2 1 3 1 1
-123.3 -1023.9 0.0 281 0 8.5 42.9 10.5 3.5 2 1 3 1 1
-108.2 -1097.0 0.3 14 0 31.5 10.7 17.5 3.5 2 0 5 1 1
-102.4 -1025.9 0.1 281 0 9.6 52.3 10.5 0.0 0 1 3 4 4
-73.8 -1089.7 0.3 15 0 64.6 14.1 17.5 3.5 2 0 5 2 2
172.1 -2174.9 4.0 272 0 46.1 106.0 21.0 0.0 0 1 6 5 5
71.8 -1871.7 2.2 99 0 12.6 30.2 17.5 3.5 2 1 5 5 5
111.0 -1694.5 3.5 278 0 21.1 25.7 17.5 3.5 2 1 5 2 2
74.5 -1830.2 2.1 189 0 11.5 27.5 17.5 3.5 2 0 5 4 4
84.5 -1804.8 2.4 189 0 41.8 11.7 17.5 3.5 2 0 5 0 0
126.8 -1811.9 2.9 10 0 71.4 15.4 17.5 3.5 2 0 5 5 5
-342.0 -1097.5 0.2 275 0 11.8 57.2 17.5 3.5 2 1 5 5 5
-313.4 -1096.5 0.2 274 0 14.1 55.6 17.5 0.0 0 1 5 2 2
-278.6 -1154.1 0.2 94 0 15.4 54.9 17.5 3.5 2 1 5 4 4
-241.5 -1157.3 0.4 93 0 15.3 39.6 17.5 3.5 2 1 5 4 4
-204.4 -1160.0 0.5 93 0 14.1 39.1 17.5 3.5 2 1 5 1 1
-166.8 -1162.9 0.6 93 0 12.8 40.4 17.5 0.0 0 1 5 4 4
-131.0 -1166.1 0.6 93 0 14.6 39.8 17.5 3.5 2 1 5 1 1
-100.3 -1168.1 0.6 93 0 15.4 39.6 17.5 3.5 2 1 5 3 3
-140.9 -1314.2 -0.6 106 0 13.3 79.6 17.5 3.5 2 1 5 4 4
-163.5 -1306.3 -0.6 107 0 12.9 74.2 17.5 0.0 0 1 5 2 2
-192.0 -1299.2 -0.4 105 0 13.3 77.6 17.5 3.5 2 1 5 1 1
-500.0 -1301.9 0.4 4 0 50.1 10.4 17.5 3.5 4 0 5 3 3
-537.5 -1273.5 0.3 274 0 12.6 50.0 17.5 3.5 4 1 5 0 0
-536.7 -1361.1 -0.1 4 0 52.2 11.9 17.5 3.5 2 0 5 0 0
-505.9 -1363.4 -0.1 4 0 50.2 10.7 17.5 3.5 2 0 5 0 0
2271.5 9859.3 -11.7 90 0 94.2 104.3 14.0 0.0 0 1 4 1 1
2352.0 8727.4 -8.8 90 0 28.6 184.9 14.0 0.0 0 1 4 4 4
2483.2 9849.2 -11.9 90 0 159.7 226.8 14.0 0.0 0 1 4 1 1
375.6 -633.9 0.2 191 0 67.7 18.1 14.0 3.5 2 0 4 0 0
572.6 -653.4 0.2 11 0 74.8 27.7 14.0 0.0 0 0 4 4 4
-540.1 -5695.2 -1.8 193 0 32.8 93.1 14.0 0.0 0 1 4 3 3
884.2 -6982.0 -2.5 180 0 96.5 191.6 17.5 0.0 0 1 5 0 0
1168.8 -6889.7 -3.1 90 0 110.6 257.1 17.5 0.0 0 1 5 2 2
855.4 -6764.5 -3.2 0 0 157.8 114.0 14.0 0.0 0 0 4 4 4
1201.4 -7281.6 -1.3 0 0 90.4 89.7 14.0 0.0 0 0 4 1 1
2250.8 -193.6 -0.5 266 0 15.8 45.7 10.0 2.5 4 1 4 1 1
2186.2 -255.8 -0.4 176 0 106.5 16.5 12.5 0.0 0 0 5 2 2
891.8 -3703.5 -0.6 88 0 9.0 33.6 7.5 2.5 2 1 3 5 5
864.2 -3613.2 -0.7 268 0 15.1 51.2 10.0 2.5 2 1 4 1 1
864.4 -3737.3 -1.1 90 0 59.0 14.8 7.5 2.5 2 0 3 2 2
2675.5 -6706.0 -4.8 270 0 10.4 33.4 17.5 3.5 2 1 5 0 0
2630.0 -6748.0 -4.7 180 0 38.7 25.9 17.5 0.0 0 0 5 0 0
2724.9 -6690.2 -5.0 270 0 50.9 79.9 17.5 0.0 0 1 5 1 1
2651.2 -6566.9 -5.1 180 0 61.0 10.7 17.5 3.5 4 0 5 4 4
2697.0 -6664.6 -5.1 90 0 10.7 57.6 17.5 3.5 2 1 5 5 5
2657.0 -6665.0 -5.0 90 0 10.7 57.6 17.5 3.5 2 1 5 1 1
2713.7 -6466.1 -5.4 270 0 12.5 61.3 17.5 3.5 2 1 5 0 0
2676.5 -6466.5 -5.3 270 0 12.5 61.3 17.5 3.5 2 1 5 4 4
2629.6 -6495.9 -5.2 180 0 61.3 12.5 17.5 3.5 4 0 5 2 2
2600.5 -6502.9 -5.1 360 0 74.1 10.9 17.5 3.5 4 0 5 0 0
2557.5 -6467.1 -4.9 270 0 10.9 74.1 17.5 3.5 2 1 5 2 2
2512.8 -6505.2 -4.8 180 0 74.1 10.9 17.5 3.5 2 0 5 5 5
2603.5 -6577.1 -4.9 360 0 39.6 10.9 17.5 3.5 2 0 5 5 5
2519.2 -6576.4 -4.6 180 0 39.6 10.9 17.5 3.5 2 0 5 3 3
2565.7 -6577.1 -4.7 360 0 39.6 10.9 17.5 3.5 4 0 5 4 4
2606.7 -6644.1 -4.8 360 0 66.8 13.8 17.5 0.0 0 0 5 0 0
2563.3 -6678.7 -4.7 90 0 11.1 70.3 17.5 3.5 4 1 5 2 2
2525.0 -6662.4 -4.5 90 0 11.1 53.3 17.5 3.5 4 1 5 2 2
2629.6 7795.8 -9.2 0 0 64.8 19.5 14.0 3.5 2 0 4 2 2
2580.7 7830.6 -9.3 18 0 112.4 176.0 14.0 0.0 0 1 4 1 1
2224.2 8320.8 -10.0 180 0 60.6 281.7 17.5 0.0 0 1 5 1 1
2220.7 8013.7 -9.5 180 0 496.8 87.2 17.5 0.0 0 0 5 5 5
2114.1 7344.9 -8.3 90 0 27.3 40.4 14.0 0.0 0 1 4 3 3
1905.2 7470.3 -8.5 0 0 152.2 150.3 17.5 0.0 0 0 5 5 5
2027.1 7634.6 -8.8 270 0 95.6 287.1 17.5 0.0 0 1 5 3 3
2101.9 8321.7 -9.8 180 0 79.8 17.5 14.0 3.5 2 0 4 5 5
2063.8 8143.9 -9.6 90 0 24.3 91.7 17.5 0.0 0 1 5 2 2
2023.7 8140.6 -9.5 90 0 22.0 95.5 17.5 0.0 0 1 5 1 1
1986.1 8143.6 -9.6 90 0 20.9 94.3 17.5 0.0 0 1 5 5 5
1656.0 8237.6 -9.3 271 0 16.0 82.3 17.5 3.5 4 1 5 4 4
1951.6 8038.3 -9.5 0 0 174.1 44.4 17.5 0.0 0 0 5 5 5
1755.0 7899.3 -9.1 0 0 62.8 120.0 17.5 0.0 0 1 5 4 4
1752.9 7797.6 -9.0 0 0 89.7 60.5 17.5 0.0 0 0 5 2 2
1769.9 7842.8 -9.1 180 0 177.5 123.9 17.5 0.0 0 0 5 1 1
1857.3 8120.3 -9.5 270 0 47.8 172.0 17.5 0.0 0 1 5 5 5
1795.8 7947.0 -9.1 90 0 32.6 171.9 17.5 0.0 0 1 5 4 4
1719.4 7948.1 -9.1 90 0 77.9 170.7 17.5 0.0 0 1 5 1 1
3338.4 4111.1 -4.0 180 0 20.4 161.2 17.5 0.0 0 0 5 3 3
3430.7 4076.5 -4.0 90 0 146.5 24.2 17.5 0.0 0 0 5 2 2
3304.9 4087.0 -4.3 180 0 47.1 17.3 14.0 3.5 2 0 4 5 5
3300.4 4152.0 -4.0 180 0 83.0 15.5 14.0 3.5 2 0 4 5 5
3424.1 4060.4 -4.3 270 0 148.2 34.0 17.5 0.0 0 0 5 2 2
3298.6 3877.2 -3.6 180 0 28.9 105.2 17.5 0.0 0 1 5 1 1
3544.3 3820.4 -3.7 90 0 12.7 53.5 14.0 0.0 0 1 4 1 1
3605.6 3818.5 -3.7 90 0 9.2 59.5 10.5 3.5 4 1 3 5 5
3302.4 4646.5 -3.4 180 0 31.0 16.0 17.5 3.5 2 0 5 0 0
3486.0 4516.5 -3.1 90 0 63.9 15.7 14.0 3.5 2 0 4 5 5
3373.3 4858.9 -4.0 1 0 31.3 62.1 17.5 0.0 0 1 5 4 4
3356.0 4986.8 -4.6 270 0 90.7 82.7 14.0 0.0 0 0 4 3 3
3555.7 4986.4 -4.8 270 0 143.7 89.2 17.5 0.0 0 0 5 4 4
3520.9 4792.5 -4.6 90 0 212.2 88.4 17.5 0.0 0 0 5 0 0
3609.3 5841.6 -5.9 270 0 13.9 30.4 17.5 3.5 2 0 5 1 1
3572.3 5841.8 -5.9 270 0 60.0 14.6 17.5 3.5 2 0 5 4 4
3610.1 5945.5 -4.9 90 0 13.8 34.6 17.5 3.5 2 0 5 2 2
3573.0 5945.7 -4.9 90 0 60.5 16.7 17.5 3.5 2 0 5 4 4
3479.6 5938.0 -5.7 270 0 13.5 83.0 17.5 3.5 2 1 5 1 1
2216.7 1761.4 -1.6 95 0 11.1 68.2 17.5 3.5 2 1 5 5 5
2362.8 6460.4 -4.7 270 0 101.4 19.1 17.5 0.0 0 0 5 4 4
2414.7 6285.7 -5.2 0 0 264.4 54.7 17.5 0.0 0 0 5 0 0
2264.5 6304.4 -5.2 0 0 309.4 60.0 17.5 0.0 0 0 5 3 3
1840.5 6452.8 -5.1 270 0 12.5 43.1 17.5 3.5 2 1 5 1 1
1808.6 6433.9 -5.0 180 0 41.9 16.3 17.5 3.5 2 0 5 2 2
1885.5 6337.6 -5.5 360 0 71.9 37.1 17.5 0.0 0 0 5 5 5
1903.3 6272.4 -5.6 180 0 141.8 69.9 14.0 0.0 0 0 4 0 0
2050.3 6165.9 -5.3 180 0 43.1 92.2 14.0 0.0 0 1 4 1 1
2034.7 6165.4 -5.3 360 0 41.4 34.2 14.0 0.0 0 0 4 2 2
2097.7 6422.9 -5.8 270 0 87.5 102.5 14.0 0.0 0 1 4 2 2
2016.1 6422.7 -5.8 270 0 33.9 100.1 14.0 0.0 0 1 4 1 1
3065.4 7184.4 -8.1 180 0 24.8 43.3 17.5 0.0 0 0 5 5 5
3057.6 7210.0 -8.1 180 0 26.3 58.7 17.5 3.5 2 0 5 0 0
3215.3 7229.9 -8.2 360 0 164.4 31.2 17.5 0.0 0 0 5 5 5
3217.7 7403.8 -8.6 360 0 146.8 57.1 17.5 0.0 0 0 5 5 5
2998.8 7411.3 -8.5 180 0 164.6 83.3 17.5 0.0 0 0 5 5 5
2903.7 6595.1 -7.3 90 0 187.9 386.9 14.0 0.0 0 1 4 5 5
2237.0 7070.5 -7.7 270 0 16.7 46.6 17.5 3.5 2 1 5 2 2
2624.3 7360.3 -8.4 0 0 63.7 19.3 14.0 3.5 2 0 4 3 3
2602.1 7141.5 -7.9 90 0 42.2 20.8 14.0 3.5 2 0 4 0 0
2493.3 7422.0 -8.4 270 0 62.3 125.8 14.0 0.0 0 1 4 2 2
2500.9 7139.8 -8.0 90 0 48.3 128.5 14.0 0.0 0 1 4 1 1
2394.6 7142.0 -8.0 90 0 93.6 128.3 14.0 0.0 0 1 4 1 1
2455.9 6930.3 -7.5 0 0 53.7 190.9 17.5 0.0 0 1 5 5 5
2599.1 6929.5 -7.6 0 0 47.9 51.9 17.5 0.0 0 1 5 0 0
2442.4 6992.0 -7.6 180 0 42.5 156.6 17.5 0.0 0 1 5 2 2
2442.8 7053.7 -7.7 180 0 42.5 156.6 17.5 0.0 0 1 5 2 2
2396.2 7076.9 -7.8 270 0 58.8 112.0 17.5 0.0 0 0 5 0 0
2209.3 6989.3 -7.6 180 0 46.9 157.0 17.5 0.0 0 0 5 5 5
2429.2 6840.3 -6.9 270 0 78.3 42.6 17.5 0.0 0 0 5 0 0
2412.8 6769.5 -6.7 180 0 26.2 97.6 17.5 0.0 0 1 5 0 0
2636.4 6758.5 -6.6 0 0 53.3 15.1 17.5 0.0 0 0 5 3 3
2610.3 6823.7 -6.8 0 0 49.8 109.1 17.5 0.0 0 1 5 3 3
2598.2 6586.1 -5.5 90 0 19.4 60.0 14.0 3.5 2 1 4 5 5
2449.3 6585.2 -5.6 90 0 252.1 54.7 14.0 0.0 0 0 4 3 3
2259.0 6588.4 -5.6 90 0 77.1 41.0 14.0 0.0 0 0 4 1 1
2105.0 7064.7 -7.7 270 0 45.8 220.7 14.0 0.0 0 1 4 3 3
1846.1 6960.7 -7.6 90 0 43.7 100.8 17.5 0.0 0 1 5 3 3
1769.1 6961.1 -7.5 90 0 43.7 100.8 17.5 0.0 0 1 5 3 3
1937.9 7065.2 -7.7 270 0 67.3 102.8 17.5 0.0 0 1 5 2 2
2049.4 7012.4 -7.6 0 0 104.3 43.7 17.5 0.0 0 0 5 4 4
2026.9 6928.9 -6.8 270 0 44.5 85.1 17.5 0.0 0 1 5 3 3
1937.9 6929.2 -6.5 270 0 68.8 86.4 17.5 0.0 0 1 5 0 0
1846.2 6928.2 -6.3 270 0 46.6 86.8 17.5 0.0 0 1 5 3 3
1769.8 6930.5 -6.4 270 0 46.1 89.1 17.5 0.0 0 1 5 4 4
1705.9 6927.5 -6.6 270 0 45.9 86.8 17.5 0.0 0 1 5 5 5
1708.6 6791.8 -5.4 180 0 52.1 66.6 17.5 0.0 0 1 5 5 5
1869.6 6792.9 -5.6 0 0 50.3 15.7 17.5 3.5 2 0 5 1 1
1934.7 6586.1 -5.5 90 0 78.9 211.9 17.5 0.0 0 1 5 1 1
6112.3 -1740.1 -3.4 85 0 15.2 55.2 17.5 3.5 2 1 5 3 3
6044.0 -1694.4 -3.5 175 0 48.7 19.2 17.5 3.5 2 0 5 0 0
6040.5 -1548.0 -3.4 266 0 17.0 48.1 17.5 3.5 2 1 5 0 0
6010.8 -1722.1 -3.3 355 0 63.6 9.1 10.5 3.5 2 0 3 2 2
5968.5 -1695.1 -3.0 265 0 8.1 62.3 10.5 3.5 4 1 3 0 0
5933.5 -1703.5 -2.7 265 0 17.6 54.0 17.5 3.5 2 1 5 2 2
5898.5 -1738.0 -2.5 175 0 63.5 19.0 17.5 0.0 0 0 5 2 2
6093.6 -1632.3 -3.3 175 0 59.8 15.0 17.5 3.5 2 0 5 0 0
6159.7 -1662.6 -3.4 355 0 13.8 41.1 17.5 3.5 2 1 5 0 0
6129.2 -1580.7 -3.1 265 0 28.4 13.5 17.5 3.5 2 0 5 2 2
6159.1 -1579.7 -2.8 265 0 17.3 69.5 17.5 3.5 2 1 5 1 1
3075.7 5637.5 -4.5 270 0 7.9 53.6 10.5 0.0 0 1 3 3 3
2999.8 5852.8 -5.5 270 0 12.2 76.2 17.5 3.5 2 1 5 1 1
3194.2 5759.3 -5.5 270 0 20.6 49.5 17.5 3.5 2 1 5 5 5
3186.8 5650.8 -4.9 90 0 9.0 28.0 10.5 3.5 2 1 3 0 0
3158.8 5649.7 -4.8 90 0 8.2 25.4 10.5 3.5 2 1 3 4 4
3187.8 5636.8 -4.5 270 0 9.5 58.9 10.5 3.5 2 1 3 0 0
3129.5 5638.8 -4.5 270 0 59.4 60.2 17.5 0.0 0 1 5 2 2
2890.7 5620.6 -4.2 270 0 31.5 47.8 17.5 0.0 0 1 5 4 4
2890.5 5631.3 -4.7 90 0 29.6 46.5 17.5 0.0 0 1 5 4 4
2854.3 5629.6 -4.7 90 0 20.8 48.2 17.5 3.5 4 1 5 3 3
2798.3 5619.1 -4.1 270 0 15.2 46.8 17.5 3.5 4 1 5 5 5
2862.1 6029.3 -4.7 270 0 183.3 39.3 17.5 0.0 0 0 5 0 0
2770.1 5969.7 -4.4 180 0 27.1 184.2 17.5 0.0 0 1 5 3 3
2954.7 5890.4 -5.6 180 0 78.2 24.3 17.5 0.0 0 0 5 5 5
2862.5 5902.0 -5.5 270 0 184.4 50.8 17.5 0.0 0 0 5 1 1
2891.3 5768.5 -5.6 180 0 144.0 90.8 17.5 0.0 0 0 5 4 4
3099.3 5977.1 -5.0 90 0 25.1 85.1 17.5 0.0 0 1 5 3 3
3060.3 5979.0 -5.0 90 0 25.3 84.4 17.5 0.0 0 1 5 1 1
3212.0 6214.6 -5.7 271 0 15.9 40.6 17.5 3.5 2 1 5 0 0
3202.4 6137.2 -5.3 270 0 30.9 60.0 17.5 0.0 0 1 5 0 0
3127.7 6137.1 -5.3 270 0 99.3 60.0 17.5 0.0 0 0 5 2 2
3038.9 6137.1 -5.2 270 0 49.4 60.0 17.5 0.0 0 1 5 1 1
2953.6 6219.7 -5.6 270 0 59.0 30.7 17.5 0.0 0 0 5 1 1
2983.1 6154.5 -5.5 360 0 69.2 50.7 17.5 0.0 0 0 5 3 3
3057.6 6236.0 -5.6 90 0 167.1 197.4 17.5 0.0 0 1 5 5 5
2998.2 6449.6 -5.1 270 0 54.8 14.4 17.5 3.5 2 0 5 4 4
3421.7 9516.7 -12.2 353 0 29.0 8.0 10.5 3.5 2 0 3 5 5
3371.8 9496.6 -12.1 83 0 8.3 27.4 10.5 3.5 2 1 3 5 5
3396.4 9498.7 -12.2 83 0 7.0 28.3 10.5 0.0 0 1 3 4 4
3291.5 9457.1 -12.0 83 0 15.2 56.7 17.5 3.5 2 1 5 2 2
3251.5 9509.8 -12.0 263 0 16.6 57.5 17.5 3.5 2 1 5 5 5
3337.8 9491.0 -11.9 83 0 8.2 28.3 10.5 3.5 2 1 3 2 2
3328.6 9567.1 -11.8 83 0 9.9 32.6 10.5 3.5 2 1 3 2 2
3329.4 9560.8 -11.7 263 0 8.7 36.5 10.5 3.5 2 1 3 1 1
3358.5 9564.9 -11.8 264 0 12.8 35.6 17.5 3.5 4 1 5 0 0
3409.4 8377.7 -10.4 270 0 79.5 54.2 14.0 0.0 0 0 4 0 0
3567.6 8370.1 -10.4 270 0 51.1 125.4 14.0 0.0 0 1 4 3 3
3504.1 8371.3 -10.4 270 0 51.1 125.4 14.0 0.0 0 1 4 4 4
3559.0 8168.3 -10.0 270 0 118.4 25.0 14.0 0.0 0 0 4 4 4
3558.4 8180.6 -10.1 90 0 119.3 47.2 14.0 0.0 0 0 4 3 3
3604.3 7970.5 -9.7 0 0 48.9 124.0 14.0 0.0 0 1 4 1 1
3402.4 8168.3 -10.1 0 0 54.4 91.7 17.5 0.0 0 1 5 0 0
3312.7 8034.0 -9.7 180 0 24.6 85.7 14.0 0.0 0 1 4 2 2
3414.0 7998.0 -9.7 180 0 95.6 45.5 14.0 0.0 0 0 4 0 0
3418.8 7890.5 -9.5 90 0 80.7 45.5 14.0 0.0 0 0 4 3 3
3468.7 7803.1 -9.4 90 0 19.6 132.7 14.0 0.0 0 0 4 0 0
3427.3 7759.1 -9.3 90 0 102.1 44.1 14.0 0.0 0 0 4 2 2
3108.9 -3270.2 -0.6 272 0 13.0 41.1 17.5 3.5 2 1 5 5 5
3063.3 -3235.3 -0.4 182 0 51.4 13.8 17.5 3.5 2 0 5 5 5
3153.5 -3271.6 -0.6 272 0 14.0 40.9 17.5 3.5 2 1 5 4 4
3157.1 -3341.1 -0.7 2 0 40.9 15.7 17.5 3.5 2 0 5 3 3
3148.1 -3407.9 -1.5 92 0 15.7 40.9 17.5 3.5 2 1 5 1 1
3102.7 -3408.0 -1.4 92 0 13.0 41.1 17.5 0.0 0 1 5 0 0
3068.0 -3377.7 -1.3 2 0 53.7 11.9 17.5 3.5 2 0 5 0 0
3147.7 -3419.7 -2.1 272 0 15.0 48.7 17.5 3.5 2 1 5 1 1
3106.6 -3418.5 -1.9 272 0 9.3 48.4 10.5 3.5 2 1 3 1 1
3059.6 -3462.4 -1.8 92 0 12.7 48.4 17.5 3.5 2 1 5 5 5
2960.2 -3222.4 -0.1 180 0 45.3 13.0 17.5 3.5 2 0 5 2 2
2959.9 -3288.5 -0.5 180 0 49.9 13.8 17.5 3.5 2 0 5 0 0
3030.3 -3237.0 -0.4 2 0 32.6 15.3 17.5 3.5 2 0 5 3 3
3020.5 -3376.4 -1.3 2 0 63.2 11.1 17.5 3.5 2 0 5 0 0
3019.5 -3443.8 -1.8 2 0 44.2 12.5 17.5 3.5 2 0 5 2 2
2962.2 -3359.6 -0.5 180 0 17.4 11.9 17.5 3.5 2 0 5 3 3
2957.7 -3389.8 -1.2 180 0 26.5 13.1 17.5 3.5 2 0 5 3 3
2958.8 -3431.3 -1.5 180 0 48.6 14.3 17.5 3.5 2 0 5 3 3
2931.3 -3388.8 -1.2 360 0 62.1 11.5 14.0 3.5 2 0 4 5 5
2933.0 -3320.1 -0.5 360 0 38.4 15.0 14.0 0.0 0 0 4 2 2
2933.2 -3271.4 -0.2 360 0 29.7 15.0 14.0 3.5 2 0 4 0 0
2890.4 -3334.9 -0.5 90 0 13.5 78.5 14.0 3.5 2 1 4 5 5
2855.9 -3333.0 -0.5 90 0 13.1 77.1 14.0 3.5 2 1 4 4 4
2861.8 -3202.0 -0.0 274 0 12.4 33.2 14.0 3.5 2 0 4 3 3
2940.1 -3200.9 -0.1 4 0 14.5 84.2 14.0 3.5 2 0 4 1 1
2807.6 -3179.7 0.2 273 0 63.0 10.8 14.0 3.5 2 0 4 2 2
2819.2 -3262.8 0.2 88 0 11.8 62.8 14.0 3.5 2 1 4 3 3
2811.4 -3271.9 -0.4 268 0 12.8 73.8 14.0 3.5 4 1 4 2 2
2782.2 -3274.3 -0.4 268 0 12.4 76.1 14.0 3.5 2 1 4 1 1
2746.1 -3275.4 -0.4 268 0 12.8 78.9 14.0 3.5 4 1 4 3 3
2710.8 -3275.7 -0.3 268 0 11.2 80.6 14.0 3.5 2 1 4 0 0
2711.0 -3269.8 0.4 88 0 12.3 77.4 14.0 3.5 2 1 4 2 2
2735.6 -3177.2 0.2 273 0 42.6 11.3 14.0 3.5 2 0 4 3 3
2683.3 -3477.2 -1.2 88 0 19.1 25.1 17.5 3.5 4 1 5 3 3
2782.3 -3263.7 0.3 88 0 12.4 69.1 14.0 3.5 2 1 4 2 2
2746.6 -3269.0 0.3 88 0 14.5 72.8 14.0 3.5 2 1 4 1 1
1850.8 -4366.2 -5.4 90 0 14.0 60.7 14.0 3.5 2 1 4 2 2
1805.6 -4364.1 -5.9 90 0 13.1 59.4 14.0 0.0 0 1 4 4 4
1760.9 -4366.5 -6.4 90 0 13.4 62.6 14.0 3.5 2 1 4 0 0
1697.2 -4359.2 -6.3 93 0 86.7 59.4 14.0 0.0 0 0 4 1 1
3048.0 -8171.0 -5.7 270 0 21.3 13.5 14.0 3.5 2 0 4 5 5
3113.9 -8168.5 -5.7 270 0 16.7 15.9 14.0 3.5 2 0 4 5 5
3122.7 -8327.0 -7.1 360 0 50.2 30.8 14.0 0.0 0 0 4 0 0
1902.0 -4787.7 -4.6 96 0 13.2 54.8 17.5 3.5 2 1 5 0 0
3243.4 -8420.3 -7.9 242 0 18.3 41.1 17.5 0.0 0 1 5 5 5
3253.3 -8659.3 -9.6 90 0 20.0 41.5 17.5 3.5 2 1 5 2 2
3310.2 -8765.9 -10.9 270 0 17.4 70.2 17.5 3.5 2 1 5 4 4
3260.5 -8765.1 -10.7 270 0 16.6 67.8 17.5 3.5 2 1 5 3 3
2856.8 -8723.3 -9.0 0 0 44.1 17.5 17.5 3.5 2 0 5 4 4
3140.9 -8766.3 -10.3 270 0 15.5 69.9 17.5 3.5 2 1 5 1 1
3092.7 -8763.9 -10.1 270 0 15.5 69.9 17.5 3.5 2 1 5 4 4
3042.8 -8766.8 -10.0 270 0 15.5 69.9 17.5 0.0 0 1 5 0 0
2993.2 -8765.0 -9.8 270 0 15.5 69.9 17.5 3.5 2 1 5 3 3
2945.0 -8766.4 -9.6 270 0 15.5 69.9 17.5 3.5 2 1 5 4 4
2894.6 -8765.7 -9.5 270 0 15.5 69.9 17.5 3.5 2 1 5 3 3
2846.3 -8764.7 -9.3 270 0 15.5 69.9 17.5 3.5 2 1 5 4 4
6459.2 5865.0 -6.8 30 0 34.4 12.5 7.5 2.5 4 0 3 5 5
6357.6 5907.3 -6.7 208 0 18.9 45.2 10.0 2.5 4 1 4 3 3
6343.2 5670.5 -7.0 33 0 40.3 12.2 7.5 2.5 2 0 3 4 4
6333.3 5898.6 -6.7 300 0 48.0 51.8 7.5 0.0 0 1 3 1 1
6193.7 5653.5 -6.6 215 0 67.8 19.5 10.0 2.5 2 0 4 3 3
6103.2 5327.2 -5.0 32 0 43.8 7.7 10.5 3.5 2 0 3 2 2
6063.3 5269.1 -5.1 122 0 7.3 33.2 10.5 0.0 0 1 3 0 0
6021.0 5290.8 -5.3 122 0 7.6 79.1 10.5 3.5 4 1 3 3 3
6373.7 5320.3 -6.1 97 0 12.8 65.3 17.5 3.5 4 1 5 5 5
6336.7 5330.0 -5.1 97 0 12.3 62.7 17.5 3.5 2 1 5 0 0
6299.5 5337.5 -4.5 97 0 12.0 60.6 17.5 3.5 2 1 5 4 4
6292.6 5286.7 -4.6 270 0 12.4 51.4 14.0 3.5 2 1 4 4 4
6254.6 5286.8 -4.7 270 0 12.0 62.5 14.0 3.5 2 1 4 4 4
6219.1 5286.0 -4.2 270 0 13.4 65.2 14.0 0.0 0 1 4 4 4
1278.5 -5745.4 -2.0 99 0 19.2 56.1 14.0 3.5 2 0 4 5 5
1222.0 -5871.1 -2.4 279 0 30.3 11.7 14.0 0.0 0 0 4 4 4
1248.0 -5932.4 -2.7 99 0 19.2 56.4 14.0 3.5 2 1 4 1 1
1212.2 -5937.8 -2.7 280 0 60.6 12.4 17.5 3.5 2 0 5 0 0
4102.7 -755.2 -2.4 1 0 48.6 6.9 10.5 3.5 2 0 3 3 3
4093.9 -838.3 -3.3 181 0 109.7 7.9 10.5 3.5 2 0 3 1 1
3728.3 -698.8 -1.8 271 0 22.7 74.7 14.0 0.0 0 1 4 1 1
3726.0 -861.4 -1.4 91 0 26.2 80.8 14.0 0.0 0 1 4 1 1
3777.1 -829.1 -0.8 1 0 78.1 14.1 14.0 3.5 2 0 4 1 1
3779.0 -747.3 -1.9 1 0 73.2 14.1 14.0 0.0 0 0 4 1 1
3943.6 -857.2 -1.1 271 0 21.3 29.1 14.0 0.0 0 1 4 0 0
3982.4 -858.5 -2.0 271 0 20.4 30.6 14.0 0.0 0 1 4 3 3
4020.5 -859.8 -2.7 271 0 21.8 33.0 14.0 0.0 0 1 4 0 0
4059.6 -859.8 -3.3 271 0 20.5 31.9 14.0 0.0 0 1 4 5 5
4063.4 -788.7 -3.4 271 0 19.1 58.1 17.5 3.5 2 1 5 3 3
4061.5 -778.2 -1.3 91 0 23.3 59.5 14.0 3.5 4 1 4 1 1
4025.7 -787.1 -2.5 271 0 19.1 58.1 17.5 3.5 2 1 5 5 5
4036.2 -746.3 -1.4 1 0 57.7 19.1 17.5 3.5 2 0 5 1 1
3984.7 -786.2 -1.2 271 0 19.1 58.1 17.5 3.5 2 1 5 4 4
3976.2 -744.9 -1.4 181 0 57.7 19.1 17.5 3.5 2 0 5 2 2
3945.6 -786.1 -1.3 271 0 19.1 58.1 17.5 3.5 2 1 5 2 2
3945.9 -773.9 -1.4 91 0 19.1 57.7 14.0 3.5 2 1 4 5 5
3908.0 -784.3 -1.3 271 0 19.1 58.1 14.0 3.5 2 1 4 0 0
3908.3 -772.1 -1.0 91 0 19.1 57.7 14.0 3.5 2 1 4 0 0
3869.1 -783.5 -1.3 271 0 19.1 58.1 17.5 3.5 2 1 5 3 3
3860.5 -742.2 -0.8 181 0 57.7 19.1 17.5 3.5 2 0 5 4 4
3834.9 -783.3 -0.9 271 0 19.1 58.1 17.5 3.5 4 1 5 3 3
3826.3 -742.0 -1.2 181 0 57.7 19.1 14.0 3.5 4 0 4 4 4
3802.4 -782.9 -0.6 271 0 19.1 58.1 17.5 3.5 2 1 5 2 2
3813.0 -740.6 -1.6 1 0 60.6 19.1 14.0 3.5 2 0 4 2 2
3905.8 -854.9 -1.2 271 0 20.7 33.2 14.0 0.0 0 1 4 4 4
3867.8 -854.4 -1.3 271 0 21.0 22.6 14.0 3.5 2 1 4 3 3
3847.6 -863.5 -1.3 1 0 21.0 59.4 14.0 3.5 2 1 4 0 0
3834.0 -683.5 -2.1 86 0 11.7 77.8 17.5 3.5 2 1 5 5 5
3832.4 -565.5 -2.0 356 0 62.0 11.7 17.5 3.5 2 0 5 4 4
3713.5 -509.9 -1.2 271 0 9.9 28.9 10.5 3.5 4 1 3 4 4
3713.4 -584.6 -1.0 91 0 11.5 32.2 17.5 3.5 2 1 5 4 4
3748.4 -548.9 -1.3 271 0 9.2 29.8 10.5 3.5 4 1 3 3 3
3746.7 -538.6 -1.0 91 0 9.5 28.6 10.5 3.5 2 1 3 0 0
3783.0 -536.4 -1.4 91 0 10.1 30.0 17.5 3.5 4 1 5 3 3
3785.2 -546.2 -1.6 271 0 10.1 34.4 17.5 3.5 2 1 5 1 1
3792.1 -682.0 -2.1 91 0 11.6 30.9 17.5 3.5 2 1 5 1 1
3788.7 -639.0 -1.9 91 0 11.6 28.7 17.5 3.5 2 1 5 4 4
3748.5 -677.8 -1.8 91 0 11.6 29.5 17.5 3.5 2 1 5 4 4
3749.2 -636.9 -1.7 91 0 11.6 28.0 17.5 3.5 2 1 5 4 4
3716.0 -647.7 -1.6 271 0 11.6 27.2 17.5 3.5 2 1 5 0 0
3716.3 -634.0 -1.3 91 0 11.6 28.7 17.5 3.5 2 1 5 0 0
3680.4 -671.7 -1.1 91 0 11.6 70.4 17.5 3.5 4 1 5 4 4
3682.0 -581.5 -1.4 91 0 11.6 67.6 17.5 3.5 2 1 5 0 0
1861.5 -6639.2 -2.1 360 0 29.3 9.0 10.5 3.5 2 0 3 2 2
1852.4 -6766.1 -1.4 180 0 28.6 9.5 10.5 3.5 2 0 3 4 4
1811.5 -6521.0 -2.7 180 0 77.5 15.3 14.0 3.5 2 0 4 2 2
1827.7 -6616.6 -2.3 360 0 72.3 17.9 14.0 3.5 2 0 4 3 3
1811.0 -6787.1 -1.7 180 0 70.7 17.8 14.0 3.5 2 0 4 2 2
1818.6 -6840.9 -1.4 270 0 18.1 86.8 17.5 3.5 2 1 5 3 3
1810.2 -6974.6 -1.5 180 0 71.9 18.1 17.5 3.5 2 0 5 5 5
2303.2 629.6 -1.4 276 0 13.4 79.3 14.0 3.5 2 1 4 3 3
2342.7 594.6 -1.4 6 0 63.3 14.1 14.0 3.5 2 0 4 4 4
2477.5 568.6 -1.7 275 0 27.7 66.3 17.5 0.0 0 1 5 4 4
2585.8 171.3 -1.0 99 0 26.7 81.0 14.0 0.0 0 1 4 3 3
2587.9 100.6 -1.3 9 0 104.9 25.1 17.5 0.0 0 0 5 0 0
2568.4 -22.7 -1.4 9 0 75.7 24.8 17.5 0.0 0 0 5 1 1
2715.6 467.0 -1.5 275 0 16.7 60.3 17.5 3.5 2 1 5 2 2
2718.1 378.6 -1.5 5 0 48.0 18.1 17.5 3.5 2 0 5 3 3
2638.3 467.7 -1.5 278 0 16.2 48.4 17.5 3.5 4 1 5 1 1
-1175.0 -2326.3 2.9 285 0 31.7 78.6 21.0 0.0 0 1 6 4 4
-1205.3 -2317.8 4.1 285 0 21.2 79.0 21.0 0.0 0 1 6 4 4
87.9 -3150.3 2.3 94 0 13.8 72.1 17.5 3.5 2 1 5 5 5
14.5 -3107.5 3.1 184 0 81.6 23.2 17.5 0.0 0 0 5 5 5
618.6 -5782.1 -3.6 5 0 96.1 16.7 17.5 0.0 0 0 5 3 3
1372.8 -6838.2 -1.6 180 0 38.3 47.3 14.0 0.0 0 1 4 0 0
1480.0 -6700.3 -2.0 360 0 107.8 34.8 17.5 0.0 0 0 5 3 3
1467.4 -6884.4 -1.8 90 0 52.7 63.9 14.0 0.0 0 1 4 2 2
1427.3 -3074.6 2.2 179 0 68.4 19.0 17.5 3.5 2 0 5 5 5
1565.2 -3070.7 1.2 359 0 66.7 18.6 17.5 3.5 2 0 5 1 1
2636.6 -1304.2 -1.0 91 0 13.2 72.2 21.0 3.5 2 1 6 0 0
2678.1 -1305.1 -1.1 91 0 13.3 77.1 21.0 3.5 2 1 6 5 5
2718.0 -1302.6 -1.2 91 0 13.2 70.9 21.0 3.5 2 1 6 3 3
2756.9 -1305.6 -1.3 91 0 14.2 73.2 21.0 3.5 4 1 6 2 2
2798.0 -1305.8 -1.4 91 0 15.2 69.9 21.0 0.0 0 1 6 2 2
2841.6 -1233.9 -1.5 271 0 14.1 70.3 21.0 3.5 2 1 6 0 0
2866.4 -1340.7 -1.5 271 0 14.0 69.6 21.0 3.5 2 1 6 2 2
2824.9 -1340.2 -1.4 271 0 15.5 69.3 21.0 3.5 2 1 6 2 2
2782.8 -1339.0 -1.3 271 0 14.8 69.1 21.0 3.5 2 1 6 2 2
2742.9 -1337.8 -1.2 271 0 13.8 71.5 21.0 3.5 2 1 6 2 2
2702.4 -1336.9 -1.1 271 0 14.7 71.4 21.0 3.5 2 1 6 3 3
2662.1 -1335.1 -0.9 271 0 14.1 69.9 21.0 3.5 4 1 6 5 5
2620.5 -1334.2 -0.6 271 0 13.8 74.6 21.0 3.5 2 1 6 5 5
2599.4 -1303.5 -0.8 91 0 12.5 57.4 21.0 3.5 2 1 6 0 0
2560.9 -1246.9 -0.7 271 0 13.7 52.9 21.0 3.5 2 1 6 1 1
2519.8 -1245.3 -0.6 271 0 13.1 54.2 21.0 3.5 2 1 6 1 1
2479.3 -1244.1 -0.3 271 0 13.2 54.1 21.0 3.5 2 1 6 2 2
2435.8 -1300.0 -0.1 91 0 12.6 56.4 21.0 3.5 2 1 6 5 5
2393.1 -1299.4 -0.1 91 0 13.3 57.0 21.0 3.5 2 1 6 3 3
2550.9 -1313.3 -0.4 271 0 14.2 50.2 17.5 3.5 2 1 5 2 2
2510.8 -1311.6 -0.1 271 0 13.8 48.4 17.5 3.5 2 1 5 2 2
2467.2 -1312.0 -0.6 271 0 14.3 50.3 17.5 0.0 0 1 5 5 5
2427.1 -1311.0 -1.1 271 0 13.7 52.8 17.5 3.5 4 1 5 3 3
2387.4 -1309.0 -1.1 271 0 14.2 51.6 17.5 3.5 2 1 5 4 4
2573.0 -1435.1 -0.9 91 0 11.7 46.0 21.0 0.0 0 1 6 5 5
2541.2 -1436.9 -1.0 91 0 12.7 46.8 21.0 0.0 0 1 6 0 0
2508.3 -1436.6 -1.0 91 0 12.5 47.0 21.0 0.0 0 1 6 1 1
2477.9 -1438.0 -1.0 91 0 12.9 49.0 21.0 3.5 2 1 6 3 3
2442.6 -1459.9 -1.1 91 0 13.9 71.8 21.0 3.5 2 1 6 1 1
2412.2 -1461.2 -1.0 91 0 12.8 73.8 21.0 3.5 2 1 6 3 3
2374.1 -1423.7 -0.8 181 0 74.6 12.0 21.0 3.5 4 0 6 5 5
3332.9 -4605.4 -1.9 277 0 14.0 41.5 17.5 3.5 2 1 5 3 3
3302.1 -4603.3 -1.8 277 0 12.2 40.7 17.5 3.5 2 1 5 4 4
3270.2 -4603.7 -1.8 277 0 11.9 37.6 17.5 3.5 2 1 5 2 2
3237.6 -4600.2 -2.0 277 0 11.6 38.7 17.5 0.0 0 1 5 0 0
3258.1 -4682.4 -1.8 97 0 16.6 31.1 17.5 3.5 2 1 5 4 4
3212.3 -4714.6 -2.1 97 0 11.5 58.1 17.5 3.5 2 1 5 1 1
3198.0 -4772.2 -2.0 187 0 50.9 12.7 17.5 3.5 4 0 5 0 0
3328.4 -4693.5 -1.8 7 0 65.8 13.4 17.5 3.5 2 0 5 2 2
3354.5 -4771.0 -1.7 7 0 36.3 10.7 17.5 0.0 0 0 5 5 5
3360.2 -4726.4 -1.8 7 0 35.1 10.7 17.5 3.5 2 0 5 4 4
3341.3 -4829.3 -1.6 97 0 12.5 33.7 17.5 3.5 2 1 5 3 3
3313.1 -4832.7 -1.6 277 0 54.1 20.6 17.5 3.5 2 0 5 1 1
3251.6 -4828.4 -1.7 277 0 31.1 18.7 17.5 3.5 2 0 5 4 4
3288.9 -4808.0 -1.6 97 0 71.8 21.2 17.5 3.5 2 0 5 4 4
3242.3 -4817.1 -1.7 97 0 18.5 36.0 17.5 0.0 0 0 5 0 0
3243.2 -4733.9 -1.8 187 0 73.9 17.0 17.5 3.5 2 0 5 1 1
3240.9 -4585.2 -2.1 96 0 13.7 56.4 17.5 3.5 2 1 5 1 1
3282.2 -4584.9 -2.0 96 0 13.7 56.7 17.5 3.5 2 1 5 1 1
3432.8 -4626.7 -1.4 276 0 14.1 58.6 17.5 3.5 2 1 5 0 0
3431.2 -4735.7 -1.3 6 0 69.1 16.0 17.5 3.5 2 0 5 1 1
3320.5 -4591.0 -2.0 96 0 13.6 62.2 17.5 3.5 2 1 5 0 0
3359.5 -4594.8 -2.0 96 0 10.9 64.2 17.5 3.5 4 1 5 3 3
3398.4 -4600.9 -2.0 96 0 13.5 71.0 17.5 3.5 4 1 5 0 0
3437.7 -4600.5 -1.6 96 0 13.2 71.0 17.5 3.5 2 1 5 2 2
3646.4 -4569.3 -1.2 6 0 63.3 13.8 14.0 3.5 2 0 4 5 5
3604.3 -4530.6 -0.8 276 0 13.3 71.2 14.0 3.5 2 1 4 1 1
3567.9 -4532.6 -0.6 276 0 12.6 69.7 14.0 3.5 2 1 4 2 2
3532.5 -4531.5 -0.9 276 0 13.2 65.1 14.0 3.5 2 1 4 2 2
3481.5 -4564.7 -1.3 186 0 70.9 12.7 14.0 3.5 2 0 4 3 3
3580.7 -4799.8 -1.4 276 0 15.1 55.5 14.0 3.5 2 1 4 4 4
3577.4 -4787.1 -1.3 96 0 15.7 70.5 14.0 3.5 2 1 4 3 3
3539.5 -4783.1 -1.0 96 0 15.2 77.7 14.0 3.5 2 1 4 5 5
3540.8 -4797.0 -1.2 276 0 15.8 54.8 14.0 3.5 2 1 4 0 0
3501.1 -4778.8 -0.8 96 0 13.6 77.8 14.0 3.5 4 1 4 5 5
3496.8 -4793.4 -0.9 276 0 13.8 55.0 14.0 3.5 2 1 4 0 0
3464.2 -4776.7 -1.0 96 0 13.6 77.8 14.0 3.5 2 1 4 1 1
3459.9 -4791.3 -0.7 276 0 13.8 55.0 14.0 3.5 2 1 4 2 2
3671.5 -6071.3 -4.5 274 0 21.5 58.9 14.0 3.5 2 1 4 3 3
1832.5 -5993.4 -4.7 95 0 16.9 86.2 17.5 3.5 2 1 5 4 4
1729.7 -5907.9 -4.2 274 0 34.5 73.1 17.5 0.0 0 1 5 3 3
1903.7 -5959.8 -4.7 6 0 75.2 25.9 17.5 0.0 0 0 5 1 1
2620.1 -7008.9 -3.9 270 0 10.0 43.9 17.5 3.5 2 1 5 3 3
2633.3 -6826.7 -4.5 180 0 48.6 8.5 10.5 3.5 2 0 3 4 4
2697.7 -6794.0 -4.7 270 0 13.0 64.2 14.0 0.0 0 1 4 4 4
2657.2 -6794.6 -4.5 270 0 12.6 63.4 14.0 3.5 2 1 4 2 2
2650.1 -6897.5 -4.4 180 0 61.4 13.6 14.0 3.5 2 0 4 2 2
2716.6 -6996.0 -4.5 90 0 14.1 59.4 14.0 0.0 0 1 4 1 1
2677.5 -6996.0 -4.3 90 0 14.1 59.4 14.0 3.5 2 1 4 2 2
2637.3 -6996.4 -4.2 90 0 14.1 59.4 14.0 3.5 2 1 4 5 5
2599.6 -6791.5 -4.3 270 0 12.3 63.9 17.5 0.0 0 1 5 5 5
2562.5 -6787.9 -4.2 270 0 10.2 65.8 17.5 3.5 2 1 5 0 0
2525.7 -6802.1 -4.1 270 0 10.2 56.5 17.5 3.5 4 1 5 2 2
2605.3 -6886.0 -4.2 360 0 40.4 10.8 17.5 3.5 2 0 5 0 0
2568.4 -6886.1 -4.1 360 0 40.4 11.4 17.5 3.5 2 0 5 3 3
2520.9 -6886.3 -3.9 180 0 40.4 10.8 17.5 3.5 4 0 5 0 0
2594.7 -6998.5 -4.1 90 0 14.4 80.1 17.5 3.5 2 1 5 1 1
2556.3 -6998.6 -4.0 90 0 12.2 80.1 17.5 0.0 0 1 5 4 4
2518.7 -6998.8 -3.9 90 0 12.6 80.1 17.5 3.5 2 1 5 1 1
