-6309.8 6698.4 -5.8 1 0 6.1 43.6 10.5 3.5 2 0 3 5 5
-6342.9 6733.7 -5.8 179 0 41.1 13.2 14.0 3.5 2 0 4 4 4
-6303.2 6733.4 -5.9 358 0 78.6 7.8 10.5 3.5 2 0 3 2 2
-5368.9 6398.4 -6.4 84 0 13.3 63.0 10.5 3.5 2 1 3 3 3
-5311.4 6466.0 -6.5 354 0 32.6 15.0 10.5 0.0 0 0 3 5 5
-5347.5 6476.8 -6.5 264 0 15.0 32.6 10.5 0.0 0 1 3 0 0
-5299.5 6405.3 -6.5 84 0 15.0 41.8 10.5 3.5 2 1 3 0 0
-5331.2 6399.9 -6.5 84 0 15.0 41.8 10.5 3.5 2 1 3 3 3
-5411.2 6467.5 -6.5 264 0 15.0 39.4 10.5 3.5 2 1 3 3 3
-5402.3 6394.6 -6.4 84 0 15.0 19.4 10.5 3.5 2 1 3 3 3
-5439.3 6411.2 -6.4 84 0 15.0 52.9 10.5 0.0 0 1 3 5 5
-5295.1 6397.4 -6.5 264 0 15.0 52.0 10.5 3.5 2 1 3 0 0
-5328.2 6390.6 -6.5 264 0 15.0 47.4 10.5 3.5 4 1 3 3 3
-5362.8 6385.6 -6.4 264 0 15.0 40.8 10.5 0.0 0 1 3 5 5
-5397.4 6384.6 -6.4 264 0 15.0 40.8 10.5 3.5 2 1 3 3 3
-5433.7 6385.6 -6.4 264 0 15.0 40.8 10.5 3.5 2 1 3 0 0
-5535.6 6589.4 -6.5 175 0 33.7 12.6 14.0 3.5 2 0 4 0 0
-5531.3 6621.7 -6.5 85 0 12.6 59.6 17.5 3.5 2 1 5 2 2
-5494.0 6625.0 -6.5 84 0 12.6 59.6 17.5 3.5 2 1 5 4 4
-5459.1 6629.1 -6.6 84 0 12.6 59.6 17.5 3.5 2 1 5 1 1
-5423.7 6631.7 -6.6 84 0 12.6 59.6 17.5 3.5 2 1 5 0 0
-5425.2 6617.0 -6.6 265 0 12.6 64.8 14.0 3.5 2 1 4 1 1
-5460.6 6614.1 -6.6 265 0 12.6 64.8 14.0 3.5 2 1 4 2 2
-5496.5 6611.0 -6.5 264 0 12.6 64.8 14.0 3.5 2 1 4 4 4
-6674.7 6235.4 -5.0 85 0 8.7 11.7 10.5 3.5 2 1 3 5 5
-6776.9 6377.4 -5.1 265 0 12.0 106.6 14.0 3.5 2 1 4 4 4
-6803.9 6267.2 -4.9 85 0 12.0 106.6 14.0 3.5 2 1 4 4 4
-6656.7 6236.4 -5.0 85 0 8.7 11.7 10.5 3.5 2 1 3 5 5
-6693.2 6233.8 -5.0 85 0 8.7 11.7 10.5 3.5 2 1 3 2 2
-6709.4 6232.4 -5.0 85 0 8.7 32.7 10.5 0.0 0 1 3 3 3
-6730.9 6229.8 -5.0 85 0 8.7 33.4 10.5 3.5 2 1 3 4 4
-6635.3 6032.5 -4.9 265 0 8.7 10.0 10.5 3.5 2 1 3 4 4
-6655.3 6030.3 -4.8 265 0 8.7 10.0 10.5 3.5 2 1 3 2 2
-6726.9 6224.6 -5.0 265 0 8.7 24.8 10.5 3.5 4 1 3 3 3
-6710.2 6226.1 -5.0 265 0 8.7 24.8 10.5 3.5 2 1 3 4 4
-6691.9 6227.4 -5.0 265 0 8.7 24.8 10.5 3.5 2 1 3 4 4
-6652.2 6197.9 -5.0 265 0 8.7 24.8 10.5 3.5 2 1 3 3 3
-6673.0 6195.7 -5.0 265 0 8.7 24.8 10.5 3.5 2 1 3 0 0
-6707.6 6192.6 -5.0 265 0 8.7 24.8 10.5 3.5 4 1 3 5 5
-6690.8 6193.9 -5.0 265 0 9.0 24.8 10.5 3.5 2 1 3 0 0
-6649.4 6165.0 -5.0 265 0 8.7 24.8 10.5 3.5 2 1 3 5 5
-6721.6 6158.3 -4.9 265 0 8.7 24.8 10.5 3.5 2 1 3 5 5
-6670.1 6162.9 -5.0 265 0 10.6 24.8 14.0 3.5 4 1 4 4 4
-6704.8 6159.8 -4.9 265 0 8.7 24.8 10.5 3.5 2 1 3 5 5
-6686.5 6161.1 -4.9 265 0 8.7 24.8 10.5 3.5 2 1 3 1 1
-6643.7 6104.6 -4.9 85 0 8.7 24.8 10.5 3.5 2 1 3 3 3
-6715.9 6097.9 -4.8 85 0 8.7 24.8 10.5 3.5 2 1 3 3 3
-6665.7 6102.3 -4.9 85 0 13.1 24.8 14.0 3.5 4 1 4 1 1
-6699.1 6099.4 -4.9 85 0 8.7 24.8 10.5 3.5 2 1 3 3 3
-6680.8 6100.7 -4.9 85 0 8.7 24.8 10.5 3.5 2 1 3 2 2
-6645.0 6096.9 -4.9 265 0 13.3 24.8 14.0 3.5 2 1 4 3 3
-6714.8 6090.4 -4.8 265 0 8.7 24.8 10.5 3.5 2 1 3 3 3
-6662.5 6095.0 -4.9 265 0 8.7 24.8 10.5 0.0 0 1 3 3 3
-6698.1 6091.9 -4.9 265 0 8.7 24.8 10.5 3.5 4 1 3 5 5
-6679.8 6093.2 -4.9 265 0 8.7 24.8 10.5 3.5 2 1 3 0 0
-6676.6 6061.1 -4.9 265 0 8.7 24.8 10.5 3.5 2 1 3 2 2
-6694.9 6059.8 -4.8 265 0 8.7 24.8 10.5 3.5 2 1 3 3 3
-6711.6 6058.3 -4.8 265 0 8.7 24.8 10.5 3.5 2 1 3 2 2
-5527.7 7033.3 -6.9 178 0 76.8 12.7 17.5 3.5 2 0 5 5 5
-6397.5 7354.1 -6.4 268 0 12.6 41.7 17.5 3.5 2 1 5 2 2
-6428.1 7347.3 -6.4 269 0 12.6 36.4 17.5 3.5 2 1 5 2 2
-6427.5 7354.1 -6.4 88 0 12.7 119.5 17.5 3.5 2 1 5 1 1
-5672.3 7028.4 -6.8 269 0 10.9 59.4 17.5 3.5 2 1 5 5 5
-5418.8 7012.0 -7.0 178 0 65.8 10.0 17.5 3.5 2 0 5 3 3
-5485.3 7189.6 -7.1 188 0 86.2 7.3 10.5 3.5 2 0 3 0 0
-5489.6 7142.1 -7.1 268 0 11.7 78.3 17.5 3.5 2 1 5 0 0
-5483.6 6977.1 -6.9 87 0 8.8 85.5 10.5 3.5 2 1 3 0 0
-5443.3 7011.4 -7.0 357 0 68.3 11.0 17.5 3.5 2 0 5 0 0
-5965.7 6011.6 -5.5 274 0 10.2 27.6 14.0 3.5 2 1 4 3 3
-5974.3 5967.3 -5.4 184 0 27.6 10.2 14.0 3.5 2 0 4 0 0
-5977.0 5935.2 -5.4 184 0 26.5 10.2 14.0 0.0 0 0 4 5 5
-5974.7 5905.9 -5.4 94 0 10.7 12.4 14.0 3.5 4 1 4 5 5
-5981.2 5821.8 -5.3 274 0 8.2 13.1 10.5 3.5 2 1 3 2 2
-5976.6 5853.4 -5.3 274 0 8.2 26.8 10.5 0.0 0 1 3 1 1
-5985.9 5746.3 -5.2 95 0 7.0 55.0 10.5 3.5 4 1 3 4 4
-5514.0 8309.0 -7.7 268 0 13.0 63.3 10.5 3.5 2 1 3 0 0
-5558.2 8318.2 -7.6 89 0 13.0 63.0 10.5 3.5 2 1 3 4 4
-5597.3 8316.7 -7.7 89 0 13.0 63.0 10.5 3.5 2 1 3 4 4
-5635.2 8315.0 -7.8 89 0 9.7 63.0 10.5 3.5 4 1 3 4 4
-5596.6 8303.2 -7.8 269 0 9.7 63.0 10.5 3.5 2 1 3 2 2
-5634.0 8303.5 -7.9 269 0 9.7 63.0 10.5 0.0 0 1 3 5 5
-5672.2 8300.9 -8.0 269 0 9.7 63.0 10.5 3.5 2 1 3 0 0
-5674.2 8312.4 -7.9 89 0 9.7 63.0 10.5 3.5 2 1 3 3 3
-5714.7 8311.7 -7.9 89 0 9.7 63.0 10.5 3.5 2 1 3 2 2
-5711.0 8298.7 -8.0 269 0 9.7 63.0 10.5 0.0 0 1 3 5 5
-4858.4 6017.9 -6.6 86 0 11.6 31.2 14.0 3.5 2 1 4 3 3
-4857.9 6010.8 -6.5 266 0 11.6 40.1 14.0 3.5 2 1 4 5 5
-4882.5 6016.0 -6.5 86 0 11.6 31.2 14.0 0.0 0 1 4 0 0
-4882.0 6008.9 -6.5 266 0 11.6 40.1 14.0 3.5 2 1 4 2 2
-4907.3 6014.5 -6.5 86 0 11.6 31.2 14.0 3.5 2 1 4 4 4
-4906.8 6007.4 -6.5 266 0 11.6 40.1 14.0 3.5 2 1 4 2 2
-4932.8 6012.3 -6.5 86 0 11.6 31.2 14.0 3.5 2 1 4 2 2
-4932.2 6005.2 -6.5 266 0 11.6 40.1 14.0 3.5 4 1 4 0 0
-6523.1 6219.5 -5.2 85 0 9.7 21.2 10.5 3.5 2 1 3 4 4
-6545.3 6242.3 -5.2 265 0 9.6 24.0 10.5 0.0 0 1 3 4 4
-6567.7 6239.6 -5.1 265 0 13.3 24.0 14.0 3.5 2 1 4 1 1
-6585.2 6238.1 -5.1 265 0 8.8 24.0 10.5 3.5 2 1 3 1 1
-6606.3 6235.7 -5.1 265 0 12.0 24.0 14.0 3.5 2 1 4 5 5
-6623.4 6234.5 -5.1 265 0 9.6 24.0 10.5 3.5 2 1 3 3 3
-6522.8 6210.0 -5.1 265 0 9.8 24.0 10.5 3.5 2 1 3 1 1
-6542.3 6208.2 -5.1 265 0 9.8 24.0 10.5 3.5 4 1 3 0 0
-6561.9 6206.5 -5.1 265 0 8.3 24.0 10.5 3.5 2 1 3 2 2
-6580.4 6204.1 -5.1 265 0 8.3 24.0 10.5 3.5 2 1 3 4 4
-6601.2 6202.8 -5.1 265 0 8.3 24.0 10.5 3.5 2 1 3 2 2
-6618.9 6201.5 -5.0 265 0 9.3 24.0 10.5 3.5 2 1 3 0 0
-6515.0 6142.8 -5.1 265 0 9.3 24.0 10.5 3.5 2 1 3 2 2
-6518.1 6177.6 -5.1 265 0 9.3 24.0 10.5 0.0 0 1 3 4 4
-6534.8 6141.7 -5.1 265 0 9.3 24.0 10.5 3.5 2 1 3 1 1
-6538.0 6176.4 -5.1 265 0 9.3 24.0 10.5 3.5 2 1 3 3 3
-6554.2 6139.8 -5.0 265 0 9.3 24.0 10.5 3.5 2 1 3 4 4
-6557.3 6174.6 -5.1 265 0 9.3 24.0 10.5 0.0 0 1 3 4 4
-6574.8 6136.9 -5.0 265 0 9.3 24.0 10.5 3.5 2 1 3 4 4
-6578.0 6171.7 -5.1 265 0 9.3 24.0 10.5 0.0 0 1 3 5 5
-6593.6 6134.6 -5.0 265 0 9.3 24.0 10.5 3.5 2 1 3 5 5
-6596.7 6169.3 -5.0 265 0 9.3 24.0 10.5 3.5 2 1 3 4 4
-6615.4 6168.4 -5.0 265 0 9.3 24.0 10.5 3.5 2 1 3 0 0
-6612.3 6133.6 -5.0 265 0 9.3 24.0 10.5 3.5 4 1 3 4 4
-6854.1 6167.3 -4.8 265 0 10.9 83.7 10.5 3.5 2 1 3 5 5
-6789.2 6080.8 -4.8 265 0 12.4 48.1 10.5 3.5 2 1 3 5 5
-6754.2 6084.3 -4.8 265 0 12.4 54.5 10.5 3.5 4 1 3 2 2
-6765.2 6184.6 -4.9 85 0 12.4 64.1 10.5 3.5 2 1 3 0 0
-6803.1 6181.2 -4.8 85 0 12.4 64.1 10.5 3.5 2 1 3 1 1
-6839.3 6178.3 -4.8 85 0 12.4 64.1 10.5 3.5 2 1 3 2 2
-6823.1 6084.6 -4.7 85 0 12.4 83.9 10.5 3.5 2 1 3 5 5
-6790.1 6088.2 -4.8 85 0 12.4 83.9 10.5 3.5 2 1 3 2 2
-6755.4 6092.0 -4.8 85 0 14.0 83.9 10.5 3.5 2 1 3 2 2
-5737.4 6953.4 -6.6 93 0 29.1 10.8 17.5 3.5 2 0 5 2 2
-5622.5 6951.7 -6.8 87 0 77.7 12.4 17.5 3.5 2 0 5 0 0
-5687.7 6950.8 -6.7 92 0 40.9 11.2 17.5 3.5 2 0 5 1 1
-5769.1 7028.0 -6.7 269 0 10.9 49.4 17.5 3.5 2 1 5 1 1
-5737.3 7029.3 -6.7 269 0 10.9 55.9 17.5 3.5 4 1 5 4 4
-5704.3 7029.5 -6.7 269 0 10.9 59.4 17.5 3.5 2 1 5 5 5
-5154.6 5655.1 -5.9 94 0 11.5 61.5 14.0 3.5 2 1 4 3 3
-5179.8 5657.0 -5.9 94 0 11.5 61.5 14.0 3.5 2 1 4 0 0
-5201.7 5720.0 -5.9 274 0 11.5 61.5 14.0 3.5 2 1 4 1 1
-5142.5 5647.4 -5.1 274 0 11.5 58.8 14.0 3.5 2 1 4 5 5
-5164.0 5648.5 -5.3 274 0 11.5 58.8 14.0 3.5 2 1 4 5 5
-5189.5 5652.1 -5.7 274 0 11.5 58.8 14.0 3.5 2 1 4 0 0
-6749.2 6437.2 -5.1 86 0 11.9 42.8 14.0 3.5 2 1 4 0 0
-6057.4 7880.8 -7.2 271 0 9.6 35.1 10.5 3.5 2 1 3 5 5
-6086.8 7880.5 -7.2 271 0 9.5 35.1 10.5 3.5 2 1 3 4 4
-6083.4 7802.2 -7.1 89 0 10.6 40.1 14.0 3.5 2 1 4 1 1
-6029.0 7760.5 -7.1 269 0 12.3 19.0 14.0 3.5 2 1 4 3 3
-6026.6 7695.3 -7.1 88 0 12.1 43.7 14.0 3.5 2 1 4 3 3
-6097.8 7779.5 -7.1 268 0 11.9 87.8 14.0 3.5 2 1 4 3 3
-6129.5 7778.6 -7.1 268 0 11.9 87.8 14.0 3.5 2 1 4 2 2
-6159.2 7777.5 -7.0 268 0 11.9 87.8 14.0 3.5 2 1 4 1 1
-6102.3 6837.0 -6.2 268 0 14.0 79.1 7.5 2.5 2 1 3 2 2
-6142.3 6756.3 -6.0 88 0 14.0 79.1 7.5 2.5 2 1 3 2 2
-6058.2 7482.6 -6.9 271 0 79.2 15.4 17.5 0.0 0 0 5 5 5
-6058.5 7488.6 -6.9 91 0 79.2 15.4 17.5 3.5 2 0 5 2 2
-6144.9 7489.8 -6.8 91 0 79.2 15.4 17.5 3.5 2 0 5 4 4
-6144.6 7482.9 -6.8 271 0 79.2 15.4 17.5 0.0 0 0 5 4 4
-5987.4 7139.8 -6.6 89 0 12.5 89.3 17.5 3.5 2 1 5 0 0
-5935.6 7145.0 -6.6 89 0 17.5 75.0 17.5 3.5 2 1 5 0 0
-5884.8 7152.4 -6.7 89 0 16.2 69.8 17.5 3.5 2 1 5 1 1
-6112.6 6463.9 -5.8 86 0 19.5 64.1 17.5 3.5 2 1 5 1 1
-6074.3 6468.9 -5.8 86 0 9.0 50.6 10.5 3.5 2 1 3 4 4
-6149.1 6442.8 -5.7 267 0 12.1 42.8 17.5 3.5 2 0 5 0 0
-6067.5 6449.8 -5.8 267 0 15.0 48.4 17.5 3.5 2 0 5 5 5
-6102.5 6446.5 -5.8 267 0 12.1 45.7 17.5 3.5 2 0 5 0 0
-6009.2 6487.2 -5.9 358 0 182.1 9.9 10.5 0.0 0 0 3 2 2
-6153.5 6470.4 -5.8 86 0 11.2 100.9 17.5 3.5 2 1 5 3 3
-6225.4 6473.9 -5.7 85 0 11.2 57.3 17.5 3.5 2 1 5 5 5
-6189.9 6467.7 -5.7 85 0 11.2 101.0 17.5 3.5 2 1 5 3 3
-6273.1 6486.8 -5.7 180 0 175.2 13.4 17.5 0.0 0 0 5 3 3
-6708.4 6486.2 -5.2 356 0 88.9 11.9 14.0 3.5 2 0 4 4 4
-6755.1 6524.8 -5.2 266 0 11.9 39.8 14.0 3.5 2 1 4 3 3
-6489.1 6414.1 -5.4 85 0 11.5 71.0 14.0 0.0 0 1 4 3 3
-6482.1 6299.8 -5.3 86 0 13.4 45.8 14.0 3.5 2 1 4 2 2
-6549.0 6409.3 -5.3 86 0 13.4 45.8 14.0 3.5 2 1 4 1 1
-6511.9 6411.9 -5.4 86 0 13.4 45.8 14.0 3.5 2 1 4 4 4
-6592.1 6403.7 -5.3 86 0 11.0 45.8 14.0 0.0 0 1 4 0 0
-6629.3 6401.6 -5.2 86 0 11.0 45.8 14.0 3.5 4 1 4 2 2
-6668.4 6397.9 -5.2 86 0 11.0 44.8 14.0 0.0 0 1 4 3 3
-6705.1 6394.5 -5.1 86 0 11.0 45.8 14.0 3.5 2 1 4 0 0
-6743.9 6391.0 -5.1 86 0 11.0 45.8 14.0 3.5 2 1 4 2 2
-6743.3 6379.1 -5.1 265 0 9.7 99.9 10.5 3.5 2 1 3 5 5
-6759.7 6671.9 -5.4 354 0 46.1 11.5 17.5 3.5 2 0 5 5 5
-6761.2 6757.4 -5.5 354 0 111.2 12.3 17.5 3.5 2 0 5 4 4
-6801.2 6762.7 -5.4 264 0 12.3 68.6 17.5 0.0 0 1 5 3 3
-6819.0 6667.3 -5.3 174 0 42.3 13.2 17.5 3.5 2 0 5 4 4
-6773.3 6596.4 -5.3 84 0 13.2 46.8 17.5 3.5 4 1 5 5 5
-6815.3 6591.7 -5.2 84 0 13.2 46.8 17.5 3.5 2 1 5 2 2
-5199.8 6014.2 -6.2 84 0 12.2 58.2 14.0 3.5 2 1 4 0 0
-5234.8 6013.1 -6.2 84 0 12.2 58.2 14.0 3.5 2 1 4 1 1
-5267.0 6010.4 -6.2 84 0 12.2 58.2 14.0 3.5 2 1 4 3 3
-5311.0 5991.5 -6.1 265 0 10.0 41.5 10.5 3.5 2 1 3 4 4
-5266.6 5965.3 -6.1 354 0 62.7 10.0 14.0 3.5 2 0 4 0 0
-5232.3 5966.7 -6.1 354 0 62.7 10.0 14.0 3.5 2 0 4 0 0
-5197.9 5939.1 -6.1 84 0 10.0 62.7 14.0 3.5 2 1 4 1 1
-5192.1 5925.0 -6.1 265 0 10.0 40.3 14.0 3.5 2 1 4 2 2
-5216.7 5903.3 -6.1 355 0 40.3 10.0 14.0 3.5 4 0 4 1 1
-5245.0 5901.8 -6.1 355 0 40.3 10.0 14.0 0.0 0 0 4 1 1
-5283.6 5918.1 -6.0 265 0 10.0 40.3 14.0 3.5 2 1 4 2 2
-6446.3 7196.7 -6.2 351 0 50.4 15.7 21.0 3.5 2 0 6 2 2
-6519.2 7098.1 -6.0 170 0 77.9 13.1 21.0 3.5 2 0 6 2 2
-6506.9 7034.3 -6.0 170 0 52.2 12.3 21.0 3.5 2 0 6 0 0
-6490.1 6976.2 -5.9 80 0 11.9 29.0 21.0 0.0 0 1 6 0 0
-4885.7 6863.5 -6.9 177 0 40.6 11.2 14.0 3.5 2 0 4 3 3
-4882.0 6887.4 -6.9 87 0 11.2 35.7 14.0 3.5 4 1 4 5 5
-4921.5 6883.5 -7.0 87 0 11.2 38.8 14.0 3.5 2 1 4 3 3
-4961.4 6881.7 -7.1 87 0 11.2 38.8 14.0 3.5 2 1 4 1 1
-5536.1 6393.2 -6.3 358 0 36.5 12.1 17.5 3.5 2 0 5 1 1
-5565.3 6373.0 -6.2 88 0 12.0 36.5 17.5 3.5 4 1 5 3 3
-5564.3 6489.1 -6.3 265 0 12.5 62.7 17.5 3.5 2 1 5 4 4
-5632.6 6482.8 -6.3 265 0 12.5 76.5 17.5 3.5 2 1 5 5 5
-5595.4 6486.4 -6.3 265 0 13.1 76.5 17.5 3.5 2 1 5 1 1
-5603.7 6276.6 -6.2 90 0 99.6 43.1 17.5 0.0 0 0 5 4 4
-5596.9 6269.1 -6.2 270 0 111.7 36.9 14.0 0.0 0 0 4 4 4
-5903.2 6298.5 -5.8 89 0 12.7 45.5 14.0 3.5 2 1 4 5 5
-5816.0 6292.8 -5.9 269 0 14.6 44.6 10.5 3.5 2 1 3 2 2
-5833.0 6299.6 -5.9 89 0 12.4 44.6 14.0 3.5 4 1 4 0 0
-5867.1 6299.0 -5.9 89 0 12.4 44.6 14.0 3.5 2 1 4 3 3
-5858.5 6291.8 -5.9 269 0 14.6 44.6 10.5 3.5 2 1 3 5 5
-5899.5 6290.9 -5.8 269 0 14.6 44.6 10.5 0.0 0 1 3 0 0
-6463.5 7811.6 -6.8 263 0 7.9 38.6 10.5 3.5 2 1 3 3 3
-6447.9 7813.8 -6.8 263 0 8.3 38.7 10.5 3.5 2 1 3 0 0
-6431.8 7816.2 -6.8 263 0 9.6 38.6 10.5 3.5 2 1 3 3 3
-6412.5 7819.1 -6.8 263 0 8.3 39.5 10.5 0.0 0 1 3 0 0
-6396.6 7821.0 -6.9 263 0 8.3 39.5 10.5 3.5 2 1 3 2 2
-6382.4 7822.7 -6.9 263 0 9.9 39.5 10.5 3.5 2 1 3 4 4
-6234.0 7749.8 -6.9 83 0 5.5 17.7 10.5 3.5 2 1 3 3 3
-6254.6 7778.8 -6.9 263 0 8.0 31.3 10.5 0.0 0 1 3 4 4
-6299.5 7773.6 -6.9 263 0 6.9 31.3 10.5 3.5 2 1 3 3 3
-6311.5 7772.3 -6.9 263 0 6.9 31.3 10.5 3.5 4 1 3 5 5
-6321.3 7738.7 -6.8 83 0 6.9 31.3 10.5 3.5 2 1 3 5 5
-6334.2 7737.3 -6.8 83 0 6.9 31.3 10.5 3.5 2 1 3 3 3
-6412.7 7700.9 -6.7 83 0 13.2 73.7 14.0 3.5 2 1 4 2 2
-6375.8 7704.9 -6.7 83 0 13.1 73.7 14.0 3.5 2 1 4 0 0
-6357.1 7744.5 -6.8 353 0 73.7 7.9 10.5 3.5 2 0 3 3 3
-5942.6 7783.6 -7.3 264 0 58.9 14.7 14.0 3.5 2 0 4 0 0
-5906.5 7737.5 -7.2 354 0 21.3 21.4 14.0 3.5 2 1 4 2 2
-5902.4 7704.3 -7.2 353 0 36.4 19.7 14.0 0.0 0 0 4 1 1
-6396.7 7971.0 -7.0 265 0 5.8 32.5 10.5 3.5 4 1 3 4 4
-6411.7 7970.4 -7.0 265 0 6.5 32.5 10.5 3.5 2 1 3 3 3
-6422.5 7968.8 -7.0 265 0 8.2 32.5 10.5 3.5 2 1 3 5 5
-6451.2 7965.9 -6.9 265 0 9.9 32.5 10.5 3.5 2 1 3 2 2
-6463.8 7964.2 -6.9 265 0 9.9 32.5 10.5 3.5 2 1 3 0 0
-6492.9 7961.7 -6.9 265 0 9.9 32.5 10.5 3.5 4 1 3 3 3
-6504.6 7960.4 -6.9 265 0 9.9 32.5 10.5 3.5 2 1 3 0 0
-6538.2 7957.6 -6.8 265 0 9.9 32.5 10.5 0.0 0 1 3 1 1
-6623.1 7776.4 -6.6 262 0 5.7 31.7 10.5 3.5 2 1 3 3 3
-6634.6 7789.8 -6.6 261 0 9.9 34.4 10.5 3.5 2 1 3 4 4
-6614.7 7702.2 -6.6 170 0 8.7 62.2 10.5 3.5 2 0 3 3 3
-6555.7 7798.2 -6.7 262 0 14.8 89.4 17.5 3.5 2 0 5 4 4
-6594.6 7793.1 -6.7 262 0 63.6 9.4 10.5 3.5 2 0 3 0 0
-6578.1 7976.2 -6.8 168 0 71.0 6.9 10.5 3.5 2 0 3 3 3
-6399.0 7877.8 -6.9 82 0 9.2 47.3 10.5 3.5 4 1 3 2 2
-6434.2 7872.4 -6.8 82 0 9.2 47.3 10.5 3.5 2 1 3 5 5
-6469.6 7868.1 -6.8 82 0 11.7 47.3 14.0 3.5 2 1 4 2 2
-6513.7 7863.0 -6.8 82 0 9.2 47.3 10.5 3.5 2 1 3 1 1
-6463.6 8261.2 -7.2 360 0 14.2 18.0 14.0 0.0 0 1 4 2 2
-6493.1 8239.1 -7.1 359 0 12.9 18.0 14.0 3.5 2 1 4 1 1
-6436.5 8286.1 -7.3 89 0 13.2 51.1 14.0 3.5 2 1 4 0 0
-6476.6 8334.8 -7.3 269 0 9.2 41.2 10.5 3.5 2 1 3 4 4
-6513.8 8333.4 -7.3 268 0 12.3 83.5 14.0 3.5 2 1 4 5 5
-6507.5 8221.6 -7.1 8 0 14.5 19.9 14.0 3.5 2 1 4 0 0
-6527.3 8204.8 -7.1 20 0 14.5 19.9 14.0 3.5 2 1 4 4 4
-6542.3 8188.5 -7.0 37 0 12.8 21.5 14.0 3.5 2 1 4 4 4
-6553.4 8177.2 -7.0 37 0 12.8 21.5 14.0 3.5 2 1 4 1 1
-6569.8 8167.2 -7.0 20 0 14.5 19.9 14.0 3.5 2 1 4 2 2
-6700.6 6805.1 -5.6 264 0 11.5 64.1 17.5 3.5 2 1 5 2 2
-6738.7 6809.3 -5.5 264 0 11.5 73.5 17.5 3.5 2 1 5 5 5
-6640.0 6921.3 -5.7 274 0 13.1 47.3 17.5 3.5 2 0 5 5 5
-6647.6 6821.1 -5.6 94 0 13.1 53.2 17.5 3.5 2 0 5 1 1
-6671.7 6823.3 -5.6 94 0 13.1 100.5 17.5 0.0 0 1 5 1 1
-6522.3 6051.0 -5.0 84 0 6.6 24.0 10.5 3.5 2 1 3 0 0
-6541.2 6049.3 -5.0 84 0 6.6 24.0 10.5 3.5 2 1 3 1 1
-6562.1 6046.8 -4.9 84 0 6.6 24.0 10.5 3.5 4 1 3 2 2
-6581.8 6044.9 -4.9 84 0 6.6 24.0 10.5 0.0 0 1 3 1 1
-6600.7 6042.7 -4.9 84 0 6.6 24.0 10.5 3.5 2 1 3 1 1
-6526.9 6107.8 -5.0 264 0 6.6 24.0 10.5 3.5 2 1 3 4 4
-6562.9 6079.0 -5.0 84 0 6.6 24.0 10.5 3.5 2 1 3 1 1
-6605.5 6074.8 -4.9 84 0 9.4 24.0 10.5 3.5 4 1 3 5 5
