2045.4 -10781.2 -8.3 1 0 24.2 73.8 5.0 0.0 0 1 2 5 5
2008.2 -10718.0 -8.2 271 0 80.4 22.4 10.0 0.0 0 0 4 4 4
2140.5 -10641.8 -8.0 271 0 39.8 155.4 7.5 0.0 0 1 3 2 2
2080.5 -10641.1 -8.0 271 0 39.9 155.4 10.0 0.0 0 1 4 5 5
2134.9 -10966.2 -8.5 91 0 41.2 154.7 10.0 0.0 0 1 4 0 0
2075.7 -10965.4 -8.5 91 0 39.4 154.7 7.5 0.0 0 1 3 1 1
2006.2 -10947.9 -8.6 91 0 60.1 129.8 7.5 0.0 0 1 3 2 2
1873.9 -10964.7 -8.7 91 0 39.4 154.7 7.5 0.0 0 1 3 0 0
1933.2 -10965.5 -8.6 91 0 41.2 154.7 10.0 0.0 0 1 4 0 0
1878.0 -10638.4 -8.2 271 0 39.9 155.4 10.0 0.0 0 1 4 5 5
1937.9 -10639.1 -8.1 271 0 39.8 155.4 7.5 0.0 0 1 3 4 4
1960.5 -10179.5 -7.4 91 0 16.9 56.6 10.0 2.5 2 1 4 1 1
1500.1 -9833.1 -7.2 0 0 48.6 11.4 10.0 2.5 2 0 4 2 2
1443.5 -9828.1 -7.2 90 0 9.8 22.4 5.0 2.5 2 1 2 2 2
1435.2 -9774.6 -7.2 180 0 48.5 18.4 7.5 2.5 2 0 3 4 4
1789.5 -9836.1 -7.1 1 0 58.4 35.4 7.5 0.0 0 0 3 1 1
1724.5 -9863.5 -7.1 90 0 32.2 92.8 7.5 0.0 0 1 3 5 5
1678.4 -9864.4 -7.2 91 0 39.0 97.6 7.5 0.0 0 1 3 2 2
1613.9 -9808.7 -7.1 181 0 111.7 39.1 7.5 0.0 0 0 3 1 1
1592.0 -9794.2 -7.1 1 0 126.7 35.2 10.0 0.0 0 0 4 5 5
1511.3 -9793.0 -7.1 181 0 130.3 36.1 10.0 0.0 0 0 4 5 5
1650.3 -9503.6 -6.7 1 0 297.9 65.6 12.5 0.0 0 0 5 2 2
2341.2 -10020.2 -7.7 91 0 149.2 36.6 7.5 0.0 0 0 3 4 4
2255.2 -9982.4 -7.6 271 0 24.0 10.5 10.0 2.5 2 0 4 3 3
2230.9 -10052.2 -7.8 91 0 22.6 70.1 7.5 2.5 2 0 3 2 2
2254.8 -10197.9 -7.8 91 0 27.7 8.7 7.5 2.5 2 0 3 0 0
2231.5 -10072.4 -7.8 271 0 22.6 125.2 10.0 0.0 0 0 4 0 0
2283.5 -10073.1 -7.7 271 0 26.0 125.2 15.0 0.0 0 0 6 5 5
2169.7 -10196.8 -8.3 91 0 49.9 212.4 7.5 0.0 0 1 3 3 3
2039.0 -10026.4 -7.2 181 0 250.9 101.2 10.0 0.0 0 0 4 2 2
1982.3 -10003.7 -7.2 91 0 54.1 102.4 10.0 0.0 0 1 4 0 0
1936.3 -10029.0 -7.3 1 0 253.7 86.2 10.0 0.0 0 0 4 0 0
2004.3 -10397.9 -7.8 91 0 42.9 149.6 10.0 0.0 0 1 4 2 2
1933.2 -10395.8 -7.8 91 0 42.9 150.5 7.5 0.0 0 1 3 1 1
1931.8 -10414.9 -7.8 271 0 42.4 151.1 10.0 0.0 0 1 4 5 5
2002.4 -10415.8 -7.8 271 0 43.8 151.1 7.5 0.0 0 1 3 2 2
2064.3 -10418.7 -7.7 271 0 40.1 151.1 10.0 0.0 0 1 4 1 1
2113.8 -10416.9 -7.7 271 0 39.8 151.1 7.5 0.0 0 1 3 5 5
2604.3 -10373.1 -8.5 303 0 31.3 30.9 7.5 0.0 0 0 3 3 3
-6698.3 158.4 -5.3 283 0 35.3 121.5 10.0 0.0 0 1 4 4 4
-6834.9 162.4 -5.8 13 0 52.7 13.6 10.0 0.0 0 0 4 5 5
-6884.0 107.0 -5.8 193 0 54.9 23.2 10.0 2.5 2 0 4 3 3
-6918.7 -31.3 -5.8 192 0 57.4 18.7 7.5 2.5 2 0 3 4 4
-6755.2 236.4 -5.7 283 0 86.0 24.3 10.0 0.0 0 0 4 0 0
-6769.5 173.9 -5.7 283 0 85.3 120.7 12.5 0.0 0 1 5 0 0
-6592.0 -61.7 -3.7 193 0 142.4 23.9 10.0 0.0 0 0 4 0 0
-6665.2 7.0 -4.5 283 0 72.7 121.0 10.0 0.0 0 1 4 5 5
-6856.7 -12.9 -5.6 193 0 120.3 84.7 7.5 0.0 0 0 3 1 1
-5493.9 -698.5 -4.0 90 0 17.4 97.8 14.0 0.0 0 1 4 4 4
-5537.6 -698.7 -3.7 90 0 27.4 98.5 14.0 0.0 0 1 4 0 0
-5580.8 -698.5 -2.8 90 0 19.0 96.7 14.0 0.0 0 1 4 2 2
-5599.7 -651.4 -2.8 360 0 97.2 9.0 10.5 0.0 0 0 3 4 4
-5668.6 -534.0 -3.4 270 0 96.8 153.8 17.5 0.0 0 1 5 4 4
-6320.5 -117.5 -4.2 13 0 152.8 71.8 10.0 0.0 0 0 4 1 1
-5433.0 -5704.0 -3.2 89 0 7.7 27.4 5.0 2.5 2 1 2 3 3
-5455.1 -5704.8 -3.2 89 0 8.5 25.8 7.5 0.0 0 1 3 1 1
-5454.0 -5630.2 -3.2 269 0 10.9 38.5 10.0 2.5 2 1 4 0 0
-5361.9 -5676.6 -3.0 89 0 18.1 49.4 10.0 2.5 2 1 4 2 2
-6051.1 -2795.5 -3.7 269 0 8.0 34.4 7.5 2.5 2 1 3 2 2
-6114.0 -2767.8 -3.7 179 0 73.6 11.1 7.5 2.5 2 0 3 0 0
-4949.1 -900.4 -3.1 274 0 22.3 4.8 10.5 3.5 2 0 3 2 2
-4955.2 -978.4 -2.6 94 0 22.6 6.0 10.5 3.5 2 0 3 1 1
-4987.9 -936.2 -3.5 184 0 54.9 13.7 17.5 3.5 4 0 5 5 5
3077.7 1784.2 1.2 273 0 10.2 86.8 14.0 3.5 2 1 4 1 1
