3458.2 -10494.2 -6.8 102 0 8.7 33.7 5.0 2.5 2 1 2 2 2
3510.0 -10018.8 -5.3 277 0 11.8 61.3 10.0 2.5 2 1 4 2 2
3494.0 -10151.0 -5.3 97 0 11.7 49.5 7.5 2.5 2 1 3 2 2
3462.3 -10049.8 -4.9 187 0 71.8 8.2 7.5 0.0 0 0 3 4 4
3455.4 -10146.1 -5.2 97 0 10.5 48.2 7.5 0.0 0 1 3 0 0
3414.4 -10486.7 -6.9 102 0 10.9 48.8 7.5 2.5 2 1 3 1 1
3443.9 -10491.9 -6.8 102 0 9.9 43.6 7.5 2.5 2 1 3 1 1
3542.5 -10508.0 -6.6 102 0 7.0 37.7 7.5 2.5 2 1 3 1 1
3495.4 -10503.1 -6.7 102 0 9.4 34.5 7.5 2.5 2 1 3 3 3
-6336.7 -4849.9 -5.3 9 0 6.5 37.7 5.0 0.0 0 1 2 5 5
-6380.5 -4795.9 -5.3 279 0 15.0 44.2 7.5 0.0 0 1 3 1 1
-6427.8 -4828.1 -5.3 189 0 52.3 13.8 7.5 2.5 2 0 3 5 5
4312.3 -5680.8 -3.4 9 0 41.5 50.6 10.0 0.0 0 1 4 1 1
4180.0 -5703.1 -4.0 99 0 29.3 99.8 12.5 0.0 0 1 5 0 0
5900.0 -5683.0 -6.4 15 0 17.2 42.5 12.5 2.5 2 1 5 3 3
5882.8 -5744.5 -4.8 105 0 10.6 32.4 10.0 2.5 2 1 4 3 3
5845.0 -5717.8 -5.7 195 0 32.8 9.9 7.5 2.5 2 0 3 2 2
5777.3 -5716.5 -8.3 105 0 8.6 71.0 7.5 2.5 2 1 3 4 4
5738.9 -5704.4 -9.1 105 0 10.6 68.5 12.5 2.5 4 1 5 3 3
1012.2 -1665.4 -0.0 83 0 15.0 30.6 10.0 2.5 2 1 4 3 3
984.6 -1632.6 -0.0 173 0 67.4 11.0 5.0 2.5 2 0 2 0 0
1034.5 -1663.1 -0.0 83 0 17.5 31.4 7.5 2.5 2 1 3 1 1
1026.0 -1592.5 -0.0 263 0 17.5 30.7 7.5 2.5 2 1 3 3 3
1071.4 -1659.9 -0.1 83 0 27.1 72.1 7.5 0.0 0 1 3 3 3
1204.1 -1652.4 -0.1 85 0 12.1 21.4 10.0 2.5 2 1 4 4 4
1200.9 -1618.4 -0.1 85 0 12.0 21.5 15.0 0.0 0 1 6 5 5
1269.3 -1576.7 -0.1 85 0 12.1 21.9 10.0 2.5 2 1 4 0 0
1275.7 -1645.7 -0.1 85 0 12.1 21.4 7.5 2.5 2 1 3 4 4
1272.5 -1611.6 -0.1 85 0 12.1 21.5 7.5 0.0 0 1 3 3 3
1235.5 -1580.6 -0.1 85 0 12.1 21.9 10.0 2.5 2 1 4 3 3
1241.9 -1649.6 -0.1 85 0 12.1 21.4 10.0 2.5 2 1 4 0 0
1238.8 -1615.5 -0.1 85 0 12.1 21.5 10.0 2.5 2 1 4 2 2
1168.5 -1655.0 -0.1 85 0 12.1 21.3 7.5 2.5 2 1 3 2 2
1163.3 -1599.4 -0.1 265 0 12.1 21.5 10.0 2.5 2 1 4 3 3
1162.1 -1586.0 -0.1 85 0 12.1 21.9 10.0 2.5 2 1 4 3 3
1146.9 -1536.9 -0.1 175 0 9.9 128.5 7.5 2.5 2 1 3 4 4
3679.7 -5148.3 -1.7 283 0 57.1 34.6 12.5 0.0 0 0 5 5 5
3636.0 -5128.9 -2.2 103 0 16.8 33.9 5.0 2.5 2 1 2 5 5
6705.0 -1425.0 -4.3 275 0 49.9 147.5 10.0 0.0 0 1 4 4 4
6738.7 -1804.7 -5.3 275 0 104.2 49.0 12.5 0.0 0 0 5 4 4
6648.9 -1808.8 -2.2 274 0 15.9 40.0 10.0 2.5 2 0 4 1 1
6589.6 -1793.0 -3.3 274 0 105.0 51.1 10.0 0.0 0 0 4 3 3
5336.9 -7278.4 -6.5 287 0 7.2 20.2 7.5 2.5 4 1 3 1 1
5366.5 -7683.3 -7.6 198 0 30.2 79.5 7.5 0.0 0 1 3 2 2
5664.8 -7359.7 -7.2 289 0 15.2 46.8 10.0 2.5 2 1 4 3 3
5351.7 -7234.7 -5.9 287 0 14.6 5.3 5.0 2.5 2 0 2 3 3
5325.1 -7265.8 -6.1 107 0 11.4 36.9 7.5 2.5 2 1 3 0 0
5355.7 -7274.8 -5.9 107 0 26.8 36.8 5.0 0.0 0 1 2 3 3
5393.9 -7286.9 -5.7 107 0 13.9 36.2 7.5 2.5 2 1 3 2 2
5425.6 -7296.7 -5.6 107 0 14.7 35.3 10.0 2.5 2 1 4 5 5
5428.2 -7326.9 -6.6 287 0 8.1 39.5 7.5 2.5 2 1 3 5 5
5391.8 -7327.6 -6.7 287 0 9.7 26.0 7.5 2.5 2 1 3 3 3
5364.6 -7317.8 -6.9 287 0 8.9 27.3 5.0 2.5 2 1 2 5 5
5346.2 -7311.7 -7.0 287 0 7.7 28.0 7.5 2.5 2 1 3 1 1
5327.8 -7305.8 -7.1 287 0 7.9 28.0 5.0 2.5 2 1 2 3 3
5355.1 -7283.9 -6.4 287 0 8.6 20.2 5.0 2.5 4 1 2 1 1
5319.5 -7272.8 -6.6 287 0 6.2 21.4 7.5 0.0 0 1 3 4 4
5299.8 -7359.9 -7.5 107 0 27.2 28.1 7.5 0.0 0 1 3 4 4
5342.0 -7352.1 -7.1 107 0 9.5 5.9 7.5 2.5 2 0 3 0 0
5346.7 -7374.1 -7.2 107 0 8.4 26.8 5.0 2.5 4 1 2 3 3
5364.7 -7379.8 -7.1 107 0 9.1 26.0 2.5 2.5 2 1 1 4 4
5362.5 -7388.5 -7.1 287 0 8.5 28.4 7.5 2.5 2 1 3 4 4
5344.6 -7384.1 -7.2 287 0 7.5 26.7 2.5 2.5 4 1 1 5 5
5306.9 -7373.2 -7.6 287 0 49.5 26.8 10.0 0.0 0 0 4 0 0
5121.4 -7498.6 -8.1 198 0 10.8 119.1 10.0 2.5 2 1 4 0 0
5187.8 -7647.3 -8.9 288 0 20.4 60.2 12.5 2.5 2 1 5 5 5
5160.4 -7619.1 -8.9 288 0 13.4 79.7 10.0 2.5 2 1 4 3 3
5072.0 -7671.8 -7.4 196 0 7.2 54.0 7.5 2.5 2 1 3 1 1
5080.6 -7597.0 -8.9 286 0 7.9 65.7 7.5 0.0 0 1 3 3 3
5149.5 -7862.5 -7.0 297 0 10.9 28.7 7.5 2.5 2 1 3 1 1
5207.8 -7796.5 -6.6 28 0 32.3 18.8 7.5 0.0 0 0 3 0 0
5163.1 -7839.3 -6.9 118 0 8.2 39.4 7.5 0.0 0 1 3 2 2
5202.1 -7305.5 -8.0 288 0 54.5 62.8 10.0 0.0 0 1 4 3 3
5283.0 -7466.3 -7.4 108 0 11.8 62.3 7.5 2.5 4 1 3 2 2
5315.5 -7477.5 -7.1 108 0 13.5 57.3 7.5 2.5 2 1 3 1 1
5308.5 -7493.4 -7.7 288 0 12.4 65.8 10.0 2.5 2 1 4 3 3
5277.5 -7485.3 -7.7 288 0 12.5 63.6 10.0 2.5 2 1 4 2 2
5202.2 -7460.5 -8.3 287 0 129.8 49.4 12.5 0.0 0 0 5 2 2
5102.0 -7881.0 -6.7 297 0 18.2 53.6 10.0 0.0 0 1 4 3 3
5257.2 -7881.9 -6.9 110 0 7.6 35.5 7.5 2.5 2 1 3 2 2
5459.5 -7863.8 -7.7 290 0 8.2 52.2 7.5 0.0 0 1 3 3 3
5432.9 -7854.2 -7.6 290 0 34.7 82.6 10.0 0.0 0 1 4 2 2
5307.7 -7900.2 -7.4 110 0 30.1 37.4 7.5 0.0 0 1 3 0 0
5289.9 -7801.4 -7.3 290 0 14.0 34.8 12.5 2.5 2 1 5 3 3
5334.1 -7816.0 -7.4 290 0 35.7 36.6 7.5 0.0 0 1 3 0 0
5373.5 -7830.9 -7.4 289 0 14.0 88.9 10.0 2.5 2 1 4 5 5
5565.4 -7628.6 -8.1 21 0 130.9 23.5 12.5 0.0 0 0 5 4 4
5595.5 -7553.7 -7.5 110 0 14.0 94.9 10.0 2.5 4 1 4 0 0
5597.2 -7420.4 -7.0 110 0 31.1 18.5 12.5 2.5 2 0 5 2 2
5576.0 -7429.1 -7.1 200 0 16.0 32.6 10.0 2.5 2 1 4 1 1
5544.0 -7458.5 -6.7 20 0 144.4 54.7 10.0 0.0 0 0 4 5 5
4044.0 5998.9 -2.4 12 0 70.7 11.6 7.5 2.5 2 0 3 0 0
6462.1 8455.7 -6.9 90 0 10.5 56.1 10.0 2.5 2 1 4 5 5
6410.9 8387.7 -6.8 91 0 24.4 43.5 7.5 0.0 0 1 3 0 0
6367.6 8388.2 -6.7 91 0 14.4 54.7 12.5 2.5 2 1 5 0 0
6294.2 8394.4 -6.5 91 0 17.4 48.9 7.5 2.5 2 1 3 1 1
4921.2 8968.7 -6.8 2 0 43.3 14.4 14.0 3.5 4 0 4 1 1
-532.1 10249.6 -8.0 1 0 54.0 12.9 12.5 2.5 2 0 5 0 0
-657.8 10248.7 -8.1 1 0 58.5 11.6 7.5 2.5 2 0 3 4 4
