-5243.6 -5809.8 -6.6 279 0 7.1 40.8 10.5 3.5 2 1 3 0 0
-5257.0 -5899.3 -6.7 99 0 7.1 38.2 10.5 3.5 2 1 3 4 4
-5187.6 -5823.2 -6.6 10 0 10.0 43.6 10.5 3.5 2 0 3 1 1
-5193.4 -5808.4 -6.5 280 0 30.3 8.5 10.5 3.5 2 0 3 1 1
-5182.7 -5835.4 -6.6 10 0 32.4 6.9 10.5 3.5 2 0 3 5 5
-5193.4 -5895.9 -6.6 10 0 36.1 6.5 10.5 3.5 2 0 3 3 3
-5197.1 -5915.4 -6.7 3 0 4.1 70.5 10.5 3.5 2 0 3 4 4
-5285.8 -5912.0 -6.7 93 0 36.5 11.7 14.0 3.5 2 0 4 1 1
-5353.8 -5908.0 -6.8 93 0 99.6 13.8 14.0 3.5 2 0 4 2 2
-3816.3 197.1 1.3 267 0 10.5 70.9 10.0 2.5 2 1 4 4 4
4250.1 -6728.1 -6.2 78 0 15.2 54.0 7.5 2.5 2 1 3 4 4
4381.8 -6744.2 -6.4 348 0 48.6 13.4 10.0 2.5 2 0 4 3 3
4331.6 -6754.7 -6.4 168 0 47.0 15.0 7.5 2.5 2 0 3 1 1
4313.3 -6852.3 -6.5 78 0 8.0 58.6 7.5 2.5 2 1 3 4 4
4263.9 -6793.0 -6.3 78 0 12.4 56.8 10.0 2.5 2 1 4 5 5
4218.0 -6733.5 -6.1 78 0 12.9 53.0 10.0 2.5 2 1 4 5 5
4220.0 -6743.3 -6.3 258 0 12.8 57.8 10.0 2.5 2 1 4 1 1
4184.9 -6739.8 -6.1 78 0 13.3 51.8 7.5 2.5 2 1 3 5 5
4198.5 -6806.8 -6.3 78 0 12.6 57.6 10.0 2.5 2 1 4 2 2
4164.3 -6813.5 -6.3 78 0 13.3 118.5 7.5 2.5 2 1 3 3 3
3980.4 -6773.8 -6.0 81 0 11.5 29.6 7.5 2.5 2 1 3 5 5
3958.0 -6774.4 -5.9 81 0 13.8 45.7 7.5 2.5 2 1 3 5 5
3921.2 -6778.5 -5.9 81 0 13.2 40.7 10.0 2.5 2 1 4 2 2
3865.7 -6746.2 -5.8 261 0 13.0 40.5 7.5 2.5 2 1 3 3 3
3827.8 -6734.1 -5.8 261 0 14.1 59.6 10.0 2.5 2 1 4 4 4
3790.8 -6737.7 -5.7 261 0 12.9 61.0 5.0 2.5 2 1 2 3 3
3764.6 -6804.5 -5.8 81 0 10.6 61.7 7.5 2.5 2 1 3 0 0
4298.2 -8609.7 -9.7 356 0 5.4 20.7 5.0 2.5 2 1 2 1 1
4311.0 -8623.0 -9.7 356 0 21.4 11.3 5.0 2.5 2 0 2 1 1
4242.7 -8653.5 -9.7 86 0 13.8 40.7 15.0 0.0 0 1 6 0 0
3932.4 -8699.5 -9.4 355 0 34.6 10.4 7.5 2.5 2 0 3 2 2
3927.3 -8627.8 -9.3 355 0 89.6 9.0 7.5 0.0 0 0 3 0 0
3877.7 -8764.9 -9.4 85 0 14.9 81.1 10.0 2.5 2 1 4 4 4
