4978.3 -1.0 -4.4 106 0 59.6 21.5 7.5 2.5 2 0 3 1 1
5063.5 177.8 -4.9 16 0 17.8 59.6 12.5 2.5 2 1 5 2 2
4867.0 89.9 -2.0 106 0 19.9 50.9 7.5 2.5 2 1 3 1 1
4944.0 182.6 -3.2 197 0 81.9 15.3 7.5 0.0 0 0 3 4 4
4918.9 74.3 -2.9 106 0 19.9 50.9 7.5 0.0 0 1 3 4 4
5195.6 525.8 -5.9 17 0 19.4 111.5 10.0 0.0 0 1 4 0 0
5178.2 447.3 -5.8 17 0 24.0 84.7 7.5 0.0 0 1 3 4 4
5076.9 297.2 -4.9 17 0 21.5 98.3 10.0 0.0 0 1 4 2 2
5068.4 270.4 -4.8 17 0 21.5 98.3 10.0 0.0 0 1 4 3 3
5013.5 536.4 -3.9 197 0 58.8 35.9 7.5 0.0 0 0 3 0 0
4989.0 452.2 -3.5 197 0 64.7 24.9 10.0 0.0 0 0 4 0 0
4947.7 367.7 -3.0 197 0 74.1 24.9 7.5 0.0 0 0 3 2 2
4923.2 244.6 -2.7 107 0 24.9 74.1 10.0 0.0 0 1 4 2 2
4521.7 674.9 -0.8 101 0 29.0 109.0 10.0 0.0 0 1 4 1 1
4489.7 680.5 -1.0 101 0 18.6 109.0 10.0 0.0 0 1 4 0 0
4730.2 613.0 0.2 281 0 56.0 131.8 7.5 0.0 0 0 3 1 1
4668.9 490.4 0.2 101 0 20.2 102.4 7.5 0.0 0 0 3 4 4
4634.7 496.8 -0.1 101 0 49.5 113.3 10.0 0.0 0 0 4 0 0
3558.3 5362.2 0.3 360 0 33.5 343.4 10.0 0.0 0 1 4 0 0
3556.5 5437.5 0.4 360 0 89.5 343.4 10.0 0.0 0 1 4 5 5
3557.4 5286.9 0.1 360 0 89.5 343.4 17.5 0.0 0 1 7 3 3
3386.4 5137.3 0.1 90 0 343.4 87.0 7.5 0.0 0 0 3 0 0
