-4513.1 2316.8 -3.1 92 0 16.6 105.0 12.5 0.0 0 1 5 2 2
1043.5 8795.6 -8.0 285 0 60.1 36.5 14.0 0.0 0 0 4 1 1
1109.0 8777.6 -7.3 285 0 52.7 36.2 14.0 0.0 0 0 4 2 2
1367.7 8988.9 -7.8 285 0 79.6 209.6 14.0 0.0 0 1 4 0 0
1485.7 8576.2 -8.0 285 0 87.3 129.9 14.0 0.0 0 1 4 0 0
990.5 8668.9 -8.0 106 0 75.7 35.5 14.0 0.0 0 0 4 1 1
1045.8 8726.1 -8.1 16 0 36.1 75.6 14.0 0.0 0 1 4 3 3
1156.4 8964.2 -7.6 195 0 30.3 42.3 14.0 0.0 0 1 4 5 5
1118.2 8808.5 -7.4 105 0 52.6 35.9 14.0 0.0 0 0 4 4 4
2275.6 8065.4 -7.4 121 0 14.8 34.2 7.5 0.0 0 1 3 3 3
1152.9 8852.2 -7.4 106 0 11.6 37.3 14.0 3.5 2 1 4 0 0
1468.0 8961.9 -7.8 286 0 79.4 209.0 14.0 0.0 0 1 4 0 0
1451.7 8387.6 -7.9 122 0 19.8 40.0 14.0 0.0 0 1 4 3 3
1268.6 8507.3 -6.9 105 0 25.1 21.3 7.5 2.5 2 0 3 4 4
1269.4 9015.7 -7.8 285 0 79.4 208.9 14.0 0.0 0 1 4 4 4
673.4 9037.6 -8.2 195 0 200.5 70.9 14.0 0.0 0 0 4 0 0
1052.8 8826.2 -8.1 105 0 60.3 36.2 14.0 0.0 0 0 4 5 5
1144.4 8929.3 -7.6 286 0 20.8 70.6 14.0 3.5 2 1 4 4 4
1099.6 8942.1 -7.9 286 0 21.0 71.1 14.0 3.5 2 1 4 4 4
2127.3 3875.4 -0.2 268 0 13.6 89.4 7.5 2.5 2 1 3 1 1
2164.3 3874.1 -0.3 268 0 12.8 88.9 7.5 2.5 2 1 3 5 5
583.5 9203.8 -8.6 285 0 24.6 181.6 7.5 0.0 0 1 3 1 1
750.6 8852.8 -8.0 105 0 63.6 23.8 14.0 3.5 2 0 4 2 2
407.3 7772.9 -6.1 171 0 88.4 13.8 14.0 3.5 2 0 4 3 3
-299.1 9433.0 -8.2 23 0 23.8 138.5 10.5 0.0 0 1 3 0 0
1690.8 9187.0 -8.4 16 0 89.7 57.9 14.0 0.0 0 0 4 4 4
486.3 8979.6 -8.2 105 0 26.1 115.2 7.5 0.0 0 1 3 2 2
519.8 8969.6 -8.1 106 0 23.5 52.4 5.0 0.0 0 1 2 1 1
-8.0 9857.8 -9.8 275 0 49.0 150.4 10.0 0.0 0 1 4 4 4
1577.5 9318.5 -8.6 285 0 13.9 35.4 14.0 3.5 2 1 4 3 3
1488.6 9224.6 -8.4 105 0 20.2 75.5 14.0 3.5 2 1 4 1 1
459.3 9079.0 -8.4 195 0 52.3 25.6 10.0 2.5 4 0 4 5 5
1687.6 9299.9 -8.6 284 0 50.8 51.2 14.0 0.0 0 1 4 5 5
859.7 8738.5 -7.6 106 0 36.1 105.7 14.0 0.0 0 1 4 0 0
940.4 9187.2 -8.6 105 0 61.1 120.6 10.5 0.0 0 1 3 4 4
2205.7 3768.0 0.1 356 0 13.2 81.4 7.5 2.5 2 1 3 2 2
902.7 8732.7 -7.8 18 0 11.6 4.9 10.5 3.5 2 0 3 0 0
5339.7 7948.9 -9.6 263 0 71.9 298.4 10.0 0.0 0 1 4 4 4
716.0 8819.6 -7.8 105 0 14.5 33.6 14.0 3.5 2 1 4 4 4
1554.6 9335.3 -8.6 285 0 19.4 124.8 14.0 0.0 0 1 4 4 4
1624.2 9092.2 -8.2 196 0 34.7 21.2 14.0 0.0 0 0 4 4 4
-1229.7 9396.9 -7.7 161 0 103.3 38.4 17.5 0.0 0 0 5 4 4
309.0 9054.5 -8.2 120 0 111.1 18.8 14.0 0.0 0 0 4 0 0
636.6 8867.8 -7.8 105 0 16.1 51.7 14.0 3.5 2 1 4 3 3
818.6 8819.8 -7.9 195 0 70.7 27.9 14.0 0.0 0 0 4 3 3
989.2 8847.7 -8.3 105 0 9.6 32.5 10.5 3.5 2 1 3 0 0
1001.7 9384.1 -8.9 286 0 21.4 56.6 10.5 3.5 2 1 3 5 5
1040.2 9344.4 -8.8 15 0 56.1 21.3 10.5 3.5 2 0 3 3 3
1596.0 9164.8 -8.3 106 0 35.6 89.5 14.0 0.0 0 1 4 2 2
1674.5 9121.5 -8.3 15 0 18.4 41.1 14.0 3.5 2 1 4 2 2
1552.2 9176.8 -8.3 105 0 36.9 90.0 14.0 0.0 0 1 4 5 5
965.9 9393.7 -9.0 285 0 21.4 55.6 10.5 0.0 0 1 3 0 0
1604.8 9757.6 -9.5 105 0 106.9 238.4 14.0 0.0 0 1 4 2 2
444.7 7779.3 -6.1 172 0 87.8 13.1 14.0 3.5 2 0 4 0 0
1176.1 9108.3 -8.0 105 0 14.3 36.2 14.0 3.5 2 1 4 2 2
1188.0 9158.0 -8.1 105 0 11.7 29.4 14.0 3.5 2 1 4 1 1
1139.1 9118.5 -8.6 105 0 40.7 96.6 14.0 0.0 0 1 4 5 5
1163.5 9234.5 -8.7 195 0 16.0 27.2 14.0 3.5 2 1 4 5 5
284.9 9421.4 -9.4 195 0 21.4 18.5 10.5 3.5 2 0 3 5 5
298.2 9345.7 -9.3 105 0 21.2 80.3 10.5 0.0 0 1 3 0 0
419.2 9312.7 -9.1 106 0 30.9 66.1 10.5 0.0 0 1 3 4 4
378.9 9323.8 -9.1 106 0 12.3 47.3 10.5 3.5 2 1 3 5 5
-1048.9 8220.9 -5.9 342 0 100.0 17.2 7.5 0.0 0 0 3 2 2
91.8 9849.3 -9.7 275 0 49.2 326.6 10.0 0.0 0 1 4 1 1
1303.8 9403.4 -8.6 286 0 13.4 28.5 14.0 3.5 2 1 4 0 0
1489.7 9352.5 -8.6 284 0 16.2 41.3 14.0 0.0 0 1 4 2 2
1460.7 9360.6 -8.6 285 0 24.9 119.8 14.0 0.0 0 1 4 4 4
1456.1 9232.8 -8.4 105 0 14.9 75.1 14.0 3.5 2 1 4 2 2
539.0 9606.5 -9.7 285 0 48.4 150.4 10.5 0.0 0 1 3 5 5
1268.9 9084.3 -8.0 106 0 16.3 41.1 14.0 3.5 2 1 4 1 1
624.1 9362.9 -9.0 15 0 104.6 32.3 10.5 0.0 0 0 3 5 5
1219.8 9328.1 -8.9 285 0 88.6 87.1 14.0 0.0 0 0 4 3 3
517.7 9308.7 -8.9 105 0 13.8 30.6 10.5 3.5 4 1 3 5 5
478.8 9306.0 -9.0 105 0 14.6 43.2 10.5 3.5 2 1 3 3 3
667.6 9503.1 -9.3 286 0 25.1 83.9 10.5 0.0 0 1 3 5 5
694.1 9567.7 -9.4 285 0 8.4 37.8 10.5 3.5 2 1 3 1 1
69.0 9433.1 -9.4 96 0 93.8 73.4 12.5 0.0 0 0 5 1 1
1411.7 9122.0 -8.1 15 0 105.0 26.9 14.0 0.0 0 0 4 0 0
1337.7 9349.7 -8.5 285 0 21.5 130.9 14.0 0.0 0 1 4 5 5
608.6 9432.8 -9.2 105 0 23.8 83.9 10.5 0.0 0 1 3 3 3
1378.0 9382.5 -8.6 285 0 20.5 30.5 14.0 0.0 0 1 4 0 0
1289.7 9134.3 -8.1 105 0 24.5 69.8 14.0 0.0 0 1 4 2 2
1368.4 9344.2 -8.5 285 0 20.6 80.3 14.0 0.0 0 1 4 1 1
-1041.6 5903.9 1.7 355 0 60.7 12.2 12.5 2.5 2 0 5 0 0
1388.7 9812.3 -9.9 106 0 108.0 273.9 14.0 0.0 0 1 4 1 1
1269.7 9300.7 -8.4 195 0 129.2 22.3 14.0 0.0 0 0 4 0 0
644.5 9581.4 -9.5 285 0 14.5 39.0 10.5 3.5 2 1 3 2 2
1338.0 9161.4 -8.2 105 0 14.5 32.9 14.0 3.5 2 1 4 2 2
774.5 9451.9 -9.1 285 0 31.0 63.8 10.5 0.0 0 1 3 4 4
1323.8 9118.4 -8.1 104 0 25.5 43.4 14.0 0.0 0 1 4 3 3
1352.7 9107.2 -8.1 104 0 24.3 50.7 14.0 0.0 0 1 4 4 4
1366.2 9056.8 -8.0 106 0 50.0 9.8 10.5 3.5 4 0 3 3 3
1383.9 9178.5 -8.2 13 0 9.8 9.9 10.5 3.5 2 1 3 2 2
1235.1 9120.4 -8.1 105 0 40.5 93.5 14.0 0.0 0 1 4 0 0
3941.1 9157.5 -9.9 345 0 109.4 51.8 10.0 0.0 0 0 4 5 5
1342.5 9248.6 -8.3 286 0 20.1 40.6 14.0 3.5 2 1 4 1 1
812.0 10331.3 -10.9 285 0 24.9 171.2 14.0 0.0 0 1 4 2 2
1060.2 9418.8 -9.0 14 0 50.9 13.2 10.5 0.0 0 0 3 2 2
1433.3 9211.7 -8.3 15 0 60.5 65.7 14.0 0.0 0 1 4 0 0
1652.5 9362.8 -8.7 106 0 48.0 84.0 14.0 0.0 0 1 4 5 5
1575.4 9522.2 -9.0 196 0 8.4 12.6 10.5 3.5 2 1 3 2 2
1605.5 9442.0 -8.8 106 0 10.3 22.0 14.0 0.0 0 1 4 2 2
-2042.1 4651.8 -2.0 352 0 30.8 211.6 7.5 0.0 0 1 3 0 0
5676.5 8256.4 -10.8 82 0 20.0 51.5 10.0 2.5 2 1 4 2 2
-449.0 7134.5 -4.6 252 0 19.3 46.2 10.0 2.5 4 1 4 3 3
1707.8 9514.4 -9.0 16 0 9.5 24.4 10.5 3.5 2 1 3 3 3
5621.3 8273.9 -10.7 172 0 52.4 20.0 10.0 0.0 0 0 4 5 5
458.1 7694.2 -5.9 171 0 62.1 12.4 14.0 3.5 2 0 4 3 3
4487.8 8983.8 -9.7 164 0 67.2 25.0 10.0 0.0 0 0 4 3 3
-623.7 4960.0 -4.3 263 0 15.7 64.5 7.5 2.5 2 1 3 2 2
989.5 10272.1 -10.8 286 0 29.5 146.5 14.0 0.0 0 1 4 1 1
1694.7 9618.6 -9.2 285 0 95.5 74.3 14.0 0.0 0 0 4 3 3
-542.5 4898.7 -3.8 83 0 22.6 66.9 10.0 2.5 2 1 4 5 5
4540.1 8807.4 -9.6 164 0 270.8 144.9 10.0 0.0 0 0 4 3 3
490.2 7691.7 -5.9 172 0 75.8 13.1 14.0 3.5 4 0 4 2 2
422.9 7681.7 -5.9 171 0 74.2 12.9 14.0 3.5 2 0 4 4 4
1173.0 9733.9 -9.6 16 0 80.5 24.2 14.0 0.0 0 0 4 2 2
368.8 7763.3 -5.8 171 0 179.4 13.2 14.0 0.0 0 0 4 0 0
-577.0 4889.9 -4.0 83 0 11.8 72.4 10.0 2.5 2 1 4 5 5
830.8 9198.0 -8.7 105 0 158.3 157.9 10.5 0.0 0 0 3 3 3
593.4 10447.4 -11.2 105 0 142.9 224.8 14.0 0.0 0 1 4 0 0
564.7 7882.1 -6.4 261 0 13.9 57.9 14.0 3.5 2 1 4 3 3
869.1 7771.6 -6.0 3 0 45.6 13.2 14.0 3.5 2 0 4 4 4
560.0 7472.8 -5.3 83 0 13.0 71.6 14.0 0.0 0 1 4 1 1
765.3 7556.6 -5.1 0 0 52.3 12.9 14.0 3.5 2 0 4 4 4
593.9 7921.3 -6.5 262 0 13.8 93.2 14.0 3.5 2 1 4 2 2
693.4 7559.3 -5.1 351 0 53.0 13.6 14.0 0.0 0 0 4 2 2
439.1 7582.0 -5.3 171 0 96.5 14.1 14.0 3.5 2 0 4 0 0
729.7 7558.6 -5.1 0 0 81.6 13.2 14.0 3.5 2 0 4 0 0
-381.4 7672.1 -5.2 80 0 15.4 50.1 7.5 2.5 2 1 3 2 2
593.1 7472.2 -5.3 83 0 13.5 66.4 14.0 3.5 2 1 4 5 5
827.7 7851.6 -6.5 2 0 20.0 12.0 14.0 3.5 2 0 4 2 2
671.6 7937.9 -6.6 261 0 14.2 70.5 14.0 3.5 2 1 4 2 2
4192.4 7728.3 -7.8 276 0 58.6 17.5 10.0 2.5 4 0 4 3 3
876.7 7918.4 -6.8 2 0 71.1 14.8 14.0 3.5 2 0 4 4 4
548.6 8028.2 -5.3 261 0 14.5 51.5 14.0 3.5 2 1 4 5 5
830.2 7750.3 -5.9 2 0 34.3 13.2 14.0 3.5 2 0 4 3 3
-1621.6 5682.7 -3.5 265 0 24.4 202.8 14.0 0.0 0 1 4 1 1
492.9 7494.0 -5.2 83 0 13.1 57.0 14.0 3.5 2 1 4 5 5
-1546.0 4973.1 -1.9 263 0 29.7 55.2 12.5 0.0 0 1 5 3 3
865.1 7694.3 -5.7 3 0 84.1 13.4 14.0 3.5 2 0 4 2 2
-2216.3 4494.6 -1.8 82 0 35.5 98.7 10.0 0.0 0 1 4 3 3
699.8 7734.7 -5.9 83 0 13.4 35.0 14.0 3.5 2 1 4 0 0
656.4 7767.7 -6.3 82 0 14.0 64.3 14.0 0.0 0 1 4 5 5
619.7 7739.4 -6.2 82 0 13.0 79.2 14.0 3.5 2 1 4 2 2
290.9 10612.7 -11.5 95 0 37.2 78.3 10.5 0.0 0 1 3 4 4
657.0 7472.6 -5.3 82 0 13.6 86.0 14.0 3.5 2 1 4 3 3
453.7 8011.2 -5.3 261 0 13.9 46.4 14.0 3.5 2 1 4 2 2
-1166.7 4834.8 -5.9 263 0 23.8 59.7 10.0 2.5 2 1 4 5 5
549.0 7557.4 -5.2 82 0 13.5 63.4 14.0 3.5 2 1 4 0 0
-2168.3 4501.6 -1.8 82 0 35.6 98.2 10.0 0.0 0 1 4 0 0
523.7 7684.0 -5.7 173 0 64.2 13.3 14.0 3.5 2 0 4 5 5
-2066.5 5371.9 -4.4 264 0 14.3 49.8 10.5 3.5 2 1 3 5 5
766.2 7493.6 -5.3 0 0 51.6 13.3 14.0 3.5 2 0 4 3 3
601.2 7645.8 -5.6 82 0 13.3 66.0 14.0 3.5 2 1 4 2 2
484.9 8017.1 -5.3 260 0 13.0 48.6 14.0 3.5 2 1 4 4 4
580.0 7561.8 -5.2 81 0 13.5 62.9 14.0 0.0 0 1 4 5 5
-1134.1 4839.0 -6.3 263 0 22.7 59.8 10.0 2.5 2 1 4 5 5
708.1 7944.3 -6.6 261 0 14.3 69.8 14.0 3.5 2 1 4 1 1
-2121.6 4508.4 -1.8 82 0 35.6 98.4 5.0 0.0 0 1 2 0 0
552.4 7968.0 -6.3 262 0 13.1 76.3 14.0 3.5 2 1 4 1 1
412.3 8004.0 -5.3 262 0 13.5 47.5 14.0 0.0 0 1 4 4 4
870.8 7828.4 -6.3 3 0 46.5 13.4 14.0 3.5 2 0 4 5 5
4252.9 8022.7 -7.8 75 0 37.2 83.8 7.5 0.0 0 1 3 3 3
528.5 7473.1 -5.3 82 0 13.5 86.1 14.0 3.5 2 1 4 0 0
-2073.9 4514.8 -1.7 82 0 35.9 99.1 7.5 0.0 0 1 3 1 1
573.6 7812.4 -6.3 262 0 11.5 78.6 14.0 3.5 2 1 4 0 0
269.3 10797.3 -11.2 271 0 73.8 44.6 10.5 0.0 0 0 3 1 1
624.6 7472.1 -5.3 83 0 12.9 66.6 14.0 3.5 2 1 4 5 5
461.8 7954.8 -5.3 262 0 13.1 36.1 14.0 3.5 2 1 4 2 2
662.5 8003.2 -6.4 262 0 14.1 54.0 14.0 3.5 2 1 4 2 2
-1487.4 5278.5 -5.9 263 0 26.3 170.1 12.5 0.0 0 1 5 3 3
-927.3 4896.4 -6.5 352 0 78.0 18.2 7.5 2.5 2 0 3 4 4
864.9 7613.5 -5.3 2 0 60.8 11.8 14.0 3.5 2 0 4 0 0
571.0 7641.8 -5.6 82 0 13.8 66.1 14.0 3.5 2 1 4 4 4
633.1 7651.0 -5.7 82 0 13.3 78.7 14.0 3.5 4 1 4 1 1
515.8 8023.0 -5.3 261 0 14.2 49.3 14.0 3.5 2 1 4 5 5
636.7 7925.5 -6.6 262 0 14.4 69.8 14.0 3.5 2 1 4 3 3
397.5 7586.3 -5.4 171 0 138.0 13.3 14.0 0.0 0 0 4 2 2
611.5 7567.9 -5.2 81 0 13.0 62.8 14.0 3.5 2 1 4 2 2
1169.6 7652.2 -5.4 270 0 13.8 50.8 14.0 3.5 2 1 4 3 3
818.9 7653.9 -5.6 94 0 13.8 67.9 14.0 3.5 2 1 4 0 0
764.6 7627.9 -5.4 359 0 68.3 13.3 14.0 3.5 2 0 4 4 4
421.7 7948.5 -4.8 262 0 13.2 36.2 14.0 3.5 2 1 4 1 1
4294.8 8068.2 -7.7 345 0 63.3 18.7 7.5 2.5 2 0 3 4 4
793.3 7753.6 -5.9 3 0 34.4 13.7 14.0 3.5 2 0 4 2 2
4322.9 7770.7 -7.4 75 0 22.7 102.1 7.5 0.0 0 1 3 3 3
385.0 7963.0 -4.8 262 0 12.8 64.2 14.0 3.5 2 1 4 2 2
624.5 8005.3 -6.4 262 0 14.0 69.8 14.0 3.5 4 1 4 5 5
644.1 7569.8 -5.2 82 0 13.1 64.7 14.0 3.5 2 1 4 2 2
1163.1 7560.1 -5.1 180 0 58.7 13.9 14.0 3.5 2 0 4 1 1
4606.8 8332.8 -9.3 345 0 216.8 45.9 10.0 0.0 0 0 4 0 0
724.2 7635.8 -5.4 359 0 52.2 13.1 14.0 3.5 2 0 4 0 0
580.0 8013.8 -6.2 261 0 12.8 84.8 14.0 3.5 2 1 4 5 5
679.1 7595.5 -5.3 82 0 12.5 67.8 14.0 3.5 2 1 4 1 1
738.7 7735.4 -5.9 81 0 13.2 34.6 14.0 3.5 2 1 4 3 3
470.9 7607.7 -5.3 172 0 60.5 12.6 14.0 3.5 2 0 4 4 4
781.4 7662.9 -5.6 93 0 13.2 59.9 14.0 3.5 2 1 4 3 3
514.2 7575.0 -5.3 82 0 14.1 68.1 14.0 3.5 2 1 4 4 4
-2026.4 4522.6 -1.8 82 0 35.0 97.7 7.5 0.0 0 1 3 0 0
4225.1 7817.1 -7.3 165 0 89.0 20.1 7.5 0.0 0 0 3 2 2
1209.2 7651.1 -5.4 270 0 13.6 116.9 14.0 3.5 2 1 4 2 2
667.9 7680.2 -5.8 82 0 14.3 75.2 14.0 3.5 2 1 4 5 5
697.3 8008.3 -6.6 262 0 14.2 54.2 14.0 3.5 2 1 4 3 3
623.1 8037.0 -5.2 264 0 13.3 18.8 14.0 3.5 2 1 4 1 1
344.2 7163.6 -5.9 80 0 15.3 72.7 14.0 3.5 4 1 4 4 4
-1140.8 5462.5 -5.7 265 0 22.8 107.7 14.0 0.0 0 1 4 2 2
-2130.3 4882.9 -2.5 262 0 32.3 95.8 7.5 0.0 0 1 3 5 5
977.4 7676.2 -5.6 92 0 12.3 35.0 14.0 3.5 2 1 4 3 3
233.1 7734.0 -5.9 261 0 12.7 91.0 17.5 3.5 2 1 5 1 1
1212.0 7733.1 -5.9 91 0 12.1 77.6 14.0 3.5 2 1 4 0 0
1044.3 7925.1 -6.9 182 0 76.6 13.4 14.0 3.5 2 0 4 1 1
-2177.8 4875.8 -2.5 262 0 31.8 95.8 7.5 0.0 0 1 3 0 0
-1880.9 4700.5 -1.9 82 0 15.1 21.0 10.0 2.5 2 1 4 3 3
969.9 7888.4 -6.5 271 0 12.3 20.2 14.0 3.5 2 1 4 1 1
596.9 4588.1 -0.8 91 0 11.4 43.5 7.5 2.5 2 1 3 5 5
-1779.7 2789.8 0.2 90 0 14.4 16.9 7.5 2.5 2 1 3 3 3
1181.1 7943.2 -6.8 360 0 76.6 14.2 14.0 3.5 2 0 4 0 0
922.1 7858.1 -6.5 183 0 82.0 12.1 14.0 3.5 2 0 4 5 5
1054.6 8054.3 -7.2 272 0 13.9 78.0 14.0 3.5 2 1 4 2 2
1169.7 7459.3 -5.2 91 0 13.5 58.5 14.0 3.5 2 1 4 5 5
-498.6 5059.5 -4.2 173 0 64.4 11.7 10.5 3.5 2 0 3 2 2
1134.9 7719.4 -5.9 90 0 13.0 79.1 14.0 3.5 2 1 4 5 5
138.4 7424.3 -5.3 82 0 199.4 138.2 17.5 0.0 0 0 5 0 0
1035.5 7674.6 -5.6 93 0 13.4 32.1 14.0 3.5 2 1 4 4 4
918.3 7766.2 -6.0 183 0 78.7 12.4 14.0 3.5 2 0 4 4 4
542.2 4630.5 -0.6 270 0 12.0 40.5 7.5 2.5 2 1 3 2 2
834.8 7916.2 -6.8 2 0 71.1 12.9 14.0 3.5 2 0 4 2 2
1218.2 7854.5 -6.3 1 0 65.7 11.5 14.0 0.0 0 0 4 1 1
181.7 7128.2 -5.6 81 0 29.4 78.9 14.0 0.0 0 1 4 5 5
-2224.9 4869.0 -2.6 262 0 32.3 96.0 10.0 0.0 0 1 4 5 5
-1926.4 4625.1 -1.9 352 0 21.8 18.3 7.5 2.5 4 0 3 5 5
425.0 6415.9 -3.2 261 0 14.5 64.3 14.0 3.5 2 1 4 5 5
609.2 4677.9 -0.3 266 0 9.7 30.3 7.5 2.5 2 1 3 1 1
1133.7 8067.3 -7.3 270 0 14.9 78.4 14.0 3.5 2 1 4 2 2
-1843.7 5143.8 -3.7 352 0 102.2 13.1 14.0 3.5 2 0 4 4 4
468.4 4582.4 -0.9 181 0 86.3 13.8 7.5 0.0 0 0 3 1 1
1173.5 7718.1 -5.9 91 0 12.9 77.9 14.0 3.5 2 1 4 0 0
1142.2 7843.4 -6.2 1 0 64.6 13.5 14.0 3.5 2 0 4 1 1
571.5 4589.3 -0.7 90 0 12.2 43.5 10.0 0.0 0 1 4 1 1
1220.5 7939.4 -6.8 0 0 61.7 13.4 14.0 3.5 2 0 4 1 1
1174.7 8044.8 -7.2 271 0 13.7 51.2 14.0 3.5 2 1 4 3 3
108.7 7216.8 -5.4 172 0 34.7 19.5 14.0 0.0 0 0 4 0 0
-2279.4 4812.3 -2.5 172 0 95.4 31.7 12.5 0.0 0 0 5 2 2
56.1 7881.3 -5.0 171 0 47.7 13.4 7.5 2.5 2 0 3 4 4
-1987.7 4549.2 -1.8 81 0 9.0 29.4 7.5 2.5 2 1 3 4 4
1096.5 7722.5 -5.8 90 0 12.9 64.5 14.0 3.5 4 1 4 2 2
1007.6 8022.5 -7.1 183 0 66.8 11.9 14.0 3.5 4 0 4 3 3
1046.6 7864.9 -6.3 272 0 12.0 64.1 14.0 3.5 2 1 4 4 4
1220.4 8011.4 -7.2 1 0 65.8 12.8 14.0 3.5 2 0 4 1 1
-1178.3 5459.2 -3.7 265 0 23.0 47.0 14.0 3.5 2 1 4 4 4
-1859.0 5250.0 -3.9 352 0 91.9 12.5 14.0 3.5 2 0 4 0 0
-1883.9 5390.3 -4.4 262 0 14.9 85.7 14.0 3.5 2 1 4 0 0
506.5 4538.6 -0.9 91 0 12.3 88.8 10.0 0.0 0 1 4 2 2
-2263.0 4700.9 -2.3 172 0 95.5 30.6 10.0 0.0 0 0 4 3 3
1180.6 7846.5 -6.2 0 0 73.7 12.8 14.0 3.5 2 0 4 5 5
1094.9 7967.7 -6.9 270 0 13.7 76.9 14.0 3.5 4 1 4 5 5
956.1 7757.2 -5.9 182 0 65.9 12.8 14.0 3.5 2 0 4 3 3
-1182.7 5375.3 -5.2 175 0 48.9 23.2 14.0 3.5 2 0 4 4 4
4530.5 10153.6 -12.3 344 0 14.4 48.5 10.5 3.5 2 1 3 3 3
-2218.2 4707.5 -2.2 172 0 95.7 32.8 10.0 0.0 0 0 4 3 3
253.7 7296.5 -5.2 351 0 98.8 110.6 14.0 0.0 0 1 4 4 4
-1832.4 5045.7 -2.0 353 0 73.6 11.9 14.0 3.5 2 0 4 0 0
915.6 7694.8 -5.6 181 0 33.0 13.2 14.0 3.5 4 0 4 1 1
199.9 7673.1 -5.7 171 0 72.1 12.1 17.5 3.5 4 0 5 2 2
1095.4 7800.6 -6.1 90 0 12.2 60.7 14.0 3.5 2 1 4 5 5
-2138.7 4718.9 -2.2 352 0 95.5 31.7 7.5 0.0 0 0 3 0 0
1004.0 7940.2 -6.9 182 0 75.5 12.7 14.0 3.5 2 0 4 3 3
1278.3 7130.4 -5.6 98 0 54.2 68.1 12.5 0.0 0 1 5 3 3
1039.8 7720.4 -5.8 92 0 12.6 65.3 14.0 3.5 2 1 4 5 5
961.2 7827.0 -6.3 184 0 47.3 12.1 14.0 3.5 2 0 4 4 4
-2091.2 4725.9 -2.2 352 0 96.0 32.1 10.0 0.0 0 0 4 2 2
1141.1 7937.0 -6.8 360 0 76.5 13.4 14.0 0.0 0 0 4 1 1
1001.2 7721.1 -5.8 92 0 12.4 65.6 14.0 3.5 2 1 4 4 4
252.3 7139.0 -5.8 81 0 53.5 79.6 14.0 0.0 0 1 4 5 5
1208.0 7466.8 -5.2 91 0 11.9 54.9 14.0 3.5 2 1 4 4 4
1007.4 7872.8 -6.4 272 0 12.7 73.9 14.0 3.5 2 1 4 1 1
78.9 7927.3 -5.0 1 0 13.8 16.7 7.5 2.5 2 1 3 1 1
816.6 8076.8 -6.6 259 0 12.9 30.4 14.0 3.5 2 1 4 3 3
670.1 8049.5 -5.9 261 0 12.9 30.6 14.0 3.5 2 1 4 4 4
766.7 8066.9 -6.5 259 0 12.8 30.6 14.0 0.0 0 1 4 0 0
718.8 8057.7 -6.4 259 0 12.8 29.8 14.0 3.5 2 1 4 0 0
1317.5 3160.7 -0.4 266 0 11.9 31.1 10.0 2.5 2 1 4 4 4
1243.2 3095.8 -0.3 177 0 46.1 12.3 7.5 2.5 2 0 3 1 1
1286.9 3075.5 -0.3 87 0 12.3 46.1 7.5 2.5 2 1 3 2 2
1328.4 3100.8 -0.5 357 0 46.1 12.3 10.0 2.5 4 0 4 1 1
1246.2 3155.6 -0.2 266 0 11.9 31.1 10.0 2.5 2 1 4 1 1
1282.2 3158.1 -0.3 266 0 11.9 31.1 10.0 2.5 4 1 4 2 2
-294.9 10150.7 -10.2 95 0 60.8 66.1 10.5 0.0 0 1 3 5 5
-266.6 4468.7 -1.7 93 0 67.5 15.2 10.0 2.5 2 0 4 1 1
-212.0 5143.1 -2.8 347 0 128.9 18.1 10.5 0.0 0 0 3 2 2
-3052.1 10357.1 -10.3 345 0 15.4 6.5 10.5 3.5 4 0 3 4 4
-3248.2 5284.3 -4.2 85 0 20.3 16.3 14.0 3.5 2 0 4 2 2
-429.4 5126.6 -4.2 260 0 12.3 39.6 10.5 3.5 2 1 3 0 0
-395.7 5136.6 -4.0 258 0 12.2 47.8 10.5 3.5 2 1 3 2 2
-3434.6 5973.0 -7.4 356 0 39.4 22.1 10.0 0.0 0 0 4 1 1
-270.8 5189.5 -3.1 257 0 12.9 63.5 10.5 3.5 2 1 3 5 5
-3188.1 5219.3 -4.0 354 0 24.4 6.6 7.5 2.5 2 0 3 4 4
-2236.3 5695.1 -3.7 265 0 23.3 15.1 14.0 3.5 2 0 4 2 2
-243.8 5074.1 -2.9 76 0 12.9 45.7 10.5 3.5 2 1 3 1 1
-3216.8 5288.5 -4.2 85 0 12.9 40.0 14.0 3.5 2 1 4 5 5
-2166.1 5659.1 -4.1 354 0 86.2 19.1 14.0 0.0 0 0 4 2 2
-301.1 5177.3 -3.4 256 0 13.8 44.0 10.5 3.5 2 1 3 4 4
-330.4 5166.1 -3.6 256 0 12.7 44.4 10.5 0.0 0 1 3 4 4
-2954.9 5317.4 -4.3 84 0 23.4 89.8 10.5 0.0 0 1 3 0 0
-3110.2 5272.4 -4.2 263 0 15.3 37.0 14.0 3.5 2 1 4 4 4
-364.0 5153.0 -3.8 257 0 12.7 44.1 10.5 3.5 2 1 3 5 5
-375.8 5041.9 -3.3 80 0 12.7 39.2 10.5 3.5 2 1 3 1 1
-452.5 5035.0 -4.0 83 0 13.7 60.0 10.5 3.5 4 1 3 4 4
-1445.6 4912.3 -5.5 83 0 26.5 189.2 12.5 0.0 0 1 5 4 4
-413.1 5024.7 -3.5 82 0 12.8 54.6 10.5 3.5 2 1 3 1 1
-3040.2 10292.5 -10.3 263 0 5.7 43.5 10.5 3.5 2 1 3 1 1
-273.2 5058.3 -3.1 77 0 12.9 59.1 10.5 0.0 0 1 3 5 5
-3047.6 5277.7 -4.3 263 0 51.0 36.3 14.0 0.0 0 0 4 4 4
-3060.6 10309.0 -10.3 77 0 6.7 14.7 10.5 3.5 2 1 3 5 5
-3481.4 5949.6 -7.5 86 0 22.8 89.8 10.0 0.0 0 1 4 4 4
-3108.9 5198.1 -4.3 173 0 35.1 92.7 14.0 0.0 0 1 4 2 2
-1507.1 5060.9 -5.1 174 0 71.9 25.9 10.0 0.0 0 0 4 4 4
-3016.1 5309.7 -4.2 84 0 24.3 144.7 10.5 0.0 0 1 3 0 0
-3022.5 10319.8 -10.3 165 0 15.9 6.6 10.5 3.5 2 0 3 0 0
-3027.5 10294.4 -10.3 263 0 5.3 42.9 10.5 3.5 2 1 3 0 0
-2180.4 5591.9 -4.5 354 0 21.8 109.7 14.0 0.0 0 1 4 0 0
-3044.3 10313.5 -10.3 76 0 6.1 29.3 10.5 3.5 2 1 3 5 5
-2233.5 5669.2 -4.3 265 0 22.7 69.6 14.0 0.0 0 1 4 4 4
-335.2 5044.6 -3.3 77 0 12.6 56.0 10.5 3.5 2 1 3 2 2
-3088.4 10302.1 -10.4 76 0 13.6 29.5 14.0 3.5 2 1 4 5 5
-304.1 5054.1 -3.2 77 0 12.5 58.5 10.5 3.5 2 1 3 1 1
-473.5 2708.2 1.2 93 0 13.6 63.5 10.0 2.5 2 1 4 4 4
-439.4 2763.5 1.0 273 0 13.7 29.1 7.5 2.5 2 1 3 3 3
