-2849.5 10754.9 -12.4 83 0 11.0 64.0 14.0 3.5 2 1 4 0 0
-2879.4 10751.3 -12.4 83 0 10.9 63.6 14.0 3.5 2 1 4 0 0
-2907.4 10747.5 -12.5 83 0 11.0 63.4 14.0 3.5 2 1 4 5 5
-2934.4 10743.3 -12.5 83 0 10.8 64.5 14.0 3.5 2 1 4 3 3
-2961.5 10739.2 -12.5 83 0 11.1 63.6 14.0 0.0 0 1 4 2 2
-3781.2 10576.7 -12.9 90 0 8.6 36.9 10.5 3.5 2 1 3 0 0
-3811.3 10576.8 -12.9 90 0 9.8 37.4 10.5 3.5 2 1 3 0 0
-3842.1 10577.3 -13.0 90 0 9.2 36.4 10.5 3.5 2 1 3 2 2
-3872.0 10577.5 -13.0 90 0 8.7 36.8 10.5 3.5 2 1 3 1 1
-3932.7 10746.8 -13.1 270 0 10.9 57.1 14.0 3.5 2 1 4 5 5
-3965.3 10746.2 -13.1 270 0 10.9 57.1 14.0 3.5 2 1 4 2 2
-3905.0 10679.1 -13.0 90 0 9.7 67.7 10.5 3.5 2 1 3 1 1
-3871.3 10790.2 -13.0 270 0 8.8 62.8 10.5 0.0 0 1 3 5 5
-3871.9 10631.6 -13.1 90 0 9.0 78.1 10.5 3.5 2 1 3 3 3
-3845.7 10665.5 -13.1 180 0 66.9 9.9 10.5 3.5 2 0 3 4 4
-3806.7 10664.2 -13.1 0 0 68.0 9.8 10.5 0.0 0 0 3 5 5
-3841.9 10794.5 -13.0 270 0 10.8 53.4 14.0 3.5 2 1 4 3 3
-3805.8 10766.8 -12.9 0 0 52.8 11.0 14.0 3.5 2 0 4 4 4
-3776.0 10665.3 -13.1 0 0 68.7 9.0 10.5 3.5 2 0 3 0 0
-3646.9 10799.1 -12.9 270 0 9.4 66.0 10.5 3.5 2 1 3 0 0
-3571.7 10940.9 -12.2 72 0 9.1 53.5 10.5 3.5 2 1 3 0 0
-3611.2 10955.3 -12.4 162 0 51.8 8.1 10.5 3.5 2 0 3 5 5
-3521.2 10732.7 -12.8 90 0 13.9 53.2 14.0 3.5 2 1 4 1 1
-3583.0 10799.6 -12.9 270 0 9.3 65.4 10.5 3.5 2 1 3 4 4
-3616.4 10799.3 -12.9 270 0 8.8 65.7 10.5 3.5 2 1 3 0 0
-3678.6 10731.4 -12.8 90 0 9.8 67.0 10.5 3.5 2 1 3 2 2
-3707.6 10731.3 -12.8 90 0 10.1 68.0 14.0 3.5 2 1 4 4 4
-3736.5 10800.5 -13.0 270 0 9.6 68.6 10.5 3.5 2 1 3 4 4
-3707.6 10950.5 -12.1 59 0 10.2 44.6 14.0 3.5 2 1 4 1 1
-3796.0 10947.4 -12.6 239 0 10.8 44.4 14.0 3.5 2 1 4 3 3
-3805.6 10887.2 -12.6 59 0 10.2 44.6 14.0 3.5 2 1 4 1 1
-3871.5 10934.0 -12.8 239 0 12.6 72.0 14.0 3.5 2 1 4 0 0
-3551.4 10538.3 -11.8 270 0 27.7 13.6 10.0 2.5 4 0 4 2 2
-3588.6 10532.2 -11.8 270 0 35.8 16.4 10.0 2.5 2 0 4 2 2
-3598.3 10459.2 -12.0 90 0 24.0 47.8 10.0 0.0 0 1 4 0 0
-3837.9 10544.3 -11.8 270 0 51.4 11.7 7.5 2.5 2 0 3 2 2
-3769.3 10451.7 -12.1 90 0 10.6 34.3 12.5 2.5 4 1 5 1 1
-3785.3 10435.2 -12.2 90 0 22.2 8.5 2.5 2.5 2 0 1 5 5
-3792.6 10443.9 -12.1 90 0 14.5 41.0 10.0 0.0 0 1 4 1 1
-3741.0 10555.8 -11.8 270 0 19.5 7.2 7.5 2.5 2 0 3 5 5
-3734.8 10548.5 -11.9 270 0 7.2 31.5 2.5 2.5 2 0 1 0 0
-3648.5 10506.5 -12.0 0 0 58.2 24.6 10.0 2.5 2 0 4 2 2
-3686.6 10537.9 -12.0 270 0 25.7 61.8 12.5 2.5 4 1 5 4 4
-6147.2 -2112.5 -1.1 264 0 12.5 28.3 14.0 3.5 4 1 4 3 3
-6190.4 -2093.6 -1.2 354 0 31.5 12.7 14.0 3.5 2 0 4 4 4
-6232.2 -2099.1 -1.2 174 0 30.4 13.2 14.0 3.5 2 0 4 5 5
-6220.4 -2021.2 -1.0 264 0 13.6 48.1 14.0 0.0 0 1 4 1 1
-6271.0 -1971.2 -0.4 264 0 10.9 50.3 14.0 3.5 2 1 4 1 1
-6299.6 -1975.3 -0.3 264 0 12.6 51.2 14.0 3.5 2 1 4 1 1
-6245.3 -1888.8 -0.5 264 0 14.0 54.0 14.0 0.0 0 1 4 1 1
-6281.1 -1896.4 -0.6 264 0 14.3 20.2 14.0 3.5 2 0 4 3 3
-6279.2 -1945.7 -0.5 84 0 14.9 29.0 14.0 3.5 2 0 4 0 0
-6298.1 -1856.9 -0.9 264 0 13.2 30.3 14.0 3.5 2 1 4 1 1
-6397.7 -1811.8 -1.7 271 0 66.8 10.2 14.0 3.5 2 0 4 5 5
-6369.3 -1874.8 -1.5 84 0 11.7 48.8 14.0 3.5 2 1 4 2 2
-6408.9 -1879.7 -1.6 84 0 13.4 54.8 14.0 3.5 2 1 4 3 3
-6449.4 -1884.5 -1.8 84 0 14.9 60.0 14.0 3.5 2 1 4 5 5
-6492.5 -1888.7 -1.9 84 0 14.2 62.5 14.0 3.5 2 1 4 5 5
-6532.5 -1893.0 -1.8 84 0 14.4 66.3 14.0 3.5 2 1 4 1 1
-6366.9 -1885.5 -1.2 264 0 12.8 63.5 14.0 3.5 2 1 4 2 2
-6406.9 -1887.7 -1.4 264 0 15.7 65.5 14.0 3.5 2 1 4 1 1
-6448.6 -1894.3 -1.5 264 0 15.4 63.7 14.0 3.5 2 1 4 5 5
-6490.7 -1899.0 -1.6 264 0 14.2 64.3 14.0 3.5 2 1 4 0 0
-6530.0 -1903.9 -1.8 264 0 13.8 64.9 14.0 3.5 2 1 4 3 3
6239.3 -10249.8 -10.9 12 0 62.8 9.3 7.5 2.5 4 0 3 0 0
