-357.8 6070.6 -4.3 283 0 261.9 120.7 5.0 0.0 0 0 2 0 0
-377.3 6098.4 -4.4 104 0 209.6 122.8 10.0 0.0 0 0 4 0 0
-234.3 5716.7 -3.4 13 0 118.0 262.5 5.0 0.0 0 1 2 5 5
-461.4 5897.2 -4.0 193 0 73.1 192.8 10.0 0.0 0 1 4 1 1
-6756.4 -6211.9 -6.8 270 0 10.9 38.4 10.5 3.5 2 1 3 2 2
-6541.0 -5868.6 -4.7 257 0 21.2 21.9 14.0 3.5 2 1 4 0 0
-6572.0 -5874.3 -4.8 257 0 20.4 23.0 14.0 3.5 2 1 4 1 1
-6602.2 -5872.5 -5.1 257 0 19.4 27.0 14.0 3.5 2 1 4 0 0
-6593.7 -5951.0 -7.1 167 0 36.1 12.6 14.0 3.5 2 0 4 3 3
-6551.0 -5957.3 -4.7 77 0 17.4 45.5 14.0 3.5 2 1 4 2 2
-6519.5 -5951.6 -4.7 77 0 15.7 49.3 14.0 0.0 0 1 4 3 3
