3859.8 -10947.9 -10.5 90 0 10.2 64.0 17.5 3.5 2 0 5 4 4
3825.0 -10854.3 -10.2 91 0 21.4 9.3 10.5 3.5 2 0 3 0 0
3796.4 -10852.5 -10.2 95 0 35.5 9.4 10.5 3.5 2 0 3 0 0
3907.4 -10857.5 -10.3 91 0 122.9 9.8 10.5 3.5 2 0 3 5 5
3916.9 -10949.2 -10.5 90 0 12.0 57.8 17.5 3.5 2 1 5 4 4
3888.8 -10949.5 -10.5 90 0 10.9 60.1 17.5 3.5 2 1 5 0 0
3094.4 9981.9 -6.1 44 0 5.0 52.7 10.5 3.5 2 1 3 0 0
3114.8 9962.3 -6.0 314 0 7.4 61.6 10.5 3.5 2 1 3 1 1
3077.6 9952.1 -6.0 224 0 72.4 7.3 10.5 3.5 2 0 3 1 1
3034.4 9931.7 -5.1 224 0 9.7 47.6 10.5 3.5 2 1 3 3 3
3025.4 9941.4 -5.4 44 0 13.0 44.1 14.0 3.5 2 0 4 3 3
3020.3 9999.6 -6.1 224 0 63.2 16.7 14.0 3.5 2 0 4 3 3
-5208.1 2252.5 -1.0 189 0 40.3 23.8 14.0 0.0 0 0 4 1 1
4405.0 -9153.9 -7.5 95 0 11.7 50.1 10.0 2.5 2 1 4 3 3
4392.3 -9091.2 -7.4 185 0 11.9 40.4 7.5 2.5 4 1 3 0 0
4445.3 -9090.7 -7.4 275 0 11.8 66.1 10.0 2.5 2 1 4 1 1
3552.7 -4808.1 -6.7 86 0 13.1 71.1 14.0 3.5 2 1 4 3 3
3514.1 -4811.1 -6.7 86 0 14.1 70.9 14.0 3.5 2 1 4 0 0
3478.4 -4777.2 -6.7 356 0 72.3 14.2 14.0 3.5 2 0 4 3 3
3812.4 -5030.7 -6.8 174 0 44.9 12.1 10.5 3.5 2 0 3 2 2
3884.2 -4974.3 -6.7 354 0 42.8 14.2 10.5 3.5 2 0 3 3 3
3811.8 -4982.2 -6.8 174 0 44.0 15.1 10.5 3.5 2 0 3 2 2
4120.8 -4908.9 -6.6 264 0 14.6 48.9 10.5 3.5 2 1 3 3 3
4101.8 -5025.3 -6.7 174 0 99.4 39.2 10.5 0.0 0 0 3 5 5
4018.4 -4982.9 -6.7 264 0 61.5 106.6 10.5 0.0 0 1 3 5 5
3292.2 -5085.7 -7.1 351 0 13.0 30.9 14.0 3.5 2 1 4 4 4
3206.9 -5071.5 -7.1 172 0 27.3 12.4 14.0 3.5 2 0 4 5 5
3264.9 -5252.7 -7.3 86 0 85.5 155.3 14.0 0.0 0 1 4 5 5
3325.3 -5244.3 -7.2 82 0 8.1 169.6 10.5 3.5 2 1 3 3 3
3490.8 -5096.2 -7.0 353 0 89.3 6.2 10.5 3.5 2 0 3 1 1
3435.7 -5051.7 -7.0 83 0 12.8 36.4 14.0 3.5 2 1 4 1 1
3379.2 -5068.2 -7.1 263 0 129.5 77.3 14.0 0.0 0 0 4 2 2
3375.9 -5229.5 -7.2 83 0 35.1 72.5 14.0 0.0 0 1 4 1 1
3346.7 -5233.5 -7.2 83 0 18.7 72.4 14.0 3.5 2 1 4 0 0
3198.2 -5121.9 -7.1 356 0 99.1 109.0 10.0 0.0 0 1 4 4 4
1564.4 -2198.9 2.4 93 0 10.5 92.3 17.5 3.5 2 1 5 5 5
1379.9 -1959.3 3.8 356 0 96.4 8.5 7.5 0.0 0 0 3 4 4
1342.0 -2008.0 3.3 86 0 42.8 20.0 10.0 2.5 2 0 4 0 0
1292.8 -1930.0 3.4 267 0 13.6 55.0 10.0 2.5 2 1 4 5 5
2635.1 10143.0 -4.9 131 0 10.9 29.0 17.5 3.5 2 0 5 2 2
2617.5 10158.5 -4.8 131 0 36.1 9.9 10.5 3.5 2 0 3 0 0
5424.6 9071.9 -7.0 194 0 50.7 7.3 10.5 0.0 0 0 3 0 0
5288.9 9104.8 -7.6 194 0 52.2 8.8 10.5 3.5 2 0 3 4 4
5547.5 9169.3 -7.5 104 0 35.8 11.5 7.5 2.5 2 0 3 3 3
5483.0 9185.4 -7.1 104 0 69.5 10.9 7.5 2.5 2 0 3 4 4
5330.2 9159.2 -7.7 104 0 53.0 12.7 14.0 3.5 4 0 4 4 4
5410.2 9041.1 -7.5 14 0 121.5 114.2 14.0 0.0 0 0 4 1 1
4665.2 8091.7 -4.9 232 0 29.0 12.1 7.5 2.5 2 0 3 0 0
4648.7 8070.5 -4.2 232 0 15.8 40.8 7.5 2.5 2 0 3 4 4
4729.6 7999.6 -4.4 52 0 56.0 65.0 10.0 0.0 0 0 4 0 0
4703.2 7978.8 -4.0 52 0 11.2 112.4 10.0 2.5 2 0 4 1 1
