-5950.0 10237.8 -14.9 91 0 50.9 18.3 5.0 2.5 2 0 2 1 1
-6019.6 10249.2 -14.9 1 0 17.8 39.6 10.0 2.5 2 1 4 2 2
-6029.2 10184.2 -15.2 1 0 78.8 20.5 7.5 0.0 0 0 3 0 0
-5599.8 10219.5 -14.7 178 0 23.0 16.5 7.5 0.0 0 0 3 0 0
-5555.1 10235.4 -14.6 270 0 36.7 15.9 7.5 0.0 0 0 3 5 5
-5509.4 10207.6 -14.6 359 0 17.4 16.6 7.5 2.5 2 0 3 4 4
6764.2 7806.0 -9.1 91 0 12.0 50.9 14.0 3.5 2 1 4 1 1
6740.1 7902.5 -9.2 271 0 12.0 39.5 14.0 3.5 2 1 4 2 2
6710.8 7858.0 -9.1 271 0 12.0 48.9 14.0 0.0 0 1 4 2 2
6679.2 7903.6 -9.1 271 0 12.0 48.9 14.0 3.5 4 1 4 4 4
6649.8 7833.5 -9.0 181 0 48.9 12.0 14.0 3.5 2 0 4 1 1
6679.6 7805.7 -9.0 271 0 12.0 71.9 14.0 3.5 2 1 4 5 5
6713.4 7806.0 -9.1 271 0 12.0 74.7 14.0 3.5 2 1 4 2 2
6746.6 7803.9 -9.1 271 0 12.0 74.7 14.0 3.5 2 1 4 1 1
6785.4 7802.5 -9.2 271 0 12.0 74.7 14.0 3.5 2 1 4 5 5
6855.5 7796.8 -9.3 271 0 12.0 84.6 14.0 3.5 2 1 4 5 5
6820.6 7801.4 -9.3 271 0 13.0 88.3 14.0 3.5 2 1 4 2 2
6840.0 7906.5 -9.4 270 0 12.9 92.8 14.0 3.5 2 1 4 4 4
6800.5 7810.4 -9.2 91 0 12.9 96.7 14.0 3.5 2 1 4 3 3
6874.0 7921.1 -9.4 91 0 12.9 70.4 14.0 3.5 2 1 4 2 2
6841.5 7919.5 -9.4 91 0 12.9 83.9 14.0 3.5 2 1 4 0 0
6799.5 7920.3 -9.3 91 0 12.9 83.9 14.0 3.5 2 1 4 0 0
6828.6 7623.7 -9.1 91 0 15.2 79.9 14.0 3.5 2 1 4 5 5
6907.2 7661.2 -9.3 1 0 79.9 15.4 14.0 3.5 2 0 4 3 3
6873.0 7663.3 -9.2 1 0 79.9 16.3 14.0 3.5 2 0 4 2 2
4594.1 7113.8 -6.8 270 0 30.1 97.0 10.0 0.0 0 1 4 0 0
4552.6 7113.5 -6.5 270 0 30.1 97.0 10.0 0.0 0 1 4 0 0
4146.3 7305.8 -5.7 271 0 15.7 64.7 7.5 2.5 2 1 3 2 2
4212.1 7304.5 -6.2 271 0 17.0 53.3 7.5 0.0 0 1 3 1 1
4092.7 7045.6 -4.7 90 0 54.8 86.7 10.0 0.0 0 1 4 5 5
4042.3 7089.5 -4.7 0 0 86.7 54.8 10.0 0.0 0 0 4 2 2
4352.1 6802.9 -5.3 180 0 62.6 165.7 7.5 0.0 0 1 3 1 1
4531.3 6520.0 -5.8 360 0 184.5 60.9 10.0 0.0 0 0 4 5 5
4530.2 6693.2 -5.6 360 0 132.3 60.9 7.5 0.0 0 0 3 3 3
4410.1 6692.0 -5.5 180 0 130.6 49.1 10.0 0.0 0 0 4 4 4
4372.4 6430.5 -5.5 90 0 49.1 326.3 7.5 0.0 0 1 3 5 5
4210.7 6872.4 -5.0 91 0 17.0 57.9 10.0 2.5 2 1 4 3 3
4155.6 6873.6 -4.9 91 0 70.7 50.5 10.0 0.0 0 0 4 4 4
4204.2 6855.3 -5.1 271 0 170.4 61.3 10.0 0.0 0 0 4 0 0
6405.2 7395.8 -8.1 96 0 17.7 43.2 14.0 3.5 2 1 4 0 0
6404.4 7387.0 -8.1 276 0 17.7 43.6 14.0 3.5 2 1 4 0 0
6353.4 7399.9 -8.0 96 0 17.7 43.2 14.0 3.5 2 1 4 5 5
6352.7 7391.1 -8.0 276 0 17.7 43.6 14.0 3.5 2 1 4 1 1
6319.7 7404.8 -7.9 96 0 17.6 43.2 14.0 3.5 2 1 4 4 4
6319.0 7396.0 -7.9 276 0 17.7 43.6 14.0 3.5 2 1 4 0 0
6280.2 7431.7 -7.9 186 0 43.2 17.6 14.0 3.5 2 0 4 2 2
6275.0 7379.8 -7.9 186 0 43.6 17.6 14.0 0.0 0 0 4 4 4
6910.0 8657.8 -10.2 271 0 13.5 50.5 14.0 3.5 2 1 4 4 4
6871.0 8605.3 -10.1 91 0 13.5 59.5 14.0 3.5 2 1 4 1 1
6832.2 8606.7 -10.0 91 0 13.5 63.8 14.0 0.0 0 1 4 3 3
6792.7 8677.5 -10.1 271 0 13.5 68.7 14.0 0.0 0 1 4 1 1
6899.6 8597.4 -10.2 271 0 13.5 37.1 14.0 3.5 2 1 4 0 0
6870.0 8598.1 -10.1 271 0 13.5 52.9 14.0 3.5 2 1 4 2 2
6830.6 8598.7 -10.0 271 0 13.5 52.9 14.0 3.5 2 1 4 2 2
6790.3 8599.6 -10.0 271 0 13.5 52.9 14.0 3.5 2 1 4 0 0
5151.1 9595.3 -5.9 360 0 12.0 39.3 10.0 2.5 2 0 4 2 2
5165.8 9571.2 -6.0 360 0 60.7 14.6 7.5 2.5 2 0 3 1 1
5103.8 9543.6 -5.8 90 0 16.9 151.3 10.0 0.0 0 0 4 5 5
5062.3 9571.1 -5.6 90 0 16.9 70.6 10.0 0.0 0 1 4 1 1
5006.2 9606.7 -5.5 180 0 70.6 16.9 10.0 2.5 2 0 4 5 5
5522.7 -1867.7 -0.2 89 0 24.0 64.2 10.0 2.5 2 1 4 0 0
5419.4 -1975.4 -0.8 88 0 58.3 85.1 10.0 0.0 0 1 4 2 2
6253.8 -4093.5 -0.2 116 0 20.8 89.3 12.5 0.0 0 1 5 4 4
