2981.5 8560.9 -7.0 15 0 53.5 7.1 7.5 2.5 2 0 3 5 5
5227.6 -3352.0 -4.5 92 0 10.9 77.6 14.0 3.5 2 1 4 4 4
5256.5 -3185.5 -1.7 266 0 28.5 10.6 14.0 0.0 0 0 4 1 1
5292.0 -3334.6 -4.5 87 0 17.1 38.6 14.0 3.5 2 1 4 5 5
-6194.5 573.9 -3.2 99 0 49.8 126.5 10.0 0.0 0 1 4 1 1
-6148.9 527.6 -2.8 278 0 161.8 103.9 12.5 0.0 0 0 5 2 2
-6043.5 492.8 -2.3 279 0 15.1 66.9 7.5 0.0 0 1 3 4 4
-6001.6 455.8 -2.2 9 0 49.9 9.4 5.0 2.5 2 0 2 0 0
-5949.2 473.0 -2.1 279 0 15.7 56.4 12.5 2.5 2 1 5 4 4
-5859.8 761.4 -2.8 189 0 70.1 18.9 10.0 2.5 2 0 4 3 3
-5886.2 540.6 -2.2 189 0 41.1 12.5 10.0 2.5 2 0 4 0 0
-5878.3 591.2 -2.4 189 0 61.2 12.2 5.0 2.5 2 0 2 1 1
-5897.2 634.3 -2.8 9 0 50.9 175.2 7.5 0.0 0 1 3 0 0
-5885.6 711.5 -3.0 9 0 51.5 175.6 7.5 0.0 0 1 3 3 3
-5963.1 830.0 -3.3 279 0 190.4 50.5 7.5 0.0 0 0 3 0 0
-6098.7 848.4 -3.5 279 0 26.9 104.7 7.5 0.0 0 1 3 5 5
-6133.8 825.4 -3.5 9 0 17.4 28.1 7.5 2.5 2 0 3 1 1
-6141.9 771.7 -3.5 9 0 91.0 20.2 10.0 0.0 0 0 4 3 3
-6140.0 566.0 -3.0 99 0 31.8 102.3 10.0 0.0 0 1 4 5 5
-6302.5 877.1 -3.8 278 0 50.4 126.7 7.5 0.0 0 1 3 2 2
-6374.8 890.3 -3.8 278 0 47.6 129.6 10.0 0.0 0 1 4 4 4
-5436.9 703.4 -1.7 98 0 21.2 9.6 5.0 2.5 2 0 2 5 5
-5443.7 657.8 -1.7 9 0 67.1 9.4 7.5 2.5 2 0 3 2 2
-5452.5 579.4 -1.5 9 0 57.3 15.5 10.0 2.5 2 0 4 3 3
-5329.8 530.9 -1.3 98 0 17.0 30.3 15.0 0.0 0 1 6 3 3
-5359.2 535.7 -1.3 98 0 15.3 31.4 10.0 2.5 2 1 4 3 3
-5372.1 410.1 -1.3 188 0 53.0 18.1 7.5 2.5 2 0 3 1 1
-5345.1 451.7 -1.3 278 0 24.6 7.7 5.0 0.0 0 0 2 3 3
-5332.5 516.2 -1.3 278 0 16.6 58.5 10.0 2.5 4 1 4 4 4
-5362.5 521.1 -1.4 278 0 16.0 58.8 10.0 2.5 2 1 4 1 1
-5449.6 504.5 -1.3 188 0 59.8 15.6 10.0 2.5 2 0 4 3 3
-5476.6 477.1 -1.3 98 0 14.6 59.7 7.5 2.5 2 1 3 1 1
-5645.7 758.6 -2.4 8 0 50.8 14.9 10.0 2.5 2 0 4 4 4
-5508.6 539.1 -1.5 7 0 30.2 32.4 7.5 0.0 0 1 3 4 4
-5654.3 558.7 -1.8 188 0 29.5 113.0 10.0 0.0 0 1 4 5 5
-5777.8 521.7 -1.9 98 0 51.0 10.7 7.5 2.5 2 0 3 1 1
-5784.0 647.3 -2.5 188 0 168.8 51.4 10.0 0.0 0 0 4 0 0
-5763.9 367.9 -1.5 8 0 66.1 15.4 10.0 2.5 2 0 4 2 2
-5466.9 460.8 -1.4 278 0 168.5 98.0 7.5 0.0 0 0 3 3 3
-5651.0 248.2 -1.5 98 0 102.4 235.4 10.0 0.0 0 1 4 2 2
-5710.5 372.6 -1.6 8 0 224.0 24.5 10.0 0.0 0 0 4 4 4
5217.9 9685.7 -8.3 89 0 17.9 47.1 10.0 2.5 2 1 4 2 2
5393.3 9440.9 -8.0 3 0 33.5 9.0 7.5 2.5 2 0 3 0 0
5341.4 9350.5 -7.8 92 0 52.4 17.4 5.0 0.0 0 0 2 2 2
5265.8 9547.4 -8.1 89 0 174.6 8.5 7.5 2.5 2 0 3 5 5
5353.1 9548.3 -7.9 179 0 18.7 25.3 10.0 2.5 2 0 4 2 2
5346.7 9652.7 -8.2 270 0 15.9 31.6 10.0 2.5 2 1 4 4 4
5324.5 9654.5 -8.3 270 0 11.3 48.7 10.0 2.5 2 1 4 4 4
5407.3 9666.7 -8.3 270 0 18.8 13.1 2.5 2.5 2 0 1 5 5
5376.2 9662.9 -8.3 270 0 43.4 9.2 7.5 2.5 2 0 3 3 3
5377.3 9680.9 -8.3 90 0 42.6 11.2 7.5 2.5 2 0 3 1 1
5408.0 9676.8 -8.3 90 0 18.7 15.3 10.0 2.5 2 0 4 3 3
5347.6 9736.9 -8.3 269 0 16.4 38.9 10.0 0.0 0 1 4 4 4
5318.1 9697.3 -8.0 90 0 17.5 39.2 7.5 2.5 2 1 3 3 3
-5570.7 1237.9 -3.5 98 0 30.1 16.9 7.5 2.5 2 0 3 2 2
-5540.1 1206.5 -3.5 278 0 21.7 56.1 10.0 2.5 2 1 4 2 2
-5574.8 1214.0 -3.6 278 0 32.4 14.2 10.0 2.5 2 0 4 4 4
-5705.1 1076.9 -3.4 188 0 67.7 21.5 10.0 2.5 2 0 4 4 4
-5673.8 1356.8 -3.9 278 0 14.1 102.1 10.0 2.5 4 1 4 3 3
-5686.1 919.7 -3.0 189 0 110.2 52.3 10.0 0.0 0 0 4 3 3
-5697.9 964.8 -3.0 9 0 23.9 7.6 5.0 0.0 0 0 2 2 2
-5717.9 853.8 -2.8 99 0 7.9 37.2 7.5 2.5 2 0 3 1 1
-5703.9 920.2 -3.0 9 0 61.0 15.8 7.5 2.5 2 0 3 5 5
-5349.6 813.3 -2.3 98 0 41.5 153.5 10.0 0.0 0 1 4 1 1
-5409.8 900.1 -2.4 188 0 152.9 41.2 7.5 0.0 0 0 3 4 4
-4425.4 -1575.3 -1.7 280 0 9.0 30.6 10.5 3.5 2 1 3 3 3
-4446.7 -1572.1 -1.6 280 0 8.5 30.3 10.5 3.5 2 1 3 1 1
-4413.9 -1675.0 -1.6 100 0 7.5 58.2 10.5 3.5 2 1 3 3 3
-4441.1 -1671.7 -1.4 100 0 7.5 58.2 10.5 0.0 0 1 3 0 0
-4499.8 -1600.7 -1.2 189 0 62.5 9.8 10.5 3.5 2 0 3 2 2
1716.1 8571.0 -6.0 96 0 19.4 104.3 10.0 0.0 0 0 4 5 5
1639.3 8576.6 -5.9 96 0 134.5 12.2 7.5 0.0 0 0 3 3 3
1599.9 8719.7 -4.4 186 0 23.0 47.3 15.0 2.5 2 1 6 5 5
1698.2 8680.6 -5.1 6 0 19.7 115.2 12.5 0.0 0 0 5 3 3
1975.9 8636.4 -6.3 276 0 21.7 63.5 7.5 2.5 2 0 3 3 3
1978.8 8670.1 -6.3 96 0 16.2 73.3 10.0 2.5 2 0 4 5 5
1872.4 8771.5 -6.0 276 0 249.1 16.2 12.5 0.0 0 0 5 5 5
1876.1 8563.0 -6.1 95 0 205.4 18.7 10.0 0.0 0 0 4 1 1
-6314.7 1327.8 -4.7 278 0 15.8 39.4 10.0 2.5 2 1 4 3 3
-6330.2 1449.0 -4.8 189 0 7.3 41.0 7.5 2.5 2 1 3 0 0
-6256.1 1440.2 -4.5 279 0 31.7 12.6 5.0 2.5 2 0 2 1 1
-6256.6 1427.6 -4.5 279 0 29.0 63.5 12.5 0.0 0 0 5 4 4
-6061.7 1412.0 -4.8 279 0 25.5 75.1 7.5 0.0 0 1 3 4 4
-6056.7 1278.0 -4.7 189 0 80.1 19.1 7.5 2.5 2 0 3 2 2
-6085.8 1310.2 -4.7 279 0 33.3 62.8 10.0 0.0 0 1 4 0 0
-6129.5 1317.2 -4.7 279 0 23.1 67.4 12.5 2.5 2 1 5 3 3
-6219.9 1330.2 -4.8 279 0 131.6 32.8 10.0 0.0 0 0 4 0 0
-5874.7 1329.1 -4.3 99 0 21.8 55.4 10.0 0.0 0 1 4 4 4
-5847.5 1325.1 -4.2 99 0 20.9 55.2 10.0 2.5 2 1 4 3 3
-5819.9 1320.2 -4.1 99 0 19.2 55.6 10.0 2.5 2 1 4 0 0
-5768.2 1369.9 -3.8 278 0 14.5 15.7 7.5 2.5 2 1 3 5 5
-5776.3 1313.8 -4.0 98 0 16.3 39.7 7.5 2.5 2 1 3 1 1
-5791.3 1247.2 -4.1 98 0 17.0 44.4 7.5 2.5 2 1 3 3 3
-5852.3 1246.6 -4.3 99 0 86.9 63.2 7.5 0.0 0 0 3 5 5
-6027.3 1303.8 -4.7 189 0 64.5 111.4 10.0 0.0 0 1 4 1 1
-5856.1 912.9 -3.5 9 0 49.5 158.5 7.5 0.0 0 1 3 0 0
-5899.8 1101.4 -4.1 98 0 139.6 55.3 7.5 0.0 0 0 3 3 3
-5853.4 1230.4 -4.2 278 0 97.0 29.8 10.0 0.0 0 0 4 2 2
-5867.8 1188.3 -4.1 278 0 80.8 31.6 5.0 0.0 0 0 2 2 2
-5960.8 1246.5 -4.4 278 0 79.9 30.6 10.0 0.0 0 0 4 4 4
-6009.5 1192.3 -4.3 188 0 33.0 79.8 7.5 0.0 0 1 3 5 5
-6011.1 1117.6 -4.3 98 0 47.8 54.5 10.0 0.0 0 1 4 3 3
-6075.1 976.2 -3.9 188 0 107.1 28.0 10.0 0.0 0 0 4 5 5
-6114.9 975.4 -3.9 278 0 34.8 31.2 10.0 0.0 0 0 4 0 0
-6144.4 979.6 -4.0 278 0 25.1 49.9 7.5 0.0 0 0 3 2 2
-6180.5 984.6 -4.0 278 0 17.0 48.5 12.5 2.5 2 1 5 5 5
-6213.9 988.9 -4.0 278 0 14.5 48.4 10.0 2.5 2 1 4 4 4
-6238.1 1112.8 -4.3 188 0 29.3 159.8 7.5 0.0 0 1 3 3 3
-6244.1 1069.8 -4.2 188 0 32.4 159.8 7.5 0.0 0 1 3 2 2
-6173.2 1000.5 -4.0 98 0 159.9 30.8 12.5 0.0 0 0 5 5 5
-5353.9 -7617.2 -7.5 99 0 38.2 14.2 17.5 3.5 2 0 5 5 5
-1335.8 -8102.6 -4.0 188 0 31.0 14.0 7.5 2.5 2 0 3 3 3
-1340.3 -8129.2 -4.1 188 0 19.6 13.9 10.0 2.5 4 0 4 4 4
-5354.2 -7641.1 -7.5 281 0 12.3 17.6 17.5 3.5 2 0 5 0 0
-5370.6 -7638.0 -7.5 281 0 21.1 31.9 17.5 0.0 0 0 5 4 4
-5344.1 -7603.2 -7.5 99 0 8.5 29.3 10.5 3.5 2 1 3 0 0
-5333.1 -7644.5 -7.5 280 0 12.8 35.1 17.5 3.5 2 1 5 1 1
-5781.6 -8413.6 -8.7 15 0 75.6 13.6 17.5 3.5 2 0 5 5 5
-5874.3 -8442.5 -8.8 285 0 15.5 56.0 17.5 3.5 2 1 5 5 5
-5840.4 -8452.3 -8.8 285 0 11.9 55.0 17.5 3.5 2 1 5 2 2
-5801.5 -8491.5 -8.8 15 0 55.1 13.8 17.5 3.5 2 0 5 1 1
-5816.4 -8529.0 -8.8 285 0 14.3 62.5 17.5 3.5 4 1 5 5 5
-5856.8 -8518.3 -8.9 285 0 14.1 61.4 17.5 3.5 2 1 5 0 0
-5891.4 -8506.2 -8.9 284 0 13.6 68.4 17.5 3.5 2 1 5 3 3
-5489.3 -7964.0 -8.0 101 0 50.9 22.0 14.0 3.5 2 0 4 0 0
-5802.6 -7545.6 -8.0 100 0 19.6 127.6 14.0 0.0 0 1 4 5 5
-5715.5 -8096.6 -8.4 15 0 12.1 48.5 17.5 3.5 2 1 5 5 5
-3875.3 -7970.4 -6.4 18 0 18.1 71.5 7.5 2.5 2 1 3 0 0
-3844.8 -7885.8 -6.3 19 0 27.1 12.5 7.5 2.5 2 0 3 3 3
-3858.4 -7878.8 -6.3 18 0 28.8 60.5 7.5 0.0 0 0 3 1 1
-3879.3 -7919.4 -6.3 18 0 61.4 45.8 12.5 0.0 0 0 5 5 5
-4770.0 -7345.3 -6.1 109 0 34.4 86.7 14.0 0.0 0 1 4 2 2
-4693.9 -7326.3 -6.0 19 0 81.8 34.6 14.0 0.0 0 0 4 0 0
-4673.3 -7362.7 -6.1 109 0 36.2 71.0 14.0 0.0 0 1 4 0 0
-4604.8 -7311.9 -6.0 289 0 33.7 82.2 14.0 0.0 0 1 4 2 2
-4555.2 -7373.1 -6.0 19 0 81.7 34.8 14.0 0.0 0 0 4 0 0
-4534.5 -7405.8 -6.1 109 0 33.6 65.9 10.5 0.0 0 1 3 2 2
-4464.7 -7401.5 -6.0 19 0 79.4 33.9 10.5 0.0 0 0 3 2 2
-4451.1 -7406.3 -6.0 199 0 82.2 35.7 10.5 0.0 0 0 3 2 2
-4397.6 -7454.2 -6.0 109 0 32.7 67.8 10.5 0.0 0 1 3 3 3
-4356.3 -7484.4 -6.1 109 0 35.8 83.2 10.5 0.0 0 1 3 1 1
-4309.9 -7499.7 -6.0 109 0 33.3 81.9 10.5 0.0 0 1 3 1 1
-4247.5 -7520.1 -5.7 109 0 34.6 80.1 7.5 0.0 0 1 3 4 4
-4196.3 -7537.4 -5.4 109 0 33.5 79.0 7.5 0.0 0 1 3 3 3
-4147.1 -7554.5 -5.1 109 0 34.7 82.1 7.5 0.0 0 1 3 4 4
-4067.4 -7537.5 -4.9 19 0 81.8 33.8 7.5 0.0 0 0 3 5 5
-4157.6 -7882.6 -5.8 109 0 69.7 90.1 7.5 0.0 0 1 3 1 1
-4098.1 -7630.6 -5.1 19 0 82.9 33.4 10.0 0.0 0 0 4 1 1
-4152.4 -7571.8 -5.0 289 0 32.7 77.9 5.0 0.0 0 1 2 1 1
-4201.7 -7555.6 -5.3 289 0 34.9 79.4 10.0 0.0 0 1 4 0 0
-4251.8 -7536.3 -5.6 289 0 34.4 81.0 7.5 0.0 0 1 3 4 4
-4314.6 -7515.2 -5.9 289 0 34.4 81.5 10.5 0.0 0 1 3 3 3
-4360.3 -7502.5 -6.1 289 0 34.1 79.3 10.5 0.0 0 1 3 4 4
-4548.8 -7448.0 -6.1 289 0 36.4 67.2 14.0 0.0 0 1 4 5 5
-4587.1 -7463.5 -6.2 19 0 80.4 35.5 14.0 0.0 0 0 4 1 1
-4636.2 -7406.4 -6.1 289 0 35.1 79.5 14.0 0.0 0 1 4 3 3
-4686.6 -7405.1 -6.2 289 0 35.8 64.2 14.0 0.0 0 1 4 4 4
-4724.2 -7417.5 -6.2 19 0 79.8 34.6 14.0 0.0 0 0 4 1 1
-4803.3 -7390.5 -6.2 199 0 76.9 34.5 14.0 0.0 0 0 4 1 1
-4521.0 -7703.1 -6.5 199 0 29.9 119.7 14.0 0.0 0 1 4 3 3
-4612.3 -7691.4 -6.5 109 0 118.9 31.4 10.5 0.0 0 0 3 5 5
-4778.7 -7524.4 -6.4 199 0 70.6 120.9 14.0 0.0 0 1 4 2 2
-4807.2 -7607.3 -6.5 199 0 28.3 120.6 14.0 0.0 0 1 4 3 3
-4848.0 -7555.5 -6.5 197 0 172.9 24.9 14.0 0.0 0 0 4 2 2
