-1560.8 2178.6 -2.7 267 0 79.7 27.1 10.5 0.0 0 0 3 1 1
-1537.7 2212.9 -2.8 177 0 54.1 14.9 10.5 3.5 2 0 3 5 5
-1570.8 2298.3 -2.8 267 0 71.8 47.0 10.5 0.0 0 0 3 5 5
-1566.3 2240.8 -2.8 87 0 79.4 10.7 10.5 3.5 2 0 3 2 2
-1572.8 2316.5 -2.7 87 0 72.2 94.7 10.5 0.0 0 1 3 1 1
-1371.0 2678.5 -4.1 86 0 17.8 62.8 10.5 3.5 2 1 3 5 5
-1375.8 2779.3 -4.5 86 0 16.4 60.8 10.5 0.0 0 1 3 4 4
-1365.6 2505.0 -4.1 86 0 26.4 119.3 10.5 0.0 0 1 3 0 0
-1405.1 2501.2 -3.9 86 0 26.5 122.1 10.5 0.0 0 1 3 4 4
-1442.2 2498.6 -3.6 86 0 24.9 122.3 10.5 0.0 0 1 3 5 5
-1432.4 2748.9 -4.4 356 0 149.7 100.0 14.0 0.0 0 0 4 5 5
-1620.8 2813.5 -4.4 266 0 111.7 150.2 14.0 0.0 0 1 4 5 5
-1732.4 2731.1 -4.3 176 0 151.4 49.3 14.0 0.0 0 0 4 3 3
-1600.9 2441.8 -3.2 87 0 111.5 164.8 10.5 0.0 0 1 3 2 2
-1499.8 2448.0 -3.3 87 0 58.9 164.6 10.5 0.0 0 1 3 3 3
-1390.4 2326.9 -3.7 356 0 181.1 128.2 10.5 0.0 0 0 3 0 0
-10.2 954.3 -2.5 269 0 5.0 45.0 10.5 3.5 2 1 3 0 0
-14.2 908.4 -2.6 269 0 5.9 49.0 10.5 3.5 2 1 3 0 0
-196.1 758.1 -3.4 269 0 13.6 90.5 17.5 3.5 2 1 5 2 2
-152.2 757.8 -3.4 269 0 11.5 94.9 17.5 3.5 2 1 5 1 1
-110.9 661.9 -3.3 89 0 15.0 98.2 17.5 3.5 2 1 5 4 4
-145.0 767.9 -3.2 89 0 156.0 11.7 14.0 0.0 0 0 4 5 5
-81.4 595.5 -3.5 90 0 30.7 53.5 14.0 0.0 0 1 4 4 4
339.3 20.8 -4.5 0 0 55.0 12.1 17.5 3.5 2 0 5 4 4
296.2 -7.0 -4.6 90 0 11.3 54.3 17.5 3.5 2 1 5 4 4
258.4 -8.3 -4.6 90 0 10.8 55.4 17.5 3.5 2 1 5 5 5
258.8 -12.0 -4.8 270 0 10.4 64.3 17.5 3.5 2 1 5 4 4
295.9 -12.3 -4.7 270 0 12.7 64.3 17.5 3.5 2 1 5 1 1
339.4 -44.8 -4.6 0 0 64.3 10.6 17.5 3.5 2 0 5 3 3
226.6 -20.1 -4.7 1 0 137.3 11.5 17.5 3.5 2 0 5 2 2
405.7 -36.5 -4.5 90 0 56.8 83.2 17.5 0.0 0 1 5 3 3
-794.1 831.2 -0.1 89 0 66.9 9.4 10.5 3.5 4 0 3 3 3
-630.4 924.5 -3.4 269 0 24.7 11.0 14.0 3.5 4 0 4 5 5
-608.8 924.1 -3.5 269 0 11.1 78.6 14.0 3.5 2 1 4 4 4
-611.5 833.5 -3.6 89 0 59.3 10.6 14.0 3.5 2 0 4 5 5
-289.1 -205.8 6.5 270 0 45.2 15.5 17.5 0.0 0 0 5 4 4
-337.6 -206.9 6.5 270 0 44.2 15.5 17.5 3.5 2 0 5 1 1
-360.0 -327.0 6.7 180 0 15.6 44.1 17.5 3.5 2 1 5 2 2
-288.5 -334.5 6.8 90 0 42.2 15.6 17.5 3.5 2 0 5 0 0
158.2 -603.0 2.5 2 0 86.3 8.7 10.5 3.5 4 0 3 3 3
190.4 -798.1 5.2 95 0 6.2 45.3 10.5 3.5 2 1 3 0 0
184.4 -799.3 5.9 6 0 6.0 40.0 10.5 3.5 2 1 3 2 2
147.0 -709.2 4.1 182 0 87.9 10.0 10.5 3.5 2 0 3 3 3
201.1 -1628.0 -3.1 180 0 10.3 34.8 17.5 0.0 0 1 5 0 0
200.7 -1036.9 2.5 273 0 58.9 116.6 17.5 0.0 0 1 5 0 0
49.8 -1298.0 1.9 93 0 14.4 57.0 17.5 3.5 2 1 5 5 5
50.9 -1311.4 1.0 269 0 15.0 72.5 14.0 3.5 2 1 4 1 1
53.3 -1485.3 0.2 89 0 15.0 94.0 14.0 3.5 2 1 4 2 2
169.5 -1634.5 -2.6 90 0 12.4 8.5 10.5 3.5 2 0 3 2 2
189.2 -1630.9 -2.8 90 0 21.3 6.4 10.5 3.5 4 0 3 2 2
221.8 -1696.6 -4.1 180 0 80.4 14.4 17.5 3.5 2 0 5 3 3
148.9 -1655.9 -4.8 270 0 18.9 68.6 17.5 0.0 0 1 5 1 1
-271.9 -881.6 7.0 270 0 21.0 9.9 10.5 3.5 2 0 3 4 4
-331.1 -885.0 6.9 181 0 9.8 47.5 10.5 0.0 0 1 3 3 3
-313.5 -856.9 7.0 272 0 33.9 9.3 10.5 0.0 0 0 3 2 2
-279.8 -980.5 6.2 271 0 18.1 17.0 17.5 3.5 2 0 5 3 3
-256.5 -963.8 6.2 271 0 15.2 37.0 17.5 3.5 2 0 5 0 0
-289.6 -1015.0 5.7 91 0 82.0 14.6 17.5 3.5 2 0 5 3 3
-322.1 -907.2 6.9 91 0 12.2 14.9 17.5 3.5 2 0 5 5 5
-323.1 -987.2 5.9 91 0 14.1 80.0 17.5 3.5 2 0 5 5 5
-301.3 -131.9 6.2 88 0 12.1 26.2 17.5 3.5 2 0 5 3 3
-311.7 -94.7 6.2 268 0 47.6 11.3 17.5 3.5 2 0 5 2 2
-341.1 -131.9 6.2 88 0 13.4 36.3 17.5 3.5 2 0 5 0 0
-272.4 -142.3 6.3 358 0 12.9 9.2 2.5 2.5 2 0 1 2 2
-286.1 -194.3 6.3 88 0 12.5 58.0 7.5 2.5 2 0 3 0 0
-316.6 -196.4 6.3 88 0 11.2 57.6 7.5 2.5 2 0 3 5 5
-332.3 -197.0 6.4 88 0 20.2 4.8 7.5 2.5 2 0 3 0 0
-347.5 -197.5 6.3 88 0 10.3 60.2 10.0 2.5 2 0 4 0 0
-294.4 -425.3 7.0 91 0 36.5 13.2 14.0 0.0 0 0 4 2 2
-319.0 -358.4 6.9 272 0 13.9 65.7 14.0 3.5 2 1 4 5 5
-360.4 -421.0 6.9 92 0 38.1 13.6 14.0 3.5 2 0 4 0 0
569.0 788.4 -2.1 268 0 35.2 11.5 17.5 3.5 2 0 5 5 5
545.6 787.7 -2.2 268 0 11.5 38.9 17.5 3.5 2 0 5 1 1
518.2 786.8 -2.2 268 0 43.4 11.4 17.5 3.5 2 0 5 5 5
602.7 785.0 -2.2 268 0 11.1 82.5 17.5 3.5 2 1 5 1 1
647.8 741.4 -2.2 358 0 91.2 12.2 17.5 3.5 2 0 5 4 4
683.2 742.1 -2.1 358 0 92.8 13.3 17.5 3.5 2 0 5 1 1
611.1 623.2 -2.5 359 0 13.3 12.8 14.0 0.0 0 0 4 4 4
637.3 616.1 -2.5 269 0 11.5 45.2 17.5 3.5 2 0 5 1 1
636.4 528.5 -2.6 89 0 11.0 42.4 17.5 3.5 2 0 5 2 2
639.5 628.1 -2.4 89 0 10.2 54.0 17.5 3.5 4 1 5 4 4
674.0 629.2 -2.3 89 0 10.2 54.0 17.5 3.5 4 1 5 3 3
706.0 705.2 -2.2 178 0 89.9 11.3 17.5 3.5 2 0 5 3 3
706.2 622.8 -2.4 178 0 63.6 10.6 17.5 3.5 2 0 5 1 1
714.7 530.4 -2.5 88 0 9.9 57.8 10.5 3.5 4 1 3 3 3
714.7 518.2 -2.7 268 0 12.5 66.1 17.5 3.5 2 1 5 5 5
681.0 567.3 -2.6 359 0 76.5 11.4 17.5 3.5 2 0 5 1 1
684.7 485.7 -2.8 359 0 60.1 12.0 17.5 3.5 2 0 5 1 1
680.2 438.7 -3.0 269 0 11.7 59.6 17.5 3.5 2 1 5 5 5
642.6 434.4 -3.0 269 0 12.0 55.3 17.5 3.5 4 1 5 5 5
641.7 445.6 -2.9 89 0 12.0 69.6 17.5 3.5 2 1 5 3 3
605.3 444.8 -2.9 89 0 11.3 68.3 14.0 3.5 2 1 4 3 3
607.3 568.6 -2.6 359 0 45.3 11.6 14.0 3.5 2 0 4 0 0
582.5 654.5 -2.4 359 0 33.1 12.2 17.5 3.5 2 0 5 5 5
480.6 766.0 -2.3 269 0 11.5 23.1 17.5 3.5 2 0 5 4 4
478.7 721.6 -2.4 179 0 40.5 11.6 17.5 3.5 2 0 5 1 1
489.0 584.2 -2.7 89 0 14.0 105.4 17.5 3.5 2 1 5 3 3
491.2 562.7 -3.0 269 0 12.5 85.2 14.0 3.5 2 1 4 4 4
527.2 562.5 -3.0 269 0 12.1 94.2 14.0 3.5 2 1 4 3 3
606.5 436.8 -3.0 269 0 8.6 42.3 10.5 3.5 2 0 3 3 3
568.5 445.2 -3.1 269 0 10.3 67.7 14.0 0.0 0 1 4 0 0
531.5 445.7 -3.1 269 0 11.6 44.7 14.0 3.5 2 0 4 5 5
534.8 376.5 -3.2 89 0 11.2 24.5 14.0 3.5 2 0 4 1 1
491.4 466.8 -3.2 269 0 12.4 76.0 14.0 3.5 2 1 4 1 1
480.9 382.1 -3.3 179 0 14.9 16.8 14.0 3.5 2 0 4 2 2
615.7 371.6 -3.3 359 0 8.4 117.7 10.5 3.5 2 0 3 5 5
635.1 371.7 -3.1 179 0 9.3 86.0 10.5 0.0 0 1 3 0 0
323.2 -277.6 -2.4 279 0 9.8 30.5 10.5 3.5 2 1 3 4 4
303.2 -274.4 -2.4 279 0 10.0 30.5 10.5 0.0 0 1 3 0 0
338.4 -310.8 -2.3 99 0 10.1 30.5 14.0 3.5 2 1 4 4 4
358.0 -313.9 -2.3 99 0 10.7 30.5 14.0 3.5 2 1 4 1 1
377.9 -317.1 -2.2 99 0 10.2 30.5 14.0 3.5 2 1 4 2 2
164.6 -360.5 -1.6 91 0 12.1 73.8 17.5 3.5 2 1 5 2 2
166.3 66.6 -4.6 90 0 13.8 53.9 17.5 3.5 2 1 5 1 1
-331.8 315.5 1.3 267 0 66.9 15.2 14.0 3.5 2 0 4 3 3
-437.0 302.7 3.6 177 0 15.2 69.6 14.0 3.5 2 1 4 0 0
-490.6 1446.3 -2.2 86 0 21.4 37.8 10.0 0.0 0 1 4 2 2
206.9 -198.5 -3.2 270 0 9.7 22.3 10.5 3.5 2 1 3 5 5
269.7 -256.0 -2.6 279 0 15.2 8.0 10.5 3.5 2 0 3 3 3
264.6 -284.4 -2.4 99 0 15.4 16.7 14.0 3.5 4 1 4 4 4
242.5 -192.7 -3.7 90 0 9.2 22.3 10.5 3.5 4 1 3 5 5
184.0 -181.6 -3.5 180 0 22.3 9.3 10.5 3.5 2 0 3 2 2
206.2 -192.7 -3.6 90 0 9.7 22.3 10.5 3.5 2 1 3 4 4
243.2 -198.4 -3.4 270 0 9.2 11.8 10.5 3.5 2 1 3 3 3
261.3 -198.4 -3.4 270 0 8.3 22.3 10.5 3.5 2 1 3 4 4
184.8 -209.7 -3.1 180 0 22.3 9.3 10.5 3.5 2 0 3 3 3
225.5 -254.5 -2.4 270 0 8.9 22.3 10.5 3.5 4 1 3 4 4
243.0 -254.5 -2.5 270 0 9.2 22.3 10.5 3.5 2 1 3 0 0
206.8 -254.5 -2.3 270 0 9.7 22.3 10.5 3.5 4 1 3 2 2
207.3 -248.0 -2.8 90 0 9.7 22.3 10.5 3.5 2 1 3 2 2
226.1 -248.0 -2.9 90 0 8.9 22.3 10.5 3.5 2 1 3 3 3
243.6 -247.9 -3.0 90 0 9.2 22.3 10.5 3.5 2 1 3 4 4
261.7 -225.6 -3.0 270 0 8.3 22.3 10.5 3.5 2 1 3 1 1
280.2 -225.6 -3.0 270 0 8.8 22.3 10.5 0.0 0 1 3 5 5
-206.4 -333.9 6.8 178 0 84.2 12.9 17.5 3.5 2 0 5 5 5
-172.6 -124.2 6.4 271 0 39.8 8.4 10.5 3.5 2 0 3 2 2
-135.1 -115.4 6.3 91 0 43.0 8.6 10.5 0.0 0 0 3 4 4
-206.4 -114.2 6.3 180 0 10.0 45.2 10.5 0.0 0 0 3 4 4
-213.1 -113.9 6.3 91 0 13.4 10.3 21.0 0.0 0 0 6 0 0
-117.3 -151.5 6.4 1 0 25.5 32.7 17.5 0.0 0 1 5 5 5
-192.0 -151.2 6.4 181 0 22.2 35.9 17.5 0.0 0 1 5 1 1
-109.3 -260.0 6.2 1 0 23.2 34.3 17.5 0.0 0 1 5 2 2
-188.0 -257.5 6.7 181 0 23.3 37.6 17.5 0.0 0 1 5 0 0
-155.1 -279.3 5.9 271 0 104.5 9.7 10.5 3.5 2 0 3 1 1
-146.2 -226.7 6.5 91 0 42.6 41.1 17.5 0.0 0 0 5 2 2
-203.8 -269.4 6.6 87 0 12.9 51.5 14.0 3.5 2 1 4 0 0
-202.6 -160.7 6.4 357 0 62.3 12.9 14.0 3.5 2 0 4 1 1
-325.6 526.9 -4.0 267 0 28.6 8.6 10.5 3.5 2 0 3 2 2
-352.1 495.5 -4.0 177 0 59.6 14.0 14.0 3.5 2 0 4 5 5
-383.4 591.5 -4.0 177 0 107.9 13.3 17.5 3.5 2 0 5 1 1
-418.2 600.3 -4.0 177 0 82.1 13.9 17.5 3.5 4 0 5 4 4
-432.9 558.9 -3.8 87 0 14.4 82.5 17.5 3.5 2 1 5 3 3
-365.9 464.6 -4.0 87 0 11.7 58.5 14.0 3.5 2 1 4 3 3
-438.0 460.4 -1.4 87 0 13.1 58.5 14.0 3.5 2 1 4 4 4
-383.1 492.9 -4.1 357 0 58.5 13.2 17.5 3.5 2 0 5 1 1
-460.6 459.1 -0.2 87 0 13.8 58.5 17.5 0.0 0 1 5 4 4
-406.0 491.6 -2.9 357 0 58.5 13.4 17.5 3.5 2 0 5 3 3
-358.1 425.8 -2.2 357 0 58.5 11.7 17.5 3.5 2 0 5 3 3
-379.4 424.5 -1.0 357 0 58.5 13.2 17.5 3.5 2 0 5 1 1
-402.3 423.2 0.3 357 0 58.5 13.4 17.5 0.0 0 0 5 3 3
-442.5 420.8 1.8 177 0 58.5 13.1 14.0 3.5 4 0 4 5 5
-451.7 420.3 3.0 357 0 58.5 13.8 14.0 0.0 0 0 4 4 4
-473.7 587.0 -3.9 177 0 105.1 14.6 14.0 3.5 2 0 4 5 5
-483.6 587.7 -3.9 357 0 107.9 12.7 14.0 3.5 2 0 4 5 5
-478.1 490.6 0.9 357 0 58.5 12.9 17.5 3.5 2 0 5 1 1
-474.0 419.6 3.5 357 0 58.6 12.9 17.5 3.5 2 0 5 4 4
-321.7 170.5 4.2 268 0 12.1 27.5 17.5 3.5 2 1 5 1 1
-314.9 124.4 4.3 358 0 21.5 11.0 17.5 3.5 2 0 5 3 3
-312.7 96.5 4.9 358 0 23.7 11.4 17.5 3.5 4 0 5 2 2
-311.9 68.7 5.3 358 0 22.2 11.5 17.5 3.5 2 0 5 1 1
-311.4 40.7 5.5 358 0 22.7 11.0 17.5 3.5 2 0 5 1 1
-342.2 30.2 5.5 178 0 38.2 11.6 17.5 3.5 2 0 5 2 2
-345.9 167.5 4.1 268 0 11.6 26.9 17.5 3.5 2 1 5 3 3
-340.8 55.9 4.4 88 0 12.5 78.0 17.5 3.5 2 1 5 4 4
-324.0 178.9 4.3 88 0 12.1 59.5 14.0 3.5 2 1 4 0 0
-359.2 177.6 4.0 88 0 12.4 54.9 14.0 3.5 2 1 4 2 2
-399.7 176.0 3.7 88 0 12.3 55.1 14.0 3.5 2 1 4 0 0
-388.1 162.7 3.9 268 0 11.7 45.8 17.5 3.5 2 1 5 3 3
-428.7 162.7 4.3 268 0 11.4 48.7 17.5 3.5 4 1 5 1 1
-463.9 207.5 3.3 268 0 12.7 67.8 17.5 3.5 2 1 5 1 1
1475.8 683.4 -2.5 360 0 72.7 12.2 14.0 3.5 2 0 4 3 3
1439.7 700.4 -2.5 360 0 59.7 14.5 14.0 3.5 4 0 4 4 4
1395.8 729.9 -2.4 270 0 13.8 58.6 14.0 3.5 2 1 4 4 4
1357.2 658.7 -2.3 90 0 13.2 57.2 14.0 3.5 2 1 4 5 5
1352.6 734.6 -2.5 89 0 13.1 48.8 10.5 3.5 2 0 3 3 3
1397.1 766.1 -2.6 359 0 35.4 13.4 10.5 3.5 2 0 3 3 3
1424.3 766.2 -2.7 179 0 35.0 11.5 14.0 3.5 2 0 4 5 5
1466.2 737.0 -2.7 89 0 12.9 47.1 14.0 3.5 2 0 4 3 3
1509.2 751.9 -2.8 359 0 65.2 11.5 14.0 3.5 2 0 4 3 3
1512.0 668.7 -2.5 360 0 53.6 11.4 10.5 3.5 4 0 3 5 5
1507.3 633.9 -2.3 270 0 12.4 44.0 14.0 3.5 2 1 4 3 3
1470.5 590.2 -2.2 90 0 11.6 44.2 14.0 3.5 2 1 4 3 3
1442.5 618.1 -2.2 360 0 59.2 13.4 10.5 3.5 2 0 3 1 1
1398.3 647.1 -2.2 270 0 11.9 59.4 10.5 3.5 2 1 3 0 0
1361.4 645.4 -2.1 270 0 14.0 57.7 10.5 0.0 0 1 3 4 4
1383.9 447.8 -1.8 90 0 12.7 39.7 14.0 3.5 2 1 4 0 0
1383.4 571.8 -1.9 270 0 11.3 39.1 14.0 3.5 2 1 4 1 1
1404.9 486.3 -1.8 180 0 13.2 33.8 10.5 3.5 2 0 3 2 2
1404.7 502.2 -1.8 180 0 18.4 17.7 10.5 3.5 2 0 3 0 0
1442.1 572.5 -2.0 270 0 13.1 62.1 10.5 3.5 2 1 3 2 2
1495.2 471.1 -1.8 180 0 46.5 12.7 10.5 3.5 2 0 3 1 1
1507.8 546.6 -2.1 360 0 56.1 12.8 10.5 3.5 2 0 3 4 4
1313.2 762.5 -2.5 357 0 40.4 7.2 10.5 3.5 2 0 3 2 2
1315.8 703.5 -2.3 357 0 56.4 8.5 10.5 3.5 2 0 3 1 1
1319.2 636.7 -2.1 357 0 57.9 8.7 10.5 3.5 2 0 3 3 3
1325.8 564.3 -1.8 357 0 53.5 9.3 10.5 3.5 2 0 3 4 4
1329.2 488.7 -1.9 357 0 69.5 9.1 10.5 3.5 2 0 3 5 5
1327.4 444.0 -2.1 269 0 9.1 55.6 10.5 3.5 2 0 3 3 3
1387.2 389.4 -2.0 89 0 12.3 34.3 10.5 3.5 2 0 3 4 4
1446.3 393.3 -1.9 89 0 12.4 49.6 10.5 3.5 2 0 3 4 4
1508.6 412.1 -1.8 359 0 35.4 12.3 10.5 3.5 2 0 3 0 0
310.1 772.6 -2.4 90 0 30.9 10.9 14.0 3.5 2 0 4 4 4
259.7 772.9 -2.5 90 0 65.2 10.9 14.0 3.5 2 0 4 0 0
-1119.0 2542.3 -4.9 177 0 191.1 47.9 14.0 0.0 0 0 4 2 2
-1026.9 2639.6 -5.1 267 0 70.5 105.6 14.0 0.0 0 0 4 4 4
-935.6 2538.7 -5.0 267 0 101.3 71.0 14.0 0.0 0 0 4 2 2
-901.0 2242.9 -3.9 267 0 17.7 66.8 14.0 3.5 2 1 4 4 4
-930.0 2240.6 -3.9 267 0 13.4 49.1 14.0 3.5 2 0 4 0 0
-989.0 2236.7 -3.8 267 0 95.0 64.7 14.0 0.0 0 0 4 5 5
-916.7 2436.2 -4.6 267 0 49.9 181.6 14.0 0.0 0 1 4 3 3
-1014.0 2432.4 -4.4 267 0 62.6 181.2 14.0 0.0 0 1 4 4 4
-1211.4 2280.9 -3.6 267 0 49.8 101.9 14.0 0.0 0 1 4 1 1
-1126.5 2284.7 -3.8 267 0 91.0 100.6 14.0 0.0 0 1 4 3 3
-1122.2 2310.7 -4.2 87 0 101.7 121.7 14.0 0.0 0 1 4 0 0
-1191.5 2540.9 -4.5 267 0 84.1 98.3 14.0 0.0 0 1 4 5 5
-505.1 1212.1 -2.4 180 0 12.3 68.6 14.0 3.5 2 1 4 5 5
-506.7 1314.8 -2.2 355 0 49.2 11.6 7.5 2.5 2 0 3 1 1
-51.8 -543.6 3.0 93 0 9.7 52.5 10.5 0.0 0 1 3 2 2
-1.4 -515.4 2.4 3 0 42.7 12.9 17.5 3.5 2 0 5 0 0
40.2 -539.8 2.2 93 0 12.0 43.2 17.5 3.5 2 0 5 3 3
-73.6 -541.3 4.0 93 0 9.7 60.6 10.5 3.5 2 1 3 2 2
-49.5 -600.4 3.6 3 0 85.0 13.6 17.5 3.5 2 0 5 2 2
1.5 -564.5 3.4 273 0 10.8 79.3 17.5 3.5 4 1 5 0 0
58.6 -599.7 3.0 3 0 94.5 10.2 17.5 3.5 2 0 5 3 3
-5.7 -658.9 4.5 90 0 125.3 9.0 10.5 3.5 2 0 3 0 0
-111.2 4.7 4.8 90 0 15.8 32.7 17.5 3.5 2 0 5 1 1
-99.1 80.0 2.3 270 0 7.5 77.1 10.5 3.5 2 0 3 1 1
-114.5 88.8 0.0 90 0 12.8 51.2 17.5 3.5 2 1 5 5 5
-115.2 82.3 2.9 270 0 13.0 34.9 17.5 3.5 2 1 5 4 4
-49.3 173.9 -4.5 273 0 6.6 24.4 10.5 3.5 2 0 3 5 5
-49.1 149.5 -3.7 273 0 9.5 48.3 10.5 3.5 2 0 3 2 2
-26.4 185.5 -4.5 273 0 9.5 19.4 10.5 3.5 2 1 3 5 5
-25.5 124.0 -4.6 3 0 49.5 9.0 10.5 3.5 2 0 3 4 4
-6.4 184.3 -4.5 273 0 10.2 85.2 17.5 0.0 0 1 5 5 5
91.0 188.7 -4.3 90 0 12.5 41.2 14.0 3.5 2 1 4 3 3
15.3 63.9 -4.4 90 0 9.6 115.1 10.5 3.5 2 1 3 1 1
90.8 179.7 -4.7 270 0 12.2 117.2 14.0 3.5 2 1 4 4 4
60.4 64.4 -4.7 90 0 9.3 114.5 10.5 3.5 2 1 3 1 1
38.6 63.8 -4.4 90 0 8.6 114.6 10.5 3.5 2 1 3 1 1
80.1 4.9 -4.7 90 0 12.8 46.0 17.5 3.5 2 1 5 1 1
55.7 -6.6 -1.5 270 0 6.1 59.6 10.5 3.5 2 1 3 0 0
2.3 4.8 -1.8 90 0 11.0 49.4 17.5 3.5 2 1 5 4 4
41.0 4.6 -3.8 90 0 11.9 48.6 17.5 3.5 2 1 5 2 2
55.9 4.3 -4.6 90 0 6.3 50.2 10.5 3.5 2 1 3 4 4
95.2 52.7 -4.7 270 0 6.1 139.8 10.5 3.5 2 1 3 2 2
79.7 -7.2 -2.9 270 0 12.5 76.7 17.5 3.5 2 0 5 4 4
62.3 -85.7 -0.5 90 0 21.5 11.6 17.5 3.5 2 0 5 4 4
41.4 -4.7 -1.0 270 0 11.8 81.0 17.5 0.0 0 1 5 1 1
2.1 -5.1 1.1 270 0 11.3 79.4 17.5 3.5 2 1 5 2 2
-37.9 4.6 0.2 91 0 12.5 49.5 17.5 3.5 2 1 5 5 5
-52.3 -1.1 3.9 271 0 5.6 49.4 10.5 3.5 2 0 3 2 2
-875.0 -2141.6 -2.8 107 0 13.8 37.9 14.0 3.5 2 1 4 2 2
-840.3 -2151.8 -2.7 107 0 12.9 36.5 14.0 3.5 2 1 4 4 4
-805.3 -2162.2 -2.6 107 0 11.8 37.2 14.0 3.5 2 1 4 2 2
-769.9 -2173.0 -2.5 107 0 11.0 38.3 14.0 3.5 2 1 4 4 4
-736.4 -2183.1 -2.3 106 0 8.3 38.5 10.5 3.5 2 1 3 5 5
-615.3 -2218.9 -1.9 107 0 19.1 38.0 14.0 0.0 0 1 4 0 0
-709.2 -2190.1 -2.2 107 0 10.2 37.1 14.0 3.5 2 1 4 1 1
-673.5 -2209.1 -2.2 287 0 14.5 60.6 10.5 3.5 2 1 3 3 3
-705.0 -2199.8 -2.3 287 0 12.8 60.6 10.5 0.0 0 1 3 0 0
-738.0 -2190.0 -2.4 287 0 14.2 60.6 10.5 3.5 2 1 3 2 2
-772.2 -2179.8 -2.5 287 0 12.8 60.6 10.5 3.5 2 1 3 5 5
-806.8 -2169.5 -2.7 287 0 11.2 60.6 10.5 3.5 2 1 3 1 1
-841.8 -2159.1 -2.8 287 0 11.8 60.6 10.5 3.5 2 1 3 5 5
-875.8 -2149.0 -2.9 287 0 10.7 60.6 10.5 3.5 2 1 3 1 1
2475.6 -817.6 0.0 270 0 18.0 55.3 10.0 2.5 2 1 4 1 1
2443.2 -838.7 0.2 186 0 54.9 8.4 7.5 2.5 2 0 3 1 1
1819.4 781.9 -1.4 269 0 12.6 40.1 14.0 3.5 2 1 4 5 5
1760.7 794.7 -2.3 270 0 11.7 46.4 14.0 3.5 2 1 4 2 2
1834.7 604.2 -2.6 359 0 47.9 13.0 14.0 3.5 2 0 4 1 1
1834.2 661.1 -2.5 359 0 52.0 13.0 14.0 3.5 4 0 4 5 5
1833.8 708.6 -1.8 359 0 31.7 13.0 14.0 3.5 4 0 4 3 3
1791.2 697.5 -2.6 179 0 62.3 11.1 14.0 3.5 4 0 4 3 3
1759.5 727.8 -2.9 269 0 11.5 46.9 14.0 3.5 2 1 4 1 1
1722.5 728.4 -2.9 269 0 12.1 47.6 14.0 3.5 2 1 4 4 4
1797.9 575.5 -2.8 89 0 10.9 76.4 14.0 3.5 2 1 4 5 5
1761.2 575.8 -2.8 89 0 10.9 77.1 14.0 3.5 2 1 4 2 2
1724.3 572.7 -2.7 89 0 10.9 90.1 14.0 3.5 2 1 4 5 5
1689.0 573.1 -2.6 89 0 11.6 55.6 14.0 0.0 0 1 4 3 3
1694.1 658.5 -2.7 359 0 45.7 11.6 14.0 3.5 4 0 4 3 3
1693.6 706.8 -2.9 359 0 37.8 11.6 14.0 3.5 2 0 4 3 3
1654.1 573.4 -2.5 89 0 11.7 66.3 14.0 3.5 2 1 4 0 0
1653.0 704.0 -2.8 269 0 11.7 56.9 14.0 3.5 2 1 4 5 5
1613.1 694.6 -2.7 270 0 11.5 43.6 14.0 3.5 2 1 4 0 0
1616.7 572.1 -2.4 90 0 11.5 55.2 14.0 3.5 2 1 4 3 3
1579.9 694.4 -2.6 269 0 11.5 43.6 14.0 3.5 2 1 4 4 4
1581.0 572.4 -2.4 89 0 11.5 49.1 14.0 3.5 4 1 4 5 5
1549.8 571.8 -2.4 89 0 11.5 65.9 14.0 3.5 4 1 4 2 2
1548.7 692.0 -2.6 270 0 11.5 46.6 14.0 3.5 4 1 4 5 5
208.4 -82.3 -4.8 0 0 9.3 31.6 10.5 3.5 2 1 3 2 2
173.8 -85.9 -4.9 90 0 15.6 28.7 17.5 3.5 2 0 5 3 3
168.0 50.2 -4.9 270 0 13.7 107.3 17.5 3.5 2 0 5 3 3
540.6 -1055.0 2.6 271 0 12.3 52.1 17.5 0.0 0 1 5 2 2
505.7 -1054.7 2.5 271 0 12.2 51.4 17.5 3.5 2 1 5 4 4
468.1 -1053.6 2.2 271 0 12.3 51.4 17.5 3.5 2 1 5 0 0
686.2 -1335.2 0.1 267 0 11.1 62.4 17.5 3.5 2 1 5 5 5
721.5 -1331.5 -0.1 264 0 14.6 65.0 17.5 3.5 2 1 5 0 0
760.2 -1326.9 0.2 264 0 14.0 64.5 17.5 3.5 2 1 5 5 5
758.5 -1315.8 0.9 84 0 14.0 67.1 17.5 3.5 2 1 5 3 3
720.7 -1321.2 0.4 86 0 13.9 67.1 17.5 3.5 2 1 5 5 5
684.1 -1325.8 0.5 86 0 14.0 67.1 17.5 0.0 0 1 5 5 5
662.4 -1381.4 0.8 359 0 23.4 17.9 17.5 3.5 2 0 5 5 5
632.0 -1385.2 1.4 359 0 23.4 17.9 17.5 3.5 2 0 5 2 2
592.3 -1398.5 1.1 89 0 17.9 23.4 17.5 3.5 2 1 5 0 0
650.8 -1321.3 0.9 266 0 12.5 45.5 17.5 3.5 2 1 5 4 4
599.7 -1447.1 0.9 85 0 12.9 39.5 17.5 3.5 2 1 5 3 3
637.3 -1445.6 1.2 85 0 11.6 41.4 17.5 3.5 2 1 5 1 1
674.9 -1422.2 0.4 355 0 39.3 11.0 17.5 3.5 2 0 5 3 3
698.9 -1422.8 -0.2 175 0 36.2 11.5 17.5 0.0 0 0 5 1 1
708.0 -1455.3 -0.5 266 0 11.5 42.3 17.5 3.5 2 0 5 3 3
648.6 -1458.4 0.8 266 0 10.3 43.4 17.5 3.5 2 0 5 2 2
587.2 -1458.7 0.5 266 0 10.9 47.5 17.5 3.5 2 0 5 2 2
589.0 -1324.7 1.2 270 0 14.0 46.7 17.5 3.5 2 1 5 2 2
642.7 -1313.9 1.2 88 0 12.0 53.4 17.5 3.5 4 1 5 2 2
565.4 -1316.6 1.5 90 0 12.1 53.4 17.5 3.5 2 1 5 4 4
602.0 -1315.9 1.6 90 0 12.1 53.4 17.5 3.5 2 1 5 4 4
561.4 -1325.8 1.3 270 0 10.0 38.5 17.5 3.5 4 1 5 1 1
561.9 -1394.2 1.1 90 0 10.9 28.0 17.5 0.0 0 1 5 4 4
529.9 -1323.2 1.3 270 0 11.2 61.8 17.5 3.5 4 1 5 3 3
529.8 -1315.5 1.6 90 0 11.3 54.1 17.5 3.5 4 1 5 2 2
494.3 -1325.2 1.1 271 0 13.2 57.9 17.5 3.5 2 1 5 5 5
494.5 -1315.2 1.4 91 0 13.3 52.7 17.5 3.5 2 1 5 0 0
463.3 -1323.0 1.1 1 0 121.9 11.2 17.5 3.5 2 0 5 0 0
-1152.5 -376.4 4.4 86 0 12.0 110.3 12.5 0.0 0 1 5 0 0
-1195.5 -266.8 4.0 266 0 12.4 111.5 7.5 2.5 2 1 3 5 5
629.2 1259.3 -3.0 268 0 12.1 66.9 14.0 3.5 2 1 4 3 3
2725.1 1842.1 0.6 90 0 52.6 9.4 7.5 2.5 2 0 3 0 0
2925.8 1882.0 0.3 0 0 75.3 38.5 10.0 0.0 0 0 4 0 0
2953.9 2190.4 0.2 0 0 153.4 62.0 7.5 0.0 0 0 3 1 1
2947.1 2346.9 0.1 0 0 145.0 64.7 7.5 0.0 0 0 3 3 3
2570.4 2343.4 0.5 180 0 197.6 177.1 10.0 0.0 0 0 4 3 3
2570.6 2176.3 0.8 180 0 123.8 25.7 5.0 0.0 0 0 2 0 0
-495.6 -204.0 6.4 270 0 11.9 80.7 17.5 3.5 2 1 5 3 3
-536.3 -204.3 6.3 270 0 11.9 48.4 17.5 3.5 2 1 5 1 1
-565.9 -205.0 6.3 270 0 11.2 48.8 17.5 3.5 2 1 5 5 5
-594.9 -253.4 6.3 90 0 10.4 47.7 17.5 3.5 2 1 5 1 1
-551.6 -262.9 6.5 271 0 42.2 18.0 17.5 3.5 2 0 5 5 5
-621.2 -205.4 6.3 268 0 11.4 69.9 17.5 3.5 2 1 5 2 2
-681.5 -202.0 6.2 269 0 13.2 70.9 17.5 3.5 2 1 5 1 1
-718.2 -271.0 6.2 93 0 12.6 69.0 17.5 3.5 4 1 5 2 2
484.5 -760.0 3.7 271 0 12.9 50.9 14.0 3.5 2 1 4 0 0
788.5 -824.9 3.1 267 0 17.4 17.8 17.5 3.5 2 1 5 5 5
791.8 -811.8 3.2 87 0 10.9 72.5 17.5 3.5 2 1 5 2 2
764.7 -812.4 3.3 87 0 12.8 70.4 17.5 3.5 2 1 5 2 2
732.3 -774.6 3.4 358 0 61.7 11.4 17.5 3.5 2 0 5 0 0
682.9 -774.3 3.4 178 0 57.3 10.2 17.5 3.5 2 0 5 2 2
719.4 -822.0 3.2 267 0 12.4 82.8 17.5 3.5 2 1 5 5 5
691.7 -862.3 3.4 357 0 79.4 12.2 17.5 3.5 2 0 5 5 5
785.8 -474.8 0.0 3 0 47.9 10.3 14.0 3.5 4 0 4 1 1
753.9 -496.7 -0.0 93 0 11.2 46.8 14.0 3.5 2 1 4 0 0
722.5 -470.7 -0.1 183 0 47.0 12.0 14.0 3.5 4 0 4 3 3
468.0 -232.6 -2.9 181 0 8.4 56.4 10.5 3.5 2 1 3 5 5
699.0 -427.7 -1.3 90 0 11.3 83.9 14.0 3.5 2 1 4 2 2
662.8 -428.3 -1.3 90 0 12.3 83.1 14.0 3.5 2 1 4 5 5
626.5 -427.8 -1.3 90 0 11.0 80.6 14.0 3.5 2 1 4 5 5
705.8 -455.6 -0.3 358 0 45.6 11.8 14.0 3.5 2 0 4 1 1
585.8 294.3 -3.4 180 0 44.7 9.8 10.5 3.5 2 0 3 3 3
585.1 234.7 -3.6 180 0 53.2 10.4 14.0 3.5 2 0 4 5 5
627.4 130.7 -3.7 90 0 21.1 72.3 14.0 0.0 0 1 4 0 0
514.2 196.4 -3.7 91 0 12.6 59.7 14.0 3.5 2 1 4 5 5
492.4 143.3 -4.0 270 0 26.3 31.3 17.5 0.0 0 1 5 0 0
507.9 83.7 -4.1 0 0 36.3 29.1 14.0 0.0 0 0 4 0 0
245.6 92.2 -4.4 90 0 7.9 26.9 10.5 0.0 0 1 3 1 1
198.5 200.5 -4.2 270 0 7.6 34.1 10.5 3.5 2 1 3 3 3
233.6 195.2 -4.2 270 0 6.6 23.6 10.5 3.5 4 1 3 0 0
225.1 199.9 -4.2 270 0 7.8 34.3 10.5 3.5 2 1 3 1 1
247.9 199.6 -4.2 270 0 14.5 33.6 17.5 3.5 2 1 5 4 4
246.8 122.8 -4.3 90 0 15.2 34.7 17.5 3.5 2 1 5 1 1
183.1 133.9 -4.4 180 0 17.9 53.8 17.5 3.5 2 1 5 4 4
159.8 187.4 -4.3 180 0 26.3 17.7 17.5 3.5 2 0 5 5 5
159.6 149.1 -4.4 180 0 50.5 15.7 17.5 3.5 2 0 5 3 3
252.9 76.3 -4.4 180 0 16.2 33.7 17.5 3.5 2 1 5 0 0
301.2 198.9 -4.1 270 0 73.6 19.4 17.5 3.5 4 0 5 0 0
342.2 131.3 -4.3 1 0 90.8 7.0 10.5 0.0 0 0 3 5 5
-930.1 -419.8 5.9 271 0 24.0 8.0 10.5 3.5 2 0 3 2 2
-912.0 -452.9 5.4 360 0 48.8 8.6 10.5 3.5 2 0 3 0 0
816.7 -1348.5 0.2 353 0 65.4 15.8 17.5 3.5 2 0 5 3 3
355.8 263.3 -3.9 269 0 12.3 59.6 17.5 3.5 2 1 5 5 5
355.8 271.4 -3.7 89 0 12.3 54.8 17.5 3.5 4 1 5 1 1
315.3 263.1 -4.0 269 0 12.3 59.6 17.5 3.5 2 1 5 3 3
315.3 271.2 -3.8 89 0 12.3 54.8 17.5 3.5 2 1 5 0 0
275.9 270.9 -3.8 89 0 12.3 54.8 17.5 3.5 2 1 5 1 1
275.9 262.8 -4.0 269 0 12.3 59.6 17.5 3.5 2 1 5 3 3
786.3 -1242.4 0.8 263 0 38.5 7.3 10.5 3.5 2 0 3 0 0
6533.0 120.3 -4.2 13 0 56.5 71.2 10.0 0.0 0 1 4 5 5
3643.8 2110.4 -1.4 180 0 254.3 92.1 10.0 0.0 0 0 4 0 0
4487.1 -297.4 -1.9 261 0 35.7 49.7 7.5 0.0 0 1 3 0 0
4416.3 -448.3 -1.6 355 0 123.5 49.4 7.5 0.0 0 0 3 2 2
4207.6 -235.4 -1.8 81 0 16.1 41.7 7.5 2.5 2 1 3 2 2
4110.3 -39.9 -0.8 261 0 24.0 121.8 5.0 0.0 0 1 2 2 2
4364.8 -62.6 -1.6 351 0 118.7 122.1 10.0 0.0 0 1 4 1 1
4262.4 -194.1 -1.9 171 0 91.2 113.0 10.0 0.0 0 1 4 3 3
5879.3 314.4 -4.2 95 0 10.7 61.7 7.5 2.5 2 1 3 1 1
5886.2 388.3 -4.2 95 0 10.7 62.7 7.5 0.0 0 1 3 5 5
5843.0 315.2 -4.3 95 0 10.7 61.7 7.5 2.5 2 1 3 5 5
5849.9 389.1 -4.2 95 0 10.7 62.7 7.5 2.5 2 1 3 1 1
5808.1 380.7 -4.3 275 0 10.7 61.7 10.0 2.5 2 1 4 0 0
5809.3 393.2 -4.2 95 0 10.7 62.7 7.5 2.5 2 1 3 4 4
6140.4 205.5 -4.3 88 0 57.9 62.2 12.5 0.0 0 1 5 4 4
6156.9 186.9 -4.3 268 0 24.8 76.8 7.5 0.0 0 1 3 0 0
6256.7 65.3 -4.4 271 0 12.4 42.0 7.5 2.5 2 1 3 4 4
6234.1 65.4 -4.4 271 0 10.0 42.3 7.5 2.5 2 1 3 5 5
6259.9 207.8 -4.3 271 0 54.9 133.1 10.0 0.0 0 1 4 1 1
6531.6 41.4 -4.4 13 0 25.3 138.3 7.5 0.0 0 1 3 3 3
6863.0 30.2 -4.1 282 0 14.7 23.2 5.0 2.5 2 1 2 2 2
6858.5 -24.3 -4.1 12 0 48.4 13.7 10.0 2.5 2 0 4 5 5
6863.9 67.7 -5.0 192 0 45.5 90.5 10.0 0.0 0 1 4 1 1
6915.9 90.2 -5.0 102 0 91.2 20.1 10.0 0.0 0 0 4 5 5
6933.1 171.1 -4.9 282 0 90.1 41.1 10.0 0.0 0 0 4 5 5
5585.1 1444.3 -1.3 90 0 48.1 118.9 7.5 0.0 0 1 3 1 1
5585.6 1426.2 -1.9 270 0 50.2 130.7 7.5 0.0 0 1 3 3 3
5506.0 1424.8 -1.2 270 0 60.6 129.2 10.0 0.0 0 1 4 4 4
5505.9 1444.3 -1.2 90 0 60.6 119.6 7.5 0.0 0 1 3 5 5
5697.9 1405.4 -2.1 359 0 271.0 75.3 10.0 0.0 0 0 4 3 3
-1809.9 -1028.5 -1.6 269 0 7.7 44.6 10.5 3.5 2 1 3 1 1
-1814.2 -1071.8 -1.6 357 0 6.3 82.1 10.5 3.5 2 1 3 0 0
-1913.0 -1013.6 -1.5 266 0 21.4 67.0 10.5 3.5 2 1 3 0 0
502.7 2669.0 -1.6 356 0 16.6 85.9 10.5 3.5 2 1 3 1 1
506.5 2639.1 -0.5 178 0 44.2 22.8 10.5 0.0 0 0 3 0 0
508.7 2585.0 -1.3 178 0 64.2 59.0 10.5 0.0 0 0 3 4 4
596.8 2259.1 -3.5 88 0 13.7 63.2 14.0 3.5 2 1 4 5 5
535.5 2431.7 -3.8 268 0 41.9 90.9 14.0 0.0 0 1 4 3 3
489.9 2376.8 -4.4 268 0 25.1 37.2 14.0 0.0 0 1 4 2 2
406.8 2435.9 -5.9 268 0 26.8 101.5 14.0 0.0 0 1 4 3 3
267.8 2312.3 -6.1 350 0 40.2 13.7 14.0 3.5 2 0 4 2 2
269.7 2340.9 -6.3 80 0 77.8 24.9 14.0 0.0 0 0 4 1 1
337.7 2398.6 -6.3 350 0 89.5 32.9 14.0 0.0 0 0 4 1 1
322.6 2488.3 -6.1 350 0 61.7 32.9 14.0 0.0 0 0 4 2 2
468.8 2258.0 -6.1 88 0 114.2 72.9 14.0 0.0 0 0 4 5 5
431.9 2132.6 -5.9 87 0 13.9 55.6 10.5 3.5 2 1 3 0 0
431.1 2120.5 -5.6 267 0 13.5 55.3 10.5 3.5 4 1 3 1 1
463.8 2124.9 -5.7 267 0 12.9 50.1 10.5 3.5 2 1 3 4 4
460.7 2135.3 -5.9 87 0 7.2 56.3 10.5 3.5 2 1 3 4 4
494.7 2126.9 -5.8 267 0 12.1 43.4 10.5 3.5 2 1 3 4 4
526.1 2151.3 -5.9 87 0 12.2 43.2 10.5 3.5 2 1 3 5 5
526.6 2140.4 -5.9 267 0 12.2 50.8 10.5 3.5 2 1 3 4 4
556.5 2142.2 -5.8 267 0 11.8 48.2 10.5 3.5 2 1 3 2 2
556.0 2152.6 -5.5 87 0 11.8 42.8 10.5 0.0 0 1 3 5 5
568.3 2148.5 -5.8 177 0 103.6 5.9 10.5 3.5 2 0 3 0 0
65.1 -1905.9 -1.3 269 0 12.6 83.8 17.5 3.5 2 1 5 5 5
27.1 -1915.8 -1.2 270 0 13.8 64.7 17.5 0.0 0 1 5 2 2
-28.2 -1919.1 -1.4 270 0 16.1 61.7 17.5 3.5 2 1 5 1 1
-81.2 -1916.3 -1.7 270 0 13.8 66.4 17.5 3.5 2 1 5 4 4
-134.0 -1914.3 -2.0 270 0 14.2 77.0 17.5 3.5 2 1 5 4 4
2880.1 -619.5 -1.6 270 0 11.8 65.9 10.5 3.5 2 1 3 4 4
2880.1 -699.9 -1.6 270 0 11.8 69.1 10.5 3.5 2 1 3 1 1
2842.8 -686.8 -1.5 90 0 11.8 65.9 10.5 3.5 2 1 3 5 5
2842.8 -701.4 -1.5 270 0 11.8 69.1 10.5 3.5 4 1 3 3 3
2803.9 -620.7 -0.7 270 0 11.8 65.9 10.5 3.5 2 1 3 2 2
2803.9 -701.2 -1.4 270 0 11.8 69.1 10.5 0.0 0 1 3 5 5
2762.6 -620.9 -0.1 270 0 11.8 65.9 10.5 3.5 2 1 3 0 0
2762.6 -701.4 -1.3 270 0 11.8 62.4 10.5 3.5 2 1 3 1 1
2722.4 -701.7 -1.1 270 0 11.8 62.4 10.5 3.5 2 1 3 3 3
2722.4 -621.2 -0.1 270 0 11.8 65.9 10.5 3.5 2 1 3 3 3
850.9 658.7 -2.1 357 0 68.7 20.9 14.0 3.5 2 0 4 0 0
856.9 554.3 -2.4 357 0 105.1 20.5 14.0 0.0 0 0 4 1 1
819.7 660.3 -2.2 357 0 69.5 25.8 14.0 0.0 0 0 4 3 3
825.9 549.5 -2.5 357 0 96.6 25.8 10.5 0.0 0 0 3 5 5
898.0 1063.2 -2.8 268 0 12.6 109.0 10.5 3.5 4 1 3 4 4
858.0 1010.9 -2.7 88 0 10.3 51.4 10.5 3.5 2 1 3 0 0
858.3 1002.8 -2.5 268 0 10.4 50.8 10.5 3.5 2 1 3 4 4
778.1 1004.6 -2.4 178 0 25.6 8.8 10.5 3.5 2 0 3 0 0
821.0 1001.7 -2.4 268 0 10.4 50.8 10.5 3.5 2 1 3 2 2
818.6 1061.2 -2.6 268 0 10.3 51.4 10.5 3.5 2 1 3 2 2
789.8 949.9 -2.4 88 0 11.0 42.3 10.5 3.5 2 0 3 1 1
785.4 1058.7 -2.6 268 0 10.9 40.9 10.5 0.0 0 1 3 3 3
309.3 -392.5 -0.9 275 0 36.2 9.9 10.5 3.5 2 0 3 4 4
360.4 -396.8 -0.9 275 0 12.1 62.8 14.0 3.5 2 1 4 3 3
396.5 -398.9 -0.9 275 0 12.1 63.7 14.0 3.5 2 1 4 2 2
-804.5 921.2 -2.8 269 0 41.3 15.7 14.0 3.5 2 0 4 4 4
-728.8 773.7 1.0 270 0 22.8 16.9 17.5 3.5 4 0 5 5 5
-722.9 669.2 1.3 90 0 32.2 85.7 17.5 0.0 0 0 5 1 1
-854.2 712.3 0.7 180 0 101.9 50.0 17.5 0.0 0 0 5 3 3
-796.6 661.6 1.1 90 0 14.8 35.2 17.5 3.5 2 0 5 0 0
94.0 486.3 -3.6 358 0 74.9 11.4 14.0 3.5 4 0 4 0 0
87.9 627.8 -3.4 358 0 167.7 13.2 14.0 0.0 0 0 4 4 4
-863.9 -329.6 6.3 87 0 11.6 42.7 17.5 3.5 4 1 5 0 0
-897.9 -327.6 6.3 87 0 11.3 38.9 17.5 3.5 2 1 5 0 0
-932.7 -330.4 6.3 87 0 11.2 39.0 17.5 3.5 2 1 5 2 2
-962.2 -331.1 6.3 357 0 71.9 10.7 17.5 3.5 2 0 5 1 1
-992.5 -365.0 6.2 88 0 13.6 52.0 17.5 3.5 4 1 5 0 0
-1013.1 -295.5 6.3 267 0 58.7 15.1 17.5 3.5 2 0 5 0 0
-824.4 3040.7 -6.9 87 0 79.0 11.7 7.5 2.5 2 0 3 3 3
-813.7 3130.4 -7.1 264 0 38.0 77.5 10.0 0.0 0 0 4 4 4
-759.7 3138.5 -7.2 264 0 38.5 82.2 10.0 0.0 0 1 4 2 2
-880.3 3151.5 -7.3 85 0 16.6 82.1 10.0 2.5 2 1 4 5 5
-788.7 3159.0 -7.5 85 0 90.9 76.5 7.5 0.0 0 0 3 5 5
-713.5 3105.0 -7.2 266 0 16.2 50.2 10.0 2.5 2 1 4 4 4
-700.0 3232.7 -7.7 264 0 76.8 116.2 10.0 0.0 0 1 4 3 3
-629.9 3134.0 -7.7 175 0 147.9 50.2 10.0 0.0 0 0 4 3 3
-520.9 3181.2 -7.9 357 0 121.2 48.2 7.5 0.0 0 0 3 5 5
360.1 687.6 -2.6 358 0 34.7 13.0 17.5 3.5 4 0 5 3 3
357.1 615.8 -2.8 88 0 12.9 33.2 17.5 0.0 0 1 5 0 0
359.0 560.3 -2.9 88 0 11.2 43.9 17.5 3.5 2 1 5 5 5
304.8 609.9 -3.0 268 0 11.3 50.5 17.5 3.5 2 1 5 4 4
251.4 556.1 -3.1 88 0 12.0 49.0 17.5 0.0 0 1 5 4 4
255.7 633.4 -2.9 88 0 11.7 43.9 17.5 3.5 2 1 5 4 4
292.1 760.8 -2.7 268 0 9.9 63.8 10.5 3.5 2 1 3 1 1
236.5 760.7 -2.7 268 0 10.7 63.8 17.5 3.5 2 1 5 2 2
190.2 731.2 -2.8 357 0 67.6 11.9 17.5 3.5 2 0 5 0 0
193.7 654.2 -3.0 357 0 70.8 11.9 17.5 3.5 2 0 5 2 2
192.3 554.3 -3.2 87 0 11.9 55.6 17.5 3.5 4 1 5 0 0
434.4 522.3 -3.0 268 0 12.2 24.6 14.0 3.5 2 1 4 4 4
379.8 514.4 -3.0 178 0 11.5 45.5 14.0 3.5 2 1 4 1 1
329.2 506.3 -3.2 88 0 95.1 10.6 14.0 3.5 2 0 4 1 1
225.6 502.7 -3.3 88 0 89.2 12.4 14.0 3.5 2 0 4 4 4
433.9 547.3 -2.9 88 0 14.5 85.8 17.5 3.5 2 0 5 2 2
376.5 558.7 -3.0 268 0 99.3 13.4 17.5 3.5 2 0 5 3 3
246.4 553.9 -3.2 268 0 139.1 13.8 14.0 0.0 0 0 4 4 4
3526.5 4260.1 -3.6 81 0 14.1 37.6 10.0 2.5 4 1 4 5 5
3562.2 4442.5 -2.6 173 0 20.1 33.2 7.5 0.0 0 1 3 5 5
3636.7 4479.3 -1.9 353 0 20.2 70.8 7.5 2.5 2 1 3 5 5
3638.7 4324.5 -3.6 80 0 25.7 73.5 7.5 0.0 0 1 3 5 5
3690.2 4425.2 -3.6 260 0 21.7 47.0 10.0 2.5 2 1 4 0 0
3675.8 4330.5 -3.5 80 0 33.0 73.5 12.5 0.0 0 1 5 2 2
3876.6 4155.2 -3.4 171 0 109.9 69.1 15.0 0.0 0 0 6 5 5
3854.8 4151.4 -3.2 351 0 110.5 22.2 7.5 0.0 0 0 3 3 3
3737.8 4181.3 -3.1 81 0 25.0 81.4 7.5 0.0 0 1 3 5 5
3738.2 4165.4 -3.0 261 0 24.9 82.9 7.5 0.0 0 1 3 1 1
3698.8 4121.5 -2.9 172 0 122.1 23.9 12.5 0.0 0 0 5 0 0
3199.8 4207.3 -3.7 90 0 78.9 159.8 15.0 0.0 0 1 6 1 1
3625.3 2246.1 -0.9 360 0 40.6 97.3 10.0 0.0 0 0 4 0 0
3624.8 2189.9 -0.9 360 0 41.8 96.6 10.0 0.0 0 0 4 3 3
3625.7 2133.9 -1.0 360 0 43.2 97.2 10.0 0.0 0 0 4 0 0
3628.1 2030.9 -1.3 360 0 113.5 166.1 12.5 0.0 0 1 5 3 3
1783.1 294.5 -1.7 90 0 12.1 41.7 10.5 3.5 2 0 3 4 4
1799.6 347.0 -1.8 270 0 55.9 10.7 10.5 3.5 2 0 3 4 4
1736.4 294.6 -1.8 90 0 11.5 40.2 10.5 3.5 2 0 3 0 0
1735.7 345.1 -1.7 270 0 54.5 10.3 10.5 3.5 2 0 3 2 2
1696.8 295.0 -1.8 90 0 11.7 39.8 10.5 3.5 2 0 3 5 5
1648.4 313.9 -1.9 180 0 41.1 10.6 10.5 3.5 2 0 3 5 5
1644.7 339.3 -1.8 180 0 9.7 57.6 10.5 3.5 2 0 3 5 5
1832.5 195.7 -2.0 360 0 45.8 12.3 14.0 3.5 4 0 4 5 5
1787.7 160.8 -2.1 90 0 10.9 55.7 14.0 3.5 2 1 4 1 1
1832.8 257.8 -1.8 360 0 40.0 11.0 14.0 3.5 2 0 4 0 0
1785.9 278.8 -1.8 270 0 12.6 39.4 14.0 3.5 2 1 4 0 0
1745.5 279.8 -1.9 270 0 13.7 40.9 14.0 3.5 2 1 4 5 5
1703.8 282.0 -2.0 270 0 11.5 47.6 14.0 3.5 4 1 4 1 1
1747.2 147.7 -2.1 90 0 10.8 55.9 14.0 3.5 2 1 4 5 5
1703.7 136.9 -2.2 90 0 11.8 53.3 14.0 3.5 2 1 4 0 0
1659.6 278.9 -2.0 270 0 12.2 45.0 14.0 3.5 2 1 4 1 1
1660.7 123.1 -2.3 90 0 11.7 69.0 14.0 3.5 2 1 4 3 3
1608.8 107.8 -2.4 90 0 13.9 47.7 14.0 3.5 2 1 4 2 2
1615.2 193.2 -2.3 360 0 48.7 13.9 14.0 3.5 2 0 4 4 4
1607.8 278.6 -2.1 270 0 13.9 46.4 14.0 3.5 2 1 4 4 4
-1496.3 4225.4 -6.6 165 0 33.7 16.9 10.0 2.5 2 0 4 5 5
-1503.1 4251.5 -6.8 165 0 20.2 60.4 10.0 2.5 2 0 4 2 2
-1429.3 4091.5 -6.6 75 0 46.4 8.2 7.5 2.5 2 0 3 1 1
-1468.5 4114.5 -6.4 165 0 64.7 6.5 7.5 2.5 2 0 3 2 2
-1461.7 4122.8 -6.6 165 0 54.8 38.0 7.5 0.0 0 0 3 1 1
-1377.1 4296.4 -7.3 253 0 25.1 68.4 12.5 0.0 0 0 5 5 5
-496.4 5595.7 -4.8 92 0 13.2 15.5 5.0 2.5 2 0 2 2 2
-693.2 5619.1 -4.5 272 0 146.5 14.2 10.0 0.0 0 0 4 5 5
-1042.0 4098.2 -6.1 265 0 8.7 34.1 7.5 2.5 2 1 3 0 0
-1080.6 4024.5 -8.1 265 0 12.6 57.2 10.0 2.5 2 1 4 0 0
-1058.2 4025.9 -8.0 265 0 16.8 55.7 7.5 0.0 0 1 3 2 2
-1034.1 4029.2 -7.6 265 0 20.0 56.5 10.0 2.5 2 1 4 3 3
-1109.1 4022.7 -8.0 266 0 33.9 58.1 5.0 0.0 0 1 2 2 2
-1123.3 4030.3 -7.8 86 0 40.5 73.5 15.0 0.0 0 1 6 4 4
-670.6 5448.8 -5.2 272 0 11.9 64.2 7.5 0.0 0 1 3 0 0
-460.6 5442.8 -5.1 272 0 13.5 64.2 7.5 2.5 2 1 3 2 2
-539.0 5445.4 -5.1 272 0 11.9 64.2 7.5 2.5 2 1 3 5 5
-580.7 5446.7 -5.1 272 0 13.5 64.2 7.5 2.5 2 1 3 4 4
-499.6 5443.9 -5.1 272 0 11.4 64.2 7.5 2.5 2 1 3 5 5
-714.9 5450.5 -5.1 272 0 13.5 64.2 7.5 2.5 2 1 3 0 0
-631.2 5447.3 -5.1 272 0 11.4 64.2 7.5 2.5 2 1 3 3 3
-747.8 5597.5 -4.5 272 0 14.8 60.9 10.0 2.5 2 1 4 3 3
-752.9 5461.7 -4.7 92 0 14.8 66.8 7.5 2.5 2 1 3 4 4
-761.9 5420.5 -5.0 182 0 58.7 14.8 7.5 2.5 2 0 3 2 2
