3829.8 10946.8 -12.5 271 0 10.9 81.4 14.0 3.5 2 1 4 0 0
3887.6 10945.9 -12.5 270 0 13.8 59.1 17.5 3.5 2 1 5 0 0
3859.3 10945.1 -12.5 270 0 9.7 58.7 10.5 3.5 2 1 3 1 1
-3754.9 -4598.0 -1.0 166 0 37.9 16.1 5.0 2.5 2 0 2 5 5
-3725.0 -4660.7 -2.8 166 0 63.1 14.8 12.5 2.5 2 0 5 1 1
-3749.3 -4673.8 -2.6 166 0 98.5 26.8 10.0 0.0 0 0 4 5 5
-3683.6 -4659.2 -4.2 346 0 98.9 21.5 10.0 0.0 0 0 4 3 3
-3824.8 -4402.3 -0.8 163 0 36.1 10.8 7.5 2.5 2 0 3 4 4
-3827.2 -4363.4 -0.6 72 0 16.0 50.4 7.5 2.5 2 0 3 0 0
-3831.8 -4322.1 -0.8 163 0 19.5 42.1 7.5 2.5 2 0 3 3 3
-3774.5 -4353.1 -0.9 162 0 100.6 16.7 10.0 0.0 0 0 4 3 3
-3599.5 -4506.5 -3.9 343 0 43.2 27.2 10.0 0.0 0 0 4 4 4
-3631.7 -4522.5 -3.5 72 0 11.1 29.2 7.5 2.5 4 1 3 3 3
-3678.8 -4398.7 -1.9 343 0 18.2 22.9 10.0 2.5 2 1 4 4 4
-3647.9 -4408.6 -3.3 342 0 44.1 21.3 12.5 2.5 2 0 5 2 2
-3723.3 -4393.0 -1.3 252 0 20.4 59.3 7.5 2.5 2 1 3 4 4
-3674.2 -4526.0 -3.0 72 0 11.4 27.3 7.5 2.5 2 1 3 0 0
-3728.7 -4499.6 -1.0 163 0 28.1 7.4 5.0 2.5 2 0 2 5 5
-3770.6 -4526.9 -0.8 73 0 13.2 28.1 7.5 2.5 2 1 3 5 5
-3724.8 -4477.6 -0.9 72 0 17.9 75.1 10.0 2.5 2 0 4 0 0
-3753.9 -4487.6 -0.9 72 0 26.8 75.8 7.5 0.0 0 0 3 5 5
-3804.7 -4464.3 -0.9 162 0 76.4 21.0 10.0 0.0 0 0 4 4 4
