-122.4 -13.7 -2.0 186 0 72.2 12.0 14.0 3.5 2 0 4 0 0
-726.6 -1223.7 2.4 270 0 14.0 67.8 7.5 2.5 2 1 3 2 2
-96.1 -154.6 -3.7 185 0 52.9 12.9 14.0 3.5 2 0 4 3 3
-32.3 15.9 -3.2 275 0 17.8 71.4 14.0 3.5 2 1 4 1 1
-689.4 -1221.7 2.4 269 0 12.3 71.0 7.5 0.0 0 1 3 3 3
-734.6 -1336.6 1.3 180 0 67.2 14.3 10.0 2.5 2 0 4 0 0
-686.3 -1479.7 -0.3 89 0 17.1 94.3 10.0 0.0 0 1 4 5 5
29.3 -72.6 -3.6 275 0 12.9 52.9 14.0 3.5 2 1 4 5 5
-75.6 17.9 -2.5 275 0 15.1 70.3 14.0 3.5 2 1 4 2 2
-16.0 -186.2 -3.7 95 0 12.9 52.9 14.0 3.5 2 1 4 4 4
-127.3 -84.1 -3.3 185 0 52.9 12.9 14.0 0.0 0 0 4 1 1
-484.4 77.8 3.4 186 0 77.2 16.5 10.0 2.5 2 0 4 4 4
-375.1 124.4 2.3 95 0 12.8 34.2 10.0 2.5 2 1 4 0 0
-42.9 -66.7 -3.6 275 0 12.9 52.9 14.0 3.5 2 1 4 5 5
-103.9 -249.5 -3.7 96 0 13.2 60.4 14.0 3.5 2 1 4 2 2
-439.9 31.8 2.8 96 0 16.5 77.2 10.0 0.0 0 1 4 5 5
-412.8 163.6 3.0 275 0 12.8 34.2 10.0 2.5 2 1 4 4 4
-90.4 -87.6 -3.6 185 0 52.9 12.9 14.0 3.5 2 0 4 4 4
-682.1 -1336.1 1.3 360 0 69.4 12.7 7.5 2.5 2 0 3 1 1
-5.0 -71.9 -3.6 275 0 12.9 52.9 14.0 3.5 4 1 4 1 1
-453.8 168.7 3.6 275 0 12.8 34.2 10.0 2.5 2 1 4 2 2
-140.0 -245.1 -3.7 96 0 13.2 60.4 14.0 3.5 2 1 4 1 1
19.4 -189.1 -3.6 95 0 12.9 52.9 14.0 3.5 2 1 4 4 4
-73.4 -256.8 -3.7 96 0 13.2 60.4 14.0 3.5 2 1 4 4 4
-400.2 27.6 2.3 96 0 16.5 77.2 10.0 2.5 2 1 4 0 0
-133.0 -151.1 -3.7 185 0 52.9 12.9 14.0 0.0 0 0 4 4 4
-53.5 -186.4 -3.7 95 0 12.9 52.9 14.0 3.5 2 1 4 2 2
-42.7 -258.6 -3.7 96 0 13.2 60.4 14.0 3.5 2 1 4 3 3
