5654.8 4109.6 -4.7 265 0 42.5 7.3 10.5 3.5 2 0 3 0 0
5622.4 4183.7 -17.2 342 0 8.4 55.1 10.5 3.5 2 0 3 5 5
-4000.0 3761.8 0.4 245 0 67.6 26.6 14.0 0.0 0 0 4 4 4
-5806.8 4632.8 -6.8 328 0 31.3 25.7 12.5 0.0 0 0 5 2 2
-5788.2 4609.8 -7.7 314 0 29.0 24.4 12.5 0.0 0 0 5 5 5
-5817.7 4670.7 -6.0 356 0 26.6 24.7 12.5 0.0 0 0 5 2 2
-5820.0 4697.0 -6.0 354 0 25.6 23.8 10.0 0.0 0 0 4 0 0
-5822.4 4721.6 -5.9 354 0 23.5 23.3 12.5 2.5 2 0 5 2 2
-5760.3 4582.9 -8.9 296 0 26.2 27.2 12.5 0.0 0 0 5 3 3
-5739.2 4572.2 -9.7 298 0 21.3 26.9 10.0 2.5 2 0 4 1 1
-5718.4 4564.9 -10.6 282 0 23.2 25.6 12.5 2.5 2 0 5 3 3
-5826.9 4763.0 -4.9 359 0 21.7 20.3 10.0 2.5 2 0 4 0 0
-5837.7 4796.5 -4.3 269 0 20.2 22.9 12.5 2.5 2 0 5 5 5
-5672.5 4560.4 -12.8 260 0 24.7 31.1 12.5 0.0 0 1 5 5 5
-5647.7 4565.4 -12.4 253 0 22.6 32.6 10.0 0.0 0 1 4 2 2
-5624.9 4572.4 -7.6 249 0 21.7 32.5 10.0 0.0 0 1 4 4 4
-5183.8 4585.9 9.6 112 0 98.9 41.5 14.0 0.0 0 0 4 1 1
-5068.3 4595.7 -0.6 281 0 82.0 43.1 14.0 0.0 0 0 4 4 4
