1679.6 4315.1 -17.7 114 0 68.3 23.1 10.5 3.5 2 0 3 2 2
1997.6 4660.2 -3.0 23 0 84.5 241.5 10.5 0.0 0 1 3 3 3
2204.0 4029.1 -21.9 113 0 139.1 46.6 10.5 0.0 0 0 3 3 3
1743.9 4268.6 -1.5 113 0 19.8 54.1 10.5 3.5 2 1 3 4 4
2289.1 3998.3 -21.9 104 0 48.2 162.0 10.5 0.0 0 1 3 5 5
2188.5 4140.5 -22.7 198 0 86.0 50.0 10.5 0.0 0 0 3 5 5
2272.2 4585.4 -15.7 300 0 22.8 12.6 10.5 3.5 2 0 3 4 4
2045.7 4654.5 -9.1 201 0 82.5 37.7 10.5 0.0 0 0 3 4 4
2038.4 4377.8 -20.3 110 0 37.6 105.0 10.5 0.0 0 1 3 1 1
2102.0 4352.1 -22.2 110 0 37.1 102.0 10.5 0.0 0 1 3 3 3
2059.2 4539.4 -17.0 200 0 105.7 38.4 10.5 0.0 0 0 3 1 1
2130.1 4661.2 -15.7 291 0 41.1 80.2 10.5 0.0 0 1 3 2 2
2157.1 4456.0 -19.9 20 0 12.1 22.7 10.5 3.5 2 1 3 3 3
2134.0 4289.8 -22.8 291 0 59.3 100.2 10.5 0.0 0 1 3 3 3
1964.5 4458.4 -12.0 201 0 103.0 36.9 10.5 0.0 0 0 3 0 0
2240.7 4464.4 -22.1 20 0 118.9 50.0 10.5 0.0 0 0 3 3 3
2209.0 4616.2 -18.0 302 0 21.6 24.4 10.5 3.5 2 1 3 2 2
2039.5 4099.9 -21.3 111 0 22.4 101.8 10.5 0.0 0 1 3 5 5
2363.1 4768.8 -15.8 20 0 236.5 98.5 10.5 0.0 0 0 3 5 5
2289.5 4440.6 -23.9 194 0 124.3 138.3 10.5 0.0 0 1 3 3 3
2427.0 4792.7 -20.5 203 0 45.0 140.9 14.0 0.0 0 1 4 5 5
2489.9 4569.0 -21.7 21 0 45.7 134.9 14.0 0.0 0 1 4 1 1
2357.9 4185.3 -23.3 16 0 43.8 134.3 10.5 0.0 0 1 3 3 3
2374.1 4236.4 -23.5 16 0 41.6 136.5 10.5 0.0 0 1 3 1 1
2601.3 4849.7 -21.6 21 0 46.1 134.3 14.0 0.0 0 1 4 4 4
2382.4 4676.6 -20.9 202 0 46.5 139.1 14.0 0.0 0 1 4 4 4
2397.4 4306.4 -23.9 16 0 56.3 138.2 10.5 0.0 0 1 3 0 0
2590.9 5010.3 -21.9 292 0 138.1 48.4 14.0 0.0 0 0 4 3 3
2335.9 4541.8 -21.9 283 0 32.2 15.0 10.5 0.0 0 0 3 4 4
2450.2 4845.0 -21.2 201 0 51.3 137.2 14.0 0.0 0 1 4 4 4
2624.7 4904.2 -21.8 21 0 46.0 139.7 14.0 0.0 0 1 4 5 5
2404.6 4733.4 -20.0 202 0 48.6 139.4 14.0 0.0 0 1 4 0 0
2830.7 4854.2 -23.5 21 0 48.4 121.2 10.5 0.0 0 1 3 0 0
2690.3 4453.7 -22.5 21 0 23.2 137.4 10.5 0.0 0 1 3 5 5
2642.7 4643.1 -21.0 22 0 65.7 22.6 10.5 3.5 2 0 3 3 3
2660.3 4570.9 -21.2 333 0 11.9 19.4 12.0 0.0 0 1 3 1 1
2671.9 4708.6 -21.8 24 0 63.6 25.1 10.5 3.5 2 0 3 3 3
2758.3 4994.4 -23.3 201 0 21.5 161.4 10.5 0.0 0 1 3 1 1
2695.5 4479.0 -22.4 22 0 43.0 135.3 10.5 0.0 0 1 3 0 0
2648.2 5276.9 -12.0 293 0 15.8 67.1 14.0 3.5 4 1 4 2 2
2606.6 5248.4 -11.5 202 0 58.8 13.1 14.0 0.0 0 0 4 3 3
2433.9 4123.2 -14.3 199 0 106.0 72.7 14.0 0.0 0 0 4 2 2
2244.5 3841.3 -21.3 284 0 33.4 51.7 14.0 0.0 0 1 4 1 1
2205.1 3919.2 -21.7 198 0 66.2 13.3 14.0 3.5 2 0 4 3 3
2083.3 3968.6 -21.8 202 0 69.6 25.1 14.0 0.0 0 0 4 2 2
2140.4 3988.7 -21.8 291 0 28.6 62.5 14.0 0.0 0 1 4 2 2
2308.7 3866.9 -21.5 17 0 37.6 14.4 14.0 0.0 0 0 4 3 3
2309.6 3902.4 -21.6 342 0 19.3 11.3 14.0 0.0 0 0 4 2 2
2045.2 3871.9 -21.4 196 0 63.5 27.7 14.0 0.0 0 0 4 3 3
2264.6 3932.7 -21.7 288 0 33.7 14.0 14.0 3.5 2 0 4 2 2
2184.1 3970.7 -21.8 290 0 27.1 61.4 14.0 0.0 0 1 4 0 0
2110.0 3888.1 -21.4 285 0 26.4 54.7 14.0 3.5 2 1 4 3 3
2292.9 3920.6 -21.6 300 0 18.0 12.8 14.0 3.5 2 0 4 0 0
1867.7 3957.1 -21.7 91 0 29.2 28.0 14.0 0.0 0 0 4 5 5
1821.3 3985.4 -22.2 70 0 15.8 42.0 14.0 3.5 2 1 4 4 4
1966.2 3895.8 -21.5 94 0 27.8 28.1 14.0 0.0 0 1 4 0 0
1885.9 4262.1 -16.0 198 0 66.0 15.4 14.0 3.5 2 0 4 2 2
1920.9 3929.3 -21.6 91 0 29.0 30.2 14.0 0.0 0 1 4 1 1
1895.2 4148.6 -20.9 110 0 14.1 40.1 14.0 3.5 2 1 4 5 5
1892.9 4074.3 -21.6 291 0 60.3 23.1 14.0 0.0 0 0 4 0 0
2037.5 3897.3 -21.5 17 0 37.9 10.8 14.0 3.5 4 0 4 5 5
1823.6 4060.7 -20.2 196 0 39.5 26.8 14.0 0.0 0 0 4 0 0
2021.7 3879.6 -21.4 340 0 19.3 22.4 14.0 3.5 2 1 4 0 0
2016.5 4025.8 -21.8 289 0 66.9 24.0 14.0 0.0 0 0 4 1 1
2060.0 3970.4 -21.8 20 0 37.4 21.6 14.0 0.0 0 0 4 1 1
2901.0 4388.1 -4.6 26 0 43.2 111.2 14.0 0.0 0 1 4 0 0
3140.3 4299.8 -7.0 195 0 27.2 41.3 14.0 0.0 0 1 4 4 4
2783.8 4404.9 3.1 209 0 23.9 51.5 14.0 3.5 2 1 4 1 1
3280.8 4285.3 -6.7 16 0 11.6 30.3 14.0 3.5 2 1 4 1 1
3361.5 4386.2 -7.4 19 0 26.1 80.4 14.0 0.0 0 1 4 1 1
3247.4 4355.7 -4.1 201 0 74.9 22.6 14.0 0.0 0 0 4 3 3
3010.2 4131.9 -15.5 18 0 26.4 161.5 14.0 0.0 0 1 4 5 5
2742.1 4054.1 3.9 24 0 8.8 43.2 10.5 3.5 4 1 3 0 0
2769.8 4459.4 -9.3 203 0 20.6 38.9 14.0 0.0 0 1 4 4 4
3218.1 4486.1 -6.9 201 0 40.7 135.3 14.0 0.0 0 1 4 1 1
2823.8 4316.7 20.0 109 0 13.6 18.5 14.0 3.5 2 1 4 3 3
2872.0 4334.3 14.2 26 0 70.1 24.2 14.0 0.0 0 0 4 5 5
3087.3 4356.5 -13.8 22 0 169.2 120.4 14.0 0.0 0 0 4 2 2
2778.5 4118.1 -7.4 27 0 105.6 48.7 14.0 0.0 0 0 4 2 2
3185.7 4321.2 -5.6 203 0 15.7 54.1 14.0 3.5 2 1 4 1 1
2004.9 4559.9 -12.7 201 0 103.6 36.9 10.5 0.0 0 0 3 4 4
1833.5 4859.3 -4.3 113 0 36.8 17.8 14.0 3.5 2 0 4 4 4
2194.5 5138.2 -2.2 19 0 10.9 23.9 14.0 3.5 2 1 4 5 5
1843.3 5302.9 1.6 287 0 10.7 22.7 16.0 3.5 4 1 4 5 5
2057.5 5213.1 13.0 289 0 127.6 70.2 14.0 0.0 0 0 4 0 0
2125.8 5002.3 9.1 18 0 52.3 25.2 14.0 3.5 2 0 4 1 1
2184.3 5117.8 -1.2 16 0 16.8 21.3 14.0 3.5 2 1 4 2 2
2164.2 5179.9 -0.1 290 0 23.1 16.7 14.0 3.5 2 0 4 0 0
1872.8 4833.9 3.3 113 0 21.4 27.0 14.0 3.5 2 1 4 4 4
1874.6 5256.0 11.5 295 0 54.3 30.6 14.0 0.0 0 0 4 0 0
1838.5 5275.5 7.0 294 0 9.2 27.4 10.5 3.5 2 1 3 2 2
1939.3 4870.6 -1.5 109 0 135.5 259.8 14.0 0.0 0 1 4 4 4
1913.1 4819.9 8.6 112 0 40.3 18.4 14.0 3.5 2 0 4 5 5
-378.1 -12522.5 -26.7 102 0 31.8 10.3 17.5 3.5 2 0 5 3 3
-328.7 -12680.9 -27.6 6 0 36.6 16.1 17.5 0.0 0 0 5 3 3
-245.2 -12582.4 -26.1 270 0 12.2 29.1 17.5 3.5 2 1 5 5 5
-454.3 -12707.6 -22.8 20 0 32.5 65.0 17.5 0.0 0 1 5 1 1
-312.0 -12639.9 -27.0 184 0 49.1 59.3 17.5 0.0 0 1 5 0 0
-243.1 -12621.2 -27.0 274 0 10.9 106.3 17.5 3.5 2 1 5 4 4
-442.8 -12717.4 -23.6 14 0 41.5 11.2 17.5 3.5 2 0 5 5 5
-336.5 -12372.7 -26.0 280 0 53.0 93.2 17.5 0.0 0 1 5 5 5
-452.7 -12505.8 -25.4 102 0 96.3 50.0 17.5 0.0 0 0 5 1 1
-231.4 -12394.4 -24.1 265 0 14.0 87.1 17.5 3.5 2 1 5 0 0
-339.6 -12502.8 -26.6 102 0 42.8 25.8 17.5 0.0 0 0 5 5 5
-272.8 -12396.1 -25.4 281 0 74.4 82.5 17.5 0.0 0 1 5 2 2
-422.3 -12460.0 -25.5 102 0 52.6 12.5 17.5 3.5 2 0 5 5 5
-551.4 -12483.9 -21.1 102 0 88.6 121.4 17.5 0.0 0 1 5 4 4
-404.8 -12383.9 -20.3 282 0 49.2 8.7 10.5 3.5 2 0 3 0 0
-543.7 -12324.1 -13.9 282 0 49.1 21.5 17.5 3.5 4 0 5 4 4
-240.9 -12557.9 -25.8 90 0 11.8 118.3 17.5 3.5 2 1 5 0 0
