-3492.1 -5594.8 -0.0 288 0 41.2 14.2 14.0 0.0 0 0 4 1 1
941.2 9527.9 -6.1 89 0 11.0 69.7 14.0 3.5 2 1 4 2 2
917.0 9377.2 -6.5 180 0 58.3 51.5 14.0 0.0 0 0 4 1 1
613.9 8848.6 -8.3 99 0 293.1 38.3 14.0 0.0 0 0 4 0 0
814.6 9492.1 -5.9 90 0 10.9 83.7 14.0 3.5 2 1 4 4 4
839.7 9491.7 -5.9 90 0 10.9 83.7 14.0 3.5 2 1 4 5 5
864.8 9489.5 -5.8 90 0 10.9 83.7 14.0 0.0 0 1 4 4 4
891.0 9490.0 -5.7 90 0 10.9 83.7 14.0 3.5 4 1 4 0 0
864.8 9586.0 -6.8 90 0 10.9 83.7 17.5 3.5 2 1 5 5 5
889.9 9588.2 -7.1 90 0 10.9 83.7 17.5 3.5 2 1 5 2 2
915.6 9597.8 -6.0 270 0 11.0 83.7 14.0 3.5 2 1 4 0 0
993.9 9724.6 -6.3 90 0 10.2 74.9 17.5 3.5 2 1 5 0 0
1041.6 9724.9 -6.3 90 0 10.2 74.9 17.5 3.5 2 1 5 4 4
1016.5 9724.3 -6.3 90 0 10.2 74.9 17.5 3.5 2 1 5 3 3
974.4 9794.3 -6.4 270 0 10.8 69.1 17.5 3.5 2 1 5 4 4
1065.6 9726.0 -6.3 90 0 10.9 69.1 17.5 3.5 2 1 5 4 4
963.5 9532.8 -6.3 90 0 10.9 65.3 14.0 3.5 2 1 4 1 1
916.1 9605.2 -6.9 90 0 11.3 67.6 17.5 3.5 2 1 5 0 0
957.0 9675.4 -6.6 269 0 9.6 66.3 10.5 3.5 2 1 3 4 4
940.3 9606.9 -6.5 89 0 10.0 67.4 10.5 3.5 2 1 3 0 0
839.3 9586.5 -6.0 90 0 11.7 53.2 17.5 3.5 2 1 5 1 1
452.4 8922.5 -8.5 270 0 14.2 43.3 14.0 3.5 2 1 4 0 0
452.3 8974.4 -9.7 91 0 15.6 41.1 17.5 3.5 2 1 5 4 4
585.6 8980.2 -9.4 91 0 231.8 47.5 17.5 0.0 0 0 5 0 0
1257.0 9466.3 -4.9 180 0 67.2 42.7 14.0 0.0 0 0 4 5 5
1105.5 9604.0 -5.7 90 0 12.6 81.7 14.0 3.5 2 1 4 1 1
1105.9 9694.8 -6.2 90 0 13.0 77.5 17.5 3.5 2 1 5 3 3
1133.2 9694.7 -6.1 90 0 13.5 57.1 17.5 3.5 2 1 5 0 0
1158.1 9604.9 -5.6 91 0 12.8 55.7 14.0 0.0 0 1 4 4 4
1186.0 9604.4 -5.6 90 0 11.2 56.5 14.0 3.5 2 1 4 1 1
1265.7 9509.9 -5.0 90 0 12.2 39.8 17.5 3.5 2 1 5 4 4
1293.1 9510.6 -5.0 90 0 12.2 39.8 17.5 3.5 2 1 5 4 4
1318.5 9511.1 -5.1 91 0 11.9 38.4 17.5 3.5 2 1 5 0 0
1259.3 9600.5 -5.6 180 0 84.0 12.8 17.5 3.5 4 0 5 4 4
1292.6 9629.0 -5.6 270 0 11.2 70.6 17.5 3.5 2 1 5 0 0
1323.9 9578.3 -5.4 360 0 38.7 11.0 17.5 3.5 4 0 5 3 3
1246.7 9638.7 -5.8 359 0 65.0 13.3 14.0 0.0 0 0 4 5 5
1185.3 9712.9 -6.0 271 0 11.9 43.4 14.0 0.0 0 1 4 4 4
1152.0 9701.6 -6.1 179 0 64.3 12.6 14.0 3.5 4 0 4 4 4
1210.5 9606.2 -5.8 92 0 12.8 83.4 14.0 3.5 2 1 4 4 4
971.3 9689.6 -6.3 162 0 41.6 54.9 14.0 0.0 0 1 4 2 2
1131.8 9605.2 -5.7 90 0 13.6 80.3 14.0 3.5 2 1 4 2 2
-5200.0 2014.3 -4.2 214 0 77.1 187.0 14.0 0.0 0 1 4 1 1
