-6427.4 3808.2 -8.5 193 0 22.6 55.2 5.0 2.5 2 1 2 0 0
-4180.4 3916.6 -9.6 157 0 37.7 96.2 12.5 0.0 0 1 5 3 3
-3981.0 4081.9 -0.3 247 0 95.6 39.0 7.5 0.0 0 0 3 5 5
-4061.4 4049.2 -4.0 248 0 94.4 37.0 12.5 0.0 0 0 5 4 4
-4306.2 3873.4 -8.5 319 0 36.6 97.3 12.5 0.0 0 1 5 4 4
-4268.0 3830.7 -6.2 319 0 36.6 97.2 10.0 0.0 0 1 4 4 4
-4279.6 3966.0 -10.4 229 0 133.8 15.5 10.0 0.0 0 0 4 2 2
-4121.3 4067.4 -4.0 157 0 16.0 96.3 15.0 2.5 2 0 6 2 2
-4241.0 3907.8 -8.9 48 0 115.7 36.0 10.0 0.0 0 0 4 1 1
-4201.2 3970.7 -8.0 158 0 37.0 94.4 12.5 0.0 0 1 5 5 5
-4215.7 4009.6 -4.9 157 0 15.9 94.2 10.0 2.5 4 1 4 5 5
-4186.8 3905.5 -9.7 319 0 36.6 97.3 12.5 0.0 0 1 5 2 2
-3974.0 4001.8 -4.5 158 0 37.6 96.2 10.0 0.0 0 1 4 1 1
-4077.6 3960.8 -8.4 158 0 39.6 96.4 17.5 0.0 0 1 7 2 2
-4333.2 3909.9 -10.1 318 0 15.8 93.8 10.0 2.5 2 1 4 3 3
-3983.0 4138.0 -1.5 249 0 95.7 35.7 10.0 0.0 0 0 4 1 1
-4584.0 3572.6 -0.8 320 0 55.7 92.3 12.5 0.0 0 1 5 5 5
-4520.0 3636.3 -2.1 315 0 55.4 70.5 10.0 0.0 0 1 4 5 5
851.3 2620.6 -0.0 19 0 62.5 22.4 10.0 2.5 2 0 4 2 2
-5998.9 -815.3 2.0 296 0 47.9 68.3 7.5 0.0 0 1 3 3 3
-4115.0 4053.1 -2.0 156 0 14.9 96.2 10.0 2.5 2 0 4 2 2
-5946.9 -914.6 -1.6 27 0 95.4 38.3 12.5 0.0 0 0 5 0 0
1553.7 9686.7 -11.0 80 0 100.5 108.8 10.0 0.0 0 1 4 0 0
1508.3 9907.2 -13.7 261 0 81.1 85.0 10.0 0.0 0 1 4 3 3
1498.0 9932.2 -15.5 82 0 88.8 56.5 12.5 0.0 0 0 5 4 4
-1222.7 2002.0 -10.5 163 0 205.9 149.7 17.5 0.0 0 0 7 4 4
-1285.4 2214.5 -10.5 162 0 157.2 142.8 5.0 0.0 0 0 2 0 0
-992.5 2308.1 -11.3 341 0 176.8 144.6 12.5 0.0 0 0 5 0 0
-2318.1 12548.1 -1.9 342 0 164.8 174.4 12.5 0.0 0 1 5 4 4
5846.9 2120.7 -10.6 351 0 150.1 926.5 12.5 0.0 0 1 5 1 1
863.7 1147.3 -8.1 242 0 145.9 163.2 10.0 0.0 0 1 4 4 4
-813.8 -3467.8 -10.0 58 0 113.6 126.0 14.0 0.0 0 1 4 2 2
-924.7 -3187.5 -9.6 328 0 321.2 104.7 14.0 0.0 0 0 4 1 1
-1108.0 -2807.5 -9.6 145 0 139.5 39.5 7.5 0.0 0 0 3 2 2
627.5 4729.3 -12.2 346 0 75.6 113.3 10.5 0.0 0 1 3 0 0
