-1945.4 6284.3 -36.5 180 0 56.3 140.9 14.0 0.0 0 1 4 1 1
-2054.8 6215.8 -36.1 342 0 131.1 79.9 17.5 0.0 0 0 5 4 4
-1949.2 6372.6 -36.5 181 0 89.3 120.0 14.0 0.0 0 1 4 3 3
-1991.8 5772.3 -35.9 242 0 143.8 79.2 10.0 0.0 0 0 4 4 4
483.7 6730.9 -37.2 263 0 77.3 30.6 17.5 0.0 0 0 5 5 5
98.6 6694.2 -37.2 263 0 26.1 33.5 17.5 0.0 0 1 5 1 1
50.7 6671.5 -37.3 173 0 33.4 25.6 17.5 0.0 0 0 5 1 1
90.6 6637.5 -37.7 173 0 31.1 27.4 17.5 0.0 0 0 5 1 1
-1656.9 6040.0 -35.6 270 0 48.4 73.6 14.0 0.0 0 1 4 0 0
-1725.8 5924.0 -35.4 90 0 75.5 115.1 14.0 0.0 0 1 4 4 4
-1497.7 6076.5 -36.0 270 0 94.9 134.5 14.0 0.0 0 1 4 3 3
-1617.8 6081.3 -35.8 270 0 106.7 31.0 14.0 0.0 0 0 4 4 4
59.6 6597.3 -38.2 173 0 30.8 24.9 17.5 0.0 0 0 5 5 5
160.4 6606.8 -38.1 354 0 32.2 32.9 17.5 0.0 0 1 5 1 1
109.5 6588.0 -38.1 83 0 26.5 29.9 17.5 0.0 0 1 5 3 3
55.0 6634.1 -37.7 173 0 29.7 24.5 17.5 0.0 0 0 5 4 4
128.2 6697.6 -37.6 263 0 23.3 69.6 17.5 0.0 0 1 5 1 1
-2234.4 6282.0 -36.4 181 0 49.6 67.6 17.5 0.0 0 1 5 1 1
415.8 9560.2 -42.5 345 0 73.5 182.0 14.0 0.0 0 1 4 3 3
-3879.3 10521.6 -12.7 139 0 99.0 12.1 17.5 3.5 2 0 5 5 5
-3881.9 10184.9 12.1 277 0 18.7 68.5 17.5 3.5 2 1 5 2 2
-3920.0 10133.3 15.7 9 0 65.9 23.8 14.0 3.5 2 0 4 3 3
-3903.1 9988.6 10.9 253 0 27.5 48.4 17.5 0.0 0 1 5 2 2
-3891.4 9897.0 8.2 161 0 63.7 27.8 17.5 0.0 0 0 5 5 5
-3782.1 9809.1 1.2 75 0 13.3 61.0 17.5 3.5 2 1 5 0 0
-3770.2 9833.3 -0.2 75 0 10.0 42.8 17.5 3.5 2 1 5 3 3
-4170.7 10269.4 22.1 280 0 10.5 44.2 17.5 3.5 2 1 5 2 2
-4213.8 10239.8 27.5 241 0 21.0 10.4 17.5 3.5 2 0 5 5 5
-4138.8 10170.1 31.4 247 0 12.7 71.2 17.5 3.5 2 1 5 4 4
-4009.7 10030.5 22.3 81 0 14.5 62.1 17.5 3.5 2 1 5 1 1
-4037.2 10019.2 25.1 9 0 38.6 17.0 17.5 3.5 2 0 5 0 0
-4115.0 10032.1 30.2 190 0 26.1 18.2 17.5 3.5 4 0 5 3 3
-5073.2 11740.4 -26.2 240 0 53.3 97.7 14.0 0.0 0 1 4 2 2
-5009.4 11778.3 -28.9 241 0 45.1 96.1 14.0 0.0 0 1 4 4 4
-4898.1 11783.6 -32.2 331 0 97.6 46.5 17.5 0.0 0 0 5 2 2
-4910.3 11655.9 -31.6 330 0 68.7 52.8 17.5 0.0 0 0 5 5 5
-5214.1 11498.0 -18.3 236 0 16.4 47.4 17.5 3.5 2 1 5 3 3
-5136.4 11443.4 -21.1 63 0 14.5 39.2 17.5 3.5 2 1 5 5 5
-5145.2 11528.9 -21.0 241 0 12.1 33.6 17.5 0.0 0 1 5 2 2
-5102.9 11459.4 -22.7 55 0 12.9 41.3 17.5 3.5 2 1 5 3 3
-5090.6 11511.3 -23.9 330 0 69.6 11.7 17.5 3.5 2 0 5 2 2
-5214.9 11753.2 -17.5 331 0 65.0 40.4 14.0 0.0 0 0 4 1 1
-5141.6 11584.5 -21.0 242 0 12.3 43.0 17.5 3.5 2 1 5 3 3
-5174.0 11577.7 -19.7 236 0 13.9 45.7 17.5 3.5 2 1 5 3 3
-5042.1 11950.0 -25.4 60 0 36.1 102.3 17.5 0.0 0 1 5 0 0
-4993.4 11978.7 -27.8 59 0 36.6 101.3 24.5 0.0 0 1 7 1 1
-5557.9 11891.9 -5.9 242 0 36.9 98.4 17.5 0.0 0 1 5 3 3
-5369.0 11783.1 -11.6 58 0 51.7 69.9 17.5 0.0 0 1 5 4 4
-9.3 11385.9 -41.9 183 0 10.0 7.4 10.5 3.5 2 0 3 2 2
-10.5 11376.1 -42.1 186 0 5.4 6.3 10.5 3.5 2 1 3 4 4
81.1 11318.6 -41.2 3 0 6.7 12.0 10.5 3.5 4 1 3 2 2
44.8 11317.2 -42.1 95 0 37.3 9.8 10.5 3.5 2 0 3 5 5
-31.8 11329.0 -42.4 185 0 9.3 57.1 10.5 3.5 2 1 3 2 2
-30.1 11358.7 -42.5 185 0 41.5 10.0 17.5 3.5 2 0 5 0 0
-20.8 11422.7 -41.9 273 0 7.2 10.6 10.5 3.5 4 1 3 5 5
-28.6 11393.5 -42.4 184 0 24.8 10.5 17.5 3.5 2 0 5 3 3
6.1 11419.6 -42.1 274 0 11.3 52.3 17.5 0.0 0 1 5 2 2
26.9 11408.9 -41.5 274 0 6.4 36.5 10.5 0.0 0 1 3 0 0
30.4 11440.9 -41.0 275 0 13.6 28.4 17.5 3.5 2 1 5 4 4
41.3 11409.3 -41.2 276 0 15.4 29.8 17.5 3.5 2 1 5 5 5
80.9 11362.6 -41.0 6 0 51.5 12.8 17.5 3.5 2 0 5 5 5
96.3 11364.6 -40.8 7 0 57.1 13.3 17.5 3.5 4 0 5 0 0
-1614.8 3490.2 -29.8 261 0 9.9 66.3 10.5 3.5 2 1 3 4 4
536.1 9595.1 -38.0 79 0 49.5 12.7 17.5 0.0 0 0 5 5 5
541.8 9582.0 -38.8 254 0 62.1 12.1 14.0 3.5 2 0 4 3 3
1223.7 10530.0 -38.8 360 0 44.8 15.5 17.5 3.5 2 0 5 2 2
1115.4 10458.7 -39.0 222 0 18.4 16.1 17.5 3.5 4 0 5 1 1
1138.1 10223.5 -35.6 250 0 34.8 24.5 17.5 0.0 0 0 5 4 4
1137.2 10248.3 -36.5 74 0 67.6 18.4 21.0 3.5 2 0 6 2 2
1187.5 10265.7 -35.9 75 0 20.7 14.5 21.0 0.0 0 0 6 1 1
-437.9 11705.5 -46.2 178 0 85.8 83.4 14.0 0.0 0 0 4 5 5
945.4 10504.8 -37.1 95 0 16.7 31.4 14.0 3.5 2 1 4 1 1
1026.5 10655.8 -35.5 269 0 22.3 19.2 17.5 0.0 0 0 5 4 4
907.3 10664.0 -34.9 274 0 23.3 16.7 17.5 0.0 0 0 5 2 2
366.7 10745.4 -34.7 3 0 23.0 42.9 17.5 0.0 0 1 5 5 5
122.4 10600.8 -38.4 173 0 75.5 17.9 17.5 3.5 2 0 5 5 5
-3513.2 11961.4 -52.5 319 0 45.5 23.1 14.0 3.5 2 0 4 5 5
-3485.0 11935.0 -52.6 319 0 26.6 21.2 14.0 3.5 2 0 4 5 5
-3473.8 11996.6 -53.1 328 0 55.2 20.6 14.0 3.5 2 0 4 1 1
-3514.8 11816.0 -51.9 48 0 34.3 44.7 14.0 0.0 0 1 4 5 5
-3551.6 11782.3 -51.4 51 0 45.1 151.5 14.0 0.0 0 1 4 0 0
-3675.9 11976.1 -51.4 229 0 38.9 69.5 14.0 0.0 0 1 4 5 5
-3630.7 12025.9 -52.2 231 0 68.5 59.7 14.0 0.0 0 0 4 5 5
-3760.9 11852.7 -49.8 50 0 37.5 69.9 14.0 0.0 0 1 4 0 0
-3867.0 11972.8 -49.1 230 0 44.0 65.5 14.0 0.0 0 1 4 2 2
-3882.9 11847.8 -48.8 232 0 17.0 70.3 14.0 3.5 2 1 4 3 3
-5126.0 12149.3 -25.9 59 0 56.4 114.6 17.5 0.0 0 1 5 0 0
-5224.6 12096.1 -21.4 61 0 42.2 103.7 17.5 0.0 0 1 5 4 4
-5321.8 12226.8 -24.4 150 0 99.4 40.2 17.5 0.0 0 0 5 2 2
-5352.9 11942.1 -12.8 331 0 75.5 45.3 17.5 0.0 0 0 5 5 5
-5456.7 11992.0 -12.5 151 0 91.3 32.8 17.5 0.0 0 0 5 1 1
-5614.6 12037.5 -11.0 330 0 105.8 48.3 17.5 0.0 0 0 5 0 0
-5711.2 12158.5 -13.7 239 0 42.9 90.7 17.5 0.0 0 1 5 2 2
-5777.4 12138.7 -10.0 240 0 46.2 105.3 17.5 0.0 0 1 5 2 2
-5707.4 11986.3 -7.0 150 0 102.9 40.8 17.5 0.0 0 0 5 5 5
1521.5 6585.9 -34.5 83 0 12.7 38.3 17.5 3.5 2 1 5 3 3
-1669.3 11826.8 -48.7 126 0 103.4 53.5 17.5 0.0 0 0 5 1 1
-1590.1 12014.5 -48.4 360 0 50.7 104.9 17.5 0.0 0 1 5 1 1
-1459.9 12065.2 -46.9 36 0 63.9 58.9 14.0 0.0 0 0 4 1 1
-1779.8 11661.0 -48.3 82 0 11.5 22.9 14.0 3.5 4 1 4 4 4
-1810.3 11650.4 -47.8 351 0 37.7 15.2 14.0 3.5 2 0 4 2 2
-1287.8 11693.5 -43.8 179 0 76.8 57.3 14.0 0.0 0 0 4 4 4
-1778.5 11657.0 -47.4 259 0 11.4 19.9 14.0 3.5 2 1 4 4 4
-2184.1 11745.2 -44.3 29 0 14.8 68.9 7.0 3.5 2 1 2 2 2
-2198.8 11849.8 -45.0 303 0 30.9 70.2 14.0 0.0 0 1 4 1 1
-1597.2 11757.6 -46.4 305 0 23.0 75.5 14.0 0.0 0 1 4 2 2
-1561.2 11732.4 -45.5 300 0 18.2 45.6 14.0 3.5 2 1 4 3 3
-2143.6 11778.6 -45.2 78 0 10.2 46.4 14.0 3.5 2 1 4 2 2
-2118.2 11785.2 -45.5 77 0 9.3 45.8 10.5 3.5 2 1 3 5 5
150.1 11037.0 -40.8 83 0 63.0 131.5 17.5 0.0 0 1 5 2 2
350.1 9268.6 -42.0 251 0 19.1 28.6 17.5 3.5 2 1 5 0 0
61.3 10436.8 -38.6 86 0 18.7 11.0 17.5 3.5 2 0 5 3 3
-2884.0 11779.1 -52.0 270 0 17.0 135.7 14.0 0.0 0 1 4 0 0
-2819.5 9655.6 -43.2 159 0 25.0 99.1 17.5 0.0 0 1 5 1 1
-2020.9 9675.9 -31.9 59 0 9.8 24.0 10.5 3.5 4 1 3 1 1
-2372.6 11449.5 -47.4 133 0 36.0 8.0 10.5 3.5 2 0 3 5 5
-2259.5 11326.3 -47.2 92 0 7.6 5.7 10.5 3.5 2 0 3 5 5
198.0 9504.9 -42.7 337 0 53.0 7.7 10.5 3.5 2 0 3 5 5
-154.1 6226.5 -40.7 180 0 81.3 83.2 17.5 0.0 0 1 5 3 3
-173.7 6310.2 -41.0 180 0 38.7 107.0 17.5 0.0 0 1 5 4 4
-16.7 6329.5 -42.0 269 0 71.8 39.7 17.5 0.0 0 0 5 2 2
-241.5 6333.8 -39.3 269 0 95.9 40.3 17.5 0.0 0 0 5 0 0
-404.2 6231.3 -37.1 181 0 99.4 33.6 17.5 0.0 0 0 5 3 3
-200.4 6148.3 -38.4 359 0 34.1 88.4 17.5 0.0 0 1 5 0 0
617.2 10984.7 -40.3 90 0 34.5 31.8 17.5 0.0 0 0 5 2 2
-26.1 9676.8 -40.0 295 0 32.7 28.8 17.5 0.0 0 0 5 4 4
1005.2 10086.6 -33.6 181 0 45.7 56.2 17.5 0.0 0 1 5 0 0
1130.1 9918.3 -33.9 91 0 27.4 20.9 17.5 3.5 2 0 5 3 3
1123.5 9951.9 -33.7 92 0 14.0 30.3 17.5 3.5 2 1 5 2 2
1148.2 9966.4 -33.7 2 0 30.3 14.0 17.5 3.5 2 0 5 5 5
1125.4 10017.2 -32.0 272 0 14.0 30.3 17.5 3.5 2 1 5 5 5
1142.6 10016.8 -32.2 272 0 14.0 30.3 17.5 3.5 2 1 5 5 5
1160.3 10016.5 -32.5 272 0 14.0 30.3 17.5 3.5 2 1 5 2 2
1104.8 10017.6 -31.8 272 0 14.0 30.3 17.5 3.5 2 1 5 4 4
882.4 9164.5 -39.0 94 0 13.7 91.6 17.5 3.5 2 0 5 3 3
315.2 7880.9 -32.1 181 0 33.9 12.2 17.5 3.5 2 0 5 5 5
342.6 7897.9 -32.0 271 0 12.2 33.9 17.5 3.5 2 1 5 2 2
362.4 7897.9 -32.0 271 0 12.2 33.9 17.5 0.0 0 1 5 0 0
389.1 7880.9 -31.9 1 0 33.9 12.2 17.5 3.5 2 0 5 5 5
383.4 7937.7 -32.3 271 0 12.2 33.9 17.5 3.5 2 1 5 1 1
363.0 7938.4 -32.4 271 0 12.2 33.9 17.5 3.5 2 1 5 3 3
342.9 7938.5 -32.5 271 0 12.2 33.9 17.5 0.0 0 1 5 0 0
321.8 7938.5 -32.5 271 0 12.2 33.9 17.5 3.5 2 1 5 4 4
296.1 7881.3 -32.1 181 0 33.9 12.2 17.5 3.5 2 0 5 4 4
411.5 7880.8 -31.8 1 0 33.9 12.2 17.5 3.5 2 0 5 2 2
406.2 7937.9 -32.3 271 0 12.2 33.9 17.5 3.5 2 1 5 4 4
721.8 9208.6 -38.2 182 0 16.9 55.6 17.5 3.5 2 0 5 1 1
