-3360.9 3395.5 -142.2 209 0 458.6 132.5 7.5 0.0 0 0 3 3 3
-3235.6 3071.7 -140.2 300 0 266.7 38.4 12.5 0.0 0 0 5 2 2
4268.2 5503.6 -145.6 94 0 31.9 14.3 7.5 0.0 0 0 3 5 5
5454.5 5395.7 -144.5 154 0 12.6 31.2 10.0 2.5 2 1 4 5 5
-181.7 -6637.8 -143.4 293 0 26.6 60.7 7.5 0.0 0 1 3 4 4
-3242.0 3336.7 -140.0 209 0 156.0 59.9 10.0 0.0 0 0 4 1 1
2818.6 -7593.7 -128.1 2 0 29.8 20.8 14.0 0.0 0 0 4 5 5
2767.2 -7748.4 -122.9 294 0 47.4 8.1 10.5 3.5 2 0 3 2 2
1676.7 -8206.5 -65.3 272 0 34.0 17.0 10.5 3.5 2 0 3 0 0
841.6 -9016.6 133.5 56 0 6.6 22.5 10.5 3.5 2 1 3 1 1
827.5 -9008.5 135.4 57 0 6.1 15.8 10.5 3.5 2 1 3 0 0
2864.0 -10449.6 88.6 134 0 20.6 11.9 7.5 2.5 2 0 3 2 2
