-5676.8 -11882.2 -29.1 245 0 22.5 180.5 5.0 0.0 0 1 2 3 3
-5849.1 -11137.1 -26.9 189 0 50.1 17.2 10.0 2.5 2 0 4 5 5
-5797.8 -11121.8 -26.7 277 0 12.4 45.6 7.5 2.5 2 1 3 3 3
-5650.7 -11141.1 -25.8 280 0 59.4 50.2 10.0 0.0 0 0 4 1 1
-5648.7 -11306.3 -25.1 101 0 15.4 94.6 10.0 2.5 2 1 4 2 2
-5864.1 -11276.3 -26.3 280 0 11.7 38.9 7.5 2.5 2 0 3 1 1
-5835.0 -11281.8 -26.1 279 0 9.2 38.5 7.5 2.5 2 0 3 1 1
-5856.0 -11317.3 -26.1 100 0 18.8 11.8 7.5 2.5 2 0 3 5 5
-6551.4 -12248.2 0.6 60 0 15.5 32.5 7.5 2.5 2 1 3 4 4
-3613.0 -12248.8 -28.3 180 0 84.4 40.9 14.0 0.0 0 0 4 4 4
-3482.6 -12259.1 -28.5 360 0 29.8 77.7 14.0 0.0 0 1 4 2 2
-3522.3 -12207.9 -28.1 270 0 75.0 28.9 14.0 0.0 0 0 4 5 5
