-663.0 12042.7 -18.3 100 0 61.9 12.1 17.5 3.5 2 0 5 0 0
-612.4 12551.6 -28.1 279 0 15.0 98.8 17.5 3.5 2 1 5 2 2
-664.5 11996.3 -15.7 99 0 14.0 10.5 17.5 3.5 2 0 5 4 4
-779.1 12036.8 -21.6 279 0 41.1 38.6 17.5 0.0 0 0 5 4 4
-525.1 11996.1 -16.8 278 0 44.1 19.9 17.5 3.5 2 0 5 1 1
-173.6 12653.3 -25.1 102 0 14.3 79.0 17.5 3.5 2 1 5 3 3
-2483.9 11888.3 -23.9 89 0 35.9 48.2 14.0 0.0 0 1 4 1 1
4546.2 -1262.6 4.1 287 0 14.4 55.4 10.5 3.5 2 1 3 0 0
1324.4 1391.7 -8.4 194 0 18.3 40.1 14.0 3.5 2 1 4 2 2
1475.5 1024.0 -10.0 31 0 5.7 17.3 10.5 3.5 2 1 3 2 2
1526.7 1348.9 -9.5 197 0 51.2 72.9 10.5 0.0 0 1 3 0 0
1887.3 1251.9 -9.3 105 0 59.8 50.7 14.0 0.0 0 0 4 2 2
-200.4 12694.0 -26.5 12 0 35.9 18.8 17.5 0.0 0 0 5 1 1
-262.2 12706.1 -25.7 191 0 36.1 18.6 17.5 0.0 0 0 5 5 5
6788.0 10591.5 -21.0 162 0 31.2 213.9 17.5 0.0 0 1 5 1 1
3517.0 9398.3 -24.3 311 0 19.9 217.7 17.5 0.0 0 1 5 5 5
-4.4 3954.2 -15.2 205 0 223.6 34.2 17.5 0.0 0 0 5 0 0
4479.3 -810.5 11.1 159 0 13.2 39.7 14.0 3.5 2 0 4 2 2
4509.2 -776.6 12.7 340 0 30.0 26.3 14.0 0.0 0 0 4 4 4
4468.8 -807.2 11.2 71 0 17.3 34.5 14.0 0.0 0 0 4 3 3
4438.9 -816.4 11.3 170 0 9.9 10.3 10.5 3.5 4 1 3 4 4
-1494.6 12814.7 -25.7 282 0 125.5 114.2 17.5 0.0 0 0 5 5 5
-1609.9 12627.0 -28.7 194 0 134.8 83.5 17.5 0.0 0 0 5 1 1
-2105.3 12738.9 -24.8 102 0 51.5 181.8 17.5 0.0 0 1 5 1 1
-1958.1 12810.0 -22.5 13 0 185.2 60.1 14.0 0.0 0 0 4 1 1
-1629.8 12679.6 -28.3 12 0 127.3 83.7 14.0 0.0 0 0 4 1 1
-1649.3 12796.9 -27.2 12 0 75.0 40.4 14.0 0.0 0 0 4 3 3
-411.8 11595.5 -13.3 268 0 88.6 184.5 14.0 0.0 0 1 4 0 0
-2033.6 12222.6 -26.2 178 0 365.7 223.5 17.5 0.0 0 0 5 1 1
-2105.0 11264.6 -23.9 0 0 85.1 91.7 17.5 0.0 0 1 5 5 5
-3169.2 8800.6 -18.8 260 0 35.9 19.7 10.0 2.5 2 0 4 2 2
-6559.4 10202.7 -14.6 24 0 49.1 11.3 17.5 3.5 2 0 5 3 3
519.1 -1099.2 10.9 136 0 50.0 134.1 14.0 0.0 0 1 4 5 5
2531.8 -1896.7 -14.6 357 0 708.9 324.0 10.5 0.0 0 0 3 5 5
704.9 1136.1 -11.3 111 0 165.0 167.1 10.5 0.0 0 1 3 1 1
1117.8 1196.1 -12.9 290 0 299.2 219.0 10.5 0.0 0 0 3 2 2
-2395.7 -2047.0 15.6 181 0 5.0 50.6 10.5 3.5 2 1 3 1 1
1063.7 1991.1 -8.5 222 0 16.2 13.7 14.0 3.5 2 0 4 5 5
1110.5 1936.3 -9.9 40 0 15.2 15.6 14.0 3.5 2 1 4 0 0
1408.7 2400.0 -8.2 222 0 18.7 30.3 14.0 3.5 2 1 4 3 3
1470.0 2359.6 -8.6 313 0 14.5 19.3 14.0 3.5 2 1 4 0 0
