-2210.5 9047.1 17.2 89 0 55.4 81.3 12.5 0.0 0 1 5 2 2
-3876.5 10590.6 -34.0 283 0 10.3 45.8 12.5 2.5 2 1 5 5 5
-3833.0 10554.2 -33.2 283 0 10.3 45.8 12.5 2.5 2 1 5 5 5
-4197.6 7268.3 15.8 340 0 70.2 78.5 10.0 0.0 0 1 4 4 4
-3854.4 10574.1 -33.5 283 0 10.3 45.8 10.0 2.5 2 1 4 1 1
-3881.7 10672.2 -28.9 241 0 9.8 45.9 7.5 2.5 4 1 3 5 5
-3812.9 10615.4 -28.0 331 0 45.9 9.8 7.5 0.0 0 0 3 2 2
-3853.7 10680.6 -27.4 241 0 9.8 45.9 7.5 2.5 2 1 3 0 0
-3831.9 10580.8 -29.8 61 0 9.8 45.9 7.5 2.5 4 1 3 1 1
-5484.2 7297.6 6.6 174 0 26.3 214.8 10.0 0.0 0 1 4 0 0
