-1524.9 9037.4 -24.2 95 0 44.8 305.6 10.5 0.0 0 1 3 1 1
-5302.8 9184.9 -22.8 275 0 25.7 78.2 14.0 0.0 0 1 4 5 5
-5267.9 9161.4 -22.8 275 0 25.6 78.0 14.0 0.0 0 1 4 4 4
-5240.3 9065.0 -22.7 94 0 22.1 74.6 14.0 0.0 0 1 4 3 3
-3015.2 10252.3 -24.9 207 0 13.3 72.4 7.5 0.0 0 1 3 2 2
-2910.4 10205.6 -24.2 298 0 71.8 12.3 10.0 2.5 2 0 4 0 0
-5466.2 9272.5 -22.9 120 0 11.8 25.7 7.5 2.5 2 1 3 0 0
-3703.3 9349.6 -19.2 4 0 21.7 12.9 10.0 2.5 2 0 4 5 5
-4773.7 8793.4 -20.7 147 0 94.9 13.2 17.5 3.5 2 0 5 2 2
-3027.7 10222.2 -24.6 201 0 31.7 11.9 10.0 2.5 2 0 4 4 4
-6208.7 10755.2 -27.7 71 0 11.3 133.2 17.5 3.5 2 1 5 4 4
-3035.8 10175.3 -23.9 201 0 48.3 12.7 7.5 2.5 2 0 3 5 5
-5512.0 8727.6 -21.0 182 0 18.4 48.7 14.0 3.5 2 1 4 0 0
-6310.9 10755.2 -27.5 90 0 10.6 118.8 17.5 0.0 0 1 5 1 1
-4459.5 8515.0 -19.1 273 0 12.1 53.9 17.5 3.5 2 1 5 2 2
-5485.1 8835.1 -21.4 183 0 172.7 18.7 14.0 0.0 0 0 4 0 0
-3824.7 9305.3 -19.4 181 0 53.6 13.0 10.0 2.5 2 0 4 1 1
-3823.0 9357.5 -19.2 180 0 30.4 13.3 10.0 2.5 2 0 4 4 4
-5516.8 8978.2 -21.8 273 0 18.9 112.1 14.0 0.0 0 1 4 1 1
-3737.5 9362.1 -18.8 271 0 14.4 84.8 7.5 2.5 2 1 3 5 5
-5384.9 9080.7 -22.2 274 0 32.5 178.5 14.0 0.0 0 1 4 3 3
-4719.3 8888.8 -20.6 300 0 41.9 19.2 17.5 3.5 2 0 5 0 0
-6175.9 10681.6 -27.0 341 0 80.1 13.7 17.5 3.5 2 0 5 2 2
-4690.0 8981.5 -20.8 205 0 13.7 111.0 7.5 2.5 2 1 3 1 1
-5350.1 8954.1 -22.1 94 0 18.9 101.5 14.0 0.0 0 1 4 4 4
-1948.4 7345.3 -17.2 120 0 52.6 103.1 10.0 0.0 0 1 4 1 1
-4561.2 8528.8 -19.3 271 0 11.9 70.6 17.5 3.5 2 1 5 4 4
-5834.2 9747.3 -25.0 98 0 11.6 117.9 17.5 3.5 2 1 5 3 3
-5871.7 9751.4 -25.3 98 0 12.3 120.6 17.5 3.5 2 1 5 5 5
-3359.4 10052.3 -22.0 274 0 52.2 246.3 10.0 0.0 0 1 4 4 4
-6009.9 10345.8 -26.2 161 0 82.6 15.5 17.5 3.5 2 0 5 2 2
-5591.2 8982.5 -22.1 273 0 18.6 112.4 14.0 0.0 0 1 4 3 3
-5554.1 8980.0 -21.9 273 0 18.5 112.4 14.0 0.0 0 1 4 5 5
-6002.3 8886.7 -23.0 95 0 18.9 76.9 7.5 2.5 2 1 3 1 1
-6031.2 8967.1 -23.4 276 0 24.4 77.8 10.0 0.0 0 1 4 5 5
-4491.5 8519.7 -19.1 272 0 12.1 57.8 17.5 3.5 2 1 5 5 5
-2895.3 9387.7 -17.3 5 0 109.6 49.4 12.5 0.0 0 0 5 0 0
-5450.8 8747.2 -21.2 93 0 18.6 60.8 14.0 3.5 2 1 4 4 4
-4427.2 8507.7 -18.9 272 0 12.9 47.6 17.5 3.5 2 1 5 5 5
-4395.5 8500.8 -18.8 272 0 12.2 42.4 17.5 3.5 2 1 5 2 2
-5464.4 9069.0 -22.1 273 0 18.3 116.1 14.0 0.0 0 1 4 0 0
-6234.1 10741.7 -27.4 250 0 14.5 84.2 17.5 3.5 2 1 5 0 0
-5796.4 9741.6 -24.7 98 0 11.1 117.9 17.5 3.5 2 1 5 3 3
-4601.5 8915.6 -21.1 216 0 12.6 110.1 7.5 2.5 2 1 3 1 1
-4366.9 8500.1 -18.8 272 0 12.2 42.4 17.5 3.5 4 1 5 0 0
-3777.5 9363.4 -18.7 271 0 13.7 84.9 7.5 2.5 2 1 3 2 2
-4525.0 8523.3 -19.2 271 0 12.4 65.6 17.5 3.5 2 1 5 4 4
-1450.1 9215.4 -23.4 15 0 15.6 25.7 10.5 0.0 0 1 3 4 4
-1454.4 9150.7 -23.7 15 0 15.6 25.7 10.5 0.0 0 1 3 4 4
-1447.2 9248.1 -23.2 15 0 15.6 25.7 10.5 0.0 0 1 3 3 3
-1452.2 9183.4 -23.5 15 0 15.6 25.7 10.5 0.0 0 1 3 2 2
-4619.7 9175.6 -20.9 72 0 13.0 75.4 14.0 3.5 2 1 4 0 0
-5801.8 10700.7 -25.9 5 0 59.3 13.3 14.0 0.0 0 0 4 5 5
-4442.9 9234.2 -20.9 78 0 12.9 54.6 14.0 0.0 0 1 4 2 2
-4477.7 9221.7 -21.0 79 0 12.2 54.8 14.0 0.0 0 1 4 3 3
-5998.5 10617.6 -25.8 93 0 12.1 44.2 14.0 3.5 2 1 4 3 3
-4934.2 9223.6 -20.7 346 0 15.8 89.9 17.5 3.5 2 1 5 1 1
-6034.2 10620.4 -26.0 93 0 12.5 42.2 14.0 3.5 2 1 4 2 2
-5883.5 10729.8 -26.2 274 0 12.4 42.4 14.0 0.0 0 1 4 4 4
-4518.2 9209.1 -20.9 72 0 12.3 67.6 14.0 3.5 2 1 4 3 3
-4552.2 9198.1 -20.9 72 0 13.0 70.6 14.0 3.5 2 1 4 3 3
-1412.7 9080.9 -24.6 5 0 108.6 24.3 10.5 0.0 0 0 3 1 1
-3010.9 10103.9 -23.0 111 0 13.4 47.8 10.0 0.0 0 1 4 5 5
-3048.2 9932.0 -19.5 279 0 12.6 24.3 10.0 2.5 2 1 4 4 4
-3116.1 9888.1 -19.3 4 0 48.7 31.9 7.5 0.0 0 0 3 5 5
-5605.9 10578.1 -25.6 274 0 15.4 105.5 10.0 0.0 0 1 4 3 3
-2930.4 10192.1 -23.7 291 0 12.7 55.3 10.0 2.5 2 1 4 0 0
-4830.4 9221.7 -20.6 265 0 9.6 54.8 10.5 3.5 4 1 3 4 4
-4837.2 9107.3 -21.0 85 0 12.0 50.5 14.0 3.5 2 1 4 2 2
-3232.8 9926.7 -19.7 274 0 71.7 130.4 15.0 0.0 0 1 6 1 1
-4865.2 9215.0 -20.5 267 0 20.0 15.2 14.0 0.0 0 0 4 5 5
-5819.0 10610.7 -25.3 94 0 12.3 45.2 14.0 3.5 4 1 4 0 0
-4409.7 9245.0 -21.0 78 0 13.1 53.7 14.0 3.5 2 1 4 0 0
-6039.0 10733.7 -26.8 272 0 13.6 61.5 14.0 3.5 2 1 4 2 2
-5255.4 9342.4 -21.9 0 0 97.4 11.9 17.5 3.5 2 0 5 1 1
-5846.9 10685.3 -26.0 94 0 12.6 41.5 14.0 3.5 2 1 4 3 3
-4584.9 9187.0 -20.9 72 0 12.8 73.1 14.0 3.5 2 1 4 5 5
-5737.2 10346.4 -25.7 276 0 15.0 47.7 17.5 3.5 2 1 5 5 5
-5923.5 10732.6 -26.4 274 0 13.0 49.9 14.0 3.5 4 1 4 1 1
-1617.3 9044.8 -23.5 95 0 25.4 107.3 10.5 0.0 0 1 3 5 5
-4652.5 9164.5 -21.0 72 0 13.0 77.1 14.0 3.5 2 1 4 3 3
-6070.5 10620.7 -26.1 93 0 12.8 43.0 14.0 3.5 2 1 4 2 2
-6144.8 10774.2 -27.5 251 0 14.8 110.2 14.0 0.0 0 1 4 2 2
-5783.5 10303.2 -25.9 95 0 13.2 47.8 17.5 3.5 2 1 5 0 0
-2977.8 10063.0 -22.7 110 0 12.7 74.6 12.5 2.5 2 1 5 0 0
-5968.1 10732.0 -26.5 273 0 11.9 61.3 14.0 3.5 2 1 4 0 0
-6002.9 10733.4 -26.7 273 0 12.3 61.1 14.0 3.5 2 1 4 2 2
-3182.6 9652.1 -19.1 94 0 21.1 271.1 17.5 0.0 0 1 7 3 3
-2898.3 10150.3 -23.4 22 0 48.3 13.0 10.0 2.5 2 0 4 2 2
-2944.3 10042.1 -22.5 112 0 13.4 87.4 12.5 2.5 2 1 5 2 2
-6075.3 10735.2 -27.0 272 0 12.8 61.6 14.0 3.5 2 1 4 0 0
-5931.8 10625.2 -25.7 94 0 12.8 49.6 14.0 3.5 2 1 4 1 1
-5964.4 10617.3 -25.7 92 0 11.9 43.4 14.0 3.5 2 1 4 0 0
-1391.0 9333.6 -23.2 5 0 109.2 25.5 10.5 0.0 0 0 3 1 1
-1530.7 9484.3 -21.4 94 0 12.3 63.0 10.5 3.5 2 1 3 3 3
-1568.3 9571.7 -21.1 274 0 12.0 41.7 10.5 3.5 2 1 3 3 3
-4667.3 8863.5 -20.3 300 0 12.2 24.1 17.5 3.5 2 1 5 4 4
-1497.6 9440.2 -22.1 185 0 54.3 25.0 10.5 3.5 2 0 3 4 4
-1574.8 9040.3 -23.9 95 0 25.4 108.2 10.5 0.0 0 1 3 4 4
-5707.3 8779.7 -21.6 99 0 9.7 67.6 10.5 0.0 0 1 3 3 3
-3047.8 9670.5 -16.2 95 0 13.0 68.6 7.5 2.5 2 1 3 0 0
-5652.2 8646.6 -21.3 91 0 110.5 8.3 10.5 3.5 2 0 3 0 0
-5610.7 8662.3 -20.9 92 0 31.2 77.6 14.0 0.0 0 1 4 0 0
-1564.2 9162.9 -23.3 94 0 25.9 109.4 10.5 0.0 0 1 3 2 2
-1546.2 9395.6 -22.7 275 0 24.9 108.7 10.5 0.0 0 1 3 4 4
-5666.0 8664.6 -21.1 92 0 30.8 77.8 14.0 0.0 0 1 4 0 0
-1642.0 9320.8 -22.1 185 0 18.9 17.2 10.5 3.5 2 0 3 4 4
-3068.1 9813.9 -17.5 275 0 11.4 62.6 10.0 2.5 2 1 4 4 4
-1540.0 9635.4 -20.5 58 0 9.8 58.7 10.5 3.5 4 1 3 2 2
-1691.7 9228.6 -22.5 185 0 110.9 24.6 10.5 0.0 0 0 3 3 3
-1401.4 9205.2 -23.9 5 0 108.8 25.3 10.5 0.0 0 0 3 0 0
-1685.6 9455.5 -21.0 94 0 7.9 23.3 10.5 0.0 0 1 3 2 2
-1520.2 9703.8 -20.3 239 0 9.5 20.2 10.5 3.5 2 1 3 3 3
-3148.4 9671.7 -16.2 94 0 13.2 73.4 10.0 2.5 2 1 4 3 3
-4860.8 8270.0 -20.1 84 0 15.9 71.1 10.0 2.5 2 1 4 0 0
-4904.7 8267.6 -20.2 84 0 15.5 70.2 7.5 2.5 2 1 3 5 5
-4551.6 10779.2 -24.7 8 0 92.8 12.3 7.5 2.5 2 0 3 4 4
-1384.2 9423.8 -22.4 5 0 41.2 18.0 10.5 3.5 2 0 3 1 1
-3157.0 9619.9 -16.0 94 0 10.8 39.3 10.0 2.5 2 1 4 4 4
-3129.6 9618.8 -15.9 95 0 11.0 38.4 12.5 2.5 2 1 5 4 4
-1587.3 9398.8 -22.6 275 0 25.7 109.2 10.5 0.0 0 1 3 1 1
-1613.5 9474.8 -21.6 274 0 8.5 58.4 10.5 3.5 2 1 3 5 5
-1432.6 9434.4 -22.2 5 0 53.9 25.0 10.5 3.5 2 0 3 3 3
-1440.4 9337.4 -23.0 5 0 109.0 25.1 10.5 0.0 0 0 3 1 1
-3091.6 9674.0 -16.2 95 0 12.8 67.8 10.0 2.5 2 1 4 1 1
-1606.5 9166.9 -23.0 95 0 25.4 108.8 10.5 0.0 0 1 3 2 2
-4723.4 9237.0 -20.3 264 0 9.9 43.2 10.5 3.5 2 1 3 2 2
-1595.4 9724.0 -20.0 238 0 8.4 25.4 10.5 3.5 4 1 3 2 2
-5737.7 8783.6 -21.7 99 0 9.8 67.7 10.5 3.5 2 1 3 3 3
-3035.5 9811.8 -17.5 274 0 11.5 62.1 10.0 2.5 4 1 4 1 1
-1631.8 9557.7 -20.7 94 0 13.9 68.3 10.5 3.5 2 1 3 0 0
-5645.3 8795.3 -21.5 2 0 78.3 31.2 14.0 0.0 0 0 4 1 1
-4772.3 9122.1 -21.0 73 0 11.9 20.5 14.0 3.5 2 1 4 3 3
-1646.0 9169.1 -22.7 94 0 24.4 110.4 10.5 0.0 0 1 3 2 2
-1663.8 9446.7 -21.2 94 0 15.3 30.7 10.5 3.5 2 1 3 3 3
-1444.3 9606.7 -22.0 275 0 41.2 132.8 10.5 0.0 0 1 3 2 2
-1637.2 9378.7 -22.0 184 0 50.7 15.1 10.5 3.5 2 0 3 3 3
-3476.3 -2365.9 -4.9 264 0 11.7 79.0 7.5 2.5 2 1 3 0 0
-5549.0 -335.8 -8.9 349 0 12.9 13.7 10.0 2.5 2 1 4 2 2
-5542.5 -584.9 -10.7 228 0 15.1 14.2 5.0 0.0 0 0 2 2 2
-5532.5 -386.7 -9.4 336 0 12.3 13.4 7.5 2.5 2 1 3 1 1
-5493.7 -520.0 -10.6 210 0 15.9 13.1 7.5 2.5 4 0 3 5 5
-5561.9 -603.1 -10.7 233 0 14.8 14.4 5.0 2.5 2 0 2 5 5
-6656.2 -3111.7 -2.0 14 0 19.2 10.2 2.5 2.5 2 0 1 3 3
-5554.0 -300.2 -8.6 357 0 10.9 13.6 2.5 2.5 2 1 1 4 4
-5507.7 -543.4 -10.7 212 0 15.8 12.1 5.0 0.0 0 0 2 4 4
-5544.7 -352.5 -9.1 344 0 12.3 14.5 7.5 2.5 2 1 3 1 1
-5524.0 -565.3 -10.7 221 0 15.9 13.9 7.5 2.5 2 0 3 3 3
-5519.9 -375.1 -9.5 159 0 15.8 13.7 5.0 2.5 2 0 2 0 0
-5596.6 -291.7 -8.4 185 0 15.9 12.5 5.0 2.5 2 0 2 1 1
-5536.9 -277.2 -8.7 182 0 15.9 13.8 5.0 2.5 2 0 2 2 2
-5533.9 -326.9 -9.1 169 0 15.8 13.8 5.0 2.5 2 0 2 0 0
-5585.5 -174.0 -7.7 163 0 15.5 13.8 5.0 2.5 2 0 2 3 3
-5607.2 -127.7 -7.2 155 0 15.9 14.8 2.5 2.5 2 0 1 2 2
-5573.9 -223.5 -8.1 175 0 15.4 14.0 5.0 2.5 2 0 2 4 4
-5596.5 -314.7 -8.5 173 0 16.3 13.0 10.0 2.5 2 0 4 3 3
-5721.1 -677.9 -10.0 59 0 12.8 13.8 7.5 0.0 0 1 3 2 2
-5592.6 -268.2 -8.3 195 0 16.5 12.5 5.0 2.5 4 0 2 3 3
-5594.3 -150.7 -7.4 156 0 15.5 13.2 7.5 2.5 2 0 3 2 2
-5537.0 -302.0 -8.9 175 0 15.6 13.8 7.5 2.5 2 0 3 3 3
-5619.7 -106.2 -7.0 148 0 15.5 14.3 5.0 2.5 2 0 2 5 5
-5578.5 -198.7 -7.9 167 0 15.5 13.9 7.5 2.5 2 0 3 4 4
-5527.8 -351.7 -9.3 162 0 15.1 13.7 5.0 2.5 2 0 2 1 1
-5553.6 -532.3 -10.3 193 0 15.4 13.1 10.0 2.5 2 0 4 2 2
-5591.7 -337.3 -8.7 165 0 16.8 11.0 5.0 2.5 2 0 2 2 2
-5549.9 -461.2 -9.8 172 0 15.8 13.0 5.0 2.5 2 0 2 4 4
-5562.8 -419.2 -9.5 160 0 15.9 12.7 10.0 0.0 0 0 4 5 5
-5547.6 -483.9 -10.0 182 0 15.2 13.6 10.0 0.0 0 0 4 1 1
-5586.3 -358.5 -8.9 162 0 17.6 10.4 2.5 2.5 2 0 1 3 3
-5568.9 -501.6 -9.9 8 0 11.0 12.9 10.0 2.5 2 1 4 2 2
-5627.4 -132.6 -7.0 331 0 11.9 13.2 5.0 2.5 2 1 2 1 1
-5699.9 -172.2 -6.9 220 0 47.8 19.8 7.5 2.5 2 0 3 3 3
-5613.2 -256.9 -7.9 14 0 17.8 11.9 5.0 2.5 2 0 2 2 2
-5569.2 -464.2 -9.6 352 0 11.9 13.7 7.5 2.5 2 1 3 2 2
-5821.1 -392.0 -7.5 285 0 12.6 12.3 5.0 2.5 2 0 2 5 5
-5821.3 -417.6 -7.5 15 0 12.3 12.6 7.5 2.5 2 1 3 5 5
-5671.7 -120.2 -6.9 198 0 49.7 20.2 10.0 0.0 0 0 4 5 5
-5741.7 -228.7 -6.9 127 0 12.8 33.7 12.5 0.0 0 1 5 3 3
-5576.2 -537.6 -10.0 13 0 11.5 12.7 5.0 2.5 2 1 2 4 4
-5620.5 -586.2 -10.1 13 0 12.9 11.4 5.0 2.5 2 0 2 1 1
-5534.4 -49.4 -7.3 269 0 49.1 10.7 10.0 2.5 2 0 4 2 2
-5605.1 -182.0 -7.5 344 0 11.7 13.2 5.0 2.5 2 1 2 3 3
-5708.3 -1198.8 -13.8 284 0 35.4 43.7 7.5 2.5 2 1 3 2 2
-3434.0 -2361.8 -5.1 264 0 11.0 69.4 10.0 2.5 2 1 4 3 3
-3392.7 -2357.2 -5.4 264 0 11.9 79.2 7.5 2.5 2 1 3 2 2
-5617.7 -221.0 -7.7 342 0 12.1 11.2 10.0 2.5 2 0 4 0 0
-5636.6 -169.8 -7.3 312 0 19.9 25.6 7.5 0.0 0 1 3 4 4
-3598.8 -2378.9 -4.2 264 0 12.3 80.3 10.0 2.5 2 1 4 1 1
-3516.4 -2370.2 -4.6 264 0 12.7 78.6 12.5 2.5 2 1 5 4 4
-3577.7 -2568.0 -4.6 84 0 11.0 92.3 10.0 2.5 2 1 4 4 4
-5608.7 -635.5 -10.6 238 0 15.9 14.9 7.5 0.0 0 0 3 1 1
-5586.0 -620.0 -10.7 239 0 17.9 14.1 7.5 2.5 4 0 3 5 5
-3557.8 -2374.5 -4.4 264 0 12.3 78.8 10.0 2.5 2 1 4 4 4
-4508.9 7492.2 -17.8 180 0 106.3 16.8 12.5 0.0 0 0 5 0 0
-5681.1 -217.1 -7.2 131 0 17.4 21.5 10.0 2.5 2 1 4 5 5
-5683.2 -1133.2 -13.4 281 0 13.3 16.3 7.5 0.0 0 1 3 3 3
-3757.4 7507.5 -18.4 275 0 11.4 60.1 7.5 2.5 2 1 3 5 5
-4422.7 7543.2 -17.4 271 0 16.6 106.5 5.0 0.0 0 1 2 1 1
-4461.5 7543.5 -17.6 270 0 16.4 106.3 7.5 0.0 0 1 3 3 3
-5664.5 -1170.4 -13.7 99 0 13.5 17.1 5.0 2.5 2 1 2 2 2
-3722.0 7505.9 -18.5 275 0 13.0 69.7 10.0 2.5 4 1 4 5 5
-3375.5 -2486.0 -5.7 354 0 65.6 9.5 7.5 2.5 2 0 3 0 0
-3416.2 -2522.1 -5.5 83 0 9.6 65.8 7.5 2.5 2 1 3 3 3
-1949.4 -1464.6 -11.2 360 0 48.0 16.4 7.5 2.5 2 0 3 5 5
-3455.2 -2526.6 -5.3 83 0 9.4 65.7 7.5 2.5 2 1 3 3 3
-5633.0 -650.6 -10.5 238 0 15.3 14.5 7.5 2.5 2 0 3 1 1
-5451.6 7362.1 -20.6 104 0 11.8 35.4 21.0 0.0 0 1 6 5 5
-3599.5 -2024.5 -3.2 84 0 18.1 24.6 14.0 0.0 0 1 4 2 2
-3427.6 -1739.2 -3.7 174 0 35.4 49.5 14.0 0.0 0 1 4 1 1
-5517.9 7377.1 -20.8 102 0 11.0 34.0 21.0 0.0 0 1 6 2 2
-5484.7 7370.9 -20.7 102 0 11.3 33.5 21.0 0.0 0 1 6 5 5
-3809.8 7801.1 -17.8 281 0 81.1 11.3 17.5 3.5 2 0 5 1 1
-1130.0 7109.1 -22.9 35 0 74.5 28.5 10.0 0.0 0 0 4 5 5
-2522.1 7535.8 -17.3 190 0 60.7 59.2 10.0 0.0 0 0 4 3 3
-6525.6 10662.1 -26.6 90 0 11.7 65.3 17.5 3.5 2 1 5 3 3
-5348.4 10652.6 -24.8 273 0 10.1 44.1 7.5 2.5 2 1 3 0 0
-6395.6 10662.7 -26.8 90 0 11.9 65.6 17.5 3.5 2 1 5 3 3
-5496.4 7476.9 -20.5 282 0 10.8 51.4 21.0 0.0 0 1 6 4 4
-5390.3 7338.1 -20.5 86 0 9.8 48.5 10.5 0.0 0 1 3 3 3
-5463.2 7470.1 -20.4 283 0 11.0 50.2 21.0 0.0 0 1 6 4 4
-5330.1 7390.8 -20.1 267 0 12.3 48.6 21.0 0.0 0 1 6 3 3
-5434.6 7436.0 -20.4 283 0 11.5 32.7 21.0 0.0 0 1 6 4 4
-5319.2 7307.1 -20.3 357 0 48.4 12.1 21.0 0.0 0 0 6 4 4
-5841.8 7553.8 -20.0 83 0 11.3 70.8 10.0 2.5 2 1 4 5 5
-5422.5 10554.3 -25.5 92 0 9.5 41.4 7.5 2.5 2 1 3 3 3
-5827.9 9922.9 -25.4 188 0 64.6 13.9 17.5 3.5 2 0 5 4 4
-5485.0 10660.0 -24.9 272 0 9.4 49.1 7.5 2.5 2 1 3 0 0
-5781.5 9948.8 -25.1 277 0 13.9 63.2 17.5 3.5 2 1 5 2 2
-5518.5 10558.3 -25.5 91 0 9.7 41.3 7.5 2.5 2 1 3 5 5
-5453.0 10658.5 -24.8 272 0 10.9 44.6 10.0 2.5 4 1 4 4 4
-4388.2 5728.0 -22.9 182 0 21.8 50.5 17.5 3.5 4 1 5 4 4
-5418.3 10657.0 -24.8 274 0 10.3 44.7 7.5 2.5 2 1 3 5 5
-6462.0 10663.1 -26.7 90 0 12.0 65.2 17.5 3.5 2 1 5 0 0
-5388.7 10552.1 -25.5 92 0 9.5 42.2 7.5 2.5 2 1 3 0 0
-5456.2 10555.7 -25.5 92 0 9.7 41.4 7.5 2.5 2 1 3 1 1
-5742.8 9911.7 -24.8 7 0 63.9 14.1 17.5 3.5 4 0 5 5 5
-5384.8 10654.0 -24.8 272 0 10.1 43.1 10.0 0.0 0 1 4 5 5
-6429.2 10662.9 -26.8 90 0 12.1 65.5 17.5 3.5 4 1 5 2 2
-5315.4 10651.5 -24.8 272 0 10.5 48.2 10.0 2.5 2 1 4 1 1
-6308.3 10664.9 -27.0 90 0 8.7 63.6 10.5 3.5 2 1 3 5 5
-5488.8 10557.5 -25.5 92 0 10.0 41.6 10.0 2.5 4 1 4 4 4
-6288.3 10665.3 -27.0 91 0 9.4 63.5 10.5 3.5 2 1 3 0 0
-6492.9 10662.7 -26.7 90 0 11.5 65.1 17.5 3.5 2 1 5 4 4
-6362.7 10663.9 -26.9 90 0 12.2 64.8 17.5 3.5 2 1 5 5 5
-6266.7 10659.8 -27.0 90 0 9.1 70.1 10.5 3.5 4 1 3 5 5
-6329.7 10663.4 -26.9 89 0 10.8 65.4 17.5 3.5 4 1 5 5 5
-5863.4 9926.6 -25.7 187 0 65.4 13.7 17.5 3.5 4 0 5 3 3
-5520.5 10637.5 -24.9 182 0 49.7 9.7 7.5 2.5 2 0 3 2 2
-5411.7 9205.0 -22.6 37 0 19.4 21.3 10.0 0.0 0 1 4 3 3
-5386.6 9257.6 -22.7 307 0 18.7 25.3 12.5 0.0 0 1 5 0 0
-6534.4 8238.3 -24.4 93 0 13.4 104.6 10.0 2.5 2 1 4 0 0
-6226.0 8300.7 -22.5 271 0 12.6 45.6 12.5 2.5 2 1 5 0 0
-6462.5 8303.3 -24.4 276 0 13.3 76.0 10.0 2.5 2 1 4 2 2
-5586.3 10425.9 -25.4 3 0 49.2 12.6 10.0 2.5 2 0 4 1 1
-6904.5 7899.2 -25.3 84 0 12.2 54.7 14.0 3.5 2 1 4 4 4
-5788.5 10064.2 -25.0 274 0 12.2 50.7 17.5 3.5 2 1 5 5 5
-5751.9 10055.3 -24.9 275 0 12.9 43.8 17.5 3.5 2 1 5 4 4
-5715.7 10052.4 -24.8 275 0 12.6 43.9 17.5 3.5 2 1 5 4 4
-5612.5 10018.4 -24.5 186 0 44.2 15.5 17.5 0.0 0 0 5 4 4
-5800.6 8786.1 -21.9 99 0 10.3 76.3 14.0 3.5 2 1 4 5 5
-5316.3 7262.9 -20.2 356 0 26.4 12.3 21.0 0.0 0 0 6 4 4
-6503.3 8232.3 -24.6 93 0 12.0 103.8 7.5 2.5 2 1 3 1 1
-5564.2 10394.1 -25.3 7 0 32.3 10.5 7.5 2.5 2 0 3 3 3
-6257.2 8306.8 -23.4 271 0 12.9 49.4 10.0 2.5 4 1 4 2 2
-6751.3 7946.5 -22.1 354 0 48.0 10.4 14.0 3.5 2 0 4 3 3
-6025.5 10539.6 -26.2 93 0 14.5 45.7 14.0 0.0 0 1 4 3 3
-6064.7 9338.1 -25.0 195 0 93.3 12.5 14.0 3.5 2 0 4 5 5
-6568.0 8242.1 -24.7 93 0 12.8 104.7 7.5 2.5 2 1 3 4 4
-6792.1 7916.8 -24.5 84 0 10.2 48.9 14.0 3.5 4 1 4 5 5
-4993.5 6708.6 -23.8 10 0 15.7 28.7 7.5 2.5 2 1 3 4 4
-5831.8 8786.7 -22.0 99 0 11.3 79.9 14.0 3.5 2 1 4 1 1
-5769.7 8784.1 -21.8 100 0 9.8 73.1 10.5 3.5 2 1 3 2 2
-6829.3 7908.7 -24.8 84 0 11.5 53.4 14.0 3.5 4 1 4 0 0
-6288.5 8315.5 -23.8 271 0 12.6 57.8 12.5 2.5 4 1 5 3 3
-6868.0 7904.2 -25.0 85 0 10.6 53.5 14.0 3.5 2 1 4 0 0
-6319.5 8322.5 -23.8 271 0 12.5 63.0 10.0 2.5 2 1 4 2 2
-6415.2 8197.6 -23.3 92 0 11.9 52.8 10.0 2.5 2 1 4 3 3
-6441.5 8247.5 -23.7 90 0 15.9 15.0 7.5 2.5 2 0 3 0 0
-6356.3 8327.8 -23.7 271 0 15.7 69.6 10.0 0.0 0 1 4 0 0
-6411.7 8337.9 -24.3 271 0 11.1 77.2 5.0 2.5 2 1 2 5 5
-6388.6 8200.3 -23.4 91 0 15.7 49.5 7.5 2.5 2 1 3 1 1
-6321.5 8199.4 -22.8 92 0 13.2 50.1 15.0 2.5 2 1 6 2 2
-6380.9 8334.3 -23.9 271 0 11.8 74.4 12.5 2.5 4 1 5 2 2
-6353.7 8195.8 -23.4 91 0 13.1 53.9 12.5 0.0 0 1 5 2 2
-6290.9 8198.8 -22.2 92 0 12.9 49.9 12.5 2.5 4 1 5 3 3
-5816.6 7681.2 -19.1 354 0 82.8 10.6 10.0 2.5 2 0 4 1 1
-5706.9 8316.5 -20.7 88 0 12.7 73.0 10.0 2.5 2 1 4 4 4
-5786.1 8904.6 -22.3 189 0 53.0 10.0 10.5 3.5 4 0 3 3 3
-6032.1 9353.1 -24.9 195 0 47.4 13.5 14.0 3.5 2 0 4 2 2
-5983.1 9273.4 -24.6 107 0 10.8 96.3 14.0 3.5 2 1 4 3 3
-5413.0 7218.3 -21.2 192 0 14.9 85.3 21.0 3.5 4 1 6 0 0
-5756.8 9734.8 -24.4 97 0 12.4 119.6 17.5 0.0 0 1 5 3 3
-5746.6 8925.2 -22.2 280 0 10.0 53.4 14.0 3.5 4 1 4 5 5
-5719.7 9730.3 -24.1 97 0 13.0 120.1 17.5 3.5 2 1 5 5 5
-5667.7 9785.4 -23.9 8 0 122.3 13.5 17.5 0.0 0 0 5 3 3
-5427.7 7221.4 -21.5 13 0 14.9 87.9 14.0 3.5 2 1 4 2 2
-5716.3 8917.2 -22.1 279 0 10.1 54.4 14.0 3.5 2 1 4 0 0
-5806.7 7556.7 -20.0 83 0 10.9 72.4 10.0 2.5 2 1 4 2 2
-5815.9 8909.0 -22.4 189 0 53.2 10.0 14.0 3.5 2 0 4 0 0
-5690.0 8897.9 -21.9 279 0 11.5 32.0 14.0 3.5 2 1 4 5 5
-5860.7 7718.5 -19.2 263 0 11.1 82.5 15.0 2.5 2 1 6 0 0
-6261.6 10100.4 -26.9 350 0 52.5 14.0 17.5 3.5 2 0 5 0 0
-4697.3 9148.1 -21.0 72 0 11.7 34.5 14.0 0.0 0 1 4 2 2
-4742.0 9134.0 -21.0 72 0 11.7 34.5 14.0 0.0 0 1 4 5 5
-4957.5 7384.9 -13.7 270 0 15.2 57.2 7.5 0.0 0 1 3 0 0
-4351.2 7550.0 -17.2 271 0 11.2 114.1 7.5 2.5 4 1 3 5 5
-4163.1 10150.2 -25.8 98 0 11.7 95.6 12.5 2.5 4 1 5 1 1
-5695.5 9371.3 -24.1 96 0 11.8 50.2 10.0 2.5 2 1 4 5 5
-4538.6 9467.1 -20.9 2 0 37.7 9.6 10.5 3.5 2 0 3 1 1
-4732.1 9636.2 -21.6 272 0 14.6 59.7 17.5 3.5 2 1 5 4 4
-4841.1 9756.9 -21.3 272 0 12.3 106.1 17.5 3.5 2 1 5 1 1
-6300.0 8863.9 -24.3 91 0 11.8 47.1 17.5 3.5 2 1 5 4 4
-4975.2 7261.1 -14.5 91 0 11.1 52.6 7.5 2.5 2 1 3 1 1
-6843.4 8273.2 -25.3 270 0 12.2 62.4 7.5 2.5 2 1 3 2 2
-5652.8 9680.0 -23.5 185 0 37.4 13.9 17.5 3.5 2 0 5 4 4
-4133.9 10355.9 -26.0 278 0 11.7 95.8 12.5 2.5 2 1 5 3 3
-4808.4 9580.4 -21.5 92 0 13.8 58.8 17.5 3.5 2 1 5 3 3
-4278.1 9291.5 -20.1 78 0 12.9 56.7 17.5 3.5 2 1 5 1 1
-5668.1 9902.3 -24.3 7 0 63.5 13.4 17.5 3.5 2 0 5 3 3
-6288.8 8985.3 -24.5 96 0 11.7 53.6 17.5 3.5 2 1 5 5 5
-5715.9 8496.7 -21.2 270 0 13.7 87.5 5.0 2.5 2 1 2 1 1
-6637.6 8382.1 -24.6 359 0 54.0 10.2 14.0 3.5 2 0 4 1 1
-4765.4 9496.2 -21.6 92 0 12.0 69.0 17.5 3.5 2 1 5 5 5
-6380.6 8768.3 -24.4 92 0 12.4 81.2 17.5 3.5 2 1 5 5 5
-5680.6 10053.6 -24.8 277 0 31.0 18.4 17.5 3.5 2 0 5 3 3
-4886.0 9608.5 -21.6 181 0 62.3 13.3 17.5 3.5 2 0 5 3 3
-3894.2 9330.4 -19.8 270 0 12.1 49.9 10.0 2.5 4 1 4 0 0
-6707.1 8407.3 -24.9 269 0 10.6 53.1 14.0 3.5 2 1 4 5 5
-4695.1 9527.0 -21.6 2 0 69.9 12.0 17.5 3.5 2 0 5 4 4
-5363.3 7877.7 -18.8 85 0 12.2 62.5 17.5 3.5 2 1 5 1 1
-5709.4 9906.4 -24.6 8 0 63.8 13.5 17.5 3.5 2 0 5 3 3
-5660.9 8452.0 -20.9 360 0 88.0 14.1 7.5 2.5 2 0 3 4 4
-4573.0 8400.4 -19.2 180 0 78.7 12.1 17.5 3.5 2 0 5 3 3
-6260.4 8198.0 -21.5 92 0 12.4 49.8 10.0 2.5 2 1 4 3 3
-5558.8 9715.3 -23.0 7 0 38.7 13.4 17.5 0.0 0 0 5 0 0
-6218.1 9150.5 -24.5 277 0 13.1 113.0 17.5 3.5 2 1 5 5 5
-4480.6 7026.4 -20.3 85 0 22.3 32.7 7.5 0.0 0 1 3 1 1
-4814.7 7481.0 -17.8 271 0 10.9 65.0 7.5 2.5 2 1 3 1 1
-4801.2 9448.4 -21.5 92 0 11.9 119.5 17.5 3.5 2 1 5 2 2
-5431.2 9375.2 -23.0 101 0 10.9 72.7 17.5 3.5 4 1 5 5 5
-5752.7 9046.7 -22.9 9 0 90.7 11.8 14.0 3.5 2 0 4 0 0
-5615.4 9674.6 -23.2 186 0 37.9 14.1 17.5 3.5 2 0 5 4 4
-4659.3 9448.0 -21.1 90 0 9.9 38.3 10.5 3.5 2 1 3 0 0
-5807.4 8965.0 -22.6 189 0 40.9 10.3 14.0 3.5 2 0 4 4 4
-6420.5 8900.2 -24.7 182 0 33.2 11.4 17.5 3.5 2 0 5 1 1
-5381.2 9444.6 -23.0 282 0 11.2 83.5 17.5 3.5 2 1 5 2 2
-6271.1 9068.5 -24.6 186 0 53.6 14.0 17.5 3.5 2 0 5 2 2
-5730.9 8968.4 -22.3 279 0 12.8 35.7 14.0 3.5 4 1 4 1 1
-4197.4 10153.9 -25.8 98 0 11.5 96.1 12.5 2.5 2 1 5 3 3
-4579.8 9446.8 -20.9 91 0 10.2 38.8 17.5 3.5 2 1 5 0 0
-4696.0 9635.1 -21.5 272 0 12.9 60.0 17.5 3.5 2 1 5 2 2
-4890.0 9705.0 -21.2 181 0 108.0 14.0 17.5 3.5 2 0 5 5 5
-4465.3 8361.1 -18.9 90 0 12.7 79.5 17.5 3.5 2 1 5 3 3
-4267.1 9070.0 -20.7 76 0 11.8 63.5 17.5 3.5 2 1 5 4 4
-5297.9 9393.6 -22.1 270 0 12.1 70.0 17.5 3.5 2 1 5 5 5
-6338.4 8913.3 -24.5 272 0 11.7 47.3 17.5 3.5 4 1 5 2 2
-6208.7 9000.4 -24.2 15 0 51.5 13.7 17.5 3.5 2 0 5 4 4
-6139.5 9001.0 -23.8 103 0 10.3 84.9 17.5 0.0 0 1 5 3 3
-4386.8 7548.9 -17.3 270 0 10.6 111.2 7.5 2.5 2 1 3 4 4
-5648.0 9726.1 -23.5 186 0 37.0 14.0 17.5 3.5 2 0 5 3 3
-4168.8 10362.0 -25.8 278 0 11.4 96.5 10.0 2.5 2 1 4 4 4
-4758.7 9228.1 -20.4 265 0 10.7 49.6 14.0 3.5 2 1 4 0 0
-4770.1 9638.3 -21.6 271 0 12.5 59.9 17.5 3.5 2 1 5 2 2
-4804.0 9756.8 -21.2 272 0 13.1 107.3 17.5 3.5 2 1 5 2 2
-4698.0 9448.4 -21.2 91 0 9.5 40.0 10.5 3.5 2 1 3 3 3
-6259.4 8863.6 -24.1 94 0 13.3 46.7 17.5 3.5 2 1 5 4 4
-6252.4 8980.7 -24.3 96 0 11.7 53.9 17.5 3.5 2 1 5 1 1
-3357.8 9712.3 -17.4 4 0 129.9 155.8 10.0 0.0 0 1 4 5 5
-4846.1 9580.1 -21.5 92 0 13.0 59.8 17.5 0.0 0 1 5 5 5
-3931.7 9281.8 -20.2 90 0 13.5 49.6 12.5 0.0 0 1 5 2 2
-4260.1 9324.3 -20.1 348 0 56.0 10.5 17.5 3.5 2 0 5 4 4
-6675.1 8407.8 -24.8 268 0 10.2 52.8 14.0 3.5 2 1 4 4 4
-4733.0 9494.4 -21.6 92 0 11.9 69.6 17.5 3.5 2 1 5 0 0
-5408.3 7897.6 -18.6 175 0 77.1 11.5 17.5 3.5 2 0 5 5 5
-4432.4 8355.2 -18.9 90 0 12.7 86.0 17.5 3.5 2 1 5 1 1
-4778.1 7480.7 -19.0 269 0 13.2 58.9 7.5 2.5 2 1 3 2 2
-6124.1 9113.8 -24.1 195 0 41.0 14.3 17.5 3.5 2 0 5 0 0
-6213.8 8940.0 -24.1 4 0 51.7 13.1 17.5 3.5 2 0 5 1 1
-6739.4 8407.0 -25.0 269 0 10.6 53.0 14.0 3.5 2 1 4 2 2
-6222.0 8222.2 -20.9 2 0 49.9 12.7 10.0 2.5 2 0 4 0 0
-4796.2 9123.3 -20.9 85 0 12.0 37.7 14.0 3.5 4 1 4 1 1
-5563.7 9668.1 -23.0 6 0 38.3 13.9 17.5 3.5 2 0 5 2 2
-4532.6 8361.2 -19.0 90 0 12.5 79.4 17.5 3.5 2 1 5 5 5
-5609.9 9720.9 -23.2 186 0 38.3 13.9 17.5 3.5 2 0 5 1 1
-5006.6 7381.2 -13.8 270 0 11.5 49.2 10.0 2.5 2 1 4 4 4
-4793.9 9220.7 -20.5 264 0 10.6 50.4 14.0 3.5 2 1 4 3 3
-5462.3 9390.2 -23.0 101 0 11.3 63.2 17.5 3.5 2 1 5 3 3
-5793.8 9052.9 -23.0 189 0 91.5 11.6 14.0 3.5 4 0 4 4 4
-4619.9 9447.4 -21.0 91 0 9.6 38.3 10.5 3.5 2 1 3 1 1
-4499.5 8361.3 -19.0 90 0 12.4 79.0 17.5 3.5 2 1 5 4 4
-5012.7 7288.3 -14.6 181 0 52.6 11.2 12.5 0.0 0 0 5 3 3
-4289.7 9065.5 -20.7 77 0 12.7 63.4 17.5 3.5 2 1 5 3 3
-5769.4 8980.1 -22.5 279 0 10.5 41.1 14.0 3.5 2 1 4 1 1
-6376.1 8915.2 -24.6 273 0 11.6 44.2 17.5 3.5 2 1 5 3 3
-6255.4 9149.9 -24.7 276 0 13.6 51.5 17.5 3.5 2 1 5 5 5
-5665.8 10003.4 -24.5 8 0 16.6 36.4 17.5 3.5 2 1 5 4 4
-6639.4 8156.9 -24.6 0 0 17.1 16.1 17.5 3.5 2 0 5 5 5
-4123.2 9469.7 -19.9 90 0 12.1 54.8 7.5 2.5 2 1 3 5 5
-4160.4 9523.2 -20.1 269 0 12.8 66.7 10.0 2.5 2 1 4 1 1
-4086.1 9476.8 -19.7 90 0 12.1 48.2 7.5 2.5 2 1 3 4 4
-5938.6 -7665.5 11.4 32 0 7.5 23.6 7.5 2.5 2 1 3 1 1
-5563.8 9549.3 -23.3 97 0 13.7 76.0 17.5 3.5 4 1 5 3 3
-5087.3 8745.5 -20.8 188 0 100.6 11.2 14.0 3.5 2 0 4 2 2
-5078.9 8891.6 -21.7 278 0 14.6 34.7 14.0 3.5 2 1 4 1 1
-5642.1 9504.5 -23.9 97 0 13.1 130.9 17.5 0.0 0 1 5 1 1
-5044.1 8815.1 -20.6 188 0 33.0 10.9 14.0 3.5 2 0 4 2 2
-5048.8 8899.5 -21.7 280 0 43.4 10.9 14.0 3.5 2 0 4 3 3
-5527.1 9544.6 -23.3 97 0 14.7 87.0 17.5 3.5 2 1 5 4 4
-5437.4 9529.6 -23.0 279 0 13.0 68.9 17.5 3.5 2 1 5 0 0
-5054.2 8690.9 -20.9 97 0 11.2 101.4 14.0 3.5 4 1 4 2 2
-4979.7 8883.0 -21.2 277 0 10.4 24.9 14.0 3.5 2 1 4 0 0
-5039.5 8882.7 -21.5 279 0 16.5 31.7 14.0 0.0 0 1 4 3 3
-4732.8 10335.3 -24.7 1 0 30.0 14.3 10.0 2.5 2 0 4 1 1
-5021.4 8686.8 -21.1 97 0 11.2 106.8 14.0 3.5 2 1 4 1 1
-4984.2 8849.9 -20.7 275 0 12.3 58.4 14.0 3.5 2 1 4 3 3
-4458.0 10159.7 -24.6 187 0 24.4 83.4 10.0 0.0 0 1 4 4 4
-4837.2 8961.6 -21.0 298 0 14.2 44.6 17.5 3.5 2 1 5 4 4
-5480.7 9471.5 -23.1 99 0 14.5 63.1 17.5 3.5 2 1 5 5 5
-4913.2 8864.7 -20.8 269 0 12.9 32.4 14.0 3.5 2 1 4 3 3
-5924.7 9472.8 -24.8 7 0 76.3 11.3 14.0 3.5 2 0 4 3 3
-4883.5 8907.7 -21.1 100 0 46.0 17.0 17.5 3.5 2 0 5 5 5
-4749.1 10247.8 -24.5 93 0 10.4 65.4 10.0 2.5 2 1 4 3 3
-6019.2 9283.6 -24.6 108 0 8.4 39.4 10.5 3.5 2 1 3 3 3
-5599.9 9554.2 -23.3 97 0 13.5 77.0 17.5 3.5 2 1 5 5 5
-5676.6 9577.4 -24.0 187 0 144.9 13.7 17.5 0.0 0 0 5 3 3
-5076.2 8826.6 -21.2 188 0 50.6 10.7 14.0 3.5 2 0 4 3 3
-5938.2 9367.5 -24.8 97 0 12.2 46.6 14.0 3.5 2 1 4 1 1
-5078.3 8647.7 -21.0 97 0 12.1 34.7 14.0 3.5 4 1 4 0 0
-6003.6 9393.8 -25.0 187 0 31.0 11.2 14.0 3.5 2 0 4 4 4
-5882.6 9530.6 -24.7 7 0 34.0 14.2 14.0 3.5 2 0 4 0 0
-5040.4 8648.8 -21.2 98 0 11.6 33.9 14.0 3.5 2 1 4 1 1
-4978.1 8978.3 -21.7 280 0 14.6 33.4 17.5 3.5 4 1 5 2 2
-5950.0 9569.5 -24.7 277 0 13.8 47.3 14.0 3.5 2 1 4 0 0
-5971.3 9374.0 -24.9 98 0 11.8 45.2 14.0 3.5 2 1 4 2 2
-4733.7 10390.7 -24.9 360 0 61.6 13.6 7.5 2.5 2 0 3 1 1
-4947.1 8871.5 -20.7 269 0 12.9 33.3 14.0 3.5 2 1 4 4 4
-6001.6 9351.0 -24.8 198 0 43.5 9.7 10.5 3.5 2 0 3 2 2
-6083.0 9222.6 -24.5 108 0 14.1 57.6 14.0 3.5 2 1 4 1 1
-5917.8 9565.4 -24.9 278 0 13.8 46.8 14.0 3.5 4 1 4 3 3
-5956.9 9516.9 -24.8 277 0 9.8 57.1 10.5 3.5 2 1 3 4 4
-5003.9 8868.6 -21.1 276 0 13.5 40.5 14.0 3.5 2 1 4 5 5
-4878.8 8858.2 -21.1 270 0 13.2 49.4 14.0 3.5 2 1 4 3 3
-4954.6 8922.0 -21.5 99 0 10.0 50.4 17.5 3.5 4 1 5 4 4
-4864.8 8970.8 -21.1 294 0 21.2 13.7 17.5 3.5 2 0 5 4 4
-5981.5 9575.2 -24.7 277 0 12.6 51.0 14.0 3.5 2 1 4 0 0
-5893.6 9465.4 -24.8 7 0 75.9 12.3 14.0 3.5 2 0 4 4 4
-5963.8 10387.3 -26.2 272 0 11.5 77.7 17.5 3.5 2 1 5 0 0
-4913.3 8236.0 -19.7 86 0 16.0 11.2 5.0 2.5 4 0 2 2 2
-4761.8 8624.5 -20.4 6 0 10.3 34.5 14.0 0.0 0 1 4 4 4
-5725.0 9995.9 -24.4 277 0 12.9 46.5 17.5 3.5 2 1 5 2 2
-4895.9 8109.7 -19.6 1 0 46.6 13.7 7.5 2.5 2 0 3 4 4
-5899.6 10380.1 -26.2 271 0 11.5 72.5 17.5 3.5 2 1 5 0 0
-4968.2 8135.1 -19.7 271 0 14.7 47.9 10.0 2.5 2 1 4 5 5
-5759.5 10000.7 -24.5 278 0 13.1 46.4 17.5 3.5 2 1 5 3 3
-5553.5 9770.8 -22.9 6 0 54.1 10.2 17.5 3.5 2 0 5 4 4
-5472.0 9876.4 -22.7 277 0 10.0 74.1 17.5 3.5 2 1 5 1 1
-5491.6 9624.2 -23.1 276 0 12.0 64.6 17.5 3.5 2 1 5 3 3
-5628.0 10404.7 -25.4 94 0 13.8 47.7 5.0 2.5 2 1 2 0 0
-4923.1 7912.4 -19.4 90 0 12.7 64.3 7.5 2.5 2 1 3 5 5
-4810.0 8637.6 -20.6 90 0 13.2 50.3 14.0 3.5 2 1 4 5 5
-4935.1 8134.1 -19.7 270 0 14.3 47.1 7.5 2.5 2 1 3 1 1
-5546.1 9887.9 -23.4 276 0 9.9 53.3 10.5 3.5 2 1 3 2 2
-5517.5 9215.2 -22.9 273 0 12.9 32.6 14.0 3.5 2 1 4 0 0
-5598.7 9778.6 -23.2 186 0 54.1 9.9 10.5 3.5 2 0 3 3 3
-5448.3 9798.0 -22.4 97 0 10.1 74.9 17.5 3.5 2 1 5 2 2
-4882.1 8638.0 -20.9 90 0 13.1 51.3 14.0 3.5 2 1 4 2 2
-5647.9 9100.7 -22.8 9 0 20.2 44.6 14.0 3.5 2 1 4 0 0
-5624.1 9866.1 -24.0 187 0 58.5 11.0 17.5 3.5 2 0 5 3 3
-4257.9 9205.5 -21.8 257 0 11.7 55.1 17.5 3.5 4 1 5 0 0
-5508.7 9879.3 -23.0 277 0 14.0 72.4 17.5 3.5 2 1 5 1 1
-4846.1 8638.4 -20.8 90 0 13.2 50.1 14.0 3.5 2 1 4 1 1
-5580.5 9890.5 -23.7 277 0 9.8 54.1 10.5 3.5 2 1 3 5 5
-5383.6 8649.3 -20.6 91 0 9.6 47.8 10.5 3.5 2 1 3 4 4
-4924.5 8637.9 -21.2 90 0 12.6 53.5 14.0 0.0 0 1 4 5 5
-5686.9 9967.4 -24.3 6 0 47.2 12.2 17.5 3.5 4 0 5 2 2
-5518.4 9742.6 -22.7 7 0 97.4 12.0 17.5 3.5 4 0 5 5 5
-5932.2 10382.8 -26.2 271 0 12.5 74.0 17.5 3.5 2 1 5 4 4
-4964.6 8709.5 -21.2 91 0 11.9 50.4 14.0 3.5 2 1 4 5 5
-5865.3 10376.2 -26.2 271 0 11.0 69.7 17.5 3.5 2 1 5 3 3
-4889.8 8046.3 -19.6 1 0 62.3 14.7 10.0 0.0 0 0 4 1 1
-5529.1 9120.4 -22.6 93 0 18.2 40.4 14.0 3.5 2 1 4 4 4
-5663.7 10406.8 -25.4 94 0 14.1 48.9 10.0 2.5 2 1 4 1 1
-4885.5 7913.0 -19.5 90 0 13.1 62.9 7.5 2.5 2 1 3 1 1
-5831.8 10371.5 -26.2 272 0 12.4 65.9 17.5 3.5 2 1 5 1 1
-5982.9 10267.7 -26.4 163 0 41.0 13.3 17.5 3.5 2 0 5 0 0
-4741.3 8653.9 -20.4 4 0 10.5 54.1 14.0 3.5 2 1 4 4 4
-4845.6 8771.6 -21.0 270 0 12.8 63.4 14.0 3.5 2 1 4 2 2
-4937.8 8046.2 -19.7 180 0 62.1 14.7 15.0 2.5 2 0 6 4 4
-5970.6 10224.7 -25.6 165 0 40.7 13.4 17.5 3.5 4 0 5 2 2
-4953.0 8355.9 -20.5 181 0 17.1 60.5 10.0 2.5 2 1 4 4 4
-5333.8 8646.4 -20.5 91 0 10.7 52.8 17.5 3.5 2 1 5 4 4
-4924.6 8709.3 -21.3 91 0 13.1 51.6 14.0 3.5 2 1 4 1 1
-5633.5 9783.3 -23.5 187 0 58.1 11.2 17.5 3.5 2 0 5 2 2
-5651.7 9963.8 -24.2 7 0 46.7 12.6 17.5 3.5 2 0 5 5 5
-4233.5 9115.5 -21.1 346 0 52.5 12.6 17.5 3.5 2 0 5 2 2
-4746.5 8608.2 -20.2 6 0 41.0 12.3 14.0 3.5 2 0 4 2 2
-5465.6 9621.8 -23.0 276 0 10.7 55.5 17.5 3.5 4 1 5 4 4
-5821.7 10014.8 -24.7 276 0 10.9 54.3 17.5 3.5 2 1 5 2 2
-5877.8 8455.9 -22.3 270 0 11.6 41.2 7.5 2.5 2 1 3 4 4
-5323.5 9435.3 -22.7 283 0 13.1 90.7 17.5 3.5 4 1 5 5 5
-5320.0 8806.6 -21.7 91 0 9.2 36.7 10.5 3.5 2 1 3 0 0
-5141.7 8659.3 -21.0 180 0 33.9 33.7 14.0 0.0 0 0 4 1 1
-5846.9 8450.6 -22.0 270 0 13.0 34.5 12.5 2.5 2 1 5 3 3
-5349.0 8805.3 -21.6 92 0 12.6 34.3 14.0 3.5 4 1 4 0 0
-5374.1 8808.2 -21.6 92 0 9.9 32.1 10.5 3.5 2 1 3 2 2
-5875.0 7853.7 -16.9 91 0 35.0 26.3 7.5 0.0 0 0 3 5 5
1392.7 6094.0 -12.3 359 0 14.5 7.7 10.5 3.5 2 0 3 1 1
1386.8 6121.7 -12.1 358 0 8.4 23.9 10.5 3.5 4 1 3 5 5
1339.1 6086.6 -12.3 88 0 9.7 13.7 10.5 3.5 2 1 3 1 1
1310.0 6064.2 -12.5 90 0 12.6 10.4 10.5 3.5 2 0 3 1 1
1309.0 6121.7 -12.2 270 0 11.8 10.9 10.5 3.5 2 0 3 1 1
1286.5 6080.8 -12.4 89 0 14.8 22.3 10.5 3.5 2 1 3 5 5
1247.5 6092.0 -12.3 179 0 14.1 11.8 10.5 3.5 2 0 3 2 2
1249.4 6104.5 -12.3 179 0 10.9 8.2 10.5 3.5 2 0 3 1 1
-6742.2 7825.4 -18.3 43 0 11.1 15.8 5.0 2.5 2 1 2 5 5
-6480.2 7867.6 -17.9 43 0 11.1 15.8 10.0 2.5 2 1 4 3 3
