-4127.4 6874.1 -35.4 270 0 33.8 48.1 7.5 0.0 0 1 3 0 0
-3858.0 7422.4 -48.2 270 0 37.3 45.9 10.0 0.0 0 1 4 3 3
-3936.5 7488.7 -49.6 70 0 58.2 14.6 10.0 2.5 2 0 4 3 3
-4086.5 10592.6 -59.8 274 0 20.1 26.9 10.0 2.5 2 1 4 3 3
-6716.0 6642.6 4.0 145 0 114.3 20.6 10.0 0.0 0 0 4 5 5
3509.1 8651.0 -90.0 200 0 21.3 29.7 14.0 0.0 0 1 4 2 2
-2753.3 8745.9 -67.8 128 0 34.9 19.8 10.0 0.0 0 0 4 4 4
-393.7 8730.0 -79.6 90 0 15.5 76.3 15.0 2.5 2 1 6 0 0
-349.9 8720.1 -79.9 90 0 16.9 88.0 12.5 2.5 2 1 5 0 0
-307.7 8710.7 -80.1 90 0 16.7 97.8 10.0 0.0 0 1 4 5 5
-105.9 9458.5 -78.5 217 0 12.8 62.0 7.5 2.5 2 1 3 2 2
42.2 8894.2 -78.2 92 0 60.6 17.1 7.5 2.5 2 0 3 1 1
333.8 8844.8 -81.7 99 0 12.7 65.8 12.5 2.5 2 1 5 4 4
72.9 9181.6 -76.1 306 0 10.6 61.8 10.0 2.5 2 1 4 3 3
688.2 6797.7 -58.1 273 0 13.8 62.3 12.5 0.0 0 1 5 1 1
203.7 9227.5 -77.3 307 0 11.7 69.1 7.5 2.5 2 1 3 5 5
100.9 9161.0 -76.0 307 0 11.2 61.5 7.5 2.5 2 1 3 5 5
821.2 5481.9 -50.3 67 0 6.3 24.5 5.0 2.5 2 1 2 5 5
-142.2 9077.7 -75.8 0 0 71.9 14.4 15.0 2.5 2 0 6 5 5
-115.6 7899.5 -73.3 258 0 49.9 59.6 10.0 0.0 0 1 4 2 2
117.7 8887.8 -78.5 98 0 68.9 15.1 7.5 2.5 2 0 3 4 4
-10.8 9244.8 -76.4 307 0 11.3 62.1 15.0 2.5 2 1 6 4 4
674.4 6599.8 -57.4 93 0 14.0 52.4 5.0 2.5 2 1 2 5 5
16.9 9223.9 -76.3 307 0 11.3 61.4 10.0 2.5 2 1 4 4 4
690.1 10170.9 -89.1 217 0 54.4 107.0 10.0 0.0 0 1 4 1 1
48.2 9047.2 -75.6 94 0 12.6 49.8 12.5 2.5 2 1 5 5 5
-141.9 9341.6 -77.0 307 0 51.8 10.4 10.0 2.5 4 0 4 1 1
756.1 10274.5 -88.0 209 0 12.0 72.6 7.5 2.5 2 1 3 2 2
-362.7 9402.9 -77.1 121 0 18.4 45.4 7.5 2.5 2 1 3 3 3
45.0 9202.8 -76.2 307 0 10.4 61.8 12.5 2.5 4 1 5 1 1
222.6 9171.1 -77.9 37 0 70.0 11.9 5.0 2.5 2 0 2 5 5
91.6 9040.8 -75.7 94 0 13.1 50.0 7.5 2.5 2 1 3 0 0
146.5 9081.3 -76.8 128 0 11.6 68.8 7.5 2.5 4 1 3 1 1
-123.5 9358.1 -77.4 127 0 61.6 14.1 10.0 0.0 0 0 4 1 1
129.1 9136.4 -76.3 217 0 69.1 11.5 12.5 2.5 2 0 5 5 5
-77.8 9093.2 -75.6 180 0 87.3 12.7 10.0 2.5 2 0 4 4 4
2043.7 5135.7 -49.6 240 0 11.8 19.9 12.5 0.0 0 1 5 0 0
2113.9 5231.9 -52.2 326 0 10.0 16.5 7.5 0.0 0 1 3 3 3
2129.1 5200.5 -50.2 326 0 10.0 16.5 7.5 0.0 0 1 3 0 0
1984.3 5088.0 -46.2 240 0 11.8 19.9 12.5 0.0 0 1 5 3 3
2011.4 5110.4 -48.2 240 0 11.8 19.9 12.5 0.0 0 1 5 2 2
1815.0 5056.6 -52.7 232 0 54.3 15.2 12.5 2.5 2 0 5 4 4
1653.9 5000.9 -53.3 230 0 21.2 65.5 12.5 2.5 2 1 5 2 2
1974.9 5240.4 -56.9 61 0 108.3 15.5 10.0 0.0 0 0 4 1 1
1745.8 4929.9 -38.5 84 0 40.3 8.1 7.5 2.5 2 0 3 1 1
1721.7 5120.7 -58.5 65 0 42.9 16.0 10.0 2.5 2 0 4 4 4
1412.5 5204.6 -55.1 241 0 10.0 33.8 10.0 2.5 4 1 4 2 2
1774.0 5157.7 -58.6 334 0 9.3 39.3 7.5 2.5 2 1 3 0 0
1700.2 5249.6 -59.7 182 0 26.6 15.2 5.0 2.5 2 0 2 2 2
1347.7 5168.2 -54.2 241 0 9.8 31.5 7.5 2.5 4 1 3 3 3
1862.8 5151.7 -55.4 231 0 10.2 5.1 7.5 2.5 2 0 3 5 5
1330.5 5158.7 -54.0 241 0 10.9 29.5 7.5 2.5 2 1 3 1 1
1615.4 6157.2 -62.4 356 0 74.3 10.2 7.5 2.5 2 0 3 0 0
1396.0 5195.3 -54.8 241 0 10.2 32.5 7.5 0.0 0 1 3 1 1
1379.6 5185.9 -54.5 240 0 10.2 32.5 12.5 2.5 2 1 5 2 2
1768.6 5083.7 -57.6 320 0 25.6 72.2 12.5 0.0 0 1 5 4 4
823.4 5161.8 -46.6 65 0 8.7 33.6 7.5 2.5 2 1 3 0 0
1668.7 5114.3 -57.9 184 0 31.6 14.6 10.0 2.5 2 0 4 5 5
1712.4 5229.1 -59.2 270 0 11.4 65.0 10.0 2.5 2 1 4 4 4
1363.6 5177.2 -54.3 240 0 10.3 31.8 12.5 2.5 4 1 5 5 5
3255.6 5199.7 -64.0 268 0 12.7 164.0 10.0 0.0 0 1 4 2 2
1749.4 5035.0 -52.1 231 0 14.0 32.3 12.5 2.5 2 1 5 3 3
1672.9 5151.4 -58.3 180 0 15.6 41.1 10.0 2.5 2 1 4 4 4
1972.7 5222.4 -55.2 241 0 32.0 16.5 17.5 0.0 0 0 7 4 4
-18.6 9015.1 -77.5 270 0 14.4 79.2 10.0 2.5 2 1 4 2 2
-75.7 8974.8 -77.5 180 0 79.2 14.2 12.5 2.5 2 0 5 0 0
253.0 8868.9 -80.2 99 0 8.1 20.4 5.0 0.0 0 1 2 5 5
-301.2 9420.3 -77.1 300 0 17.5 6.5 5.0 0.0 0 0 2 2 2
30.6 9013.3 -77.7 272 0 13.9 88.5 10.0 2.5 2 1 4 4 4
-46.1 9240.2 -76.5 37 0 47.9 8.7 7.5 2.5 2 0 3 1 1
-374.0 9102.4 -76.4 217 0 41.1 15.7 12.5 2.5 2 0 5 1 1
1219.0 7311.1 -70.2 264 0 10.5 43.3 10.0 2.5 2 1 4 4 4
-316.2 8993.1 -76.6 121 0 8.7 30.9 7.5 0.0 0 1 3 0 0
116.6 9181.5 -76.8 127 0 11.4 47.1 10.0 2.5 2 1 4 4 4
208.7 8824.5 -80.9 282 0 72.3 15.9 12.5 2.5 2 0 5 1 1
-128.0 9252.8 -76.0 308 0 10.4 75.8 10.0 2.5 2 1 4 3 3
88.7 9203.3 -77.1 127 0 11.3 60.7 7.5 2.5 2 1 3 4 4
-145.7 9155.5 -75.8 3 0 13.3 50.4 7.5 2.5 2 1 3 4 4
-60.7 9315.6 -77.2 127 0 60.5 11.6 7.5 2.5 2 0 3 3 3
0.3 9304.5 -77.5 37 0 48.4 17.3 10.0 2.5 2 0 4 0 0
290.7 8860.9 -80.9 99 0 11.9 34.3 10.0 2.5 4 1 4 2 2
-155.6 9274.5 -76.1 307 0 10.6 76.2 7.5 2.5 2 1 3 1 1
-192.7 9349.7 -77.0 218 0 47.0 9.3 7.5 2.5 2 0 3 1 1
-57.4 9277.9 -76.6 308 0 7.9 45.8 7.5 2.5 2 1 3 5 5
59.5 8299.6 -84.4 13 0 94.2 21.4 7.5 0.0 0 0 3 2 2
-95.3 9229.0 -75.9 307 0 11.1 77.1 10.0 2.5 2 1 4 2 2
1182.1 7417.2 -73.2 76 0 19.7 30.9 10.0 0.0 0 1 4 2 2
-190.0 9321.3 -76.5 217 0 10.4 46.5 12.5 2.5 2 1 5 2 2
1538.0 5156.7 -56.4 116 0 23.0 9.6 7.5 2.5 2 0 3 1 1
-331.3 9001.8 -76.5 119 0 9.1 31.4 7.5 2.5 2 1 3 4 4
-234.7 9128.9 -76.1 270 0 15.2 82.0 7.5 2.5 2 1 3 4 4
374.1 8617.2 -83.5 101 0 15.6 43.2 10.0 2.5 4 1 4 3 3
144.5 8722.9 -81.5 120 0 48.5 15.7 7.5 2.5 2 0 3 4 4
-602.6 9165.8 -76.3 127 0 21.9 15.0 7.5 2.5 2 0 3 5 5
-347.9 9009.7 -76.4 119 0 8.7 30.7 7.5 2.5 2 1 3 0 0
-278.3 9129.0 -76.2 270 0 15.2 65.4 12.5 2.5 2 1 5 0 0
-264.1 8698.3 -80.3 90 0 16.0 87.5 10.0 2.5 2 1 4 5 5
-260.5 9017.5 -76.2 117 0 12.2 5.3 2.5 2.5 2 0 1 2 2
-408.8 9068.6 -76.5 210 0 29.6 7.6 7.5 2.5 2 0 3 3 3
1599.5 5144.0 -57.3 91 0 37.7 14.7 15.0 0.0 0 0 6 1 1
-211.0 9267.9 -76.2 217 0 77.4 10.6 10.0 2.5 2 0 4 5 5
-319.8 9109.6 -76.3 289 0 12.7 48.4 10.0 2.5 2 1 4 4 4
-402.5 9129.0 -76.4 37 0 27.2 37.6 7.5 0.0 0 1 3 4 4
-392.0 8831.8 -78.8 269 0 97.9 15.6 12.5 2.5 2 0 5 1 1
-72.2 8911.8 -78.0 180 0 19.1 58.7 7.5 0.0 0 1 3 0 0
11.8 9052.4 -75.6 90 0 12.0 72.1 7.5 2.5 2 1 3 5 5
-253.1 8956.9 -77.8 119 0 8.4 50.8 7.5 0.0 0 1 3 2 2
-106.5 8984.2 -77.5 360 0 83.3 13.8 12.5 2.5 2 0 5 3 3
-125.6 9306.2 -76.6 307 0 9.7 31.3 7.5 2.5 4 1 3 0 0
-394.7 8890.3 -77.8 95 0 10.3 46.5 7.5 2.5 2 1 3 3 3
-137.6 9422.0 -78.2 217 0 58.1 14.0 10.0 2.5 2 0 4 2 2
-54.6 8831.6 -79.0 106 0 15.4 17.3 7.5 2.5 2 1 3 4 4
-29.5 9057.8 -75.4 90 0 12.1 76.0 7.5 2.5 2 1 3 5 5
343.3 8620.4 -83.4 96 0 11.9 45.8 7.5 0.0 0 1 3 2 2
-145.5 8984.7 -77.7 360 0 83.5 14.4 10.0 2.5 2 0 4 0 0
-52.0 9326.5 -77.4 126 0 61.3 13.8 12.5 2.5 2 0 5 4 4
201.2 8690.8 -82.4 119 0 66.3 16.4 12.5 0.0 0 0 5 2 2
-293.7 9211.8 -76.2 217 0 92.9 11.1 12.5 2.5 2 0 5 4 4
258.9 8855.5 -80.4 102 0 8.1 10.2 7.5 2.5 2 1 3 4 4
72.6 9011.9 -77.8 272 0 13.9 88.3 12.5 2.5 2 1 5 3 3
1640.5 5179.6 -58.1 0 0 50.0 15.3 7.5 2.5 2 0 3 3 3
-239.7 9289.2 -76.3 217 0 77.7 11.1 10.0 2.5 2 0 4 0 0
-328.8 9050.1 -76.2 199 0 10.9 67.7 7.5 2.5 2 1 3 2 2
-347.0 9133.7 -76.2 182 0 13.7 38.0 12.5 2.5 2 1 5 5 5
-293.8 9342.1 -76.3 301 0 24.5 95.8 7.5 0.0 0 1 3 1 1
-93.9 9247.4 -76.2 38 0 9.1 48.3 7.5 2.5 2 1 3 2 2
-184.4 9078.7 -75.9 0 0 76.0 12.5 7.5 2.5 2 0 3 4 4
57.3 9260.5 -77.2 127 0 48.0 23.4 7.5 2.5 2 0 3 0 0
-257.4 9199.9 -76.1 217 0 69.8 12.1 7.5 2.5 2 0 3 0 0
-296.1 9383.7 -77.0 121 0 13.7 22.5 7.5 2.5 4 1 3 1 1
-191.9 8970.1 -77.4 90 0 13.6 55.7 7.5 2.5 4 1 3 4 4
-84.8 9299.4 -76.8 306 0 49.8 12.4 5.0 2.5 2 0 2 4 4
91.9 9673.8 -82.4 216 0 115.4 36.1 12.5 0.0 0 0 5 0 0
-328.7 8982.0 -77.6 120 0 89.8 8.8 7.5 2.5 2 0 3 5 5
-20.2 9394.5 -78.2 307 0 71.5 12.3 12.5 2.5 2 0 5 0 0
1566.5 5183.8 -57.0 270 0 15.0 25.4 10.0 2.5 4 1 4 1 1
-214.4 9202.2 -75.9 218 0 34.1 15.6 7.5 2.5 2 0 3 5 5
192.7 8792.8 -80.6 277 0 6.8 17.3 5.0 2.5 2 1 2 5 5
-272.5 8473.4 -82.7 283 0 15.6 45.8 12.5 2.5 2 1 5 1 1
-896.5 9124.3 -75.5 95 0 14.8 58.2 7.5 0.0 0 1 3 5 5
241.6 8756.6 -81.6 5 0 21.5 26.9 10.0 2.5 2 1 4 3 3
-775.4 9115.1 -75.9 105 0 11.0 53.5 7.5 2.5 2 1 3 0 0
-560.2 8590.5 -80.3 90 0 14.9 89.0 12.5 2.5 2 1 5 1 1
-294.9 8375.2 -81.3 103 0 15.8 45.5 15.0 2.5 2 1 6 4 4
229.1 8735.0 -81.7 5 0 19.7 9.8 5.0 2.5 2 0 2 5 5
-249.8 8662.8 -81.1 284 0 11.2 36.7 15.0 0.0 0 1 6 5 5
-552.1 8848.8 -78.0 270 0 12.7 39.4 7.5 2.5 2 1 3 3 3
-289.2 8670.6 -81.0 284 0 11.4 36.5 7.5 2.5 2 1 3 5 5
224.8 8790.2 -81.2 277 0 41.7 9.8 7.5 2.5 2 0 3 0 0
-498.7 8894.6 -77.3 93 0 11.4 61.7 7.5 2.5 2 1 3 5 5
279.8 8648.1 -82.8 32 0 8.4 32.0 7.5 2.5 4 1 3 5 5
-648.7 9297.1 -76.1 217 0 12.5 36.6 7.5 2.5 4 1 3 1 1
-434.0 8744.9 -79.3 90 0 14.3 59.9 7.5 2.5 2 1 3 0 0
-328.4 8678.5 -80.9 283 0 12.1 35.6 15.0 0.0 0 1 6 3 3
51.5 9337.0 -77.9 216 0 21.7 45.9 10.0 2.5 2 1 4 5 5
-429.7 8890.5 -77.7 94 0 11.1 62.0 7.5 2.5 2 1 3 2 2
-1178.6 8910.3 -74.8 97 0 13.8 100.9 5.0 0.0 0 1 2 0 0
306.7 8793.6 -82.8 185 0 16.7 53.6 10.0 2.5 2 1 4 0 0
-571.1 9068.5 -76.6 277 0 15.4 10.6 5.0 2.5 2 0 2 0 0
-410.0 8682.6 -80.7 283 0 10.9 56.0 10.0 2.5 2 1 4 0 0
254.1 8718.8 -82.3 5 0 20.2 6.2 5.0 2.5 2 0 2 1 1
182.8 8726.6 -81.1 98 0 6.2 24.2 2.5 2.5 2 1 1 2 2
207.2 8584.2 -82.7 304 0 91.8 14.6 12.5 2.5 2 0 5 4 4
-464.5 8893.2 -77.5 94 0 11.4 61.5 7.5 2.5 2 1 3 0 0
2.8 8467.7 -83.5 106 0 44.6 53.1 7.5 0.0 0 1 3 4 4
398.6 8671.5 -83.9 283 0 21.6 11.1 2.5 2.5 2 0 1 1 1
-65.4 8212.0 -80.8 103 0 15.8 44.6 17.5 2.5 4 1 7 2 2
-440.6 8560.5 -81.3 103 0 16.2 57.8 10.0 0.0 0 1 4 3 3
-210.7 8654.6 -81.1 283 0 13.8 38.0 12.5 2.5 2 1 5 3 3
-470.1 8848.8 -78.6 270 0 12.0 49.3 10.0 2.5 2 1 4 3 3
-237.5 8947.8 -77.9 117 0 8.5 41.2 7.5 2.5 2 1 3 5 5
-476.3 8568.6 -81.0 103 0 16.0 57.6 7.5 2.5 2 1 3 3 3
-511.4 8848.5 -78.3 270 0 11.7 46.6 7.5 2.5 2 1 3 3 3
-232.3 8929.0 -78.1 118 0 22.6 8.6 5.0 2.5 4 0 2 2 2
-817.9 9199.8 -75.9 286 0 59.1 13.4 7.5 2.5 2 0 3 0 0
-492.6 8996.0 -76.6 273 0 13.7 24.7 10.0 2.5 2 1 4 3 3
-262.9 8301.6 -79.6 103 0 11.7 46.7 10.0 2.5 2 1 4 5 5
-589.8 9072.6 -76.5 187 0 18.1 10.0 7.5 2.5 2 0 3 0 0
-447.7 8683.2 -80.4 284 0 11.5 47.9 10.0 2.5 2 1 4 4 4
256.5 8743.2 -82.0 6 0 25.2 6.2 7.5 0.0 0 0 3 0 0
241.2 8716.4 -82.1 2 0 11.3 17.6 2.5 2.5 2 1 1 5 5
-807.5 9116.3 -75.8 96 0 11.1 55.4 7.5 2.5 2 1 3 5 5
-517.5 8579.2 -80.7 90 0 14.9 103.2 12.5 2.5 2 1 5 4 4
-95.3 8663.4 -80.9 91 0 19.4 49.0 10.0 2.5 4 1 4 0 0
367.0 8722.8 -83.8 275 0 8.8 47.0 7.5 0.0 0 1 3 5 5
-138.3 8673.3 -80.5 90 0 19.1 63.5 10.0 2.5 4 1 4 4 4
-114.9 8557.1 -82.6 13 0 48.4 10.3 7.5 2.5 2 0 3 0 0
-604.9 8599.8 -80.0 90 0 16.4 81.1 12.5 2.5 2 1 5 5 5
373.1 8761.0 -83.9 275 0 14.6 33.0 10.0 2.5 2 1 4 0 0
-851.4 9123.1 -75.6 95 0 14.6 54.6 15.0 2.5 2 1 6 2 2
-688.7 8709.0 -78.7 4 0 58.1 10.4 10.0 2.5 4 0 4 4 4
-539.2 9015.7 -76.5 273 0 6.0 35.2 7.5 2.5 2 1 3 0 0
-1843.8 9832.1 -73.4 79 0 12.0 22.9 7.5 2.5 2 1 3 2 2
-877.9 8487.3 -79.4 356 0 52.3 10.8 10.0 2.5 2 0 4 5 5
-2075.9 9260.1 -74.7 70 0 52.1 17.8 7.5 2.5 2 0 3 2 2
-646.5 8718.7 -78.8 360 0 63.1 13.6 7.5 2.5 2 0 3 4 4
-1569.8 9159.8 -73.0 278 0 15.9 85.8 10.0 2.5 2 1 4 0 0
-2068.2 10206.2 -69.1 269 0 11.4 98.4 12.5 2.5 2 1 5 2 2
-967.9 8670.5 -77.8 97 0 14.3 73.7 7.5 2.5 2 1 3 3 3
-760.0 8722.9 -77.8 94 0 8.9 44.5 7.5 2.5 2 1 3 3 3
-468.2 9071.9 -76.2 126 0 42.8 11.4 12.5 0.0 0 0 5 3 3
-936.5 8882.0 -76.6 89 0 19.0 38.1 7.5 2.5 2 1 3 5 5
-281.5 8523.0 -82.3 103 0 12.0 38.5 7.5 2.5 2 1 3 0 0
-1217.7 8908.6 -74.0 93 0 12.0 30.5 7.5 2.5 2 1 3 3 3
-635.9 8972.0 -77.0 9 0 47.8 15.3 10.0 2.5 2 0 4 1 1
-2899.8 10388.0 -49.5 41 0 35.6 8.0 7.5 2.5 2 0 3 4 4
-1753.3 9153.0 -74.0 187 0 48.6 11.6 10.0 2.5 2 0 4 1 1
-1142.5 8907.6 -75.4 96 0 14.4 50.3 10.0 2.5 2 1 4 1 1
-2078.2 9358.6 -75.3 241 0 16.5 62.1 10.0 2.5 2 1 4 5 5
-1391.7 10174.7 -78.9 82 0 13.7 92.2 10.0 2.5 2 1 4 3 3
-137.3 8634.4 -82.0 283 0 10.3 36.2 10.0 2.5 2 1 4 4 4
-1423.9 10506.1 -79.1 342 0 54.4 14.3 15.0 2.5 2 0 6 2 2
-2018.0 10061.2 -69.6 85 0 8.9 38.3 5.0 2.5 2 1 2 5 5
-876.1 9229.1 -75.6 286 0 11.1 29.0 12.5 2.5 2 1 5 1 1
-727.8 8634.0 -79.0 94 0 10.7 39.7 7.5 2.5 2 1 3 2 2
-533.7 8898.1 -77.1 93 0 11.2 61.9 12.5 2.5 2 1 5 5 5
-769.7 8915.4 -76.9 103 0 16.7 30.3 12.5 2.5 4 1 5 5 5
-166.1 8490.1 -82.8 104 0 16.2 39.7 10.0 2.5 2 1 4 5 5
-1910.7 9808.3 -73.0 81 0 9.4 27.9 7.5 2.5 2 1 3 2 2
-627.8 9024.0 -76.7 8 0 36.8 15.4 7.5 2.5 2 0 3 0 0
-2871.9 10329.1 -46.9 131 0 31.2 7.9 5.0 0.0 0 0 2 4 4
-1368.3 10233.2 -79.1 83 0 8.7 30.7 7.5 2.5 2 1 3 4 4
-1684.7 9196.7 -74.2 271 0 53.7 16.7 10.0 2.5 2 0 4 1 1
-1945.1 10208.5 -74.0 269 0 11.3 98.5 7.5 2.5 2 1 3 0 0
830.8 8705.0 -87.1 7 0 19.6 31.1 7.5 0.0 0 1 3 0 0
-2162.9 9342.0 -74.5 250 0 11.7 75.7 7.5 2.5 4 1 3 0 0
-765.5 8556.4 -79.6 104 0 9.1 37.2 7.5 2.5 2 1 3 4 4
-1758.7 9060.7 -73.2 97 0 11.5 61.8 7.5 2.5 2 1 3 4 4
-1614.9 9166.0 -73.0 277 0 16.0 84.9 7.5 2.5 2 1 3 3 3
-1096.3 8761.5 -76.9 90 0 46.2 15.5 10.0 2.5 2 0 4 4 4
-200.2 8551.8 -82.3 103 0 11.7 49.5 7.5 0.0 0 1 3 4 4
-1057.4 9136.9 -75.0 274 0 12.2 33.2 7.5 0.0 0 1 3 0 0
-345.7 8588.0 -81.4 104 0 11.0 47.9 10.0 2.5 4 1 4 2 2
-2839.6 10390.8 -45.7 130 0 43.5 25.3 15.0 0.0 0 0 6 1 1
-608.0 8934.1 -76.7 183 0 61.8 10.5 7.5 2.5 2 0 3 5 5
-1818.0 9848.0 -73.7 350 0 23.7 12.8 7.5 2.5 2 0 3 5 5
-692.8 9058.4 -76.3 8 0 17.7 25.3 12.5 2.5 2 1 5 5 5
-1371.6 10336.4 -79.3 342 0 59.9 14.1 15.0 2.5 2 0 6 2 2
-1630.0 9054.6 -72.1 98 0 64.0 17.0 10.0 2.5 2 0 4 1 1
-2046.3 10058.3 -68.3 85 0 12.9 39.8 7.5 2.5 2 1 3 3 3
-937.1 8667.3 -77.8 97 0 14.0 41.3 5.0 2.5 4 1 2 5 5
-935.9 8945.8 -76.3 2 0 29.1 7.3 5.0 2.5 4 0 2 4 4
-318.6 8531.4 -82.1 104 0 11.8 39.6 10.0 2.5 2 1 4 1 1
-690.8 8957.2 -76.9 99 0 16.3 47.5 10.0 2.5 2 1 4 1 1
-2117.8 10093.5 -65.0 265 0 9.7 41.4 7.5 0.0 0 1 3 1 1
-270.5 8569.7 -81.6 104 0 12.2 49.1 10.0 2.5 2 1 4 1 1
-1203.2 8890.5 -75.5 181 0 12.9 61.1 12.5 2.5 2 1 5 4 4
-693.1 8620.0 -79.3 94 0 13.3 48.3 12.5 2.5 2 1 5 2 2
-608.6 9409.6 -75.7 57 0 19.0 20.9 10.0 2.5 2 1 4 1 1
-886.6 8580.4 -78.9 353 0 42.5 10.7 12.5 2.5 2 0 5 0 0
-173.4 8643.6 -81.5 282 0 10.3 36.2 7.5 2.5 2 1 3 1 1
-2027.4 10207.4 -70.6 268 0 11.3 99.3 10.0 2.5 2 1 4 5 5
-2109.0 9978.9 -64.8 85 0 11.2 66.3 7.5 2.5 2 1 3 4 4
-2021.3 9355.7 -75.3 330 0 48.3 17.1 10.0 2.5 2 0 4 0 0
-1993.4 10064.3 -70.8 85 0 8.6 34.8 7.5 2.5 2 1 3 4 4
-767.4 8977.2 -76.7 191 0 49.4 13.9 10.0 2.5 2 0 4 3 3
-919.8 8843.1 -77.2 271 0 28.2 39.3 7.5 0.0 0 1 3 5 5
-406.6 7377.4 -43.5 64 0 9.2 44.1 7.5 2.5 2 1 3 4 4
-1475.1 10654.4 -77.1 341 0 66.2 13.9 7.5 0.0 0 0 3 0 0
-1085.7 9098.2 -75.4 275 0 14.2 73.0 7.5 2.5 2 1 3 2 2
-669.7 9038.4 -76.6 9 0 48.2 16.4 7.5 0.0 0 0 3 5 5
-528.8 8717.7 -79.6 281 0 91.1 13.4 7.5 2.5 2 0 3 0 0
-2126.3 9355.2 -75.0 251 0 11.3 76.1 12.5 0.0 0 1 5 2 2
-785.6 8561.1 -79.4 103 0 8.1 38.2 7.5 2.5 2 1 3 0 0
-1408.3 10427.5 -79.7 252 0 14.6 58.7 7.5 2.5 4 1 3 1 1
-733.4 8691.9 -78.5 184 0 19.3 15.5 7.5 2.5 2 0 3 5 5
-393.6 8548.4 -81.7 104 0 12.3 39.3 7.5 2.5 2 1 3 4 4
-654.1 8614.6 -79.6 90 0 13.0 63.8 7.5 2.5 2 1 3 3 3
-1147.9 8838.0 -76.0 271 0 34.0 15.9 7.5 2.5 2 0 3 2 2
-187.4 8510.2 -82.7 103 0 33.2 16.2 10.0 2.5 2 0 4 2 2
-244.0 8514.1 -82.5 103 0 12.0 38.1 12.5 0.0 0 1 5 1 1
-308.1 8579.0 -81.5 104 0 11.5 48.3 7.5 0.0 0 1 3 5 5
-569.0 8901.5 -76.9 93 0 11.4 61.7 10.0 2.5 2 1 4 5 5
-779.5 8902.9 -77.1 181 0 15.7 46.0 12.5 2.5 2 1 5 1 1
-1136.3 8966.5 -75.2 95 0 14.0 45.0 7.5 2.5 2 1 3 0 0
-1717.6 9057.7 -72.9 96 0 12.6 61.1 7.5 2.5 2 1 3 2 2
-1919.5 9861.2 -73.0 260 0 9.2 22.2 5.0 2.5 4 1 2 4 4
-702.6 8999.4 -76.6 8 0 16.2 29.2 10.0 2.5 2 1 4 0 0
-1344.7 10227.5 -79.3 73 0 14.1 70.7 12.5 2.5 2 1 5 1 1
-153.0 8591.9 -82.5 284 0 11.8 49.1 7.5 2.5 2 1 3 2 2
-1235.4 8960.7 -74.0 185 0 16.2 34.1 7.5 2.5 2 1 3 3 3
-647.4 8791.7 -78.0 0 0 63.1 15.6 5.0 2.5 2 0 2 3 3
-1450.6 10581.2 -77.9 341 0 66.5 14.0 10.0 0.0 0 0 4 2 2
-854.2 9250.0 -75.7 286 0 12.5 60.7 7.5 2.5 2 1 3 4 4
-668.7 8767.0 -77.9 0 0 15.1 23.5 7.5 2.5 2 1 3 5 5
-1661.3 9167.9 -73.5 278 0 16.1 77.7 10.0 2.5 2 1 4 2 2
-1002.1 8792.9 -77.3 270 0 12.4 49.5 7.5 2.5 2 1 3 5 5
-592.6 9035.4 -76.8 188 0 45.6 10.5 7.5 2.5 2 0 3 4 4
-1184.9 8754.4 -75.9 182 0 56.0 12.7 10.0 2.5 2 0 4 1 1
-135.1 8488.4 -82.9 103 0 13.4 38.7 7.5 2.5 2 1 3 4 4
-2882.6 10399.8 -47.5 220 0 5.0 16.3 5.0 0.0 0 1 2 4 4
-724.6 8761.1 -78.2 274 0 8.9 51.1 7.5 2.5 2 1 3 2 2
-222.1 8511.8 -82.5 103 0 10.4 26.5 7.5 2.5 2 1 3 2 2
-382.7 8595.5 -81.2 104 0 11.3 48.5 10.0 0.0 0 1 4 3 3
-1592.7 10455.9 -77.0 273 0 9.5 26.0 7.5 2.5 2 1 3 1 1
-1611.2 9194.7 -73.5 271 0 70.5 17.1 10.0 2.5 2 0 4 0 0
-1986.1 10207.5 -72.1 268 0 11.2 98.9 10.0 2.5 2 1 4 2 2
-356.1 8539.1 -81.9 103 0 12.3 40.0 7.5 2.5 2 1 3 1 1
-2417.0 9693.0 -65.8 203 0 109.7 20.2 12.5 0.0 0 0 5 1 1
113.9 8526.5 -83.3 113 0 40.3 8.2 7.5 2.5 2 0 3 5 5
-751.7 9042.9 -76.4 194 0 65.2 15.2 10.0 2.5 4 0 4 5 5
-1079.4 8882.8 -76.3 92 0 102.4 16.5 12.5 0.0 0 0 5 5 5
-232.6 8560.6 -82.1 103 0 12.0 48.7 10.0 2.5 2 1 4 3 3
-1449.5 10269.6 -78.7 262 0 11.5 101.9 10.0 2.5 2 1 4 2 2
-524.7 9004.0 -76.4 273 0 11.5 29.8 7.5 0.0 0 1 3 2 2
-1501.5 10725.6 -77.3 70 0 20.3 21.1 7.5 2.5 2 1 3 1 1
-1048.5 9093.7 -75.5 275 0 14.3 65.4 7.5 2.5 2 1 3 5 5
-2151.9 10093.7 -63.4 265 0 10.9 67.2 5.0 2.5 2 1 2 5 5
-1868.0 9817.6 -73.5 79 0 12.5 41.9 7.5 2.5 2 1 3 2 2
-302.8 7136.5 -56.6 217 0 6.9 40.3 7.5 2.5 2 1 3 3 3
-692.9 8935.4 -77.0 1 0 16.9 27.0 5.0 2.5 2 1 2 3 3
-1009.3 8668.2 -77.6 97 0 14.8 51.6 10.0 2.5 4 1 4 3 3
-1765.5 9948.6 -75.4 59 0 10.0 24.6 7.5 2.5 2 1 3 2 2
-551.7 9027.8 -76.7 273 0 10.5 54.5 10.0 0.0 0 1 4 2 2
-4748.1 3250.5 72.8 53 0 11.0 75.3 12.5 2.5 2 1 5 3 3
-4813.0 3219.4 80.5 53 0 12.0 62.3 15.0 2.5 2 1 6 4 4
-4835.8 3192.6 79.7 53 0 11.3 70.8 12.5 2.5 2 1 5 0 0
-4847.6 3384.2 68.0 234 0 11.5 81.5 15.0 2.5 2 1 6 1 1
-4783.7 3237.8 76.6 54 0 11.2 65.0 10.0 2.5 2 1 4 5 5
-4876.1 3362.4 70.5 233 0 12.0 80.8 12.5 0.0 0 1 5 4 4
-427.5 9090.8 -76.4 37 0 39.8 32.4 10.0 0.0 0 0 4 0 0
-405.2 9109.3 -76.4 35 0 7.2 41.0 7.5 2.5 2 1 3 2 2
-74.2 9753.5 -82.4 216 0 11.5 40.7 10.0 2.5 2 1 4 1 1
-1178.1 9328.5 -74.9 124 0 15.7 81.0 7.5 2.5 2 1 3 4 4
-4.6 9335.0 -77.6 36 0 24.4 10.3 10.0 2.5 2 0 4 1 1
-491.1 9339.6 -76.5 36 0 18.0 10.0 5.0 2.5 2 0 2 2 2
-2354.6 9564.7 -69.1 23 0 36.9 13.8 10.0 2.5 4 0 4 5 5
-469.5 9099.6 -76.2 126 0 5.7 45.5 7.5 2.5 4 1 3 5 5
-1718.6 9559.2 -75.9 356 0 54.8 13.4 10.0 2.5 2 0 4 0 0
-511.1 9160.5 -76.6 216 0 56.3 59.7 7.5 0.0 0 1 3 5 5
-2210.8 8878.5 -70.8 44 0 54.2 47.7 7.5 0.0 0 0 3 0 0
-544.4 9502.3 -77.1 247 0 6.5 34.8 5.0 2.5 4 1 2 0 0
-1549.8 7987.5 -70.2 181 0 62.2 15.4 10.0 2.5 4 0 4 4 4
-2242.0 8646.6 -67.7 270 0 15.6 17.7 7.5 2.5 2 1 3 5 5
-2198.6 7986.5 -60.4 4 0 47.2 21.4 10.0 2.5 2 0 4 0 0
-1102.2 9215.1 -74.6 93 0 15.1 58.5 7.5 2.5 2 1 3 4 4
-2103.1 8779.5 -69.1 270 0 15.8 55.8 12.5 0.0 0 1 5 4 4
86.3 10231.6 -87.1 20 0 55.6 19.3 7.5 2.5 2 0 3 3 3
-1453.1 7953.8 -69.4 91 0 15.4 65.8 10.0 0.0 0 1 4 4 4
-2427.8 9225.1 -72.0 201 0 19.1 76.0 10.0 2.5 4 1 4 1 1
-1539.9 8087.0 -71.2 271 0 15.5 57.9 7.5 2.5 2 1 3 0 0
-931.3 9008.0 -76.1 276 0 11.7 38.3 10.0 2.5 2 1 4 4 4
-118.4 9945.3 -85.4 211 0 41.6 14.0 10.0 0.0 0 0 4 2 2
-2237.3 9093.9 -72.1 44 0 23.1 17.3 10.0 2.5 2 0 4 4 4
-974.5 9662.7 -76.9 272 0 73.4 14.2 7.5 2.5 2 0 3 4 4
-1499.1 7955.9 -69.9 91 0 14.6 61.7 12.5 2.5 2 1 5 3 3
-2058.2 8748.7 -68.7 270 0 16.4 93.2 10.0 2.5 2 1 4 5 5
-2142.4 8778.6 -69.3 270 0 13.9 56.5 10.0 2.5 4 1 4 1 1
-1727.1 8754.9 -70.6 277 0 13.9 75.3 7.5 2.5 2 1 3 2 2
-527.1 9625.9 -79.4 29 0 6.9 46.1 7.5 0.0 0 1 3 3 3
-970.3 9594.9 -76.1 94 0 11.9 37.4 7.5 2.5 2 1 3 1 1
-144.1 9903.8 -84.9 212 0 41.8 13.3 10.0 0.0 0 0 4 4 4
-2269.1 8582.2 -67.3 92 0 12.5 42.4 10.0 2.5 2 1 4 5 5
-2084.0 8617.2 -68.1 360 0 50.0 16.1 10.0 2.5 2 0 4 2 2
-700.9 9433.4 -75.2 94 0 12.5 34.4 7.5 2.5 2 1 3 1 1
-1645.7 8744.6 -71.2 278 0 12.8 76.2 7.5 0.0 0 1 3 3 3
-1695.6 8855.0 -69.6 272 0 119.6 15.5 10.0 0.0 0 0 4 4 4
-837.9 9619.9 -77.3 3 0 50.7 12.1 12.5 2.5 2 0 5 4 4
-551.2 9529.0 -77.9 81 0 19.3 19.6 10.0 2.5 2 1 4 0 0
-2110.3 8685.0 -68.5 179 0 57.3 16.1 7.5 2.5 2 0 3 3 3
-796.1 9530.7 -75.6 279 0 14.0 89.6 12.5 2.5 2 1 5 2 2
-1685.6 8749.7 -70.9 278 0 12.8 73.8 7.5 2.5 4 1 3 4 4
-1407.3 8081.2 -70.5 272 0 12.7 51.9 12.5 2.5 4 1 5 0 0
6.6 9769.8 -82.8 216 0 15.2 24.6 7.5 2.5 2 1 3 5 5
-2468.8 9139.9 -72.3 321 0 72.8 14.7 7.5 2.5 2 0 3 1 1
-2169.6 8912.9 -71.0 45 0 31.7 81.0 7.5 0.0 0 1 3 4 4
-2953.0 10353.3 -52.4 130 0 27.3 23.9 10.0 0.0 0 0 4 5 5
-2149.4 8683.7 -68.5 180 0 56.1 14.0 12.5 2.5 2 0 5 1 1
-886.6 9593.5 -76.0 273 0 11.4 46.3 15.0 0.0 0 1 6 4 4
-108.0 9912.8 -84.9 215 0 13.5 20.7 7.5 2.5 2 1 3 1 1
-1495.7 8085.5 -71.0 271 0 14.8 57.9 7.5 2.5 2 1 3 3 3
-1510.2 8727.1 -72.0 274 0 53.8 18.2 10.0 2.5 2 0 4 1 1
-1409.3 7951.5 -68.9 91 0 15.0 66.4 10.0 2.5 2 1 4 1 1
-850.9 9581.4 -76.0 273 0 12.8 37.7 12.5 2.5 2 1 5 4 4
-1914.8 8851.3 -69.3 348 0 16.0 61.8 7.5 2.5 2 1 3 4 4
-2197.7 8648.1 -67.7 270 0 15.2 17.5 7.5 2.5 2 1 3 5 5
-2009.3 8839.2 -69.4 258 0 43.8 12.3 7.5 2.5 2 0 3 1 1
-139.3 9854.4 -84.3 127 0 30.5 14.2 5.0 2.5 4 0 2 5 5
63.1 9780.4 -83.0 308 0 15.5 48.6 12.5 2.5 2 1 5 5 5
-1451.9 8083.6 -70.7 272 0 13.1 52.7 12.5 2.5 2 1 5 3 3
-917.1 9579.3 -75.6 273 0 10.8 30.8 12.5 2.5 2 1 5 2 2
-738.2 9185.0 -77.0 285 0 5.7 263.5 7.5 2.5 2 1 3 0 0
-2725.2 8117.5 -58.1 360 0 105.4 12.9 10.0 2.5 2 0 4 1 1
-3642.3 6747.7 -24.2 360 0 47.2 11.6 10.0 2.5 2 0 4 3 3
-4336.7 5857.7 -21.0 90 0 11.3 63.7 12.5 2.5 2 1 5 1 1
-4050.1 6701.8 -20.3 148 0 45.1 12.1 12.5 2.5 2 0 5 0 0
-3849.6 7786.4 -52.5 270 0 14.6 20.8 7.5 2.5 4 1 3 2 2
-3450.4 6448.5 -41.0 270 0 12.0 33.2 10.0 2.5 2 1 4 2 2
-3687.4 6347.2 -28.6 180 0 30.7 11.0 12.5 2.5 2 0 5 1 1
-4450.5 6312.4 -29.7 304 0 74.5 9.2 7.5 2.5 2 0 3 0 0
-3236.0 6866.0 -49.8 268 0 12.1 64.1 12.5 2.5 2 1 5 5 5
-3187.5 6826.8 -53.4 358 0 49.4 12.0 12.5 2.5 2 0 5 1 1
-3772.2 6200.1 -24.6 270 0 33.9 29.9 15.0 0.0 0 0 6 4 4
-4195.1 5567.3 -4.9 2 0 65.9 11.4 12.5 2.5 2 0 5 2 2
-4985.3 6112.4 -18.6 292 0 10.5 77.5 10.0 2.5 2 1 4 3 3
-3260.3 6662.0 -49.5 356 0 16.3 79.9 7.5 0.0 0 1 3 3 3
-3370.5 6821.4 -38.4 181 0 67.2 11.6 10.0 2.5 2 0 4 3 3
-4316.4 5645.2 -4.5 274 0 11.6 48.1 7.5 2.5 2 1 3 0 0
-4292.3 5900.5 -22.1 360 0 44.5 12.6 7.5 2.5 2 0 3 0 0
-4295.3 5547.5 -3.2 188 0 7.7 36.0 7.5 2.5 2 1 3 5 5
-4375.1 5856.1 -18.4 90 0 12.1 64.3 10.0 2.5 2 1 4 2 2
-4283.1 5637.2 -3.3 274 0 11.8 64.0 10.0 2.5 2 1 4 0 0
-3046.2 9135.2 -64.6 271 0 14.1 49.9 10.0 2.5 2 1 4 5 5
-5158.2 5588.4 -6.3 357 0 41.1 6.5 7.5 2.5 4 0 3 4 4
-4353.9 5650.9 -5.8 273 0 11.7 48.6 10.0 2.5 2 1 4 5 5
-5108.3 8136.2 -35.4 90 0 7.3 45.8 7.5 2.5 2 1 3 2 2
-5166.1 5675.9 -8.6 261 0 6.1 28.0 5.0 2.5 2 1 2 5 5
-4607.0 5619.2 -7.2 285 0 12.4 40.1 12.5 2.5 4 1 5 2 2
-4546.7 6424.1 -32.7 125 0 55.8 14.4 10.0 2.5 2 0 4 4 4
-3567.8 6342.9 -35.6 90 0 12.0 53.4 10.0 2.5 2 1 4 4 4
-3407.1 6620.7 -39.1 360 0 81.3 11.9 10.0 0.0 0 0 4 4 4
-3610.0 6335.6 -33.4 90 0 12.1 62.0 10.0 2.5 2 1 4 1 1
-1768.9 8686.6 -70.3 98 0 25.7 16.4 10.0 2.5 2 0 4 3 3
-5421.6 5388.1 -12.0 131 0 10.7 31.8 12.5 2.5 2 1 5 5 5
-2781.1 8140.6 -58.2 179 0 54.4 13.2 10.0 2.5 2 0 4 3 3
-5539.2 5605.8 -18.2 39 0 32.4 10.4 5.0 2.5 2 0 2 2 2
-5155.9 5629.6 -7.7 359 0 24.9 8.9 5.0 2.5 2 0 2 4 4
-5042.9 6061.4 -20.1 112 0 11.0 62.4 10.0 2.5 2 1 4 5 5
-3857.4 7637.1 -51.6 90 0 12.1 18.3 7.5 2.5 2 1 3 0 0
-1032.9 9651.0 -76.5 158 0 41.4 13.6 7.5 2.5 4 0 3 4 4
-5491.2 5478.4 -19.7 222 0 44.9 10.7 10.0 2.5 4 0 4 2 2
-2078.0 8521.6 -68.1 90 0 14.0 43.9 10.0 2.5 2 1 4 3 3
-3361.2 6414.4 -45.6 90 0 16.0 81.6 10.0 2.5 2 1 4 1 1
-2033.7 8544.3 -68.3 360 0 43.9 14.1 10.0 2.5 2 0 4 4 4
-1790.8 8763.7 -70.1 277 0 14.1 75.3 10.0 2.5 2 1 4 3 3
-5395.0 5363.5 -13.7 131 0 12.0 32.3 12.5 2.5 4 1 5 2 2
-3782.4 7775.3 -53.5 0 0 16.3 52.2 12.5 2.5 2 1 5 2 2
-5508.6 5635.2 -18.8 33 0 31.7 10.7 7.5 2.5 2 0 3 3 3
-4346.2 6094.7 -23.9 179 0 43.8 12.5 7.5 2.5 2 0 3 3 3
-4346.9 6143.2 -24.7 180 0 42.2 15.2 12.5 2.5 2 0 5 4 4
-3813.1 6125.8 -28.7 179 0 29.2 33.9 10.0 0.0 0 1 4 0 0
-3481.8 6340.7 -41.0 89 0 12.6 55.7 12.5 2.5 2 1 5 4 4
-5447.2 5411.1 -14.6 132 0 11.2 32.9 12.5 2.5 2 1 5 1 1
-1126.9 9199.4 -74.8 274 0 24.0 18.1 7.5 2.5 2 0 3 3 3
-4516.5 6357.3 -31.4 304 0 37.5 19.0 12.5 0.0 0 0 5 1 1
-3690.2 6739.0 -22.7 180 0 60.4 11.2 10.0 2.5 2 0 4 1 1
-3694.9 6138.8 -29.0 91 0 34.1 29.5 12.5 0.0 0 0 5 0 0
-3254.5 6688.5 -49.5 359 0 10.3 79.7 12.5 2.5 2 1 5 4 4
-3399.1 7256.8 -34.2 269 0 13.3 67.7 10.0 2.5 2 1 4 5 5
-3717.8 6305.1 -26.1 180 0 18.9 10.8 5.0 2.5 2 0 2 2 2
-3369.6 6611.6 -42.1 180 0 64.2 11.4 10.0 2.5 4 0 4 1 1
-2039.4 8603.4 -68.4 359 0 49.2 16.1 10.0 2.5 2 0 4 1 1
-3369.4 6538.2 -43.4 180 0 62.9 11.4 12.5 2.5 2 0 5 1 1
-5622.3 5564.4 -16.5 128 0 11.8 44.2 7.5 2.5 2 1 3 1 1
-5092.3 8144.0 -36.2 135 0 17.8 72.5 7.5 2.5 2 1 3 2 2
-3613.3 6679.3 -26.9 90 0 10.9 81.3 12.5 2.5 2 1 5 4 4
-4014.9 6053.1 -31.9 90 0 11.5 46.9 12.5 2.5 2 1 5 5 5
-5057.0 9087.6 -48.3 90 0 8.2 31.2 7.5 2.5 2 1 3 0 0
-3894.1 7663.9 -51.3 180 0 42.2 14.7 7.5 2.5 2 0 3 5 5
-4390.8 5660.8 -7.2 273 0 12.0 65.4 15.0 0.0 0 1 6 1 1
-3412.3 6449.2 -42.9 271 0 10.9 33.6 12.5 2.5 2 1 5 3 3
-1901.8 8701.3 -69.3 102 0 17.0 41.6 7.5 2.5 2 1 3 2 2
-1186.5 9204.2 -75.1 274 0 23.5 18.3 12.5 0.0 0 0 5 5 5
-3724.5 6677.1 -22.2 180 0 46.2 10.3 10.0 0.0 0 0 4 0 0
-3508.0 7307.7 -37.1 270 0 12.7 57.2 12.5 2.5 2 1 5 3 3
-3185.1 6748.8 -54.2 358 0 85.1 11.3 10.0 2.5 4 0 4 5 5
-3524.9 6340.4 -38.3 89 0 12.4 55.8 10.0 2.5 2 1 4 3 3
-4698.7 9051.7 -43.9 270 0 24.8 376.3 10.0 0.0 0 1 4 3 3
-4369.3 6301.9 -24.2 124 0 63.2 9.6 7.5 2.5 2 0 3 1 1
-5370.8 5341.8 -10.6 135 0 10.1 47.6 12.5 2.5 2 1 5 4 4
-5539.1 5406.3 -19.3 132 0 11.8 44.5 10.0 2.5 2 1 4 1 1
-1759.0 8760.3 -69.7 277 0 26.2 14.3 10.0 2.5 4 0 4 5 5
-5302.5 5362.1 -6.6 315 0 10.0 46.3 10.0 2.5 2 1 4 3 3
-3572.9 6712.4 -28.6 360 0 64.2 10.9 12.5 2.5 2 0 5 0 0
-4413.8 5920.9 -15.0 270 0 11.7 72.2 10.0 2.5 2 1 4 1 1
-4243.4 5628.7 -3.6 272 0 12.0 64.1 12.5 2.5 2 1 5 0 0
-3433.7 6368.7 -43.2 0 0 55.1 12.5 12.5 2.5 2 0 5 1 1
-5442.2 5470.7 -17.4 312 0 11.4 49.3 10.0 0.0 0 1 4 4 4
-4134.5 5938.8 -27.5 90 0 14.2 41.0 7.5 2.5 2 1 3 4 4
-2774.2 8048.4 -56.9 90 0 13.2 54.8 10.0 2.5 2 1 4 1 1
-2732.9 8232.3 -59.4 269 0 13.0 53.2 17.5 0.0 0 1 7 1 1
-3725.4 6738.2 -21.0 179 0 61.1 11.3 7.5 2.5 4 0 3 5 5
-3462.2 7308.0 -34.5 270 0 13.4 56.4 7.5 2.5 2 1 3 4 4
-3723.5 6355.9 -26.5 179 0 60.6 10.9 12.5 2.5 2 0 5 0 0
-3682.0 6294.6 -28.2 89 0 11.3 31.1 10.0 2.5 2 1 4 4 4
-4473.5 6395.7 -32.1 304 0 66.1 9.9 7.5 2.5 2 0 3 1 1
-1164.2 9249.9 -74.9 184 0 18.7 24.1 10.0 2.5 4 1 4 0 0
-4222.6 5867.5 -23.9 89 0 12.3 37.7 12.5 2.5 2 1 5 1 1
-4416.8 6342.4 -25.5 123 0 49.2 10.3 10.0 2.5 2 0 4 2 2
-3646.8 6331.5 -31.1 90 0 12.0 61.0 12.5 2.5 2 1 5 1 1
-5573.5 5564.5 -18.1 38 0 44.4 11.1 12.5 2.5 2 0 5 4 4
-2775.2 8232.1 -59.5 269 0 13.6 52.7 12.5 2.5 2 1 5 3 3
-983.2 8882.3 -76.5 89 0 60.5 33.8 10.0 0.0 0 0 4 4 4
-4750.2 6903.0 -31.0 8 0 66.9 62.6 12.5 0.0 0 0 5 4 4
-3947.3 6046.1 -32.4 90 0 7.6 20.6 2.5 2.5 2 1 1 5 5
-3982.5 6045.5 -32.6 90 0 7.6 20.6 2.5 2.5 4 1 1 0 0
-4188.7 5997.2 -27.3 90 0 13.0 70.8 12.5 2.5 2 1 5 5 5
-5318.7 8434.3 -31.3 235 0 9.5 15.2 5.0 0.0 0 1 2 5 5
-5345.8 8412.1 -31.0 235 0 9.5 15.2 5.0 0.0 0 1 2 5 5
-4517.7 6216.7 -19.6 270 0 9.3 32.9 7.5 2.5 2 1 3 2 2
-3807.1 7167.3 -41.9 90 0 14.4 56.0 12.5 2.5 2 1 5 0 0
-4513.4 6095.8 -12.4 180 0 62.9 12.1 10.0 2.5 2 0 4 1 1
-3942.1 6284.5 -17.2 90 0 9.9 62.7 7.5 2.5 2 1 3 3 3
-2797.3 8802.8 -67.4 270 0 13.1 45.9 7.5 2.5 2 1 3 4 4
-4548.3 6259.9 -26.0 90 0 7.6 43.7 7.5 2.5 2 1 3 3 3
-5085.0 8317.4 -35.1 225 0 26.0 11.6 7.5 2.5 2 0 3 3 3
-3996.8 6615.9 -10.2 270 0 8.7 42.7 7.5 2.5 2 1 3 1 1
-3879.8 7141.5 -35.4 270 0 11.2 45.0 15.0 0.0 0 1 6 1 1
-1849.2 8654.4 -70.2 4 0 28.1 11.5 12.5 2.5 2 0 5 3 3
-3762.0 6550.1 -22.7 1 0 44.6 9.6 7.5 2.5 2 0 3 4 4
-3830.9 6289.1 -18.9 90 0 11.3 47.4 10.0 2.5 2 1 4 1 1
-4203.6 6310.5 -21.1 270 0 10.5 48.1 10.0 2.5 2 1 4 4 4
-3763.9 6610.5 -21.4 360 0 61.1 10.3 10.0 2.5 2 0 4 1 1
-3488.8 6448.3 -39.1 270 0 11.6 33.8 15.0 0.0 0 1 6 4 4
-3760.4 7257.9 -45.8 0 0 57.9 14.6 10.0 2.5 2 0 4 5 5
-4771.4 6161.8 -21.0 58 0 11.5 32.6 15.0 0.0 0 1 6 4 4
-4804.4 6220.5 -24.4 240 0 8.0 28.5 7.5 2.5 2 1 3 2 2
-4156.3 7080.3 -36.2 52 0 6.5 35.7 7.5 2.5 2 1 3 1 1
-4577.8 6256.7 -25.2 90 0 8.3 30.3 7.5 0.0 0 1 3 5 5
-3800.2 6723.8 -20.4 90 0 10.4 45.3 10.0 2.5 2 1 4 5 5
-3179.6 6691.3 -53.9 358 0 10.2 65.1 7.5 2.5 4 1 3 2 2
-3544.6 6913.5 -30.9 180 0 17.0 16.5 17.5 0.0 0 0 7 3 3
-5002.5 8894.7 -46.3 51 0 30.8 15.6 10.0 2.5 2 0 4 4 4
-3499.7 7001.4 -36.1 270 0 10.9 55.5 12.5 2.5 2 1 5 4 4
-4190.8 6239.5 -22.6 90 0 63.0 13.0 10.0 2.5 2 0 4 0 0
-3683.1 6473.5 -28.1 90 0 11.2 78.6 10.0 2.5 2 1 4 1 1
-3719.1 6449.0 -26.9 271 0 8.4 25.3 5.0 2.5 4 1 2 3 3
-2285.7 8650.7 -67.8 270 0 15.6 16.9 7.5 2.5 4 1 3 3 3
-4005.9 6720.1 -24.0 58 0 14.6 55.1 10.0 2.5 2 1 4 1 1
-4643.8 6257.6 -28.3 90 0 7.3 44.5 7.5 0.0 0 1 3 0 0
-3877.8 6606.9 -16.3 179 0 59.8 9.8 7.5 2.5 2 0 3 0 0
-3640.0 6627.6 -26.8 0 0 32.7 11.6 10.0 2.5 2 0 4 1 1
-3647.2 6666.2 -25.5 89 0 12.0 48.4 10.0 2.5 4 1 4 4 4
-3565.5 6449.1 -35.3 270 0 11.1 34.4 12.5 2.5 2 1 5 4 4
-4136.0 6123.9 -29.1 360 0 53.4 14.8 12.5 2.5 2 0 5 5 5
-3318.3 6835.4 -42.5 269 0 12.3 37.3 12.5 2.5 2 1 5 3 3
-3977.4 6315.4 -17.5 180 0 62.4 11.0 15.0 2.5 4 0 6 1 1
-5025.6 8902.6 -46.7 50 0 119.8 15.7 15.0 0.0 0 0 6 4 4
-3647.5 6863.7 -27.1 269 0 12.3 76.2 12.5 2.5 2 1 5 0 0
-3875.4 6946.2 -37.5 180 0 48.7 11.1 7.5 2.5 2 0 3 1 1
-5117.7 8319.1 -34.5 231 0 11.4 4.8 7.5 2.5 2 0 3 3 3
-3926.5 7020.1 -34.7 272 0 11.2 32.7 7.5 2.5 2 1 3 4 4
-3771.3 7032.3 -39.1 91 0 11.7 54.4 12.5 0.0 0 1 5 4 4
-5029.4 8231.4 -36.5 134 0 29.9 36.5 5.0 0.0 0 1 2 0 0
-3973.1 6418.5 -14.5 270 0 10.7 62.6 10.0 2.5 2 1 4 4 4
-3906.0 6318.6 -17.0 360 0 58.8 9.7 7.5 2.5 2 0 3 4 4
-4240.7 9361.9 -44.2 270 0 17.8 24.6 7.5 2.5 2 1 3 0 0
-3408.1 6820.7 -33.9 1 0 33.2 12.2 17.5 0.0 0 0 7 0 0
-1810.9 8656.3 -70.6 185 0 48.1 14.2 10.0 2.5 2 0 4 3 3
-4862.9 6654.0 -33.0 8 0 24.5 23.6 5.0 2.5 2 0 2 5 5
-4858.7 6685.9 -33.4 8 0 27.5 15.4 7.5 2.5 2 0 3 1 1
-3844.0 7039.9 -36.0 90 0 10.3 47.1 10.0 2.5 2 1 4 4 4
-2813.5 8098.8 -56.9 270 0 12.1 64.8 12.5 2.5 2 1 5 4 4
-3577.1 6475.2 -33.3 90 0 12.0 81.2 10.0 2.5 4 1 4 0 0
-3837.2 6728.7 -21.1 90 0 10.2 41.5 10.0 2.5 2 1 4 5 5
-3804.7 6546.1 -20.4 91 0 9.4 61.7 7.5 2.5 2 1 3 5 5
-3787.5 6971.0 -38.0 270 0 12.1 53.7 10.0 2.5 2 1 4 3 3
-3603.1 6448.7 -33.4 270 0 11.4 33.8 10.0 0.0 0 1 4 4 4
-3527.0 6448.7 -37.3 270 0 11.8 34.4 10.0 2.5 4 1 4 3 3
-3753.2 7423.9 -47.9 1 0 49.2 12.9 10.0 2.5 2 0 4 2 2
-3823.2 6967.0 -38.1 270 0 12.0 47.9 12.5 2.5 2 1 5 0 0
-3913.7 6138.6 -30.4 270 0 11.1 64.1 12.5 2.5 4 1 5 5 5
-4036.0 7960.3 -52.2 180 0 78.7 62.1 10.0 0.0 0 0 4 4 4
-4432.5 6216.4 -22.3 270 0 9.7 49.4 7.5 2.5 2 1 3 3 3
-3757.8 6746.6 -19.8 360 0 45.2 11.1 10.0 2.5 4 0 4 1 1
-4062.6 6895.5 -34.4 274 0 61.8 12.8 10.0 0.0 0 0 4 3 3
-1889.9 8591.8 -70.1 5 0 38.4 14.0 10.0 2.5 2 0 4 3 3
-4402.5 6217.0 -23.3 270 0 9.1 31.9 7.5 2.5 2 1 3 2 2
-3878.0 6749.3 -21.7 179 0 42.4 9.9 7.5 2.5 2 0 3 4 4
-3912.1 6616.1 -15.0 270 0 10.9 62.4 10.0 0.0 0 1 4 5 5
-3770.4 7141.7 -39.6 271 0 11.5 40.0 10.0 2.5 2 1 4 5 5
-3491.8 6914.3 -30.5 0 0 17.4 16.1 10.0 0.0 0 0 4 4 4
-4128.6 6326.6 -20.3 270 0 10.7 63.2 10.0 2.5 2 1 4 0 0
-4092.2 6245.5 -21.8 1 0 11.4 55.2 12.5 2.5 2 1 5 3 3
-3906.1 6390.4 -14.8 0 0 57.1 10.2 10.0 0.0 0 0 4 1 1
-3957.0 6777.8 -27.8 58 0 12.5 44.9 12.5 2.5 2 1 5 2 2
-2311.2 8706.4 -68.7 273 0 11.8 56.6 10.0 2.5 2 1 4 3 3
-3979.2 6751.9 -25.8 59 0 11.3 45.7 15.0 0.0 0 1 6 1 1
-2892.3 8005.0 -57.1 90 0 11.2 81.0 10.0 2.5 2 1 4 0 0
-4028.7 6594.5 -9.3 180 0 42.7 9.0 7.5 2.5 2 0 3 2 2
-3822.1 6869.7 -30.6 270 0 38.3 10.2 10.0 2.5 2 0 4 4 4
-3612.9 6813.6 -24.6 270 0 11.3 33.5 10.0 0.0 0 1 4 4 4
-3761.9 7195.7 -42.8 0 0 44.1 10.6 10.0 2.5 2 0 4 3 3
-3838.0 7011.3 -37.8 0 0 39.5 11.6 15.0 0.0 0 0 6 2 2
-3963.3 7071.0 -33.3 271 0 11.4 80.3 12.5 2.5 2 1 5 1 1
-3807.3 7031.5 -37.7 90 0 10.9 54.3 12.5 2.5 2 1 5 0 0
-4488.9 6216.6 -20.5 270 0 9.6 31.6 7.5 2.5 2 1 3 5 5
-3274.7 6864.5 -46.6 268 0 12.8 66.1 10.0 2.5 2 1 4 5 5
-3970.0 6615.8 -11.9 269 0 8.5 57.3 7.5 2.5 2 1 3 0 0
-3843.0 7141.8 -36.9 270 0 11.1 44.3 10.0 2.5 2 1 4 4 4
-4611.9 6235.8 -21.1 269 0 9.4 49.2 7.5 2.5 2 1 3 4 4
-3942.4 6419.2 -14.5 270 0 10.8 62.0 12.5 2.5 2 1 5 0 0
-3641.6 6448.4 -31.6 270 0 11.9 33.8 15.0 0.0 0 1 6 4 4
-4167.0 6326.5 -20.6 270 0 10.1 62.0 10.0 2.5 2 1 4 0 0
-3229.9 6703.9 -51.8 88 0 11.9 88.2 12.5 2.5 2 1 5 3 3
-3764.2 6678.0 -19.9 360 0 61.2 10.3 12.5 2.5 2 0 5 5 5
-3758.3 7341.2 -47.4 0 0 75.9 11.0 12.5 2.5 2 0 5 1 1
-4978.3 8417.7 -36.2 222 0 5.9 19.2 5.0 2.5 2 1 2 5 5
-4608.6 6257.3 -27.4 90 0 8.0 44.6 7.5 2.5 4 1 3 2 2
-4856.3 6755.6 -33.3 278 0 15.4 44.2 15.0 0.0 0 1 6 3 3
-3408.7 6699.0 -36.7 0 0 34.2 10.8 10.0 2.5 2 0 4 2 2
-4546.6 6216.6 -18.7 270 0 9.6 31.5 7.5 2.5 2 1 3 0 0
-3836.3 6850.7 -28.8 270 0 11.2 60.3 17.5 0.0 0 1 7 1 1
-3848.1 7166.0 -40.5 90 0 12.8 53.2 10.0 2.5 4 1 4 3 3
-2830.3 8693.8 -66.1 90 0 13.6 45.2 10.0 2.5 2 1 4 5 5
-3459.2 7001.3 -33.3 270 0 10.9 55.0 12.5 2.5 2 1 5 4 4
-3647.1 6473.9 -29.9 90 0 11.7 81.6 12.5 2.5 2 1 5 2 2
-4110.2 7093.3 -32.9 353 0 6.4 36.9 5.0 2.5 2 1 2 2 2
-3612.0 6475.9 -31.6 90 0 11.8 80.6 10.0 2.5 2 1 4 4 4
-1917.0 8574.8 -69.9 96 0 13.9 38.5 10.0 2.5 2 1 4 3 3
-4673.8 6257.4 -29.1 90 0 10.4 45.0 12.5 2.5 2 1 5 4 4
-3877.6 6312.2 -17.1 180 0 48.3 10.8 10.0 2.5 2 0 4 2 2
-4549.7 6616.5 -36.1 279 0 14.2 20.9 7.5 2.5 2 1 3 4 4
-3878.2 6820.4 -29.3 180 0 60.4 10.9 7.5 2.5 2 0 3 2 2
-3980.9 6137.6 -31.0 270 0 10.3 62.7 12.5 2.5 2 1 5 5 5
-3945.4 6138.4 -30.6 270 0 10.7 63.6 12.5 2.5 2 1 5 3 3
-3684.1 6863.5 -27.6 270 0 12.2 71.9 10.0 2.5 2 1 4 1 1
-3724.4 6828.1 -28.1 179 0 70.5 12.2 10.0 2.5 2 0 4 3 3
-4461.3 6217.3 -21.4 269 0 8.7 44.6 7.5 2.5 2 1 3 4 4
-3992.5 6889.7 -34.2 274 0 61.9 11.8 10.0 2.5 2 0 4 4 4
-3833.1 6438.0 -20.1 269 0 15.1 60.3 12.5 2.5 2 1 5 3 3
-3943.1 6616.2 -13.3 270 0 8.6 58.9 7.5 2.5 2 1 3 1 1
-3682.5 6448.2 -29.2 271 0 11.5 33.6 10.0 2.5 2 1 4 2 2
-3805.9 7141.6 -38.3 270 0 10.6 39.8 12.5 2.5 2 1 5 4 4
-3800.0 6850.6 -28.2 270 0 10.7 60.6 12.5 2.5 2 1 5 4 4
-4644.9 6235.9 -21.9 270 0 8.9 51.3 7.5 2.5 2 1 3 3 3
-4083.0 6294.2 -20.0 0 0 64.5 11.0 12.5 2.5 2 0 5 2 2
-3880.2 6869.1 -31.9 180 0 16.7 28.2 12.5 2.5 2 1 5 2 2
-3539.4 7000.9 -36.9 270 0 11.7 55.0 10.0 2.5 2 1 4 4 4
-3717.6 6473.8 -26.4 89 0 10.5 78.7 10.0 2.5 2 1 4 2 2
-2853.8 8086.6 -56.9 270 0 11.4 64.4 7.5 2.5 2 1 3 5 5
-3270.7 6704.0 -48.2 89 0 10.9 86.2 15.0 2.5 2 1 6 3 3
-4700.7 6233.0 -23.1 238 0 12.2 31.8 10.0 2.5 2 1 4 5 5
-3689.3 6678.0 -23.9 180 0 45.8 10.9 12.5 2.5 2 0 5 1 1
-3408.5 6763.1 -35.6 360 0 64.5 11.3 10.0 2.5 2 0 4 5 5
-4738.2 6233.6 -24.0 238 0 8.7 58.0 7.5 2.5 2 1 3 0 0
-4774.3 6232.1 -24.8 239 0 8.7 59.0 7.5 2.5 4 1 3 5 5
-5357.9 8494.4 -33.6 312 0 6.0 9.5 5.0 0.0 0 1 2 1 1
-3716.3 7772.6 -54.5 270 0 13.5 44.2 10.0 2.5 2 1 4 3 3
-4979.1 8745.5 -40.9 0 0 35.7 8.2 7.5 0.0 0 0 3 5 5
-3669.4 7216.9 -43.8 270 0 13.9 89.8 10.0 2.5 2 1 4 1 1
-4832.1 8251.7 -38.9 90 0 8.4 11.3 7.5 2.5 2 1 3 0 0
-5581.4 8618.5 -42.6 136 0 13.6 40.7 7.5 2.5 2 1 3 1 1
-4869.0 8256.4 -38.6 180 0 11.7 23.8 10.0 2.5 2 1 4 4 4
-3624.4 7216.8 -43.6 270 0 14.5 90.3 12.5 2.5 2 1 5 3 3
-4120.8 6198.8 -25.1 270 0 58.5 10.7 10.0 2.5 2 0 4 2 2
-5603.0 8639.0 -42.2 136 0 39.2 13.9 12.5 2.5 2 0 5 4 4
-2349.4 8714.6 -68.8 273 0 11.6 58.0 10.0 2.5 4 1 4 4 4
-4699.6 5581.0 -8.3 105 0 12.8 28.4 12.5 2.5 4 1 5 5 5
-2378.6 8591.3 -67.7 92 0 13.7 53.7 7.5 2.5 2 1 3 5 5
-3620.4 6998.2 -37.8 270 0 16.0 17.6 12.5 2.5 2 1 5 5 5
-2625.3 7953.1 -54.4 120 0 7.1 54.0 5.0 2.5 2 1 2 0 0
-2770.7 8715.6 -66.8 38 0 5.7 24.3 2.5 2.5 2 1 1 1 1
-3609.8 7301.3 -41.2 270 0 14.1 59.0 17.5 2.5 2 1 7 3 3
-4281.3 9107.3 -41.8 360 0 26.4 96.5 15.0 0.0 0 1 6 5 5
-4454.9 6114.8 -15.4 360 0 62.0 10.3 12.5 2.5 2 0 5 0 0
-3843.0 6636.5 -17.9 269 0 11.4 60.0 10.0 2.5 2 1 4 0 0
-5085.9 8278.7 -35.4 225 0 9.1 24.3 5.0 2.5 2 1 2 1 1
-2616.4 7948.2 -54.3 120 0 6.4 53.9 7.5 2.5 2 1 3 3 3
-4033.3 6865.3 -33.2 270 0 8.4 45.1 7.5 0.0 0 1 3 4 4
-4456.4 7535.4 -44.7 90 0 17.1 48.3 12.5 2.5 2 1 5 3 3
-3693.8 6999.4 -38.9 270 0 16.3 17.4 10.0 0.0 0 1 4 0 0
-2634.2 7958.6 -54.6 120 0 7.0 54.2 7.5 2.5 2 1 3 0 0
-3650.5 7314.4 -42.8 86 0 12.9 40.1 10.0 0.0 0 1 4 2 2
-4076.7 6740.1 -24.1 148 0 30.5 11.6 10.0 2.5 2 0 4 1 1
-3543.6 8214.2 -59.9 15 0 66.0 20.9 12.5 2.5 2 0 5 2 2
-4050.8 6865.4 -33.5 269 0 11.7 45.1 12.5 2.5 2 1 5 0 0
-2340.0 8593.3 -67.4 92 0 11.8 32.9 7.5 2.5 2 1 3 4 4
-5018.1 6255.4 -27.8 202 0 62.2 11.4 12.5 2.5 2 0 5 0 0
-3575.8 6934.2 -34.8 360 0 64.2 10.0 7.5 2.5 2 0 3 5 5
-4684.0 5641.0 -9.2 285 0 11.9 23.2 12.5 2.5 2 1 5 3 3
-3706.1 7104.0 -41.3 270 0 20.5 56.7 10.0 2.5 4 1 4 3 3
-2431.3 8658.3 -68.6 92 0 12.1 42.6 7.5 2.5 2 1 3 4 4
-2776.5 8735.2 -66.9 37 0 9.1 8.7 7.5 2.5 2 0 3 5 5
-4806.9 8697.7 -37.0 90 0 19.0 47.7 10.0 2.5 2 1 4 4 4
-2580.0 7989.3 -54.2 300 0 7.2 53.6 7.5 2.5 2 1 3 2 2
-2115.1 8522.2 -67.9 90 0 14.3 44.6 10.0 2.5 2 1 4 5 5
-4871.4 8993.7 -44.5 50 0 30.6 10.9 7.5 2.5 2 0 3 4 4
-2597.9 7937.8 -53.9 120 0 6.5 45.0 7.5 2.5 2 1 3 0 0
-4085.1 6864.4 -33.6 270 0 11.1 44.1 10.0 2.5 4 1 4 1 1
-3619.3 6902.8 -35.3 89 0 11.1 63.5 10.0 2.5 2 1 4 5 5
-3666.8 7099.0 -42.2 270 0 14.8 80.0 15.0 2.5 2 1 6 3 3
-4736.4 8704.4 -37.9 0 0 54.3 36.9 5.0 0.0 0 0 2 3 3
-3655.8 7300.1 -43.0 270 0 13.8 57.1 12.5 2.5 4 1 5 0 0
-3583.1 6998.5 -37.3 270 0 16.6 17.8 12.5 2.5 2 1 5 1 1
-3565.0 7305.3 -39.3 270 0 13.1 57.7 10.0 2.5 2 1 4 5 5
-5198.2 5625.1 -7.4 184 0 29.3 14.2 10.0 2.5 2 0 4 4 4
-3658.9 6902.8 -35.8 90 0 10.2 64.2 10.0 2.5 2 1 4 2 2
-5188.0 5558.0 -5.3 98 0 27.3 18.8 10.0 2.5 2 0 4 1 1
-2390.3 8721.2 -68.9 272 0 13.1 61.6 10.0 2.5 2 1 4 0 0
-3657.1 6998.1 -38.3 270 0 16.0 16.6 12.5 2.5 2 1 5 4 4
-5054.1 7928.8 -37.8 179 0 10.6 51.1 12.5 2.5 2 1 5 4 4
-3630.4 7243.4 -41.8 90 0 12.9 22.6 7.5 2.5 2 1 3 4 4
-5219.4 5548.1 -6.8 95 0 26.7 11.3 10.0 0.0 0 0 4 5 5
-6657.6 9256.8 -28.2 326 0 14.9 35.2 12.5 2.5 2 1 5 1 1
-6884.3 7313.0 1.3 185 0 71.3 72.7 12.5 0.0 0 1 5 4 4
-6738.9 9234.7 -31.5 235 0 31.3 37.6 7.5 0.0 0 1 3 1 1
-6303.7 6233.5 -0.1 84 0 34.6 110.3 15.0 0.0 0 1 6 5 5
-6126.5 6629.0 -15.2 304 0 24.9 8.4 7.5 2.5 2 0 3 0 0
-6715.5 7623.0 1.1 68 0 19.4 61.7 10.0 2.5 2 1 4 2 2
-5097.2 7564.7 -28.5 270 0 43.3 47.9 12.5 0.0 0 1 5 1 1
-6319.8 6419.7 0.6 219 0 7.3 47.3 7.5 2.5 2 1 3 5 5
-6477.1 6468.6 -1.3 155 0 60.5 19.3 12.5 2.5 2 0 5 0 0
-6444.2 6626.8 -2.7 348 0 68.2 11.1 7.5 0.0 0 0 3 1 1
-6661.4 7430.5 -2.8 275 0 47.7 71.9 12.5 0.0 0 1 5 0 0
-6732.7 7435.0 -2.0 274 0 48.1 72.0 10.0 0.0 0 1 4 2 2
-6479.1 6824.2 -4.5 355 0 103.0 16.2 12.5 0.0 0 0 5 3 3
-6859.2 7238.1 1.8 186 0 9.5 43.1 7.5 0.0 0 1 3 2 2
-6529.9 6599.5 -0.3 79 0 11.4 64.7 10.0 2.5 2 1 4 5 5
-6456.2 9392.0 -32.3 271 0 36.1 74.3 12.5 0.0 0 1 5 3 3
-6697.2 7316.6 -1.5 95 0 102.7 15.8 17.5 0.0 0 0 7 3 3
-6091.9 6649.2 -15.8 304 0 26.6 28.0 12.5 0.0 0 1 5 4 4
-6478.7 6568.5 -1.5 349 0 64.2 38.0 15.0 0.0 0 0 6 1 1
-6491.8 6622.5 -1.5 348 0 37.0 13.8 7.5 2.5 2 0 3 4 4
-6561.1 9243.1 -19.6 273 0 40.9 82.1 12.5 0.0 0 1 5 0 0
-6661.6 7669.7 -1.0 67 0 12.8 39.5 10.0 2.5 2 1 4 5 5
-6663.0 7656.2 -1.1 337 0 11.3 18.2 5.0 2.5 2 1 2 5 5
-5688.3 7211.6 -13.0 90 0 14.7 48.6 7.5 2.5 2 1 3 0 0
-6756.4 7218.0 0.2 95 0 35.9 72.3 15.0 0.0 0 1 6 0 0
-6374.7 9136.9 -22.8 90 0 36.3 136.3 10.0 0.0 0 1 4 4 4
-6762.6 7849.2 4.3 157 0 16.4 38.3 12.5 2.5 2 1 5 2 2
-6779.9 7837.2 5.8 247 0 13.5 55.2 10.0 2.5 2 1 4 5 5
-6554.1 8102.1 -9.4 67 0 21.9 101.8 12.5 0.0 0 1 5 4 4
-5041.7 7964.8 -37.3 180 0 25.2 13.0 5.0 2.5 2 0 2 4 4
-5028.7 7979.7 -37.6 180 0 15.3 27.4 7.5 2.5 2 0 3 2 2
