5839.4 2861.3 -3.7 180 0 60.9 10.8 14.0 3.5 2 0 4 3 3
5834.4 2937.4 -2.3 180 0 62.6 11.2 14.0 3.5 2 0 4 0 0
5833.2 3011.8 -2.0 180 0 62.4 12.4 14.0 3.5 2 0 4 4 4
5841.0 3072.1 -3.2 192 0 29.7 11.7 14.0 3.5 2 0 4 2 2
5853.8 3149.4 -3.2 283 0 11.7 44.8 14.0 0.0 0 1 4 5 5
5897.6 3141.5 -3.5 282 0 11.2 43.9 14.0 3.5 2 1 4 1 1
5943.4 3130.8 -3.9 283 0 12.1 45.5 14.0 3.5 2 1 4 0 0
5987.1 3123.1 -4.3 282 0 11.0 45.6 14.0 3.5 2 1 4 2 2
6030.9 3092.2 -4.6 10 0 47.0 12.2 14.0 3.5 2 0 4 2 2
5841.7 2659.4 -2.5 90 0 10.5 62.0 14.0 3.5 2 1 4 5 5
5872.4 2659.3 -2.7 89 0 10.4 62.4 14.0 3.5 2 1 4 3 3
5839.0 2774.0 -3.7 180 0 83.6 10.7 14.0 3.5 2 0 4 1 1
5880.1 2738.5 -3.9 90 0 9.0 76.8 10.5 0.0 0 1 3 1 1
5910.0 2773.6 -4.1 90 0 10.2 42.7 14.0 3.5 2 1 4 1 1
5892.2 2826.8 -4.0 91 0 11.7 62.2 14.0 3.5 2 1 4 4 4
5932.7 2827.5 -4.0 88 0 13.4 56.9 14.0 0.0 0 1 4 2 2
5977.9 2827.1 -4.0 99 0 13.3 52.2 14.0 3.5 2 1 4 4 4
6000.4 2931.1 -2.5 9 0 70.0 12.9 14.0 3.5 2 0 4 4 4
6017.5 3016.8 -4.2 11 0 69.1 14.8 14.0 3.5 2 0 4 2 2
5978.1 3021.3 -3.9 11 0 65.4 13.5 14.0 3.5 2 0 4 1 1
5946.2 3070.4 -4.0 281 0 13.5 64.1 14.0 3.5 2 1 4 2 2
5896.1 3035.6 -3.4 191 0 60.9 12.3 14.0 3.5 2 0 4 3 3
5881.3 2953.4 -2.1 191 0 60.8 13.1 14.0 3.5 2 0 4 2 2
5924.9 2932.7 -2.4 12 0 67.3 12.7 14.0 3.5 2 0 4 5 5
5965.0 2936.7 -2.3 10 0 65.8 12.1 14.0 3.5 2 0 4 2 2
5637.4 3358.3 -3.6 192 0 93.3 14.2 17.5 3.5 2 0 5 0 0
5658.5 3469.5 -4.1 191 0 97.7 14.5 17.5 3.5 2 0 5 3 3
5676.8 3571.2 -4.1 191 0 77.4 13.0 17.5 3.5 2 0 5 0 0
5693.8 3648.2 -3.9 193 0 58.9 15.8 17.5 3.5 2 0 5 1 1
5758.7 3694.8 -4.0 285 0 10.9 46.3 17.5 3.5 2 1 5 1 1
5808.6 3682.8 -4.0 283 0 12.6 47.8 17.5 3.5 2 1 5 5 5
5858.7 3637.0 -3.9 12 0 67.1 12.7 17.5 3.5 2 0 5 5 5
5809.9 3591.6 -4.0 11 0 32.0 12.3 17.5 3.5 2 0 5 5 5
5769.9 3624.9 -4.0 281 0 14.3 53.5 17.5 3.5 2 1 5 3 3
5726.3 3545.3 -4.1 191 0 46.6 12.1 17.5 3.5 2 0 5 4 4
5783.5 3528.5 -4.1 10 0 49.6 13.3 17.5 3.5 2 0 5 2 2
5838.5 3558.8 -4.1 282 0 12.2 65.8 17.5 3.5 2 1 5 0 0
5874.3 3489.1 -5.7 282 0 12.7 65.6 17.5 3.5 2 1 5 3 3
5860.1 3377.4 -5.5 11 0 72.1 12.7 17.5 3.5 2 0 5 0 0
5801.2 3320.3 -4.9 101 0 11.6 81.0 17.5 3.5 2 1 5 2 2
5828.8 3481.3 -5.2 281 0 10.2 71.6 17.5 3.5 2 1 5 4 4
5763.3 3282.8 -3.3 103 0 9.9 40.8 10.5 3.5 2 1 3 0 0
5727.2 3291.1 -3.3 101 0 10.9 43.6 17.5 3.5 2 1 5 3 3
5685.9 3296.5 -3.3 102 0 13.0 42.0 17.5 3.5 4 1 5 2 2
5675.4 3377.2 -3.8 193 0 53.5 11.5 17.5 3.5 2 0 5 5 5
5697.2 3466.3 -4.2 191 0 95.5 13.7 17.5 3.5 2 0 5 5 5
5738.5 3457.9 -4.6 190 0 82.4 11.3 17.5 3.5 2 0 5 5 5
5792.4 3490.5 -4.9 281 0 11.3 80.5 17.5 3.5 4 1 5 2 2
5736.9 3340.9 -4.4 102 0 10.7 66.7 17.5 3.5 2 1 5 4 4
5770.1 3333.5 -4.6 102 0 11.3 66.9 17.5 3.5 4 1 5 3 3
4408.5 2971.5 -3.3 99 0 12.7 122.8 17.5 0.0 0 1 5 5 5
4430.0 2899.4 -5.6 189 0 52.1 12.9 17.5 0.0 0 0 5 2 2
4493.6 2856.3 -4.5 98 0 13.5 58.2 17.5 3.5 4 1 5 0 0
4532.1 2851.1 -3.9 98 0 12.8 57.9 17.5 3.5 2 1 5 5 5
4571.0 2845.9 -3.3 98 0 12.3 58.5 17.5 3.5 2 1 5 1 1
4610.7 2840.0 -2.6 98 0 12.3 58.6 17.5 3.5 4 1 5 3 3
4649.2 2912.4 -2.3 98 0 11.9 67.1 17.5 3.5 2 1 5 0 0
4609.4 2910.6 -2.9 97 0 12.3 80.1 17.5 3.5 2 1 5 4 4
4570.4 2916.5 -3.5 98 0 13.3 79.4 17.5 3.5 2 1 5 4 4
4531.5 2921.8 -4.2 98 0 12.9 79.5 17.5 0.0 0 1 5 2 2
4495.3 2948.6 -4.9 97 0 14.0 58.1 17.5 3.5 2 1 5 4 4
4442.6 2937.4 -5.2 98 0 13.0 52.3 17.5 3.5 2 1 5 1 1
4450.5 3038.6 -2.8 189 0 69.9 13.1 17.5 0.0 0 0 5 5 5
4503.2 3050.2 -3.0 188 0 64.0 12.2 17.5 0.0 0 0 5 0 0
4542.4 3012.7 -2.7 98 0 11.5 63.3 17.5 3.5 2 1 5 5 5
4592.7 3037.6 -2.2 7 0 63.2 11.5 17.5 3.5 2 0 5 3 3
4646.9 3030.0 -1.6 7 0 63.9 11.8 17.5 3.5 2 0 5 5 5
4683.6 3026.5 -1.1 7 0 63.9 11.0 17.5 0.0 0 0 5 2 2
4845.6 3352.4 2.8 285 0 12.1 123.8 17.5 3.5 2 1 5 5 5
4791.6 3328.4 3.3 284 0 11.7 88.7 17.5 3.5 2 1 5 3 3
4740.7 3182.2 3.3 98 0 11.5 70.3 17.5 3.5 2 1 5 0 0
4714.0 3271.3 3.6 278 0 12.1 85.9 17.5 3.5 2 1 5 1 1
4674.6 3271.9 4.0 278 0 11.8 80.8 17.5 3.5 2 1 5 0 0
4700.8 3136.5 2.2 9 0 69.3 11.0 17.5 3.5 2 0 5 0 0
4663.0 3142.7 1.7 8 0 69.9 11.7 17.5 3.5 2 0 5 2 2
4569.2 3190.2 0.6 278 0 12.7 70.1 17.5 3.5 2 1 5 3 3
4609.2 3185.6 1.1 277 0 12.7 70.6 17.5 3.5 2 1 5 0 0
4619.7 3267.7 3.6 278 0 12.3 69.0 17.5 3.5 4 1 5 0 0
4579.7 3264.5 3.1 278 0 11.5 60.9 17.5 3.5 2 1 5 1 1
4540.5 3265.4 2.7 277 0 11.3 55.4 17.5 3.5 2 1 5 4 4
4493.2 3274.9 3.2 277 0 12.2 59.6 17.5 3.5 2 1 5 1 1
4441.0 3282.8 4.0 278 0 12.4 59.3 17.5 3.5 4 1 5 3 3
4421.0 3181.9 1.9 187 0 58.8 12.7 17.5 3.5 2 0 5 3 3
4473.7 3174.5 1.2 189 0 58.5 12.6 17.5 3.5 2 0 5 2 2
4531.9 3195.6 0.3 277 0 13.1 69.8 17.5 3.5 2 1 5 5 5
5561.6 1400.2 -1.7 100 0 12.6 84.2 14.0 3.5 2 1 4 5 5
5593.9 1395.6 -2.0 100 0 11.6 82.3 14.0 3.5 2 1 4 5 5
5626.9 1391.0 -2.3 100 0 12.9 84.1 14.0 0.0 0 1 4 4 4
5657.8 1385.3 -2.5 101 0 11.2 86.3 14.0 3.5 2 1 4 3 3
5690.4 1378.7 -2.5 101 0 11.6 90.5 14.0 0.0 0 1 4 4 4
5722.6 1372.6 -2.2 100 0 12.2 91.7 14.0 3.5 2 1 4 5 5
5830.4 1400.3 -1.4 11 0 95.3 12.7 14.0 3.5 2 0 4 5 5
5800.6 1454.7 -1.6 280 0 13.1 93.6 14.0 0.0 0 1 4 1 1
5752.6 1367.4 -1.9 101 0 12.1 93.6 14.0 3.5 2 1 4 3 3
6280.9 1471.3 -1.5 96 0 11.3 24.6 7.5 0.0 0 1 3 5 5
5724.2 696.9 -2.4 101 0 13.9 93.7 17.5 0.0 0 1 5 0 0
6845.3 661.8 -4.3 187 0 136.4 11.8 17.5 0.0 0 0 5 3 3
6087.3 1468.1 -1.9 189 0 43.1 13.6 14.0 3.5 2 0 4 4 4
5803.1 1669.2 0.9 90 0 13.4 75.4 17.5 3.5 2 1 5 3 3
6589.8 629.4 -1.1 97 0 48.3 136.7 17.5 0.0 0 1 5 2 2
6546.0 232.7 -0.4 91 0 16.0 95.3 17.5 3.5 2 1 5 0 0
5881.3 2566.0 -0.8 278 0 12.8 61.5 10.0 2.5 2 1 4 5 5
6693.7 664.5 -2.8 98 0 120.3 38.2 17.5 0.0 0 0 5 2 2
6802.4 506.8 -3.7 9 0 117.3 26.1 17.5 0.0 0 0 5 1 1
6211.4 298.6 1.9 99 0 92.6 238.5 17.5 0.0 0 1 5 3 3
6309.9 633.4 1.5 9 0 162.9 90.3 17.5 0.0 0 0 5 3 3
6853.3 934.5 -4.6 98 0 97.0 299.7 14.0 0.0 0 1 4 1 1
5505.8 1516.6 -1.0 98 0 15.9 99.4 14.0 0.0 0 1 4 2 2
6054.2 1151.9 -0.8 98 0 12.2 45.2 14.0 3.5 2 1 4 0 0
4645.7 -1121.8 -5.7 186 0 63.6 13.6 10.0 2.5 2 0 4 5 5
6213.9 196.8 2.0 98 0 12.5 73.4 17.5 0.0 0 1 5 2 2
6102.7 314.7 -0.9 99 0 91.3 241.2 17.5 0.0 0 1 5 4 4
6825.3 665.9 -3.9 7 0 138.9 56.2 17.5 0.0 0 0 5 5 5
4724.1 -1155.1 -6.3 95 0 13.6 64.3 7.5 2.5 2 1 3 2 2
6149.1 204.6 1.5 98 0 12.7 75.6 17.5 3.5 2 1 5 0 0
5938.4 1242.3 -1.5 188 0 95.8 12.0 14.0 3.5 2 0 4 3 3
6267.6 3654.8 -6.3 284 0 50.5 13.8 10.0 2.5 2 0 4 2 2
-1446.4 -2402.8 -0.7 292 0 11.1 20.6 10.0 2.5 2 1 4 1 1
5440.7 1854.9 -1.0 275 0 15.5 43.6 17.5 3.5 2 1 5 0 0
5940.7 1111.9 -2.1 95 0 12.8 63.0 14.0 3.5 2 1 4 3 3
6786.3 391.8 -4.3 278 0 139.4 13.2 17.5 0.0 0 0 5 0 0
6761.6 571.5 -3.2 279 0 27.4 166.4 17.5 0.0 0 1 5 5 5
5582.0 1541.8 -1.4 277 0 16.5 52.3 14.0 3.5 2 1 4 1 1
5913.9 2561.0 -1.2 279 0 11.9 62.2 7.5 2.5 2 1 3 5 5
6705.8 751.9 -2.9 277 0 120.0 36.8 17.5 0.0 0 0 5 5 5
5543.6 1847.0 -0.5 274 0 19.8 65.8 17.5 3.5 2 1 5 4 4
5552.3 1592.2 -1.2 278 0 15.4 80.3 14.0 3.5 2 1 4 0 0
6212.5 1172.4 -0.5 7 0 23.0 31.4 14.0 0.0 0 1 4 0 0
6356.3 395.8 2.2 10 0 237.7 64.3 17.5 0.0 0 0 5 2 2
4686.3 -1154.9 -6.0 96 0 13.2 65.4 7.5 2.5 4 1 3 1 1
6261.9 924.1 0.4 279 0 187.2 46.0 17.5 0.0 0 0 5 1 1
6181.6 200.9 1.6 98 0 12.7 74.1 17.5 3.5 2 1 5 4 4
5862.8 2441.6 -1.1 99 0 12.8 57.4 7.5 2.5 2 1 3 1 1
6687.3 615.2 -2.8 97 0 119.5 37.0 17.5 0.0 0 0 5 0 0
6190.7 863.0 -2.8 279 0 91.2 272.2 17.5 0.0 0 1 5 4 4
6142.6 1331.2 -1.3 278 0 79.9 290.3 14.0 0.0 0 1 4 1 1
5904.7 1245.7 -2.4 187 0 95.3 12.9 14.0 3.5 2 0 4 4 4
5962.7 1239.1 -1.4 187 0 96.2 24.5 14.0 0.0 0 0 4 1 1
6461.1 1376.8 -0.7 278 0 89.8 380.9 14.0 0.0 0 1 4 1 1
6246.7 194.2 1.8 98 0 12.5 71.1 17.5 3.5 2 1 5 2 2
6076.5 879.1 -6.3 279 0 107.9 121.1 17.5 0.0 0 1 5 1 1
6010.1 1099.0 -0.8 97 0 13.1 66.1 14.0 3.5 2 1 4 4 4
6026.2 1181.7 -1.0 96 0 16.0 25.4 14.0 3.5 2 1 4 0 0
5396.9 1761.4 -0.5 186 0 81.0 51.3 17.5 0.0 0 0 5 2 2
6403.4 681.8 1.4 9 0 289.4 64.4 17.5 0.0 0 0 5 1 1
5780.9 1213.3 -4.8 189 0 61.0 12.3 14.0 3.5 2 0 4 1 1
5576.4 1301.2 -1.9 101 0 12.1 80.3 14.0 3.5 2 1 4 4 4
6037.2 1384.9 -1.7 274 0 24.2 69.7 14.0 0.0 0 1 4 2 2
6277.5 1270.2 -1.0 8 0 81.0 81.5 14.0 0.0 0 1 4 1 1
6311.0 187.0 1.8 99 0 12.6 68.3 17.5 3.5 2 1 5 0 0
5864.3 1055.5 -6.4 100 0 14.5 66.0 14.0 3.5 2 1 4 5 5
6634.5 590.9 -2.6 278 0 217.3 167.3 17.5 0.0 0 0 5 0 0
6065.9 1277.4 -1.2 278 0 12.3 71.4 14.0 3.5 2 1 4 1 1
6290.4 -90.8 -0.9 1 0 89.6 24.1 10.0 0.0 0 0 4 0 0
6828.1 527.2 -4.1 190 0 72.3 10.6 17.5 3.5 2 0 5 2 2
5489.4 1848.3 -0.7 274 0 19.1 70.3 17.5 3.5 2 1 5 1 1
-1464.3 -2447.7 -0.6 112 0 11.1 20.6 7.5 2.5 2 1 3 4 4
6528.6 411.9 -2.3 186 0 7.6 185.3 10.5 3.5 2 1 3 2 2
4761.2 -1156.4 -6.6 97 0 13.9 63.9 7.5 2.5 2 1 3 0 0
6298.3 846.4 1.0 279 0 91.9 120.2 17.5 0.0 0 1 5 1 1
6674.7 1265.3 -2.0 278 0 96.2 300.1 17.5 0.0 0 1 5 2 2
6278.1 189.6 1.7 99 0 12.6 70.9 17.5 3.5 2 1 5 0 0
5906.9 2467.7 -1.5 9 0 48.2 13.0 10.0 2.5 2 0 4 1 1
5768.1 1083.5 -4.8 99 0 13.2 92.4 14.0 3.5 2 1 4 5 5
5907.5 1117.9 -4.4 96 0 15.2 62.8 14.0 3.5 2 1 4 3 3
6077.1 1357.8 -1.5 278 0 12.5 71.7 14.0 3.5 2 1 4 4 4
6354.4 214.6 1.9 9 0 68.5 12.2 17.5 3.5 2 0 5 0 0
5974.7 1105.4 -0.9 97 0 13.5 64.6 14.0 3.5 2 1 4 5 5
2451.2 1282.1 -4.6 283 0 49.0 97.0 17.5 0.0 0 1 5 0 0
4151.8 2781.3 3.1 98 0 14.1 73.0 7.5 2.5 2 1 3 3 3
2863.1 1016.8 -4.9 16 0 52.1 13.7 12.5 2.5 2 0 5 3 3
5837.5 1585.4 -3.0 274 0 12.4 71.4 14.0 3.5 4 1 4 2 2
2390.6 1296.6 -5.3 283 0 49.0 97.0 17.5 0.0 0 1 5 4 4
5947.3 3321.9 -5.9 100 0 25.8 102.1 14.0 0.0 0 1 4 4 4
2396.0 1314.0 -3.5 103 0 49.0 97.0 17.5 0.0 0 1 5 0 0
4114.4 2782.5 2.8 98 0 14.1 76.6 7.5 2.5 2 1 3 3 3
2456.3 1299.9 -2.8 103 0 49.0 97.0 17.5 0.0 0 1 5 4 4
2335.7 1329.1 -4.2 103 0 49.0 97.0 17.5 0.0 0 1 5 1 1
5943.8 3304.3 -4.0 279 0 26.5 103.6 14.0 0.0 0 1 4 4 4
2511.7 1267.5 -4.4 283 0 49.0 97.0 17.5 0.0 0 1 5 0 0
-1628.6 -1843.0 0.1 291 0 17.7 63.1 7.5 2.5 2 1 3 5 5
5985.4 3953.4 -8.9 283 0 48.9 96.8 7.5 0.0 0 1 3 5 5
6052.3 3477.0 -5.2 191 0 100.2 26.4 14.0 0.0 0 0 4 4 4
-1424.4 -2410.8 -0.6 292 0 11.1 20.6 5.0 2.5 2 1 2 2 2
3904.2 1242.0 2.9 116 0 14.9 70.0 15.0 0.0 0 1 6 3 3
5238.9 2994.3 -0.4 272 0 14.0 91.9 10.0 2.5 2 1 4 5 5
2357.3 124.7 1.6 290 0 13.7 60.0 10.0 2.5 4 1 4 0 0
5776.3 1276.8 -3.7 99 0 10.9 68.0 14.0 3.5 2 1 4 0 0
5760.0 303.4 -3.2 189 0 79.5 15.8 17.5 3.5 2 0 5 3 3
4221.9 859.8 0.7 301 0 22.7 59.1 12.5 2.5 2 1 5 3 3
6097.0 3824.9 -10.6 102 0 48.3 101.0 10.0 0.0 0 1 4 3 3
5985.8 3367.3 -6.0 190 0 103.6 26.5 14.0 0.0 0 0 4 5 5
5968.4 3440.0 -5.0 101 0 26.3 100.7 14.0 0.0 0 1 4 0 0
1596.3 1469.4 -1.8 11 0 53.3 31.4 12.5 0.0 0 0 5 3 3
6031.3 3289.3 -4.3 279 0 26.7 103.1 14.0 0.0 0 1 4 5 5
5737.5 141.9 -2.6 187 0 114.7 120.4 17.5 0.0 0 1 5 3 3
5843.0 289.7 -2.0 9 0 80.4 21.1 17.5 0.0 0 0 5 0 0
1208.4 1665.7 0.5 195 0 137.4 88.9 14.0 0.0 0 0 4 0 0
5341.8 2787.4 -1.1 266 0 8.9 90.1 7.5 0.0 0 1 3 2 2
5838.8 1744.4 0.9 271 0 16.1 73.0 17.5 3.5 2 1 5 4 4
5704.7 1525.5 -0.5 279 0 15.4 52.7 14.0 3.5 4 1 4 1 1
1177.9 1639.5 0.2 16 0 69.3 21.1 14.0 3.5 2 0 4 0 0
5786.2 1510.3 -0.1 276 0 12.3 48.4 14.0 3.5 2 1 4 1 1
1950.0 1870.1 1.6 295 0 70.7 15.9 10.0 2.5 2 0 4 2 2
2401.6 1896.4 1.5 296 0 24.9 19.4 10.0 2.5 2 0 4 4 4
4905.9 16.7 -0.1 278 0 10.6 84.1 10.0 2.5 2 1 4 5 5
5623.0 1534.2 -1.0 278 0 16.5 51.3 14.0 3.5 2 1 4 4 4
5486.8 2344.8 -0.5 275 0 12.4 55.2 17.5 3.5 2 1 5 4 4
1059.5 1704.4 -1.5 14 0 139.1 84.7 14.0 0.0 0 0 4 5 5
2186.9 1859.7 0.8 295 0 88.3 18.5 10.0 0.0 0 0 4 2 2
2518.9 1936.7 0.8 2 0 50.9 11.7 10.0 2.5 2 0 4 3 3
-1686.9 -1880.7 0.2 111 0 10.6 57.4 12.5 0.0 0 1 5 4 4
4967.1 -77.2 -0.7 98 0 10.1 83.9 7.5 2.5 2 1 3 4 4
5561.6 212.8 -2.1 12 0 49.4 15.1 10.0 2.5 2 0 4 2 2
3872.1 1257.4 2.9 116 0 14.1 63.4 7.5 0.0 0 1 3 3 3
5817.2 1290.7 -3.7 7 0 55.7 13.4 14.0 3.5 2 0 4 4 4
5452.5 1274.4 -0.8 11 0 89.5 12.3 10.0 2.5 2 0 4 4 4
5728.2 1667.0 1.1 278 0 35.5 14.1 17.5 3.5 2 0 5 3 3
6089.6 1400.9 -1.7 8 0 71.5 12.1 14.0 3.5 2 0 4 0 0
6032.6 3842.6 -10.0 102 0 50.6 97.7 10.0 0.0 0 1 4 5 5
5986.8 3297.1 -4.1 279 0 26.1 103.6 14.0 0.0 0 1 4 0 0
5664.2 1531.6 -0.6 279 0 13.9 53.4 14.0 3.5 2 1 4 5 5
5443.4 2294.2 0.1 95 0 14.1 50.6 17.5 3.5 2 1 5 5 5
3969.2 1298.0 3.0 296 0 14.6 72.1 10.0 2.5 2 1 4 4 4
2999.4 1912.9 2.1 4 0 72.4 13.7 10.0 2.5 2 0 4 5 5
5281.5 2947.2 -0.5 2 0 87.3 15.1 7.5 0.0 0 0 3 1 1
915.1 1908.8 -1.4 194 0 132.4 82.7 14.0 0.0 0 0 4 3 3
2389.6 111.9 1.3 290 0 12.7 59.3 12.5 2.5 2 1 5 3 3
4068.9 904.4 1.2 216 0 66.4 71.8 10.0 0.0 0 1 4 1 1
5744.7 1621.0 -2.1 7 0 30.4 15.9 17.5 3.5 4 0 5 3 3
2330.8 1876.7 0.8 119 0 18.5 33.3 7.5 0.0 0 1 3 2 2
3589.6 -2128.0 -2.1 105 0 54.0 72.4 14.0 0.0 0 1 4 3 3
4932.5 -71.8 -0.4 98 0 11.0 88.1 10.0 2.5 2 1 4 3 3
-1441.1 -2456.7 -0.5 112 0 11.1 20.6 2.5 2.5 4 1 1 3 3
-1591.1 -2441.0 -0.8 200 0 102.8 62.2 10.0 0.0 0 0 4 5 5
6052.0 3408.8 -6.1 280 0 27.5 101.7 17.5 0.0 0 1 5 0 0
6008.3 3484.3 -5.1 191 0 99.3 25.8 14.0 0.0 0 0 4 2 2
5684.7 1612.9 -1.5 96 0 15.1 30.4 17.5 3.5 2 1 5 3 3
1082.6 1698.3 -0.6 195 0 137.6 64.7 14.0 0.0 0 0 4 2 2
