6483.0 7764.3 -111.5 67 0 13.5 88.6 12.5 2.5 2 1 5 4 4
6369.5 7972.6 -107.0 347 0 32.3 30.6 10.0 0.0 0 0 4 4 4
6844.9 6838.0 -113.5 180 0 43.1 9.5 7.5 0.0 0 0 3 2 2
6845.0 6898.2 -114.0 180 0 45.1 9.1 7.5 0.0 0 0 3 0 0
6814.5 6921.7 -113.0 270 0 9.4 45.2 7.5 2.5 2 1 3 3 3
6547.9 6532.1 -86.5 346 0 65.7 12.3 10.0 2.5 2 0 4 0 0
6587.5 6408.3 -97.1 350 0 9.5 16.1 2.5 0.0 0 1 1 4 4
6579.9 6435.3 -98.0 350 0 9.5 16.1 7.5 0.0 0 1 3 3 3
5873.5 8174.7 -85.4 260 0 14.3 60.6 15.0 2.5 2 1 6 0 0
5980.1 6802.3 -85.3 151 0 11.1 14.8 7.5 2.5 2 1 3 5 5
6295.4 7241.9 -105.0 60 0 14.5 67.6 10.0 2.5 2 1 4 1 1
6430.4 7751.6 -109.0 68 0 13.4 46.1 15.0 2.5 2 1 6 3 3
5976.6 6900.6 -90.7 240 0 7.2 60.0 7.5 2.5 2 1 3 5 5
5902.8 6790.6 -85.7 59 0 11.1 31.5 10.0 2.5 2 1 4 1 1
5904.1 7987.4 -95.4 82 0 14.5 32.5 15.0 0.0 0 1 6 0 0
5998.9 6921.2 -91.7 240 0 7.8 59.0 7.5 2.5 2 1 3 3 3
5932.2 6861.1 -88.8 240 0 6.6 59.7 7.5 2.5 2 1 3 2 2
5685.3 6404.9 -63.9 158 0 9.1 19.7 7.5 2.5 2 1 3 2 2
5954.6 6880.4 -89.7 239 0 7.2 59.3 7.5 2.5 2 1 3 4 4
6013.7 6785.3 -85.1 61 0 10.8 29.7 15.0 0.0 0 1 6 5 5
5900.8 8102.5 -90.8 260 0 14.5 62.6 10.0 2.5 2 1 4 3 3
5861.4 8053.1 -87.6 171 0 39.8 15.0 10.0 2.5 2 0 4 5 5
6574.8 7488.1 -114.5 242 0 19.1 56.8 12.5 2.5 2 1 5 0 0
6575.1 6470.1 -92.4 347 0 21.8 9.6 5.0 2.5 2 0 2 2 2
5708.4 6460.9 -69.8 339 0 125.0 19.5 12.5 0.0 0 0 5 5 5
6519.4 7193.0 -109.2 90 0 16.1 53.2 10.0 2.5 2 1 4 4 4
6558.8 6490.1 -88.9 347 0 14.1 8.5 5.0 0.0 0 0 2 3 3
5865.8 6778.4 -79.3 57 0 8.4 19.3 5.0 2.5 2 1 2 2 2
5033.1 -3343.3 62.4 294 0 40.2 15.7 14.0 3.5 4 0 4 5 5
5060.0 -3221.3 66.6 218 0 30.0 7.9 10.5 3.5 2 0 3 5 5
5106.7 -3260.5 64.3 27 0 10.4 40.5 14.0 3.5 2 1 4 3 3
5560.9 7898.5 -92.4 260 0 11.0 44.5 10.0 2.5 2 1 4 4 4
5520.0 7891.0 -91.4 260 0 11.0 42.9 12.5 2.5 2 1 5 0 0
5698.3 6833.0 -88.2 56 0 12.4 51.6 12.5 0.0 0 1 5 4 4
5726.2 7880.3 -94.8 81 0 16.2 46.3 12.5 2.5 2 1 5 0 0
5641.0 7911.2 -94.8 261 0 10.4 64.1 12.5 2.5 2 1 5 1 1
5600.4 7872.2 -93.6 171 0 63.9 10.8 12.5 2.5 2 0 5 5 5
6014.7 7431.6 -96.1 90 0 14.1 42.4 10.0 2.5 4 1 4 5 5
6065.5 7405.4 -97.6 90 0 13.7 56.3 7.5 2.5 2 1 3 2 2
5761.4 7901.0 -95.0 82 0 15.2 31.4 10.0 2.5 2 1 4 1 1
6047.7 6910.0 -91.6 331 0 41.4 17.9 7.5 0.0 0 0 3 5 5
5680.8 7918.2 -95.9 262 0 10.7 65.3 7.5 2.5 2 1 3 0 0
5976.4 7461.1 -95.2 0 0 45.7 11.1 5.0 0.0 0 0 2 3 3
5792.0 6928.6 -92.1 325 0 51.5 12.7 10.0 2.5 2 0 4 0 0
5364.8 9189.0 -120.3 15 0 17.1 103.0 12.5 0.0 0 1 5 5 5
5480.9 7883.8 -89.1 261 0 10.6 43.7 7.5 2.5 2 1 3 5 5
5766.2 6879.3 -91.2 56 0 13.1 51.7 12.5 0.0 0 1 5 0 0
5732.0 6855.6 -90.4 56 0 13.0 52.2 12.5 2.5 2 1 5 3 3
6261.2 6741.5 -90.8 90 0 12.0 62.5 12.5 2.5 2 1 5 1 1
6294.6 6737.5 -95.0 90 0 11.1 66.6 12.5 2.5 2 1 5 5 5
6227.4 6744.4 -86.4 90 0 11.7 59.7 10.0 2.5 2 1 4 2 2
5602.2 7201.8 -86.2 270 0 13.4 86.9 10.0 2.5 2 1 4 0 0
6241.8 7038.3 -101.7 240 0 8.4 37.5 7.5 0.0 0 1 3 0 0
6235.0 7110.9 -103.9 59 0 108.1 14.6 12.5 2.5 4 0 5 2 2
6292.1 7067.0 -103.2 240 0 8.4 38.0 7.5 2.5 2 1 3 0 0
6234.6 7590.1 -102.3 49 0 9.7 76.5 7.5 2.5 2 1 3 2 2
6222.8 7006.2 -98.7 150 0 37.8 8.4 7.5 2.5 4 0 3 2 2
6266.9 7052.4 -102.5 240 0 9.0 38.9 7.5 2.5 2 1 3 2 2
6313.1 7373.5 -105.7 60 0 51.0 8.4 7.5 2.5 2 0 3 3 3
6312.8 7427.6 -105.1 331 0 14.9 33.0 10.0 2.5 2 1 4 1 1
6069.0 7389.1 -98.1 270 0 13.2 54.9 7.5 0.0 0 1 3 1 1
6208.5 7568.7 -101.6 49 0 10.7 76.5 15.0 2.5 2 1 6 4 4
6267.5 7408.0 -104.4 240 0 7.2 39.2 7.5 2.5 4 1 3 3 3
6489.4 7754.8 -111.6 247 0 12.6 86.2 10.0 2.5 2 1 4 4 4
5166.8 9176.6 -102.8 217 0 21.0 54.2 12.5 2.5 2 1 5 5 5
6708.8 7666.4 -116.1 157 0 59.1 15.6 12.5 2.5 4 0 5 1 1
5182.6 9198.1 -105.8 215 0 15.0 53.5 12.5 2.5 2 1 5 1 1
6568.7 7951.6 -114.9 163 0 48.8 13.8 10.0 2.5 2 0 4 1 1
4689.0 8879.4 -96.6 290 0 13.0 48.9 12.5 2.5 2 1 5 0 0
5289.5 7468.8 -78.7 225 0 8.1 38.2 7.5 2.5 2 1 3 4 4
6253.3 6943.9 -98.0 60 0 8.1 38.1 7.5 0.0 0 1 3 3 3
6204.4 6917.0 -91.5 60 0 8.4 43.5 7.5 2.5 2 1 3 4 4
5155.1 9290.2 -105.7 250 0 15.0 61.2 10.0 2.5 4 1 4 5 5
6303.9 6972.7 -102.2 60 0 8.2 38.3 7.5 2.5 2 1 3 1 1
6547.0 7636.3 -112.3 336 0 64.7 13.5 10.0 2.5 2 0 4 3 3
6729.5 8289.2 -115.0 56 0 46.4 132.7 10.0 0.0 0 1 4 4 4
6180.4 6901.6 -90.9 59 0 8.3 44.0 7.5 2.5 2 1 3 1 1
5203.4 9218.1 -108.9 215 0 15.2 42.4 15.0 2.5 2 1 6 1 1
5251.4 7433.0 -77.4 224 0 8.4 39.1 7.5 2.5 2 1 3 3 3
6279.3 6958.3 -101.4 60 0 8.1 38.5 7.5 2.5 2 1 3 5 5
5744.1 7960.7 -89.6 262 0 15.8 20.3 12.5 2.5 2 1 5 2 2
5185.7 9301.1 -111.2 249 0 15.7 60.6 10.0 2.5 2 1 4 3 3
5243.6 9259.4 -117.5 78 0 24.5 58.6 12.5 2.5 2 1 5 2 2
6591.5 7533.8 -113.5 61 0 14.0 65.4 10.0 2.5 2 1 4 5 5
6687.5 7825.5 -119.6 157 0 55.1 130.8 12.5 0.0 0 1 5 0 0
6614.9 8370.6 -114.7 235 0 25.5 114.4 10.0 0.0 0 1 4 3 3
5671.9 7771.7 -95.0 352 0 21.1 11.4 2.5 2.5 2 0 1 2 2
5677.4 7795.7 -95.5 80 0 11.4 43.0 10.0 2.5 4 1 4 5 5
5279.4 7458.6 -78.4 224 0 8.0 37.9 7.5 2.5 2 1 3 4 4
6155.0 6888.2 -90.4 60 0 8.1 43.3 7.5 2.5 2 1 3 1 1
6352.5 7669.7 -106.8 139 0 64.0 11.5 10.0 2.5 2 0 4 0 0
5141.0 9783.4 -135.9 134 0 10.5 26.0 7.5 2.5 2 1 3 3 3
5262.4 7442.8 -77.7 225 0 8.3 38.5 7.5 2.5 2 1 3 2 2
6877.5 7788.7 -121.3 67 0 20.8 62.4 10.0 2.5 4 1 4 4 4
5786.1 7114.2 -91.1 90 0 11.1 105.9 7.5 2.5 2 1 3 2 2
6139.2 6863.3 -86.6 240 0 11.2 30.1 10.0 2.5 2 1 4 5 5
6532.8 8040.4 -114.3 78 0 6.4 26.7 7.5 2.5 2 1 3 3 3
5613.7 7796.7 -92.9 170 0 64.4 11.4 7.5 2.5 2 0 3 5 5
6328.4 6986.8 -102.9 61 0 8.7 38.3 7.5 2.5 2 1 3 2 2
6129.1 6874.5 -89.9 60 0 8.2 44.1 7.5 2.5 4 1 3 3 3
5241.9 7422.6 -77.0 225 0 8.3 38.5 7.5 2.5 2 1 3 2 2
5650.6 7697.1 -93.7 80 0 10.6 43.9 12.5 2.5 2 1 5 1 1
5949.5 8026.4 -96.8 81 0 14.7 38.3 10.0 2.5 2 1 4 3 3
5180.0 9892.6 -139.4 91 0 6.8 18.0 5.0 2.5 2 1 2 3 3
5198.3 9920.7 -140.3 0 0 20.8 6.8 2.5 2.5 2 0 1 0 0
6093.7 6877.2 -89.2 331 0 47.0 11.2 15.0 0.0 0 0 6 1 1
6118.1 6939.6 -93.0 60 0 8.3 28.2 2.5 2.5 2 1 1 3 3
6060.2 6927.6 -92.5 330 0 43.6 8.5 7.5 2.5 2 0 3 4 4
5198.3 9896.5 -139.5 1 0 19.6 6.6 5.0 0.0 0 0 2 2 2
6367.4 7015.9 -104.2 61 0 8.0 43.8 7.5 2.5 2 1 3 4 4
6330.3 7081.4 -104.2 331 0 39.6 8.0 7.5 2.5 2 0 3 2 2
5883.0 7443.4 -93.5 90 0 14.3 52.6 10.0 2.5 2 1 4 5 5
5654.5 7070.9 -87.8 342 0 42.9 12.4 10.0 2.5 4 0 4 2 2
6112.3 6812.1 -84.1 180 0 12.4 55.6 12.5 2.5 2 1 5 0 0
5665.3 7017.0 -88.2 342 0 42.7 11.5 10.0 2.5 2 0 4 5 5
2933.2 9481.0 -142.9 250 0 10.7 59.7 10.0 2.5 2 1 4 3 3
5926.0 7446.8 -94.2 91 0 11.1 45.1 7.5 2.5 2 1 3 2 2
6931.0 7323.2 -120.0 5 0 36.3 24.8 10.0 0.0 0 0 4 0 0
5645.4 7202.2 -87.4 270 0 13.0 87.9 7.5 2.5 2 1 3 4 4
2891.8 9432.2 -144.4 211 0 47.1 10.4 10.0 2.5 2 0 4 5 5
6221.4 7552.9 -103.1 230 0 10.4 50.9 10.0 2.5 2 1 4 5 5
3046.4 9516.8 -138.8 250 0 13.3 39.8 10.0 2.5 2 1 4 0 0
6358.8 7605.0 -106.2 319 0 17.7 15.8 12.5 2.5 2 0 5 4 4
6812.5 7392.8 -118.2 184 0 95.9 65.4 12.5 0.0 0 0 5 5 5
5552.8 7701.0 -89.2 80 0 11.0 64.8 15.0 2.5 2 1 6 3 3
5691.3 7115.3 -88.6 89 0 13.6 100.6 10.0 2.5 2 1 4 2 2
5592.6 7740.9 -91.0 350 0 64.2 11.1 10.0 2.5 2 0 4 1 1
5711.9 6963.3 -89.9 327 0 61.6 11.7 10.0 2.5 2 0 4 4 4
5737.8 7115.7 -89.8 90 0 11.4 105.3 7.5 2.5 2 1 3 2 2
2969.9 9491.3 -141.9 248 0 12.8 55.4 10.0 2.5 2 1 4 1 1
5970.2 7377.9 -96.0 360 0 75.6 12.1 12.5 2.5 2 0 5 5 5
5699.2 7056.5 -89.1 347 0 69.7 11.3 7.5 2.5 2 0 3 1 1
3114.6 9548.7 -138.3 248 0 12.8 25.4 10.0 2.5 2 1 4 4 4
3009.4 9505.2 -139.8 249 0 12.7 47.0 7.5 2.5 2 1 3 2 2
5747.7 7318.3 -90.9 270 0 13.4 72.5 10.0 2.5 2 1 4 5 5
2857.9 9377.0 -146.5 212 0 62.6 11.2 10.0 2.5 2 0 4 5 5
3082.1 9535.5 -137.7 248 0 13.9 37.0 17.5 0.0 0 1 7 5 5
5513.1 7693.5 -87.2 81 0 10.6 65.2 10.0 2.5 2 1 4 5 5
6191.5 7528.0 -102.2 229 0 10.3 49.5 10.0 0.0 0 1 4 1 1
5753.2 6983.6 -91.0 327 0 62.1 11.3 12.5 2.5 2 0 5 5 5
5661.7 6896.8 -85.8 67 0 11.9 77.3 12.5 2.5 2 1 5 0 0
6324.6 7633.2 -105.5 231 0 15.0 18.9 10.0 2.5 2 1 4 5 5
5850.7 7245.6 -93.8 90 0 14.1 56.5 15.0 2.5 2 1 6 5 5
6136.7 6781.2 -81.6 180 0 11.4 54.8 10.0 0.0 0 1 4 0 0
5489.7 7798.7 -87.3 170 0 63.4 11.7 10.0 2.5 2 0 4 2 2
6381.3 7578.2 -107.0 320 0 18.6 15.7 10.0 2.5 2 0 4 3 3
5991.4 7836.3 -100.2 250 0 14.8 49.1 12.5 2.5 2 1 5 0 0
5355.9 9158.3 -117.1 15 0 17.0 102.2 10.0 0.0 0 1 4 4 4
6728.5 7956.1 -118.9 246 0 36.2 53.1 10.0 0.0 0 1 4 2 2
5348.9 9128.7 -114.5 16 0 16.7 102.3 12.5 0.0 0 1 5 5 5
5341.0 9099.3 -111.8 15 0 18.6 102.8 10.0 0.0 0 1 4 1 1
4904.2 10042.9 -129.0 150 0 13.1 6.9 7.5 2.5 2 0 3 0 0
1956.5 5722.2 3.3 360 0 34.2 10.0 12.5 2.5 4 0 5 2 2
506.4 6164.5 9.5 354 0 9.4 6.0 5.0 2.5 2 0 2 2 2
518.1 6200.1 14.5 341 0 32.7 8.3 7.5 2.5 2 0 3 5 5
673.5 5951.5 58.2 297 0 45.6 25.9 15.0 0.0 0 0 6 3 3
311.0 5674.9 -15.1 296 0 52.5 58.3 10.0 0.0 0 1 4 1 1
517.4 6303.0 14.6 89 0 45.2 8.6 7.5 2.5 2 0 3 1 1
1747.3 6690.8 135.3 107 0 13.1 5.5 5.0 2.5 2 0 2 1 1
