5173.8 6609.6 -2.9 359 0 114.4 205.3 7.5 0.0 0 1 3 2 2
5071.5 6354.9 -3.2 91 0 189.8 171.3 12.5 0.0 0 0 5 5 5
2873.1 7863.2 -8.1 180 0 388.7 515.7 5.0 0.0 0 1 2 5 5
2602.8 8057.2 -8.2 273 0 163.2 377.9 10.0 0.0 0 0 4 4 4
2862.3 8384.2 -7.5 181 0 394.6 265.6 12.5 0.0 0 0 5 1 1
2719.6 8175.6 -7.6 90 0 195.4 212.0 10.0 0.0 0 1 4 5 5
2829.0 8893.5 -5.4 0 0 240.9 215.3 7.5 0.0 0 0 3 2 2
3172.1 8277.8 -7.2 181 0 191.7 247.2 12.5 0.0 0 1 5 0 0
2549.6 8488.0 -6.4 1 0 185.8 196.9 12.5 0.0 0 1 5 1 1
2819.4 7967.0 -7.9 1 0 166.4 139.3 12.5 0.0 0 0 5 0 0
2704.2 8629.2 -5.3 89 0 196.8 99.2 10.0 0.0 0 0 4 2 2
1910.3 7743.1 -3.3 270 0 92.9 332.9 12.5 0.0 0 1 5 3 3
2099.7 7567.1 -4.3 2 0 323.7 89.1 17.5 0.0 0 0 7 2 2
