-1261.7 7333.1 -67.8 270 0 13.2 64.1 7.5 2.5 2 1 3 5 5
-733.3 7074.6 -79.2 356 0 60.0 27.1 10.5 0.0 0 0 3 3 3
-1224.9 7346.8 -68.6 271 0 11.9 76.2 10.0 0.0 0 1 4 4 4
-739.8 6964.9 -78.7 267 0 26.1 59.4 14.0 3.5 2 1 4 1 1
-740.9 6974.2 -79.1 87 0 26.8 59.4 10.5 0.0 0 1 3 2 2
-523.0 -1409.0 22.0 45 0 15.8 16.3 10.0 2.5 2 1 4 4 4
-475.7 -1360.3 17.6 39 0 16.4 16.5 12.5 2.5 2 1 5 4 4
-2278.9 -875.0 20.7 3 0 15.0 15.5 5.0 2.5 2 1 2 3 3
-508.8 -1395.1 20.8 47 0 15.7 15.6 2.5 2.5 4 0 1 1 1
-2339.6 -891.4 32.6 182 0 14.5 15.9 7.5 2.5 2 1 3 4 4
-2998.1 4375.4 -30.0 150 0 13.5 12.6 2.5 2.5 2 0 1 5 5
-2315.2 -913.1 37.7 172 0 15.0 17.3 12.5 2.5 2 1 5 5 5
-488.5 -1375.6 18.9 38 0 15.8 16.0 12.5 2.5 2 1 5 1 1
-2317.2 -851.9 21.2 268 0 16.3 14.0 7.5 2.5 2 0 3 5 5
2462.9 -443.6 94.9 25 0 27.8 13.1 10.0 2.5 4 0 4 2 2
-2974.6 4420.0 -35.7 325 0 14.7 10.9 7.5 2.5 2 0 3 3 3
-3768.4 4803.8 -64.1 340 0 68.4 18.4 10.0 0.0 0 0 4 5 5
-2928.0 4340.9 -25.8 57 0 10.0 12.2 10.0 2.5 2 1 4 5 5
-2989.1 4436.4 -37.5 320 0 13.5 11.1 5.0 2.5 2 0 2 2 2
-2949.0 4383.6 -30.7 331 0 13.4 11.3 5.0 2.5 2 0 2 3 3
-2961.0 4402.1 -33.3 327 0 14.7 10.7 10.0 2.5 2 0 4 4 4
-3015.7 4450.9 -37.3 219 0 11.1 14.9 2.5 0.0 0 1 1 3 3
4687.1 10290.9 -105.4 71 0 12.1 39.3 7.5 2.5 2 1 3 0 0
-629.5 8078.3 -83.7 111 0 8.2 18.3 5.0 2.5 4 1 2 1 1
3831.6 9952.2 -101.1 90 0 20.5 92.8 7.5 0.0 0 1 3 1 1
-6152.0 2997.7 -43.2 337 0 9.6 21.0 5.0 2.5 2 1 2 0 0
-6149.8 2976.0 -30.5 335 0 21.9 15.0 7.5 2.5 2 0 3 2 2
