2264.5 -1461.8 0.2 359 0 154.6 63.3 17.5 0.0 0 0 5 0 0
2053.0 -1331.1 1.1 267 0 17.6 43.8 17.5 3.5 2 1 5 0 0
2237.1 -1182.2 0.8 360 0 47.4 19.7 14.0 3.5 2 0 4 5 5
-696.8 -557.5 5.5 177 0 99.6 25.5 5.0 0.0 0 0 2 3 3
309.1 -611.7 3.4 91 0 11.7 85.3 14.0 3.5 2 1 4 0 0
346.2 -2904.2 0.3 96 0 47.8 135.4 14.0 0.0 0 1 4 4 4
265.2 -2677.7 -1.1 177 0 111.7 46.0 14.0 0.0 0 0 4 1 1
571.0 -2868.1 -0.4 89 0 49.0 196.5 14.0 0.0 0 1 4 1 1
630.6 -2788.5 -0.3 90 0 37.5 39.9 14.0 0.0 0 1 4 5 5
625.2 -2696.4 -0.4 359 0 65.6 16.3 14.0 3.5 2 0 4 3 3
2173.9 -2730.4 -1.1 94 0 19.9 72.6 14.0 0.0 0 1 4 4 4
2163.1 -2568.3 -2.6 181 0 136.5 65.4 14.0 0.0 0 0 4 1 1
345.1 -613.9 3.4 92 0 11.5 86.4 14.0 3.5 4 1 4 2 2
348.5 -662.4 3.5 87 0 10.1 40.4 14.0 3.5 2 1 4 4 4
2235.1 182.7 0.0 0 0 53.0 18.5 7.5 2.5 2 0 3 4 4
1557.0 2629.7 -4.4 89 0 182.5 62.7 10.0 0.0 0 0 4 3 3
1530.0 2984.8 -6.5 271 0 41.5 22.3 7.5 0.0 0 0 3 1 1
1705.9 2742.5 -5.1 90 0 74.8 64.1 10.0 0.0 0 0 4 4 4
1743.8 2867.6 -5.6 0 0 69.8 74.7 7.5 0.0 0 1 3 5 5
