4536.2 7852.3 -43.5 279 0 55.1 71.7 14.0 0.0 0 1 4 4 4
4668.9 7788.9 -42.7 12 0 73.5 56.7 14.0 0.0 0 0 4 5 5
336.7 -8550.4 37.1 196 0 36.2 11.3 12.5 2.5 2 0 5 3 3
-1668.7 1064.7 -28.7 6 0 33.4 14.9 14.0 3.5 2 0 4 2 2
-1310.9 1243.9 -29.5 96 0 16.5 14.7 14.0 3.5 2 0 4 1 1
-1762.4 1575.8 -26.2 288 0 12.9 47.1 10.5 3.5 2 1 3 4 4
-1731.4 1559.5 -26.6 285 0 11.6 38.7 10.5 3.5 2 1 3 2 2
-1660.5 1145.1 -28.5 5 0 121.1 15.4 14.0 0.0 0 0 4 1 1
-1313.7 1220.8 -29.6 96 0 16.5 14.7 14.0 3.5 2 0 4 5 5
-1295.1 1331.0 -29.3 6 0 76.4 11.8 14.0 3.5 2 0 4 1 1
-1345.9 1302.6 -29.1 95 0 14.2 64.3 14.0 0.0 0 1 4 4 4
-1317.9 1161.7 -30.6 276 0 16.5 81.8 10.5 3.5 4 1 3 2 2
-1276.9 1391.1 -29.1 358 0 37.4 14.0 14.0 3.5 2 0 4 5 5
-2369.1 542.2 -25.3 4 0 41.1 14.3 7.5 2.5 2 0 3 5 5
-1448.6 -15.4 -16.9 0 0 55.6 17.0 12.5 2.5 4 0 5 5 5
-1286.9 2333.1 -27.9 114 0 25.5 27.5 10.0 0.0 0 1 4 5 5
-1300.4 1274.3 -29.4 6 0 14.7 16.5 14.0 3.5 2 1 4 1 1
574.9 -8448.4 28.4 291 0 11.0 58.1 12.5 2.5 2 1 5 5 5
551.0 -8440.4 29.1 291 0 11.1 58.6 12.5 2.5 2 1 5 0 0
449.2 -8645.0 33.6 110 0 11.1 34.8 12.5 0.0 0 1 5 5 5
410.3 -8506.1 34.1 197 0 35.5 11.4 10.0 2.5 2 0 4 5 5
439.9 -8598.0 33.4 111 0 11.1 46.5 10.0 2.5 2 1 4 0 0
498.5 -8525.2 31.4 20 0 47.2 11.5 12.5 2.5 2 0 5 2 2
525.3 -8600.1 30.7 21 0 46.4 11.0 10.0 2.5 2 0 4 3 3
523.7 -8431.4 30.0 289 0 10.9 58.2 12.5 2.5 2 1 5 0 0
546.8 -8529.1 30.0 291 0 11.6 35.1 10.0 2.5 2 1 4 4 4
519.3 -8667.1 30.4 111 0 11.0 35.0 7.5 0.0 0 1 3 2 2
476.6 -8415.1 31.4 289 0 12.0 56.8 12.5 2.5 2 1 5 5 5
425.3 -8635.5 34.6 111 0 11.1 33.8 10.0 2.5 2 1 4 1 1
463.8 -8607.1 32.7 111 0 11.7 46.9 12.5 2.5 2 1 5 0 0
476.5 -8492.2 32.2 290 0 11.5 48.0 10.0 2.5 2 1 4 2 2
428.1 -8398.8 34.7 289 0 11.6 82.7 12.5 2.5 2 1 5 2 2
378.3 -8616.3 36.1 111 0 11.4 29.9 12.5 2.5 4 1 5 5 5
387.2 -8498.5 34.8 197 0 36.1 11.4 12.5 2.5 2 0 5 3 3
599.4 -8456.8 27.6 291 0 11.3 58.6 10.0 2.5 2 1 4 1 1
525.5 -8533.7 30.5 20 0 46.1 11.9 12.5 2.5 2 0 5 1 1
417.0 -8581.2 34.7 111 0 7.9 20.0 7.5 0.0 0 1 3 1 1
493.5 -8444.7 31.1 288 0 10.6 34.6 15.0 0.0 0 1 6 4 4
439.5 -8506.8 32.9 200 0 46.8 11.1 10.0 2.5 2 0 4 2 2
569.4 -8536.1 29.0 291 0 10.2 35.3 10.0 2.5 2 1 4 4 4
451.9 -8406.6 33.5 289 0 12.2 58.9 12.5 2.5 4 1 5 4 4
401.2 -8628.0 35.4 111 0 11.0 34.5 10.0 2.5 2 1 4 2 2
547.6 -8608.5 29.7 21 0 46.3 10.9 12.5 2.5 2 0 5 1 1
361.5 -8492.1 35.7 197 0 31.8 10.9 7.5 2.5 2 0 3 2 2
496.5 -8658.0 31.4 111 0 11.1 34.7 10.0 2.5 2 1 4 3 3
-1695.3 1460.4 -27.1 94 0 12.8 40.2 10.5 0.0 0 1 3 2 2
2067.2 -8515.3 15.5 268 0 10.2 34.9 10.0 2.5 2 1 4 5 5
2018.1 -8651.9 19.7 357 0 56.5 14.9 12.5 2.5 2 0 5 2 2
2281.3 -7195.7 -2.1 333 0 8.7 23.9 7.5 2.5 2 1 3 0 0
-1927.0 1806.7 -24.1 202 0 8.3 62.0 10.5 0.0 0 1 3 3 3
2210.1 -7190.2 -2.3 152 0 8.8 59.9 7.5 2.5 2 1 3 0 0
2036.1 -8516.3 15.7 269 0 12.5 35.4 12.5 2.5 2 1 5 1 1
-1827.3 1763.4 -24.9 113 0 74.7 15.7 10.5 3.5 2 0 3 1 1
-1802.5 1825.5 -24.7 291 0 72.8 34.1 10.5 0.0 0 0 3 5 5
-1641.4 1371.6 -27.5 5 0 68.4 13.5 14.0 3.5 2 0 4 5 5
-1649.7 1272.0 -28.2 5 0 94.7 15.0 14.0 3.5 2 0 4 5 5
-1529.5 1252.6 -29.3 351 0 11.9 15.5 14.0 3.5 2 1 4 3 3
-1453.5 1094.6 -29.7 268 0 13.3 20.3 14.0 3.5 2 1 4 4 4
-1423.6 1318.0 -29.2 357 0 17.5 12.4 14.0 0.0 0 0 4 2 2
-1424.3 1091.0 -29.8 267 0 12.2 18.5 14.0 3.5 2 1 4 0 0
-1371.9 1084.9 -30.2 189 0 13.5 12.3 14.0 3.5 2 0 4 3 3
-1486.4 1091.5 -29.8 276 0 13.6 13.1 14.0 3.5 2 0 4 0 0
-1378.8 1193.0 -29.5 192 0 13.4 13.1 14.0 3.5 2 0 4 2 2
-1584.9 1098.6 -29.1 281 0 12.2 12.8 14.0 3.5 2 1 4 4 4
-1654.7 1086.2 -28.9 178 0 16.4 14.3 14.0 0.0 0 0 4 0 0
-1600.9 1117.4 -28.8 86 0 17.0 11.9 14.0 3.5 2 0 4 3 3
-1363.4 1131.6 -29.9 269 0 12.4 13.1 14.0 0.0 0 1 4 2 2
-1562.5 1099.6 -29.5 280 0 12.8 12.9 14.0 3.5 4 1 4 5 5
-1630.8 1110.2 -28.7 118 0 9.7 16.1 10.5 3.5 2 1 3 5 5
-1369.7 1105.7 -30.0 182 0 13.0 11.9 14.0 3.5 2 0 4 5 5
-1614.9 1151.1 -28.7 174 0 11.9 17.2 14.0 3.5 2 1 4 2 2
-1473.8 1164.2 -29.6 334 0 16.6 14.2 14.0 3.5 2 0 4 4 4
-1901.5 1477.8 -25.4 107 0 13.0 48.3 10.5 3.5 2 1 3 3 3
-1951.6 1541.3 -24.9 8 0 34.0 12.2 10.5 3.5 2 0 3 5 5
-1863.8 145.2 -19.9 89 0 36.4 127.0 10.0 0.0 0 1 4 2 2
-1529.1 1123.0 -29.7 1 0 13.4 11.7 14.0 3.5 2 0 4 0 0
-1456.1 1169.0 -29.6 181 0 13.1 16.4 14.0 3.5 2 1 4 5 5
-1814.6 1445.7 -26.3 275 0 12.9 48.9 10.5 3.5 2 1 3 1 1
-1614.2 1360.5 -27.7 94 0 10.6 12.6 14.0 3.5 2 1 4 3 3
-1360.2 1233.9 -29.3 360 0 16.5 15.6 14.0 3.5 2 0 4 0 0
-1450.8 1456.2 -29.0 287 0 38.0 12.1 14.0 3.5 2 0 4 4 4
-2994.9 -550.4 -11.1 281 0 13.3 50.4 7.5 2.5 2 1 3 4 4
-1632.7 1243.8 -28.0 169 0 14.5 15.5 14.0 3.5 4 1 4 2 2
-1571.4 1303.5 -28.7 275 0 13.4 16.6 14.0 3.5 2 1 4 4 4
-1939.6 1512.5 -25.2 197 0 59.1 13.0 10.5 0.0 0 0 3 1 1
-1616.4 1299.7 -28.0 168 0 12.6 12.7 14.0 3.5 2 1 4 5 5
-1407.7 1239.8 -29.4 182 0 11.5 16.5 10.5 3.5 4 1 3 0 0
-434.0 -1841.7 -16.6 84 0 44.2 66.7 10.0 0.0 0 1 4 5 5
-1424.7 1274.6 -29.3 0 0 11.4 17.6 14.0 3.5 2 1 4 3 3
-1636.9 1266.3 -27.8 170 0 13.8 15.9 14.0 3.5 2 1 4 5 5
-1622.8 1394.2 -27.6 189 0 15.6 15.7 14.0 3.5 2 1 4 2 2
-1510.7 1141.5 -29.7 156 0 18.5 10.6 14.0 3.5 2 0 4 5 5
-1547.7 1356.5 -28.8 283 0 14.6 16.7 14.0 3.5 2 1 4 3 3
-1875.0 1452.5 -25.9 274 0 13.2 49.2 10.5 0.0 0 1 3 0 0
-1399.0 1259.5 -29.3 90 0 16.9 11.4 14.0 3.5 2 0 4 1 1
-1570.5 1123.7 -29.3 75 0 13.0 13.1 14.0 3.5 2 1 4 0 0
-408.1 -1639.5 -16.8 264 0 36.3 113.1 10.0 0.0 0 1 4 0 0
-1821.8 147.7 -20.0 89 0 25.6 125.7 12.5 0.0 0 1 5 2 2
-1862.0 1473.4 -25.7 107 0 11.9 42.6 10.5 3.5 2 1 3 3 3
-1428.1 1139.8 -29.6 139 0 16.7 12.6 14.0 3.5 4 0 4 0 0
-1784.8 1442.9 -26.6 275 0 12.6 48.2 10.5 3.5 4 1 3 0 0
-698.5 1490.5 -31.6 295 0 48.8 5.9 7.5 2.5 2 0 3 1 1
-1457.4 1334.7 -29.2 273 0 11.6 18.4 14.0 3.5 2 1 4 4 4
-1557.0 1327.0 -28.8 272 0 13.7 11.8 14.0 3.5 2 0 4 1 1
-1345.9 1257.8 -29.4 179 0 15.6 16.8 14.0 3.5 2 1 4 3 3
-1935.7 1458.7 -25.6 275 0 12.5 48.8 10.5 3.5 2 1 3 3 3
-1476.9 1267.3 -29.4 21 0 15.5 13.6 14.0 3.5 2 0 4 2 2
-1631.4 1193.0 -28.2 174 0 16.6 16.6 14.0 3.5 2 1 4 5 5
-2984.5 -611.4 -10.3 100 0 14.1 49.7 10.0 2.5 2 1 4 5 5
-1539.3 1149.2 -29.5 5 0 14.3 12.7 14.0 3.5 2 0 4 5 5
-1448.9 1251.4 -29.4 5 0 15.9 12.9 14.0 3.5 2 0 4 4 4
-1446.2 1117.2 -29.6 84 0 14.1 13.1 14.0 3.5 2 0 4 3 3
-1281.4 1427.4 -28.9 7 0 20.5 30.8 14.0 0.0 0 1 4 4 4
-1489.6 1320.4 -29.3 243 0 12.0 17.7 14.0 3.5 2 1 4 5 5
-1497.3 1114.6 -29.7 148 0 12.4 12.2 14.0 3.5 2 0 4 5 5
-1984.3 1529.5 -24.8 98 0 13.3 33.4 10.5 3.5 2 1 3 1 1
-1913.8 271.5 -19.7 269 0 37.2 128.0 12.5 0.0 0 1 5 3 3
-1391.9 1200.0 -29.4 8 0 11.5 17.3 14.0 3.5 2 1 4 5 5
-1360.6 1279.3 -29.2 0 0 14.6 11.0 14.0 0.0 0 0 4 0 0
-1605.1 1261.2 -28.4 180 0 13.1 13.8 14.0 3.5 2 1 4 3 3
-1404.6 1440.3 -28.9 283 0 21.2 7.5 10.5 0.0 0 0 3 4 4
-1844.7 1448.8 -26.0 275 0 12.8 49.2 10.5 3.5 2 1 3 3 3
-1483.4 1241.1 -29.4 355 0 14.9 12.1 14.0 3.5 2 0 4 2 2
-1399.4 1289.4 -29.3 270 0 16.2 10.9 14.0 3.5 2 0 4 0 0
-1568.8 1162.5 -29.1 11 0 13.3 14.4 14.0 3.5 2 1 4 5 5
-1431.3 1207.4 -29.5 286 0 13.6 12.4 14.0 3.5 2 0 4 2 2
-1632.7 1220.5 -28.1 182 0 15.2 15.0 14.0 0.0 0 0 4 1 1
-1459.8 1145.8 -29.6 328 0 11.4 14.0 14.0 3.5 2 1 4 3 3
-1617.2 1319.0 -27.9 180 0 13.5 12.2 14.0 3.5 2 0 4 3 3
-1516.1 1348.5 -29.1 283 0 16.2 11.5 14.0 3.5 2 0 4 1 1
-1337.5 1231.9 -29.5 90 0 16.5 15.5 14.0 3.5 2 0 4 2 2
-1535.8 1301.5 -29.1 302 0 11.5 16.0 14.0 3.5 2 1 4 0 0
-1345.8 1276.2 -29.3 181 0 15.6 16.7 14.0 0.0 0 1 4 5 5
-1377.3 1492.5 -28.8 203 0 15.8 101.6 14.0 0.0 0 1 4 2 2
-1732.1 1461.4 -26.9 94 0 13.0 42.6 10.5 3.5 2 1 3 4 4
-1571.0 1360.1 -28.4 284 0 13.9 16.6 14.0 3.5 2 1 4 5 5
-1905.3 1455.6 -25.7 275 0 12.8 48.2 10.5 3.5 2 1 3 2 2
-1451.2 1368.0 -29.1 102 0 10.9 49.3 14.0 3.5 2 1 4 0 0
-5828.4 1446.0 -15.5 42 0 20.9 13.0 12.5 2.5 2 0 5 3 3
-1814.1 -49.0 -13.0 269 0 36.0 106.3 10.0 0.0 0 1 4 2 2
-5751.0 1518.5 -16.3 60 0 14.7 16.3 7.5 2.5 2 1 3 1 1
-5775.5 1508.5 -15.7 47 0 20.9 12.4 7.5 2.5 2 0 3 0 0
-5811.4 1467.9 -15.5 40 0 15.5 16.4 10.0 2.5 2 1 4 3 3
-1761.1 -71.9 -13.0 358 0 29.3 13.5 7.5 2.5 2 0 3 0 0
-5793.4 1487.4 -15.6 40 0 13.9 17.2 10.0 2.5 2 1 4 5 5
-5871.2 1616.3 -5.1 83 0 9.6 25.3 2.5 2.5 2 1 1 1 1
-5702.9 1549.0 -17.1 61 0 19.6 12.9 7.5 2.5 2 0 3 5 5
-5727.1 1533.0 -16.7 58 0 19.4 12.9 5.0 2.5 2 0 2 5 5
-1488.6 1383.7 -29.1 100 0 11.6 48.5 14.0 3.5 2 1 4 4 4
-5855.8 1456.9 -13.2 128 0 12.9 19.8 12.5 2.5 2 1 5 0 0
-1679.7 1530.5 -26.8 5 0 43.9 15.9 10.5 3.5 2 0 3 0 0
2426.9 8370.5 -45.7 113 0 57.8 16.7 12.5 2.5 2 0 5 2 2
2548.0 8336.8 -45.0 18 0 15.9 79.9 7.5 2.5 2 1 3 1 1
-2820.7 1864.6 -19.8 192 0 35.2 40.1 10.0 0.0 0 1 4 1 1
-5485.5 1843.5 -16.8 86 0 15.5 37.8 12.5 2.5 2 1 5 4 4
-5815.3 1535.1 -14.6 241 0 19.1 14.0 12.5 2.5 2 0 5 1 1
2467.7 8425.3 -47.1 30 0 30.9 72.4 10.0 0.0 0 1 4 0 0
-1968.8 1653.3 -24.2 98 0 12.7 29.4 10.0 2.5 2 1 4 4 4
-1861.9 1598.6 -25.3 286 0 12.6 40.7 10.5 3.5 2 1 3 1 1
-1913.9 1594.0 -24.9 196 0 50.8 15.3 10.5 3.5 2 0 3 4 4
2331.7 8200.8 -45.4 179 0 16.0 76.3 10.0 2.5 2 1 4 1 1
1225.2 -4817.8 -11.5 345 0 15.3 12.8 14.0 3.5 4 0 4 1 1
1085.2 -4824.5 -7.4 256 0 13.1 27.9 14.0 3.5 2 1 4 2 2
1147.7 -4772.2 -10.3 76 0 15.6 48.4 14.0 3.5 2 1 4 1 1
1246.6 -4898.9 -10.6 344 0 14.9 11.9 14.0 3.5 2 0 4 4 4
1164.2 -4639.8 -12.7 252 0 12.0 46.7 14.0 3.5 4 1 4 0 0
1095.8 -4785.2 -8.6 76 0 10.7 44.2 14.0 3.5 2 1 4 2 2
1125.6 -4777.6 -9.5 75 0 7.8 47.8 10.5 3.5 2 1 3 1 1
1231.0 -4838.5 -11.3 345 0 15.1 12.6 14.0 3.5 2 0 4 1 1
1345.1 -5404.5 -6.8 78 0 14.7 38.5 10.0 2.5 2 1 4 4 4
1236.8 -4858.8 -11.2 345 0 15.4 12.7 14.0 3.5 2 0 4 2 2
1143.8 -4791.9 -9.8 77 0 29.3 12.8 14.0 3.5 2 0 4 1 1
1094.4 -4648.5 -12.5 346 0 52.4 15.1 14.0 3.5 2 0 4 0 0
-4512.2 7045.2 -28.1 185 0 83.5 19.3 14.0 0.0 0 0 4 5 5
-4452.7 7101.6 -28.4 5 0 15.9 50.3 14.0 3.5 2 1 4 0 0
-4463.7 6981.8 -27.2 6 0 16.3 50.6 14.0 3.5 2 1 4 1 1
-2474.7 1797.4 -21.4 76 0 12.1 30.5 10.0 2.5 2 1 4 0 0
-2851.8 1975.8 -18.5 284 0 15.5 35.0 10.0 0.0 0 1 4 2 2
-2841.2 1917.0 -18.8 105 0 10.1 58.9 10.0 2.5 2 1 4 1 1
-2873.9 1924.1 -18.7 106 0 44.7 8.6 7.5 2.5 2 0 3 4 4
-2951.3 1977.3 -18.4 192 0 32.5 50.5 7.5 0.0 0 1 3 2 2
2722.5 -8601.0 7.4 5 0 13.6 39.8 12.5 2.5 2 1 5 0 0
2808.0 -9115.1 10.9 357 0 80.3 19.2 7.5 2.5 2 0 3 1 1
2649.7 -8659.3 9.9 94 0 13.7 46.4 10.0 2.5 2 1 4 2 2
2823.9 -8657.4 5.2 347 0 40.3 16.1 10.0 2.5 2 0 4 0 0
2717.9 -8762.1 9.8 355 0 23.8 36.5 10.0 0.0 0 1 4 1 1
1354.7 -4912.6 -11.8 163 0 16.3 11.9 14.0 3.5 4 0 4 5 5
5368.2 8209.1 -39.7 92 0 13.4 60.4 7.5 2.5 2 1 3 3 3
1377.2 -4948.7 -11.3 72 0 12.8 25.2 14.0 3.5 2 1 4 4 4
1358.5 -4884.9 -12.3 343 0 17.8 8.4 10.5 3.5 2 0 3 0 0
3514.5 -5793.9 -9.1 12 0 24.1 15.0 7.5 2.5 2 0 3 5 5
1347.0 -4840.1 -12.9 341 0 22.4 12.4 14.0 3.5 2 0 4 0 0
5331.0 8210.3 -39.5 92 0 13.0 60.2 12.5 2.5 2 1 5 3 3
5407.5 8268.4 -40.3 271 0 13.4 60.2 10.0 2.5 2 1 4 3 3
1385.7 -4962.8 -10.9 74 0 19.8 10.1 14.0 0.0 0 0 4 2 2
4947.6 10327.8 -49.5 9 0 104.7 20.1 10.0 0.0 0 0 4 4 4
2563.4 8356.3 -45.9 29 0 25.0 13.3 7.5 2.5 4 0 3 4 4
5315.2 8996.9 -46.2 15 0 78.3 20.3 12.5 2.5 2 0 5 0 0
3033.9 8257.6 -43.8 280 0 34.4 31.1 7.5 0.0 0 0 3 3 3
4241.9 9688.9 -51.5 186 0 40.0 12.4 10.5 3.5 4 0 3 4 4
4239.1 9646.5 -51.4 186 0 20.7 65.0 10.5 3.5 2 1 3 1 1
4246.9 9730.4 -51.6 185 0 26.9 36.4 10.5 0.0 0 1 3 4 4
6853.9 7920.7 -43.6 2 0 55.1 15.4 7.5 0.0 0 0 3 0 0
6215.4 10723.0 -45.5 90 0 15.8 88.3 7.5 2.5 2 1 3 5 5
6599.7 -1262.3 -29.0 90 0 12.8 17.3 2.5 2.5 2 1 1 5 5
-5654.6 1606.1 -17.8 216 0 16.1 20.9 10.0 2.5 2 1 4 4 4
