-760.4 492.5 4.5 179 0 174.9 11.2 14.0 0.0 0 0 4 1 1
-592.9 504.0 4.4 89 0 10.8 78.7 14.0 3.5 2 1 4 3 3
-476.8 408.8 3.0 88 0 14.7 83.3 14.0 3.5 2 1 4 2 2
-592.2 409.3 5.8 89 0 10.7 76.0 14.0 3.5 2 1 4 2 2
-516.8 410.6 4.2 89 0 12.4 81.4 14.0 0.0 0 1 4 1 1
-713.0 406.0 5.8 89 0 11.9 81.9 14.0 3.5 2 1 4 1 1
-637.7 407.9 5.9 90 0 12.0 75.5 14.0 3.5 2 1 4 0 0
-477.9 502.1 2.2 88 0 13.7 82.4 14.0 3.5 2 1 4 5 5
-685.5 542.5 4.4 177 0 77.9 12.3 14.0 3.5 2 0 4 1 1
-554.4 408.3 5.3 89 0 12.3 83.6 14.0 3.5 2 1 4 3 3
-441.3 503.0 1.5 90 0 11.2 47.1 14.0 3.5 2 1 4 2 2
-673.7 406.4 5.9 88 0 11.4 75.8 14.0 3.5 2 1 4 2 2
-517.5 501.5 3.3 89 0 12.7 83.6 14.0 0.0 0 1 4 0 0
-554.7 501.2 4.3 90 0 10.2 80.9 14.0 3.5 2 1 4 2 2
-720.7 541.0 4.4 179 0 82.1 9.9 10.5 3.5 2 0 3 2 2
-646.8 542.6 4.4 179 0 80.4 11.0 14.0 0.0 0 0 4 5 5
866.5 5757.8 -8.2 90 0 42.1 102.3 7.5 0.0 0 1 3 4 4
786.1 4525.1 -4.4 90 0 47.9 168.6 14.0 0.0 0 1 4 3 3
866.4 5726.0 -7.9 270 0 42.3 145.8 10.0 0.0 0 1 4 5 5
860.2 4497.9 -4.0 270 0 49.1 210.7 14.0 0.0 0 1 4 4 4
2753.2 5675.4 -9.8 301 0 131.6 35.1 10.0 0.0 0 0 4 2 2
292.2 6550.9 -5.6 0 0 208.1 50.6 12.5 0.0 0 0 5 0 0
1020.3 5757.9 -8.9 90 0 103.9 103.5 10.0 0.0 0 0 4 0 0
1227.2 5268.5 -7.6 90 0 71.8 230.7 15.0 0.0 0 1 6 2 2
870.0 5330.6 -3.4 270 0 11.9 62.2 7.5 2.5 2 1 3 1 1
306.3 6482.7 -4.7 180 0 26.7 7.1 5.0 2.5 2 0 2 4 4
933.0 4528.8 -3.6 90 0 48.2 165.0 10.0 0.0 0 1 4 2 2
360.3 6506.4 -4.9 0 0 14.3 54.1 15.0 2.5 2 1 6 0 0
927.8 5726.1 -8.3 270 0 42.3 144.4 12.5 0.0 0 1 5 0 0
704.5 6262.5 -6.0 360 0 105.2 260.8 17.5 0.0 0 1 7 4 4
361.1 6594.3 -4.9 0 0 14.1 54.7 10.0 2.5 2 1 4 3 3
1108.6 5757.9 -9.1 90 0 30.5 103.8 10.0 0.0 0 1 4 2 2
786.3 4498.4 -4.3 270 0 48.9 210.5 10.5 0.0 0 1 3 5 5
467.3 5848.9 -7.5 180 0 104.6 252.2 12.5 0.0 0 1 5 2 2
-234.6 6671.2 -6.1 270 0 117.2 46.3 7.5 0.0 0 0 3 3 3
989.3 5726.3 -8.7 270 0 43.0 144.8 12.5 0.0 0 1 5 4 4
1051.3 5726.0 -9.0 270 0 41.8 146.2 10.0 0.0 0 1 4 4 4
1264.6 5636.3 -9.7 0 0 177.7 72.1 10.0 0.0 0 0 4 0 0
932.6 4497.0 -3.6 270 0 47.9 209.1 14.0 0.0 0 1 4 3 3
705.1 6129.9 -6.5 360 0 105.1 260.8 12.5 0.0 0 1 5 4 4
927.9 5757.6 -8.5 90 0 42.0 102.6 10.0 0.0 0 1 4 1 1
322.4 6444.4 -5.0 90 0 33.8 8.5 7.5 2.5 2 0 3 2 2
859.2 4526.2 -4.0 90 0 47.8 168.1 10.0 0.0 0 1 4 0 0
306.4 6550.3 -4.6 180 0 48.1 16.0 10.0 2.5 4 0 4 5 5
-1250.2 10078.7 -10.7 175 0 142.9 283.3 14.0 0.0 0 1 4 3 3
-127.8 4104.0 -1.9 271 0 8.8 48.1 5.0 2.5 2 1 2 0 0
463.0 5192.7 -3.9 181 0 73.5 253.8 7.5 0.0 0 1 3 4 4
607.7 5539.9 -5.2 90 0 97.6 91.1 10.0 0.0 0 0 4 4 4
-240.8 3920.8 -2.2 90 0 107.5 161.5 7.5 0.0 0 1 3 5 5
466.9 5716.2 -7.2 180 0 104.6 252.2 10.0 0.0 0 1 4 5 5
914.8 5467.5 -5.3 270 0 20.1 122.7 12.5 0.0 0 1 5 5 5
464.1 5298.2 -3.5 180 0 95.2 39.9 10.0 0.0 0 0 4 5 5
102.4 -569.7 2.7 186 0 63.1 13.4 17.5 0.0 0 0 5 5 5
-1807.8 -1279.0 6.7 274 0 71.3 90.5 17.5 0.0 0 1 5 1 1
465.3 5429.8 -4.1 180 0 129.7 251.0 10.0 0.0 0 1 4 2 2
-124.9 3988.7 -1.6 94 0 15.3 48.5 12.5 2.5 2 1 5 3 3
488.5 5120.7 -3.3 271 0 50.8 60.4 10.0 0.0 0 1 4 0 0
444.4 5427.6 -3.5 0 0 116.9 19.5 12.5 0.0 0 0 5 5 5
695.7 5293.9 -3.9 1 0 97.9 172.1 7.5 0.0 0 1 3 2 2
-343.0 4002.1 -2.4 180 0 161.5 27.7 5.0 0.0 0 0 2 4 4
-2826.9 -830.1 4.0 297 0 61.0 97.9 17.5 0.0 0 1 5 2 2
-230.3 -2192.0 4.9 7 0 47.8 9.9 10.5 3.5 2 0 3 5 5
-130.3 1683.5 0.6 360 0 46.3 181.0 14.0 0.0 0 1 4 0 0
1019.0 952.0 1.6 202 0 119.8 14.2 10.0 0.0 0 0 4 5 5
-101.2 2641.3 4.3 0 0 182.1 79.3 14.0 0.0 0 0 4 2 2
-219.2 2732.5 4.1 270 0 56.2 181.9 14.0 0.0 0 1 4 4 4
-280.9 2732.4 3.9 270 0 37.8 181.6 14.0 0.0 0 1 4 2 2
-333.9 2732.4 3.7 270 0 46.1 181.4 14.0 0.0 0 1 4 5 5
-1377.3 1096.1 0.0 181 0 112.9 15.3 14.0 0.0 0 0 4 3 3
-1292.2 1153.4 -0.3 272 0 15.6 56.5 14.0 3.5 2 1 4 2 2
-1225.1 1153.0 -0.4 272 0 17.9 56.5 14.0 3.5 2 1 4 3 3
-765.0 -1842.2 4.7 192 0 79.6 11.9 17.5 3.5 2 0 5 5 5
-719.2 -1851.7 5.0 12 0 79.6 11.9 17.5 3.5 2 0 5 2 2
-684.2 -1859.6 5.1 12 0 79.6 11.9 17.5 3.5 2 0 5 4 4
-649.7 -1866.0 5.1 12 0 79.6 11.9 17.5 3.5 4 0 5 1 1
-615.7 -1874.5 5.2 12 0 79.6 11.9 17.5 3.5 2 0 5 1 1
