-4450.1 3849.5 -674.4 286 0 8.4 43.7 7.5 2.5 2 1 3 1 1
-4419.4 3782.1 -671.8 15 0 12.1 49.5 12.5 2.5 2 1 5 5 5
-4899.7 -1144.9 669.7 150 0 31.0 8.9 7.5 2.5 2 0 3 2 2
-4146.9 -1017.7 353.2 261 0 10.6 7.4 5.0 0.0 0 0 2 0 0
-3932.4 -195.4 -23.6 40 0 8.1 17.4 7.5 2.5 2 1 3 1 1
-3931.0 -320.4 11.7 290 0 35.0 9.3 7.5 2.5 2 0 3 0 0
-4987.5 -1018.0 647.0 93 0 9.3 21.9 7.5 2.5 2 1 3 2 2
-5038.7 -1030.5 655.1 178 0 5.9 13.9 2.5 0.0 0 1 1 3 3
-5017.5 -1026.2 651.5 268 0 10.6 6.5 5.0 2.5 2 0 2 2 2
-4928.0 -1119.0 665.6 50 0 5.4 13.4 7.5 2.5 2 1 3 0 0
-3218.9 714.1 -277.9 189 0 7.2 21.3 2.5 2.5 2 1 1 1 1
