4452.7 5951.1 -31.3 182 0 55.7 13.7 5.0 2.5 2 0 2 4 4
5198.3 8095.7 -40.2 1 0 54.1 13.0 10.5 3.5 2 0 3 3 3
6193.3 9183.7 -44.9 92 0 80.5 299.8 12.5 0.0 0 1 5 2 2
5710.7 6986.4 -38.4 90 0 10.8 108.9 10.5 0.0 0 1 3 1 1
-1509.8 -2472.5 14.4 278 0 21.6 22.6 12.5 2.5 2 1 5 1 1
5737.6 8519.2 -41.2 90 0 12.4 60.9 10.0 2.5 2 1 4 4 4
4513.7 5597.6 -34.7 94 0 16.8 51.6 7.5 2.5 2 1 3 3 3
4420.6 6458.4 -27.4 1 0 62.2 15.1 10.0 2.5 2 0 4 0 0
4511.1 5671.7 -34.1 183 0 27.9 42.5 12.5 0.0 0 1 5 0 0
6216.2 8878.2 -43.0 1 0 17.1 36.2 7.5 0.0 0 1 3 0 0
4579.6 5682.5 -34.4 273 0 39.1 51.2 10.0 0.0 0 1 4 1 1
6357.6 9092.9 -44.9 92 0 113.5 61.1 12.5 0.0 0 0 5 5 5
5695.4 8581.8 -41.5 270 0 13.0 61.7 10.0 2.5 2 1 4 1 1
4963.9 5534.4 -35.5 90 0 14.1 77.7 7.5 2.5 2 1 3 5 5
5247.1 8288.1 -41.1 180 0 104.2 20.4 10.0 0.0 0 0 4 3 3
6162.1 8820.8 -42.7 92 0 18.9 67.0 7.5 2.5 2 1 3 4 4
4963.4 5712.6 -34.6 270 0 13.8 78.8 7.5 2.5 2 1 3 0 0
2991.8 710.7 -28.4 270 0 75.6 145.3 12.5 0.0 0 1 5 3 3
-1760.5 -1901.8 34.8 9 0 76.4 97.3 10.0 0.0 0 1 4 3 3
6718.7 953.1 -37.7 85 0 13.9 36.8 7.5 2.5 2 1 3 4 4
