4926.0 391.9 -9.6 67 0 6.7 25.4 7.5 2.5 2 1 3 0 0
4877.7 377.3 -9.3 66 0 12.8 11.2 5.0 2.5 2 0 2 5 5
4810.0 316.9 -8.7 337 0 12.3 19.9 10.0 2.5 2 1 4 5 5
4783.5 374.9 -8.2 335 0 12.2 19.0 2.5 0.0 0 1 1 2 2
4769.4 320.9 -8.7 64 0 11.3 22.1 12.5 2.5 2 1 5 4 4
4723.7 350.3 -6.6 245 0 25.3 10.6 10.0 2.5 2 0 4 1 1
4753.6 286.7 -8.5 65 0 26.0 11.9 15.0 0.0 0 0 6 4 4
4714.7 289.8 -7.2 65 0 25.3 33.8 10.0 0.0 0 1 4 0 0
4672.2 301.3 -5.4 246 0 5.5 21.7 5.0 2.5 2 1 2 5 5
4624.9 254.1 -3.5 67 0 16.3 19.2 12.5 2.5 2 1 5 2 2
4847.4 428.3 -9.9 66 0 51.8 38.2 12.5 0.0 0 0 5 5 5
5177.9 583.1 -11.9 69 0 24.6 15.1 12.5 2.5 2 0 5 4 4
4330.1 -3.4 8.3 353 0 14.1 21.6 17.5 0.0 0 1 7 4 4
