3377.0 10297.4 -46.1 321 0 7.0 8.2 7.5 2.5 2 1 3 2 2
4876.1 -3070.3 -155.3 135 0 32.5 9.5 10.5 3.5 2 0 3 5 5
6105.7 -2759.6 -127.9 85 0 12.7 25.6 12.5 2.5 2 1 5 4 4
-4474.8 9846.8 79.1 335 0 14.5 31.9 10.0 2.5 2 1 4 4 4
5115.9 -5057.8 -148.4 253 0 13.1 19.9 10.0 2.5 2 1 4 1 1
5568.8 -3687.8 -163.8 283 0 30.5 50.9 14.0 0.0 0 1 4 1 1
-5479.0 10289.7 50.7 270 0 7.3 8.0 7.5 2.5 2 1 3 2 2
-3985.0 9526.0 70.2 335 0 31.7 10.5 10.0 2.5 2 0 4 1 1
5162.0 -5039.3 -149.4 255 0 13.1 20.4 17.5 0.0 0 1 7 4 4
5139.0 -5048.0 -149.0 253 0 13.4 19.0 10.0 2.5 2 1 4 4 4
-4093.4 9662.4 72.7 308 0 9.4 44.7 7.5 2.5 2 1 3 0 0
-5450.5 10291.4 52.9 262 0 7.6 7.0 7.5 2.5 2 0 3 4 4
5166.2 -3401.6 -155.8 313 0 30.7 13.7 10.5 3.5 2 0 3 2 2
-4144.7 9729.0 66.6 289 0 26.5 9.4 10.5 3.5 2 0 3 3 3
-4450.4 9879.5 72.4 44 0 16.1 51.6 15.0 2.5 2 1 6 0 0
5194.6 -5039.9 -149.4 345 0 18.7 13.0 7.5 2.5 2 0 3 0 0
4845.6 -3042.9 -152.9 119 0 28.3 8.8 10.5 0.0 0 0 3 2 2
-5287.3 4930.3 189.7 17 0 12.4 47.4 10.0 2.5 2 1 4 2 2
4656.4 -3101.2 -148.9 316 0 14.6 17.9 10.5 3.5 2 1 3 1 1
-5318.5 4900.1 189.0 107 0 52.4 12.7 10.0 2.5 2 0 4 0 0
6424.9 2507.7 -197.6 141 0 73.0 25.2 12.5 0.0 0 0 5 1 1
6497.4 2566.1 -197.2 321 0 74.2 65.0 10.0 0.0 0 0 4 4 4
5906.1 -3330.6 -157.5 49 0 35.9 18.6 12.5 0.0 0 0 5 0 0
