-1264.6 8065.2 4.7 157 0 98.0 33.3 7.5 0.0 0 0 3 5 5
-748.2 9644.0 8.4 50 0 73.1 84.3 14.0 0.0 0 1 4 2 2
-782.1 9807.4 5.1 320 0 88.9 193.3 14.0 0.0 0 1 4 5 5
2698.8 10903.6 -13.7 241 0 35.4 57.2 17.5 0.0 0 1 5 5 5
3761.2 12295.0 -28.7 320 0 62.4 130.0 17.5 0.0 0 1 5 5 5
3565.1 11789.7 -23.4 340 0 12.4 38.1 7.5 2.5 2 1 3 0 0
3516.1 11493.0 -21.7 73 0 77.2 48.3 17.5 0.0 0 0 5 4 4
3452.4 11489.4 -21.4 341 0 33.6 11.3 17.5 3.5 2 0 5 5 5
1023.9 9869.7 -4.0 278 0 69.3 12.5 14.0 3.5 2 0 4 1 1
1163.4 9884.8 0.1 91 0 29.9 13.0 14.0 3.5 2 0 4 4 4
1168.4 9854.7 -1.1 271 0 29.5 19.6 14.0 0.0 0 0 4 5 5
