-3037.8 3417.8 -22.7 129 0 421.3 28.1 14.0 0.0 0 0 4 0 0
-3029.5 2479.5 -15.1 159 0 53.5 233.5 7.0 0.0 0 1 2 0 0
-2805.3 2615.9 -17.8 249 0 523.4 16.7 14.0 0.0 0 0 4 2 2
-3205.4 3452.5 -20.6 309 0 135.2 17.8 14.0 0.0 0 0 4 3 3
-3170.4 3477.0 -21.1 309 0 100.7 12.0 17.5 3.5 2 0 5 4 4
-2746.1 2295.0 -23.7 252 0 65.0 263.2 14.0 0.0 0 1 4 5 5
-2717.8 3164.7 -20.6 129 0 361.3 17.9 17.5 0.0 0 0 5 5 5
-2559.7 3075.9 -20.5 39 0 16.6 59.0 17.5 3.5 4 1 5 3 3
-2544.3 3094.5 -20.9 44 0 16.9 97.5 17.5 0.0 0 1 5 2 2
-2441.1 3214.2 -22.5 312 0 20.9 58.8 49.0 3.5 2 1 14 4 4
-2435.2 3216.9 -22.9 138 0 21.4 75.3 49.0 0.0 0 1 14 0 0
-2334.8 3286.5 -23.1 51 0 66.5 21.4 49.0 3.5 2 0 14 0 0
-2307.7 3317.6 -23.5 141 0 16.1 55.2 49.0 3.5 2 1 14 3 3
-3231.4 3572.8 -23.7 130 0 69.5 71.4 42.0 0.0 0 1 12 1 1
-2735.7 3166.7 -19.8 309 0 354.1 25.8 21.0 0.0 0 0 6 2 2
-2507.1 2923.9 -19.7 342 0 100.4 16.2 17.5 0.0 0 0 5 5 5
-3463.9 3777.2 -24.6 130 0 54.3 46.4 17.5 0.0 0 0 5 2 2
-3534.1 3833.8 -20.6 129 0 53.6 49.9 17.5 0.0 0 0 5 3 3
-2582.2 3693.8 -24.8 322 0 114.1 30.9 14.0 0.0 0 0 4 2 2
-2574.0 3563.2 -24.9 53 0 144.5 39.9 14.0 0.0 0 0 4 0 0
-2910.9 3983.4 -26.7 304 0 70.3 76.5 14.0 0.0 0 1 4 3 3
-607.7 -1313.4 2.7 10 0 57.7 93.0 17.5 0.0 0 1 5 0 0
-706.5 -1235.3 6.4 332 0 64.5 42.7 17.5 0.0 0 0 5 4 4
2050.6 -6102.1 8.7 266 0 188.9 43.4 7.0 0.0 0 0 2 4 4
-1105.3 -1664.8 -2.4 271 0 31.0 108.2 17.5 0.0 0 1 5 1 1
-1048.1 -1658.9 -0.6 270 0 27.7 108.2 17.5 0.0 0 1 5 2 2
-994.5 -1764.6 0.9 91 0 27.3 108.9 17.5 0.0 0 1 5 4 4
-495.4 -2280.8 -8.8 359 0 68.4 60.7 14.0 0.0 0 0 4 2 2
-495.1 -2200.8 -9.2 360 0 77.2 60.1 14.0 0.0 0 0 4 0 0
-557.3 -2067.3 -9.4 180 0 97.2 15.5 14.0 3.5 2 0 4 3 3
-492.2 -2064.8 -9.6 360 0 99.6 17.3 14.0 0.0 0 0 4 4 4
-494.3 -1949.6 -9.6 359 0 79.6 15.2 14.0 3.5 2 0 4 3 3
-548.5 -1908.5 -7.7 270 0 14.7 80.6 14.0 3.5 4 1 4 4 4
-516.7 -2094.1 -9.5 0 0 42.8 20.1 14.0 3.5 2 0 4 2 2
-939.2 -1763.7 2.5 91 0 27.9 107.6 17.5 0.0 0 1 5 4 4
-865.3 -1761.5 4.7 90 0 20.4 104.8 17.5 0.0 0 1 5 5 5
-830.8 -1761.0 6.2 90 0 22.0 103.0 17.5 0.0 0 1 5 4 4
-787.0 -1761.3 8.0 90 0 24.2 100.4 17.5 0.0 0 1 5 0 0
-745.3 -1757.8 9.1 89 0 26.3 98.0 17.5 0.0 0 1 5 1 1
-703.1 -1756.5 10.4 90 0 24.7 94.9 17.5 0.0 0 1 5 0 0
-662.4 -1757.4 11.5 91 0 27.8 96.7 17.5 0.0 0 1 5 3 3
-968.7 -3901.3 5.8 91 0 228.8 94.4 17.5 0.0 0 0 5 2 2
-966.8 -3604.6 -1.2 270 0 226.1 88.7 17.5 0.0 0 0 5 2 2
-803.2 -3648.6 -2.0 0 0 93.8 26.6 17.5 0.0 0 0 5 4 4
-1145.2 -3334.1 0.2 89 0 13.8 154.2 52.5 0.0 0 1 15 2 2
-614.6 -3174.7 -12.0 270 0 10.8 154.3 17.5 0.0 0 1 5 1 1
-864.7 -3324.1 -6.4 91 0 11.3 147.8 17.5 0.0 0 1 5 1 1
-1086.2 -3329.1 -1.2 88 0 15.5 150.3 17.5 0.0 0 1 5 4 4
-1029.3 -3328.4 -2.4 90 0 16.3 146.4 17.5 0.0 0 1 5 4 4
-970.0 -3326.7 -3.8 90 0 16.0 145.4 17.5 0.0 0 1 5 3 3
-807.8 -3175.6 -7.6 270 0 13.3 150.5 17.5 0.0 0 1 5 4 4
-757.1 -3175.0 -8.8 270 0 12.9 151.5 17.5 0.0 0 1 5 0 0
-708.4 -3175.1 -9.9 270 0 11.4 151.9 17.5 0.0 0 1 5 0 0
-658.5 -3174.0 -11.1 270 0 10.7 155.5 17.5 0.0 0 1 5 0 0
-1237.5 -3642.1 0.4 360 0 100.4 42.6 14.0 0.0 0 0 4 1 1
-1350.9 -3597.0 -0.0 270 0 42.9 90.9 14.0 0.0 0 1 4 5 5
-1499.5 -3833.8 -2.7 180 0 117.8 47.0 14.0 0.0 0 0 4 2 2
-1383.6 -3890.1 -1.3 90 0 46.3 117.7 14.0 0.0 0 1 4 3 3
-1262.4 -3882.5 0.2 90 0 50.5 103.6 14.0 0.0 0 1 4 4 4
-1154.1 -3828.5 0.5 0 0 95.1 42.1 14.0 0.0 0 0 4 3 3
-915.6 -3325.2 -4.6 90 0 10.4 138.7 17.5 3.5 2 1 5 1 1
-1499.3 -3644.8 -1.7 180 0 104.1 46.8 14.0 0.0 0 0 4 4 4
-1329.6 -2410.2 -13.7 270 0 401.7 104.6 17.5 0.0 0 0 5 4 4
-909.3 -3590.9 -0.7 180 0 7.2 67.6 10.5 3.5 2 1 3 1 1
-1112.0 -3733.6 0.9 180 0 27.6 6.0 12.0 3.5 2 0 3 2 2
-3879.7 -5844.7 -24.3 278 0 8.8 62.0 10.5 3.5 2 0 3 4 4
-3908.0 -5833.4 -27.0 281 0 13.5 61.4 14.0 3.5 2 0 4 2 2
-3940.4 -5822.8 -28.9 279 0 6.8 44.5 10.5 3.5 2 0 3 1 1
-3968.7 -5829.1 -30.5 278 0 11.5 33.3 14.0 3.5 2 0 4 3 3
-3723.4 -5839.9 -10.5 275 0 24.4 11.1 17.5 3.5 2 0 5 4 4
137.3 328.6 -16.7 88 0 72.9 29.3 14.0 0.0 0 0 4 5 5
-3527.5 -2027.5 -9.4 15 0 8.6 23.1 10.5 3.5 4 1 3 2 2
-313.0 1086.1 -22.9 270 0 15.8 160.6 17.5 0.0 0 1 5 4 4
-698.2 -37.0 -3.0 91 0 56.8 58.2 14.0 0.0 0 1 4 2 2
-3891.7 -5951.5 -24.3 13 0 61.5 10.1 14.0 3.5 2 0 4 4 4
-3931.3 -5978.2 -27.2 100 0 11.4 64.3 14.0 3.5 2 1 4 4 4
-3961.5 -5976.1 -29.1 98 0 12.0 66.6 14.0 3.5 2 1 4 4 4
-4047.1 -5890.0 -34.2 189 0 58.3 10.4 14.0 3.5 2 0 4 3 3
-4037.3 -5831.1 -33.3 189 0 37.8 9.5 10.5 3.5 2 0 3 5 5
-3998.6 -5813.4 -32.0 279 0 11.6 44.3 14.0 3.5 2 1 4 4 4
-3991.4 -5968.2 -31.0 99 0 13.3 43.6 14.0 3.5 2 1 4 2 2
-3983.7 -5916.4 -30.8 99 0 12.6 42.8 14.0 0.0 0 1 4 3 3
-4020.3 -5951.8 -32.7 99 0 12.1 36.6 14.0 3.5 2 1 4 0 0
-4016.1 -5886.6 -32.6 189 0 40.6 11.5 14.0 0.0 0 0 4 2 2
-2536.4 2317.5 -18.3 260 0 30.4 21.6 14.0 0.0 0 0 4 2 2
-2096.4 -5846.7 -5.8 150 0 121.7 73.4 14.0 0.0 0 0 4 5 5
-1347.1 -5582.2 20.1 237 0 60.9 73.2 14.0 0.0 0 1 4 0 0
-1469.0 -5495.1 13.9 327 0 240.7 153.9 17.5 0.0 0 0 5 3 3
-1328.7 -5713.2 5.8 326 0 242.9 147.4 17.5 0.0 0 0 5 4 4
-1251.6 -5354.5 20.6 327 0 238.1 145.5 17.5 0.0 0 0 5 2 2
-1092.8 -5470.0 27.7 328 0 14.5 24.6 17.5 3.5 2 1 5 5 5
-1248.0 -5675.6 19.3 327 0 64.4 62.3 14.0 0.0 0 0 4 5 5
-1138.8 -5496.9 23.4 146 0 76.1 19.1 17.5 3.5 2 0 5 5 5
-1134.0 -5538.4 22.0 327 0 158.1 144.2 14.0 0.0 0 0 4 0 0
-1718.6 -5891.4 5.2 62 0 70.3 39.8 14.0 0.0 0 0 4 4 4
-1756.2 -5949.5 13.4 332 0 193.0 74.9 14.0 0.0 0 0 4 3 3
-1711.0 -5721.6 9.3 58 0 22.4 73.4 14.0 0.0 0 1 4 2 2
-1869.1 -5955.0 7.3 332 0 192.4 75.6 14.0 0.0 0 0 4 5 5
-2057.9 -5753.9 -2.0 239 0 11.6 121.7 14.0 3.5 2 0 4 4 4
-1809.1 -6037.6 16.8 154 0 81.8 12.8 14.0 3.5 2 0 4 4 4
-1813.2 -5841.5 7.8 332 0 50.4 169.0 14.0 0.0 0 0 4 1 1
-2015.2 -5890.0 2.6 60 0 32.9 17.3 14.0 3.5 2 0 4 5 5
-1918.4 -5818.3 2.7 60 0 21.3 126.2 14.0 0.0 0 0 4 0 0
-2108.4 -5983.9 -2.0 63 0 19.2 31.4 12.5 0.0 0 1 5 4 4
-1924.9 -6145.7 4.0 63 0 90.7 28.4 14.0 0.0 0 0 4 3 3
-1837.8 -5785.7 4.9 60 0 41.8 126.8 14.0 0.0 0 1 4 1 1
-1954.0 -5856.1 6.6 60 0 40.4 14.9 14.0 3.5 2 0 4 4 4
-2046.6 -6167.0 3.6 154 0 71.9 19.7 14.0 3.5 2 0 4 5 5
-1887.1 -5810.6 2.7 60 0 40.9 145.5 14.0 0.0 0 0 4 5 5
-1771.5 -5749.2 3.9 60 0 59.9 152.3 14.0 0.0 0 1 4 4 4
-2266.6 -5675.2 0.9 348 0 72.8 29.9 17.5 0.0 0 0 5 3 3
-2791.7 -5981.5 -6.0 78 0 22.5 165.0 17.5 0.0 0 1 5 1 1
-2385.5 -5985.5 0.1 348 0 121.5 254.7 14.0 0.0 0 1 4 5 5
-2301.5 -5883.2 7.9 78 0 25.6 63.0 17.5 0.0 0 1 5 1 1
-2565.4 -6313.8 -2.9 78 0 369.5 156.4 17.5 0.0 0 0 5 0 0
-2648.4 -6068.1 -0.1 348 0 171.2 167.6 14.0 0.0 0 0 4 4 4
-2163.1 -6048.4 1.2 348 0 336.9 174.7 17.5 0.0 0 0 5 5 5
-2350.3 -5894.0 12.7 79 0 11.3 47.6 17.5 3.5 2 1 5 0 0
-2607.3 -5947.8 -1.0 79 0 21.5 16.8 17.5 3.5 2 0 5 1 1
-2885.9 -5931.4 0.9 168 0 21.3 32.0 17.5 0.0 0 1 5 0 0
-2831.6 -5994.0 3.1 78 0 18.1 46.3 17.5 3.5 2 1 5 3 3
-2364.4 -6078.9 10.2 348 0 26.0 61.8 14.0 0.0 0 1 4 2 2
-2478.5 -6115.8 10.9 78 0 88.0 25.6 14.0 0.0 0 0 4 3 3
-2842.7 -6172.2 2.2 168 0 30.7 15.7 17.5 3.5 2 0 5 1 1
-2891.9 -5882.8 -0.8 168 0 23.0 24.8 17.5 0.0 0 1 5 3 3
1647.5 -4623.4 1.9 0 0 56.2 56.1 14.0 0.0 0 0 4 5 5
-955.6 -3547.9 3.5 237 0 10.2 15.5 17.5 3.5 2 1 5 1 1
-937.0 -3541.0 3.4 240 0 12.1 19.4 17.5 3.5 2 1 5 3 3
-916.7 -3526.5 4.9 242 0 6.0 6.1 10.5 3.5 2 1 3 4 4
-908.7 -3539.0 3.7 242 0 12.4 8.1 10.5 3.5 2 0 3 4 4
-821.8 -3525.2 1.3 283 0 19.5 13.3 17.5 3.5 2 0 5 3 3
-5320.3 704.0 -21.6 322 0 23.0 9.8 7.5 2.5 2 0 3 5 5
-5349.7 679.8 -22.4 140 0 12.8 17.6 5.0 2.5 2 0 2 5 5
-5446.0 1009.1 -19.7 331 0 13.7 10.7 14.0 3.5 2 0 4 0 0
-5459.7 1030.3 -19.7 329 0 6.1 10.4 10.5 0.0 0 1 3 5 5
-5475.7 1047.7 -19.6 329 0 30.7 9.3 10.5 3.5 2 0 3 1 1
-5492.9 1088.4 -20.2 334 0 37.0 13.8 14.0 3.5 2 0 4 4 4
-5483.8 1070.1 -19.9 332 0 4.2 10.5 10.5 3.5 2 0 3 1 1
-5511.0 1119.3 -20.3 337 0 10.5 7.8 10.5 3.5 2 0 3 4 4
-5564.7 1230.4 -21.3 333 0 10.6 26.5 14.0 3.5 2 0 4 2 2
-5584.6 1237.7 -20.5 335 0 21.8 11.9 14.0 3.5 2 0 4 5 5
-5576.7 1249.5 -20.6 334 0 6.5 9.9 10.5 3.5 2 1 3 3 3
-3539.3 -5721.2 -16.4 4 0 76.3 140.5 14.0 0.0 0 1 4 4 4
-3603.9 -5785.0 -11.5 90 0 50.5 14.8 14.0 3.5 2 0 4 3 3
-3552.6 -5799.8 -12.8 90 0 15.3 29.2 14.0 3.5 2 1 4 2 2
-3456.7 -5526.5 -23.6 358 0 121.4 54.7 14.0 0.0 0 0 4 1 1
-3503.8 -5398.6 -24.5 272 0 16.3 51.3 14.0 3.5 2 1 4 3 3
-3264.9 -5766.1 -14.6 86 0 120.9 72.3 17.5 0.0 0 0 5 4 4
-3232.9 -5591.1 -13.1 267 0 30.2 73.1 17.5 0.0 0 1 5 2 2
-3256.8 -5521.0 -17.1 180 0 8.3 49.7 10.5 3.5 4 1 3 4 4
-3185.6 -5469.5 -18.4 0 0 33.0 10.1 17.5 3.5 2 0 5 2 2
-3228.7 -5472.0 -19.4 175 0 33.3 13.7 17.5 0.0 0 0 5 5 5
-3225.6 -5408.6 -21.7 266 0 11.5 41.2 17.5 3.5 2 1 5 5 5
-3712.6 -5084.8 -23.4 107 0 17.7 12.9 17.5 3.5 2 0 5 5 5
-3728.9 -5092.4 -23.7 102 0 7.7 27.2 10.5 3.5 2 1 3 5 5
-3747.9 -5074.1 -24.4 192 0 26.7 9.1 10.5 3.5 4 0 3 5 5
-3762.4 -5068.4 -25.0 180 0 22.6 8.7 10.5 3.5 2 0 3 2 2
-3751.0 -5009.1 -24.8 196 0 9.1 22.4 10.5 3.5 2 1 3 4 4
-3748.0 -4970.8 -25.1 194 0 7.6 30.5 10.5 3.5 2 0 3 3 3
-3706.0 -4964.3 -23.8 288 0 7.7 30.7 10.5 3.5 2 1 3 1 1
-3723.1 -5045.2 -23.6 194 0 23.9 8.0 10.5 3.5 2 0 3 1 1
-3718.7 -5028.5 -23.5 196 0 10.7 21.5 17.5 3.5 2 0 5 2 2
-3716.1 -5018.0 -23.4 196 0 10.6 21.6 17.5 3.5 2 1 5 4 4
-3702.2 -5005.9 -23.4 286 0 21.5 10.6 17.5 3.5 4 0 5 2 2
-3698.8 -4995.3 -23.4 286 0 21.5 10.6 17.5 0.0 0 0 5 1 1
-3700.2 -4985.0 -23.4 286 0 21.5 10.6 17.5 3.5 2 0 5 2 2
-3669.7 -4975.1 -22.7 285 0 7.8 49.3 10.5 3.5 2 1 3 2 2
-3717.6 -5056.0 -23.3 195 0 5.3 12.7 10.5 3.5 2 0 3 5 5
-3663.8 -5040.4 -22.9 14 0 9.5 24.5 10.5 3.5 2 1 3 1 1
-3661.7 -5031.0 -22.8 14 0 9.4 24.7 10.5 3.5 2 0 3 5 5
-3692.2 -5065.1 -23.2 104 0 7.8 23.8 10.5 3.5 2 1 3 5 5
-3637.5 -5076.8 -23.2 15 0 18.1 8.0 10.5 3.5 2 0 3 3 3
-3668.0 -5074.2 -23.2 105 0 5.6 12.4 10.5 3.5 2 1 3 2 2
-3659.3 -4971.8 -22.7 287 0 8.2 53.2 10.5 3.5 2 0 3 3 3
-3663.1 -5060.9 -23.1 105 0 6.7 15.3 10.5 3.5 2 0 3 2 2
-3633.3 -5048.2 -22.9 14 0 8.2 29.1 10.5 3.5 2 0 3 4 4
-3649.5 -5034.2 -22.8 16 0 8.2 10.4 10.5 3.5 2 1 3 5 5
-3628.8 -5026.7 -22.7 17 0 9.7 32.6 10.5 3.5 2 1 3 2 2
-3626.6 -5015.5 -22.0 17 0 9.7 32.6 10.5 3.5 2 1 3 2 2
-3624.0 -5005.3 -21.4 17 0 9.7 32.6 10.5 3.5 2 1 3 0 0
-3621.4 -4995.7 -20.8 17 0 9.7 32.6 10.5 3.5 2 1 3 4 4
-3633.2 -4977.9 -20.7 287 0 32.6 9.7 10.5 3.5 2 0 3 5 5
-3630.5 -4968.0 -20.8 287 0 32.6 9.7 10.5 3.5 2 0 3 4 4
-3607.8 -5055.3 -23.0 351 0 12.2 19.0 17.5 3.5 2 1 5 3 3
-3685.8 -4877.1 -20.2 0 0 46.9 18.3 12.5 2.5 2 0 5 3 3
-3738.8 -4751.4 -19.9 90 0 26.7 22.5 17.5 0.0 0 0 5 2 2
-3720.5 -4709.4 -17.8 4 0 6.5 21.0 10.5 3.5 2 1 3 1 1
-3543.1 -4621.8 -10.9 90 0 93.2 81.4 17.5 0.0 0 0 5 2 2
-3600.6 -4481.5 -7.3 180 0 81.1 102.6 17.5 0.0 0 1 5 0 0
-3273.9 -4886.5 -8.7 90 0 156.0 230.4 17.5 0.0 0 1 5 2 2
-3284.7 -4578.5 -4.0 360 0 75.6 52.6 17.5 0.0 0 0 5 5 5
-3287.5 -4509.6 5.7 356 0 14.5 43.8 17.5 3.5 2 1 5 0 0
-3285.6 -4424.0 7.4 272 0 11.3 67.1 17.5 3.5 2 1 5 2 2
-3334.4 -4425.3 5.3 270 0 7.4 12.2 10.5 3.5 2 1 3 3 3
-3104.7 -4442.7 -4.3 286 0 31.1 28.6 17.5 0.0 0 0 5 5 5
-3003.7 -4909.4 -21.1 90 0 9.1 27.5 10.5 3.5 2 1 3 2 2
-2989.2 -4909.0 -22.5 88 0 14.8 27.2 14.0 3.5 2 1 4 5 5
-3266.6 -4278.7 6.5 108 0 10.8 37.2 17.5 3.5 4 1 5 3 3
-3091.2 -4235.5 -7.3 15 0 100.1 73.1 17.5 0.0 0 0 5 1 1
-3171.4 -4355.8 6.8 291 0 10.5 14.4 17.5 0.0 0 1 5 1 1
-3234.3 -4109.9 -7.4 0 0 13.9 36.4 17.5 3.5 2 1 5 4 4
-3247.8 -4078.6 -9.6 270 0 24.8 19.6 17.5 0.0 0 0 5 2 2
-3292.7 -4201.0 -5.3 91 0 18.1 105.1 17.5 0.0 0 1 5 4 4
-3290.5 -4046.6 -10.0 270 0 18.3 33.7 17.5 0.0 0 1 5 5 5
-3314.2 -4256.2 6.3 91 0 12.9 22.5 17.5 3.5 2 1 5 2 2
-3297.6 -4033.7 -9.9 290 0 12.5 5.5 10.5 3.5 2 0 3 1 1
-3344.8 -4046.2 -10.5 271 0 40.6 62.5 17.5 0.0 0 1 5 0 0
-3366.5 -4182.5 -1.5 181 0 50.5 18.0 17.5 3.5 4 0 5 4 4
-3404.4 -4109.5 -12.0 91 0 15.5 25.8 17.5 3.5 2 1 5 5 5
-3459.6 -4117.0 -15.3 94 0 20.3 72.9 17.5 3.5 2 1 5 4 4
-3501.5 -3915.0 -6.4 92 0 31.6 38.6 14.0 0.0 0 1 4 1 1
-3450.4 -3876.2 -3.4 271 0 47.1 39.1 14.0 0.0 0 0 4 1 1
-3492.2 -3697.8 -4.0 90 0 36.8 38.1 14.0 0.0 0 1 4 0 0
-3393.9 -3677.9 -1.9 359 0 38.6 67.9 14.0 0.0 0 1 4 5 5
-3383.4 -3776.5 -0.5 1 0 51.2 38.2 14.0 0.0 0 0 4 4 4
-3360.0 -3776.2 0.7 2 0 52.9 15.7 14.0 3.5 4 0 4 1 1
-3418.5 -3731.4 0.0 186 0 19.1 13.1 14.0 3.5 2 0 4 5 5
-3366.8 -3724.6 0.2 2 0 30.4 15.0 14.0 3.5 2 0 4 1 1
-3365.5 -3679.7 -1.0 359 0 38.0 15.0 14.0 3.5 2 0 4 0 0
-3362.1 -3639.6 -1.9 0 0 12.2 42.3 14.0 3.5 2 1 4 0 0
-3507.2 -3618.3 -6.9 266 0 14.0 30.2 14.0 3.5 2 1 4 3 3
-3325.3 -3929.2 -0.3 180 0 63.2 20.9 14.0 3.5 2 0 4 2 2
-3316.6 -3787.9 0.8 181 0 75.6 21.5 14.0 0.0 0 0 4 5 5
-3296.9 -3786.3 -0.1 181 0 75.6 21.5 14.0 0.0 0 0 4 3 3
-3274.3 -3784.7 -1.2 181 0 75.6 21.5 14.0 0.0 0 0 4 0 0
-3311.3 -3862.6 3.0 179 0 42.3 15.8 14.0 3.5 2 0 4 5 5
-3323.4 -3712.7 0.2 181 0 55.8 20.8 14.0 3.5 2 0 4 1 1
-3297.1 -3710.9 -0.5 181 0 55.8 20.8 14.0 3.5 2 0 4 0 0
-3271.4 -3713.0 -1.7 181 0 55.8 20.8 14.0 3.5 2 0 4 4 4
-3300.8 -3650.6 -1.0 181 0 55.8 20.8 14.0 3.5 2 0 4 1 1
-3262.4 -3623.0 -2.1 271 0 20.8 55.8 14.0 3.5 2 1 4 3 3
-3328.4 -3607.9 -1.9 175 0 22.1 25.3 14.0 3.5 2 1 4 5 5
-3261.3 -3594.7 -2.4 270 0 23.4 24.3 14.0 0.0 0 1 4 3 3
-3222.1 -3607.4 -4.5 262 0 44.2 65.5 14.0 0.0 0 1 4 3 3
-3133.0 -3705.9 -7.1 353 0 41.2 106.7 14.0 0.0 0 1 4 5 5
-3171.0 -3774.6 -5.0 1 0 42.8 68.6 14.0 0.0 0 1 4 1 1
-3142.4 -3775.1 -6.0 359 0 41.0 19.2 14.0 3.5 2 0 4 2 2
-3170.7 -3852.1 -1.7 0 0 65.5 69.6 14.0 0.0 0 1 4 2 2
-3120.5 -3841.4 -2.9 6 0 15.6 42.5 14.0 3.5 2 1 4 2 2
-3118.2 -3922.6 -2.3 360 0 130.3 40.2 14.0 0.0 0 0 4 5 5
-3181.8 -4014.6 -3.1 88 0 33.1 49.7 14.0 0.0 0 1 4 0 0
-3150.2 -4027.6 -5.2 90 0 15.2 26.2 14.0 3.5 2 1 4 0 0
-3234.0 -4000.4 -2.5 87 0 11.5 37.9 14.0 3.5 2 1 4 5 5
-3268.5 -3966.3 0.5 89 0 31.0 22.7 14.0 0.0 0 0 4 4 4
-3289.3 -3885.8 4.0 172 0 7.7 34.5 10.5 3.5 4 1 3 1 1
-3160.7 -3646.2 -6.0 353 0 41.5 21.5 14.0 0.0 0 0 4 4 4
-3161.2 -3613.5 -6.2 354 0 8.0 27.9 10.5 3.5 2 1 3 5 5
-3067.8 -3949.6 -6.4 173 0 162.3 72.6 14.0 0.0 0 0 4 5 5
-3114.5 -3669.1 -8.5 171 0 32.6 10.2 14.0 3.5 2 0 4 0 0
-2890.7 -4016.9 -3.6 81 0 129.2 23.9 14.0 0.0 0 0 4 1 1
-2947.5 -3984.6 -4.3 84 0 26.2 78.6 14.0 0.0 0 1 4 3 3
-2900.3 -3979.0 -5.6 83 0 36.5 81.1 14.0 0.0 0 1 4 1 1
-2837.3 -3930.4 -6.9 354 0 79.9 37.0 14.0 0.0 0 0 4 0 0
-2801.2 -3953.5 -6.4 350 0 48.6 19.6 14.0 3.5 2 0 4 3 3
-3001.2 -4185.7 -6.0 157 0 24.5 11.0 14.0 3.5 4 0 4 3 3
-2982.1 -4230.3 -6.2 154 0 38.9 121.7 14.0 0.0 0 1 4 1 1
-2819.5 -4133.6 -5.4 245 0 88.9 38.5 14.0 0.0 0 0 4 5 5
-2770.8 -4063.6 -4.9 247 0 15.9 66.1 14.0 3.5 4 1 4 2 2
-2718.8 -4096.3 -1.6 248 0 14.6 30.5 14.0 3.5 2 1 4 0 0
-2733.9 -4122.0 -0.1 244 0 23.1 12.3 14.0 3.5 2 0 4 0 0
-2688.2 -4139.5 -1.8 336 0 19.3 162.9 14.0 0.0 0 1 4 2 2
-2868.6 -4235.8 -4.7 68 0 43.2 20.2 14.0 3.5 2 0 4 4 4
-2968.3 -4344.0 -6.0 180 0 54.6 20.1 14.0 3.5 2 0 4 4 4
-2960.4 -4406.2 -2.3 179 0 51.0 17.2 14.0 3.5 4 0 4 0 0
-2864.1 -4275.9 3.4 67 0 19.0 9.4 10.5 3.5 2 0 3 2 2
-2879.3 -4449.6 -7.5 82 0 12.1 35.1 14.0 0.0 0 1 4 2 2
-2928.4 -4912.0 -21.6 90 0 25.8 7.5 10.5 3.5 2 0 3 3 3
-2792.4 -4832.3 -18.7 358 0 31.1 7.6 7.5 2.5 2 0 3 5 5
-2782.5 -4831.8 -18.5 3 0 22.5 8.8 5.0 2.5 2 0 2 4 4
-2784.5 -4850.8 -18.5 357 0 15.8 7.1 2.5 2.5 2 0 1 4 4
-2823.1 -4780.8 -18.6 268 0 6.5 5.5 2.5 2.5 2 0 1 3 3
-2704.2 -4690.5 -16.3 152 0 28.2 14.0 17.5 0.0 0 0 5 1 1
-2721.3 -4660.5 -18.2 152 0 28.2 14.0 17.5 0.0 0 0 5 4 4
-2739.7 -4629.6 -18.3 152 0 28.2 14.0 17.5 0.0 0 0 5 3 3
-2758.6 -4599.7 -18.5 152 0 28.2 14.0 17.5 0.0 0 0 5 2 2
-2670.8 -4669.5 -16.1 152 0 28.2 14.0 17.5 0.0 0 0 5 1 1
-2689.7 -4640.2 -17.6 152 0 28.2 14.0 17.5 0.0 0 0 5 0 0
-2706.3 -4609.0 -17.8 152 0 28.2 14.0 17.5 0.0 0 0 5 2 2
-2723.6 -4580.2 -17.9 152 0 28.2 14.0 17.5 0.0 0 0 5 1 1
-2569.4 -4627.4 -15.4 78 0 13.6 29.5 17.5 0.0 0 1 5 5 5
-2585.9 -4597.3 -16.0 78 0 13.6 29.6 17.5 0.0 0 1 5 3 3
-2611.9 -4537.2 -16.1 239 0 7.6 29.5 10.5 0.0 0 1 3 5 5
-2630.0 -4508.6 -16.3 240 0 7.5 29.5 10.5 0.0 0 1 3 2 2
-2595.8 -4488.0 -15.7 239 0 7.6 29.5 10.5 0.0 0 1 3 5 5
-2568.9 -4525.3 -15.5 332 0 26.0 14.0 17.5 0.0 0 0 5 1 1
-2551.5 -4554.6 -15.3 332 0 26.0 14.0 17.5 0.0 0 0 5 0 0
-2538.1 -4606.3 -15.2 78 0 13.6 29.6 17.5 0.0 0 1 5 5 5
-2644.7 -4659.1 -15.3 150 0 21.4 15.2 17.5 3.5 2 0 5 2 2
-2659.1 -4633.9 -17.1 150 0 21.4 15.2 17.5 0.0 0 0 5 2 2
-2673.5 -4609.0 -17.2 150 0 21.4 15.2 17.5 3.5 4 0 5 4 4
-2686.9 -4584.4 -17.4 150 0 21.4 15.2 17.5 3.5 2 0 5 5 5
-2594.0 -4641.4 -15.0 60 0 15.2 21.4 17.5 3.5 2 1 5 1 1
-2619.6 -4611.9 -16.4 150 0 21.4 15.2 17.5 3.5 2 0 5 1 1
-2632.5 -4585.8 -16.5 150 0 21.4 15.2 17.5 3.5 2 0 5 4 4
-2647.5 -4562.0 -16.7 150 0 21.4 15.2 17.5 3.5 2 0 5 5 5
-2679.5 -4492.1 -17.0 240 0 15.2 21.4 17.5 3.5 2 1 5 3 3
-2693.2 -4467.0 -17.1 240 0 15.2 21.4 17.5 3.5 2 1 5 3 3
-2708.9 -4442.9 -17.2 240 0 15.2 21.4 17.5 3.5 2 1 5 4 4
-2750.5 -4466.2 -17.1 240 0 15.2 21.4 17.5 3.5 4 1 5 2 2
-2734.4 -4491.6 -17.7 240 0 15.2 21.4 17.5 3.5 2 1 5 0 0
-2720.0 -4516.9 -17.7 240 0 15.2 21.4 17.5 3.5 4 1 5 3 3
-2653.1 -4466.6 -16.5 239 0 7.6 29.5 10.5 0.0 0 1 3 5 5
-2619.7 -4448.1 -15.9 240 0 7.5 29.5 10.5 0.0 0 1 3 0 0
-2812.2 -4487.3 -17.4 237 0 7.8 44.2 10.5 0.0 0 1 3 1 1
-2779.6 -4467.4 -17.4 237 0 7.8 44.2 10.5 0.0 0 1 3 1 1
-2677.1 -4423.6 -16.6 237 0 7.8 44.2 10.5 0.0 0 1 3 3 3
-2644.8 -4405.1 -16.0 237 0 7.8 44.2 10.5 0.0 0 1 3 2 2
-6770.9 7825.3 5.9 274 0 162.3 49.2 7.5 0.0 0 0 3 1 1
3728.8 3761.0 -15.4 99 0 22.9 11.7 7.5 2.5 2 0 3 0 0
6927.5 2828.8 -18.2 25 0 51.9 319.4 10.5 0.0 0 1 3 2 2
4047.4 1642.0 -2.0 166 0 54.5 22.4 17.5 3.5 2 0 5 3 3
4117.8 1599.1 -5.8 76 0 40.2 89.5 17.5 0.0 0 1 5 1 1
4146.1 1698.0 -3.3 256 0 15.6 57.6 17.5 3.5 2 1 5 3 3
4171.8 1589.8 -2.6 76 0 16.1 44.4 17.5 3.5 4 1 5 2 2
4166.7 1750.4 -0.7 256 0 17.2 30.8 17.5 3.5 2 1 5 2 2
4182.0 1797.9 -0.2 256 0 13.3 30.4 17.5 3.5 4 1 5 2 2
4191.7 1759.6 -2.5 256 0 15.5 32.3 17.5 3.5 2 1 5 4 4
4226.9 1691.4 -2.5 346 0 58.8 21.6 17.5 3.5 2 0 5 5 5
4235.2 1609.4 -3.3 76 0 18.7 45.4 17.5 3.5 4 1 5 4 4
4203.0 1603.9 -1.9 76 0 21.0 107.9 17.5 0.0 0 1 5 0 0
4250.9 1583.1 -4.3 89 0 99.7 12.9 17.5 3.5 2 0 5 2 2
4489.7 1685.4 10.9 72 0 84.6 31.7 17.5 0.0 0 0 5 5 5
4516.9 1774.6 13.8 344 0 50.5 82.8 17.5 0.0 0 1 5 2 2
4392.1 1746.4 14.7 167 0 52.0 20.3 17.5 0.0 0 0 5 5 5
4374.4 1746.1 13.0 167 0 42.7 15.0 17.5 3.5 2 0 5 1 1
4342.9 1734.5 9.8 167 0 47.1 13.3 17.5 3.5 2 0 5 0 0
4341.8 1795.9 7.4 167 0 44.8 145.4 17.5 0.0 0 1 5 5 5
4444.7 1936.9 14.7 254 0 19.9 73.1 17.5 3.5 2 1 5 0 0
4416.3 1928.5 15.9 254 0 15.6 70.3 17.5 3.5 2 1 5 3 3
4343.5 1912.1 8.5 257 0 78.5 27.4 17.5 0.0 0 0 5 2 2
4318.5 1850.7 5.1 167 0 34.9 78.5 17.5 0.0 0 1 5 1 1
4521.1 1620.4 -1.3 253 0 80.1 109.4 17.5 0.0 0 1 5 3 3
4437.8 1589.3 -4.1 253 0 68.2 106.2 17.5 0.0 0 1 5 5 5
4471.1 1319.0 2.8 74 0 85.8 116.3 17.5 0.0 0 1 5 4 4
4229.3 1542.0 11.9 293 0 29.5 14.1 17.5 3.5 2 0 5 5 5
4259.4 1257.9 2.6 23 0 23.8 63.7 17.5 3.5 2 1 5 2 2
4112.6 1430.4 -4.7 203 0 207.9 95.0 17.5 0.0 0 0 5 5 5
4036.7 1238.4 -5.7 203 0 147.6 93.9 17.5 0.0 0 0 5 0 0
3308.6 1115.4 -1.0 188 0 98.7 325.4 12.5 0.0 0 1 5 5 5
2843.4 -6026.4 3.4 92 0 109.4 41.9 10.5 0.0 0 0 3 2 2
-5335.0 6158.5 2.4 32 0 91.9 300.5 14.0 0.0 0 1 4 2 2
-5530.6 5333.1 -7.2 360 0 61.8 18.1 17.5 2.5 2 0 7 4 4
-3087.8 5218.0 3.9 180 0 82.5 34.3 14.0 0.0 0 0 4 1 1
-610.7 326.9 -2.3 91 0 29.8 28.0 17.5 0.0 0 0 5 1 1
-5238.4 -288.0 -17.8 180 0 30.1 233.4 10.0 0.0 0 1 4 1 1
-5072.7 -662.3 -13.2 91 0 161.6 139.9 12.5 0.0 0 0 5 3 3
-5139.5 -399.3 -12.4 181 0 83.4 210.2 15.0 0.0 0 1 6 1 1
-6201.0 -4206.0 -22.4 5 0 30.8 13.5 12.5 2.5 2 0 5 3 3
-6221.1 -4205.0 -22.2 7 0 38.0 25.8 7.5 0.0 0 0 3 5 5
-6151.5 -4278.6 -21.4 45 0 26.3 46.0 12.5 0.0 0 1 5 4 4
-3147.5 3421.2 -20.2 39 0 11.6 97.3 17.5 3.5 2 1 5 2 2
-3421.9 -4621.3 -8.4 90 0 117.2 82.5 17.5 0.0 0 0 5 3 3
-3424.1 -4441.5 -0.9 268 0 115.2 82.4 17.5 0.0 0 0 5 5 5
