5060.5 9564.1 -3.0 76 0 23.9 50.9 7.5 0.0 0 1 3 4 4
-6824.1 2683.4 -16.9 25 0 109.2 468.1 10.0 0.0 0 1 4 2 2
-2797.8 1514.0 -2.8 1 0 81.8 41.8 14.0 0.0 0 0 4 0 0
-2612.8 2152.7 5.4 272 0 61.9 47.2 10.0 0.0 0 0 4 1 1
-1759.5 1310.9 4.0 92 0 26.4 41.6 14.0 0.0 0 1 4 2 2
-1750.5 1417.7 7.1 31 0 13.6 27.3 14.0 3.5 2 1 4 1 1
-1681.7 1155.7 0.2 101 0 94.4 49.9 17.5 0.0 0 0 5 2 2
-1668.6 1099.2 -2.3 95 0 74.8 15.3 17.5 3.5 2 0 5 1 1
-1565.7 1089.1 -2.9 94 0 16.2 37.9 17.5 0.0 0 1 5 2 2
-1499.3 1182.9 0.8 35 0 26.4 58.1 17.5 0.0 0 1 5 0 0
-1530.7 1291.7 5.9 96 0 15.7 66.8 17.5 3.5 2 1 5 5 5
-1484.0 1380.4 -3.9 272 0 41.3 21.4 17.5 0.0 0 0 5 4 4
4667.6 -60.7 -4.7 344 0 16.2 34.4 10.5 3.5 2 1 3 1 1
4670.7 -137.2 -5.4 256 0 60.3 22.2 14.0 3.5 2 0 4 2 2
4713.2 -237.4 -2.3 76 0 37.7 69.3 14.0 0.0 0 1 4 0 0
4548.9 -228.8 -5.9 166 0 47.9 136.5 14.0 0.0 0 1 4 0 0
4559.7 -92.7 -5.3 79 0 100.9 115.9 10.5 0.0 0 1 3 4 4
4415.7 -106.0 13.6 2 0 11.7 59.3 14.0 3.5 2 1 4 2 2
-1707.5 1307.0 4.5 94 0 15.9 23.9 14.0 3.5 2 1 4 5 5
-1683.2 1359.7 5.7 19 0 38.4 10.2 14.0 3.5 2 0 4 1 1
-1701.7 1365.2 5.6 17 0 42.2 11.1 14.0 3.5 2 0 4 5 5
-1834.4 1314.1 3.3 94 0 27.7 11.3 14.0 3.5 2 0 4 3 3
544.1 2551.2 -8.4 64 0 14.3 9.4 5.0 2.5 2 0 2 0 0
1267.9 1699.5 8.8 286 0 50.0 41.4 10.0 0.0 0 0 4 0 0
1168.2 1736.6 16.1 288 0 54.9 33.7 12.5 0.0 0 0 5 4 4
86.5 1784.7 -9.0 21 0 6.3 17.5 5.0 2.5 2 1 2 2 2
167.3 1692.5 -6.1 106 0 16.1 30.0 14.0 0.0 0 1 4 3 3
196.3 1786.3 -4.9 286 0 18.1 61.4 14.0 3.5 2 1 4 3 3
1001.5 1314.5 5.3 119 0 14.5 43.4 10.0 2.5 2 1 4 3 3
1053.1 1341.2 2.7 299 0 13.5 43.7 7.5 2.5 2 1 3 2 2
1113.5 1321.4 -2.5 299 0 12.6 52.0 12.5 2.5 2 1 5 1 1
1081.1 1328.4 0.1 299 0 13.9 41.9 10.0 2.5 2 1 4 0 0
1032.5 1240.2 -1.5 119 0 14.2 46.3 12.5 2.5 4 1 5 2 2
1076.7 1243.1 -4.2 28 0 48.1 11.0 12.5 2.5 2 0 5 3 3
-2306.4 2895.8 3.3 200 0 45.4 12.2 17.5 3.5 2 0 5 0 0
-2293.2 2946.6 2.7 188 0 44.1 11.7 17.5 3.5 2 0 5 0 0
-2295.9 3016.6 4.8 169 0 47.4 9.9 10.5 3.5 4 0 3 3 3
-2261.6 2938.2 0.4 179 0 41.6 12.9 17.5 3.5 2 0 5 3 3
-2255.2 2865.6 0.9 89 0 13.9 41.8 17.5 3.5 4 1 5 0 0
-2216.7 3019.3 3.5 0 0 48.0 11.5 17.5 0.0 0 0 5 4 4
-2255.5 3000.6 4.6 90 0 11.1 40.8 17.5 3.5 2 1 5 5 5
-2249.1 3074.3 8.3 0 0 40.0 11.9 17.5 3.5 2 0 5 5 5
-2248.6 3138.2 8.0 0 0 44.9 11.9 17.5 3.5 2 0 5 0 0
-2216.1 3094.1 7.3 0 0 86.5 12.6 17.5 3.5 4 0 5 1 1
-2108.7 2600.1 0.5 201 0 46.5 10.6 17.5 3.5 2 0 5 1 1
-2127.9 2592.0 2.2 21 0 63.8 12.2 17.5 3.5 2 0 5 4 4
-2133.3 2539.9 3.7 201 0 69.2 11.2 17.5 3.5 2 0 5 2 2
-2086.9 2567.7 -0.6 111 0 11.3 44.5 17.5 0.0 0 1 5 0 0
-2063.6 2557.0 -1.2 111 0 10.6 46.9 17.5 3.5 2 1 5 1 1
-2036.7 2549.8 -2.0 112 0 11.3 46.5 17.5 3.5 2 1 5 0 0
-2098.1 2633.3 -2.3 198 0 14.6 67.7 17.5 0.0 0 1 5 4 4
-2000.2 2606.5 -3.6 288 0 49.2 13.2 17.5 0.0 0 0 5 3 3
-1990.7 2331.0 -8.6 32 0 76.5 12.2 17.5 3.5 2 0 5 4 4
-2072.5 2201.0 -12.8 29 0 43.3 10.1 17.5 3.5 2 0 5 4 4
-2028.8 2261.9 -11.6 28 0 75.1 14.0 17.5 0.0 0 0 5 4 4
-2186.0 1928.9 -1.9 92 0 12.4 31.8 14.0 3.5 2 1 4 1 1
-2183.6 2003.1 -2.9 189 0 39.9 11.5 14.0 3.5 2 0 4 4 4
-2186.6 2078.6 -5.5 182 0 24.4 11.9 14.0 3.5 2 0 4 3 3
-2153.2 1905.3 -0.4 94 0 40.6 13.4 14.0 3.5 2 0 4 3 3
-2215.9 2037.7 -6.6 184 0 103.2 13.2 14.0 3.5 2 0 4 3 3
-2255.1 2612.5 5.7 15 0 14.2 62.0 17.5 3.5 2 1 5 2 2
-1949.5 1888.3 7.6 95 0 13.3 33.0 14.0 0.0 0 1 4 4 4
-1968.9 1893.4 6.7 95 0 11.2 41.6 14.0 3.5 2 1 4 3 3
-1990.2 1893.4 5.7 95 0 12.4 55.0 14.0 3.5 2 1 4 2 2
-1992.7 2076.1 2.9 281 0 12.7 46.8 14.0 3.5 2 1 4 4 4
-2038.2 2054.7 1.7 192 0 31.6 15.1 14.0 3.5 2 0 4 4 4
-2018.4 1897.2 4.8 96 0 14.5 43.9 14.0 3.5 2 1 4 0 0
-1853.8 2042.5 -0.2 278 0 9.2 54.3 10.5 3.5 2 1 3 4 4
-1872.8 2041.2 1.5 280 0 11.0 54.2 14.0 0.0 0 1 4 5 5
-1871.9 1928.6 4.1 90 0 14.2 49.7 14.0 3.5 2 1 4 0 0
-1896.2 1934.9 5.2 90 0 11.9 40.5 14.0 0.0 0 1 4 1 1
-1914.8 1915.5 6.5 123 0 11.4 20.4 14.0 3.5 2 1 4 5 5
-1934.0 1927.6 6.1 123 0 12.8 44.2 14.0 3.5 2 1 4 1 1
-1955.8 1940.7 6.6 123 0 14.0 44.6 14.0 0.0 0 1 4 2 2
-1976.6 1953.9 5.9 123 0 13.3 34.7 14.0 3.5 2 1 4 5 5
-1945.3 2060.8 4.9 277 0 11.6 64.0 14.0 3.5 2 1 4 0 0
-1923.1 2039.2 5.0 277 0 12.4 52.6 14.0 3.5 2 1 4 1 1
-1898.1 2046.9 3.5 277 0 12.5 58.9 14.0 3.5 2 1 4 1 1
-1844.4 2101.2 -4.6 268 0 44.5 14.4 14.0 3.5 4 0 4 1 1
-1860.1 2083.4 -1.7 273 0 13.8 36.7 14.0 3.5 2 1 4 4 4
-1832.0 2084.0 -4.3 273 0 14.5 37.5 14.0 0.0 0 1 4 0 0
-1739.1 2079.7 -10.0 273 0 12.9 55.2 14.0 3.5 2 1 4 1 1
-1752.6 2015.5 -8.3 3 0 17.1 22.2 14.0 3.5 2 1 4 0 0
-1772.4 2077.9 -8.1 273 0 14.3 31.9 14.0 3.5 2 1 4 3 3
-1787.6 2042.0 -6.5 273 0 13.9 49.3 14.0 3.5 2 1 4 3 3
-1799.3 2081.6 -6.5 271 0 14.9 36.7 14.0 3.5 2 1 4 5 5
-1767.8 2098.4 -9.9 271 0 78.9 13.6 14.0 3.5 4 0 4 4 4
-5360.7 2179.5 8.0 289 0 32.6 12.9 14.0 3.5 2 0 4 3 3
-5277.0 2169.0 9.8 271 0 124.4 18.1 14.0 0.0 0 0 4 2 2
-5185.1 2163.9 12.6 271 0 34.7 18.8 14.0 0.0 0 0 4 0 0
-5011.1 2151.5 3.8 2 0 14.5 37.1 14.0 3.5 2 1 4 1 1
-4458.9 1679.8 -12.8 213 0 15.9 47.3 12.5 2.5 2 1 5 2 2
-4388.8 1637.1 -12.1 315 0 25.1 55.8 10.0 2.5 2 1 4 5 5
-4121.8 1554.7 -3.4 30 0 13.8 23.1 14.0 3.5 2 1 4 2 2
-4020.1 1448.9 -7.9 298 0 109.4 15.0 14.0 0.0 0 0 4 5 5
-3939.3 1398.0 -7.6 298 0 24.3 21.8 14.0 0.0 0 0 4 3 3
-3549.6 1318.9 -12.9 83 0 37.1 10.3 14.0 3.5 2 0 4 0 0
-3673.4 1318.1 -5.8 97 0 43.3 12.9 14.0 3.5 4 0 4 5 5
-3422.4 1516.7 -14.5 263 0 11.5 68.9 10.5 3.5 2 1 3 1 1
-3445.7 1513.5 -14.5 263 0 11.2 71.1 10.5 3.5 2 1 3 2 2
-3415.3 1415.4 -15.1 83 0 26.7 17.9 10.5 3.5 2 0 3 5 5
-3466.4 1400.6 -14.9 173 0 19.5 24.8 10.5 3.5 2 1 3 4 4
-3474.2 1465.5 -14.5 173 0 72.6 12.9 10.5 3.5 2 0 3 5 5
-3120.9 1735.3 -1.4 357 0 51.2 23.5 12.5 2.5 2 0 5 1 1
-3088.7 1866.9 -5.2 75 0 11.7 48.1 14.0 3.5 2 1 4 3 3
-3117.3 1862.9 -2.0 75 0 13.5 55.3 14.0 3.5 2 1 4 0 0
-3089.1 1818.6 -5.7 356 0 60.5 11.4 17.5 3.5 2 0 5 4 4
-3034.9 1774.9 -1.8 278 0 10.8 38.2 17.5 3.5 2 1 5 1 1
-3078.6 1733.6 -0.7 177 0 43.2 19.0 17.5 0.0 0 0 5 5 5
-2944.2 1834.1 -5.4 271 0 10.6 61.7 17.5 3.5 2 1 5 1 1
-2944.9 1746.7 -1.6 360 0 22.9 11.0 17.5 3.5 4 0 5 2 2
-2974.0 1748.1 -1.5 360 0 27.7 13.7 17.5 3.5 2 0 5 1 1
-2949.1 1655.7 1.0 359 0 8.8 26.9 10.5 3.5 2 1 3 0 0
-2946.5 1695.3 -0.2 360 0 62.3 15.0 17.5 3.5 2 0 5 0 0
-2980.6 1693.5 0.4 359 0 60.9 13.1 17.5 3.5 2 0 5 1 1
-2793.7 1686.2 -5.6 360 0 62.7 11.9 17.5 3.5 2 0 5 2 2
-2911.5 1600.2 -1.8 180 0 7.2 62.0 10.5 3.5 2 1 3 4 4
-2891.7 1628.7 -1.4 180 0 43.3 12.5 17.5 0.0 0 0 5 5 5
-2861.4 1606.3 -2.3 90 0 12.5 43.3 17.5 3.5 2 1 5 4 4
-2405.9 1549.7 -13.0 270 0 12.9 49.5 17.5 3.5 2 1 5 2 2
-2244.3 1732.7 -2.4 295 0 13.0 44.7 17.5 3.5 4 1 5 3 3
-2223.9 1740.5 -0.7 102 0 12.6 33.0 17.5 3.5 2 1 5 0 0
-351.9 5897.7 -1.6 38 0 19.5 42.4 14.0 3.5 2 1 4 3 3
-1951.1 2105.9 3.0 273 0 57.9 13.7 14.0 3.5 2 0 4 5 5
-1895.3 2103.7 -1.2 271 0 54.0 14.0 14.0 3.5 2 0 4 2 2
-1747.1 2145.7 -13.7 93 0 13.3 50.6 10.0 2.5 2 1 4 5 5
-1826.5 2252.9 -17.1 184 0 47.6 12.7 10.0 2.5 2 0 4 3 3
-1828.6 2146.9 -11.9 94 0 12.8 72.8 10.0 2.5 2 1 4 2 2
-1850.3 2268.4 -16.8 184 0 68.7 14.4 12.5 2.5 2 0 5 4 4
-1856.7 2192.1 -11.0 184 0 63.7 14.0 17.5 3.5 2 0 5 4 4
-1936.2 2427.2 -2.4 17 0 21.9 12.8 17.5 3.5 2 0 5 3 3
-1956.5 2386.2 -4.4 29 0 44.4 13.2 17.5 3.5 2 0 5 3 3
-1878.4 2304.3 -15.7 0 0 36.0 66.3 17.5 0.0 0 1 5 0 0
-2628.5 1691.3 -9.7 270 0 10.8 46.3 17.5 3.5 2 1 5 4 4
-2598.5 1601.6 -9.0 359 0 13.7 34.1 17.5 3.5 2 1 5 0 0
-2644.5 1596.5 -8.4 88 0 14.7 39.7 17.5 3.5 2 1 5 3 3
-2543.9 1566.4 -10.4 271 0 13.6 34.8 17.5 3.5 2 1 5 5 5
-2554.5 1598.3 -10.8 91 0 11.1 48.7 14.0 3.5 2 1 4 2 2
-2559.3 1743.7 -11.1 268 0 9.6 80.8 10.5 3.5 2 1 3 4 4
-2469.1 1676.5 -11.6 359 0 16.2 71.2 14.0 3.5 4 1 4 2 2
-2495.0 1339.3 -10.7 1 0 33.4 14.6 17.5 3.5 4 0 5 0 0
-2341.8 1174.8 -13.7 290 0 92.9 15.8 14.0 3.5 2 0 4 0 0
-2087.3 1658.6 -0.7 274 0 12.0 20.8 17.5 3.5 2 1 5 1 1
-2112.5 1699.5 0.5 274 0 14.1 40.1 17.5 3.5 2 1 5 5 5
-2046.8 1699.0 2.5 269 0 13.9 39.2 17.5 3.5 2 1 5 4 4
