-1510.7 8048.7 -3.4 134 0 52.1 16.9 7.5 2.5 2 0 3 4 4
-4182.3 8650.4 -10.8 195 0 162.6 141.5 10.5 0.0 0 0 3 3 3
-4117.6 9193.8 -9.3 91 0 15.6 23.7 14.0 3.5 2 1 4 0 0
-4095.8 9128.3 -8.7 269 0 57.5 20.4 14.0 3.5 2 0 4 1 1
-4103.0 9143.5 -8.6 89 0 6.3 23.9 10.5 3.5 2 1 3 1 1
-4087.2 9186.7 -8.7 273 0 33.7 18.9 14.0 0.0 0 0 4 0 0
-4085.9 9193.6 -8.8 90 0 33.1 21.6 14.0 0.0 0 0 4 2 2
-4040.9 9161.7 -8.6 1 0 35.0 16.4 14.0 0.0 0 0 4 0 0
-3782.7 9225.1 -4.9 182 0 10.9 38.1 10.5 3.5 2 1 3 4 4
-3695.5 9220.6 -5.4 352 0 9.2 44.0 10.5 3.5 2 1 3 4 4
-3735.7 9188.2 -4.8 83 0 7.2 11.6 10.5 3.5 2 1 3 1 1
-3789.5 9211.6 -5.0 3 0 38.5 15.2 10.5 3.5 2 0 3 4 4
-3799.0 9161.5 -4.3 91 0 16.4 27.0 14.0 3.5 2 1 4 1 1
-3727.2 9159.1 -5.2 87 0 30.0 11.5 14.0 3.5 2 0 4 0 0
-3704.2 9160.3 -5.4 87 1 10.5 10.6 14.0 3.5 2 1 4 0 0
-4166.6 9133.5 -10.5 1 0 30.5 42.8 10.5 0.0 0 1 3 5 5
-4117.2 9136.1 -9.0 91 0 16.6 50.5 14.0 3.5 4 1 4 5 5
-3741.8 9179.1 -5.2 181 0 10.7 31.3 14.0 3.5 2 1 4 0 0
-3731.6 9201.8 -4.9 93 0 17.6 10.9 10.5 3.5 2 0 3 1 1
-3697.7 9206.4 -5.4 2 0 11.6 22.5 14.0 3.5 2 1 4 0 0
-3682.0 9157.8 -5.8 65 0 21.5 36.7 10.5 0.0 0 1 3 0 0
-3782.8 9210.2 -4.6 183 0 11.3 25.8 14.0 3.5 2 1 4 2 2
-3749.4 9202.3 -4.7 94 0 10.2 11.6 10.5 3.5 2 1 3 0 0
-3772.3 9189.1 -4.3 92 0 22.3 12.4 14.0 0.0 0 0 4 4 4
-3751.8 9188.5 -4.6 93 0 13.9 11.5 7.0 3.5 4 0 2 1 1
-3777.5 9175.3 -4.1 89 0 12.3 9.7 10.5 3.5 2 0 3 2 2
-3746.5 9165.6 -4.6 2 0 12.1 38.0 14.0 3.5 2 1 4 5 5
-3721.3 9232.6 -5.5 93 0 27.5 16.6 14.0 3.5 2 0 4 3 3
-3740.6 9243.8 -5.4 2 0 11.4 53.5 14.0 3.5 2 1 4 1 1
