-6430.6 6311.4 -3.3 360 0 40.8 21.0 7.5 0.0 0 0 3 5 5
-6517.5 6340.0 -2.8 270 0 65.9 40.1 12.5 0.0 0 0 5 2 2
-6577.1 6340.5 -1.8 270 0 25.6 40.8 7.5 0.0 0 1 3 4 4
5389.3 7078.1 -7.3 189 0 348.2 72.3 12.5 0.0 0 0 5 3 3
5561.3 7363.9 -7.9 189 0 148.5 98.0 10.0 0.0 0 0 4 5 5
5649.6 7651.1 -8.5 279 0 108.4 170.1 10.0 0.0 0 1 4 2 2
-2925.1 9245.6 -0.7 267 0 90.1 31.3 10.0 0.0 0 0 4 0 0
-4372.4 4786.0 6.2 97 0 23.1 57.7 14.0 3.5 2 1 4 5 5
-4311.9 4828.9 6.7 7 0 63.1 29.8 14.0 0.0 0 0 4 1 1
-238.6 3852.0 9.2 267 0 26.3 14.6 14.0 3.5 2 0 4 3 3
-224.6 3652.3 6.9 88 0 81.7 168.0 14.0 0.0 0 1 4 0 0
-2785.1 -10985.8 -11.1 4 0 41.4 15.7 14.0 3.5 2 0 4 4 4
-2821.2 -11014.5 -10.9 89 0 17.7 50.4 14.0 3.5 2 1 4 4 4
-2795.9 -10945.0 -8.7 269 0 13.4 15.5 14.0 3.5 2 1 4 2 2
-2657.6 -10996.3 -13.1 88 0 10.6 48.6 14.0 3.5 4 1 4 4 4
-2634.2 -10994.9 -13.2 87 0 11.0 48.0 14.0 3.5 2 1 4 1 1
-2609.1 -10993.4 -13.1 87 0 12.2 47.0 14.0 3.5 2 1 4 5 5
-2550.9 -10982.7 -13.3 87 0 11.3 35.0 14.0 3.5 2 1 4 0 0
-2607.9 -10936.8 -11.1 88 0 13.6 38.9 14.0 3.5 2 1 4 5 5
-2557.8 -10933.2 -12.7 89 0 14.0 34.0 14.0 3.5 2 1 4 3 3
-2525.5 -10982.9 -14.1 79 0 7.7 37.8 10.5 3.5 2 1 3 5 5
-2535.9 -10928.7 -13.9 85 0 11.1 28.8 14.0 3.5 2 1 4 2 2
-2712.0 -10511.8 -28.6 144 0 86.1 24.9 5.0 0.0 0 0 2 5 5
-3376.0 -9238.9 -9.1 250 0 94.6 189.7 12.5 0.0 0 1 5 3 3
-1934.7 -9179.6 -26.8 9 0 86.0 86.8 14.0 0.0 0 1 4 0 0
-3938.7 -8440.8 -21.4 171 0 12.9 17.0 7.5 2.5 4 1 3 1 1
-3917.8 -8592.0 -17.4 84 0 16.6 25.3 12.5 0.0 0 1 5 0 0
-4239.4 -8545.0 -14.1 132 0 9.2 25.7 7.5 0.0 0 1 3 0 0
-4232.5 -8402.7 -5.7 204 0 14.2 27.4 12.5 0.0 0 1 5 2 2
-4191.2 -8328.4 -3.3 339 0 40.8 10.6 10.0 2.5 2 0 4 3 3
-4039.4 -8309.5 -13.6 83 0 9.2 15.9 7.5 2.5 2 1 3 0 0
-3933.7 -8192.6 -17.1 96 0 7.4 14.6 5.0 2.5 2 1 2 0 0
-3988.3 -8134.5 -11.0 210 0 16.1 13.8 10.0 0.0 0 0 4 1 1
-3980.9 -7859.5 -10.1 53 0 11.0 14.8 14.0 3.5 2 0 4 4 4
-4056.3 -7786.1 -2.0 332 0 19.1 14.9 14.0 3.5 2 0 4 1 1
-4090.3 -7770.8 1.3 211 0 11.9 20.4 14.0 0.0 0 1 4 3 3
-4073.6 -7727.3 -0.1 297 0 9.7 17.6 10.5 3.5 4 1 3 3 3
-4007.9 -7743.7 -5.9 118 0 12.0 20.6 10.5 3.5 2 1 3 2 2
-4042.8 -7634.1 -2.3 45 0 13.0 17.2 14.0 3.5 2 1 4 5 5
-3893.1 -7513.1 4.7 11 0 7.2 13.2 10.5 3.5 2 0 3 5 5
-3867.6 -7483.2 0.5 59 0 20.2 14.6 14.0 0.0 0 0 4 5 5
-3829.9 -7463.8 -3.0 194 0 8.7 24.5 10.5 3.5 2 1 3 4 4
-4627.0 -6255.0 1.3 201 0 14.7 15.1 12.5 2.5 2 1 5 3 3
-4908.2 -6514.9 14.0 147 0 8.1 16.7 7.5 2.5 2 1 3 4 4
-4927.3 1187.6 15.5 123 0 16.8 21.3 14.0 3.5 2 1 4 5 5
-4832.9 1163.9 11.2 35 0 10.2 24.1 14.0 3.5 2 1 4 5 5
-5276.4 1229.0 15.3 289 0 18.0 16.3 10.5 3.5 2 0 3 1 1
-4316.9 1188.9 6.4 44 0 21.8 24.5 14.0 3.5 2 1 4 3 3
-4284.3 1199.6 6.7 153 0 12.3 38.1 10.5 3.5 2 1 3 5 5
-4115.6 1407.3 5.4 40 0 30.4 15.8 12.5 2.5 2 0 5 0 0
-4123.5 1466.4 -1.2 262 0 23.7 17.4 12.5 2.5 2 0 5 3 3
-4188.1 1300.0 6.8 256 0 13.2 12.3 10.5 0.0 0 0 3 4 4
-4171.8 1276.7 5.5 230 0 11.7 13.1 10.5 3.5 2 1 3 3 3
-4132.5 1241.1 3.8 66 0 5.7 16.6 10.5 3.5 2 1 3 2 2
-4274.3 1272.0 8.6 41 1 16.6 13.0 14.0 0.0 0 0 4 0 0
-4234.5 1456.7 1.5 267 1 17.2 10.4 14.0 3.5 2 0 4 5 5
-4664.2 1242.0 8.0 128 0 12.7 21.3 7.5 2.5 2 1 3 2 2
-4748.3 1243.2 6.8 100 0 8.1 16.5 5.0 2.5 4 1 2 1 1
-4367.7 2091.1 5.0 307 0 23.9 47.1 10.5 3.5 4 1 3 3 3
-4284.0 1925.4 5.7 155 0 14.7 19.7 7.5 2.5 2 1 3 3 3
-3913.0 1930.3 8.0 63 0 20.0 21.1 10.5 3.5 2 1 3 1 1
-4516.9 1625.5 1.6 124 0 13.5 21.0 10.5 3.5 2 1 3 2 2
-3899.1 1220.0 -0.7 211 0 16.4 20.6 10.5 3.5 2 1 3 0 0
-3905.9 2007.7 9.2 178 0 10.7 21.5 10.5 3.5 2 1 3 5 5
-3741.8 1960.8 8.0 15 0 16.1 17.1 10.5 3.5 2 1 3 2 2
-3684.7 1995.1 5.6 126 0 17.4 21.7 10.5 3.5 2 1 3 4 4
-3660.7 1986.2 5.1 97 0 13.8 22.5 10.5 0.0 0 1 3 5 5
-3620.2 2005.4 4.1 305 0 30.6 14.4 10.5 3.5 2 0 3 2 2
-3575.8 1993.8 3.2 320 0 13.2 23.5 10.5 3.5 2 1 3 0 0
-3957.6 -7243.2 -13.1 183 0 12.9 15.8 14.0 3.5 2 1 4 3 3
-3794.1 -7076.2 -15.4 14 0 18.8 11.5 14.0 0.0 0 0 4 2 2
-3913.1 -7192.0 -13.7 188 0 11.2 14.9 14.0 3.5 2 1 4 1 1
-3858.5 -7031.4 -15.1 191 0 8.1 17.0 10.5 3.5 4 1 3 0 0
-4018.8 -7303.0 -7.3 0 0 11.0 24.8 12.5 2.5 2 1 5 3 3
-4175.2 -7189.3 -9.1 174 0 13.7 34.9 12.5 2.5 2 1 5 0 0
-4289.8 -7466.3 2.7 46 0 19.3 22.7 10.0 2.5 2 1 4 5 5
-4255.5 -6353.5 -4.8 229 0 24.2 11.7 10.0 2.5 2 0 4 1 1
-4156.0 -6312.9 -3.3 317 0 13.6 11.7 5.0 2.5 4 0 2 5 5
-4186.2 -6266.3 -0.8 167 0 37.9 11.9 10.0 2.5 2 0 4 5 5
-4188.6 -6200.2 -2.6 346 0 14.7 7.8 5.0 2.5 2 0 2 4 4
-4233.2 -6185.0 -3.6 142 0 24.9 22.7 10.0 2.5 2 0 4 0 0
-4408.3 -6233.7 2.4 145 0 18.2 16.6 12.5 2.5 2 0 5 0 0
-4403.2 -6163.5 -1.2 294 0 14.6 24.5 10.0 2.5 2 1 4 2 2
-4465.5 -6342.3 -2.2 278 0 14.0 21.0 12.5 2.5 2 1 5 1 1
-4078.2 -6030.4 -5.9 297 0 11.6 31.2 10.0 2.5 2 1 4 1 1
-4148.3 -5966.5 -0.1 308 0 14.7 15.9 5.0 2.5 2 1 2 4 4
-4150.1 -5603.9 -0.7 141 0 29.1 16.0 12.5 2.5 2 0 5 1 1
-4120.2 -5578.3 -2.5 10 0 31.7 17.2 15.0 0.0 0 0 6 0 0
-4220.1 -5457.5 -6.3 315 0 24.9 19.2 7.5 2.5 2 0 3 4 4
-4264.8 -5442.2 -6.8 225 0 8.9 29.1 7.5 2.5 2 1 3 1 1
-4305.0 -5538.4 -2.5 132 0 11.2 22.1 12.5 2.5 2 1 5 4 4
-4211.6 -5749.2 -0.2 24 0 12.4 20.6 2.5 2.5 2 1 1 1 1
-4207.4 -5800.8 -2.7 12 0 18.1 13.8 5.0 2.5 2 0 2 1 1
-4251.3 -5855.7 -5.1 84 0 17.8 16.3 12.5 2.5 2 0 5 2 2
-3990.7 -6933.0 -13.3 109 0 12.6 26.4 14.0 3.5 2 1 4 1 1
-4246.1 -6957.7 -10.3 272 0 13.7 9.8 10.5 0.0 0 0 3 4 4
-4304.2 -6943.3 -9.2 291 0 19.0 14.6 14.0 3.5 2 0 4 0 0
-4244.7 -7037.6 -10.1 3 0 14.1 16.6 14.0 0.0 0 1 4 2 2
-4292.9 -7062.1 -9.4 107 0 8.0 22.4 10.5 3.5 2 1 3 1 1
-4352.1 -7056.9 -8.2 215 0 22.4 10.0 14.0 3.5 2 0 4 1 1
-4521.9 -6890.4 -3.7 100 0 12.8 21.9 10.5 3.5 2 1 3 4 4
-4607.8 -6942.8 -1.8 281 0 11.2 20.2 14.0 3.5 2 1 4 2 2
-4688.3 -6926.2 0.9 138 0 11.1 13.8 14.0 3.5 2 1 4 1 1
-4378.9 -6965.2 -8.1 164 0 15.8 23.7 14.0 3.5 4 1 4 0 0
-1667.8 -7942.6 -1.5 106 0 14.3 16.9 7.5 2.5 2 1 3 5 5
-6106.1 3536.0 14.1 21 0 12.3 31.4 10.0 0.0 0 1 4 0 0
-6073.4 3688.2 15.9 340 0 14.7 24.4 14.0 3.5 2 1 4 1 1
-6042.6 3661.3 15.5 1 1 13.0 16.9 14.0 3.5 4 1 4 0 0
-6925.3 3174.8 4.9 79 0 24.7 21.7 10.0 0.0 0 0 4 2 2
-6569.6 3600.7 6.3 119 0 10.2 25.8 7.5 2.5 2 1 3 1 1
-6738.0 2978.3 6.0 244 0 18.0 26.8 10.0 0.0 0 1 4 4 4
-6518.2 2681.5 1.9 33 0 28.3 13.3 10.0 0.0 0 0 4 2 2
-6517.9 2729.2 2.3 201 0 18.0 13.7 10.0 0.0 0 0 4 0 0
