2230.4 -11777.2 7.9 266 0 16.3 90.2 7.5 2.5 2 1 3 5 5
3840.9 -8749.9 -3.4 233 0 37.5 53.7 14.0 0.0 0 1 4 4 4
3630.9 -8798.0 -16.8 119 0 22.3 95.2 14.0 0.0 0 1 4 1 1
3728.8 -8845.8 -3.7 284 0 43.8 61.6 14.0 0.0 0 1 4 5 5
3784.9 -8931.4 -8.9 81 0 39.4 44.3 14.0 0.0 0 1 4 2 2
4188.3 -8842.7 -25.7 88 0 11.4 67.2 14.0 3.5 2 0 4 0 0
4206.9 -8844.0 -26.7 96 0 27.1 49.5 14.0 0.0 0 0 4 1 1
4187.2 -8859.3 -26.2 288 0 21.6 57.6 10.5 3.5 2 1 3 0 0
4104.6 -8822.2 -18.7 95 0 19.7 17.5 10.5 3.5 2 0 3 2 2
4061.7 -8787.3 -15.5 182 0 42.2 18.0 14.0 3.5 2 0 4 3 3
4062.1 -8759.5 -15.3 97 0 37.9 40.0 14.0 0.0 0 1 4 2 2
4092.5 -8706.7 -16.6 91 0 21.2 20.6 14.0 3.5 2 0 4 0 0
4122.4 -8745.7 -20.2 94 0 36.4 34.9 14.0 0.0 0 0 4 1 1
4017.7 -8818.8 -12.5 275 0 46.3 35.1 10.5 0.0 0 0 3 4 4
4062.5 -8824.4 -15.9 274 0 34.4 30.8 10.5 0.0 0 0 3 5 5
3596.1 -8842.7 -12.2 295 0 94.0 74.6 10.5 0.0 0 0 3 2 2
