16.6 -5212.5 76.5 169 0 105.6 118.8 12.5 0.0 0 1 5 5 5
-6789.6 10278.9 -88.8 165 0 29.7 16.8 14.0 3.5 4 0 4 4 4
-6914.8 10244.0 -87.5 165 0 29.2 21.8 14.0 0.0 0 0 4 2 2
-6879.5 10254.8 -87.6 166 0 51.7 33.5 14.0 0.0 0 0 4 5 5
-6752.3 10290.0 -89.5 166 0 35.1 18.2 14.0 0.0 0 0 4 2 2
-6674.2 10314.2 -90.3 347 0 24.3 13.8 14.0 3.5 2 0 4 0 0
-6869.3 10176.1 -86.6 166 0 18.4 18.5 14.0 3.5 2 1 4 2 2
-6785.2 10356.9 -90.3 167 0 36.0 14.5 14.0 3.5 2 0 4 3 3
-6891.4 10326.1 -88.2 167 0 24.8 9.4 10.5 3.5 2 0 3 1 1
-6813.2 10213.5 -86.8 255 0 11.0 32.1 14.0 3.5 2 1 4 3 3
-6868.3 10331.3 -88.6 167 0 24.8 9.4 10.5 3.5 2 0 3 0 0
-6848.9 10339.0 -89.0 168 0 20.6 8.5 10.5 3.5 2 0 3 5 5
-6823.2 10346.0 -89.6 169 0 31.3 13.1 14.0 3.5 2 0 4 5 5
-6807.7 10360.2 -90.0 167 0 14.5 16.0 14.0 3.5 2 1 4 2 2
-6765.1 10363.6 -90.6 166 0 30.8 11.3 14.0 3.5 2 0 4 4 4
-6704.9 10302.5 -89.8 348 0 13.0 12.1 14.0 3.5 2 0 4 1 1
-6840.9 10182.8 -86.5 166 0 18.4 18.5 14.0 0.0 0 1 4 4 4
-6887.4 10178.1 -86.7 165 0 32.1 11.0 14.0 3.5 2 0 4 0 0
