-5434.8 -11814.1 -14.7 89 0 11.2 54.4 14.0 3.5 2 1 4 4 4
-5410.5 -11857.5 -12.7 88 0 13.5 40.1 14.0 3.5 2 1 4 1 1
-5384.0 -11859.1 -13.1 88 0 12.5 42.9 14.0 3.5 2 1 4 5 5
-5385.4 -11754.7 -14.0 269 0 12.2 57.8 14.0 0.0 0 1 4 0 0
-5355.8 -11859.4 -13.4 90 0 11.6 35.9 14.0 3.5 2 1 4 0 0
-5356.4 -11812.9 -13.5 88 0 11.9 39.6 14.0 3.5 2 1 4 5 5
-5366.0 -11738.8 -14.8 178 0 35.1 12.2 14.0 3.5 2 0 4 1 1
-5329.0 -11739.1 -14.4 360 0 34.1 13.4 14.0 3.5 2 0 4 2 2
-5366.7 -11693.0 -15.0 178 0 40.0 11.6 14.0 3.5 2 0 4 0 0
-5361.9 -11628.8 -10.8 269 0 12.5 39.3 14.0 3.5 2 1 4 1 1
-5334.8 -11629.3 -14.5 269 0 11.4 83.2 14.0 3.5 2 1 4 0 0
