38.0 -1507.2 -10.0 95 0 10.1 36.5 10.0 2.5 2 1 4 2 2
-19.4 -1353.5 -7.9 257 0 14.7 26.7 7.5 2.5 2 1 3 1 1
-2386.4 -3239.1 -8.9 294 0 10.7 9.2 5.0 0.0 0 0 2 1 1
-2579.6 -3135.4 8.6 146 0 10.2 29.3 12.5 2.5 2 1 5 4 4
-2341.9 -3289.4 -5.6 43 0 19.9 9.6 5.0 0.0 0 0 2 3 3
-2373.8 -3246.8 -8.9 274 0 14.0 10.9 7.5 2.5 2 0 3 0 0
-2485.9 -3138.2 6.4 77 0 13.7 16.8 7.5 2.5 2 1 3 0 0
-2461.3 -3120.3 7.1 49 0 23.6 15.3 10.0 2.5 2 0 4 0 0
-2426.1 -3077.8 7.1 260 0 14.6 18.1 17.5 0.0 0 1 7 1 1
-2373.1 -3085.4 4.9 343 0 12.8 17.9 7.5 2.5 2 1 3 5 5
-2396.2 -3488.9 -2.6 11 0 15.4 18.3 7.5 2.5 2 1 3 1 1
-2406.9 -3552.4 -2.5 38 0 12.4 17.3 5.0 2.5 2 1 2 5 5
-2261.9 -3623.1 5.0 247 0 30.8 15.4 12.5 0.0 0 0 5 3 3
-2193.6 -3588.5 7.4 40 0 16.8 20.1 10.0 2.5 2 1 4 4 4
