5053.4 -8149.2 -3.0 153 0 144.7 41.2 7.5 0.0 0 0 3 2 2
3908.9 -7474.3 -10.8 0 0 112.9 98.1 14.0 0.0 0 0 4 1 1
3968.0 -6882.2 -17.3 2 0 55.1 17.9 10.5 3.5 2 0 3 5 5
3926.3 -7188.8 -9.8 89 0 69.9 35.5 10.5 0.0 0 0 3 2 2
3963.7 -6980.5 -17.0 4 0 37.5 11.7 10.5 3.5 2 0 3 1 1
3677.2 -7319.7 -8.4 180 0 112.9 98.1 14.0 0.0 0 0 4 5 5
3638.0 -7110.5 -7.2 9 0 126.7 87.2 10.5 0.0 0 0 3 3 3
3719.7 -6934.8 -16.7 181 0 160.0 216.4 10.5 0.0 0 1 3 4 4
3871.2 -8341.4 -21.0 10 0 47.2 297.5 10.0 0.0 0 1 4 5 5
3774.1 -7182.4 -6.0 90 0 71.1 101.4 10.5 0.0 0 1 3 3 3
3942.8 -7114.9 -12.0 2 0 55.1 17.9 10.5 0.0 0 0 3 4 4
3962.3 -7057.9 -14.0 359 0 35.5 69.9 10.5 0.0 0 1 3 0 0
3678.2 -7473.9 -13.9 180 0 112.9 98.1 14.0 0.0 0 0 4 0 0
6835.0 -11720.4 22.5 99 0 40.7 53.5 10.0 0.0 0 1 4 0 0
6695.4 2285.9 -40.0 110 0 12.6 20.5 7.5 2.5 2 1 3 5 5
6671.0 2345.2 -38.4 282 0 17.1 9.2 7.5 2.5 2 0 3 1 1
6612.8 2365.9 -37.9 30 0 10.5 16.1 5.0 2.5 2 1 2 4 4
6591.7 2297.7 -40.3 44 0 9.0 6.4 7.5 0.0 0 0 3 0 0
6585.0 2294.7 -40.8 313 0 6.8 13.0 5.0 2.5 2 1 2 2 2
6640.5 2322.1 -39.5 213 0 12.2 16.2 5.0 2.5 2 1 2 4 4
6663.7 2458.0 -36.8 133 0 8.0 17.5 7.5 2.5 2 1 3 4 4
6687.2 2472.1 -36.8 235 0 10.9 13.2 7.5 2.5 2 1 3 1 1
6691.6 2345.4 -38.5 294 0 11.6 14.9 2.5 2.5 2 1 1 3 3
6695.4 2488.6 -36.9 231 0 10.0 16.0 5.0 2.5 2 1 2 1 1
6743.0 2350.2 -38.0 210 0 9.9 16.6 5.0 2.5 2 1 2 0 0
6197.1 3279.3 -26.6 142 0 14.1 70.3 10.0 2.5 2 1 4 2 2
6185.1 3297.0 -25.7 148 0 13.1 67.3 10.0 2.5 2 1 4 2 2
6174.4 3311.7 -25.0 148 0 12.6 65.1 10.0 0.0 0 1 4 0 0
6164.0 3325.0 -24.3 146 0 13.5 67.0 10.0 2.5 2 1 4 2 2
6262.9 3337.8 -20.0 324 0 27.6 13.5 12.5 2.5 2 0 5 1 1
6271.2 3255.8 -25.0 107 0 14.5 42.5 15.0 2.5 4 1 6 5 5
6309.2 3297.8 -25.0 287 0 14.4 51.8 17.5 2.5 2 1 7 1 1
6332.3 3298.5 -25.4 286 0 13.6 60.3 10.0 2.5 2 1 4 5 5
6292.4 3235.5 -26.1 109 0 21.6 8.8 2.5 0.0 0 0 1 0 0
6333.9 3234.6 -25.6 107 0 11.2 60.9 12.5 0.0 0 1 5 2 2
6352.5 3227.5 -25.9 106 0 12.5 60.6 7.5 0.0 0 1 3 4 4
6388.6 3280.8 -26.2 286 0 11.3 61.7 12.5 2.5 2 0 5 3 3
6396.8 3273.9 -24.8 290 0 8.2 39.2 7.5 2.5 2 0 3 4 4
6325.6 3172.2 -32.6 203 0 7.4 35.2 7.5 2.5 2 1 3 5 5
6923.2 2400.3 -37.1 115 0 10.3 17.1 2.5 2.5 2 0 1 1 1
6787.4 2363.7 -37.4 274 0 11.6 15.8 5.0 2.5 2 0 2 1 1
6824.3 2390.8 -36.0 64 0 18.8 15.6 10.0 2.5 2 0 4 1 1
6929.8 2401.9 -36.6 205 0 29.1 12.8 7.5 2.5 2 0 3 1 1
6797.3 2369.4 -36.9 216 0 7.1 13.1 2.5 2.5 2 1 1 3 3
6828.7 2357.2 -37.1 288 0 14.4 8.4 2.5 2.5 2 0 1 0 0
6835.5 2364.8 -36.9 287 0 17.0 9.3 7.5 2.5 2 0 3 1 1
6928.2 2336.3 -36.4 26 0 10.4 14.8 5.0 2.5 2 0 2 5 5
