4826.9 -9426.5 -5.3 98 0 24.8 65.3 7.5 0.0 0 1 3 2 2
4848.4 -9607.8 -6.0 186 0 83.0 25.9 12.5 0.0 0 0 5 4 4
6254.3 -4412.7 -34.5 161 0 21.3 267.2 12.5 0.0 0 1 5 0 0
-4249.6 2314.8 -22.7 335 0 39.3 13.6 14.0 3.5 2 0 4 5 5
-4225.9 2305.7 -22.7 64 0 12.3 37.8 14.0 3.5 2 1 4 5 5
-4187.0 2285.5 -23.3 64 0 11.9 78.6 14.0 3.5 2 1 4 2 2
-4163.5 2296.6 -23.7 154 0 48.0 12.2 14.0 3.5 2 0 4 4 4
-4176.1 2337.6 -23.2 63 0 12.9 35.8 14.0 0.0 0 1 4 4 4
-4125.6 2295.6 -23.9 64 0 12.2 48.0 14.0 3.5 2 1 4 1 1
-4147.4 2341.6 -23.5 64 0 12.2 48.0 14.0 3.5 2 1 4 4 4
-4107.0 2310.4 -24.0 64 0 8.7 41.7 10.5 3.5 2 1 3 1 1
-4131.7 2377.5 -23.7 332 0 41.8 10.4 14.0 3.5 2 0 4 3 3
-4269.1 2330.3 -22.1 64 0 12.2 48.0 14.0 3.5 2 1 4 4 4
-4311.6 2404.0 -21.7 154 0 48.0 12.2 14.0 0.0 0 0 4 2 2
-4248.0 2344.0 -22.3 64 0 12.2 48.0 14.0 3.5 2 1 4 1 1
-4290.2 2416.6 -21.9 154 0 48.0 12.2 14.0 3.5 2 0 4 3 3
-4230.5 2357.6 -22.5 64 0 12.2 48.0 14.0 3.5 2 1 4 0 0
-4276.4 2453.7 -22.1 244 0 12.2 48.0 14.0 3.5 2 1 4 0 0
-4206.6 2369.4 -22.7 64 0 12.2 48.0 14.0 3.5 2 1 4 0 0
-4253.6 2464.1 -22.3 244 0 12.2 48.0 14.0 3.5 2 1 4 1 1
-4186.4 2405.1 -23.0 334 0 48.0 12.2 14.0 3.5 2 0 4 4 4
-4224.3 2469.9 -22.6 244 0 12.2 48.0 14.0 3.5 2 1 4 1 1
-4240.9 2505.3 -22.2 246 0 10.4 27.9 14.0 3.5 2 1 4 0 0
-4163.6 2419.8 -23.2 332 0 33.1 11.0 14.0 3.5 2 0 4 4 4
-4199.7 2483.9 -22.9 244 0 12.2 48.0 14.0 3.5 2 1 4 3 3
-4141.0 2431.2 -23.4 334 0 32.6 9.4 10.5 3.5 2 0 3 0 0
-4160.0 2474.8 -23.1 334 0 48.0 12.2 14.0 3.5 2 0 4 2 2
-4217.6 2515.2 -22.4 242 0 11.9 25.8 14.0 3.5 2 1 4 4 4
-4194.1 2526.4 -22.6 227 0 9.6 23.2 10.5 3.5 2 1 3 1 1
-4335.4 2570.4 -21.3 244 0 11.2 74.0 14.0 3.5 2 1 4 1 1
-4315.2 2589.7 -21.5 244 0 12.0 83.1 14.0 3.5 2 1 4 2 2
-4290.4 2601.0 -21.8 244 0 12.0 83.1 14.0 3.5 2 1 4 5 5
-4266.2 2612.1 -22.1 244 0 12.0 83.1 14.0 3.5 2 1 4 1 1
-4241.5 2622.5 -22.3 244 0 12.0 83.1 14.0 3.5 2 1 4 2 2
-4184.1 2651.6 -22.7 244 0 12.0 83.1 10.0 2.5 2 1 4 0 0
-4381.9 2663.9 -20.5 243 0 11.5 72.7 14.0 3.5 2 1 4 0 0
-4323.5 2604.9 -20.7 60 0 11.9 24.7 14.0 3.5 2 1 4 1 1
-4359.2 2678.4 -20.5 227 0 11.0 44.8 14.0 3.5 4 1 4 4 4
-4298.5 2616.0 -21.0 60 0 11.9 24.7 14.0 3.5 2 1 4 5 5
-4334.3 2689.5 -20.8 227 0 11.0 44.8 14.0 3.5 2 1 4 1 1
-4273.3 2625.8 -21.3 60 0 11.9 24.7 14.0 3.5 2 1 4 0 0
-4309.1 2699.3 -21.0 227 0 11.0 44.8 14.0 3.5 4 1 4 4 4
-4250.1 2638.8 -21.5 60 0 11.9 24.7 14.0 3.5 2 1 4 2 2
-4285.9 2712.3 -21.3 227 0 11.0 44.8 14.0 3.5 2 1 4 0 0
-4370.4 2697.4 -19.9 64 0 11.2 81.5 14.0 3.5 2 1 4 2 2
-4344.0 2707.2 -20.2 64 0 11.1 81.5 14.0 3.5 2 1 4 5 5
-4319.1 2718.8 -20.5 64 0 11.2 81.5 14.0 3.5 4 1 4 5 5
-4294.2 2734.6 -20.7 64 0 11.1 81.5 14.0 3.5 2 1 4 3 3
-4237.5 2761.1 -20.9 64 0 11.1 81.5 14.0 3.5 2 1 4 4 4
-4214.0 2773.5 -21.0 64 0 11.1 81.5 14.0 3.5 2 1 4 0 0
-4188.8 2782.7 -21.2 64 0 11.2 81.5 14.0 3.5 2 1 4 2 2
-4164.5 2795.7 -21.3 64 0 11.1 81.5 14.0 0.0 0 1 4 2 2
-4142.4 2806.3 -21.4 64 0 11.1 81.5 14.0 3.5 4 1 4 2 2
-4448.2 2790.6 -19.0 153 0 46.5 10.1 14.0 3.5 2 0 4 1 1
-4477.3 2864.0 -18.6 243 0 10.1 46.5 14.0 3.5 2 1 4 1 1
-4486.6 2831.6 -18.4 153 0 46.5 10.1 14.0 3.5 2 0 4 5 5
-4508.3 2822.4 -18.2 153 0 46.5 10.1 14.0 3.5 2 0 4 3 3
-4533.4 2882.0 -17.8 243 0 9.3 33.3 10.5 3.5 2 1 3 5 5
-4509.7 2892.3 -18.0 229 0 10.7 29.9 14.0 3.5 2 1 4 3 3
-4428.7 2800.0 -19.2 153 0 46.5 10.1 14.0 3.5 2 0 4 5 5
-4457.8 2873.4 -18.8 243 0 10.1 46.5 14.0 0.0 0 1 4 2 2
-4401.2 2812.7 -19.4 333 0 46.5 10.1 14.0 3.5 2 0 4 1 1
-4439.2 2881.5 -19.0 243 0 10.1 46.5 14.0 3.5 2 1 4 5 5
-4380.3 2821.0 -19.6 333 0 46.5 10.1 14.0 0.0 0 0 4 4 4
-4418.3 2889.9 -19.2 243 0 10.1 46.5 14.0 0.0 0 1 4 5 5
-4360.5 2830.5 -19.8 333 0 46.5 10.1 14.0 3.5 2 0 4 4 4
-4398.5 2899.4 -19.4 243 0 10.1 46.5 14.0 3.5 2 1 4 2 2
-4340.2 2841.5 -19.9 333 0 46.5 10.1 14.0 3.5 2 0 4 1 1
-4363.0 2892.0 -19.5 333 0 46.5 10.1 14.0 3.5 2 0 4 5 5
-4295.6 2862.2 -20.2 153 0 46.5 10.1 14.0 3.5 2 0 4 4 4
-4318.4 2912.7 -19.7 153 0 46.5 10.1 14.0 3.5 2 0 4 1 1
-4276.4 2871.4 -20.3 153 0 46.5 10.1 14.0 3.5 2 0 4 3 3
-4305.5 2944.9 -19.8 243 0 10.1 46.5 14.0 3.5 2 1 4 2 2
-4256.0 2880.6 -20.4 153 0 46.5 10.1 14.0 3.5 2 0 4 5 5
-4285.1 2954.1 -19.9 243 0 10.1 46.5 14.0 3.5 2 1 4 5 5
-4227.0 2894.8 -20.5 333 0 46.5 10.1 14.0 3.5 2 0 4 2 2
-4265.1 2963.6 -20.0 243 0 10.1 46.5 14.0 3.5 2 1 4 1 1
-4207.0 2903.1 -20.5 333 0 46.5 10.1 14.0 3.5 2 0 4 1 1
-4245.0 2971.9 -20.1 243 0 10.1 46.5 14.0 0.0 0 1 4 5 5
-4186.4 2912.0 -20.6 333 0 46.5 10.1 14.0 3.5 4 0 4 0 0
-4224.4 2980.9 -20.2 243 0 10.1 46.5 14.0 3.5 2 1 4 5 5
-4118.1 2495.6 -23.5 154 0 48.0 12.2 14.0 3.5 2 0 4 4 4
-4141.3 2552.6 -23.0 227 0 9.6 23.2 10.5 3.5 2 1 3 3 3
-4094.2 2447.6 -23.9 155 0 45.2 9.6 10.5 3.5 4 0 3 4 4
-4097.5 2529.8 -23.6 244 0 12.2 48.0 14.0 3.5 2 1 4 0 0
-4115.5 2562.7 -23.1 227 0 9.6 23.2 10.5 3.5 2 1 3 1 1
-4069.4 2458.1 -24.0 155 0 44.4 10.1 14.0 3.5 2 0 4 4 4
-4072.2 2541.0 -23.8 244 0 12.2 48.0 14.0 3.5 2 1 4 2 2
-4090.2 2573.9 -23.2 227 0 9.6 23.3 10.5 3.5 2 1 3 4 4
-4026.6 2442.2 -24.2 66 0 8.4 53.2 10.5 3.5 2 1 3 1 1
-4032.2 2533.4 -23.8 334 0 48.0 12.2 14.0 0.0 0 0 4 5 5
-4066.4 2585.1 -23.3 227 0 9.6 23.2 10.5 3.5 2 1 3 4 4
-4009.5 2479.3 -24.3 336 0 54.2 9.0 10.5 0.0 0 0 3 0 0
-4008.8 2548.5 -23.9 334 0 48.0 12.2 14.0 3.5 2 0 4 3 3
-4042.9 2600.1 -23.4 227 0 9.6 23.2 10.5 3.5 2 1 3 1 1
-3985.3 2493.4 -24.4 336 0 56.7 9.0 10.5 0.0 0 0 3 2 2
-3938.6 2489.0 -24.6 64 0 12.5 40.7 12.5 2.5 2 1 5 5 5
-3973.9 2547.2 -24.2 152 0 37.2 12.7 7.5 2.5 2 0 3 0 0
-3999.9 2618.9 -23.8 243 0 9.0 48.5 7.5 2.5 2 1 3 1 1
-3911.6 2501.3 -24.7 64 0 12.5 40.7 5.0 2.5 4 1 2 2 2
-3946.9 2559.6 -24.3 152 0 37.2 12.7 7.5 2.5 4 0 3 2 2
-3972.8 2631.3 -24.0 243 0 9.0 48.5 7.5 2.5 2 1 3 1 1
-3884.9 2516.2 -24.6 64 0 12.5 40.7 7.5 2.5 2 1 3 5 5
-3908.9 2580.4 -24.4 332 0 37.2 12.7 15.0 0.0 0 0 6 0 0
-3946.1 2646.2 -24.1 243 0 9.0 48.5 7.5 0.0 0 1 3 5 5
-3859.4 2528.6 -24.5 64 0 12.5 40.7 7.5 2.5 4 1 3 5 5
-3883.4 2592.8 -24.5 332 0 37.2 12.7 7.5 2.5 2 0 3 5 5
-3920.7 2658.6 -24.2 243 0 9.0 48.5 7.5 2.5 2 1 3 5 5
-4126.0 2590.2 -22.7 84 0 9.4 19.1 5.0 2.5 2 1 2 2 2
-4162.8 2660.9 -22.5 244 0 12.2 48.0 7.5 0.0 0 1 3 3 3
-4136.6 2673.1 -22.6 244 0 12.2 48.0 10.0 0.0 0 1 4 0 0
-4094.9 2605.2 -22.8 84 0 9.4 19.1 5.0 2.5 2 1 2 2 2
-4113.7 2684.6 -22.7 244 0 12.2 48.0 7.5 2.5 2 1 3 1 1
-4053.7 2629.7 -23.0 354 0 14.5 15.5 5.0 0.0 0 1 2 1 1
-4088.1 2696.9 -22.8 244 0 12.2 48.0 5.0 2.5 2 1 2 5 5
-4018.8 2645.4 -23.2 84 0 9.4 19.1 2.5 2.5 4 1 1 0 0
-4046.5 2718.4 -23.0 244 0 12.2 48.0 10.0 2.5 2 1 4 2 2
-4021.5 2732.1 -23.1 244 0 12.2 48.0 12.5 2.5 2 1 5 2 2
-3995.6 2742.4 -23.5 244 0 12.0 83.1 10.0 2.5 2 1 4 0 0
-3968.7 2753.6 -23.6 244 0 12.0 83.1 7.5 2.5 2 1 3 5 5
-4011.7 2849.3 -22.8 244 0 12.0 83.1 14.0 3.5 2 1 4 0 0
-4036.9 2835.1 -22.7 244 0 12.0 83.1 14.0 3.5 2 1 4 0 0
-4061.8 2735.9 -22.4 84 0 9.4 19.1 10.5 3.5 2 1 3 3 3
-4089.5 2809.0 -22.1 244 0 12.2 48.0 14.0 3.5 2 1 4 3 3
-4030.8 2747.6 -22.5 84 0 9.4 19.1 10.5 3.5 2 1 3 5 5
-4065.1 2822.3 -22.2 244 0 12.2 48.0 14.0 0.0 0 1 4 3 3
-4098.5 2712.4 -22.2 62 0 11.5 24.1 10.0 2.5 2 1 4 1 1
-4123.2 2700.9 -22.1 62 0 11.5 24.1 10.0 2.5 2 1 4 3 3
-4147.4 2688.7 -22.0 62 0 11.5 24.1 12.5 2.5 2 1 5 3 3
-4207.7 2755.1 -21.9 244 0 12.0 83.1 12.5 2.5 2 1 5 3 3
-4230.9 2744.1 -21.8 244 0 12.0 83.1 7.5 2.5 2 1 3 2 2
-4324.9 2442.1 -21.1 63 0 8.5 93.5 10.5 3.5 2 1 3 4 4
-4318.6 2497.9 -21.4 333 0 93.5 8.5 10.5 3.5 2 0 3 3 3
-4377.4 2563.3 -20.4 334 0 56.7 12.6 14.0 3.5 2 0 4 0 0
-4351.7 2572.5 -20.7 334 0 56.7 12.6 14.0 3.5 2 0 4 3 3
-4398.1 2653.0 -20.2 244 0 12.6 56.7 14.0 3.5 2 1 4 4 4
-4423.3 2644.7 -19.9 244 0 12.6 56.7 14.0 3.5 4 1 4 5 5
-4436.8 2669.1 -19.2 65 0 11.5 141.5 14.0 0.0 0 1 4 5 5
-4412.9 2686.9 -19.5 64 0 10.8 135.2 14.0 3.5 2 1 4 1 1
-4393.8 2695.4 -19.7 63 0 11.2 82.1 14.0 3.5 2 1 4 1 1
-4533.4 2729.5 -17.9 64 0 11.8 98.2 14.0 3.5 2 1 4 3 3
-4529.3 2785.7 -18.2 334 0 100.0 11.0 14.0 3.5 2 0 4 0 0
-4589.5 2851.7 -17.2 246 0 11.6 30.4 14.0 3.5 2 1 4 0 0
-4566.8 2866.1 -17.4 248 0 12.9 34.0 14.0 3.5 2 1 4 2 2
-4103.0 2822.6 -21.6 64 0 12.6 56.7 14.0 3.5 2 1 4 0 0
-4143.9 2897.0 -21.0 154 0 39.7 11.7 14.0 3.5 2 0 4 2 2
-4184.8 2996.4 -20.7 245 0 11.9 75.7 14.0 3.5 2 1 4 2 2
-4075.6 2834.9 -21.7 64 0 12.6 56.7 14.0 0.0 0 1 4 0 0
-4047.3 2847.7 -21.8 64 0 12.6 56.7 14.0 3.5 2 1 4 0 0
-4100.8 2916.6 -21.2 152 0 38.6 12.4 14.0 3.5 2 0 4 2 2
-4158.2 3007.9 -20.8 244 0 12.9 78.2 14.0 0.0 0 1 4 1 1
-4130.0 3021.0 -20.9 244 0 12.2 77.5 14.0 3.5 2 1 4 3 3
-4018.5 2868.5 -21.9 63 0 11.2 71.8 14.0 3.5 2 1 4 1 1
-4094.5 3027.0 -21.3 245 0 12.1 91.7 14.0 3.5 2 1 4 5 5
-4164.7 3560.2 -6.3 358 0 14.1 24.9 14.0 3.5 2 1 4 0 0
-4142.6 3586.1 -4.5 355 0 10.0 25.2 14.0 3.5 2 0 4 4 4
-4146.1 3529.7 -8.4 358 0 48.1 31.9 14.0 0.0 0 0 4 0 0
-4126.3 3532.0 -7.4 359 0 47.5 17.1 14.0 3.5 2 0 4 2 2
-4124.6 3583.6 -3.9 354 1 11.4 17.6 14.0 3.5 2 0 4 4 4
-4175.8 3477.3 -10.2 12 1 11.7 10.4 14.0 3.5 2 0 4 4 4
-4131.1 3480.5 -9.4 2 0 35.2 9.0 10.5 3.5 2 0 3 3 3
-4186.1 3443.3 -12.6 4 0 34.2 7.9 10.5 3.5 2 0 3 5 5
-4168.2 3402.8 -12.8 39 0 10.5 28.3 14.0 3.5 2 0 4 0 0
-4170.5 3438.8 -12.4 8 0 27.8 10.2 14.0 3.5 2 0 4 3 3
-4141.4 3453.0 -10.4 6 1 11.1 16.2 14.0 3.5 2 0 4 5 5
-4114.4 3468.5 -9.6 0 0 42.0 8.9 10.5 3.5 2 0 3 1 1
-4127.5 3393.6 -12.3 5 0 22.0 11.6 14.0 3.5 2 0 4 4 4
-4116.4 3393.9 -12.0 1 0 24.2 8.2 10.5 3.5 2 0 3 3 3
-4137.9 3379.1 -12.5 340 0 25.0 15.1 14.0 3.5 2 0 4 1 1
-4205.3 3560.6 -9.8 272 0 11.5 63.6 14.0 3.5 2 1 4 0 0
-4223.7 3559.7 -10.3 268 0 11.8 65.3 14.0 3.5 2 1 4 0 0
-4213.8 3466.7 -12.5 1 0 37.1 10.6 14.0 3.5 4 0 4 2 2
-4232.9 3481.4 -13.1 277 0 11.6 36.2 14.0 3.5 2 1 4 1 1
-4249.8 3486.1 -13.5 273 0 9.5 41.5 10.5 3.5 2 1 3 1 1
-4243.5 3424.9 -14.2 0 0 18.5 15.9 14.0 0.0 0 0 4 3 3
-4237.7 3399.2 -14.2 8 1 17.5 13.8 14.0 0.0 0 0 4 5 5
-4216.0 3414.5 -13.8 3 0 33.8 10.0 10.5 3.5 4 0 3 4 4
-4204.0 3399.9 -13.6 5 0 33.1 9.4 10.5 3.5 2 0 3 5 5
-4190.3 3392.8 -13.4 5 1 19.7 11.1 14.0 3.5 2 0 4 5 5
-4179.5 3383.4 -13.2 4 0 24.3 9.4 10.5 3.5 2 0 3 4 4
-4179.9 3342.5 -13.5 8 0 21.8 18.4 14.0 3.5 2 0 4 2 2
-4286.3 3413.6 -14.9 252 1 11.4 20.6 14.0 3.5 2 1 4 5 5
-4280.0 3234.6 -15.4 4 0 47.2 11.5 14.0 3.5 2 0 4 2 2
-4243.9 3206.7 -14.8 3 1 12.4 16.0 14.0 3.5 2 0 4 2 2
-4242.2 3227.4 -14.7 6 0 28.7 10.1 14.0 3.5 2 0 4 1 1
-4187.3 3230.0 -13.9 2 0 48.8 18.6 14.0 3.5 2 0 4 0 0
-4148.9 3159.5 -14.8 296 1 13.4 12.3 14.0 3.5 2 0 4 0 0
-4162.2 3170.6 -14.4 1 0 33.2 20.0 14.0 0.0 0 0 4 3 3
-4191.5 3171.4 -14.1 2 0 31.5 14.9 14.0 3.5 2 0 4 4 4
-4215.0 3178.2 -14.3 358 0 29.7 11.3 14.0 3.5 2 0 4 4 4
-4261.9 3172.2 -15.1 2 0 35.5 8.6 10.5 3.5 2 0 3 3 3
-4278.3 3173.0 -15.5 3 0 34.6 16.1 14.0 3.5 2 0 4 1 1
-4134.2 3284.9 -14.7 360 0 47.3 132.3 14.0 0.0 0 1 4 0 0
-4287.6 3106.2 -15.6 98 0 10.7 21.6 14.0 3.5 2 0 4 2 2
-4310.0 3281.9 -15.8 359 0 53.5 12.1 14.0 3.5 2 0 4 0 0
-4342.5 3301.6 -16.2 279 0 8.4 22.0 10.5 3.5 2 0 3 3 3
-4338.1 3255.0 -16.3 4 0 19.2 16.5 14.0 3.5 2 0 4 0 0
-4366.0 3316.7 -16.5 257 0 14.2 18.8 14.0 3.5 2 0 4 2 2
-4333.8 3212.0 -16.4 3 0 18.2 18.4 14.0 3.5 2 0 4 5 5
-4322.7 3167.3 -16.2 59 0 8.1 30.1 10.5 0.0 0 1 3 5 5
-4121.5 3059.8 -17.6 63 0 10.2 63.9 14.0 3.5 2 1 4 4 4
-4200.8 3024.7 -18.0 64 0 11.2 53.5 14.0 3.5 2 1 4 3 3
-4228.2 3011.3 -18.3 62 0 10.7 52.7 14.0 0.0 0 1 4 1 1
-4310.2 3020.6 -17.4 93 0 12.4 69.9 14.0 3.5 2 1 4 0 0
-4332.2 3017.7 -17.4 89 0 16.3 41.0 14.0 3.5 2 0 4 0 0
-4321.1 3059.1 -16.4 94 0 20.3 21.9 14.0 3.5 2 0 4 1 1
-4337.2 3058.5 -16.6 78 0 13.0 31.7 14.0 3.5 2 0 4 1 1
-4314.0 3105.1 -16.1 85 1 16.2 13.6 14.0 3.5 2 0 4 5 5
-4332.7 3105.4 -16.4 86 0 12.5 24.7 14.0 3.5 2 0 4 2 2
-4346.6 3121.6 -16.8 54 0 12.3 34.2 14.0 3.5 2 1 4 0 0
-4353.8 3156.6 -16.7 68 1 10.2 14.0 14.0 3.5 2 0 4 3 3
-4345.8 3059.0 -16.9 45 0 9.3 17.1 10.5 3.5 2 0 3 0 0
-4370.9 3066.8 -17.1 125 0 9.2 18.5 10.5 3.5 4 1 3 2 2
-4338.7 3004.9 -17.7 57 0 13.1 6.1 10.5 3.5 2 0 3 3 3
-4394.9 3081.9 -17.6 60 0 10.9 33.4 14.0 3.5 2 1 4 3 3
-4388.0 3026.5 -17.6 54 0 12.3 49.7 14.0 3.5 4 1 4 3 3
-4417.3 3074.5 -17.5 59 0 11.4 26.5 14.0 3.5 2 1 4 5 5
-4432.5 3013.9 -17.4 101 0 14.9 15.7 14.0 3.5 2 0 4 2 2
-4463.4 3001.5 -15.8 94 0 12.5 26.7 14.0 3.5 2 1 4 0 0
-4437.7 2966.5 -18.2 65 0 12.4 30.5 14.0 3.5 2 1 4 5 5
-4426.4 2954.2 -18.5 66 0 46.1 13.4 14.0 3.5 2 0 4 4 4
-4463.5 2935.1 -18.5 64 0 24.5 12.2 14.0 3.5 2 0 4 3 3
-4459.6 2958.5 -18.6 54 0 6.5 35.5 10.5 3.5 2 1 3 1 1
-4553.8 2905.6 -18.3 63 0 11.9 20.1 14.0 3.5 2 1 4 2 2
-4535.6 2966.2 -18.6 67 0 8.7 15.3 10.5 3.5 2 0 3 3 3
-4539.3 2987.5 -17.5 57 0 8.2 26.1 10.5 3.5 2 1 3 2 2
-4576.4 3037.9 -15.1 122 0 18.2 18.0 14.0 3.5 2 0 4 1 1
-4591.3 3018.9 -16.1 136 0 8.0 19.1 10.5 3.5 4 1 3 3 3
-4615.1 3042.7 -15.0 128 1 12.7 14.5 14.0 3.5 2 0 4 0 0
-4607.3 3060.1 -14.0 124 0 11.4 6.5 10.5 3.5 2 0 3 2 2
-4602.3 3064.5 -13.7 126 0 8.3 8.5 10.5 3.5 2 0 3 3 3
-4622.1 3082.8 -13.3 151 0 26.2 9.5 10.5 3.5 2 0 3 3 3
-4642.3 3077.4 -13.8 142 0 31.0 10.9 14.0 3.5 2 0 4 2 2
-4649.8 3103.8 -11.8 92 0 9.1 15.8 10.5 3.5 2 1 3 1 1
-4608.7 3158.7 -8.9 225 0 10.1 15.4 14.0 3.5 2 0 4 2 2
-4628.9 3156.3 -9.5 236 0 26.5 10.4 14.0 3.5 2 0 4 4 4
-4637.1 3179.8 -7.9 236 0 12.5 18.9 14.0 3.5 2 1 4 0 0
-4605.2 3184.7 -5.6 228 0 12.2 6.5 10.5 3.5 2 0 3 1 1
-4577.1 3172.7 -6.1 245 1 11.4 13.9 14.0 3.5 2 1 4 5 5
-4566.6 3182.8 -4.9 232 1 12.0 13.6 14.0 3.5 2 1 4 5 5
-4562.0 3147.6 -7.1 207 0 3.8 10.6 10.5 3.5 4 1 3 0 0
-4514.8 3196.9 -7.9 187 1 10.0 11.8 14.0 3.5 2 0 4 0 0
-4509.1 3178.2 -9.8 232 0 31.3 11.1 14.0 3.5 2 0 4 5 5
-4571.5 3234.8 -5.2 244 0 13.1 61.4 14.0 3.5 2 1 4 2 2
-4525.3 3256.7 -7.5 236 0 10.5 40.1 14.0 3.5 2 1 4 4 4
-4496.4 3271.0 -9.1 245 0 10.2 38.0 14.0 3.5 2 1 4 3 3
-4483.6 3275.1 -10.1 236 0 5.8 34.6 10.5 3.5 2 1 3 4 4
-4470.9 3280.9 -11.4 238 0 10.4 38.6 14.0 3.5 2 1 4 1 1
-4434.4 3292.5 -12.6 237 0 12.9 21.3 14.0 3.5 4 1 4 4 4
-4464.0 3219.4 -11.1 247 0 11.3 7.0 10.5 3.5 2 0 3 0 0
-4451.6 3222.7 -12.0 262 0 10.3 5.8 10.5 3.5 2 0 3 3 3
-4420.3 3236.2 -14.8 195 0 13.3 13.2 14.0 3.5 2 0 4 4 4
-4409.9 3289.6 -13.9 281 0 8.0 4.9 10.5 3.5 2 0 3 3 3
-4413.3 3266.7 -14.2 198 0 4.9 6.8 10.5 3.5 2 1 3 4 4
-4393.0 3243.7 -16.0 271 0 8.1 12.5 10.5 3.5 2 0 3 5 5
-4398.3 3271.8 -15.2 264 0 6.9 9.1 10.5 3.5 2 0 3 3 3
-4383.3 3238.5 -16.8 285 0 15.1 11.2 14.0 3.5 2 0 4 4 4
-4378.6 3223.9 -16.9 275 0 5.6 6.9 10.5 3.5 2 1 3 1 1
-4379.9 3164.1 -17.2 55 0 6.8 13.5 10.5 3.5 2 1 3 3 3
-4379.7 3247.0 -16.8 191 0 7.2 10.6 10.5 3.5 2 0 3 2 2
-4380.0 3253.7 -16.7 191 0 6.7 9.1 10.5 3.5 2 0 3 0 0
-4525.2 2983.0 -17.6 68 0 8.2 9.3 10.5 3.5 2 1 3 3 3
-4524.9 3034.2 -14.9 47 0 9.1 11.9 10.5 3.5 2 0 3 5 5
-4576.6 2877.8 -17.3 65 0 32.9 12.3 14.0 3.5 2 0 4 0 0
-4628.9 2860.0 -16.8 158 0 13.0 13.6 14.0 3.5 2 1 4 4 4
-4641.1 2875.1 -17.5 140 0 16.0 9.5 10.5 3.5 2 0 3 4 4
-4647.8 2904.4 -18.3 171 0 10.0 7.8 10.5 0.0 0 0 3 4 4
-4588.2 2917.7 -18.7 70 0 11.9 15.6 14.0 3.5 2 1 4 4 4
-4617.9 2935.4 -19.4 111 0 13.0 14.5 14.0 3.5 2 0 4 5 5
-4628.7 2967.3 -19.2 128 0 11.8 10.2 14.0 3.5 2 0 4 4 4
-4664.4 2950.0 -19.7 82 0 7.3 16.2 10.5 3.5 4 1 3 1 1
-4629.0 2989.0 -18.0 111 0 13.5 10.3 14.0 3.5 2 0 4 0 0
-4647.2 3005.2 -17.3 159 0 7.4 10.8 10.5 3.5 2 1 3 3 3
-4783.8 3186.8 -9.0 235 0 20.7 14.7 14.0 3.5 2 0 4 1 1
-4671.7 3098.2 -12.4 154 0 7.5 5.3 10.5 3.5 4 0 3 1 1
-4703.3 3109.7 -12.0 155 0 11.2 20.9 14.0 3.5 2 1 4 1 1
-4665.5 3127.3 -10.7 109 0 14.9 16.2 14.0 3.5 2 0 4 1 1
-4711.6 3211.3 -7.6 251 0 13.8 18.8 14.0 3.5 2 0 4 1 1
-4694.7 3201.0 -7.5 237 0 15.6 10.2 14.0 3.5 2 0 4 0 0
-4696.1 3216.6 -6.8 252 0 8.5 16.6 10.5 3.5 2 0 3 3 3
-4678.9 3143.4 -9.9 149 0 13.2 17.1 14.0 3.5 2 0 4 0 0
-4675.5 3206.0 -6.8 237 0 15.3 14.0 14.0 3.5 2 0 4 5 5
-4654.4 3216.2 -5.6 240 0 22.3 13.9 14.0 0.0 0 0 4 3 3
-4617.2 3261.1 -0.0 235 0 6.7 15.5 10.5 3.5 2 1 3 1 1
-4620.4 3324.1 0.5 165 0 11.8 30.5 14.0 3.5 2 0 4 5 5
-4535.5 3309.2 -4.4 268 0 11.1 45.4 14.0 3.5 2 1 4 1 1
-4515.7 3336.3 -4.9 261 0 7.3 22.3 10.5 3.5 2 1 3 4 4
-4551.7 3381.6 -3.5 199 0 7.3 16.8 10.5 3.5 2 1 3 2 2
-4516.3 3356.5 -4.3 230 0 7.6 8.6 10.5 3.5 2 1 3 2 2
-4491.1 3397.9 -6.9 243 0 16.4 13.6 14.0 3.5 2 0 4 5 5
-4465.5 3327.0 -9.5 256 0 9.9 26.2 10.5 3.5 2 1 3 0 0
-4471.8 3346.7 -8.0 261 0 10.1 13.8 14.0 3.5 2 0 4 0 0
-4443.9 3326.8 -11.2 244 0 14.2 23.9 14.0 3.5 2 0 4 3 3
-4392.4 3328.2 -15.5 250 0 26.5 14.1 14.0 3.5 2 0 4 4 4
-4360.5 3332.7 -16.0 248 0 29.6 9.3 10.5 3.5 2 0 3 3 3
-4374.1 3378.2 -16.1 239 0 14.9 31.7 14.0 3.5 2 1 4 4 4
-4421.9 3418.0 -11.7 240 0 6.8 31.1 10.5 3.5 2 1 3 2 2
-4310.5 3539.2 -10.1 270 0 12.7 38.1 14.0 3.5 2 1 4 2 2
-4325.6 3484.6 -13.3 205 0 8.9 10.0 10.5 3.5 2 1 3 4 4
-4698.3 3072.3 -14.1 160 0 15.2 9.1 10.5 3.5 2 0 3 3 3
-3335.1 2708.1 -23.3 65 0 75.9 44.4 14.0 0.0 0 0 4 0 0
-3780.0 2524.2 -23.0 182 0 46.1 16.7 14.0 3.5 2 0 4 5 5
-3751.5 2510.3 -22.6 181 0 60.3 16.6 14.0 3.5 2 0 4 4 4
-3716.0 2477.8 -22.2 93 0 17.8 56.3 14.0 3.5 2 1 4 4 4
-3746.2 2575.6 -22.5 187 0 45.8 16.1 14.0 3.5 2 0 4 4 4
-3774.6 2574.8 -22.9 187 0 47.8 14.9 14.0 3.5 2 0 4 3 3
-3705.2 2641.2 -22.5 185 0 70.1 17.0 14.0 3.5 4 0 4 0 0
-3734.7 2633.2 -22.4 187 0 45.1 14.6 14.0 3.5 2 0 4 3 3
-3757.4 2699.1 -22.6 181 0 46.0 11.6 14.0 3.5 2 0 4 1 1
-3635.1 2472.6 -22.2 95 0 32.3 55.2 14.0 0.0 0 1 4 1 1
-3582.8 2481.5 -22.3 93 0 33.9 57.8 14.0 0.0 0 1 4 4 4
-3565.1 2953.1 -22.9 154 0 94.7 45.4 14.0 0.0 0 0 4 4 4
-3479.1 2826.5 -23.2 65 0 44.1 79.1 14.0 0.0 0 1 4 4 4
-3441.6 2962.7 -22.4 64 0 41.4 90.4 14.0 0.0 0 1 4 0 0
-3372.2 3001.0 -22.1 67 0 62.3 90.1 14.0 0.0 0 1 4 0 0
-3524.4 2748.7 -23.0 65 0 44.8 117.7 14.0 0.0 0 1 4 4 4
-3307.4 2908.1 -22.5 66 0 35.3 81.1 14.0 0.0 0 1 4 0 0
-3327.8 2771.4 -23.3 64 0 32.5 90.2 14.0 0.0 0 1 4 2 2
-3438.2 2721.2 -23.2 64 0 33.9 91.4 14.0 0.0 0 1 4 4 4
-3392.8 2738.2 -23.2 64 0 46.6 93.5 14.0 0.0 0 1 4 2 2
-3690.1 2736.7 -22.9 181 0 66.6 62.1 14.0 0.0 0 0 4 3 3
-3680.6 2590.4 -22.3 250 0 24.3 45.8 14.0 0.0 0 1 4 2 2
-3613.9 2554.4 -22.4 78 0 12.4 40.5 14.0 3.5 2 1 4 3 3
-3452.1 2639.6 -22.9 65 0 25.9 81.1 14.0 0.0 0 1 4 5 5
-3392.5 2654.4 -23.1 66 0 61.8 65.5 14.0 0.0 0 1 4 3 3
-3439.0 2848.2 -23.0 63 0 23.9 78.8 14.0 0.0 0 1 4 4 4
-3400.2 2862.1 -22.9 64 0 21.9 81.8 14.0 0.0 0 1 4 4 4
-3522.7 2631.7 -22.8 68 0 17.3 64.3 14.0 3.5 2 1 4 3 3
-3791.6 3176.5 -19.3 244 0 42.5 64.7 14.0 0.0 0 1 4 0 0
-3701.7 3020.6 -22.7 152 0 67.4 66.8 14.0 0.0 0 0 4 1 1
-3711.3 3121.4 -21.8 244 0 72.9 53.5 14.0 0.0 0 0 4 2 2
-3953.2 3219.0 -15.6 271 0 11.0 52.9 14.0 3.5 2 1 4 3 3
-3929.9 3220.8 -15.7 271 0 11.0 52.9 14.0 3.5 2 1 4 1 1
-3903.4 3221.8 -15.8 271 0 11.0 52.9 14.0 3.5 2 1 4 4 4
-3878.7 3216.2 -16.2 271 0 11.0 52.9 14.0 3.5 2 1 4 4 4
-3858.5 3222.7 -16.4 271 0 11.0 52.9 14.0 3.5 2 1 4 5 5
-3760.7 2987.3 -22.7 64 0 12.7 48.9 14.0 3.5 4 1 4 5 5
-3780.7 3054.3 -20.6 65 0 11.9 70.3 14.0 3.5 2 1 4 3 3
-3807.1 3053.5 -20.2 69 0 12.2 67.6 14.0 3.5 2 1 4 0 0
-3868.9 3159.9 -17.9 232 0 12.9 48.0 14.0 3.5 2 1 4 3 3
-3623.3 3095.4 -22.4 246 0 21.5 80.6 14.0 0.0 0 1 4 2 2
-3659.9 3184.7 -21.7 246 0 21.5 80.6 14.0 0.0 0 1 4 5 5
-3628.8 3200.3 -21.8 246 0 21.5 80.6 14.0 0.0 0 1 4 1 1
-3550.6 3182.3 -22.1 233 0 29.5 125.4 14.0 0.0 0 1 4 0 0
-3294.7 3282.0 -21.0 245 0 56.8 99.9 14.0 0.0 0 1 4 5 5
-3290.4 3034.4 -21.8 65 0 66.9 92.5 14.0 0.0 0 1 4 3 3
-3162.9 2984.3 -21.9 66 0 61.0 79.8 14.0 0.0 0 1 4 2 2
-3234.0 2945.8 -22.2 65 0 44.7 76.5 14.0 0.0 0 1 4 2 2
-3013.8 2980.0 -21.8 64 0 104.7 147.8 14.0 0.0 0 1 4 0 0
-3093.0 2915.0 -22.1 65 0 42.7 70.8 14.0 0.0 0 1 4 2 2
-3097.5 2760.4 -22.9 66 0 46.8 88.4 14.0 0.0 0 1 4 2 2
-3052.3 3151.3 -21.3 56 0 21.9 127.2 14.0 0.0 0 1 4 2 2
-3496.7 3227.9 -21.6 246 0 18.6 103.7 14.0 0.0 0 1 4 2 2
-3595.0 3253.7 -19.2 248 0 69.6 17.2 14.0 3.5 2 0 4 3 3
-3518.6 3290.0 -19.5 248 0 69.6 17.2 14.0 3.5 2 0 4 5 5
-3617.4 3305.3 -18.3 246 0 69.5 44.4 14.0 0.0 0 0 4 5 5
-3542.8 3339.8 -18.6 245 0 71.6 42.6 14.0 0.0 0 0 4 0 0
-3464.6 3377.2 -19.6 249 0 44.3 68.4 14.0 0.0 0 1 4 1 1
-3422.9 3388.5 -19.8 241 0 25.8 62.9 14.0 0.0 0 1 4 1 1
-3398.5 3406.4 -19.8 245 0 14.9 66.5 14.0 3.5 2 1 4 2 2
-3365.5 3427.5 -20.0 234 0 25.4 73.0 14.0 0.0 0 1 4 5 5
-3340.2 3440.0 -20.1 245 0 10.3 68.5 14.0 3.5 4 1 4 3 3
-3210.7 3500.0 -20.7 236 0 16.3 69.4 14.0 3.5 2 1 4 2 2
-3155.7 3323.9 -21.4 243 0 53.5 61.3 14.0 0.0 0 1 4 2 2
-3728.6 3199.4 -18.8 245 0 31.6 34.4 14.0 0.0 0 1 4 5 5
-3932.0 3145.8 -17.2 194 0 13.4 49.4 14.0 3.5 2 1 4 3 3
-2961.2 3092.8 -21.5 63 0 32.1 70.5 14.0 0.0 0 1 4 4 4
-3006.6 3181.4 -21.7 68 0 24.7 53.8 14.0 0.0 0 1 4 5 5
-3086.5 3355.7 -21.9 245 0 31.1 120.1 14.0 0.0 0 1 4 0 0
-3279.5 2802.7 -23.0 66 0 15.3 52.2 14.0 3.5 2 1 4 1 1
-3240.7 2820.7 -22.8 53 0 18.4 54.9 14.0 3.5 4 1 4 3 3
-3689.2 3349.5 -14.5 72 0 16.3 15.4 14.0 3.5 2 0 4 1 1
-3691.7 3382.5 -11.8 76 0 34.5 11.2 14.0 3.5 2 0 4 3 3
-3668.5 3396.0 -9.8 82 0 13.1 9.1 10.5 3.5 4 0 3 5 5
-3463.9 3513.8 -11.4 66 0 12.0 29.2 14.0 3.5 2 1 4 3 3
-3427.2 3511.3 -11.7 61 0 10.4 37.5 14.0 3.5 4 1 4 4 4
-3395.0 3526.4 -11.1 61 0 10.3 37.5 14.0 3.5 2 1 4 2 2
-3415.3 3568.7 -8.7 61 0 10.3 37.5 14.0 3.5 2 1 4 0 0
-3368.2 3538.0 -10.6 62 0 11.0 36.8 14.0 3.5 2 0 4 4 4
-3385.7 3570.3 -8.7 61 0 10.3 50.9 14.0 3.5 2 0 4 1 1
-3383.1 3502.7 -12.7 64 0 41.0 16.8 14.0 3.5 4 0 4 0 0
-3411.5 3631.2 -5.2 89 0 13.3 64.2 14.0 3.5 2 1 4 2 2
-3381.2 3616.8 -6.4 89 0 13.3 64.2 14.0 3.5 2 1 4 5 5
-3443.8 3632.2 -5.0 89 0 13.3 64.2 14.0 3.5 2 1 4 4 4
-3472.5 3565.8 -8.5 133 0 9.2 18.3 10.5 3.5 2 0 3 3 3
-3450.5 3580.7 -8.0 40 0 11.2 33.4 14.0 3.5 2 1 4 1 1
-3476.7 3562.8 -8.8 39 0 10.1 6.2 10.5 3.5 2 0 3 4 4
-3401.8 3745.4 -1.5 270 0 11.7 40.9 14.0 3.5 2 1 4 4 4
-3385.5 3745.2 -2.1 270 0 11.7 40.9 14.0 3.5 2 1 4 0 0
-3418.8 3745.0 -1.3 270 0 11.7 40.9 14.0 3.5 2 1 4 1 1
-3434.9 3744.5 -1.2 270 0 11.7 40.9 14.0 3.5 4 1 4 1 1
-3453.6 3745.6 -1.0 270 0 11.7 40.9 14.0 3.5 2 1 4 1 1
-3503.6 3745.1 -0.8 270 0 11.7 40.9 14.0 3.5 2 1 4 0 0
-3486.0 3746.6 -0.8 270 0 11.7 40.9 14.0 3.5 2 1 4 1 1
-3471.9 3746.0 -0.9 270 0 11.7 40.9 14.0 0.0 0 1 4 0 0
-3480.4 3670.2 -2.8 88 0 10.0 29.5 10.5 3.5 2 1 3 3 3
-3508.1 3663.7 -3.0 90 0 12.5 34.2 14.0 3.5 2 1 4 0 0
-3501.2 3591.5 -6.9 80 0 12.3 53.8 14.0 3.5 2 1 4 2 2
-3559.3 3742.5 -0.8 241 0 12.2 45.2 14.0 3.5 2 1 4 5 5
-3628.2 3742.6 -1.0 239 0 13.5 55.5 14.0 3.5 4 1 4 1 1
-3664.5 3743.2 -0.7 241 0 12.1 53.7 14.0 3.5 2 1 4 2 2
-3604.4 3631.2 -4.3 98 0 12.8 46.2 14.0 0.0 0 1 4 2 2
-3628.0 3637.7 -3.9 98 0 12.8 46.2 14.0 3.5 2 1 4 3 3
-3645.0 3686.9 -2.8 278 0 12.8 46.2 14.0 3.5 2 1 4 4 4
-3666.3 3687.8 -1.4 278 0 12.8 46.2 14.0 0.0 0 1 4 3 3
-3690.1 3678.2 -0.7 278 0 11.4 29.2 14.0 3.5 2 1 4 5 5
-3713.3 3676.7 0.9 278 0 11.4 29.2 14.0 0.0 0 1 4 0 0
-3736.0 3675.8 2.7 271 0 15.3 33.2 14.0 3.5 2 1 4 5 5
-3801.1 3665.0 6.9 184 0 25.7 26.5 14.0 0.0 0 0 4 0 0
-3807.2 3678.9 9.8 271 0 10.8 26.5 14.0 3.5 2 0 4 1 1
-3591.9 3598.9 -6.1 93 0 17.5 14.9 14.0 3.5 2 0 4 2 2
-3629.6 3561.7 -3.4 91 0 14.6 23.4 14.0 3.5 2 1 4 3 3
-3614.2 3563.1 -4.2 88 0 8.6 20.4 10.5 3.5 4 1 3 4 4
-3730.4 3536.0 3.4 90 0 21.0 31.4 14.0 0.0 0 0 4 3 3
-3728.7 3567.1 3.1 92 0 27.0 17.8 14.0 3.5 2 0 4 1 1
-3678.3 3541.0 -0.3 93 0 28.0 18.3 14.0 3.5 2 0 4 3 3
-4015.6 3746.0 -2.4 62 0 28.4 13.2 14.0 3.5 2 0 4 4 4
-3991.1 3763.0 -3.0 54 0 18.2 17.6 14.0 3.5 2 0 4 4 4
-3948.2 3758.0 1.4 241 0 56.5 13.0 14.0 3.5 4 0 4 2 2
-3904.3 3796.6 0.8 217 0 41.9 10.4 14.0 3.5 2 0 4 2 2
-3872.9 3903.1 -7.2 179 0 52.3 15.5 14.0 3.5 2 0 4 1 1
-3838.2 3926.6 -6.1 269 0 15.5 52.3 14.0 3.5 2 1 4 2 2
-3809.7 3928.6 -4.3 268 0 16.1 68.5 14.0 3.5 2 1 4 5 5
-3780.7 3931.2 -2.4 268 0 13.4 72.3 14.0 3.5 2 1 4 5 5
-3862.2 3845.1 -1.1 200 0 40.0 48.5 14.0 0.0 0 1 4 0 0
-3846.5 3791.2 5.0 202 0 36.3 13.5 14.0 0.0 0 0 4 2 2
-3873.9 3805.0 2.0 204 0 33.3 23.4 14.0 0.0 0 0 4 0 0
-3753.8 3895.3 1.8 268 0 12.9 48.7 14.0 0.0 0 1 4 3 3
-3737.2 3894.2 2.5 268 0 12.9 48.7 14.0 3.5 2 1 4 0 0
-3722.4 3895.7 2.9 268 0 12.9 48.7 14.0 3.5 2 1 4 1 1
-3705.4 3897.9 3.3 268 0 12.9 48.7 14.0 3.5 2 1 4 4 4
-3689.6 3897.6 3.9 268 0 12.9 48.7 14.0 0.0 0 1 4 1 1
-3671.5 3897.6 4.5 268 0 12.9 48.7 14.0 3.5 2 1 4 1 1
-3656.0 3898.3 5.0 268 0 12.9 48.7 14.0 3.5 2 1 4 5 5
-3640.5 3899.4 5.4 268 0 12.9 48.7 14.0 3.5 2 1 4 1 1
-3741.9 3827.5 8.0 265 0 44.0 29.4 14.0 0.0 0 0 4 5 5
-3677.6 3828.6 9.9 267 0 31.9 8.0 10.5 3.5 2 0 3 1 1
-3678.4 3816.6 8.5 266 0 36.3 9.9 10.5 3.5 4 0 3 2 2
-3681.9 3748.6 1.0 287 0 12.5 35.2 14.0 3.5 2 1 4 5 5
-3647.3 3795.1 5.9 338 0 16.0 32.0 14.0 3.5 2 1 4 3 3
-3690.2 3940.2 0.0 270 0 12.4 36.4 14.0 3.5 4 1 4 4 4
-3672.5 3941.0 0.5 270 0 12.4 36.4 14.0 3.5 4 1 4 0 0
-3658.1 3941.4 1.0 270 0 12.4 36.4 14.0 3.5 2 1 4 5 5
-3639.6 3927.9 0.8 357 0 42.3 9.8 10.5 3.5 2 0 3 0 0
-3621.5 3930.0 1.2 357 0 42.3 9.8 10.5 3.5 2 0 3 3 3
-3599.2 3929.7 2.2 354 0 35.5 13.2 14.0 3.5 2 0 4 1 1
-3591.9 3930.4 2.5 179 0 40.2 26.2 14.0 0.0 0 0 4 5 5
-3585.8 3896.6 6.8 268 0 14.7 50.9 14.0 3.5 2 0 4 1 1
-3570.6 3877.7 7.2 267 0 14.5 31.1 14.0 3.5 2 0 4 4 4
-3588.0 3827.3 4.6 270 0 15.6 46.9 14.0 3.5 2 1 4 0 0
-3602.5 3773.3 3.1 270 0 18.0 16.9 14.0 3.5 2 0 4 1 1
-3566.1 3824.0 4.5 269 0 13.7 42.8 14.0 3.5 2 1 4 2 2
-3513.9 3903.9 1.9 268 0 24.3 66.2 14.0 0.0 0 1 4 4 4
-3539.1 3877.8 5.0 268 0 20.8 40.0 14.0 0.0 0 1 4 2 2
-3473.2 3859.0 1.5 269 0 25.5 68.1 14.0 0.0 0 1 4 5 5
-3485.0 3900.5 0.6 250 0 10.8 35.5 14.0 3.5 2 1 4 5 5
-3498.3 3919.3 -0.8 161 0 37.2 12.6 14.0 3.5 2 0 4 5 5
-3460.4 3895.5 -0.8 250 0 13.8 31.5 14.0 3.5 2 0 4 2 2
-3469.8 3922.2 -1.6 251 0 14.2 28.3 14.0 3.5 2 0 4 3 3
-3422.6 3909.4 -3.9 342 0 33.9 20.7 14.0 0.0 0 0 4 3 3
-3413.7 3844.3 -1.6 254 0 22.2 13.0 14.0 3.5 2 0 4 2 2
-3383.5 3830.4 -1.4 283 0 25.0 26.0 14.0 0.0 0 1 4 3 3
-3412.3 3864.2 -2.8 261 0 27.0 8.2 10.5 3.5 2 0 3 2 2
-3410.8 3886.8 -4.4 263 0 37.9 13.3 14.0 3.5 2 0 4 1 1
-3382.0 3888.9 -5.5 266 0 13.7 14.8 14.0 3.5 2 1 4 3 3
-3382.8 3906.1 -6.2 352 0 19.5 13.9 14.0 3.5 2 0 4 2 2
-3381.1 3906.1 -7.2 173 0 18.1 13.7 14.0 3.5 2 0 4 5 5
-3328.2 3914.3 -9.5 86 0 37.0 16.6 10.0 2.5 2 0 4 4 4
-3303.5 3929.4 -9.6 268 0 13.6 7.9 2.5 2.5 2 0 1 4 4
-3350.9 3830.8 -2.3 240 0 10.4 23.5 14.0 3.5 2 1 4 3 3
-3300.1 3809.0 -1.8 337 0 13.4 31.2 14.0 3.5 2 0 4 4 4
-3325.0 3833.0 -2.9 219 0 10.0 28.6 14.0 3.5 2 0 4 0 0
-3304.7 3743.9 -3.7 348 0 13.9 44.0 14.0 3.5 2 1 4 0 0
-3329.6 3786.8 -1.7 239 0 11.1 21.5 14.0 3.5 2 0 4 4 4
-3307.2 3774.8 -2.5 242 0 14.6 11.0 14.0 3.5 2 0 4 5 5
-3302.1 3798.9 -2.2 242 0 14.0 21.3 14.0 0.0 0 1 4 2 2
-3274.0 3789.9 -4.7 248 0 14.1 37.4 14.0 3.5 2 1 4 4 4
-3286.4 3810.1 -2.3 245 0 17.9 20.9 14.0 3.5 2 0 4 5 5
-3281.1 3825.3 -3.1 235 0 8.9 11.0 10.5 3.5 2 0 3 4 4
-3253.1 3801.8 -4.9 232 0 12.9 35.9 14.0 3.5 2 1 4 4 4
-3110.5 3837.1 -7.3 333 0 17.9 41.1 14.0 3.5 2 0 4 2 2
-3114.6 3857.0 -8.5 333 0 21.6 73.2 14.0 3.5 2 0 4 2 2
-3162.0 3816.2 -6.6 258 0 20.9 22.0 14.0 3.5 2 1 4 5 5
-2923.9 3737.1 -19.0 64 0 15.4 56.3 10.0 2.5 2 1 4 0 0
-2957.6 3719.5 -18.5 65 0 15.0 54.6 10.0 2.5 2 1 4 3 3
-2920.2 3717.5 -20.1 61 0 30.6 12.4 10.0 2.5 2 0 4 0 0
-3001.7 3745.8 -16.3 193 0 15.4 13.2 7.5 2.5 4 0 3 2 2
-3031.6 3743.7 -14.3 60 0 17.4 45.9 14.0 3.5 2 1 4 2 2
-3049.6 3723.1 -14.6 64 0 11.1 31.0 14.0 3.5 2 0 4 5 5
-3037.3 3683.6 -17.2 338 0 13.2 20.7 14.0 0.0 0 1 4 2 2
-3089.5 3756.9 -11.7 332 0 12.3 30.5 14.0 3.5 2 0 4 2 2
-3120.6 3742.4 -11.0 334 0 10.2 77.5 14.0 3.5 2 1 4 2 2
-3195.9 3675.9 -10.9 63 0 17.0 35.5 14.0 0.0 0 1 4 5 5
-3187.6 3593.8 -15.1 65 0 21.1 42.7 14.0 3.5 2 0 4 5 5
-3205.6 3632.4 -12.6 63 0 21.3 38.7 14.0 0.0 0 0 4 5 5
-3222.8 3667.1 -10.3 63 0 21.1 31.4 14.0 0.0 0 0 4 2 2
-3205.0 3583.7 -14.8 65 0 14.8 46.9 14.0 3.5 2 1 4 1 1
-3228.7 3570.8 -14.5 64 0 25.5 9.6 10.5 0.0 0 0 3 1 1
-3194.7 3760.3 -8.3 333 0 25.4 10.7 14.0 3.5 2 0 4 4 4
-3217.0 3757.0 -7.7 241 0 10.6 24.5 14.0 3.5 2 1 4 1 1
-3222.2 3719.7 -7.8 57 0 22.1 21.8 14.0 3.5 2 0 4 0 0
-3244.6 3709.5 -7.4 66 0 12.2 25.2 14.0 3.5 2 1 4 4 4
-3282.1 3544.6 -13.5 64 0 12.5 42.8 14.0 3.5 2 1 4 3 3
-3300.4 3535.2 -13.2 64 0 12.5 42.8 14.0 3.5 4 1 4 5 5
-3319.6 3526.4 -12.9 64 0 12.5 42.8 14.0 3.5 2 1 4 2 2
-3300.1 3586.7 -10.8 64 0 12.5 42.8 14.0 0.0 0 1 4 5 5
-3320.3 3577.5 -10.5 64 0 12.5 42.8 14.0 3.5 2 1 4 1 1
-3346.6 3517.1 -12.2 73 0 9.7 31.1 10.5 3.5 2 1 3 5 5
-3265.2 3697.9 -7.1 65 0 10.6 40.2 14.0 3.5 2 1 4 0 0
-3282.5 3688.9 -6.8 65 0 10.6 40.2 14.0 3.5 2 1 4 5 5
-3299.5 3680.4 -6.5 65 0 10.6 40.2 14.0 3.5 2 1 4 3 3
-3241.8 3649.6 -10.3 63 0 15.9 37.0 14.0 3.5 2 1 4 2 2
-3263.9 3636.3 -10.0 63 0 15.9 37.0 14.0 3.5 2 1 4 2 2
-3286.7 3617.3 -10.0 63 0 15.9 37.0 14.0 3.5 2 1 4 3 3
-3316.7 3670.7 -6.3 62 0 10.6 28.9 14.0 3.5 2 1 4 3 3
-3330.9 3620.9 -8.1 93 0 9.0 34.1 10.5 3.5 2 1 3 3 3
-3359.5 3581.7 -8.9 95 0 11.7 34.7 14.0 3.5 2 1 4 5 5
-3356.1 3619.1 -7.3 92 0 13.1 49.5 14.0 3.5 2 1 4 0 0
-3351.0 3675.6 -4.8 92 0 11.1 40.4 14.0 3.5 2 1 4 4 4
-3367.0 3746.6 -2.8 270 0 9.8 42.0 10.5 3.5 2 1 3 5 5
-3237.8 4067.5 -12.0 115 0 19.3 20.0 10.0 2.5 2 1 4 4 4
-4040.8 3940.8 1.7 165 0 39.9 12.7 14.0 3.5 2 0 4 1 1
-4052.1 3992.3 3.6 166 0 38.8 11.3 14.0 3.5 2 0 4 2 2
-4065.0 4045.9 5.5 168 0 44.2 11.6 14.0 3.5 2 0 4 5 5
-4036.2 4053.1 4.5 342 0 41.0 11.8 14.0 3.5 2 0 4 5 5
-4078.7 4119.0 7.9 251 0 12.4 38.6 14.0 3.5 2 1 4 1 1
-4052.7 4110.4 7.5 346 0 35.4 11.1 14.0 3.5 2 0 4 5 5
-4061.0 4142.8 9.3 346 0 23.7 9.7 10.5 3.5 2 0 3 4 4
-4083.9 4221.2 4.4 252 0 8.7 33.7 10.5 3.5 2 1 3 5 5
-4069.2 4240.7 2.7 256 0 10.5 62.9 14.0 3.5 4 1 4 3 3
-4021.1 4087.7 4.3 348 0 63.0 15.6 14.0 3.5 2 0 4 5 5
-3988.0 4019.3 0.5 348 0 61.5 16.2 14.0 3.5 2 0 4 2 2
-4016.6 3946.9 1.2 351 0 40.3 7.4 10.5 3.5 2 0 3 4 4
-4001.4 3951.1 0.2 343 0 40.0 9.2 10.5 3.5 2 0 3 2 2
-3985.9 3954.4 -0.7 343 0 40.7 9.8 10.5 3.5 2 0 3 1 1
-3952.6 3952.3 -3.3 342 0 67.8 17.4 14.0 3.5 2 0 4 5 5
-3937.5 3904.8 -4.2 345 0 15.6 13.0 14.0 3.5 2 0 4 4 4
-3987.9 3874.1 -2.5 125 0 14.5 35.1 14.0 3.5 2 1 4 1 1
-3960.6 3856.4 -4.3 120 0 13.6 33.9 14.0 0.0 0 1 4 2 2
-4012.4 3849.0 -0.8 35 0 34.7 14.1 14.0 3.5 2 0 4 0 0
-3943.8 3803.0 -3.6 34 0 28.4 11.1 14.0 3.5 2 0 4 3 3
-3929.2 3857.1 -5.7 199 0 37.8 12.4 14.0 3.5 4 0 4 1 1
-3973.4 3825.3 -4.4 221 0 29.4 12.0 14.0 3.5 2 0 4 5 5
-4059.5 3852.5 1.5 123 0 9.8 40.6 10.5 3.5 2 1 3 2 2
-4076.6 3905.6 3.5 161 0 33.2 8.2 10.5 3.5 2 0 3 5 5
-4090.8 3902.1 4.3 167 0 31.9 9.7 10.5 3.5 2 0 3 4 4
-4099.6 3936.5 5.5 168 0 34.4 10.0 14.0 3.5 4 0 4 1 1
-4064.6 3922.8 3.2 165 0 24.5 10.9 14.0 3.5 2 0 4 5 5
-4051.2 3927.4 2.7 168 0 25.8 7.5 10.5 3.5 2 0 3 2 2
-4110.2 3990.4 6.4 161 0 26.6 15.7 14.0 3.5 2 0 4 5 5
-4084.8 3985.5 5.6 169 0 40.2 8.6 10.5 0.0 0 0 3 0 0
-4069.9 3989.0 4.8 165 0 37.1 8.2 10.5 3.5 2 0 3 1 1
-4112.2 4035.3 8.3 166 0 41.2 8.9 10.5 3.5 2 0 3 2 2
-4125.4 4087.2 10.6 162 0 38.4 9.1 10.5 3.5 4 0 3 1 1
-4083.0 4041.2 6.6 166 0 40.4 8.9 10.5 0.0 0 0 3 5 5
-4110.2 4090.4 9.8 166 0 40.8 8.3 10.5 3.5 2 0 3 2 2
-4096.9 4113.7 9.0 251 0 7.6 39.4 10.5 3.5 2 1 3 3 3
-4128.8 4124.3 12.4 197 0 6.5 9.1 10.5 3.5 2 1 3 2 2
-4125.3 4173.4 8.4 198 0 9.3 50.1 10.5 3.5 2 1 3 2 2
-4043.2 4142.1 8.4 351 0 17.3 13.0 14.0 3.5 2 0 4 2 2
-4033.9 4165.9 7.6 327 0 22.3 11.6 14.0 3.5 2 0 4 4 4
-3969.9 4090.7 1.8 345 0 38.7 15.2 14.0 3.5 2 0 4 2 2
-4011.1 4170.4 6.9 340 0 21.4 11.6 14.0 3.5 2 0 4 3 3
-4028.5 3998.5 2.8 343 0 38.8 9.1 10.5 3.5 2 0 3 0 0
-4013.7 4002.0 2.0 344 0 41.5 9.2 10.5 3.5 4 0 3 3 3
-3971.1 4025.3 -0.6 340 0 60.0 11.3 14.0 3.5 4 0 4 0 0
-3951.2 4031.1 -1.5 344 0 60.2 12.6 14.0 3.5 2 0 4 5 5
-4242.2 3751.4 4.8 131 0 80.5 23.4 12.5 0.0 0 0 5 4 4
-4179.0 3725.5 3.9 39 0 20.3 10.8 10.0 2.5 2 0 4 4 4
-4309.6 3816.4 6.5 218 0 15.1 37.0 15.0 0.0 0 1 6 4 4
-4288.0 3927.9 11.5 265 0 11.1 38.5 15.0 0.0 0 1 6 0 0
-4272.4 3930.8 11.9 263 0 13.0 41.9 12.5 2.5 2 1 5 3 3
-4238.2 3867.8 9.7 64 0 36.6 15.8 12.5 2.5 2 0 5 1 1
-4253.5 3939.8 14.1 174 0 40.5 23.6 15.0 0.0 0 0 6 4 4
-4202.6 3948.7 12.6 353 0 35.7 20.4 15.0 0.0 0 0 6 0 0
-4181.1 4029.4 13.3 347 0 13.8 78.8 10.0 2.5 2 1 4 5 5
-4209.0 3891.2 11.8 80 0 17.8 11.1 7.5 2.5 2 0 3 3 3
-3859.9 2507.8 -24.3 244 0 24.1 53.1 14.0 3.5 2 1 4 4 4
-4453.6 2912.3 -18.5 245 1 11.4 13.4 14.0 3.5 2 1 4 2 2
-4224.1 2298.0 -23.2 242 0 11.7 26.8 7.5 0.0 0 1 3 3 3
-3864.0 2649.5 -24.0 158 0 77.3 42.6 14.0 0.0 0 0 4 0 0
-4617.3 3657.6 -7.2 251 0 10.2 20.0 10.0 2.5 4 1 4 1 1
-3869.4 2879.8 -23.1 336 0 56.9 48.8 14.0 0.0 0 0 4 1 1
-3980.4 2912.3 -22.2 152 0 45.3 20.0 14.0 3.5 4 0 4 1 1
-3974.7 2966.5 -21.8 335 0 41.9 27.9 14.0 0.0 0 0 4 2 2
-3933.1 2957.7 -22.4 245 0 11.8 46.5 14.0 0.0 0 1 4 3 3
-3974.2 2985.8 -21.8 216 0 10.0 37.4 10.5 3.5 2 1 3 4 4
-3985.0 2446.9 -24.5 334 0 7.8 17.7 10.5 3.5 2 1 3 3 3
-4146.3 3679.5 -0.0 234 0 20.9 26.3 14.0 0.0 0 1 4 1 1
-4101.8 3620.9 -1.5 9 0 62.4 14.0 14.0 3.5 2 0 4 2 2
-4444.4 4021.0 10.5 98 0 14.6 57.3 10.0 2.5 2 1 4 5 5
-4477.8 4025.2 6.1 93 0 45.1 13.4 12.5 2.5 2 0 5 1 1
-4391.2 3930.6 14.2 283 0 56.2 21.0 12.5 2.5 2 0 5 0 0
-4562.2 3383.8 -2.7 44 0 9.8 29.2 10.5 3.5 2 1 3 3 3
-4618.8 3356.2 -1.8 149 0 39.6 7.9 10.5 3.5 2 0 3 2 2
-4615.2 3409.9 -4.1 66 0 14.7 12.7 5.0 2.5 2 0 2 5 5
-4584.5 3514.6 -8.7 48 0 8.6 15.3 5.0 2.5 2 1 2 1 1
-4604.6 3506.8 -8.3 109 0 9.2 10.3 2.5 2.5 2 1 1 2 2
-4576.5 3588.4 -7.6 78 0 9.1 13.9 2.5 2.5 2 1 1 5 5
-4614.2 3571.5 -4.9 61 0 14.0 17.6 7.5 2.5 2 1 3 0 0
-4649.1 3618.5 -3.8 212 0 8.9 11.0 5.0 2.5 2 1 2 0 0
-4649.3 3546.2 -4.3 171 0 24.1 10.1 7.5 2.5 2 0 3 3 3
-4686.8 3484.5 -3.4 115 0 10.0 19.6 2.5 2.5 4 1 1 2 2
-4693.5 3342.2 -4.5 35 0 8.4 37.7 7.5 2.5 2 1 3 1 1
-4699.2 3334.1 -2.8 37 0 6.6 11.9 5.0 2.5 4 1 2 1 1
-4660.0 3316.9 0.1 239 0 7.5 23.6 10.5 3.5 2 0 3 4 4
-4785.7 3415.1 2.7 75 0 11.3 30.8 12.5 2.5 2 1 5 1 1
-4930.6 3526.3 16.9 100 0 34.4 8.0 7.5 2.5 2 0 3 3 3
-5229.7 3576.5 24.7 148 0 8.2 35.3 7.5 2.5 2 1 3 0 0
-5283.4 3628.0 24.2 196 0 7.7 9.5 5.0 2.5 2 1 2 1 1
-5064.9 3414.9 25.0 45 0 6.9 20.4 5.0 2.5 2 0 2 4 4
-5039.0 3408.0 23.5 13 0 7.4 24.2 2.5 2.5 2 0 1 3 3
-5073.9 3450.0 27.0 306 0 8.9 18.4 7.5 2.5 4 1 3 5 5
-5081.4 3395.3 24.2 62 0 7.3 28.0 7.5 0.0 0 1 3 3 3
-6918.6 2417.0 -9.3 117 0 34.0 19.6 5.0 0.0 0 0 2 3 3
-6900.2 2357.9 -8.8 119 0 8.4 60.2 7.5 2.5 2 1 3 3 3
-6871.9 2340.4 -9.3 117 0 9.2 65.4 7.5 2.5 4 1 3 3 3
-6856.4 2407.7 -9.1 298 0 17.7 4.3 2.5 2.5 2 0 1 3 3
-6852.2 2400.5 -9.0 299 0 4.6 27.9 2.5 2.5 2 0 1 0 0
