-2728.0 -7091.2 -15.8 91 0 16.0 12.0 10.5 3.5 2 0 3 3 3
-2700.7 -7098.4 -15.3 114 0 11.9 9.1 10.5 3.5 2 0 3 1 1
-2669.3 -7114.1 -15.5 127 0 16.3 8.3 10.5 3.5 2 0 3 0 0
-2677.5 -7025.5 -11.3 26 0 5.4 6.4 10.5 3.5 2 1 3 0 0
-2582.8 -7017.0 -9.4 328 0 18.3 7.5 10.5 3.5 2 0 3 5 5
-2596.4 -7032.2 -9.9 153 0 8.0 6.3 10.5 3.5 2 0 3 3 3
-2590.2 -6997.4 -8.2 301 0 10.0 6.5 10.5 3.5 2 0 3 2 2
-2771.7 -6955.3 -10.6 267 0 7.4 16.7 10.5 3.5 2 0 3 3 3
-2728.0 -6787.3 6.2 240 0 26.5 9.9 7.5 2.5 2 0 3 3 3
-2672.2 -6851.0 1.6 353 0 8.6 12.5 5.0 2.5 2 1 2 3 3
-2655.4 -6858.0 0.8 348 0 8.7 12.3 5.0 2.5 2 1 2 5 5
-2635.9 -6916.7 -5.0 62 0 8.0 12.4 7.5 0.0 0 1 3 0 0
-2547.4 -7030.1 -12.3 246 0 9.7 25.3 10.5 3.5 2 1 3 5 5
-2553.7 -7092.9 -14.7 184 0 18.3 16.5 10.5 3.5 2 0 3 5 5
-2509.9 -7051.2 -13.4 335 0 7.6 19.0 10.5 3.5 2 1 3 5 5
-2806.6 -7179.0 -17.4 47 0 12.1 15.5 7.5 2.5 2 1 3 0 0
-2809.5 -7222.2 -16.2 64 0 11.3 14.6 7.5 2.5 2 1 3 0 0
-2846.2 -6834.0 4.6 314 0 19.0 13.4 15.0 0.0 0 0 6 3 3
-2871.3 -6799.6 8.0 209 0 26.8 13.1 12.5 2.5 2 0 5 5 5
-2837.6 -6745.9 11.4 338 0 14.2 18.9 7.5 2.5 2 1 3 2 2
-2828.3 -6755.5 10.5 315 0 6.9 13.5 5.0 2.5 2 1 2 0 0
-2533.9 -7110.1 -15.7 173 0 9.0 8.9 10.5 3.5 2 0 3 1 1
-2525.9 -7063.6 -14.2 272 0 7.7 17.6 10.5 3.5 2 1 3 1 1
-2497.3 -7049.3 -14.3 277 0 10.0 13.6 10.5 3.5 2 0 3 1 1
-2520.7 -7135.7 -18.0 185 0 8.1 20.6 10.5 3.5 2 1 3 4 4
-2479.6 -7059.3 -15.7 288 0 11.5 23.6 10.5 3.5 2 1 3 3 3
-2453.7 -7058.1 -16.7 288 0 13.2 24.5 10.5 3.5 4 1 3 1 1
-2508.8 -7171.1 -19.4 110 0 8.2 11.9 10.5 3.5 2 0 3 3 3
-2428.3 -7103.4 -20.0 19 0 75.3 20.0 10.5 3.5 2 0 3 1 1
