-2092.7 12350.7 71.7 267 0 89.4 27.4 7.5 0.0 0 0 3 1 1
4159.5 -1818.6 -75.9 302 0 9.1 14.8 7.5 2.5 2 1 3 2 2
4137.3 -1838.4 -77.3 201 0 16.6 12.3 2.5 2.5 2 0 1 1 1
4101.9 -1794.0 -61.2 16 0 25.6 12.1 12.5 2.5 2 0 5 1 1
4264.2 -1392.4 -25.0 85 0 12.9 9.2 5.0 2.5 2 0 2 5 5
5408.5 -2756.5 -65.4 308 0 14.0 9.8 2.5 2.5 2 0 1 4 4
5372.8 -2775.3 -70.5 96 0 12.9 13.1 7.5 2.5 2 1 3 4 4
5350.3 -2644.4 -58.6 313 0 8.5 14.7 2.5 2.5 2 1 1 2 2
5181.1 -2608.9 -78.7 142 0 6.7 5.6 7.5 2.5 2 0 3 5 5
5199.8 -2630.4 -74.7 131 0 16.9 9.7 5.0 2.5 2 0 2 4 4
5142.9 -2590.9 -86.6 51 0 13.3 9.0 5.0 2.5 2 0 2 3 3
