4766.0 1941.1 -27.2 47 0 72.1 30.6 5.0 0.0 0 0 2 2 2
1143.0 5056.8 -11.8 180 0 205.7 99.5 14.0 0.0 0 0 4 0 0
575.6 5492.8 -0.6 90 0 48.0 128.0 14.0 0.0 0 1 4 0 0
786.5 5442.6 -5.3 270 0 88.3 498.9 10.0 0.0 0 1 4 0 0
896.6 5635.5 3.0 269 0 46.0 86.2 14.0 0.0 0 1 4 2 2
908.8 5441.5 -7.4 270 0 88.3 498.9 12.5 0.0 0 1 5 5 5
581.3 5222.2 2.7 181 0 160.9 80.3 10.0 0.0 0 0 4 4 4
642.9 5493.7 3.1 90 0 48.0 128.0 14.0 0.0 0 1 4 1 1
1843.8 5834.1 -2.9 95 0 56.7 149.4 10.5 0.0 0 1 3 5 5
5601.4 -2061.4 7.1 357 0 85.0 18.9 14.0 0.0 0 0 4 0 0
5716.4 -1964.7 -4.3 267 0 23.3 28.3 10.5 0.0 0 1 3 4 4
3025.6 3528.5 0.8 172 0 120.4 44.9 14.0 0.0 0 0 4 2 2
3296.1 3575.7 3.8 352 0 70.5 7.4 3.5 3.5 2 0 1 1 1
2856.0 3143.5 4.8 90 0 56.4 86.3 14.0 0.0 0 1 4 2 2
4089.8 4001.4 -13.1 271 0 6.8 43.7 10.5 3.5 2 1 3 3 3
3875.7 4073.8 -12.2 270 0 15.4 58.1 14.0 3.5 2 1 4 4 4
3476.5 4218.9 -15.6 86 0 50.2 79.8 14.0 0.0 0 1 4 5 5
-2941.2 -1971.8 0.0 359 0 34.8 55.9 14.0 0.0 0 1 4 0 0
2745.5 3239.7 5.9 178 0 29.0 32.6 14.0 0.0 0 1 4 2 2
2738.3 3329.3 2.7 179 0 88.4 33.6 14.0 0.0 0 0 4 0 0
2738.5 3406.0 0.3 177 0 35.8 29.8 14.0 0.0 0 0 4 4 4
3089.4 3343.9 5.7 88 0 26.4 93.9 14.0 0.0 0 1 4 4 4
3714.1 4192.8 -7.7 272 0 15.9 58.6 10.5 3.5 2 1 3 1 1
4366.8 3881.8 -15.8 92 0 14.7 59.0 14.0 3.5 2 1 4 3 3
4488.6 3987.7 -21.6 359 0 57.0 14.4 14.0 3.5 2 0 4 3 3
4449.5 4016.0 -20.7 269 0 14.7 56.9 14.0 3.5 2 1 4 2 2
4418.7 4015.9 -19.9 269 0 16.3 56.8 14.0 3.5 2 1 4 2 2
3577.9 4196.5 -7.6 270 0 21.5 56.0 14.0 3.5 4 1 4 5 5
4059.7 4278.9 -10.6 271 0 46.6 83.5 10.5 0.0 0 1 3 1 1
3550.8 4196.6 -9.0 270 0 20.6 54.0 14.0 0.0 0 1 4 4 4
3676.3 4012.5 -11.9 89 0 18.5 75.4 10.5 3.5 2 1 3 5 5
3681.4 4117.3 -9.0 272 0 9.8 27.8 10.5 0.0 0 1 3 4 4
2367.1 3173.4 -6.3 179 0 92.4 16.3 14.0 3.5 2 0 4 4 4
2448.6 2992.5 2.1 270 0 42.9 29.6 7.5 0.0 0 0 3 1 1
2960.0 2843.7 -1.1 179 0 36.6 44.5 14.0 0.0 0 1 4 0 0
2387.1 2952.6 1.7 0 0 87.9 16.1 14.0 0.0 0 0 4 3 3
2444.2 3175.2 -3.8 359 0 91.9 15.9 14.0 3.5 2 0 4 0 0
3206.7 3212.4 8.7 89 0 20.1 17.2 14.0 3.5 2 0 4 4 4
2406.2 3128.0 -5.0 90 0 15.7 93.2 14.0 3.5 2 1 4 3 3
2490.6 3438.5 -11.2 88 0 41.7 43.5 7.0 0.0 0 1 2 2 2
2545.7 3000.2 2.2 90 0 15.8 94.1 14.0 3.5 2 1 4 1 1
2511.8 3095.6 2.5 270 0 16.1 94.9 10.5 3.5 2 1 3 2 2
2478.0 2999.8 3.0 90 0 16.6 95.1 14.0 3.5 2 1 4 1 1
2437.9 2999.1 2.0 89 0 17.1 96.2 14.0 0.0 0 1 4 3 3
2405.1 2999.3 0.8 90 0 16.1 94.6 14.0 3.5 2 1 4 5 5
2364.7 3047.1 -0.6 180 0 95.4 15.3 14.0 3.5 2 0 4 3 3
4389.3 3959.1 -18.8 90 0 13.8 52.1 14.0 3.5 2 1 4 1 1
4361.0 3959.1 -17.9 90 0 14.7 53.0 14.0 0.0 0 1 4 4 4
4394.8 3818.5 -15.5 180 0 70.2 9.6 10.5 3.5 4 0 3 2 2
4332.2 3959.1 -16.9 90 0 13.1 52.5 14.0 3.5 2 1 4 1 1
4301.6 3958.8 -15.9 94 0 14.7 52.4 7.0 3.5 2 1 2 5 5
3894.2 3932.8 -16.5 183 0 93.0 31.0 10.5 0.0 0 0 3 5 5
4231.2 4065.9 -15.6 0 0 36.5 15.1 14.0 3.5 4 0 4 5 5
4276.8 3958.8 -14.9 87 0 15.4 52.3 14.0 3.5 2 1 4 0 0
4249.6 3958.6 -14.1 90 0 9.4 55.5 10.5 3.5 2 1 3 4 4
4178.0 4051.1 -13.7 359 0 63.9 11.4 14.0 3.5 2 0 4 2 2
4191.3 4050.7 -14.6 179 0 65.3 13.7 14.0 3.5 2 0 4 2 2
4223.7 3961.7 -12.2 89 0 11.2 21.2 14.0 3.5 2 1 4 4 4
4228.3 4015.4 -14.1 359 0 56.9 10.5 14.0 3.5 2 0 4 5 5
4191.4 3994.2 -12.5 180 0 42.0 14.7 14.0 0.0 0 0 4 0 0
4179.2 3997.7 -11.5 359 0 31.6 11.4 14.0 3.5 2 0 4 2 2
4374.3 3837.3 -14.1 0 0 79.9 8.8 10.5 0.0 0 0 3 5 5
4094.3 3929.3 -15.8 2 0 52.0 9.3 10.5 3.5 2 0 3 4 4
4114.8 3940.1 -15.7 270 0 5.4 47.3 10.5 3.5 2 1 3 3 3
4115.7 3945.8 -13.0 89 0 9.5 48.1 10.5 0.0 0 1 3 5 5
4143.2 3879.3 -15.6 90 0 7.6 40.5 10.5 3.5 2 1 3 1 1
4139.2 3946.4 -13.4 181 0 47.2 7.6 10.5 3.5 2 0 3 3 3
4170.9 3893.3 -14.2 89 0 7.6 63.0 10.5 3.5 2 1 3 2 2
4199.5 3894.6 -13.5 89 0 10.6 43.7 10.5 3.5 2 1 3 5 5
4226.1 3895.9 -12.7 88 0 9.7 41.5 10.5 3.5 4 1 3 3 3
4251.7 3897.5 -12.0 89 0 9.1 40.3 10.5 3.5 2 1 3 0 0
4280.7 3891.4 -12.6 90 0 7.9 44.9 10.5 0.0 0 1 3 2 2
4307.8 3885.1 -13.4 89 0 8.7 50.5 10.5 3.5 2 1 3 1 1
4333.9 3883.0 -14.4 90 0 8.6 53.1 10.5 3.5 2 1 3 5 5
4306.7 3878.9 -12.3 269 0 7.2 58.1 10.5 3.5 2 1 3 1 1
4334.0 3877.9 -12.5 269 0 8.9 56.1 10.5 3.5 2 1 3 5 5
4028.4 4076.0 -10.8 192 0 31.8 25.9 14.0 3.5 2 0 4 1 1
3606.5 3930.1 -13.2 90 0 20.8 58.6 14.0 3.5 2 1 4 5 5
3661.5 3932.3 -13.7 89 0 46.0 56.2 14.0 0.0 0 1 4 5 5
3562.4 3932.3 -13.1 87 0 20.0 54.0 14.0 3.5 2 1 4 0 0
3573.0 3884.2 -12.7 359 0 51.7 27.1 10.5 0.0 0 0 3 1 1
3919.1 4220.3 -9.6 90 0 60.4 69.7 14.0 0.0 0 1 4 3 3
4078.1 4297.4 -9.8 92 0 13.4 47.7 14.0 3.5 2 1 4 5 5
4082.8 4379.3 -10.8 0 0 48.3 11.0 14.0 3.5 2 0 4 3 3
4055.4 4301.6 -9.8 87 0 10.2 49.0 14.0 3.5 2 1 4 2 2
4060.8 4381.2 -11.0 0 0 40.9 12.3 14.0 0.0 0 0 4 5 5
4026.6 4303.4 -9.7 90 0 9.5 42.0 10.5 3.5 2 1 3 1 1
4026.0 4405.8 -11.4 270 0 10.4 51.4 14.0 0.0 0 1 4 0 0
4000.2 4312.9 -11.7 90 0 19.7 90.0 14.0 0.0 0 1 4 4 4
3920.1 4320.6 -11.5 93 0 11.5 47.5 14.0 3.5 2 1 4 3 3
3947.4 4318.0 -11.2 93 0 9.7 48.5 10.5 3.5 2 1 3 2 2
3972.9 4317.1 -12.0 90 0 15.5 86.3 14.0 3.5 2 1 4 3 3
3897.9 4352.3 -12.6 359 0 56.5 37.0 14.0 0.0 0 0 4 5 5
4439.0 4306.4 -12.8 93 0 24.0 56.4 17.5 3.5 2 1 5 3 3
2684.0 3445.0 -1.6 211 0 36.7 50.2 14.0 0.0 0 1 4 2 2
2753.1 3488.1 -2.8 270 0 21.5 50.0 14.0 3.5 2 1 4 3 3
3356.9 4324.5 -22.2 89 0 14.1 50.8 14.0 3.5 2 1 4 3 3
3381.7 4305.1 -20.9 90 0 13.0 73.3 14.0 3.5 4 1 4 0 0
3482.5 4312.9 -15.2 91 0 10.2 52.0 14.0 3.5 2 1 4 4 4
3448.1 4355.7 -17.1 269 0 13.7 50.0 14.0 3.5 2 1 4 5 5
3412.5 4379.8 -19.3 270 0 13.4 74.3 14.0 3.5 2 1 4 2 2
3355.1 4428.4 -23.2 269 0 12.3 44.0 14.0 3.5 2 1 4 2 2
3328.3 4363.5 -23.9 90 0 13.8 45.8 14.0 3.5 2 1 4 5 5
3327.5 4462.5 -24.8 270 0 13.5 48.8 14.0 3.5 2 1 4 1 1
3101.4 3322.3 7.1 270 0 19.7 58.9 14.0 3.5 2 1 4 5 5
2657.5 3730.3 -17.2 13 0 50.7 50.1 14.0 0.0 0 0 4 4 4
3773.9 4316.0 -14.1 90 0 11.5 82.2 10.0 2.5 2 1 4 3 3
3748.7 4315.0 -14.4 90 0 11.7 81.8 12.5 2.5 4 1 5 0 0
3720.6 4313.6 -14.7 89 0 15.1 83.2 12.5 0.0 0 1 5 1 1
3699.9 4312.6 -12.4 89 0 12.5 23.7 12.5 2.5 2 1 5 2 2
4522.8 4210.1 -18.5 300 0 5.3 7.2 10.5 3.5 2 1 3 4 4
3277.9 3575.7 4.9 83 0 9.5 24.0 3.5 0.0 0 1 1 0 0
5560.0 -2120.1 10.5 177 0 45.3 17.9 14.0 3.5 2 0 4 5 5
5408.1 -2200.4 14.3 88 0 19.0 57.5 14.0 3.5 2 1 4 2 2
5089.7 -1855.3 21.3 0 0 79.1 15.2 10.5 3.5 2 0 3 3 3
5084.3 -1775.3 24.1 358 0 57.1 11.0 10.5 3.5 2 0 3 5 5
5050.5 -1776.5 22.0 358 0 55.4 10.6 10.5 3.5 2 0 3 1 1
4979.1 -1806.9 29.6 84 0 10.6 54.1 10.5 3.5 2 1 3 4 4
4943.1 -1808.1 29.9 87 0 9.7 53.6 10.5 0.0 0 1 3 1 1
4909.1 -1809.8 30.2 87 0 11.9 53.3 10.5 3.5 2 1 3 3 3
4873.2 -1797.9 30.6 88 0 7.7 45.9 10.5 0.0 0 1 3 5 5
5080.0 -1705.6 25.9 357 0 51.9 15.5 10.5 3.5 2 0 3 3 3
4917.8 -1653.1 30.5 269 0 12.8 61.4 10.5 3.5 2 1 3 2 2
4895.4 -1715.1 30.7 85 0 11.3 58.8 10.5 0.0 0 1 3 1 1
4859.7 -1684.9 30.9 176 0 59.7 15.3 10.5 3.5 4 0 3 1 1
4831.7 -1685.5 31.2 179 0 66.6 13.8 10.5 0.0 0 0 3 1 1
4838.6 -1583.5 31.6 267 0 10.6 55.5 10.5 3.5 2 1 3 5 5
4865.2 -1584.3 31.3 267 0 11.4 53.8 10.5 3.5 2 1 3 1 1
4890.6 -1582.7 31.1 270 0 9.2 54.5 10.5 3.5 2 1 3 5 5
4914.0 -1581.3 30.9 266 0 8.6 53.7 10.5 3.5 2 1 3 5 5
5005.1 -1573.2 29.7 272 0 17.6 45.2 10.5 3.5 2 1 3 0 0
4921.5 -1495.1 30.6 268 0 12.5 64.4 10.5 3.5 4 1 3 2 2
4952.1 -1494.8 28.3 270 0 11.7 62.5 10.5 3.5 4 1 3 5 5
4985.4 -1527.5 26.5 358 0 57.0 11.4 10.5 3.5 2 0 3 4 4
5025.4 -1470.5 20.5 3 0 22.2 15.8 10.5 3.5 2 0 3 0 0
5010.6 -1448.0 20.0 2 0 21.6 13.9 10.5 3.5 2 0 3 5 5
4984.3 -1438.8 21.2 90 0 12.8 28.9 10.5 3.5 2 1 3 1 1
4964.9 -1411.2 23.1 90 0 13.7 21.3 10.5 3.5 2 1 3 3 3
4947.3 -1391.0 25.0 90 0 11.6 23.1 10.5 3.5 2 1 3 3 3
5019.1 -1123.7 6.5 90 0 16.1 72.9 10.5 0.0 0 1 3 5 5
5052.5 -1125.3 5.1 90 0 14.8 71.7 10.5 3.5 4 1 3 1 1
5066.0 -1317.6 15.2 181 0 56.6 14.1 14.0 3.5 2 0 4 0 0
5049.3 -1472.9 16.7 177 0 49.4 16.2 14.0 3.5 2 0 4 0 0
5062.1 -1366.4 12.7 182 0 26.5 13.7 14.0 3.5 2 0 4 2 2
5100.3 -1476.1 16.1 359 0 49.8 15.6 14.0 3.5 2 0 4 3 3
5105.0 -1421.6 12.5 1 0 49.8 15.6 14.0 3.5 2 0 4 1 1
5114.6 -1342.1 15.7 0 0 48.0 13.4 14.0 3.5 2 0 4 0 0
5117.4 -1280.8 16.9 2 0 64.2 12.3 14.0 3.5 4 0 4 0 0
5116.6 -1164.1 9.4 270 0 13.9 79.7 14.0 3.5 2 1 4 4 4
5091.2 -1091.2 3.7 3 0 68.4 17.3 10.5 3.5 2 0 3 5 5
4890.0 -1267.8 26.7 201 0 22.2 17.5 10.5 3.5 2 0 3 2 2
5109.7 -1082.2 3.4 181 0 56.4 13.8 14.0 3.5 2 0 4 4 4
5148.0 -1125.0 2.5 90 0 12.7 69.9 14.0 3.5 2 1 4 3 3
5178.5 -1127.6 1.6 91 0 14.7 70.9 14.0 3.5 2 1 4 1 1
5210.4 -1127.8 0.9 91 0 15.0 71.1 14.0 3.5 2 1 4 5 5
5244.2 -1055.6 0.3 271 0 14.3 50.2 14.0 3.5 2 1 4 5 5
5275.2 -1105.5 -0.5 89 0 13.0 48.5 14.0 3.5 2 1 4 3 3
5304.7 -1106.9 -1.3 92 0 14.4 49.8 14.0 3.5 2 1 4 1 1
5339.1 -1105.7 -2.2 91 0 15.5 47.9 14.0 3.5 2 1 4 0 0
5371.5 -1080.9 -2.9 87 0 14.5 22.2 14.0 3.5 2 1 4 0 0
5148.0 -1144.5 6.9 270 0 14.8 75.2 14.0 3.5 2 1 4 1 1
5180.9 -1144.0 6.2 270 0 14.4 41.1 14.0 3.5 2 1 4 3 3
5214.5 -1143.7 5.4 270 0 14.7 22.6 14.0 3.5 2 1 4 3 3
5276.8 -1125.3 2.6 271 0 13.4 43.3 14.0 3.5 2 1 4 2 2
5307.3 -1123.3 1.8 273 0 12.8 53.4 14.0 3.5 2 1 4 5 5
5337.1 -1124.4 1.2 270 0 14.4 73.0 14.0 3.5 2 1 4 4 4
5371.7 -1146.9 2.2 266 0 11.2 63.9 14.0 3.5 2 1 4 1 1
5403.0 -1201.0 -0.2 89 0 17.3 74.7 14.0 3.5 2 1 4 5 5
5402.2 -1123.3 -3.8 90 0 15.2 64.0 14.0 3.5 4 1 4 5 5
5404.7 -1511.7 17.5 88 0 16.1 50.9 14.0 3.5 2 1 4 3 3
5436.0 -1508.6 16.0 84 0 9.9 53.7 10.5 3.5 2 1 3 5 5
5460.8 -1508.2 14.4 90 0 10.5 53.5 14.0 3.5 2 1 4 5 5
5495.0 -1478.9 12.9 358 0 52.0 9.8 10.5 3.5 2 0 3 5 5
5394.1 -1407.4 15.7 177 0 51.8 14.2 14.0 3.5 2 0 4 0 0
5434.7 -1405.5 14.3 355 0 52.4 9.9 10.5 3.5 2 0 3 3 3
5468.9 -1404.2 12.5 356 0 51.9 17.5 14.0 3.5 2 0 4 5 5
5496.2 -1403.4 11.0 359 0 51.2 16.2 14.0 3.5 2 0 4 3 3
5480.9 -1344.2 9.2 354 0 27.6 13.4 14.0 3.5 2 0 4 2 2
5447.5 -1318.8 9.7 266 0 12.8 40.5 14.0 3.5 2 1 4 5 5
5419.2 -1301.5 9.9 266 0 13.9 59.0 14.0 3.5 4 1 4 5 5
5394.1 -1321.6 12.4 267 0 14.4 39.9 14.0 3.5 2 1 4 3 3
5267.1 -1358.9 19.3 180 0 27.5 25.9 14.0 3.5 2 0 4 2 2
5412.3 -1592.7 19.7 266 0 35.9 47.8 14.0 0.0 0 1 4 0 0
5551.7 -1610.9 13.3 354 0 53.5 15.8 14.0 3.5 4 0 4 0 0
5357.3 -993.4 -2.3 90 0 96.6 13.6 14.0 0.0 0 0 4 0 0
5352.1 -966.0 -0.7 90 0 84.0 14.0 14.0 3.5 2 0 4 0 0
5470.4 -945.1 1.6 270 0 49.4 15.8 14.0 3.5 2 0 4 0 0
5371.2 -922.9 0.8 3 0 13.5 32.2 14.0 3.5 2 1 4 3 3
5352.5 -890.4 1.5 294 0 15.7 25.6 14.0 3.5 2 1 4 5 5
5324.2 -818.8 3.6 325 0 137.8 12.6 14.0 0.0 0 0 4 5 5
5282.1 -920.0 4.4 168 0 11.9 23.0 14.0 3.5 2 1 4 4 4
5314.1 -1322.8 15.0 359 0 50.6 13.8 14.0 0.0 0 0 4 1 1
5315.1 -1265.7 11.1 176 0 31.6 11.9 14.0 3.5 2 0 4 0 0
5893.3 -1987.2 -8.1 267 0 14.4 42.4 14.0 3.5 2 1 4 4 4
5860.0 -1984.8 -8.6 267 0 15.1 62.4 14.0 3.5 2 1 4 4 4
5928.8 -2044.5 -9.2 82 0 13.9 50.6 14.0 3.5 2 1 4 4 4
5779.4 -1837.0 2.9 87 0 16.0 55.2 14.0 3.5 2 1 4 3 3
5900.2 -1837.0 1.2 87 0 25.5 55.7 14.0 3.5 2 1 4 2 2
6025.7 -1890.4 -2.7 82 0 12.8 20.7 14.0 3.5 2 0 4 5 5
6072.2 -2049.0 -10.9 65 0 17.4 53.6 10.0 2.5 2 1 4 5 5
6076.1 -1973.2 -7.6 235 0 45.3 12.6 10.0 0.0 0 0 4 0 0
6101.7 -2007.8 -8.9 326 0 17.5 27.1 10.0 2.5 2 0 4 4 4
6093.3 -1994.0 -8.3 333 0 15.4 26.0 15.0 0.0 0 0 6 1 1
6306.9 -2085.4 -3.3 164 0 64.4 20.1 14.0 3.5 4 0 4 3 3
6352.8 -2121.5 -3.7 62 0 18.6 65.4 14.0 0.0 0 1 4 3 3
6376.1 -2112.0 -4.9 71 0 18.0 53.7 14.0 3.5 2 1 4 5 5
6398.6 -2103.2 -6.0 72 0 17.7 47.6 14.0 3.5 2 1 4 5 5
6422.9 -2097.9 -7.2 72 0 15.9 39.5 14.0 3.5 2 1 4 3 3
6122.3 -1367.2 -18.0 255 0 17.9 43.1 14.0 3.5 2 1 4 2 2
6060.0 -1291.5 -16.0 170 0 53.8 15.9 10.0 2.5 2 0 4 4 4
5991.0 -1281.8 -15.6 257 0 21.4 76.0 14.0 0.0 0 1 4 1 1
6055.6 -1547.7 -13.1 78 0 19.3 88.6 10.5 0.0 0 1 3 0 0
6070.4 -1456.8 -14.4 244 0 18.9 86.4 10.5 0.0 0 1 3 2 2
6082.6 -1566.2 -11.9 169 0 37.3 27.1 14.0 0.0 0 0 4 0 0
6160.8 -1527.8 -14.8 255 0 19.9 69.7 14.0 3.5 2 1 4 5 5
6193.9 -1521.2 -16.1 257 0 17.0 98.7 14.0 0.0 0 1 4 4 4
5963.3 -1496.7 -11.6 89 0 19.7 70.9 14.0 0.0 0 1 4 1 1
5905.4 -1274.8 -15.1 270 0 15.6 74.2 14.0 3.5 4 1 4 3 3
5820.7 -1233.1 -13.3 269 0 17.5 78.3 14.0 3.5 4 1 4 5 5
5864.3 -1252.6 -14.3 270 0 16.7 77.6 14.0 3.5 2 1 4 0 0
5946.7 -1291.0 -16.0 262 0 17.0 77.3 14.0 3.5 2 1 4 3 3
5780.7 -1245.3 -11.1 261 0 17.3 49.0 14.0 3.5 2 1 4 4 4
5926.9 -1479.9 -11.0 89 0 20.3 77.5 14.0 3.5 2 1 4 4 4
5885.2 -1468.5 -9.6 90 0 17.5 82.5 14.0 3.5 2 1 4 4 4
5844.3 -1460.6 -8.0 91 0 17.8 93.4 14.0 0.0 0 1 4 3 3
5804.4 -1425.3 -6.4 90 0 18.7 75.6 14.0 3.5 4 1 4 0 0
5762.2 -1393.0 -4.8 90 0 20.2 60.7 14.0 3.5 2 1 4 4 4
6758.5 -4465.0 -23.6 75 0 11.1 68.0 10.5 3.5 2 1 3 4 4
6739.6 -4470.7 -23.1 77 0 10.0 69.6 10.5 3.5 4 1 3 4 4
6722.2 -4475.8 -22.6 77 0 10.8 73.2 10.5 3.5 2 1 3 5 5
6690.3 -4482.1 -21.9 76 0 10.2 68.5 10.5 3.5 2 1 3 5 5
6704.7 -4478.9 -22.2 77 0 9.1 69.8 10.5 3.5 2 1 3 0 0
6674.1 -4482.3 -21.6 76 0 10.2 65.5 10.5 3.5 2 1 3 1 1
6655.7 -4483.9 -20.9 77 0 11.1 65.4 10.5 3.5 2 1 3 5 5
6637.1 -4481.4 -19.7 76 0 9.8 48.6 10.5 3.5 2 1 3 0 0
6673.2 -4495.7 -21.1 279 0 11.6 55.1 10.5 3.5 2 1 3 1 1
6653.1 -4496.8 -20.7 281 0 10.7 52.6 10.5 3.5 2 1 3 4 4
6633.0 -4494.4 -20.0 275 0 9.9 53.8 10.5 3.5 2 1 3 5 5
6611.4 -4490.9 -18.8 282 0 11.3 52.4 10.5 3.5 4 1 3 1 1
6908.4 -4551.9 -24.1 163 0 42.7 7.8 10.5 3.5 4 0 3 0 0
6677.3 -4876.5 -11.7 95 0 18.4 45.5 10.5 3.5 2 1 3 4 4
6704.0 -4878.1 -11.7 93 0 15.3 47.3 10.5 0.0 0 1 3 3 3
6730.2 -4877.5 -11.7 92 0 14.3 45.9 10.5 3.5 2 1 3 2 2
6753.8 -4880.1 -11.7 92 0 14.5 47.7 10.5 3.5 2 1 3 0 0
6816.4 -4882.9 -11.7 94 0 13.9 45.5 10.5 3.5 2 1 3 0 0
6888.5 -4804.1 -15.3 358 0 44.4 12.4 10.5 3.5 2 0 3 1 1
6630.8 -4835.8 -12.1 93 0 14.9 48.9 10.5 0.0 0 1 3 4 4
6683.8 -4763.6 -12.4 273 0 16.1 45.5 10.5 3.5 2 1 3 1 1
6750.5 -4633.5 -17.5 275 0 9.0 48.7 10.5 3.5 2 1 3 5 5
6732.5 -4634.9 -17.2 275 0 9.4 42.9 10.5 3.5 2 1 3 1 1
6499.3 -4336.5 -17.2 221 0 11.7 35.9 14.0 3.5 2 0 4 0 0
6821.2 -4359.4 -26.7 267 0 9.0 35.6 10.5 3.5 2 1 3 4 4
6821.9 -4415.2 -26.9 174 0 36.2 8.4 10.5 3.5 2 0 3 2 2
6827.4 -4456.8 -25.8 173 0 41.0 9.5 10.5 3.5 2 0 3 0 0
6924.4 -3803.6 -22.9 252 0 14.4 65.2 14.0 3.5 2 1 4 0 0
6746.2 -4289.3 -18.7 100 0 10.0 69.7 10.5 3.5 2 1 3 0 0
6734.1 -4287.4 -17.9 99 0 11.2 66.2 14.0 3.5 2 1 4 4 4
6723.2 -4274.3 -16.8 96 0 9.2 46.6 10.5 3.5 2 1 3 2 2
6701.1 -4252.9 -14.8 85 0 10.3 29.9 14.0 3.5 2 0 4 2 2
6659.2 -4232.9 -13.2 161 0 51.6 14.4 14.0 3.5 2 0 4 4 4
6640.2 -4185.3 -14.4 161 0 35.3 16.6 14.0 3.5 2 0 4 1 1
6629.0 -4125.2 -15.7 251 0 18.1 36.4 14.0 3.5 2 1 4 3 3
6617.1 -4189.5 -15.3 160 0 31.1 18.3 14.0 3.5 2 0 4 5 5
6616.4 -4131.7 -16.0 268 0 8.7 32.5 10.5 3.5 2 1 3 0 0
6710.4 -4100.7 -14.2 75 0 12.3 59.7 14.0 3.5 4 1 4 1 1
6664.7 -4104.8 -15.5 75 0 20.0 50.2 14.0 3.5 2 1 4 2 2
6657.3 -4006.2 -16.3 253 0 16.9 44.0 14.0 3.5 2 1 4 0 0
6674.7 -3925.1 -17.9 249 0 11.9 71.8 14.0 3.5 4 1 4 4 4
6665.1 -3973.9 -16.8 244 0 10.4 27.4 14.0 0.0 0 1 4 2 2
6913.4 -4579.8 -23.0 345 0 33.4 8.6 10.5 3.5 2 0 3 5 5
6901.4 -4543.3 -23.8 344 0 39.0 8.9 10.5 3.5 2 0 3 4 4
6779.2 -3932.0 -15.7 349 0 46.2 22.1 14.0 3.5 2 0 4 3 3
6769.1 -3840.9 -17.4 252 0 12.9 58.0 14.0 0.0 0 1 4 1 1
6789.4 -4197.8 -17.6 94 0 10.9 43.6 14.0 3.5 2 1 4 4 4
6851.3 -4051.7 -20.4 349 0 53.7 19.4 14.0 3.5 2 0 4 3 3
6828.6 -4023.9 -17.6 75 0 9.3 54.6 10.5 3.5 4 1 3 5 5
6796.9 -4029.3 -15.1 78 0 11.6 52.4 14.0 3.5 2 1 4 2 2
6818.9 -4200.7 -19.6 88 0 10.4 36.6 14.0 3.5 2 1 4 4 4
6274.2 -2431.0 -18.3 90 0 45.2 53.0 14.0 0.0 0 1 4 2 2
6229.3 -2400.8 -18.9 182 0 23.9 15.5 14.0 3.5 4 0 4 4 4
6412.3 -2279.5 -7.9 106 0 16.0 48.2 14.0 0.0 0 1 4 4 4
6407.2 -2174.3 -6.7 195 0 28.7 10.2 14.0 3.5 2 0 4 4 4
-2552.3 -2001.2 -6.9 95 0 39.3 14.0 14.0 3.5 2 0 4 1 1
-2495.6 -2019.1 -8.8 130 0 54.6 10.2 14.0 3.5 2 0 4 5 5
-2674.0 -2051.7 -1.0 91 0 9.3 37.0 10.5 0.0 0 1 3 0 0
-2645.6 -2047.1 -1.7 93 0 9.7 26.3 10.5 3.5 2 1 3 5 5
5879.5 -1550.8 -5.0 88 0 11.2 46.5 14.0 3.5 2 1 4 0 0
5904.6 -1550.0 -6.1 89 0 11.8 46.9 14.0 3.5 4 1 4 1 1
5927.1 -1506.2 -6.9 266 0 9.8 43.0 10.5 3.5 2 1 3 0 0
5854.7 -1543.7 -3.8 89 0 9.4 34.9 10.5 3.5 2 1 3 1 1
5956.8 -1525.3 -7.5 268 0 18.2 21.2 14.0 3.5 2 1 4 1 1
6007.4 -1440.9 -15.2 85 0 18.4 69.5 14.0 3.5 2 1 4 2 2
6027.6 -1277.7 -17.1 264 0 18.8 76.0 14.0 3.5 2 1 4 1 1
6079.3 -1346.0 -17.4 258 0 17.5 79.5 14.0 3.5 2 1 4 1 1
6116.9 -1337.8 -15.4 77 0 18.8 82.3 12.5 2.5 4 1 5 4 4
6167.3 -1401.8 -18.0 258 0 17.8 95.0 10.5 0.0 0 1 3 4 4
5695.1 -1601.4 5.6 358 0 43.6 11.7 14.0 0.0 0 0 4 1 1
5660.3 -1626.7 7.2 89 0 10.9 45.7 14.0 3.5 4 1 4 4 4
5632.9 -1627.2 8.7 88 0 10.9 44.8 14.0 3.5 2 1 4 2 2
5694.1 -1531.5 3.9 358 0 44.4 13.3 14.0 3.5 2 0 4 2 2
5655.7 -1511.7 5.7 267 0 10.1 43.7 14.0 3.5 2 1 4 1 1
5628.3 -1503.5 6.9 267 0 11.0 57.1 14.0 3.5 2 1 4 5 5
5605.0 -1628.4 10.2 88 0 10.3 44.9 14.0 3.5 2 1 4 4 4
5819.2 -1761.4 4.5 267 0 13.6 48.3 14.0 3.5 2 1 4 3 3
6243.3 -2012.2 -4.3 251 0 20.7 45.3 14.0 3.5 2 1 4 0 0
6199.7 -2010.4 -6.7 250 0 19.5 56.3 14.0 0.0 0 1 4 4 4
5922.7 -1869.6 -4.5 269 0 27.0 78.0 14.0 0.0 0 1 4 2 2
4636.4 4016.1 -22.7 81 0 16.7 41.2 14.0 3.5 2 0 4 2 2
4614.6 4008.3 -22.2 80 0 10.0 21.4 10.5 3.5 2 1 3 3 3
4597.6 4110.6 -21.8 174 0 53.8 15.0 14.0 3.5 2 0 4 5 5
4592.3 4164.3 -20.4 173 0 49.1 16.3 14.0 3.5 2 0 4 1 1
4587.3 4216.0 -18.9 175 0 39.1 12.1 14.0 3.5 4 0 4 3 3
4559.3 4398.5 -18.8 168 0 44.3 30.7 14.0 0.0 0 0 4 3 3
4671.6 4381.9 -26.0 63 0 53.1 54.3 14.0 0.0 0 1 4 0 0
4596.3 4453.6 -22.1 241 0 34.7 28.9 14.0 0.0 0 0 4 2 2
4628.5 4114.3 -22.6 268 0 15.8 38.2 14.0 0.0 0 1 4 5 5
4639.8 4123.4 -21.7 355 0 13.1 17.8 14.0 3.5 2 1 4 3 3
4624.0 4381.4 -22.0 73 0 13.3 15.4 14.0 3.5 2 1 4 5 5
4641.0 4349.4 -22.6 69 0 19.8 10.9 14.0 3.5 2 0 4 1 1
4595.4 4305.0 -19.2 178 0 19.1 9.3 10.5 3.5 2 0 3 4 4
4627.6 4227.9 -19.1 357 0 24.5 17.4 14.0 3.5 2 0 4 1 1
4663.5 4465.9 -25.7 272 0 7.3 29.0 10.5 3.5 2 1 3 0 0
4644.3 4228.2 -20.0 339 0 19.5 11.5 14.0 3.5 4 0 4 5 5
4661.0 4180.1 -20.7 54 0 7.9 15.3 10.5 3.5 2 1 3 5 5
4720.9 4078.6 -24.7 0 0 8.4 24.3 10.5 0.0 0 1 3 2 2
4662.8 4051.4 -23.7 38 0 20.5 11.9 14.0 3.5 4 0 4 5 5
6893.9 -4749.6 -17.2 358 0 44.9 15.4 10.5 3.5 2 0 3 5 5
-2603.5 -2159.3 -2.0 289 0 26.3 45.0 14.0 0.0 0 1 4 5 5
-2518.3 -2192.6 -4.5 88 0 15.3 61.2 10.5 3.5 4 1 3 1 1
-2522.2 -2200.8 -8.1 268 0 17.2 91.0 14.0 3.5 2 1 4 5 5
6656.6 5556.0 -34.3 111 0 16.4 77.4 17.5 3.5 2 1 5 2 2
6688.7 5540.7 -34.0 107 0 14.9 74.6 17.5 3.5 2 1 5 4 4
6720.8 5515.8 -33.5 116 0 16.3 76.0 17.5 3.5 2 1 5 5 5
6756.2 5501.6 -33.1 109 0 14.8 66.1 17.5 3.5 2 1 5 5 5
6808.1 5512.6 -32.8 26 0 68.8 12.5 17.5 3.5 2 0 5 4 4
6801.6 5601.8 -33.3 311 0 11.3 28.2 17.5 3.5 2 1 5 4 4
6751.1 5646.5 -34.0 305 0 14.8 36.3 17.5 3.5 2 1 5 1 1
6730.4 5667.9 -34.3 308 0 10.2 43.0 17.5 0.0 0 1 5 3 3
6706.5 5685.2 -34.5 300 0 11.8 44.5 17.5 3.5 2 1 5 1 1
6659.8 5677.1 -34.9 129 0 12.6 35.3 17.5 3.5 2 1 5 2 2
4712.0 4202.5 -23.8 47 0 14.9 14.4 14.0 3.5 2 0 4 3 3
4715.0 4302.4 -26.8 189 0 13.7 22.3 14.0 3.5 2 1 4 3 3
4721.9 4454.2 -29.1 71 0 13.8 18.2 14.0 3.5 2 1 4 0 0
4669.9 4528.7 -27.4 272 0 14.5 18.5 14.0 3.5 2 1 4 4 4
5692.7 4458.1 -34.3 287 0 15.2 28.8 17.5 0.0 0 1 5 1 1
5663.6 4430.4 -34.2 194 0 17.6 21.3 17.5 3.5 2 1 5 0 0
5717.5 4389.5 -33.9 15 0 24.1 22.3 17.5 3.5 2 0 5 2 2
5877.5 4892.4 -36.4 285 0 12.1 64.6 10.0 2.5 2 1 4 0 0
5894.3 4823.7 -36.2 107 0 11.0 49.7 7.5 2.5 2 1 3 4 4
5929.6 4815.0 -36.0 105 0 14.2 73.9 7.5 2.5 2 1 3 0 0
5981.2 4838.8 -36.0 10 0 68.1 15.0 7.5 2.5 2 0 3 5 5
5920.7 4771.6 -35.1 212 0 13.1 36.5 10.0 0.0 0 1 4 4 4
5953.7 4935.6 -36.2 286 0 15.7 13.1 7.5 2.5 2 0 3 3 3
5983.6 4915.8 -36.0 280 0 7.4 19.0 5.0 2.5 2 1 2 0 0
5994.2 4915.0 -36.0 284 0 6.2 22.0 2.5 2.5 2 1 1 2 2
5464.0 4981.0 -36.3 96 0 8.9 39.9 10.5 3.5 4 1 3 5 5
5518.1 5067.7 -38.0 285 0 37.8 17.8 17.5 3.5 2 0 5 0 0
5517.9 5035.7 -38.0 110 0 19.5 13.2 17.5 3.5 2 0 5 2 2
5238.4 4344.0 -35.7 9 0 14.1 24.0 14.0 3.5 4 1 4 2 2
5596.1 4341.6 -34.1 107 0 14.8 7.0 10.5 0.0 0 0 3 2 2
5611.8 4423.0 -34.4 194 0 21.1 6.8 10.5 3.5 2 0 3 1 1
5616.0 4442.3 -34.5 194 0 13.4 5.7 10.5 3.5 2 0 3 1 1
5625.8 4419.2 -34.3 190 0 18.9 7.6 10.5 3.5 4 0 3 2 2
4690.0 4496.3 -28.1 259 0 15.8 16.2 14.0 3.5 2 1 4 0 0
4740.2 4503.9 -30.9 250 0 7.3 10.7 10.5 3.5 2 1 3 0 0
4734.6 4519.6 -30.9 270 0 8.5 5.5 10.5 3.5 2 0 3 3 3
4677.0 3902.7 -24.6 97 0 14.6 22.2 14.0 3.5 2 1 4 1 1
4881.0 4110.7 -31.8 70 0 10.3 13.6 7.5 2.5 2 0 3 3 3
4886.6 4131.1 -32.2 347 0 10.7 18.2 10.0 2.5 2 0 4 0 0
4762.6 4354.2 -29.4 290 0 8.0 16.7 10.5 3.5 2 1 3 0 0
4702.6 4404.9 -26.7 351 0 12.2 13.3 14.0 3.5 2 1 4 1 1
4753.7 4484.6 -31.2 355 0 14.2 8.6 10.5 3.5 2 0 3 4 4
5225.7 4583.0 -34.4 287 0 20.3 58.8 10.0 2.5 2 1 4 5 5
5344.2 4497.0 -36.0 106 0 16.5 20.8 7.5 2.5 4 1 3 2 2
4713.1 3995.5 -25.6 305 0 18.0 14.2 14.0 3.5 2 0 4 4 4
4690.4 4110.4 -23.2 335 0 8.4 21.5 10.5 3.5 2 1 3 3 3
4767.3 3956.9 -27.7 50 0 13.2 8.4 10.5 3.5 2 0 3 0 0
4827.7 4341.3 -32.0 319 0 8.7 16.8 10.5 3.5 2 1 3 4 4
4836.8 4335.1 -32.1 11 0 18.7 5.7 10.5 3.5 4 0 3 2 2
4879.3 4398.2 -31.3 20 0 10.0 12.1 17.5 3.5 2 1 5 5 5
5276.3 -879.8 4.8 249 0 27.1 8.1 10.5 3.5 2 0 3 4 4
5221.4 -719.9 9.5 243 0 43.7 24.9 14.0 0.0 0 0 4 2 2
-737.9 6997.3 -18.2 259 0 171.1 188.8 10.0 0.0 0 1 4 4 4
-386.7 6155.7 -6.8 347 0 107.9 206.4 12.5 0.0 0 1 5 2 2
-386.5 6310.2 -8.3 346 0 128.5 241.6 10.0 0.0 0 1 4 4 4
-773.5 6206.1 -6.0 164 0 396.1 151.2 12.5 0.0 0 0 5 0 0
-298.6 5739.0 -7.2 76 0 60.9 157.3 12.5 0.0 0 1 5 0 0
-334.8 5989.8 -6.6 348 0 130.5 73.1 7.5 0.0 0 0 3 1 1
-610.7 5947.8 -5.5 167 0 152.0 102.7 7.5 0.0 0 0 3 2 2
-563.7 5669.2 -7.4 80 0 133.7 182.5 15.0 0.0 0 0 6 3 3
-283.8 5410.4 -11.6 252 0 83.5 97.9 14.0 0.0 0 1 4 1 1
17.5 5499.1 -11.3 256 0 442.7 115.2 14.0 0.0 0 0 4 2 2
-4725.8 6088.4 6.1 2 0 15.0 14.0 10.5 3.5 2 0 3 5 5
-4681.5 6392.0 3.5 353 0 16.6 9.7 10.5 3.5 4 0 3 5 5
-4677.7 6501.3 -10.5 333 1 20.8 11.2 14.0 3.5 2 0 4 4 4
-4719.0 6498.6 -11.3 276 0 12.8 8.9 10.5 3.5 2 0 3 4 4
-4787.7 6467.9 -11.5 183 0 15.6 23.3 14.0 3.5 2 1 4 4 4
-4716.9 5735.6 5.2 4 1 13.6 17.3 14.0 3.5 2 1 4 3 3
-4702.0 5748.6 4.8 125 1 11.7 14.1 14.0 3.5 2 1 4 3 3
-6121.8 -7404.4 -16.5 30 0 14.1 17.7 7.5 2.5 2 1 3 4 4
-6143.5 -7454.0 -18.7 277 0 11.5 31.3 12.5 2.5 2 1 5 1 1
-6182.2 -7435.7 -20.0 283 0 12.9 32.2 10.0 2.5 2 1 4 2 2
-6145.8 -7545.1 -20.6 81 0 7.7 21.3 5.0 2.5 2 1 2 0 0
-6238.6 -7478.5 -22.2 179 0 8.1 19.3 5.0 2.5 2 1 2 5 5
-6653.2 12130.8 -25.4 151 0 103.4 101.1 10.0 0.0 0 0 4 4 4
-1374.9 6866.8 -17.5 264 0 557.3 413.6 12.5 0.0 0 0 5 5 5
119.1 6822.4 -7.2 354 0 307.5 95.4 14.0 0.0 0 0 4 1 1
1226.4 7197.9 -20.5 267 0 116.4 102.9 14.0 0.0 0 0 4 5 5
1804.1 6990.7 -31.9 15 0 41.6 72.9 14.0 0.0 0 1 4 1 1
1823.5 6985.1 -31.6 14 0 41.6 13.3 14.0 3.5 2 0 4 1 1
-40.1 5796.3 -7.4 166 0 24.6 109.0 10.0 0.0 0 1 4 3 3
1616.6 6216.5 -13.9 95 0 61.0 98.9 14.0 0.0 0 1 4 4 4
1686.9 6417.9 -11.7 4 0 49.4 82.0 14.0 0.0 0 1 4 5 5
1573.7 6435.0 -8.4 188 0 44.0 14.9 14.0 3.5 2 0 4 2 2
1576.9 6474.3 -9.4 185 0 38.6 18.5 14.0 3.5 2 0 4 0 0
1751.1 6564.0 -13.4 9 0 50.2 51.0 14.0 0.0 0 1 4 5 5
1638.4 6654.8 -13.9 193 0 63.4 83.0 14.0 0.0 0 1 4 5 5
1770.1 6627.2 -15.1 12 0 55.8 47.6 14.0 0.0 0 0 4 2 2
1709.2 7012.2 -31.4 195 0 58.2 12.6 14.0 3.5 4 0 4 5 5
1155.8 5905.3 1.0 268 0 38.8 74.3 14.0 0.0 0 1 4 1 1
197.6 6039.6 6.9 349 0 76.9 115.6 10.0 0.0 0 1 4 5 5
-185.1 5871.6 -6.8 165 0 79.3 66.1 7.5 0.0 0 0 3 4 4
-205.4 5959.1 -7.2 167 0 81.6 68.6 10.0 0.0 0 0 4 3 3
-122.0 5968.3 -7.4 167 0 99.0 26.3 10.0 0.0 0 0 4 5 5
-53.4 5931.4 -7.3 76 0 25.5 100.9 12.5 0.0 0 1 5 3 3
-13.6 5941.1 -5.0 77 0 24.5 100.3 12.5 0.0 0 1 5 1 1
23.9 5948.8 -1.5 71 0 25.0 99.8 10.0 0.0 0 1 4 3 3
-123.5 6459.5 -6.4 259 0 126.2 133.5 12.5 0.0 0 1 5 2 2
198.8 6244.8 3.7 350 0 43.2 161.6 10.0 0.0 0 1 4 3 3
175.0 6388.3 0.8 352 0 99.8 163.4 12.5 0.0 0 1 5 4 4
-730.3 6250.2 -4.9 163 0 98.3 84.6 10.0 0.0 0 0 4 2 2
-482.9 5688.1 -7.4 73 0 79.3 173.7 12.5 0.0 0 0 5 2 2
972.7 6731.3 -19.9 357 0 44.9 37.1 12.5 0.0 0 0 5 3 3
655.8 7146.8 -4.6 268 0 79.9 138.6 12.5 0.0 0 1 5 4 4
555.7 6715.0 3.4 85 0 26.3 57.8 10.0 2.5 2 1 4 5 5
592.1 6715.4 0.0 84 0 23.1 61.6 10.0 2.5 2 1 4 1 1
631.5 6683.1 -3.5 86 0 20.4 37.9 12.5 0.0 0 1 5 2 2
652.3 6756.1 -10.5 85 0 38.3 54.5 12.5 0.0 0 1 5 5 5
641.3 6821.1 -6.6 87 0 54.4 49.3 12.5 0.0 0 0 5 0 0
703.1 6757.0 -15.6 87 0 28.7 115.3 12.5 0.0 0 1 5 2 2
715.7 6644.0 -17.1 87 0 23.9 78.2 12.5 0.0 0 1 5 3 3
660.0 6730.1 -10.7 89 0 29.0 17.5 12.5 2.5 2 0 5 2 2
228.6 6962.3 -1.1 179 0 186.5 221.5 10.0 0.0 0 1 4 0 0
258.2 6779.0 -4.6 177 0 126.6 60.1 10.0 0.0 0 0 4 5 5
2471.5 9350.5 -40.5 314 0 27.2 18.5 14.0 0.0 0 0 4 0 0
-1822.8 -4044.2 21.8 311 0 13.7 25.1 12.5 0.0 0 1 5 0 0
-1545.6 -4344.2 8.1 146 0 10.7 23.0 7.5 2.5 2 1 3 5 5
2062.6 -7063.2 -15.4 222 0 11.6 22.6 14.0 0.0 0 1 4 1 1
-5430.0 6754.2 1.0 295 0 13.3 9.7 10.5 3.5 4 0 3 0 0
-5493.8 6747.8 0.9 252 1 22.4 10.5 14.0 3.5 2 0 4 1 1
-5497.6 6630.2 1.5 160 0 8.2 12.3 10.5 3.5 2 1 3 4 4
-825.7 5724.3 -11.0 313 0 21.6 17.2 12.5 0.0 0 0 5 0 0
-1247.3 5901.2 -16.8 285 0 15.3 19.1 7.5 2.5 2 1 3 0 0
-1443.0 5941.4 -13.6 9 0 15.8 28.0 14.0 3.5 2 1 4 5 5
-1493.1 5436.0 -9.5 51 0 24.8 11.2 10.5 3.5 2 0 3 2 2
-1774.5 6905.4 -11.2 256 0 23.8 68.1 12.5 0.0 0 1 5 4 4
-5510.1 6313.2 0.8 178 0 25.4 15.9 10.0 2.5 2 0 4 3 3
-5266.2 6254.6 -0.1 297 0 10.3 24.2 10.0 2.5 2 1 4 0 0
5803.9 981.3 -3.2 16 0 66.1 10.0 14.0 3.5 2 0 4 3 3
5843.6 1029.6 -4.2 11 0 43.1 20.5 14.0 3.5 2 0 4 5 5
5731.0 857.8 0.4 284 0 16.6 55.4 17.5 3.5 4 1 5 4 4
5755.3 850.1 0.6 282 0 20.4 53.6 17.5 3.5 2 1 5 5 5
5720.9 984.5 -2.4 289 0 8.6 61.5 10.5 3.5 2 1 3 1 1
5727.5 1006.2 -3.6 101 0 10.9 31.0 14.0 3.5 2 1 4 3 3
5739.1 1051.7 -4.1 200 0 15.0 8.9 10.5 3.5 2 0 3 3 3
5767.4 873.2 -1.0 95 0 11.1 49.4 14.0 3.5 2 1 4 4 4
5804.9 812.5 1.0 351 0 14.9 38.9 17.5 0.0 0 1 5 5 5
5820.2 1035.1 -4.1 12 0 35.2 9.5 10.5 3.5 2 0 3 5 5
5855.8 1110.1 -7.9 12 0 47.0 10.0 10.5 3.5 2 0 3 4 4
6247.6 1303.1 -12.8 264 0 14.9 108.5 17.5 0.0 0 1 5 5 5
6275.8 1304.4 -12.7 265 0 15.5 100.9 17.5 3.5 2 1 5 0 0
6322.5 1165.4 -11.4 354 0 34.7 26.8 17.5 0.0 0 0 5 3 3
6302.9 1308.5 -12.8 265 0 12.3 106.9 17.5 0.0 0 1 5 0 0
6382.8 1153.7 -12.4 84 0 66.8 149.5 17.5 0.0 0 1 5 4 4
6424.7 1239.0 -11.7 174 0 140.6 24.3 14.0 0.0 0 0 4 1 1
6468.7 1173.8 -12.2 83 0 16.7 143.2 14.0 0.0 0 1 4 5 5
6552.3 1169.6 -17.2 85 0 57.5 155.4 14.0 0.0 0 1 4 0 0
6498.3 1175.0 -12.9 74 0 13.1 32.0 14.0 3.5 2 1 4 5 5
6493.0 1313.1 -13.0 265 0 15.7 73.6 14.0 3.5 2 1 4 3 3
6593.2 1250.4 -18.0 353 0 34.4 14.6 14.0 3.5 4 0 4 5 5
6639.7 1176.3 -22.0 84 0 25.4 159.2 17.5 0.0 0 1 5 4 4
6631.4 1077.7 -21.9 175 0 134.9 13.9 14.0 0.0 0 0 4 5 5
6659.7 1013.7 -22.4 174 0 79.9 14.9 14.0 3.5 2 0 4 2 2
6704.4 970.6 -22.5 84 0 16.2 149.3 14.0 0.0 0 1 4 1 1
6736.6 1008.3 -20.8 353 0 54.9 12.4 14.0 3.5 2 0 4 5 5
6724.6 1082.3 -21.8 354 0 85.5 15.7 14.0 3.5 2 0 4 5 5
6670.6 1156.2 -23.1 267 0 9.8 21.7 10.5 0.0 0 1 3 4 4
6699.9 1162.4 -22.3 265 0 11.3 24.3 14.0 3.5 2 1 4 5 5
6674.1 1181.0 -23.3 84 0 19.1 154.1 17.5 0.0 0 1 5 4 4
6689.0 1198.6 -23.0 86 0 10.2 21.7 17.5 3.5 2 1 5 0 0
6705.0 1186.3 -23.6 85 0 16.1 150.3 17.5 0.0 0 1 5 4 4
6568.8 1707.0 -16.6 179 0 24.8 10.9 17.5 3.5 2 0 5 3 3
6750.3 1082.8 -21.1 354 0 84.7 15.8 14.0 3.5 2 0 4 1 1
6653.2 1383.3 -23.7 84 0 71.2 204.5 14.0 0.0 0 1 4 5 5
6523.6 1369.2 -15.7 85 0 73.6 197.5 17.5 0.0 0 1 5 4 4
6599.6 1635.4 -18.7 85 0 17.4 95.9 17.5 0.0 0 1 5 1 1
6579.6 1739.6 -21.1 176 0 16.5 59.3 17.5 3.5 2 1 5 1 1
6637.6 1636.9 -21.9 86 0 23.0 95.1 17.5 0.0 0 1 5 0 0
6667.2 1661.3 -23.4 355 0 36.3 10.4 17.5 3.5 2 0 5 2 2
6577.9 1848.5 -17.6 266 0 17.0 86.9 17.5 3.5 2 1 5 1 1
6599.0 1845.7 -19.1 264 0 12.4 74.3 17.5 3.5 2 1 5 4 4
6660.2 1768.2 -22.8 359 0 21.1 13.9 17.5 3.5 2 0 5 2 2
6657.8 1798.0 -22.7 357 0 33.3 7.6 10.5 3.5 2 0 3 0 0
6643.7 1850.0 -22.2 265 0 12.6 35.4 17.5 3.5 4 1 5 3 3
6629.3 1870.1 -21.1 85 0 17.5 67.2 17.5 3.5 2 1 5 3 3
6588.0 1862.6 -18.5 84 0 32.2 70.0 17.5 0.0 0 1 5 3 3
6514.5 1863.1 -16.2 84 0 13.0 48.1 17.5 3.5 2 1 5 1 1
6540.5 1912.1 -16.9 354 0 67.4 16.6 17.5 3.5 2 0 5 2 2
6492.5 1881.8 -16.1 82 0 12.7 28.8 17.5 3.5 2 1 5 0 0
6464.1 1869.2 -15.4 87 0 17.0 26.9 17.5 3.5 2 1 5 2 2
6321.9 1428.5 -14.3 175 0 142.0 51.2 17.5 0.0 0 0 5 5 5
6416.5 1372.5 -13.3 84 0 40.5 87.7 17.5 0.0 0 1 5 1 1
6309.4 1530.8 -14.9 174 0 52.0 121.6 17.5 0.0 0 1 5 4 4
6340.3 1607.5 -15.2 174 0 26.3 46.2 17.5 0.0 0 1 5 0 0
6406.9 1716.9 -16.2 354 0 37.9 67.0 17.5 0.0 0 0 5 2 2
6376.1 1816.4 -16.2 267 0 18.4 18.1 17.5 3.5 2 0 5 2 2
6341.1 1839.2 -16.5 264 0 23.9 27.8 17.5 0.0 0 1 5 3 3
6396.1 1758.6 -15.8 353 0 27.2 10.1 17.5 3.5 4 0 5 2 2
6192.4 1470.1 -15.6 355 0 54.6 14.5 17.5 3.5 4 0 5 2 2
6196.8 1326.8 -14.2 86 0 18.3 33.9 17.5 0.0 0 1 5 1 1
6388.5 2219.9 -20.4 13 0 9.6 21.2 10.5 3.5 4 1 3 0 0
6424.9 2225.5 -21.3 102 0 8.7 42.3 10.5 3.5 2 1 3 5 5
6444.3 2178.4 -20.5 14 0 58.7 9.6 10.5 0.0 0 0 3 5 5
6168.3 1974.4 -17.2 23 0 17.4 14.2 14.0 3.5 4 0 4 4 4
6141.6 1936.5 -17.6 109 0 9.0 30.0 10.5 3.5 2 1 3 3 3
6095.5 2002.3 -17.5 205 0 13.1 7.9 10.5 3.5 2 0 3 1 1
6216.2 2172.8 -17.6 32 0 13.7 9.7 10.5 3.5 2 0 3 2 2
6214.8 2221.5 -19.1 68 0 7.5 13.2 10.5 3.5 2 1 3 5 5
6215.7 2244.3 -19.5 12 0 13.1 9.3 10.5 3.5 2 0 3 4 4
6178.4 2275.0 -19.8 197 0 10.9 29.2 17.5 3.5 2 1 5 0 0
6130.2 2027.7 -17.0 239 0 18.5 8.1 10.5 3.5 2 0 3 3 3
6235.0 2199.5 -18.8 208 0 9.1 10.1 10.5 3.5 4 1 3 4 4
6400.0 1788.5 -16.3 353 0 24.1 64.1 17.5 3.5 2 1 5 3 3
6376.9 1680.6 -15.5 2 0 11.4 11.4 17.5 3.5 2 0 5 0 0
6564.3 2125.6 -20.1 268 0 24.3 56.7 17.5 3.5 2 1 5 2 2
6603.2 2017.3 -18.8 359 0 28.3 10.0 10.5 3.5 2 0 3 0 0
6625.9 2018.1 -20.3 357 0 25.5 11.7 17.5 3.5 2 0 5 4 4
6632.8 2059.2 -20.9 357 0 45.6 10.3 17.5 3.5 2 0 5 3 3
6614.1 2161.4 -21.1 350 0 18.4 14.4 17.5 3.5 2 0 5 2 2
6523.2 2232.3 -21.9 58 0 13.7 37.4 17.5 3.5 2 1 5 2 2
6484.4 2289.7 -22.3 316 0 55.9 12.7 17.5 3.5 4 0 5 2 2
6535.8 2158.2 -20.6 182 0 17.1 19.4 17.5 3.5 2 1 5 0 0
6615.9 2184.9 -21.5 35 0 6.7 21.5 10.5 3.5 2 1 3 0 0
6282.0 2294.4 -20.8 219 0 6.0 12.9 10.5 3.5 4 1 3 2 2
6258.8 2351.0 -21.6 169 0 8.6 8.7 10.5 3.5 2 0 3 5 5
6262.4 2388.9 -22.6 180 0 16.9 13.7 17.5 3.5 2 0 5 1 1
6321.0 2329.1 -22.1 111 0 8.9 30.6 10.5 3.5 4 1 3 3 3
6364.7 2361.2 -22.4 291 0 13.3 40.2 17.5 3.5 4 1 5 2 2
6300.3 2353.4 -21.9 191 0 13.2 10.3 17.5 3.5 4 0 5 0 0
6295.3 2297.3 -21.0 127 0 12.4 9.6 10.5 3.5 4 0 3 0 0
6275.6 2346.0 -21.7 146 0 15.9 10.0 10.5 3.5 4 0 3 3 3
6287.8 2375.0 -22.2 201 0 13.1 11.0 17.5 3.5 2 0 5 3 3
6249.8 2399.1 -22.8 201 0 9.7 10.3 10.5 3.5 4 1 3 1 1
6384.0 2353.4 -22.4 289 0 7.9 26.3 10.5 0.0 0 1 3 0 0
6410.5 2335.8 -22.3 291 0 16.6 14.3 17.5 3.5 4 0 5 4 4
6393.3 2340.3 -22.2 290 0 8.9 13.8 10.5 3.5 2 1 3 4 4
6363.3 2314.4 -21.7 311 0 14.1 8.6 10.5 3.5 2 0 3 1 1
6327.1 2296.1 -21.2 167 0 11.9 9.1 10.5 3.5 2 0 3 3 3
6311.3 2415.2 -23.4 289 0 45.1 8.5 10.5 3.5 2 0 3 0 0
6270.4 2450.1 -24.1 289 0 11.0 22.3 17.5 3.5 2 1 5 3 3
6449.5 2331.2 -22.5 306 0 8.8 8.0 10.5 3.5 2 0 3 0 0
6425.1 2339.3 -22.5 14 0 7.1 15.1 10.5 0.0 0 1 3 1 1
6306.0 2306.6 -21.2 136 0 13.3 7.2 10.5 3.5 2 0 3 5 5
6229.7 2319.7 -20.8 282 0 8.2 46.8 10.5 3.5 2 1 3 2 2
6298.2 1479.4 -14.6 353 0 31.5 12.7 17.5 3.5 2 0 5 1 1
6186.8 2170.0 -16.8 58 0 10.0 12.6 17.5 3.5 2 1 5 3 3
6203.6 2196.9 -18.1 5 0 21.1 19.8 17.5 3.5 2 0 5 3 3
6232.4 2220.9 -19.3 7 0 18.6 11.9 17.5 3.5 4 0 5 2 2
6169.9 2237.4 -18.3 235 0 8.3 12.2 10.5 3.5 2 1 3 2 2
6190.1 1708.8 -17.9 354 0 258.6 51.1 14.0 0.0 0 0 4 2 2
6329.9 1111.7 -10.5 355 0 61.7 12.5 17.5 3.5 2 0 5 3 3
6631.1 2114.9 -20.8 356 0 46.0 17.3 17.5 3.5 4 0 5 1 1
6194.9 2132.7 -16.0 270 0 7.1 54.6 10.5 3.5 2 1 3 4 4
6180.5 2121.0 -16.0 265 0 18.1 24.1 14.0 3.5 2 1 4 2 2
6136.0 2063.6 -16.7 252 0 8.6 14.1 10.5 3.5 2 1 3 0 0
5626.6 778.3 1.9 232 0 41.1 72.9 17.5 0.0 0 1 5 3 3
5701.0 1079.4 -6.3 65 0 35.7 77.6 14.0 0.0 0 1 4 5 5
5727.6 1110.1 -6.7 61 0 24.5 63.6 14.0 3.5 4 1 4 3 3
5757.3 1131.0 -7.7 57 0 25.7 51.2 14.0 0.0 0 1 4 1 1
5782.6 1147.9 -8.7 54 0 15.1 42.7 14.0 3.5 2 1 4 1 1
5770.0 1130.6 -6.4 259 0 17.2 27.1 14.0 3.5 2 1 4 2 2
5809.5 1162.8 -8.3 279 0 18.7 53.6 14.0 3.5 2 1 4 5 5
5795.3 1249.4 -10.5 91 0 10.8 19.1 14.0 3.5 2 0 4 3 3
5816.2 1180.0 -9.5 61 0 14.1 23.3 14.0 3.5 2 1 4 0 0
5793.9 1277.8 -10.5 274 0 4.6 9.3 10.5 3.5 2 0 3 2 2
5797.6 1310.9 -11.0 258 0 13.1 18.1 14.0 3.5 2 1 4 5 5
5722.8 1262.3 -10.1 155 0 12.2 44.3 14.0 3.5 2 0 4 1 1
5733.1 1286.5 -9.9 246 0 28.1 11.4 14.0 3.5 2 0 4 0 0
6051.3 970.6 -4.9 328 0 24.5 34.1 17.5 0.0 0 1 5 1 1
5827.7 899.9 -0.9 191 0 22.7 13.0 17.5 3.5 2 0 5 2 2
5847.9 839.8 0.2 72 0 14.3 20.5 17.5 3.5 2 1 5 0 0
5877.3 851.9 -0.8 70 0 19.4 52.4 17.5 3.5 4 1 5 1 1
5845.2 943.1 -1.7 248 0 17.2 33.5 17.5 3.5 2 1 5 3 3
5920.5 872.8 -1.8 69 0 19.6 79.3 17.5 3.5 2 1 5 3 3
5888.4 1036.5 -4.6 267 0 18.5 74.6 17.5 3.5 2 1 5 5 5
5865.9 1024.2 -4.3 180 0 28.9 10.9 17.5 3.5 2 0 5 2 2
5872.6 1106.6 -7.8 185 0 20.7 16.6 17.5 3.5 2 0 5 0 0
5888.6 1092.1 -6.9 264 0 17.1 48.5 17.5 3.5 2 1 5 1 1
5950.4 885.4 -1.8 69 0 18.1 64.2 17.5 3.5 2 1 5 5 5
5916.6 973.0 -2.8 175 0 13.4 15.3 17.5 3.5 2 1 5 1 1
5920.6 1036.0 -5.1 267 0 14.2 51.8 17.5 3.5 2 1 5 3 3
5910.6 1069.0 -7.6 181 0 54.0 15.8 17.5 3.5 2 0 5 5 5
5898.5 1141.5 -9.2 267 0 17.8 41.5 17.5 3.5 2 1 5 2 2
5975.9 906.7 -2.6 60 0 16.5 50.7 17.5 3.5 2 1 5 0 0
5959.9 1000.8 -5.7 357 0 74.4 16.3 17.5 3.5 2 0 5 3 3
5946.4 1097.6 -8.2 267 0 19.0 54.1 17.5 0.0 0 1 5 3 3
5923.3 1141.5 -9.6 268 0 15.7 40.7 17.5 3.5 2 1 5 4 4
5950.6 1144.1 -10.2 261 0 14.8 43.4 17.5 3.5 2 1 5 3 3
5988.5 981.8 -4.1 263 0 16.4 45.1 17.5 3.5 2 1 5 5 5
5995.5 1014.0 -6.5 356 0 54.0 20.4 17.5 3.5 2 0 5 5 5
5984.6 1071.0 -8.7 357 0 50.8 17.8 17.5 3.5 2 0 5 1 1
5978.0 1141.7 -10.6 270 0 16.2 40.0 17.5 3.5 2 1 5 2 2
5907.6 1155.9 -11.3 103 0 21.0 48.4 17.5 3.5 4 1 5 3 3
5961.8 1152.0 -10.9 88 0 13.6 26.5 17.5 3.5 2 1 5 4 4
5959.8 1204.7 -12.1 353 0 26.2 12.4 17.5 3.5 2 0 5 5 5
5941.3 1241.7 -12.7 177 0 27.7 15.5 17.5 3.5 2 0 5 5 5
5942.1 1295.4 -12.9 266 0 14.6 28.6 17.5 3.5 2 1 5 3 3
5865.5 1158.0 -9.8 99 0 11.8 22.2 14.0 3.5 2 1 4 1 1
5875.3 1192.9 -10.5 3 0 22.4 9.4 10.5 3.5 2 0 3 0 0
5906.4 1245.8 -11.7 6 0 16.3 11.0 14.0 3.5 2 0 4 0 0
5911.5 1261.7 -12.2 6 0 12.8 18.4 14.0 3.5 2 1 4 0 0
5777.7 1219.2 -10.0 165 0 14.5 23.0 14.0 3.5 2 1 4 1 1
5843.5 1161.5 -9.3 97 0 22.4 9.2 10.5 3.5 2 0 3 1 1
5904.3 1377.0 -12.3 358 0 57.0 22.9 14.0 3.5 2 0 4 2 2
6148.9 2226.3 -17.7 198 0 24.0 5.9 10.5 3.5 2 0 3 4 4
6275.3 2404.1 -22.9 205 0 7.8 16.1 10.5 3.5 2 1 3 0 0
6359.1 2371.1 -22.6 23 0 7.9 29.2 10.5 3.5 2 1 3 5 5
5809.0 1246.2 -10.5 172 0 8.0 6.9 10.5 3.5 2 0 3 1 1
5813.6 1308.1 -11.2 256 0 11.2 14.5 14.0 3.5 2 1 4 0 0
5884.5 1432.0 -12.0 266 0 15.3 23.1 14.0 0.0 0 1 4 5 5
6340.8 2031.3 -16.9 354 0 51.2 74.3 14.0 0.0 0 1 4 2 2
6315.4 2146.3 -18.7 263 0 30.1 81.2 14.0 0.0 0 1 4 3 3
6565.4 2002.9 -18.5 87 0 14.1 26.1 17.5 3.5 2 1 5 4 4
6562.9 2038.0 -19.0 88 0 15.3 25.3 17.5 3.5 2 1 5 5 5
6530.9 1658.5 -14.6 355 0 52.6 61.0 14.0 0.0 0 1 4 0 0
6537.1 1708.6 -15.0 355 0 42.8 73.0 14.0 0.0 0 1 4 3 3
6538.5 1745.9 -14.7 356 0 21.6 10.4 14.0 3.5 2 0 4 3 3
6527.1 1806.3 -15.0 353 0 42.1 6.7 10.5 3.5 2 0 3 2 2
6577.1 1564.9 -17.1 174 0 35.3 9.1 10.5 3.5 2 0 3 2 2
6582.4 1515.2 -17.5 176 0 45.1 8.8 10.5 3.5 2 0 3 3 3
6587.3 1457.4 -17.9 175 0 53.0 8.7 10.5 3.5 2 0 3 0 0
6592.4 1408.5 -18.2 173 0 25.0 8.2 10.5 3.5 4 0 3 3 3
6617.4 1639.3 -19.9 85 0 10.7 89.7 17.5 3.5 2 1 5 1 1
6338.4 2220.2 -21.2 106 0 30.4 74.1 17.5 0.0 0 1 5 4 4
6402.7 1955.7 -16.7 168 0 31.0 32.0 17.5 3.5 2 1 5 1 1
6460.1 1994.8 -17.2 264 0 15.6 73.1 17.5 3.5 2 1 5 5 5
6405.1 2218.2 -20.4 7 0 7.1 9.5 10.5 3.5 2 1 3 4 4
6378.9 2240.5 -20.6 13 0 6.8 5.1 10.5 3.5 2 0 3 1 1
6369.1 2403.5 -23.1 308 0 19.8 23.7 17.5 0.0 0 1 5 1 1
-2641.5 -1998.6 -3.6 98 0 45.8 15.8 14.0 3.5 2 0 4 2 2
-2637.5 -1949.8 -4.1 257 0 15.1 29.3 14.0 3.5 2 1 4 0 0
-2548.6 -2235.0 -6.3 183 0 63.4 9.3 10.5 3.5 2 0 3 2 2
-2549.2 -2181.2 -3.8 178 0 23.5 11.6 14.0 3.5 2 0 4 5 5
-2868.3 -1962.2 -0.9 118 0 119.9 18.1 14.0 0.0 0 0 4 1 1
-2814.2 -2051.4 1.4 2 0 24.8 15.8 14.0 3.5 2 0 4 5 5
-3030.2 -2039.6 1.8 181 0 30.8 53.2 14.0 0.0 0 1 4 3 3
-2983.1 -2168.6 0.5 267 0 12.2 53.5 14.0 3.5 2 1 4 1 1
-2981.3 -1922.7 -2.5 91 0 13.7 84.7 14.0 3.5 2 1 4 3 3
6884.0 2094.6 -21.1 175 0 145.1 16.4 14.0 0.0 0 0 4 5 5
6924.1 2187.7 -19.8 255 0 14.6 76.8 14.0 3.5 2 1 4 0 0
6910.1 2000.8 -19.6 353 0 57.8 13.3 14.0 3.5 2 0 4 5 5
6845.1 2020.8 -22.0 261 0 7.2 54.2 10.5 3.5 2 1 3 5 5
6743.7 2090.6 -26.4 178 0 56.5 21.2 14.0 3.5 2 0 4 4 4
6720.5 2036.3 -26.7 264 0 12.5 44.9 14.0 3.5 2 1 4 4 4
6654.5 2049.0 -23.6 177 0 64.3 13.1 14.0 3.5 2 0 4 1 1
6727.2 2171.4 -27.2 355 0 20.7 20.0 14.0 3.5 2 0 4 1 1
6688.2 2188.9 -26.0 262 0 21.7 30.2 14.0 0.0 0 1 4 4 4
6643.4 2158.7 -23.5 178 0 59.9 23.0 14.0 3.5 2 0 4 5 5
6908.8 2273.7 -21.1 359 0 83.6 18.5 17.5 3.5 2 0 5 5 5
6874.7 2228.4 -22.2 85 0 19.3 38.3 17.5 0.0 0 1 5 1 1
6842.2 2226.6 -23.4 90 0 17.6 39.0 17.5 3.5 2 1 5 1 1
6877.7 2328.6 -23.6 357 0 17.0 40.0 17.5 3.5 2 1 5 0 0
6804.6 2271.3 -26.3 357 0 76.2 26.0 17.5 0.0 0 0 5 1 1
6716.3 2225.9 -27.4 164 0 18.2 45.0 17.5 3.5 2 1 5 3 3
6626.6 2246.4 -24.2 72 0 27.2 105.6 17.5 0.0 0 1 5 0 0
6704.3 2291.7 -26.5 355 0 51.6 28.0 17.5 0.0 0 0 5 2 2
6706.2 2243.8 -26.5 1 0 41.8 19.0 17.5 3.5 2 0 5 1 1
6577.6 2281.4 -23.2 89 0 14.1 38.7 17.5 3.5 2 0 5 1 1
6427.7 2399.5 -23.7 126 0 48.1 9.7 10.5 3.5 2 0 3 3 3
6356.8 2485.0 -26.7 132 0 7.7 58.9 10.5 3.5 2 0 3 0 0
6361.3 2469.0 -25.0 210 0 12.6 21.3 17.5 3.5 4 1 5 4 4
6255.4 2505.4 -27.4 191 0 42.1 11.8 17.5 3.5 2 0 5 1 1
6279.5 2477.8 -26.3 93 0 10.5 41.1 17.5 3.5 2 1 5 0 0
6922.1 4404.6 -30.6 74 0 33.2 19.8 12.5 0.0 0 0 5 0 0
6929.2 4388.5 -30.4 333 0 30.2 11.6 12.5 0.0 0 0 5 3 3
6871.0 4496.0 -31.1 165 0 9.9 19.3 5.0 2.5 2 1 2 3 3
6924.4 4458.3 -30.8 273 0 17.2 26.3 10.0 2.5 2 1 4 4 4
6918.2 4481.1 -31.1 345 0 30.5 16.1 12.5 2.5 2 0 5 2 2
6866.5 4538.4 -31.2 244 0 16.6 23.5 7.5 0.0 0 1 3 5 5
6899.3 4475.8 -31.0 341 0 36.5 17.9 10.0 2.5 2 0 4 5 5
6764.5 3888.9 -28.1 180 0 42.6 13.0 14.0 3.5 2 0 4 1 1
6770.8 3845.5 -28.1 103 0 16.0 14.1 14.0 0.0 0 0 4 1 1
6801.0 3827.0 -28.1 85 0 8.2 29.1 10.5 3.5 2 1 3 2 2
6816.0 3942.3 -28.0 252 0 9.8 25.1 10.5 3.5 2 1 3 3 3
6850.2 3809.0 -28.0 80 0 12.4 49.3 14.0 3.5 2 1 4 3 3
6845.2 3916.5 -28.0 270 0 15.6 45.2 14.0 3.5 2 1 4 0 0
6878.1 3906.8 -28.0 274 0 13.3 36.6 14.0 3.5 2 1 4 4 4
6818.6 2286.5 -24.3 183 0 28.7 18.7 17.5 3.5 2 0 5 3 3
6752.2 2330.0 -27.4 266 0 10.3 35.1 17.5 3.5 2 1 5 5 5
6582.5 2332.7 -23.7 173 0 27.7 11.1 17.5 3.5 2 0 5 0 0
6819.9 2020.4 -23.2 262 0 11.9 56.8 14.0 3.5 4 1 4 2 2
6860.1 2043.1 -23.4 357 0 28.2 43.9 14.0 0.0 0 1 4 0 0
6853.4 2071.7 -23.5 353 0 17.6 37.9 14.0 3.5 2 1 4 2 2
6771.5 2155.7 -26.1 359 0 43.3 9.9 10.5 3.5 4 0 3 2 2
6717.9 2146.3 -27.3 352 0 20.1 9.1 10.5 3.5 2 0 3 2 2
6327.2 2494.2 -25.9 30 0 16.9 22.0 17.5 3.5 2 1 5 2 2
6403.2 2630.0 -30.1 309 0 27.0 25.8 17.5 0.0 0 0 5 5 5
6612.5 2675.2 -29.6 319 0 11.3 42.1 14.0 3.5 2 1 4 3 3
6584.7 2691.1 -29.3 224 0 22.0 19.3 14.0 0.0 0 0 4 1 1
6555.3 2685.9 -29.4 226 0 34.8 10.2 14.0 3.5 2 0 4 2 2
6589.1 2727.2 -29.0 213 0 30.4 15.7 14.0 3.5 2 0 4 0 0
6556.3 2763.3 -28.7 31 0 36.2 15.3 17.5 3.5 4 0 5 1 1
6738.3 3316.4 -28.7 175 0 50.8 12.2 17.5 3.5 2 0 5 0 0
6761.5 3320.8 -28.6 177 0 41.0 10.8 17.5 3.5 2 0 5 0 0
6790.0 3390.3 -28.7 270 0 13.5 92.9 17.5 3.5 2 1 5 0 0
6817.0 3376.5 -28.7 272 0 14.7 156.7 17.5 0.0 0 1 5 5 5
6841.9 3333.0 -28.3 271 0 14.6 101.6 17.5 3.5 2 1 5 5 5
6703.4 3043.7 -29.0 196 0 62.9 55.2 14.0 0.0 0 0 4 2 2
6912.9 3007.4 -24.1 245 0 18.3 46.4 14.0 0.0 0 1 4 1 1
6609.6 2825.2 -28.7 206 0 105.4 15.5 14.0 0.0 0 0 4 2 2
6616.4 2760.0 -28.8 115 0 21.6 110.4 14.0 0.0 0 1 4 3 3
6681.7 2808.8 -29.1 22 0 72.4 13.2 14.0 3.5 2 0 4 2 2
6749.1 2835.2 -29.1 81 0 11.9 47.8 14.0 0.0 0 1 4 4 4
6830.3 2910.3 -27.2 253 0 50.1 61.3 14.0 0.0 0 1 4 0 0
6921.0 3193.8 -26.7 68 0 10.7 133.8 17.5 3.5 2 1 5 3 3
6921.9 3154.0 -24.6 340 0 14.3 23.3 17.5 0.0 0 1 5 1 1
1135.3 5226.3 -4.7 180 0 96.6 104.5 14.0 0.0 0 1 4 2 2
1136.0 5322.5 -4.8 180 0 63.3 82.7 14.0 0.0 0 1 4 3 3
1131.9 5393.6 -4.7 180 0 50.8 18.6 14.0 3.5 2 0 4 2 2
1121.4 5532.4 -2.4 173 0 59.5 44.3 10.5 0.0 0 0 3 2 2
1110.6 5613.3 0.6 165 0 16.0 27.4 10.5 3.5 2 1 3 2 2
1011.0 5498.4 -1.9 90 0 61.5 119.1 14.0 0.0 0 1 4 0 0
761.3 5667.5 8.2 268 0 27.6 51.8 14.0 0.0 0 1 4 0 0
759.0 5481.3 8.2 92 0 20.6 37.6 14.0 0.0 0 1 4 5 5
842.6 5524.0 5.2 91 0 27.8 61.9 14.0 0.0 0 1 4 0 0
800.9 5676.8 5.9 269 0 33.1 102.9 14.0 0.0 0 1 4 5 5
1529.1 6904.7 -23.6 86 0 29.5 114.3 14.0 0.0 0 1 4 4 4
-124.7 6133.2 -7.6 166 0 134.6 119.0 12.5 0.0 0 0 5 1 1
6716.0 1502.3 -24.5 174 0 195.0 19.3 14.0 0.0 0 0 4 2 2
6764.0 1483.1 -22.4 174 0 76.3 19.1 14.0 3.5 2 0 4 2 2
6858.6 1410.3 -22.0 85 0 94.7 204.7 14.0 0.0 0 1 4 5 5
6679.8 1820.8 -25.8 174 0 74.8 35.5 14.0 0.0 0 0 4 2 2
6810.2 1757.5 -23.0 354 0 48.4 13.4 14.0 3.5 2 0 4 5 5
6843.7 1764.7 -21.6 354 0 57.8 14.3 14.0 3.5 2 0 4 4 4
6882.9 1773.1 -20.2 356 0 65.6 21.6 14.0 3.5 2 0 4 4 4
6772.2 1836.1 -24.4 174 0 106.5 16.4 14.0 0.0 0 0 4 4 4
6806.7 1835.9 -23.6 85 0 20.1 52.4 14.0 3.5 2 1 4 2 2
6836.4 1841.5 -22.2 84 0 15.3 51.2 14.0 3.5 2 1 4 1 1
6866.8 1823.6 -21.0 84 0 14.8 75.9 14.0 3.5 2 1 4 5 5
6771.7 1952.1 -24.8 263 0 13.6 55.9 14.0 3.5 4 1 4 2 2
6800.2 1947.8 -23.9 267 0 14.5 45.9 14.0 3.5 4 1 4 1 1
6836.5 1933.2 -22.6 353 0 50.0 14.2 14.0 3.5 2 0 4 4 4
6863.2 1931.3 -21.3 354 0 44.5 12.0 14.0 3.5 4 0 4 3 3
6765.6 1736.2 -23.8 174 0 57.3 15.4 14.0 3.5 2 0 4 0 0
6890.4 1685.2 -20.2 354 0 77.0 35.1 14.0 0.0 0 0 4 0 0
-671.4 -2308.0 -2.8 135 1 12.5 15.4 14.0 3.5 2 1 4 1 1
-784.0 -2076.9 -14.1 313 0 11.6 20.2 14.0 0.0 0 1 4 5 5
-899.2 -2227.8 -1.8 67 0 14.1 8.9 10.5 3.5 2 0 3 5 5
-883.4 -2166.5 -8.1 32 0 29.3 17.4 10.5 3.5 2 0 3 4 4
-868.8 -2215.5 -5.7 84 0 8.5 24.1 10.5 3.5 2 1 3 0 0
-860.2 -2167.5 -9.9 6 0 38.2 10.8 10.5 0.0 0 0 3 0 0
-946.9 -2587.9 6.8 303 0 9.1 11.0 10.5 3.5 4 1 3 4 4
-961.6 -2615.2 6.9 35 0 10.3 12.0 14.0 3.5 2 1 4 5 5
-973.9 -2641.7 6.7 42 0 5.6 6.4 10.5 3.5 2 1 3 1 1
-1070.6 -2633.2 10.9 196 0 4.9 7.1 10.5 0.0 0 1 3 1 1
-1057.6 -2633.6 10.6 101 0 4.9 16.3 10.5 3.5 2 1 3 5 5
-1237.9 -2449.0 3.1 4 0 7.9 7.6 10.5 3.5 2 0 3 3 3
-1279.9 -2432.1 7.4 309 0 5.9 11.7 10.5 3.5 2 1 3 0 0
-1303.3 -2486.5 4.5 78 0 10.0 6.6 10.5 3.5 2 0 3 0 0
-1286.5 -2481.1 4.0 52 0 11.5 7.7 10.5 3.5 2 0 3 4 4
-1297.7 -2487.2 4.1 345 0 3.7 10.8 10.5 3.5 2 0 3 4 4
-1396.5 -2463.0 12.8 138 0 11.6 5.2 10.5 3.5 4 0 3 2 2
-1422.9 -2370.4 15.8 41 0 13.1 29.0 14.0 0.0 0 1 4 2 2
-1437.1 -2288.0 9.4 289 0 11.3 45.3 14.0 3.5 2 1 4 5 5
-1470.2 -2362.3 13.8 202 0 34.2 10.1 14.0 3.5 2 0 4 3 3
-1472.8 -2359.5 14.8 109 0 6.6 16.2 10.5 3.5 2 0 3 1 1
-1481.1 -2332.3 13.1 196 0 12.1 20.8 14.0 3.5 2 1 4 4 4
-1459.9 -2063.3 -7.3 183 0 11.1 15.7 14.0 3.5 2 1 4 5 5
-1397.8 -2106.2 -6.6 51 0 12.6 10.0 14.0 3.5 2 0 4 1 1
-1332.4 -2148.9 -4.4 8 0 9.1 20.0 10.5 3.5 2 1 3 0 0
-1350.0 -2136.8 -5.2 186 0 7.1 5.4 10.5 3.5 2 0 3 1 1
-1318.7 -2093.8 -9.3 82 0 4.8 13.8 10.5 3.5 2 1 3 1 1
-1311.6 -2069.6 -10.2 269 0 18.3 8.7 10.5 3.5 2 0 3 3 3
-1187.5 -2313.5 11.3 67 0 10.1 5.4 10.5 3.5 2 0 3 4 4
-1256.5 -2105.0 -9.6 84 0 10.7 14.4 14.0 3.5 2 1 4 5 5
-1252.5 -2075.7 -11.7 46 0 13.0 16.0 14.0 3.5 2 1 4 2 2
-1267.5 -2234.3 6.9 63 0 7.3 14.7 5.0 0.0 0 1 2 4 4
-1358.4 -2827.8 14.9 61 0 7.5 19.0 7.5 2.5 2 1 3 2 2
-2260.7 -2211.2 -10.1 273 0 13.6 9.5 10.5 3.5 2 0 3 2 2
-2247.9 -2205.0 -10.2 269 0 5.6 19.0 10.5 3.5 2 1 3 3 3
-2222.9 -2210.2 -10.3 277 0 6.6 8.6 10.5 3.5 4 1 3 5 5
-2206.5 -2205.1 -10.4 265 0 9.8 15.8 10.5 3.5 2 1 3 5 5
6756.2 1564.2 -23.1 172 0 69.3 17.5 14.0 3.5 2 0 4 0 0
6781.3 1408.7 -21.8 82 0 17.0 32.6 14.0 3.5 2 1 4 3 3
6200.6 2712.4 -31.0 58 0 3.4 15.1 10.5 3.5 2 1 3 0 0
6277.4 2881.1 -29.2 135 1 22.4 10.5 17.5 3.5 2 0 5 3 3
6248.4 3020.5 -28.3 172 0 9.0 9.6 10.5 3.5 2 1 3 3 3
6246.9 3046.7 -28.3 239 0 6.6 11.9 10.5 3.5 4 1 3 4 4
6266.9 3009.1 -27.9 177 0 6.8 8.0 10.5 3.5 2 1 3 4 4
6158.6 2575.4 -28.4 340 0 11.2 7.4 10.5 3.5 2 0 3 0 0
6131.6 2558.6 -28.0 65 0 9.6 16.3 10.5 3.5 2 1 3 1 1
6106.7 2547.4 -27.6 105 1 16.6 13.9 14.0 3.5 2 0 4 4 4
6108.7 2565.1 -27.8 109 0 9.1 5.3 10.5 3.5 2 0 3 2 2
6082.8 2584.1 -28.0 89 1 11.6 15.2 14.0 3.5 2 1 4 5 5
6132.4 2588.2 -28.4 10 1 10.8 12.5 14.0 3.5 4 1 4 1 1
6181.0 2597.8 -29.0 329 0 8.5 5.6 10.5 3.5 2 0 3 2 2
6171.1 2634.6 -29.5 337 0 12.9 7.9 10.5 3.5 2 0 3 0 0
6164.7 2645.7 -29.6 337 0 12.7 5.8 10.5 3.5 2 0 3 4 4
6150.0 2627.3 -29.2 320 1 18.3 12.7 14.0 3.5 4 0 4 0 0
6158.2 2613.8 -29.0 326 0 9.7 6.8 10.5 3.5 4 0 3 5 5
6159.3 2602.5 -28.8 328 0 7.7 6.7 10.5 3.5 2 0 3 1 1
6161.5 2661.3 -29.9 348 0 13.4 8.2 10.5 3.5 2 0 3 5 5
6155.9 2677.2 -30.1 334 0 9.8 7.3 10.5 3.5 2 0 3 3 3
6151.2 2688.3 -30.2 327 0 7.7 11.7 10.5 3.5 2 1 3 3 3
6152.0 2700.3 -30.4 333 0 10.9 8.8 10.5 3.5 2 0 3 5 5
6130.9 2648.8 -29.4 30 0 6.8 15.7 10.5 3.5 2 1 3 4 4
6106.7 2673.5 -29.5 234 0 6.3 15.7 10.5 3.5 2 1 3 4 4
6140.6 2662.0 -29.7 336 1 18.7 12.3 14.0 3.5 2 0 4 0 0
6099.9 2582.9 -28.1 122 1 16.8 11.9 14.0 3.5 2 0 4 1 1
6083.7 2672.9 -29.3 242 0 11.4 37.4 14.0 3.5 2 1 4 3 3
6037.6 2569.9 -27.3 92 1 14.7 13.2 14.0 3.5 2 0 4 4 4
6037.0 2556.6 -27.1 88 1 16.3 10.4 14.0 3.5 2 0 4 3 3
6073.7 2584.3 -28.0 48 0 6.1 33.6 10.5 3.5 2 1 3 4 4
6068.6 2664.8 -29.0 278 0 8.6 13.6 10.5 3.5 4 1 3 3 3
6016.3 2539.3 -26.5 68 0 5.9 13.5 10.5 3.5 2 1 3 3 3
6020.8 2565.4 -27.1 66 0 4.3 17.5 10.5 3.5 2 1 3 4 4
6032.6 2589.2 -27.5 64 1 10.9 12.8 14.0 3.5 2 1 4 2 2
6022.5 2607.9 -27.7 55 1 12.4 12.5 14.0 3.5 2 1 4 1 1
6047.5 2629.0 -28.2 328 0 7.6 11.0 10.5 3.5 2 1 3 1 1
6048.2 2587.7 -27.6 137 0 8.2 7.1 10.5 3.5 2 0 3 0 0
5995.8 2659.6 -28.3 320 0 33.9 16.0 14.0 0.0 0 0 4 1 1
6012.6 2664.2 -28.5 239 0 7.8 19.5 10.5 3.5 4 1 3 4 4
6073.2 2768.1 -31.2 71 0 14.1 25.6 14.0 3.5 4 1 4 1 1
6006.9 2724.3 -29.4 340 0 15.2 22.3 14.0 3.5 2 1 4 4 4
6089.2 2814.9 -31.8 306 0 9.0 15.3 10.5 3.5 2 1 3 5 5
6103.9 2824.4 -32.0 331 1 16.5 14.6 14.0 3.5 2 0 4 0 0
6090.2 2844.7 -32.1 311 1 11.9 10.8 14.0 3.5 2 0 4 4 4
6086.3 2851.1 -32.2 39 0 9.3 22.4 10.5 3.5 2 1 3 3 3
6112.1 2827.0 -31.7 343 0 12.1 3.7 10.5 3.5 2 0 3 4 4
6090.4 2865.5 -31.9 7 0 9.7 8.6 10.5 3.5 2 0 3 5 5
6070.7 2835.2 -32.0 308 0 12.5 8.9 10.5 3.5 2 0 3 5 5
6063.0 2844.5 -32.0 313 0 6.9 10.8 10.5 3.5 2 1 3 4 4
5996.4 2834.3 -31.1 236 0 4.9 12.4 10.5 3.5 2 1 3 2 2
6033.4 2830.4 -31.5 251 0 8.7 13.1 10.5 3.5 2 1 3 2 2
6043.0 2823.1 -31.6 144 1 10.4 12.0 14.0 3.5 2 1 4 1 1
6029.5 2845.6 -31.7 217 0 9.4 12.0 10.5 3.5 2 1 3 2 2
6026.6 2882.1 -32.5 168 0 14.0 20.5 14.0 3.5 2 0 4 5 5
6087.4 2892.9 -31.9 344 0 6.6 19.8 10.5 3.5 4 1 3 2 2
5946.8 2985.0 -33.3 67 0 8.8 11.0 2.5 2.5 2 1 1 4 4
5928.8 2999.1 -33.3 158 0 14.0 12.7 2.5 2.5 2 0 1 0 0
5970.8 2568.7 -27.1 70 0 45.0 31.0 14.0 0.0 0 0 4 1 1
5900.4 2544.8 -25.8 82 0 25.4 22.6 14.0 3.5 2 0 4 1 1
5917.9 2546.2 -26.0 89 0 8.4 27.0 10.5 3.5 2 1 3 0 0
5946.1 2544.4 -26.0 101 1 21.2 11.3 14.0 3.5 2 0 4 4 4
5978.8 2619.4 -27.6 70 0 9.1 21.2 10.5 3.5 2 1 3 1 1
5935.1 2640.5 -27.4 162 0 11.7 8.2 10.5 3.5 2 0 3 2 2
5931.2 2655.4 -27.7 165 0 15.4 8.3 10.5 3.5 2 0 3 0 0
5913.6 2692.8 -28.1 157 0 15.8 5.1 10.5 3.5 2 0 3 5 5
5916.4 2703.0 -28.3 172 0 6.3 9.1 10.5 3.5 2 1 3 1 1
5928.0 2715.0 -28.5 248 0 8.8 6.3 10.5 3.5 2 0 3 2 2
5905.6 2720.6 -28.4 243 1 10.2 11.3 14.0 3.5 2 1 4 1 1
5945.7 2781.9 -30.0 157 0 18.0 9.2 10.5 3.5 2 0 3 2 2
5952.0 2805.8 -30.2 243 0 6.4 14.6 10.5 3.5 2 1 3 0 0
5972.1 2785.5 -30.2 163 0 13.5 9.4 10.5 0.0 0 0 3 5 5
5998.7 2751.3 -30.0 341 0 38.2 23.0 14.0 0.0 0 0 4 1 1
5932.0 2798.8 -30.1 159 0 9.0 11.6 10.5 3.5 2 1 3 1 1
5898.0 2668.8 -27.6 153 0 14.0 9.0 10.5 3.5 2 0 3 4 4
5885.7 2690.8 -27.8 147 0 13.8 8.1 10.5 3.5 2 0 3 0 0
5879.4 2726.8 -28.4 153 0 19.6 7.3 10.5 3.5 2 0 3 0 0
5867.4 2783.9 -29.1 341 0 13.4 8.6 10.5 3.5 2 0 3 5 5
5852.4 2797.3 -29.3 148 0 16.2 7.0 10.5 3.5 2 0 3 2 2
5868.8 2585.5 -25.9 70 1 11.2 11.9 14.0 3.5 2 1 4 5 5
5846.4 2559.6 -25.2 60 0 10.0 10.1 10.5 3.5 2 1 3 4 4
5857.8 2618.1 -26.2 250 1 12.4 16.9 14.0 3.5 2 1 4 2 2
5823.6 2639.6 -26.2 337 1 15.8 12.5 14.0 3.5 2 0 4 2 2
5837.3 2611.7 -25.8 336 0 7.0 11.9 10.5 3.5 2 1 3 0 0
5788.3 2530.1 -24.0 155 0 13.9 9.5 10.5 3.5 2 0 3 5 5
5789.4 2549.4 -24.5 141 0 14.9 8.6 10.5 3.5 2 0 3 4 4
5804.6 2531.2 -24.1 64 0 8.1 6.1 10.5 3.5 2 0 3 2 2
5819.8 2549.8 -24.8 38 0 15.5 18.0 14.0 3.5 4 1 4 5 5
5780.8 2563.8 -24.9 154 0 10.2 27.6 14.0 0.0 0 1 4 1 1
5806.2 2579.5 -25.1 159 0 14.0 4.7 10.5 3.5 2 0 3 3 3
5766.2 2590.0 -25.0 154 1 12.0 12.6 14.0 3.5 2 1 4 4 4
5760.7 2603.7 -25.2 160 1 13.6 13.0 14.0 3.5 4 0 4 2 2
5754.9 2620.8 -25.5 160 0 19.9 14.2 14.0 0.0 0 0 4 2 2
5781.1 2598.3 -25.3 156 1 11.3 12.6 14.0 3.5 2 1 4 0 0
5776.6 2611.6 -25.5 156 1 14.6 12.4 14.0 3.5 4 0 4 5 5
5746.3 2645.4 -25.8 162 0 26.8 11.8 14.0 0.0 0 0 4 0 0
5758.6 2663.6 -26.4 159 0 52.1 11.9 14.0 3.5 2 0 4 2 2
5775.4 2669.0 -26.6 154 0 47.8 12.3 14.0 0.0 0 0 4 1 1
5730.8 2686.3 -26.3 158 1 13.2 12.9 14.0 3.5 2 0 4 5 5
5772.8 2703.5 -26.8 342 0 13.8 9.7 10.5 3.5 2 0 3 2 2
5723.5 2714.2 -26.6 158 0 10.2 7.9 10.5 3.5 4 0 3 1 1
5693.6 2807.6 -27.9 154 0 12.8 8.6 10.5 3.5 2 0 3 2 2
5714.6 2847.3 -28.7 2 1 12.7 16.4 14.0 3.5 2 1 4 0 0
5678.1 2847.5 -28.6 164 0 12.5 8.3 10.5 0.0 0 0 3 4 4
5662.1 2865.6 -29.0 161 0 18.7 7.7 10.5 3.5 2 0 3 5 5
5673.0 2869.3 -29.2 166 0 18.5 13.7 14.0 3.5 2 0 4 4 4
5674.8 2887.8 -29.5 167 0 11.6 8.8 10.5 3.5 2 0 3 0 0
6621.2 4621.9 -32.8 109 0 44.7 27.3 5.0 0.0 0 0 2 5 5
4730.4 2601.8 -31.5 249 0 9.2 51.5 7.5 2.5 2 1 3 5 5
4722.1 2551.0 -30.7 251 0 10.3 25.1 7.5 2.5 4 1 3 5 5
4838.1 2379.3 -29.3 49 0 10.7 17.3 5.0 2.5 2 1 2 3 3
4789.5 2387.9 -29.6 138 0 8.1 25.9 7.5 2.5 2 1 3 5 5
4837.0 2431.0 -29.4 317 0 6.1 34.5 5.0 2.5 2 1 2 2 2
4692.5 2471.5 -30.7 225 0 19.3 51.5 7.5 2.5 2 1 3 5 5
4710.2 2487.8 -30.5 226 0 13.9 51.4 7.5 2.5 2 1 3 5 5
4767.8 2419.0 -30.0 136 0 39.1 17.4 10.0 2.5 2 0 4 4 4
4681.2 2400.5 -30.4 135 0 15.0 33.5 12.5 2.5 2 1 5 4 4
4712.3 2393.9 -30.2 45 0 35.6 12.4 7.5 2.5 2 0 3 1 1
4728.6 2507.7 -30.3 225 0 16.8 105.4 12.5 0.0 0 1 5 3 3
4790.2 2491.7 -30.2 315 0 107.2 17.5 12.5 0.0 0 0 5 1 1
5786.4 158.5 -3.0 81 0 25.2 31.6 10.0 0.0 0 1 4 2 2
5626.9 356.7 -4.5 142 0 25.5 19.0 14.0 3.5 2 0 4 2 2
5687.6 323.0 -4.7 52 0 11.8 75.0 14.0 3.5 2 1 4 1 1
5693.0 360.2 -4.9 52 0 14.3 51.0 14.0 3.5 2 1 4 4 4
5706.2 382.6 -5.0 51 0 15.8 42.6 14.0 3.5 2 1 4 5 5
5733.6 410.8 -5.3 52 0 7.2 40.0 10.5 3.5 2 1 3 3 3
5720.6 399.1 -5.2 52 0 15.3 40.4 14.0 3.5 2 1 4 1 1
5630.1 543.2 -4.0 322 0 14.1 25.3 14.0 3.5 2 1 4 3 3
5510.1 502.9 -4.0 114 0 10.8 38.3 14.0 3.5 2 1 4 1 1
5460.5 444.3 -0.3 238 0 11.9 25.6 10.0 2.5 2 1 4 5 5
4868.2 1080.2 -6.9 68 0 14.7 39.4 7.5 2.5 2 1 3 5 5
4885.6 1924.5 -23.7 232 0 41.8 12.5 14.0 3.5 2 0 4 3 3
6738.8 -4208.3 -15.0 56 0 7.9 26.4 10.5 3.5 2 1 3 2 2
6618.2 -4043.5 -17.2 22 0 6.8 13.7 10.5 3.5 4 1 3 1 1
6566.9 -4205.1 -17.5 40 0 11.3 17.7 10.5 3.5 2 1 3 3 3
6628.2 -4302.2 -13.1 74 0 8.6 20.4 10.5 3.5 2 1 3 0 0
6902.8 -4101.6 -25.0 22 0 37.1 11.1 14.0 3.5 2 0 4 3 3
6839.3 -4520.9 -23.5 160 0 26.3 8.8 10.5 3.5 2 0 3 1 1
6861.3 -4495.4 -24.2 323 0 8.9 16.9 10.5 3.5 4 1 3 3 3
6862.2 -4556.5 -22.9 157 0 42.0 11.0 10.5 3.5 2 0 3 1 1
6799.2 -4474.4 -25.2 177 0 62.4 14.7 10.5 3.5 2 0 3 1 1
6864.4 -4002.6 -20.2 75 0 8.8 44.4 10.5 3.5 2 1 3 1 1
6777.0 -3797.9 -18.9 82 0 24.9 10.5 14.0 3.5 2 0 4 4 4
6780.9 -3813.1 -18.9 83 0 53.9 14.5 14.0 0.0 0 0 4 3 3
6866.4 -4873.2 -13.1 106 0 10.9 29.6 10.5 3.5 2 1 3 5 5
6579.6 -4772.6 -12.3 185 0 22.1 22.1 10.5 3.5 2 0 3 1 1
6547.6 -4530.8 -17.0 112 0 17.9 25.9 10.5 3.5 2 1 3 5 5
6683.5 -4001.6 -15.6 256 0 13.8 38.6 14.0 3.5 2 1 4 2 2
6630.6 -4047.0 -16.2 256 0 8.2 15.6 10.5 3.5 2 1 3 0 0
6636.1 -4026.2 -16.3 242 0 7.8 31.7 10.5 3.5 2 1 3 2 2
6638.3 -3899.6 -19.8 254 0 18.1 25.7 10.5 3.5 2 1 3 1 1
5754.6 2509.6 -23.3 65 0 22.0 15.7 14.0 3.5 2 0 4 1 1
5767.4 2555.2 -24.4 339 0 31.7 17.6 14.0 3.5 2 0 4 3 3
5708.4 2606.4 -24.7 156 0 14.6 8.7 10.5 3.5 2 0 3 5 5
5726.6 2650.8 -25.5 338 0 25.7 11.3 14.0 3.5 2 0 4 4 4
5696.6 2652.4 -25.2 249 0 8.9 27.3 10.5 3.5 2 1 3 1 1
5711.2 2706.8 -26.4 337 0 39.7 13.9 14.0 3.5 2 0 4 0 0
5693.8 2747.8 -27.0 340 0 43.8 11.4 14.0 3.5 2 0 4 1 1
5646.7 2816.8 -27.7 329 0 18.1 15.6 14.0 3.5 2 0 4 0 0
5653.1 2832.1 -28.0 334 1 13.0 10.7 14.0 3.5 4 0 4 3 3
5663.8 2840.0 -28.3 337 1 14.7 10.9 14.0 3.5 2 0 4 1 1
5614.6 2861.8 -29.0 160 0 37.4 11.7 14.0 3.5 2 0 4 3 3
5642.7 2881.6 -29.4 333 0 36.3 13.5 14.0 3.5 2 0 4 5 5
5704.6 2489.6 -21.8 69 0 25.0 19.7 14.0 3.5 2 0 4 3 3
5613.1 2550.5 -22.9 160 0 39.6 7.6 10.5 3.5 2 0 3 0 0
5628.7 2499.1 -21.2 164 0 29.3 6.8 10.5 3.5 2 0 3 5 5
5607.6 2451.3 -19.8 70 1 14.1 16.7 14.0 0.0 0 1 4 4 4
5613.9 2476.2 -20.1 345 0 8.2 16.1 10.5 3.5 2 1 3 1 1
5607.2 2485.7 -20.2 344 1 11.6 14.0 14.0 3.5 2 1 4 5 5
5605.3 2498.8 -20.6 346 1 13.1 18.8 14.0 3.5 2 1 4 0 0
5615.3 2507.2 -21.1 339 1 22.2 10.7 14.0 3.5 2 0 4 4 4
5609.8 2522.4 -21.7 343 0 10.1 9.8 10.5 3.5 2 0 3 0 0
5604.8 2537.1 -22.3 339 0 14.4 6.1 10.5 3.5 2 0 3 3 3
5580.0 2549.9 -22.3 321 0 9.5 5.2 10.5 3.5 2 0 3 3 3
5598.5 2552.7 -22.5 339 1 11.3 14.2 14.0 3.5 2 1 4 0 0
5591.1 2571.9 -22.9 338 0 26.8 9.7 10.5 3.5 2 0 3 0 0
5574.1 2567.8 -22.5 342 0 8.0 10.1 10.5 3.5 2 1 3 0 0
5570.4 2577.3 -22.7 345 1 10.0 14.0 14.0 3.5 2 1 4 5 5
5585.5 2587.2 -22.9 339 0 3.5 14.9 10.5 0.0 0 1 3 0 0
5571.8 2591.6 -22.9 338 0 10.6 4.8 10.5 3.5 2 0 3 1 1
5583.3 2596.4 -23.1 336 0 12.4 9.0 10.5 3.5 2 0 3 1 1
5557.0 2610.5 -23.1 340 1 13.0 10.6 14.0 3.5 2 0 4 0 0
5573.7 2618.5 -23.4 336 0 10.4 9.8 10.5 3.5 2 0 3 2 2
5557.0 2644.0 -23.7 251 0 12.7 21.5 14.0 3.5 2 1 4 1 1
5494.3 2590.6 -22.2 221 1 13.6 14.7 14.0 3.5 4 1 4 5 5
5509.1 2545.7 -21.6 228 0 8.0 5.3 10.5 3.5 2 0 3 4 4
5497.1 2558.7 -21.6 223 0 6.5 6.4 10.5 3.5 2 0 3 0 0
5481.6 2601.4 -22.2 252 0 8.4 14.1 10.5 3.5 2 1 3 0 0
5475.2 2542.3 -21.1 288 0 9.1 15.5 10.5 3.5 2 1 3 0 0
5452.8 2489.4 -19.8 112 0 9.1 21.1 10.5 3.5 2 1 3 4 4
5453.4 2545.7 -21.0 281 0 10.5 6.8 10.5 3.5 2 0 3 5 5
5532.7 2635.4 -23.3 245 0 13.9 7.1 10.5 3.5 4 0 3 2 2
5557.9 2650.6 -24.0 69 0 9.3 16.9 10.5 0.0 0 1 3 5 5
5553.2 2671.7 -24.3 65 0 9.0 13.0 10.5 3.5 2 1 3 0 0
5542.5 2700.3 -24.5 337 0 12.2 7.5 10.5 3.5 2 0 3 1 1
5513.9 2652.2 -23.6 69 0 6.7 17.7 10.5 3.5 4 1 3 1 1
5507.5 2669.9 -23.8 67 0 9.4 10.2 10.5 3.5 2 1 3 3 3
5480.2 2624.6 -22.8 70 1 11.6 12.0 14.0 3.5 2 1 4 4 4
5422.7 2610.5 -22.3 115 1 12.0 19.9 14.0 3.5 4 1 4 3 3
5373.5 2600.0 -21.4 287 0 6.0 14.1 10.5 3.5 2 1 3 1 1
5335.1 2604.8 -21.4 263 0 9.3 13.3 10.5 3.5 2 1 3 2 2
5285.4 2608.8 -21.5 255 0 11.2 33.6 14.0 3.5 2 1 4 2 2
5267.8 2596.0 -21.8 220 0 15.5 17.7 14.0 3.5 2 1 4 3 3
5267.0 2530.7 -21.8 217 0 8.2 16.2 10.5 3.5 4 1 3 1 1
5257.2 2520.5 -21.9 191 0 12.4 8.5 10.5 0.0 0 0 3 1 1
5452.1 2475.3 -18.7 46 0 5.2 7.3 10.5 3.5 2 1 3 0 0
5436.2 2487.6 -19.1 40 0 11.2 7.2 10.5 3.5 2 0 3 4 4
5417.7 2430.2 -17.2 63 0 9.0 6.0 10.5 3.5 2 0 3 5 5
5411.9 2438.4 -17.6 63 0 7.2 13.5 10.5 3.5 4 1 3 2 2
5371.3 2426.3 -17.0 118 0 8.0 13.7 10.5 3.5 2 1 3 5 5
5325.7 2467.3 -19.2 203 0 11.1 9.0 10.5 3.5 2 0 3 4 4
5353.9 2404.5 -16.2 54 0 5.6 11.6 10.5 3.5 2 0 3 0 0
5344.3 2413.8 -16.4 65 0 10.4 7.3 10.5 3.5 2 0 3 0 0
5342.2 2423.1 -17.0 66 1 10.0 10.9 14.0 3.5 2 1 4 0 0
5323.0 2346.8 -17.7 67 0 16.8 43.7 14.0 3.5 2 0 4 0 0
5298.3 2358.7 -18.0 64 1 12.0 12.6 14.0 3.5 2 1 4 4 4
5258.0 2473.8 -22.3 102 0 9.3 14.2 10.5 3.5 2 1 3 2 2
5260.4 2500.6 -21.9 194 0 9.9 21.7 10.5 3.5 2 0 3 0 0
5270.8 2476.8 -22.2 185 0 11.7 8.9 10.5 3.5 2 0 3 4 4
5283.0 2426.3 -21.3 145 0 9.2 14.2 10.5 3.5 2 1 3 3 3
5303.6 2388.9 -20.7 56 0 13.5 35.3 14.0 0.0 0 1 4 1 1
5363.5 2665.3 -23.1 335 0 16.1 9.3 10.5 3.5 2 0 3 0 0
5325.9 2737.1 -24.5 255 0 6.6 20.7 10.5 3.5 2 1 3 1 1
5234.7 2591.0 -22.6 48 0 8.2 10.0 10.5 3.5 2 1 3 0 0
5226.5 2580.1 -23.1 46 0 8.7 25.1 10.5 3.5 2 1 3 1 1
5458.1 2398.8 -16.9 73 1 10.7 20.2 14.0 3.5 2 1 4 3 3
5261.4 2444.0 -22.9 221 1 21.8 10.7 14.0 3.5 2 0 4 3 3
5255.6 2410.1 -22.8 226 1 17.2 12.7 14.0 3.5 2 0 4 1 1
5262.0 2380.9 -21.8 74 0 6.8 13.9 10.5 3.5 2 1 3 2 2
5283.2 2332.5 -18.8 57 0 8.1 21.8 10.5 3.5 2 1 3 5 5
5252.9 2350.5 -21.7 47 1 13.4 15.6 14.0 3.5 4 1 4 2 2
5269.4 2305.0 -17.9 58 0 12.6 9.8 10.5 3.5 2 0 3 1 1
5243.0 2333.0 -21.5 31 1 17.5 13.4 14.0 3.5 2 0 4 5 5
5234.1 2315.8 -21.0 29 0 16.1 8.0 10.5 3.5 2 0 3 3 3
5148.6 2299.4 -26.4 136 0 33.2 19.3 14.0 0.0 0 0 4 5 5
5172.5 2336.8 -25.6 184 1 10.1 13.1 14.0 0.0 0 1 4 5 5
5174.6 2369.5 -25.1 222 0 9.0 12.6 10.5 3.5 2 1 3 0 0
5159.4 2201.1 -22.8 51 1 20.1 11.9 14.0 3.5 2 0 4 3 3
4924.3 2401.1 -28.6 240 0 19.3 47.3 10.0 2.5 2 1 4 1 1
5226.4 2729.6 -24.2 37 0 13.7 9.1 2.5 2.5 2 0 1 0 0
5060.1 3098.6 -32.2 206 0 19.8 45.3 5.0 0.0 0 1 2 1 1
6126.2 2475.5 -24.1 267 0 13.5 36.3 14.0 3.5 2 1 4 0 0
6151.1 2482.1 -24.8 297 1 12.0 10.4 14.0 0.0 0 0 4 2 2
6096.9 2415.8 -22.4 109 0 11.6 24.7 14.0 3.5 2 1 4 2 2
4863.0 2678.5 -30.9 67 0 24.2 21.7 5.0 2.5 2 0 2 0 0
6074.8 2400.5 -21.5 102 1 11.5 20.2 14.0 3.5 2 1 4 4 4
6039.5 2431.3 -22.0 101 0 48.8 12.5 14.0 3.5 4 0 4 2 2
6098.7 2492.6 -24.8 277 0 7.4 28.0 10.5 3.5 2 1 3 0 0
6074.4 2486.8 -24.2 273 0 8.6 12.3 10.5 3.5 4 1 3 2 2
6073.5 2507.7 -25.6 273 0 33.9 8.6 10.5 3.5 2 0 3 0 0
6034.7 2514.1 -25.5 274 0 32.6 7.9 10.5 3.5 2 0 3 0 0
6019.2 2490.2 -23.9 266 0 9.7 15.4 10.5 3.5 2 0 3 4 4
5979.0 2508.1 -25.3 178 0 14.1 32.7 14.0 3.5 2 1 4 1 1
5975.0 2425.3 -21.8 102 0 18.4 27.7 14.0 3.5 2 1 4 1 1
5992.0 2486.9 -23.5 201 0 8.1 22.9 10.5 3.5 2 0 3 3 3
5978.1 2472.1 -22.7 197 0 9.8 13.7 10.5 0.0 0 1 3 4 4
6163.8 2463.4 -23.7 290 0 11.9 31.2 14.0 3.5 2 1 4 2 2
6084.1 2364.6 -20.3 282 0 16.8 127.3 17.5 0.0 0 1 5 4 4
6045.0 2324.0 -19.0 274 0 19.2 83.3 17.5 0.0 0 1 5 1 1
6022.9 2320.3 -18.6 277 0 16.9 82.7 17.5 3.5 2 1 5 5 5
6106.6 2252.9 -17.6 13 0 36.1 9.4 10.5 3.5 2 0 3 3 3
6061.5 2386.9 -20.5 287 0 8.4 40.0 10.5 3.5 2 1 3 1 1
6036.7 2392.9 -20.5 289 0 9.3 39.2 10.5 3.5 2 1 3 5 5
6024.3 2351.8 -19.8 287 0 8.7 29.4 10.5 3.5 2 1 3 5 5
6010.4 2400.9 -20.5 286 0 10.7 42.4 17.5 3.5 2 1 5 2 2
5984.0 2407.4 -20.5 287 0 11.9 36.4 17.5 3.5 2 1 5 4 4
5957.0 2414.3 -20.4 284 0 10.8 39.8 17.5 3.5 2 1 5 2 2
5929.4 2345.3 -19.5 197 0 50.3 12.7 17.5 0.0 0 0 5 2 2
5958.8 2338.7 -19.7 197 0 58.6 8.8 10.5 3.5 2 0 3 0 0
5996.7 2357.0 -19.7 286 0 13.5 63.7 17.5 3.5 2 1 5 2 2
6089.5 2191.9 -15.4 17 0 33.0 11.8 17.5 3.5 2 0 5 3 3
6058.3 2195.5 -15.1 24 0 38.3 12.9 17.5 3.5 2 0 5 5 5
6045.9 2089.0 -14.8 36 1 11.6 21.5 17.5 3.5 2 1 5 2 2
6059.0 2143.8 -14.2 17 0 43.4 11.4 17.5 0.0 0 0 5 2 2
6004.6 2165.9 -13.5 21 0 39.6 14.7 17.5 3.5 2 0 5 5 5
6031.8 2191.6 -14.3 19 0 14.8 29.0 17.5 3.5 2 1 5 0 0
6043.3 2199.6 -15.0 16 0 33.9 6.0 10.5 3.5 2 0 3 0 0
5997.2 2268.1 -16.4 278 0 9.9 26.4 10.5 3.5 2 1 3 1 1
5979.2 2243.6 -15.3 291 0 15.8 33.7 17.5 3.5 4 1 5 5 5
5936.4 2261.7 -15.6 295 0 16.3 106.5 17.5 0.0 0 1 5 1 1
5966.5 2204.0 -13.7 299 0 15.9 40.3 17.5 3.5 2 1 5 2 2
5941.4 2215.2 -13.9 293 0 15.8 41.3 17.5 3.5 2 1 5 1 1
5923.0 2167.0 -12.0 291 0 18.3 43.2 17.5 0.0 0 1 5 3 3
5945.0 2136.2 -11.9 22 0 41.3 16.7 17.5 3.5 4 0 5 3 3
5956.6 2084.7 -12.7 16 0 32.3 26.1 17.5 0.0 0 0 5 5 5
5956.2 2114.8 -11.4 21 0 21.5 8.4 10.5 3.5 2 0 3 3 3
5965.7 2144.3 -11.9 17 0 21.1 9.5 10.5 3.5 2 0 3 0 0
5964.2 1933.7 -16.7 107 0 14.5 103.0 17.5 0.0 0 1 5 0 0
5842.3 1989.9 -15.2 104 0 160.4 87.1 17.5 0.0 0 0 5 4 4
5890.7 2085.4 -11.4 105 0 36.0 39.3 17.5 0.0 0 1 5 3 3
5878.6 2165.4 -11.8 236 0 8.7 31.4 10.5 3.5 2 1 3 5 5
5949.5 2495.9 -24.0 9 1 15.8 10.4 14.0 3.5 2 0 4 2 2
5942.0 2471.7 -22.5 26 0 16.1 9.0 10.5 3.5 4 0 3 1 1
5930.2 2477.2 -22.5 32 0 10.3 7.5 10.5 3.5 2 0 3 0 0
5734.4 2018.7 -10.5 99 0 25.5 44.1 17.5 0.0 0 1 5 2 2
5746.6 2065.9 -9.4 109 0 26.9 42.8 17.5 0.0 0 1 5 1 1
5712.8 2034.2 -9.5 110 0 17.4 22.3 17.5 3.5 4 1 5 1 1
5714.8 2071.9 -9.4 108 0 22.6 45.7 17.5 3.5 4 1 5 3 3
5745.0 2268.1 -14.0 285 0 12.2 54.3 17.5 3.5 2 1 5 2 2
5836.5 2178.9 -11.9 284 0 11.2 35.1 17.5 0.0 0 1 5 2 2
5815.3 2211.8 -13.1 196 0 29.9 14.8 17.5 3.5 2 0 5 3 3
5844.5 2215.0 -13.0 283 0 8.4 17.7 10.5 3.5 2 1 3 3 3
5919.2 2289.2 -16.4 287 0 17.3 36.2 17.5 3.5 2 1 5 3 3
5905.1 2251.8 -14.8 291 0 13.3 31.2 17.5 3.5 2 1 5 5 5
5927.5 2517.1 -24.5 275 1 10.3 14.0 14.0 3.5 4 1 4 3 3
5900.1 2352.0 -18.8 17 0 19.4 6.7 10.5 3.5 4 0 3 4 4
5867.8 2475.8 -21.8 269 1 13.8 13.4 14.0 3.5 2 0 4 5 5
5846.6 2524.8 -24.1 266 1 11.4 15.3 14.0 3.5 2 1 4 2 2
5796.6 2485.0 -21.9 236 0 29.9 12.4 14.0 3.5 2 0 4 1 1
5789.5 2499.5 -22.5 240 0 30.2 13.2 14.0 3.5 2 0 4 5 5
5783.8 2423.1 -20.0 232 1 12.5 17.5 14.0 3.5 2 1 4 1 1
5806.6 2359.0 -18.3 92 1 11.1 14.2 14.0 3.5 2 0 4 3 3
5796.0 2381.0 -19.3 66 1 11.8 22.3 14.0 3.5 2 1 4 3 3
5706.4 2434.7 -19.7 225 0 6.2 11.9 10.5 3.5 2 1 3 4 4
5788.1 2348.5 -17.8 71 0 8.8 17.3 10.5 3.5 2 1 3 3 3
5777.1 2338.1 -17.2 91 0 7.5 12.0 10.5 0.0 0 1 3 4 4
5758.0 2353.0 -19.0 80 0 8.6 52.8 10.5 3.5 2 1 3 4 4
5777.5 2377.3 -19.0 63 0 13.6 24.1 14.0 3.5 2 1 4 3 3
5724.9 2446.4 -20.1 237 0 9.7 12.7 10.5 3.5 2 1 3 4 4
5692.0 2427.4 -19.3 227 0 12.0 21.0 14.0 3.5 4 1 4 4 4
5724.3 2403.4 -18.7 259 0 11.5 28.9 14.0 3.5 2 1 4 1 1
5700.2 2399.3 -18.3 260 0 12.4 27.3 14.0 3.5 2 1 4 3 3
5712.1 2323.7 -17.0 79 0 14.1 41.7 14.0 3.5 2 1 4 0 0
5678.1 2334.4 -16.4 171 0 43.6 9.0 10.5 3.5 2 0 3 4 4
5653.0 2325.9 -15.9 170 0 42.0 15.2 14.0 3.5 2 0 4 5 5
5672.6 2193.0 -11.9 173 0 29.2 6.1 10.5 3.5 2 0 3 3 3
5680.0 2066.1 -8.2 152 0 20.5 9.8 10.5 3.5 2 0 3 4 4
5733.5 2474.4 -21.3 53 0 32.1 12.8 17.5 3.5 2 0 5 4 4
5694.3 2447.9 -20.2 56 0 15.7 19.3 17.5 3.5 2 1 5 5 5
5664.8 2430.3 -19.7 56 0 23.0 12.6 17.5 3.5 4 0 5 5 5
5645.5 2460.7 -20.0 249 0 8.5 19.6 10.5 3.5 2 1 3 1 1
5628.2 2451.9 -19.6 245 0 16.8 34.6 17.5 3.5 2 1 5 5 5
5540.9 2386.6 -16.8 62 1 11.2 12.9 17.5 3.5 2 1 5 0 0
5502.7 2393.9 -16.6 238 0 21.0 12.3 17.5 3.5 2 0 5 1 1
5466.2 2394.9 -16.3 256 1 14.7 11.1 17.5 3.5 4 0 5 2 2
5450.9 2388.3 -16.0 251 0 7.7 14.7 10.5 3.5 4 1 3 0 0
5421.8 2353.4 -15.1 70 1 11.1 10.4 17.5 3.5 2 0 5 1 1
5411.7 2343.8 -14.9 66 1 10.9 16.7 17.5 3.5 4 1 5 0 0
5342.3 2340.4 -14.1 234 0 17.6 6.9 10.5 3.5 2 0 3 2 2
5312.6 2329.4 -14.7 237 0 16.7 9.5 10.5 3.5 4 0 3 4 4
5364.4 2447.2 -17.5 56 0 9.9 9.3 10.5 3.5 4 0 3 3 3
5401.0 2319.3 -13.8 14 0 9.6 9.3 10.5 3.5 2 0 3 1 1
5694.5 2014.6 -10.1 334 0 21.6 20.9 17.5 3.5 2 0 5 0 0
5667.4 2053.3 -8.8 331 0 56.0 13.8 17.5 0.0 0 0 5 0 0
5648.2 2045.2 -8.7 330 0 57.3 13.9 17.5 3.5 4 0 5 2 2
5658.5 2115.3 -9.9 3 0 58.7 10.0 17.5 3.5 2 0 5 2 2
5607.0 2069.1 -7.8 169 0 21.0 9.2 10.5 3.5 2 0 3 1 1
5630.6 2130.4 -9.5 340 0 14.3 8.0 10.5 3.5 2 0 3 2 2
5661.7 2190.2 -11.7 351 0 29.2 12.4 17.5 3.5 2 0 5 3 3
5657.1 2215.0 -12.8 350 0 21.7 14.6 17.5 3.5 2 0 5 1 1
5632.7 2206.0 -12.5 351 0 66.3 29.4 17.5 0.0 0 0 5 4 4
5587.5 2133.4 -10.0 79 0 16.0 25.2 17.5 3.5 4 1 5 3 3
5584.8 2093.1 -8.3 131 0 12.8 8.6 10.5 3.5 2 0 3 1 1
5580.8 2197.2 -12.0 350 0 70.1 23.0 17.5 0.0 0 0 5 1 1
5645.6 2303.5 -15.0 350 0 37.2 13.1 17.5 3.5 2 0 5 1 1
5602.9 2275.3 -14.0 345 0 40.6 16.0 17.5 3.5 2 0 5 0 0
5583.8 2270.5 -13.8 349 0 42.8 14.7 17.5 3.5 2 0 5 5 5
5562.6 2253.1 -12.9 352 0 25.0 12.3 17.5 3.5 2 0 5 1 1
5547.2 2288.9 -13.6 261 1 11.3 21.0 17.5 3.5 2 1 5 0 0
5602.7 2370.2 -16.2 264 0 7.2 10.0 10.5 3.5 2 1 3 5 5
5574.2 2369.1 -16.2 230 0 14.0 6.4 10.5 3.5 2 0 3 5 5
5562.6 2314.5 -14.4 274 0 16.5 8.7 10.5 3.5 2 0 3 1 1
5575.7 2317.2 -14.6 245 0 10.8 8.0 10.5 3.5 2 0 3 3 3
5560.6 2352.8 -15.5 302 0 6.9 10.1 10.5 3.5 2 1 3 5 5
5566.6 2094.7 -8.8 91 0 8.7 28.0 10.5 0.0 0 1 3 0 0
5504.9 2065.0 -7.3 90 0 15.3 18.3 17.5 3.5 2 1 5 5 5
5487.1 2121.4 -8.6 27 1 13.6 15.2 17.5 3.5 2 1 5 3 3
5487.4 2179.6 -10.5 201 0 36.8 18.1 17.5 3.5 2 0 5 2 2
5525.0 2240.6 -12.1 296 0 10.8 46.3 17.5 3.5 2 1 5 0 0
5536.9 2265.8 -12.9 296 0 13.4 23.8 17.5 3.5 4 1 5 5 5
5489.4 2315.9 -14.2 190 0 15.0 36.3 17.5 3.5 2 1 5 0 0
5479.9 2338.4 -14.6 284 0 17.4 16.4 17.5 3.5 2 0 5 5 5
5458.7 2335.8 -14.4 281 0 9.3 6.1 10.5 3.5 2 0 3 4 4
5444.4 2326.8 -14.1 295 1 12.2 11.2 17.5 3.5 2 0 5 0 0
5419.5 2331.2 -14.3 201 1 12.5 16.5 17.5 3.5 2 1 5 3 3
5420.8 2301.7 -13.5 189 0 16.4 23.0 17.5 3.5 2 1 5 4 4
5390.6 2256.8 -11.9 194 0 12.0 7.5 10.5 3.5 2 0 3 1 1
5384.0 2243.1 -11.6 196 1 15.8 11.0 17.5 3.5 2 0 5 0 0
5488.3 2347.6 -15.0 214 0 5.5 9.5 10.5 3.5 2 1 3 1 1
5379.9 2180.7 -10.0 178 0 30.2 16.3 17.5 3.5 2 0 5 2 2
5366.0 2209.2 -10.5 205 1 15.0 10.6 17.5 3.5 2 0 5 1 1
5357.5 2153.7 -8.8 170 0 8.0 13.0 10.5 3.5 2 0 3 0 0
5448.2 2099.9 -8.0 99 0 7.6 17.4 10.5 3.5 2 1 3 1 1
5430.6 2101.7 -8.0 94 0 8.4 18.7 10.5 0.0 0 1 3 0 0
5461.5 2044.7 -6.6 97 0 59.4 20.8 17.5 3.5 2 0 5 0 0
5427.3 2049.9 -6.3 30 0 8.6 27.9 10.5 3.5 2 1 3 4 4
5375.0 2106.4 -7.5 203 1 12.3 13.1 17.5 3.5 2 1 5 3 3
5408.3 2117.7 -7.9 220 0 9.6 12.7 10.5 3.5 2 0 3 1 1
5398.0 2122.6 -8.0 193 0 8.2 10.2 10.5 3.5 2 0 3 1 1
5360.3 2020.5 -4.9 144 0 7.1 8.4 10.5 3.5 2 1 3 3 3
5350.9 2064.7 -6.3 153 0 16.1 8.6 10.5 3.5 2 0 3 5 5
5356.6 2096.2 -7.0 220 0 7.8 21.8 10.5 3.5 2 1 3 1 1
5350.0 2123.4 -7.9 161 0 6.9 12.2 10.5 3.5 2 1 3 5 5
5509.6 2354.5 -15.3 255 0 13.8 31.7 17.5 3.5 2 1 5 4 4
5517.8 2274.7 -13.1 215 1 11.0 10.5 17.5 3.5 2 0 5 5 5
5545.2 2198.0 -11.2 355 0 24.5 12.2 17.5 3.5 2 0 5 2 2
5363.0 2243.0 -11.9 29 0 33.0 12.6 14.0 3.5 2 0 4 3 3
5354.9 2314.5 -13.3 233 0 7.5 14.2 10.5 0.0 0 1 3 3 3
5345.6 2295.5 -12.9 231 0 21.6 10.2 14.0 3.5 2 0 4 5 5
5305.0 2293.5 -13.6 242 0 9.7 23.1 10.5 3.5 2 1 3 2 2
5346.3 2191.5 -10.5 95 0 8.6 29.1 10.5 3.5 2 1 3 3 3
5342.4 2162.1 -8.9 6 0 12.7 16.7 14.0 3.5 2 1 4 5 5
5291.4 2046.8 -5.9 155 0 46.2 12.6 14.0 3.5 2 0 4 5 5
5325.1 2046.6 -5.5 340 0 15.7 16.3 14.0 3.5 2 1 4 0 0
5316.4 2055.8 -5.6 325 0 6.7 10.8 10.5 3.5 2 1 3 2 2
5307.7 2070.0 -6.1 332 0 23.6 8.1 10.5 3.5 4 0 3 0 0
5323.2 2074.3 -6.5 333 0 36.3 8.6 10.5 3.5 2 0 3 1 1
5314.6 2096.8 -7.1 39 0 7.4 20.2 10.5 3.5 2 1 3 0 0
5293.5 2162.6 -10.7 15 0 11.7 21.6 14.0 3.5 2 1 4 5 5
5307.2 2160.4 -8.7 12 0 11.2 10.5 14.0 3.5 2 0 4 0 0
5287.0 2280.1 -14.5 231 0 10.2 21.0 14.0 3.5 2 1 4 4 4
5236.4 2217.3 -16.1 224 0 28.4 19.7 14.0 3.5 2 0 4 1 1
5254.3 2093.7 -9.5 59 0 8.1 5.7 10.5 3.5 2 0 3 4 4
5245.3 2070.1 -9.5 90 0 11.2 10.3 14.0 3.5 2 0 4 1 1
5237.0 2057.2 -9.6 92 0 12.5 7.7 10.5 3.5 2 0 3 0 0
5217.8 2081.4 -12.9 61 0 16.1 14.4 14.0 3.5 2 0 4 3 3
5229.6 2087.2 -12.3 62 0 8.4 19.7 10.5 3.5 2 1 3 3 3
5238.8 2099.7 -12.1 63 0 7.2 19.7 10.5 3.5 2 1 3 5 5
5204.9 2097.2 -14.4 60 0 5.9 13.7 10.5 3.5 2 1 3 3 3
5185.1 2071.7 -14.5 47 0 7.3 9.7 10.5 3.5 2 1 3 4 4
5180.5 2127.5 -16.7 238 0 8.8 12.6 10.5 3.5 2 1 3 5 5
5153.6 2049.7 -15.5 35 0 6.6 15.8 10.5 3.5 2 1 3 2 2
5114.7 2022.0 -15.2 145 0 11.6 18.3 14.0 3.5 2 1 4 4 4
5076.5 2054.4 -19.3 143 0 8.9 8.7 10.5 3.5 2 0 3 4 4
5086.3 2080.0 -20.0 206 0 6.8 18.6 10.5 3.5 2 1 3 2 2
5138.2 2143.2 -20.7 220 0 7.6 20.1 10.5 3.5 2 0 3 5 5
5112.4 2130.2 -21.5 233 0 15.9 22.8 14.0 3.5 2 1 4 1 1
5126.8 2102.6 -19.1 197 0 9.2 13.6 10.5 3.5 2 1 3 3 3
5106.0 2090.4 -19.5 209 0 8.7 15.1 10.5 3.5 4 1 3 1 1
5180.1 2021.0 -11.8 58 0 10.4 10.5 14.0 3.5 2 1 4 2 2
5182.6 2034.0 -12.5 90 0 8.5 13.3 10.5 3.5 2 1 3 0 0
5051.2 2048.8 -20.6 130 0 7.9 17.3 10.5 3.5 2 1 3 4 4
5761.2 2464.0 -20.7 223 0 12.2 21.6 14.0 3.5 2 1 4 3 3
6744.7 1287.1 -22.0 174 0 104.2 11.8 17.5 3.5 2 0 5 1 1
6774.5 1340.4 -21.2 263 0 13.4 104.2 17.5 3.5 2 1 5 5 5
6802.7 1291.7 -20.7 353 0 102.5 12.9 17.5 3.5 2 0 5 1 1
6849.9 1211.4 -18.4 264 0 25.0 115.3 17.5 0.0 0 1 5 3 3
6775.2 1151.4 -20.4 174 0 111.0 38.5 17.5 0.0 0 0 5 4 4
6762.2 1171.0 -20.9 85 0 15.2 33.8 17.5 3.5 2 1 5 0 0
6857.1 985.5 -17.4 82 0 14.4 66.8 17.5 3.5 2 1 5 1 1
6868.8 986.8 -16.5 83 0 7.0 26.2 10.5 3.5 2 1 3 3 3
6879.4 987.2 -16.0 84 0 11.1 24.9 17.5 3.5 2 1 5 1 1
6879.5 1046.3 -16.7 354 0 63.2 12.4 17.5 3.5 2 0 5 5 5
6892.5 999.8 -15.5 355 0 39.2 6.0 10.5 3.5 2 0 3 4 4
6782.9 1003.5 -19.1 175 0 50.3 14.9 17.5 3.5 2 0 5 4 4
6906.0 1150.4 -16.3 353 0 96.8 15.6 17.5 3.5 2 0 5 0 0
6920.9 1151.9 -15.5 354 0 96.1 13.0 17.5 3.5 2 0 5 5 5
6919.9 1214.6 -16.5 351 0 10.4 36.3 17.5 3.5 2 1 5 3 3
-3165.7 -2232.4 -0.7 269 0 15.2 31.1 14.0 3.5 2 0 4 3 3
-3174.6 -2198.4 0.2 0 0 58.3 15.0 14.0 3.5 4 0 4 2 2
-3174.7 -2136.0 1.9 1 0 52.4 13.9 14.0 0.0 0 0 4 5 5
-3343.9 -2237.7 -1.0 94 0 16.8 44.6 14.0 3.5 2 1 4 5 5
-3854.1 -2042.2 24.1 211 0 61.9 35.1 14.0 0.0 0 0 4 3 3
-3847.0 -2113.1 21.5 118 0 32.4 17.7 14.0 3.5 2 0 4 3 3
-3891.1 -2071.7 25.4 49 0 40.6 7.5 10.5 3.5 2 0 3 1 1
-3290.6 -2257.4 -0.8 110 0 40.3 23.6 14.0 0.0 0 0 4 0 0
-3223.0 -2362.3 -3.3 94 0 10.9 50.7 14.0 3.5 2 1 4 2 2
-3208.7 -2367.2 -3.3 95 0 10.2 45.4 14.0 3.5 4 1 4 5 5
-3357.2 -2176.3 0.2 281 0 8.7 23.2 10.5 3.5 2 1 3 3 3
-3372.3 -2149.5 1.0 294 0 8.7 20.2 10.5 3.5 2 1 3 1 1
-3381.9 -2108.1 2.0 216 0 18.3 14.5 14.0 3.5 2 0 4 2 2
-3274.4 -2203.5 0.5 193 0 10.5 19.3 14.0 3.5 2 1 4 0 0
-3474.8 -2237.3 2.5 6 0 30.7 19.2 14.0 3.5 2 0 4 0 0
-4366.2 -2450.8 10.6 262 0 27.4 14.9 14.0 3.5 2 0 4 0 0
-4568.8 -2486.7 0.9 144 0 19.1 31.0 14.0 3.5 4 1 4 2 2
-3569.6 -1897.8 15.2 3 0 17.0 57.2 12.5 2.5 2 1 5 4 4
6069.9 4194.2 -31.2 166 0 14.0 49.5 14.0 3.5 2 0 4 2 2
6158.2 4207.9 -30.9 255 0 7.5 16.3 10.5 3.5 2 1 3 0 0
6190.3 4197.2 -30.8 284 0 14.7 10.8 14.0 3.5 4 0 4 1 1
6228.0 4186.2 -30.5 248 0 11.2 13.5 14.0 3.5 2 1 4 2 2
6193.6 4179.5 -30.6 284 0 7.5 13.5 10.5 3.5 2 1 3 1 1
6216.1 4148.0 -30.4 306 0 12.4 8.3 10.5 3.5 2 0 3 4 4
6147.4 4106.2 -30.5 138 0 18.9 11.9 14.0 3.5 2 0 4 0 0
6156.5 4094.8 -30.3 172 0 11.3 18.8 14.0 3.5 2 1 4 0 0
6172.7 4078.8 -30.1 228 0 12.4 14.0 14.0 3.5 2 1 4 1 1
6186.1 4092.3 -30.2 214 0 7.2 15.0 10.5 3.5 2 1 3 4 4
6186.3 4050.2 -29.9 247 0 5.5 10.2 10.5 3.5 2 1 3 0 0
6200.3 4074.0 -30.0 178 0 15.4 8.1 10.5 3.5 2 0 3 2 2
6222.6 4112.8 -30.1 227 0 10.0 22.8 14.0 0.0 0 1 4 1 1
6270.3 4183.0 -30.3 287 0 12.4 50.3 14.0 3.5 2 1 4 4 4
6270.3 4081.4 -29.8 292 0 21.3 14.5 14.0 3.5 2 0 4 1 1
6237.7 4056.7 -29.8 170 0 11.9 6.3 10.5 3.5 2 0 3 5 5
6221.7 4023.9 -29.7 225 0 7.8 18.4 10.5 3.5 2 1 3 0 0
6077.5 3887.4 -30.4 10 0 13.9 7.0 10.5 3.5 2 0 3 1 1
6077.2 3927.6 -30.4 16 0 15.9 5.5 10.5 3.5 2 0 3 2 2
6094.9 3941.3 -30.2 7 0 11.3 13.7 17.5 3.5 2 1 5 0 0
6107.4 3951.2 -30.1 13 0 9.3 15.5 10.5 3.5 2 1 3 4 4
6236.0 3691.7 -29.9 102 0 16.4 19.1 14.0 3.5 4 1 4 4 4
6218.2 3727.9 -29.4 185 0 8.2 20.9 10.5 3.5 2 1 3 0 0
6265.8 3696.1 -29.7 46 0 8.6 9.9 10.5 3.5 2 1 3 4 4
6258.2 3718.1 -29.4 1 0 13.2 5.4 10.5 3.5 2 0 3 3 3
6222.4 3743.8 -29.7 112 0 6.1 17.7 10.5 3.5 2 1 3 0 0
6280.3 3776.9 -30.1 330 0 12.4 16.0 14.0 0.0 0 1 4 0 0
6273.3 3711.7 -29.4 33 0 12.6 7.3 10.5 3.5 2 0 3 2 2
6225.0 3760.1 -30.2 100 0 8.5 28.3 10.5 3.5 2 1 3 0 0
6291.9 3792.2 -30.4 43 0 11.0 12.8 14.0 3.5 2 1 4 2 2
6260.7 3786.1 -30.4 15 0 17.0 7.6 10.5 3.5 2 0 3 0 0
6258.9 3828.5 -30.3 314 0 12.1 8.2 10.5 3.5 2 0 3 2 2
6299.0 3802.0 -30.4 44 0 9.2 15.6 10.5 0.0 0 1 3 2 2
6258.7 3868.8 -29.8 31 0 13.9 24.0 14.0 3.5 2 1 4 3 3
6221.3 3858.2 -30.1 293 0 7.6 12.4 10.5 3.5 2 1 3 4 4
6243.8 3854.1 -30.2 304 0 9.7 20.3 10.5 3.5 2 1 3 1 1
6096.5 3863.2 -30.5 199 0 10.8 15.6 14.0 3.5 2 1 4 2 2
6157.6 3847.7 -30.3 122 0 8.6 7.7 10.5 3.5 4 0 3 3 3
6136.8 3797.6 -30.7 152 0 7.1 13.0 10.5 0.0 0 1 3 5 5
6153.7 3866.4 -30.2 207 0 9.8 18.9 10.5 3.5 2 1 3 2 2
6171.9 3809.9 -30.7 184 0 12.9 10.5 14.0 3.5 2 0 4 1 1
6189.1 3838.2 -30.3 93 0 6.7 11.0 10.5 3.5 2 0 3 5 5
6136.6 3872.3 -30.2 205 0 11.7 10.5 14.0 3.5 2 0 4 5 5
6128.6 3852.6 -30.5 204 0 7.8 11.3 10.5 3.5 2 1 3 0 0
6251.7 3910.9 -29.8 29 0 14.8 29.1 14.0 0.0 0 1 4 2 2
6247.2 3964.2 -29.5 39 0 14.2 9.7 10.5 3.5 2 0 3 3 3
6241.4 3975.5 -29.6 34 0 7.3 11.9 10.5 3.5 2 1 3 5 5
6269.0 4014.0 -29.5 56 0 11.6 12.2 14.0 3.5 2 1 4 4 4
6268.4 3958.7 -29.5 57 0 16.3 21.0 14.0 0.0 0 1 4 0 0
6246.3 4021.5 -29.6 188 0 10.0 7.0 10.5 3.5 2 0 3 4 4
6300.2 3990.2 -29.4 46 0 10.9 11.6 14.0 3.5 2 1 4 1 1
6307.0 3971.5 -29.3 50 0 12.9 11.8 14.0 3.5 2 0 4 0 0
6324.4 3971.6 -29.2 108 0 7.4 15.7 10.5 3.5 2 1 3 4 4
6330.4 4164.0 -30.0 298 0 19.3 52.9 14.0 3.5 2 1 4 3 3
6295.1 4175.4 -30.2 292 0 26.7 12.9 14.0 0.0 0 0 4 3 3
6315.1 4171.4 -30.1 291 0 7.6 54.8 10.5 3.5 2 1 3 4 4
6362.1 4156.2 -29.8 295 0 15.9 60.6 14.0 3.5 2 1 4 0 0
6420.1 4110.3 -29.4 284 0 39.7 46.1 14.0 0.0 0 0 4 2 2
6384.2 4117.5 -29.5 283 0 10.1 37.4 14.0 3.5 2 0 4 1 1
6373.7 4064.9 -29.2 285 0 9.9 45.3 10.5 3.5 2 1 3 1 1
6391.3 3978.1 -29.0 46 0 14.8 18.7 14.0 3.5 2 0 4 5 5
6310.4 3933.4 -29.4 90 0 12.3 19.9 14.0 3.5 2 1 4 3 3
6367.4 3912.1 -29.3 80 0 10.0 29.5 10.5 3.5 2 1 3 0 0
6312.2 4101.2 -29.7 286 0 9.5 45.4 10.5 3.5 2 1 3 5 5
5814.5 559.0 -7.4 245 0 30.2 80.3 14.0 0.0 0 1 4 0 0
5699.9 616.2 -2.5 46 0 22.3 45.8 17.5 3.5 4 1 5 5 5
5727.5 644.5 -1.6 56 0 24.0 39.1 17.5 0.0 0 1 5 1 1
5751.2 656.7 -1.4 55 0 18.0 31.1 17.5 3.5 2 1 5 1 1
5747.6 736.6 0.1 252 0 19.0 43.3 17.5 3.5 2 1 5 5 5
5771.5 736.0 0.2 250 0 19.1 33.7 17.5 0.0 0 1 5 5 5
5795.8 745.5 0.4 249 0 14.7 31.0 17.5 3.5 2 1 5 1 1
5811.4 759.3 1.2 133 0 44.9 22.1 17.5 3.5 4 0 5 5 5
5797.6 573.6 -5.7 68 0 28.0 55.1 14.0 0.0 0 1 4 1 1
5832.9 661.3 -4.1 260 0 45.4 30.5 14.0 0.0 0 0 4 4 4
5779.0 535.2 -7.1 242 0 30.8 65.6 14.0 0.0 0 1 4 4 4
5846.7 579.7 -8.3 239 0 30.0 88.4 14.0 0.0 0 1 4 5 5
5958.0 546.4 -10.0 253 0 96.4 41.1 14.0 0.0 0 0 4 4 4
5815.9 370.7 -4.5 163 0 129.0 27.2 14.0 0.0 0 0 4 5 5
5847.4 265.3 3.4 164 0 64.9 19.0 14.0 3.5 4 0 4 4 4
5900.2 224.8 6.7 83 0 25.4 140.4 14.0 0.0 0 1 4 2 2
5935.9 147.7 7.7 64 0 27.4 69.5 14.0 0.0 0 1 4 3 3
5983.2 195.7 10.1 65 0 33.0 77.4 14.0 0.0 0 1 4 1 1
6004.1 238.4 11.6 61 0 20.9 40.6 14.0 0.0 0 1 4 2 2
5952.0 279.7 10.1 84 0 57.4 66.5 14.0 0.0 0 1 4 2 2
5889.2 440.8 -2.5 269 0 37.3 63.3 14.0 0.0 0 1 4 2 2
5959.4 568.2 -9.0 76 0 41.5 41.2 14.0 0.0 0 0 4 4 4
5951.5 662.6 -6.8 272 0 54.9 43.0 14.0 0.0 0 0 4 3 3
6008.0 656.6 -9.4 261 0 26.0 71.6 14.0 0.0 0 1 4 0 0
6049.6 269.1 9.2 60 0 61.1 86.0 14.0 0.0 0 1 4 5 5
-3282.2 -1675.1 5.6 360 0 40.8 16.4 14.0 3.5 2 0 4 5 5
-3306.4 -1654.6 6.5 277 0 8.8 37.5 10.5 3.5 2 1 3 3 3
-3336.7 -1668.4 7.4 185 0 29.2 8.6 10.5 3.5 2 0 3 1 1
-3266.6 -1804.3 2.9 359 0 49.6 10.4 14.0 3.5 2 0 4 1 1
-3296.5 -1830.5 3.7 90 0 10.7 45.5 14.0 3.5 4 1 4 4 4
-3327.8 -1829.2 4.8 90 0 11.5 33.0 14.0 3.5 2 1 4 4 4
-3450.5 -1748.6 9.0 249 0 14.7 50.4 14.0 3.5 2 1 4 0 0
-3414.5 -1840.3 7.7 69 0 10.9 40.3 14.0 3.5 2 1 4 1 1
-3277.5 -1759.4 4.1 355 0 29.5 36.3 14.0 0.0 0 1 4 4 4
-3283.2 -1718.9 5.0 0 0 31.8 40.3 14.0 0.0 0 1 4 5 5
-3501.7 -1501.5 12.5 179 0 37.9 19.8 14.0 0.0 0 0 4 3 3
-3495.3 -1708.9 12.0 180 0 51.0 10.8 14.0 3.5 2 0 4 0 0
-3495.7 -1645.5 13.1 180 0 55.2 8.3 10.5 3.5 2 0 3 0 0
-3568.9 -1660.3 16.0 51 0 16.0 48.3 14.0 3.5 2 1 4 1 1
-3628.2 -1688.5 20.6 38 0 17.8 37.1 14.0 3.5 2 1 4 2 2
-3657.1 -1702.3 23.6 36 0 16.8 28.8 14.0 3.5 2 1 4 4 4
-3569.0 -1606.4 15.4 237 0 13.0 48.6 14.0 3.5 2 1 4 0 0
-3770.3 -1454.4 29.0 182 0 12.9 21.7 14.0 3.5 4 1 4 3 3
-4197.3 -1169.4 30.5 2 0 27.6 49.3 10.0 0.0 0 1 4 0 0
-4223.1 -1122.7 30.0 270 0 46.1 23.3 10.0 0.0 0 0 4 3 3
-3372.0 -1541.9 9.2 269 0 11.1 37.4 14.0 3.5 2 1 4 2 2
-3127.2 -1204.8 8.7 12 0 84.8 41.8 10.0 0.0 0 0 4 1 1
-3164.2 -751.7 -0.5 216 0 17.7 20.5 10.0 2.5 2 0 4 2 2
-3171.3 -780.2 -0.8 173 0 12.0 12.8 5.0 2.5 2 0 2 1 1
-3185.5 -789.4 -1.4 250 0 15.4 28.5 7.5 2.5 2 1 3 0 0
-3228.6 -878.1 -2.4 130 0 15.0 39.5 10.0 2.5 2 1 4 2 2
-2717.6 -1000.7 8.0 69 0 16.9 6.0 7.5 2.5 4 0 3 4 4
-2008.1 -1347.1 -1.8 359 0 28.6 31.9 10.0 0.0 0 1 4 2 2
-1946.3 -1562.3 -2.3 345 0 37.4 86.8 12.5 0.0 0 1 5 2 2
-5426.7 188.7 2.4 265 0 65.7 55.3 10.0 0.0 0 0 4 0 0
-5567.0 -7509.8 -18.5 246 0 29.4 45.8 12.5 0.0 0 1 5 0 0
-5610.8 -7524.0 -21.4 191 0 17.7 22.0 7.5 2.5 2 1 3 1 1
-5487.5 -7583.8 -8.5 82 0 23.6 25.7 12.5 2.5 2 1 5 5 5
-5807.8 -7300.9 -16.8 202 0 57.5 51.6 10.0 0.0 0 0 4 3 3
-5427.7 -6453.5 -20.9 216 0 28.4 77.8 10.0 0.0 0 1 4 2 2
-2997.8 -6189.7 13.8 328 0 50.2 68.9 10.0 0.0 0 1 4 3 3
-2980.0 -5766.1 16.7 4 0 64.2 97.7 10.0 0.0 0 1 4 2 2
-2731.6 -933.7 6.4 229 0 6.8 10.6 5.0 2.5 2 1 2 3 3
-2744.8 -1021.8 6.4 130 0 7.5 21.0 5.0 2.5 2 1 2 5 5
-2716.4 3000.3 18.5 247 0 47.1 114.9 14.0 0.0 0 1 4 1 1
-2618.0 2975.4 19.5 337 0 107.5 35.1 14.0 0.0 0 0 4 0 0
-2566.2 2800.3 18.7 67 0 38.9 106.9 14.0 0.0 0 1 4 4 4
-2621.0 2770.2 18.2 67 0 50.9 112.4 14.0 0.0 0 1 4 3 3
-2688.9 2738.4 18.4 67 0 62.7 116.0 14.0 0.0 0 1 4 0 0
-2770.0 2721.3 19.6 67 0 61.4 101.6 14.0 0.0 0 1 4 2 2
-2761.4 2650.3 26.1 247 0 35.0 115.2 14.0 0.0 0 1 4 2 2
-2701.4 2677.1 25.3 247 0 55.8 113.1 14.0 0.0 0 1 4 3 3
-2628.7 2704.2 24.6 247 0 60.9 111.3 14.0 0.0 0 1 4 3 3
-2559.7 2733.2 23.8 247 0 52.7 110.9 14.0 0.0 0 1 4 4 4
-5382.7 -3303.1 -5.3 242 0 22.9 55.8 14.0 3.5 2 0 4 5 5
-5322.4 -3342.5 -2.9 332 0 79.9 23.3 14.0 0.0 0 0 4 1 1
-4995.5 -2848.5 17.2 339 0 22.2 54.4 10.5 3.5 2 1 3 3 3
-5043.5 -2712.3 17.9 339 0 250.3 55.3 10.5 0.0 0 0 3 2 2
-5092.3 -2739.9 20.0 339 0 233.6 27.3 10.5 0.0 0 0 3 4 4
-5161.2 -2634.1 20.6 339 0 261.6 55.5 10.5 0.0 0 0 3 4 4
-3717.7 -1442.4 27.8 269 0 42.1 10.7 14.0 3.5 2 0 4 2 2
-3578.2 -1374.0 18.6 269 0 12.6 42.8 14.0 3.5 2 1 4 2 2
-3402.5 -1451.1 9.0 269 0 39.6 10.9 14.0 3.5 2 0 4 0 0
-3491.9 -1777.3 10.7 159 0 40.6 9.6 10.5 0.0 0 0 3 5 5
-3471.5 -1770.1 10.1 159 0 42.8 10.2 14.0 0.0 0 0 4 3 3
-3457.4 -1819.1 8.9 159 0 39.7 9.7 10.5 3.5 2 0 3 4 4
-3423.4 -1738.9 8.3 249 0 8.5 51.6 10.5 3.5 2 1 3 3 3
-3397.5 -1729.0 7.5 249 0 13.7 51.3 14.0 3.5 2 1 4 2 2
-3359.4 -1833.9 5.9 69 0 11.3 51.6 14.0 3.5 2 1 4 5 5
-3388.4 -1831.7 7.0 69 0 10.5 38.6 14.0 3.5 2 1 4 0 0
-3517.9 -2391.4 -0.4 152 0 40.1 10.0 10.5 3.5 2 0 3 4 4
144.9 4780.0 -4.3 357 0 137.2 160.1 14.0 0.0 0 1 4 5 5
-32.1 4852.1 -7.4 359 0 287.8 106.8 14.0 0.0 0 0 4 0 0
193.1 5111.9 -8.5 73 0 253.6 269.4 14.0 0.0 0 1 4 5 5
459.2 5213.4 -4.1 358 0 93.9 98.8 14.0 0.0 0 1 4 1 1
-418.1 5293.3 -10.6 160 0 109.1 43.2 14.0 0.0 0 0 4 5 5
-447.8 5050.1 -11.3 164 0 101.1 140.0 14.0 0.0 0 1 4 4 4
-323.8 5680.2 -10.8 250 0 468.4 166.2 14.0 0.0 0 0 4 0 0
370.3 4795.7 0.1 175 0 136.4 85.8 14.0 0.0 0 0 4 1 1
