-5908.3 2510.8 -2.8 73 0 69.1 84.7 17.5 0.0 0 1 5 2 2
-6327.8 5151.4 -11.1 249 0 48.6 18.6 14.0 3.5 2 0 4 5 5
-6248.1 5096.8 -16.4 264 0 17.5 86.9 17.5 3.5 2 1 5 3 3
-6522.6 5052.9 -8.2 238 0 11.2 72.7 14.0 0.0 0 1 4 5 5
-6461.6 4901.5 -7.9 65 0 18.8 64.2 14.0 3.5 2 1 4 1 1
-6428.6 4914.6 -9.1 52 0 18.7 63.0 14.0 3.5 2 1 4 5 5
-6437.7 5055.6 -10.7 249 0 18.5 50.2 14.0 3.5 2 1 4 3 3
-6417.6 5118.4 -9.4 243 0 24.6 31.3 14.0 0.0 0 1 4 5 5
99.8 -815.3 -14.2 110 0 11.7 26.0 14.0 3.5 2 1 4 3 3
234.9 -707.4 -14.2 8 1 13.0 10.2 14.0 3.5 2 0 4 5 5
64.5 -735.9 -14.6 153 1 12.4 18.6 14.0 3.5 2 1 4 4 4
47.0 -843.1 -13.2 62 1 10.1 21.7 14.0 3.5 4 1 4 2 2
75.1 -1466.0 -10.2 80 0 10.3 13.1 2.5 2.5 2 1 1 0 0
210.9 -2645.6 3.0 311 0 44.3 8.9 7.5 2.5 2 0 3 0 0
5892.2 -1845.5 1.4 308 0 34.3 8.9 10.5 3.5 4 0 3 4 4
6095.3 -1934.2 9.8 341 0 15.0 9.2 10.5 3.5 2 0 3 0 0
6104.6 -1923.8 9.9 67 0 9.1 17.4 10.5 3.5 2 1 3 0 0
6127.8 -1894.3 10.3 345 0 15.3 9.5 10.5 3.5 2 0 3 2 2
6155.8 -1875.7 11.0 83 0 8.0 17.1 10.5 0.0 0 1 3 1 1
-6880.5 -4478.6 -5.6 70 0 23.9 40.1 14.0 0.0 0 1 4 3 3
-6885.1 -4611.4 -0.7 69 0 30.3 10.5 14.0 3.5 2 0 4 2 2
-6907.7 -4618.7 -0.1 72 0 10.4 45.0 14.0 3.5 2 1 4 4 4
-6875.7 -4618.5 -0.0 251 0 11.8 38.2 14.0 3.5 4 1 4 5 5
-6716.5 -4715.3 0.4 352 0 25.6 15.4 14.0 3.5 2 0 4 4 4
-6624.3 -3733.3 -2.0 262 0 11.0 31.9 10.5 3.5 2 1 3 5 5
-6642.3 -3735.0 -1.8 263 0 15.7 33.1 10.5 3.5 2 1 3 5 5
-6656.9 -3744.8 -2.0 265 0 11.0 34.3 10.5 3.5 2 1 3 0 0
-6859.7 -3859.9 3.5 171 0 12.1 32.4 14.0 3.5 2 1 4 0 0
-6828.4 -3909.6 1.2 218 0 16.9 9.0 10.5 3.5 4 0 3 2 2
-6834.8 -3885.8 3.0 48 0 17.8 16.0 14.0 3.5 2 0 4 4 4
-6868.9 -3795.0 4.7 268 0 9.7 47.8 10.5 3.5 2 1 3 4 4
-6830.8 -3797.6 4.0 260 0 10.5 44.6 14.0 0.0 0 1 4 3 3
-6804.0 -3794.4 2.8 261 0 8.1 37.3 10.5 0.0 0 1 3 2 2
-6621.3 -5017.5 0.0 340 0 23.7 10.4 14.0 3.5 2 0 4 3 3
-6649.3 -5044.2 0.6 58 0 6.2 12.5 10.5 3.5 2 1 3 5 5
-6648.3 -4994.7 0.6 326 0 40.4 9.7 10.5 3.5 4 0 3 2 2
-6716.2 -4825.2 0.9 232 0 7.2 68.9 10.5 3.5 2 1 3 1 1
-6724.5 -4831.1 1.3 236 0 11.3 69.2 14.0 3.5 2 1 4 4 4
-6738.6 -4840.7 1.9 230 0 8.3 67.5 10.5 3.5 2 1 3 0 0
-6749.3 -4849.4 2.3 239 0 9.5 68.6 10.5 0.0 0 1 3 4 4
-6764.4 -4856.8 2.9 236 0 11.8 52.2 14.0 3.5 2 1 4 1 1
-6752.8 -4844.0 3.2 53 0 8.0 21.6 10.5 3.5 2 1 3 2 2
-6741.0 -4835.7 2.7 55 0 9.4 26.8 10.5 3.5 2 1 3 1 1
-6727.6 -4826.7 2.3 58 0 9.2 30.5 10.5 3.5 2 1 3 4 4
-6716.5 -4818.4 1.9 59 0 9.6 30.4 10.5 3.5 2 1 3 3 3
-6862.4 -4725.6 3.4 233 0 10.9 57.2 14.0 3.5 2 1 4 2 2
-6242.0 -4979.0 -7.7 251 0 38.0 66.2 14.0 0.0 0 1 4 3 3
-6871.1 -3921.3 2.0 261 0 47.3 11.7 10.5 3.5 2 0 3 1 1
-6932.5 -3933.4 -0.9 250 0 46.6 38.4 10.5 0.0 0 0 3 0 0
-5836.9 1976.3 -1.2 167 0 64.7 14.9 14.0 3.5 2 0 4 2 2
-5418.2 2056.3 -9.1 272 0 17.9 56.1 17.5 3.5 2 1 5 5 5
-5688.2 1846.9 -4.5 75 0 12.2 35.4 14.0 3.5 2 1 4 4 4
-5777.1 2054.6 -2.6 149 0 41.7 22.7 17.5 0.0 0 0 5 3 3
-5857.4 2049.4 -2.1 165 0 50.5 11.2 14.0 3.5 4 0 4 1 1
-5564.3 1754.1 -5.8 346 0 52.2 47.3 14.0 0.0 0 0 4 2 2
-5740.3 2001.7 -2.7 59 0 13.4 38.4 17.5 3.5 2 1 5 0 0
-5427.9 1872.4 -9.1 254 0 13.4 38.4 17.5 3.5 2 1 5 2 2
-5625.4 1915.0 -5.9 262 0 18.4 57.0 17.5 3.5 2 1 5 0 0
-5658.4 1852.3 -5.1 76 0 13.3 29.3 14.0 3.5 2 1 4 1 1
-5569.9 1866.4 -6.7 71 0 16.5 40.1 14.0 3.5 2 1 4 3 3
-5675.3 1834.0 -4.8 247 0 20.1 36.3 17.5 0.0 0 1 5 2 2
-5819.2 1908.1 -2.5 163 0 51.4 16.5 14.0 3.5 2 0 4 5 5
-5749.9 1831.6 -3.3 72 0 12.2 55.4 14.0 0.0 0 1 4 2 2
-5451.1 1790.6 -8.5 91 0 12.2 44.8 17.5 3.5 2 1 5 3 3
-5663.9 1780.3 -4.2 342 0 31.4 12.6 17.5 0.0 0 0 5 2 2
-5704.0 1789.0 -3.7 251 0 14.1 35.1 17.5 3.5 2 1 5 2 2
-5548.6 1864.3 -7.0 257 0 17.7 54.8 17.5 3.5 2 1 5 4 4
-5379.4 1966.6 -9.9 358 0 142.5 19.0 17.5 0.0 0 0 5 2 2
-5761.6 1942.9 -2.7 355 0 41.0 19.3 14.0 3.5 2 0 4 4 4
-5711.0 1660.5 -2.8 74 0 18.2 75.1 17.5 3.5 2 1 5 2 2
-5788.3 1825.0 -2.7 75 0 13.5 48.7 14.0 3.5 2 1 4 3 3
-5719.0 1843.6 -4.0 71 0 13.6 37.6 14.0 0.0 0 1 4 1 1
-5428.1 1938.9 -9.3 180 0 95.1 17.2 17.5 0.0 0 0 5 2 2
-5617.9 1735.2 -4.8 343 0 61.7 23.9 17.5 3.5 2 0 5 5 5
-5690.7 1705.9 -3.4 72 0 11.0 37.7 17.5 3.5 4 1 5 3 3
-5546.0 1873.1 -7.1 78 0 21.1 16.5 14.0 3.5 2 0 4 1 1
-5777.0 2018.3 -2.2 332 0 74.7 19.8 14.0 3.5 2 0 4 4 4
-5234.3 2343.8 -14.6 272 0 50.3 17.9 21.0 3.5 2 0 6 5 5
-5654.6 1968.1 -4.5 96 0 13.8 42.7 17.5 3.5 2 1 5 5 5
-5194.1 2047.3 -14.4 241 0 21.1 99.5 21.0 0.0 0 1 6 3 3
-5246.6 2122.4 -12.7 155 0 40.7 16.7 21.0 3.5 2 0 6 0 0
-5138.8 2308.4 -16.2 147 0 37.2 15.3 17.5 0.0 0 0 5 1 1
-5156.9 2128.9 -14.2 55 0 15.8 19.4 21.0 0.0 0 1 6 1 1
-5320.9 2196.4 -11.2 60 0 14.5 148.8 14.0 0.0 0 1 4 0 0
-5673.4 2040.1 -4.2 96 0 11.8 24.0 17.5 3.5 2 1 5 1 1
-5294.1 2338.6 -13.2 273 0 44.9 16.4 21.0 0.0 0 0 6 1 1
-5653.6 2126.3 -4.7 59 0 16.9 81.3 17.5 3.5 2 1 5 0 0
-5732.8 2164.7 -3.7 242 0 14.2 51.8 17.5 3.5 2 1 5 3 3
-5498.1 2061.4 -7.5 70 0 19.6 60.8 17.5 3.5 2 1 5 2 2
-5475.2 2083.5 -8.0 71 0 16.6 50.2 17.5 3.5 2 1 5 1 1
-5218.8 2308.5 -14.1 329 0 23.0 34.6 21.0 0.0 0 1 6 5 5
-5199.1 2053.6 -13.2 59 0 19.4 51.6 21.0 3.5 4 1 6 3 3
-5441.2 2100.4 -8.8 67 0 24.2 45.7 17.5 0.0 0 1 5 3 3
-5253.0 1938.8 -12.3 66 0 12.6 45.1 17.5 0.0 0 1 5 0 0
-5316.1 2182.1 -13.7 241 0 14.9 274.8 14.0 0.0 0 1 4 3 3
-5590.4 2154.5 -5.9 65 0 12.2 38.0 17.5 3.5 2 1 5 0 0
-5135.6 2031.1 -14.7 333 0 61.5 20.8 21.0 3.5 2 0 6 3 3
-5284.3 2189.0 -12.4 152 0 84.6 18.6 21.0 3.5 2 0 6 2 2
-5640.5 2070.9 -4.8 280 0 14.1 43.2 17.5 3.5 2 1 5 5 5
-5283.5 2309.8 -13.3 236 0 22.6 43.3 21.0 0.0 0 1 6 4 4
-5211.5 2256.5 -13.9 334 0 52.1 18.6 21.0 3.5 2 0 6 3 3
-5116.5 2361.6 -17.4 229 0 16.8 75.0 17.5 3.5 4 1 5 3 3
-5157.7 2373.4 -16.4 229 0 40.2 10.9 17.5 3.5 2 0 5 3 3
-5700.2 2027.5 -3.6 63 0 16.5 30.4 17.5 3.5 2 1 5 0 0
-5291.0 2080.2 -11.5 66 0 14.1 51.1 14.0 3.5 2 1 4 5 5
-5342.9 2294.8 -11.9 152 0 32.3 16.7 21.0 0.0 0 0 6 1 1
-5032.5 2305.6 -18.0 49 0 14.6 19.8 17.5 3.5 2 1 5 0 0
-5252.5 2228.2 -13.3 147 0 50.1 19.8 21.0 0.0 0 0 6 2 2
-5166.8 2092.8 -14.2 151 0 22.8 19.5 21.0 0.0 0 0 6 0 0
-5081.5 2130.4 -15.7 61 0 19.3 28.2 21.0 0.0 0 1 6 1 1
-5683.6 1982.2 -4.0 98 0 14.7 41.6 17.5 3.5 2 1 5 2 2
-5104.9 2374.2 -17.6 227 0 15.4 51.7 17.5 3.5 4 1 5 1 1
-5081.3 2429.5 -17.7 315 0 23.5 36.7 17.5 0.0 0 1 5 1 1
-5060.4 2384.1 -18.2 318 0 51.2 22.4 17.5 3.5 2 0 5 5 5
-5042.6 2404.6 -18.7 317 0 54.0 16.9 17.5 3.5 2 0 5 4 4
-5665.6 2099.7 -4.4 57 0 17.0 93.6 17.5 3.5 2 1 5 2 2
-5539.9 2084.2 -7.0 157 0 61.1 12.0 17.5 3.5 2 0 5 4 4
-5613.5 2143.4 -5.5 56 0 14.7 28.0 17.5 3.5 2 1 5 5 5
-5422.4 2127.3 -9.1 70 0 11.3 29.6 17.5 3.5 2 1 5 4 4
-5635.1 1949.2 -5.2 101 0 12.6 52.0 17.5 3.5 2 1 5 1 1
-5269.9 2216.0 -12.7 153 0 47.2 13.9 21.0 3.5 2 0 6 4 4
-5578.6 2265.6 -6.6 242 0 16.0 16.8 17.5 3.5 2 1 5 0 0
-5191.9 2266.2 -14.4 332 0 52.6 13.4 21.0 3.5 2 0 6 4 4
-4991.4 2145.6 -17.7 240 0 14.8 28.0 14.0 0.0 0 1 4 4 4
-4970.1 2161.3 -18.4 234 0 22.2 32.7 14.0 0.0 0 1 4 1 1
-5377.7 1825.7 -9.7 62 0 13.0 15.4 17.5 3.5 2 1 5 3 3
-5707.9 1526.7 -1.7 75 0 14.0 67.6 17.5 3.5 2 1 5 0 0
-5680.3 1545.0 -1.9 65 0 11.9 64.1 17.5 3.5 2 1 5 1 1
-5649.3 1432.9 0.8 90 0 17.6 46.4 17.5 3.5 4 1 5 3 3
-5631.8 2232.2 -5.6 254 0 20.5 45.5 17.5 3.5 2 1 5 5 5
-5173.8 2278.5 -14.9 328 0 51.9 15.1 21.0 3.5 2 0 6 0 0
-5006.5 2281.5 -18.3 57 0 10.4 17.6 17.5 3.5 2 1 5 2 2
-4998.7 2299.0 -18.7 56 0 15.4 19.8 17.5 3.5 2 1 5 0 0
-5612.3 2113.2 -5.6 317 0 43.9 18.5 17.5 3.5 2 0 5 2 2
-5161.6 2337.0 -15.8 145 0 22.7 10.7 17.5 3.5 2 0 5 5 5
-5023.9 2343.4 -18.6 315 0 41.5 18.0 17.5 3.5 2 0 5 5 5
-5131.6 2239.3 -15.9 145 0 58.5 17.3 17.5 3.5 2 0 5 0 0
-5075.6 2242.4 -17.0 52 0 44.6 63.0 17.5 0.0 0 1 5 3 3
-5071.0 2464.1 -16.3 227 0 14.3 22.8 17.5 3.5 2 1 5 2 2
-5746.2 2173.5 -3.3 239 0 35.9 12.5 17.5 3.5 2 0 5 4 4
-5126.8 2349.6 -16.7 228 0 11.5 37.0 17.5 3.5 2 1 5 0 0
-5160.3 2289.0 -15.5 142 0 34.5 13.4 17.5 3.5 2 0 5 2 2
-5133.8 2402.9 -17.0 231 0 22.3 30.1 17.5 0.0 0 1 5 1 1
-4927.2 2076.4 -18.6 59 0 35.7 19.2 14.0 0.0 0 0 4 0 0
-5050.5 2335.2 -17.8 319 0 16.8 15.3 17.5 3.5 2 0 5 0 0
-5662.7 1505.6 0.1 274 1 11.6 21.2 17.5 3.5 2 1 5 3 3
-5657.9 1552.3 -2.8 79 0 10.8 26.9 17.5 3.5 2 1 5 5 5
-5677.0 1618.1 -2.9 236 0 14.2 32.7 17.5 3.5 2 1 5 5 5
-5644.0 1559.3 -2.8 95 0 9.8 35.1 10.5 0.0 0 1 3 3 3
-5618.5 1646.3 -4.2 242 0 13.5 21.6 17.5 3.5 4 1 5 3 3
-5595.0 1660.7 -4.8 230 0 14.2 18.7 17.5 3.5 2 1 5 5 5
-5535.8 1542.0 -3.8 0 0 22.0 10.0 10.5 3.5 2 0 3 2 2
-5536.1 1573.8 -3.3 357 0 21.7 9.7 10.5 3.5 2 0 3 4 4
-5535.8 1632.0 -5.5 357 0 21.3 8.1 10.5 3.5 2 0 3 5 5
-5544.0 1674.2 -5.7 256 0 6.6 21.0 10.5 3.5 2 1 3 0 0
-5504.5 1544.8 -4.0 358 0 24.6 12.8 17.5 0.0 0 0 5 2 2
-5505.9 1576.3 -3.4 355 0 23.6 10.9 17.5 0.0 0 0 5 0 0
-5509.0 1604.2 -2.9 354 0 19.4 8.8 10.5 3.5 2 0 3 5 5
-5513.7 1623.2 -6.5 91 0 13.9 72.1 17.5 0.0 0 1 5 4 4
-5490.1 1545.2 -4.0 182 0 23.1 10.9 14.0 3.5 2 0 4 3 3
-5473.4 1625.2 -3.5 266 0 9.8 27.6 10.5 3.5 2 1 3 2 2
-5485.2 1648.1 -7.0 90 0 10.4 54.2 17.5 3.5 2 1 5 5 5
-5453.9 1678.1 -7.7 90 0 12.8 51.4 17.5 3.5 2 1 5 5 5
-5430.9 1682.1 -7.8 266 0 14.9 103.1 14.0 3.5 2 1 4 4 4
-5528.6 1702.5 -7.1 241 0 105.7 8.4 10.5 3.5 2 0 3 1 1
-5448.2 1622.6 -3.3 288 0 12.9 20.1 14.0 3.5 4 1 4 1 1
-5463.0 1587.6 -3.4 176 0 16.2 11.7 14.0 3.5 2 0 4 0 0
-5492.0 1507.0 -4.8 175 0 29.0 12.3 14.0 3.5 2 0 4 5 5
-5504.8 1505.3 -4.7 0 0 28.4 9.7 10.5 3.5 4 0 3 2 2
-5474.2 1475.3 -5.4 176 0 23.9 19.3 14.0 3.5 2 0 4 2 2
-5525.0 1486.1 -4.7 90 0 11.5 33.2 17.5 3.5 2 1 5 0 0
-5565.2 1650.4 -5.2 272 0 17.5 31.5 17.5 3.5 2 1 5 5 5
-5556.8 1571.5 -3.2 358 0 20.3 15.2 17.5 3.5 2 0 5 0 0
-5565.8 1486.5 -4.2 91 0 19.5 30.1 17.5 3.5 2 1 5 4 4
-5611.1 1480.3 -2.6 85 0 11.2 22.0 17.5 3.5 2 1 5 4 4
-5633.6 1539.2 -3.5 177 0 27.5 15.7 17.5 3.5 2 0 5 3 3
-5593.6 1528.4 -3.6 85 0 10.7 25.0 17.5 3.5 2 1 5 0 0
-5583.0 1671.2 -5.0 229 0 8.2 7.0 10.5 3.5 2 0 3 3 3
-5463.0 1740.7 -7.7 240 0 26.4 8.8 10.5 3.5 2 0 3 2 2
-5541.6 1314.2 -2.3 85 0 11.4 22.7 14.0 0.0 0 1 4 1 1
-5514.1 1322.1 -3.0 79 0 13.9 16.4 14.0 3.5 2 1 4 1 1
-5394.3 1479.2 -5.8 347 0 39.9 12.0 14.0 3.5 2 0 4 3 3
-5576.4 1314.4 -1.3 82 0 11.9 84.7 14.0 3.5 2 1 4 0 0
-5390.9 1634.4 -8.6 179 0 91.6 11.6 17.5 3.5 2 0 5 0 0
-5296.0 1831.0 -11.2 248 0 17.0 17.8 17.5 3.5 2 1 5 1 1
-5354.1 1706.5 -9.7 88 0 13.1 38.1 17.5 3.5 2 1 5 1 1
-5327.4 1707.6 -10.0 94 0 12.8 31.2 17.5 3.5 2 1 5 3 3
-5299.5 1708.5 -10.5 92 0 9.8 32.1 10.5 3.5 4 1 3 3 3
-5284.7 1796.6 -11.2 280 0 16.3 40.9 17.5 3.5 2 1 5 2 2
-5272.6 1707.2 -11.0 84 0 15.2 31.2 17.5 3.5 2 1 5 5 5
-5232.5 1762.7 -11.9 10 0 33.5 13.3 17.5 3.5 2 0 5 5 5
-5203.8 1698.3 -11.9 263 0 11.3 59.5 17.5 3.5 2 1 5 1 1
-5247.4 1689.4 -11.1 265 0 15.2 64.0 17.5 3.5 2 1 5 0 0
-5325.1 1625.6 -5.9 82 0 9.2 19.1 10.5 3.5 2 1 3 2 2
-5557.6 2279.6 -7.1 247 0 12.2 21.7 17.5 3.5 2 1 5 3 3
-5812.9 2114.7 -2.3 151 0 14.3 29.7 17.5 3.5 2 1 5 3 3
-5056.2 2070.0 -15.9 71 0 15.7 27.4 21.0 0.0 0 1 6 5 5
-5691.7 2066.3 -3.8 61 0 12.2 50.3 17.5 3.5 2 1 5 2 2
-5456.5 1877.3 -8.7 264 0 21.6 37.5 17.5 0.0 0 1 5 5 5
-5188.8 2130.6 -13.5 63 0 8.7 29.7 10.5 0.0 0 1 3 4 4
-5074.3 2102.3 -15.7 163 0 14.9 6.5 10.5 0.0 0 0 3 1 1
-5647.1 2167.4 -5.0 154 0 9.3 10.7 10.5 3.5 2 1 3 2 2
-5328.6 2136.1 -11.1 149 0 23.4 10.2 14.0 3.5 4 0 4 5 5
-5626.0 2135.3 -5.2 57 0 10.5 28.1 17.5 3.5 2 1 5 0 0
-5809.1 2063.0 -1.7 328 0 24.9 10.5 14.0 3.5 2 0 4 2 2
-5665.8 2083.5 -4.3 327 0 22.3 14.0 17.5 3.5 2 0 5 4 4
-5645.8 2096.0 -4.7 319 0 22.0 12.9 17.5 0.0 0 0 5 1 1
-5419.0 2296.3 -10.1 156 0 12.3 8.2 10.5 3.5 2 0 3 3 3
-5580.7 2122.8 -6.3 153 0 36.6 15.1 17.5 3.5 2 0 5 3 3
-5483.7 1796.0 -8.0 173 0 24.2 15.1 17.5 3.5 2 0 5 3 3
-5659.6 2182.5 -4.8 164 0 17.9 11.3 17.5 3.5 2 0 5 3 3
-5820.3 2053.2 -1.7 333 0 22.2 8.0 10.5 3.5 2 0 3 2 2
-5638.3 1856.4 -5.4 77 0 14.5 38.3 14.0 3.5 2 1 4 4 4
-5779.2 1918.2 -2.9 345 0 56.4 12.6 14.0 3.5 2 0 4 4 4
-5350.9 2180.7 -10.6 72 0 9.4 99.7 10.5 3.5 2 1 3 3 3
-5715.3 2195.7 -3.8 237 0 20.6 9.2 10.5 3.5 2 0 3 0 0
-5801.0 1995.9 -1.5 339 0 48.6 11.5 14.0 3.5 2 0 4 3 3
-5337.6 2173.5 -11.0 242 0 15.0 21.3 14.0 3.5 2 1 4 2 2
-5732.1 2078.3 -3.1 57 0 17.0 22.0 17.5 3.5 2 1 5 4 4
-4991.0 1990.2 -17.0 58 0 18.3 11.9 17.5 3.5 2 0 5 1 1
-4970.0 2004.0 -17.5 58 0 22.7 11.8 17.5 3.5 2 0 5 3 3
-4940.0 2030.6 -18.0 324 0 12.1 17.8 17.5 0.0 0 1 5 5 5
-4980.7 1916.2 -17.1 195 0 41.9 10.6 14.0 3.5 2 0 4 3 3
-4922.4 1844.3 -17.4 51 0 12.9 40.2 14.0 3.5 2 1 4 0 0
-4967.3 1990.0 -17.4 241 0 10.3 13.6 14.0 3.5 2 1 4 0 0
-5058.5 2131.4 -16.0 332 0 11.6 10.6 21.0 0.0 0 0 6 4 4
-5176.9 2124.8 -13.7 52 0 7.2 8.4 10.5 0.0 0 1 3 2 2
-5192.0 2315.3 -14.7 326 0 13.2 12.8 21.0 0.0 0 0 6 3 3
-5195.9 2330.0 -14.7 334 0 11.9 8.6 10.5 0.0 0 0 3 5 5
-5046.4 2131.9 -16.7 152 0 19.1 20.7 17.5 3.5 2 1 5 1 1
-5187.6 2115.3 -13.5 53 0 14.7 8.3 10.5 0.0 0 0 3 5 5
-5086.3 2302.3 -16.8 48 0 10.1 9.2 10.5 3.5 2 0 3 5 5
-5059.5 2160.8 -16.6 147 0 33.7 17.8 17.5 3.5 2 0 5 5 5
-4954.3 2178.3 -18.6 238 0 9.7 18.7 10.5 3.5 2 1 3 1 1
-5181.7 2071.5 -13.5 56 0 15.3 9.6 10.5 0.0 0 0 3 3 3
-5036.8 2168.9 -17.0 146 0 11.3 12.6 17.5 3.5 2 1 5 4 4
-5119.5 2181.3 -15.5 234 0 18.5 27.0 21.0 0.0 0 1 6 5 5
-5324.0 2300.5 -12.2 153 0 26.5 12.4 21.0 0.0 0 0 6 5 5
-4996.1 2167.6 -17.7 53 0 16.4 18.8 17.5 3.5 2 1 5 4 4
-5228.6 2197.5 -13.4 136 0 15.2 16.0 21.0 0.0 0 1 6 0 0
-5063.5 2190.4 -16.7 135 0 14.8 13.5 17.5 3.5 2 0 5 2 2
-5186.6 2102.5 -13.4 328 0 9.8 18.1 10.5 0.0 0 1 3 3 3
-5175.9 2153.1 -13.8 332 0 12.2 11.0 21.0 0.0 0 0 6 3 3
-5330.6 2335.6 -12.1 311 0 9.3 21.6 10.5 0.0 0 1 3 0 0
-5190.3 2232.9 -14.1 310 0 10.1 34.0 21.0 0.0 0 1 6 3 3
-5184.8 2089.4 -13.4 330 0 8.8 13.9 10.5 0.0 0 1 3 2 2
-5148.8 2364.4 -16.3 234 0 13.3 22.4 17.5 3.5 2 1 5 1 1
-5086.4 2173.3 -15.7 324 0 12.1 9.3 10.5 0.0 0 0 3 1 1
-5091.6 2188.7 -15.8 323 0 11.6 9.7 10.5 0.0 0 0 3 5 5
-5012.8 2128.9 -17.0 74 0 14.7 12.3 17.5 3.5 2 0 5 2 2
-5177.0 2106.0 -13.7 55 0 12.8 12.1 21.0 0.0 0 0 6 1 1
-5080.6 2119.1 -15.7 156 0 16.2 9.8 10.5 0.0 0 0 3 4 4
-5065.3 2146.7 -16.0 329 0 14.7 9.1 10.5 0.0 0 0 3 3 3
-4811.5 1662.4 -11.0 140 0 19.1 18.3 17.5 3.5 2 0 5 2 2
-4843.2 1759.6 -18.4 74 0 10.1 34.5 17.5 3.5 4 1 5 4 4
-4863.1 1791.9 -17.9 71 0 11.4 23.0 17.5 3.5 2 1 5 0 0
-4874.0 1855.5 -18.0 258 0 12.9 38.4 17.5 3.5 2 1 5 4 4
-4849.9 1842.5 -18.3 258 0 11.1 38.3 17.5 0.0 0 1 5 0 0
-6466.0 -4507.5 -11.8 74 0 8.0 71.3 10.5 0.0 0 1 3 0 0
-6882.6 1881.0 0.2 264 0 11.5 50.8 17.5 3.5 2 1 5 4 4
-6602.5 2156.6 1.2 255 0 176.8 70.3 14.0 0.0 0 0 4 0 0
-6728.4 2426.6 -3.4 341 0 47.8 16.7 14.0 3.5 2 0 4 4 4
-6773.6 2518.1 -2.5 252 0 17.8 60.8 14.0 3.5 2 1 4 3 3
-6705.2 2475.3 -4.4 254 0 12.8 44.2 14.0 0.0 0 1 4 3 3
-6716.8 2479.0 -5.9 71 0 17.6 54.4 14.0 3.5 2 1 4 0 0
-6689.7 2537.4 -6.3 250 0 13.7 47.1 14.0 3.5 2 1 4 3 3
-6639.3 2564.8 -6.0 252 0 14.0 56.4 14.0 3.5 2 1 4 5 5
-6665.9 2550.2 -6.4 228 0 17.3 49.4 14.0 3.5 2 1 4 5 5
-6631.7 2434.4 -4.9 70 0 11.9 58.2 14.0 3.5 2 1 4 4 4
-6698.3 2344.4 -1.3 162 0 38.4 12.8 14.0 3.5 4 0 4 2 2
-6651.6 2299.6 -1.7 63 0 14.5 80.3 14.0 0.0 0 1 4 2 2
-6634.6 2349.4 -2.0 343 0 64.9 16.7 14.0 3.5 2 0 4 2 2
-6596.1 2352.5 -1.7 171 0 28.2 30.6 14.0 0.0 0 1 4 4 4
-6545.9 2272.1 0.5 337 0 21.9 31.5 14.0 0.0 0 1 4 0 0
-6666.1 2183.6 2.7 165 0 63.3 16.2 14.0 3.5 4 0 4 4 4
-6687.9 2242.4 1.5 163 0 40.8 12.3 14.0 0.0 0 0 4 0 0
-6751.9 2193.9 3.5 203 0 29.6 10.9 14.0 3.5 2 0 4 0 0
-6701.4 2246.4 1.9 335 0 24.9 16.8 14.0 0.0 0 0 4 5 5
-6682.5 2178.0 3.1 345 0 66.5 10.4 14.0 3.5 2 0 4 5 5
-6847.0 1826.2 0.2 255 0 12.2 45.7 17.5 3.5 2 1 5 3 3
-6879.0 1798.5 -0.3 172 0 56.4 11.2 17.5 3.5 2 0 5 1 1
-6882.2 2067.2 -1.0 180 0 50.9 11.0 17.5 3.5 2 0 5 1 1
-6903.1 1967.3 2.0 168 0 35.7 7.2 10.5 3.5 2 0 3 3 3
-6922.6 2253.4 1.3 192 0 33.0 20.9 17.5 0.0 0 0 5 0 0
-6785.8 4387.1 -11.1 335 0 82.5 11.9 17.5 3.5 2 0 5 0 0
-6911.4 4346.0 -9.0 159 0 40.2 49.0 17.5 0.0 0 1 5 3 3
-6741.6 4235.7 -10.7 66 0 35.0 96.5 17.5 0.0 0 1 5 5 5
-6806.1 4202.0 -8.1 64 0 13.4 51.5 17.5 0.0 0 1 5 2 2
-6775.3 4185.2 -8.0 253 0 15.5 49.8 14.0 3.5 2 1 4 2 2
-6699.3 4116.2 -8.1 339 0 44.8 10.4 14.0 3.5 2 0 4 4 4
-6735.6 4098.5 -7.8 163 0 55.1 11.9 14.0 3.5 2 0 4 5 5
-6760.7 4089.9 -7.5 159 0 58.1 11.5 14.0 3.5 2 0 4 3 3
-6714.0 4031.8 -8.1 66 0 12.9 27.6 14.0 3.5 4 1 4 5 5
-6842.2 3978.3 -6.6 268 0 10.8 58.4 17.5 3.5 4 1 5 3 3
-6811.2 3952.8 -6.7 352 0 57.2 12.0 17.5 3.5 2 0 5 4 4
-6925.7 3836.6 -3.4 267 0 9.0 49.4 10.5 3.5 2 1 3 2 2
-6924.7 3898.1 -4.3 56 0 15.5 38.1 17.5 3.5 2 1 5 2 2
-6881.8 3808.7 -5.8 352 0 49.6 10.8 17.5 3.5 2 0 5 1 1
-6619.3 3941.5 -7.7 71 0 11.9 69.1 17.5 3.5 2 1 5 1 1
-6663.3 4045.9 -8.3 241 0 10.7 35.9 17.5 3.5 2 1 5 1 1
-6876.3 3749.1 -6.3 250 0 8.0 43.0 10.5 0.0 0 1 3 0 0
-6846.2 3718.9 -6.9 72 0 9.4 28.1 10.5 3.5 2 1 3 5 5
-6726.4 3567.6 -4.7 338 0 134.5 20.0 17.5 0.0 0 0 5 4 4
-6812.7 3679.1 -6.7 250 0 20.0 111.2 17.5 0.0 0 1 5 2 2
-6521.9 3519.3 -4.4 69 0 13.9 43.5 17.5 3.5 4 1 5 5 5
-6492.6 3520.1 -4.6 74 0 14.1 58.9 17.5 3.5 2 1 5 0 0
-6493.5 3678.0 -5.1 249 0 13.3 33.8 17.5 3.5 4 1 5 3 3
-6519.6 3628.4 -5.0 238 0 18.4 41.2 17.5 3.5 2 1 5 4 4
-6552.0 3614.5 -4.8 247 0 15.8 41.8 17.5 3.5 2 1 5 0 0
-6581.0 3608.3 -4.7 243 0 14.3 42.9 17.5 3.5 4 1 5 0 0
-6606.5 3575.2 -4.6 154 0 38.3 13.1 17.5 3.5 2 0 5 3 3
-6827.8 3533.7 -7.7 248 0 14.0 116.5 17.5 0.0 0 1 5 0 0
-6720.2 2537.6 -6.1 245 0 13.0 54.9 14.0 3.5 2 1 4 0 0
-6695.3 2223.0 2.6 340 1 17.1 12.8 14.0 3.5 4 0 4 1 1
-6821.1 2200.1 2.1 262 0 40.9 13.1 17.5 0.0 0 0 5 5 5
-6861.5 2184.9 -1.2 259 0 15.0 83.8 17.5 3.5 2 1 5 3 3
-6873.4 1887.6 -0.9 108 0 10.4 36.1 17.5 3.5 2 1 5 3 3
-6741.1 3284.6 -7.2 74 0 32.1 70.1 17.5 0.0 0 1 5 5 5
-6579.1 3149.0 -1.8 217 0 31.7 10.6 17.5 3.5 2 0 5 3 3
-6461.7 3199.0 -2.4 162 0 255.7 18.1 17.5 0.0 0 0 5 5 5
-6793.9 3390.5 -8.2 244 0 53.4 41.5 17.5 0.0 0 0 5 5 5
-6692.4 3442.9 -5.6 247 0 133.7 48.1 17.5 0.0 0 0 5 4 4
-6456.2 3144.1 -2.4 339 0 57.9 14.9 17.5 3.5 2 0 5 5 5
-6487.5 3214.8 -2.3 344 0 81.9 13.7 17.5 3.5 2 0 5 3 3
-6538.0 3238.9 -2.5 250 0 14.6 77.7 17.5 3.5 2 1 5 2 2
-6568.7 3376.8 -2.6 167 0 89.9 40.2 17.5 0.0 0 0 5 4 4
-6865.1 1930.1 -0.7 59 0 5.4 18.0 10.5 3.5 2 0 3 4 4
-6872.1 2933.8 -1.7 150 0 58.9 26.5 17.5 3.5 2 0 5 2 2
-6871.1 2834.1 -1.8 155 0 127.1 11.2 17.5 3.5 2 0 5 5 5
-6819.4 2782.1 -0.2 63 0 10.4 108.9 17.5 0.0 0 1 5 5 5
-6897.5 3025.6 -1.7 249 0 46.0 45.5 17.5 0.0 0 0 5 5 5
-6867.1 3054.0 -0.6 162 0 77.3 30.0 17.5 0.0 0 0 5 5 5
-6902.1 3163.9 -2.2 163 0 59.4 40.9 17.5 0.0 0 0 5 3 3
-6916.0 3282.4 -2.5 337 0 144.2 26.6 17.5 0.0 0 0 5 2 2
-6446.9 1187.7 0.4 0 0 38.0 13.8 17.5 3.5 2 0 5 0 0
-6477.2 1152.6 -0.1 88 0 11.6 39.3 17.5 3.5 2 1 5 1 1
-6478.6 1196.3 0.9 88 0 11.9 48.8 17.5 3.5 2 1 5 1 1
-6503.5 1183.2 0.8 85 0 11.8 58.3 17.5 3.5 2 1 5 0 0
-6529.4 1128.3 -0.1 88 0 10.8 47.2 17.5 3.5 4 1 5 1 1
-6530.9 1183.0 1.1 87 0 10.8 52.7 17.5 3.5 2 1 5 0 0
-6553.7 1109.6 -0.3 86 0 11.5 61.3 17.5 3.5 4 1 5 0 0
-6558.1 1176.5 1.3 87 0 11.9 51.9 17.5 3.5 4 1 5 5 5
-6602.5 1148.9 1.3 86 0 12.7 39.1 17.5 3.5 2 1 5 1 1
-6604.2 1195.1 2.4 85 0 10.9 35.8 17.5 0.0 0 1 5 0 0
-6626.6 1147.5 2.0 85 0 11.9 37.8 17.5 3.5 2 1 5 1 1
-6632.0 1227.5 3.0 264 0 9.8 34.6 10.5 0.0 0 1 3 3 3
-6649.8 1152.4 2.7 83 0 11.1 28.6 17.5 3.5 2 1 5 5 5
-6653.7 1225.1 3.7 270 0 10.5 33.5 17.5 3.5 2 1 5 1 1
-5879.6 793.1 5.6 354 0 32.7 12.4 14.0 3.5 4 0 4 5 5
-5881.4 848.6 5.3 352 0 34.0 14.7 14.0 3.5 2 0 4 1 1
-5910.3 786.6 6.5 356 0 34.7 11.7 14.0 3.5 2 0 4 3 3
-5827.6 982.9 3.6 257 1 12.6 14.1 14.0 3.5 2 1 4 5 5
-5849.6 976.8 4.0 258 0 9.9 13.7 10.5 0.0 0 1 3 4 4
-5869.9 970.5 4.2 257 0 10.2 24.9 14.0 3.5 2 1 4 1 1
-5899.2 962.1 5.0 255 0 11.0 45.4 14.0 3.5 2 1 4 0 0
-5850.1 814.3 4.5 270 0 13.5 35.8 14.0 3.5 2 1 4 2 2
-5935.5 925.2 6.3 261 0 11.6 44.1 14.0 3.5 2 1 4 3 3
-5961.1 909.4 7.1 263 0 11.8 43.6 14.0 3.5 2 1 4 1 1
-5991.2 897.2 7.9 255 0 12.5 43.3 14.0 3.5 2 1 4 3 3
-6013.1 877.0 8.7 257 0 11.7 31.4 14.0 3.5 2 1 4 3 3
-5959.1 694.6 7.7 88 0 18.4 100.7 14.0 0.0 0 1 4 0 0
-6004.9 779.4 9.1 268 0 10.0 29.9 14.0 0.0 0 1 4 0 0
-6001.0 709.9 9.3 87 0 11.5 28.8 14.0 3.5 4 1 4 1 1
-6002.9 664.0 9.4 93 0 12.1 40.6 14.0 3.5 2 1 4 1 1
-6061.4 741.7 11.0 259 0 8.0 48.5 10.5 3.5 2 1 3 5 5
-6052.2 657.6 11.2 71 0 8.3 31.4 10.5 3.5 2 1 3 5 5
-6084.7 741.6 11.6 261 0 10.4 57.7 14.0 3.5 2 1 4 3 3
-6089.6 783.1 11.5 267 0 8.9 33.0 10.5 3.5 2 1 3 3 3
-6112.1 783.4 12.1 270 0 11.0 34.6 14.0 3.5 2 1 4 3 3
-6043.3 794.0 10.1 270 0 11.0 49.4 14.0 3.5 2 1 4 0 0
-6190.7 794.7 10.4 266 0 23.1 54.2 14.0 0.0 0 1 4 3 3
-5858.8 943.1 3.7 249 0 16.2 38.5 14.0 3.5 2 1 4 4 4
-6036.6 863.4 9.5 259 0 11.7 48.2 14.0 3.5 2 1 4 1 1
-6025.5 804.8 9.4 236 0 8.4 17.7 10.5 3.5 2 1 3 1 1
-6148.2 792.8 11.6 270 0 8.9 43.1 10.5 3.5 4 1 3 2 2
-6166.5 775.4 11.7 262 0 10.0 26.2 14.0 3.5 2 1 4 4 4
-6161.3 867.7 8.4 343 0 47.8 12.3 14.0 3.5 2 0 4 3 3
-6225.2 819.6 9.0 273 0 12.3 32.8 14.0 3.5 2 1 4 0 0
-6257.4 780.2 9.4 264 0 14.1 35.7 14.0 3.5 2 1 4 2 2
-6352.4 1003.3 1.2 220 0 55.5 16.7 17.5 3.5 2 0 5 0 0
-6367.7 868.4 2.6 71 0 20.4 55.7 17.5 3.5 2 1 5 0 0
-6275.7 531.7 13.3 60 0 15.3 76.9 14.0 3.5 2 1 4 5 5
-6259.5 589.4 13.0 73 0 12.4 49.9 14.0 3.5 2 1 4 5 5
-6320.1 668.8 11.1 252 0 11.3 41.4 14.0 0.0 0 1 4 3 3
-6348.0 648.5 11.0 243 0 9.9 32.2 10.5 3.5 2 1 3 3 3
-6284.2 702.3 11.0 255 0 15.8 51.3 14.0 3.5 2 1 4 3 3
-6189.0 655.2 13.0 91 0 14.1 52.0 14.0 3.5 2 1 4 5 5
-4826.2 842.3 -6.6 277 0 12.3 61.0 17.5 3.5 2 1 5 4 4
-4852.9 744.3 -6.4 96 0 10.4 33.8 17.5 3.5 4 1 5 4 4
-4828.9 914.1 -9.3 221 0 141.5 13.1 17.5 0.0 0 0 5 5 5
-4788.1 914.3 -7.4 312 0 12.8 98.3 17.5 0.0 0 1 5 4 4
-4967.5 1071.7 -6.2 169 0 27.0 20.7 17.5 0.0 0 0 5 2 2
-4967.0 1160.2 -5.4 143 0 14.9 38.5 14.0 3.5 2 1 4 0 0
-4853.1 1340.5 -2.0 183 0 10.1 11.5 14.0 3.5 2 1 4 3 3
-4876.7 1250.3 -3.3 349 0 16.6 8.9 10.5 3.5 2 0 3 3 3
-4940.9 1338.8 -3.5 197 0 10.8 24.1 14.0 0.0 0 1 4 3 3
-6224.0 105.9 6.0 88 0 7.6 18.3 10.5 3.5 2 1 3 4 4
-6072.8 102.2 13.3 88 0 6.7 16.9 10.5 3.5 2 1 3 4 4
-5997.2 106.2 15.1 353 0 15.1 6.7 10.5 3.5 4 0 3 5 5
-5974.0 70.5 14.6 85 0 7.3 16.3 10.5 3.5 2 1 3 4 4
-6215.8 142.8 8.9 73 0 5.3 14.7 10.5 3.5 2 1 3 5 5
-6152.6 135.8 11.4 89 0 6.4 15.3 10.5 3.5 2 1 3 3 3
-6131.8 135.7 12.3 81 0 6.0 15.7 10.5 3.5 2 1 3 1 1
-6110.1 135.1 13.2 89 0 5.4 16.7 10.5 3.5 2 1 3 5 5
-5993.0 155.8 14.3 356 0 33.6 12.7 14.0 3.5 2 0 4 0 0
-6235.4 184.3 9.3 264 0 8.3 15.4 10.5 0.0 0 1 3 4 4
-6170.4 199.3 12.9 270 0 5.4 14.5 10.5 3.5 4 1 3 0 0
-6237.4 297.6 12.0 1 0 124.8 12.1 14.0 3.5 2 0 4 3 3
-6212.9 267.6 13.3 270 0 13.8 34.2 14.0 3.5 2 1 4 4 4
-6218.8 316.5 15.2 181 0 88.0 11.3 14.0 3.5 2 0 4 2 2
-6181.9 266.8 14.7 268 0 13.4 33.3 14.0 3.5 2 1 4 4 4
-6183.1 271.4 16.5 90 0 12.1 86.5 17.5 3.5 4 1 5 0 0
-6155.2 268.9 16.4 92 0 11.0 84.9 17.5 3.5 4 1 5 2 2
-6112.3 325.7 15.0 353 0 181.7 16.1 14.0 0.0 0 0 4 5 5
-6209.0 368.6 17.4 94 0 15.4 15.1 14.0 3.5 4 0 4 3 3
-6202.5 393.1 16.9 175 0 12.0 16.1 14.0 3.5 4 1 4 3 3
-6174.4 490.8 15.6 270 0 13.7 69.5 14.0 3.5 2 1 4 0 0
-6134.2 426.1 14.6 85 0 14.7 70.7 14.0 3.5 2 1 4 3 3
-6170.1 498.0 14.9 81 0 45.4 13.5 14.0 3.5 2 0 4 4 4
-6197.7 570.9 15.5 177 0 32.8 13.6 14.0 3.5 2 0 4 5 5
-6059.6 634.8 11.7 351 0 28.2 95.8 14.0 0.0 0 1 4 2 2
-5975.4 234.3 12.9 258 0 15.1 24.6 14.0 3.5 2 1 4 3 3
-5904.5 193.8 11.3 83 0 14.1 19.4 14.0 3.5 2 1 4 5 5
-5913.7 248.5 11.1 263 0 13.6 22.8 14.0 3.5 2 1 4 3 3
-5872.5 211.1 10.5 355 0 23.1 10.4 14.0 3.5 2 0 4 0 0
-5884.2 251.0 10.3 257 0 14.0 17.1 14.0 3.5 2 1 4 1 1
-5652.5 133.4 4.3 89 0 13.8 63.7 17.5 3.5 2 1 5 2 2
-5625.3 211.8 3.4 265 0 16.8 62.1 17.5 3.5 2 1 5 5 5
-5651.0 294.3 3.4 267 0 15.0 83.6 17.5 3.5 4 1 5 1 1
-5521.3 315.6 -0.5 266 0 12.2 65.6 17.5 3.5 2 1 5 3 3
-5490.1 316.2 -1.4 266 0 14.0 53.8 17.5 3.5 2 1 5 2 2
-5550.2 301.5 0.5 265 0 12.0 65.3 17.5 0.0 0 1 5 3 3
-5484.5 222.6 -1.0 86 0 13.4 35.4 17.5 3.5 4 1 5 1 1
-5442.0 252.1 -2.2 85 0 11.4 10.7 17.5 3.5 2 0 5 4 4
-5983.5 318.2 11.4 180 0 121.0 11.6 14.0 3.5 2 0 4 1 1
-5931.6 279.5 10.9 178 0 29.3 13.4 17.5 3.5 2 0 5 4 4
-5898.3 325.2 9.8 262 0 16.5 54.7 14.0 3.5 4 1 4 5 5
-5948.5 459.6 9.8 272 0 14.0 78.9 14.0 3.5 2 1 4 2 2
-5932.7 325.9 10.4 180 0 27.6 13.0 17.5 3.5 2 0 5 4 4
-5932.3 384.3 9.6 181 0 50.5 16.4 17.5 3.5 2 0 5 5 5
-5815.2 407.9 6.6 246 0 15.5 40.9 14.0 3.5 2 1 4 5 5
-5792.7 334.0 7.0 252 0 7.8 41.5 10.5 3.5 2 1 3 3 3
-5752.3 295.7 5.9 82 0 9.4 49.6 10.5 3.5 2 1 3 1 1
-5690.3 306.1 4.1 77 0 14.2 65.7 14.0 3.5 2 1 4 2 2
-5673.3 339.3 3.3 166 0 63.5 14.7 17.5 3.5 2 0 5 5 5
-5699.2 413.4 3.1 168 0 83.5 13.8 17.5 3.5 4 0 5 5 5
-6027.0 482.9 11.1 83 0 13.3 64.9 17.5 0.0 0 1 5 3 3
-5961.9 467.2 9.9 89 0 11.2 21.2 14.0 3.5 2 1 4 3 3
-5977.3 501.3 9.5 91 0 13.9 73.6 17.5 3.5 2 1 5 5 5
-5952.9 499.6 8.8 92 0 13.7 75.0 17.5 3.5 2 1 5 5 5
-5928.2 515.5 8.4 89 0 13.3 24.8 17.5 3.5 4 1 5 5 5
-5627.9 311.4 2.0 88 0 18.6 28.8 17.5 0.0 0 1 5 2 2
-6619.7 4652.0 -9.6 337 0 46.4 17.2 14.0 3.5 2 0 4 3 3
-6922.9 1653.9 4.8 174 0 62.1 15.4 17.5 3.5 2 0 5 1 1
-6795.8 1422.5 4.0 80 0 12.3 62.6 17.5 3.5 2 1 5 4 4
-6761.6 1424.7 7.6 83 0 10.8 66.6 17.5 3.5 2 1 5 1 1
-6733.6 1428.5 8.2 84 0 14.2 52.5 17.5 3.5 2 1 5 2 2
-6677.4 1434.8 9.3 85 0 11.0 33.4 17.5 0.0 0 1 5 5 5
-6691.5 1477.1 9.5 80 0 15.0 42.3 17.5 3.5 2 1 5 5 5
-6652.9 1440.0 8.7 87 0 11.6 64.0 17.5 3.5 2 1 5 0 0
-6618.8 1450.6 8.3 76 0 8.7 35.1 10.5 3.5 2 1 3 5 5
-6540.1 1511.4 5.6 70 0 15.4 41.5 17.5 3.5 2 1 5 3 3
-6424.4 1647.2 5.3 91 0 14.7 26.4 17.5 3.5 2 1 5 1 1
-6555.0 1583.6 6.4 97 0 10.1 21.2 17.5 3.5 4 1 5 1 1
-6805.6 1564.5 4.5 171 0 62.6 11.6 17.5 3.5 2 0 5 1 1
-6844.9 1746.3 0.4 107 0 10.6 22.1 17.5 3.5 2 1 5 1 1
-6822.0 1727.9 2.8 106 0 12.8 38.0 17.5 3.5 2 1 5 4 4
-6793.9 1758.0 5.7 272 0 11.3 34.1 17.5 3.5 2 1 5 3 3
-6772.7 1759.6 8.0 271 0 12.9 50.7 17.5 3.5 2 1 5 0 0
-6744.2 1756.4 10.5 273 0 12.1 58.7 17.5 3.5 2 1 5 3 3
-6721.0 1756.1 11.0 270 0 8.9 55.9 10.5 3.5 2 1 3 3 3
-6726.9 1521.6 9.2 66 0 13.3 65.0 17.5 3.5 2 1 5 2 2
-6671.8 1526.8 10.3 76 0 20.1 78.7 17.5 3.5 2 1 5 1 1
-6787.5 1652.8 6.9 174 0 28.2 9.3 10.5 3.5 2 0 3 1 1
-6814.8 1634.8 3.9 177 0 66.1 11.6 17.5 3.5 2 0 5 4 4
-6816.7 1693.9 3.2 257 0 13.8 20.1 17.5 3.5 4 1 5 0 0
-6758.1 1666.5 10.0 173 0 17.5 14.3 17.5 3.5 2 0 5 0 0
-6749.4 1791.2 10.0 285 0 11.3 21.6 17.5 3.5 2 1 5 2 2
-6775.6 1882.9 8.2 267 0 10.8 45.2 17.5 0.0 0 1 5 2 2
-6758.5 1844.7 10.1 270 0 7.6 33.8 10.5 3.5 2 1 3 2 2
-6754.2 1906.0 10.3 271 0 12.1 42.0 17.5 3.5 2 1 5 5 5
-6739.6 1847.3 11.6 258 0 12.7 40.2 17.5 3.5 4 1 5 1 1
-6736.1 1918.4 11.6 269 0 10.3 46.5 17.5 3.5 2 1 5 1 1
-6723.4 1948.0 10.5 197 0 17.5 20.1 17.5 0.0 0 1 5 4 4
-6652.4 1926.8 8.1 270 0 11.0 34.4 17.5 3.5 2 1 5 0 0
-6631.6 1922.4 6.9 254 0 8.6 34.9 10.5 3.5 2 1 3 0 0
-6576.0 1914.3 3.9 262 0 10.3 36.7 17.5 3.5 2 1 5 2 2
-6701.3 1988.0 8.8 166 0 19.0 13.0 17.5 3.5 2 0 5 3 3
-6689.3 2041.1 7.8 254 0 12.2 40.6 17.5 3.5 2 1 5 0 0
-6672.0 1997.8 6.9 258 0 14.0 47.2 17.5 3.5 2 1 5 4 4
-6662.8 2048.7 6.2 241 0 12.3 44.9 17.5 3.5 2 1 5 1 1
-6618.7 1992.3 3.8 255 0 13.3 56.6 17.5 3.5 4 1 5 0 0
-6563.3 1988.3 3.1 257 0 10.8 65.8 17.5 3.5 2 1 5 4 4
-6635.9 2055.6 4.4 258 0 11.5 55.1 17.5 3.5 2 1 5 1 1
-6586.3 2072.7 2.4 254 0 9.1 42.2 10.5 3.5 2 1 3 3 3
-6561.8 2082.4 2.2 258 0 14.8 75.8 17.5 3.5 2 1 5 2 2
-6526.3 1973.3 2.9 350 0 49.2 11.0 17.5 3.5 2 0 5 2 2
-6536.1 2084.7 2.2 258 0 12.8 76.5 17.5 3.5 2 1 5 2 2
-6512.0 2086.8 2.1 254 0 12.3 70.4 17.5 3.5 2 1 5 0 0
-6499.0 1979.3 2.6 346 0 43.4 11.9 17.5 3.5 2 0 5 4 4
-6522.9 1939.5 3.0 250 0 9.5 25.8 10.5 3.5 2 1 3 2 2
-6363.9 1819.3 3.2 330 0 52.0 69.6 17.5 0.0 0 0 5 1 1
-6604.6 1542.8 8.4 93 0 10.5 23.3 17.5 3.5 2 1 5 5 5
-6552.1 1672.2 6.4 89 0 14.2 55.4 17.5 3.5 2 1 5 4 4
-6568.4 1610.6 6.7 93 0 9.2 57.2 10.5 0.0 0 1 3 4 4
-6689.1 1870.0 10.6 268 0 12.9 61.3 17.5 0.0 0 1 5 5 5
-6696.0 1798.1 10.6 266 0 8.0 32.6 10.5 3.5 2 1 3 0 0
-6651.1 1749.0 9.1 267 0 9.4 16.9 10.5 3.5 2 1 3 5 5
-6483.7 1833.1 4.2 324 0 31.0 11.4 17.5 3.5 2 0 5 0 0
-6347.1 1789.4 3.6 334 0 29.3 51.5 17.5 0.0 0 0 5 3 3
-6508.9 1686.9 6.3 90 0 14.4 21.7 17.5 3.5 2 1 5 3 3
-4934.3 626.5 -6.4 136 0 17.0 62.5 17.5 0.0 0 1 5 0 0
-4945.5 620.2 -5.1 316 0 13.7 91.1 17.5 3.5 2 1 5 0 0
-4953.0 650.2 -4.9 133 0 13.2 32.2 17.5 3.5 2 1 5 4 4
-4987.4 621.4 -4.3 222 0 64.0 11.2 17.5 3.5 2 0 5 4 4
-4964.2 671.1 -4.1 139 0 15.4 21.5 17.5 3.5 2 1 5 0 0
-4996.2 624.4 -3.2 38 0 13.1 44.9 17.5 0.0 0 1 5 4 4
-4976.6 719.1 -2.9 220 0 14.7 6.4 10.5 3.5 2 0 3 0 0
-4967.4 697.3 -3.4 112 0 7.2 23.0 10.5 3.5 2 1 3 4 4
-5013.2 696.1 -2.8 132 0 13.8 89.2 17.5 3.5 2 1 5 0 0
-5052.3 580.6 -3.3 252 0 76.8 16.1 17.5 3.5 2 0 5 1 1
-5039.2 629.9 -2.4 219 0 12.1 18.0 17.5 3.5 2 1 5 5 5
-5147.2 740.9 -0.0 160 0 62.2 13.9 17.5 3.5 2 0 5 0 0
-5121.6 752.2 0.2 163 0 56.8 11.9 17.5 3.5 2 0 5 1 1
-5116.4 838.6 1.4 264 0 24.8 45.1 17.5 0.0 0 1 5 2 2
-5164.8 785.6 1.1 166 0 20.5 14.1 17.5 3.5 2 0 5 1 1
-5103.3 861.6 2.3 264 0 39.9 16.4 17.5 3.5 2 0 5 5 5
-5003.8 928.0 -1.2 160 0 51.0 13.5 17.5 0.0 0 0 5 2 2
-5027.3 924.9 -0.5 162 0 60.5 14.7 17.5 3.5 2 0 5 5 5
-5040.1 936.3 -0.3 342 0 72.7 14.5 17.5 0.0 0 0 5 3 3
-5083.0 966.6 0.4 252 0 15.2 72.0 17.5 3.5 2 1 5 4 4
-5018.0 881.2 -0.1 176 0 15.6 28.1 17.5 3.5 2 1 5 3 3
-5023.7 970.5 -1.6 176 0 14.6 11.2 17.5 3.5 4 0 5 5 5
-4974.5 975.0 -2.8 350 0 10.7 12.7 17.5 3.5 2 1 5 0 0
-4979.3 994.2 -3.6 354 0 25.6 8.9 10.5 3.5 2 0 3 1 1
-4959.4 989.3 -3.8 349 0 13.0 10.4 17.5 3.5 2 0 5 5 5
-4962.3 1002.3 -4.1 349 0 10.5 9.8 10.5 3.5 2 0 3 2 2
-5025.6 981.4 -3.1 88 0 8.9 38.5 10.5 3.5 2 1 3 2 2
-5182.6 943.6 1.6 252 0 14.7 51.2 17.5 3.5 2 1 5 1 1
-5142.7 926.6 1.8 342 0 58.2 15.4 17.5 3.5 2 0 5 0 0
-5209.1 942.5 0.3 71 0 13.6 78.4 17.5 3.5 2 1 5 1 1
-5186.6 952.2 0.6 71 0 14.1 70.3 17.5 3.5 2 1 5 3 3
-5162.4 959.1 0.7 71 0 15.1 63.4 17.5 3.5 2 1 5 3 3
-5155.4 991.2 -0.0 162 0 58.5 15.2 17.5 3.5 2 0 5 0 0
-5247.5 1035.9 -0.2 162 0 35.2 13.1 17.5 3.5 4 0 5 1 1
-5210.2 1021.7 -0.5 73 0 11.3 50.6 17.5 0.0 0 1 5 3 3
-5185.0 1022.8 -1.1 78 0 11.2 51.2 17.5 3.5 2 1 5 2 2
-5211.9 1119.4 -2.6 264 0 13.1 40.9 17.5 3.5 2 1 5 2 2
-5091.8 1104.0 -5.0 260 0 13.6 35.5 17.5 0.0 0 1 5 4 4
-5294.8 1201.7 -5.0 168 0 23.0 8.8 10.5 0.0 0 0 3 1 1
-5159.8 1159.5 -7.6 82 0 10.0 58.4 10.5 3.5 2 1 3 0 0
-5229.1 1237.1 -7.7 349 0 53.8 12.7 14.0 3.5 2 0 4 2 2
-5199.0 1242.9 -8.3 348 0 53.6 12.6 14.0 3.5 4 0 4 2 2
-5033.6 1219.9 -6.2 1 0 20.4 6.4 10.5 3.5 4 0 3 5 5
-5047.8 1322.0 -5.6 314 0 7.2 15.4 10.5 3.5 2 1 3 3 3
-5049.9 1337.9 -5.3 307 0 7.8 5.9 10.5 3.5 2 0 3 2 2
-5079.1 1275.6 -6.4 67 0 11.2 23.5 14.0 3.5 4 1 4 5 5
-5098.8 1414.0 -6.6 339 0 42.5 14.2 14.0 3.5 2 0 4 5 5
-5129.3 1381.0 -7.2 68 0 16.2 47.9 14.0 3.5 4 1 4 1 1
-5162.0 1375.5 -7.7 68 0 14.4 39.7 14.0 3.5 2 1 4 1 1
-5196.1 1374.7 -8.0 68 0 10.2 30.8 14.0 3.5 2 1 4 4 4
-5186.4 1352.4 -7.9 347 0 33.1 11.5 14.0 3.5 2 0 4 3 3
-5174.0 1286.4 -7.8 76 0 12.0 25.5 14.0 3.5 2 1 4 1 1
-5203.4 1279.7 -8.3 76 0 11.6 34.7 14.0 3.5 2 1 4 1 1
-5233.5 1273.4 -8.7 76 0 12.0 36.3 14.0 3.5 2 1 4 3 3
-5329.2 1329.6 -7.6 166 0 106.2 15.2 14.0 0.0 0 0 4 3 3
-5292.6 1312.7 -8.5 167 0 31.6 10.8 14.0 3.5 2 0 4 3 3
-5301.0 1345.3 -8.5 166 0 28.1 10.9 14.0 0.0 0 0 4 3 3
-5309.4 1379.4 -7.9 167 0 30.3 9.6 10.5 3.5 2 0 3 4 4
-5282.1 1393.5 -7.8 168 0 39.7 12.4 14.0 3.5 2 0 4 5 5
-5117.8 1445.9 -6.7 73 0 13.7 99.3 14.0 3.5 2 1 4 2 2
-5168.3 1514.1 -7.1 247 0 12.3 57.7 14.0 3.5 2 1 4 0 0
-5143.3 1446.8 -7.2 343 0 20.2 11.8 14.0 3.5 2 0 4 3 3
-5194.5 1498.9 -7.1 247 0 11.7 52.7 14.0 3.5 2 1 4 1 1
-5171.1 1435.9 -7.5 342 0 22.2 12.1 14.0 3.5 2 0 4 0 0
-5202.3 1415.3 -7.5 73 0 12.3 21.2 14.0 3.5 2 1 4 5 5
-5241.2 1444.9 -7.3 254 0 11.7 26.7 14.0 0.0 0 1 4 4 4
-5252.8 1475.7 -6.8 250 0 13.4 28.2 14.0 3.5 2 1 4 0 0
-5359.8 1443.6 -7.3 165 0 114.6 17.1 14.0 0.0 0 0 4 0 0
-5350.0 1279.2 -7.0 255 0 19.1 78.2 17.5 3.5 2 1 5 2 2
-5380.2 1274.2 -6.1 255 0 9.7 55.1 10.5 3.5 2 1 3 2 2
-5444.0 1264.9 -4.4 75 0 11.9 55.4 17.5 3.5 2 1 5 3 3
-5409.2 1264.6 -5.4 256 0 12.4 52.7 17.5 3.5 2 1 5 1 1
-5446.2 1255.1 -4.4 254 0 11.4 53.4 17.5 3.5 2 1 5 3 3
-5380.5 1155.5 -4.4 75 0 12.6 51.7 17.5 3.5 2 1 5 0 0
-5377.3 1118.4 -2.3 80 0 15.7 34.5 17.5 3.5 2 1 5 3 3
-5413.0 1161.4 -4.0 69 0 12.1 37.5 17.5 3.5 2 1 5 0 0
-5411.6 1112.7 -2.3 72 0 8.6 43.5 10.5 3.5 2 1 3 5 5
-5436.2 1109.9 -3.7 78 0 11.2 84.0 17.5 3.5 2 1 5 5 5
-5464.2 1103.6 -1.9 82 0 12.2 44.2 17.5 3.5 4 1 5 1 1
-5488.3 1311.3 -3.6 256 0 14.3 47.6 17.5 3.5 2 1 5 4 4
-5482.3 1233.2 -3.5 278 0 5.9 19.9 10.5 3.5 2 1 3 0 0
-5494.7 1184.7 -3.3 236 0 7.5 19.9 10.5 3.5 2 1 3 5 5
-5511.7 1166.6 -2.8 150 0 7.9 10.9 10.5 3.5 2 1 3 5 5
-5269.4 941.1 -0.4 69 0 14.5 129.8 14.0 0.0 0 1 4 5 5
-5328.9 1097.7 -0.7 265 0 13.9 26.6 14.0 3.5 4 1 4 4 4
-5379.8 1072.5 -0.7 265 0 10.6 64.2 14.0 3.5 2 1 4 2 2
-5434.1 1027.9 -0.8 175 0 59.6 12.5 14.0 3.5 2 0 4 3 3
-5481.9 1068.4 -1.0 261 0 12.1 42.1 14.0 3.5 4 1 4 3 3
-5453.0 1012.4 -0.6 353 0 31.1 7.9 10.5 0.0 0 0 3 5 5
-5440.8 931.4 -1.4 82 0 10.9 56.8 14.0 3.5 2 1 4 5 5
-5418.4 925.4 -1.3 267 0 13.4 72.7 17.5 3.5 2 1 5 4 4
-5385.1 851.0 -0.6 86 0 11.6 34.6 17.5 3.5 2 1 5 2 2
-5323.1 931.9 -0.2 265 0 14.7 82.2 17.5 3.5 4 1 5 5 5
-5243.0 836.5 1.1 264 0 9.6 36.2 10.5 3.5 2 1 3 5 5
-5267.2 837.8 0.9 262 0 9.8 37.0 10.5 3.5 2 1 3 2 2
-5287.2 836.8 0.7 266 0 9.5 37.6 10.5 3.5 2 1 3 2 2
-5284.4 730.6 -0.2 84 0 10.7 64.0 17.5 3.5 2 1 5 0 0
-5214.2 634.5 -1.3 81 0 31.7 11.2 17.5 3.5 2 0 5 2 2
-5250.0 626.0 -1.4 79 0 10.0 32.4 10.5 3.5 2 1 3 4 4
-5312.3 835.9 0.4 267 0 10.5 38.5 17.5 0.0 0 1 5 4 4
-5319.0 611.9 -1.5 78 0 14.6 21.0 17.5 0.0 0 1 5 1 1
-5331.3 679.8 -1.2 255 0 17.8 43.3 17.5 3.5 2 1 5 5 5
-5335.1 686.4 -1.0 75 0 15.9 36.4 17.5 3.5 2 1 5 3 3
-5368.6 676.8 -1.3 73 0 17.2 37.5 17.5 3.5 2 1 5 3 3
-5368.1 644.0 -1.7 165 0 36.6 17.5 17.5 3.5 2 0 5 5 5
-5396.1 666.2 -2.1 255 0 12.4 51.8 14.0 3.5 2 1 4 1 1
-5422.8 662.9 -2.4 255 0 11.9 56.3 14.0 3.5 2 1 4 4 4
-5449.5 660.1 -2.7 256 0 14.0 56.0 14.0 3.5 2 1 4 4 4
-5476.1 654.1 -2.9 256 0 14.5 61.9 14.0 3.5 2 1 4 4 4
-5475.7 823.8 -1.4 256 0 15.3 68.0 17.5 3.5 2 1 5 5 5
-5480.6 661.2 -1.8 76 0 13.2 68.8 17.5 0.0 0 1 5 3 3
-5511.0 817.2 -1.9 255 0 14.0 69.3 17.5 3.5 2 1 5 5 5
-5124.4 470.2 -4.4 77 0 14.9 94.0 14.0 3.5 2 1 4 2 2
-5150.3 572.3 -2.6 350 0 10.6 43.0 14.0 3.5 2 1 4 5 5
-5180.5 436.3 -4.9 74 0 11.9 48.2 14.0 3.5 4 1 4 3 3
-5318.2 597.6 -2.3 259 0 11.4 29.1 14.0 3.5 2 1 4 1 1
-5355.8 542.0 -3.9 248 0 9.6 65.3 10.5 3.5 2 1 3 2 2
-5333.7 448.5 -4.4 76 0 23.2 9.3 10.5 3.5 2 0 3 0 0
-5364.5 557.8 -2.6 259 0 25.5 10.1 14.0 3.5 2 0 4 0 0
-5424.2 514.8 -3.5 160 0 18.6 12.6 14.0 3.5 2 0 4 4 4
-5442.3 487.6 -3.9 168 0 47.3 13.4 14.0 3.5 2 0 4 2 2
-5404.3 463.0 -4.4 160 0 49.6 10.2 14.0 3.5 2 0 4 3 3
-5433.2 447.6 -4.0 166 0 21.2 20.8 14.0 3.5 2 0 4 5 5
-5383.0 396.9 -4.3 76 0 10.8 37.7 14.0 3.5 4 1 4 5 5
-5339.5 396.8 -4.8 257 0 14.9 19.8 17.5 3.5 2 1 5 5 5
-6106.9 -1453.7 -6.8 16 0 36.2 20.7 14.0 0.0 0 0 4 1 1
-6117.8 -1418.2 -7.3 19 0 21.4 10.6 14.0 3.5 2 0 4 4 4
-6080.2 -1384.9 -7.6 20 0 12.2 11.6 14.0 0.0 0 0 4 4 4
-6017.9 -1252.8 -7.8 24 0 15.4 13.0 14.0 3.5 2 0 4 2 2
-6155.0 1933.3 0.5 17 0 21.2 16.6 14.0 3.5 2 0 4 1 1
-6303.2 1855.6 1.4 171 0 73.3 40.9 14.0 0.0 0 0 4 0 0
-6447.0 2016.0 1.9 168 0 31.6 18.9 14.0 3.5 2 0 4 4 4
-6378.8 1903.9 1.9 100 0 16.1 22.6 14.0 3.5 2 1 4 4 4
-6400.6 2018.0 1.5 271 0 15.1 35.9 14.0 3.5 2 1 4 2 2
-6235.5 1924.3 0.7 280 0 10.1 34.7 14.0 3.5 2 1 4 4 4
-6221.7 1958.5 0.9 280 0 12.2 27.2 14.0 3.5 2 1 4 2 2
-6189.3 1852.2 0.7 82 0 17.4 37.5 14.0 3.5 2 1 4 5 5
-6183.5 1916.4 0.5 21 0 22.4 12.9 14.0 3.5 2 0 4 1 1
-6170.7 1877.9 0.3 98 0 13.5 40.0 14.0 0.0 0 1 4 0 0
-6193.0 1771.7 2.4 261 0 10.1 58.5 17.5 3.5 2 1 5 0 0
-6159.1 1781.5 2.0 259 0 9.9 65.3 10.5 3.5 2 1 3 4 4
-6131.9 1794.7 1.6 268 0 11.0 82.0 17.5 3.5 4 1 5 4 4
-6134.8 1635.0 2.0 85 0 13.1 32.5 17.5 3.5 2 1 5 2 2
-6102.0 1798.2 1.2 268 0 11.6 74.7 17.5 3.5 2 1 5 1 1
-6123.7 1567.1 0.7 142 0 88.9 49.5 17.5 0.0 0 0 5 2 2
-6058.7 1655.1 1.3 70 0 11.7 39.4 17.5 3.5 2 1 5 5 5
-6037.5 1667.0 1.1 79 0 15.9 41.3 17.5 3.5 2 1 5 3 3
-6021.3 1690.9 0.9 163 0 38.0 15.7 17.5 3.5 2 0 5 4 4
-6050.9 1635.4 0.8 161 0 29.1 15.6 17.5 3.5 4 0 5 0 0
-6026.4 1845.4 -0.1 264 0 9.6 27.5 10.5 3.5 2 1 3 5 5
-6027.9 1893.3 -0.7 255 0 9.9 37.4 10.5 3.5 2 1 3 0 0
-6036.5 1953.8 -0.6 247 0 14.0 52.5 17.5 3.5 2 1 5 2 2
-6049.9 1773.0 1.0 255 0 16.8 33.7 17.5 3.5 2 1 5 2 2
-5940.6 1703.8 -0.0 343 0 80.4 13.3 17.5 3.5 2 0 5 5 5
-5914.9 1720.0 -0.2 338 0 72.8 13.8 17.5 3.5 2 0 5 4 4
-5881.7 1745.7 -0.5 343 0 39.7 12.7 17.5 3.5 2 0 5 2 2
-5847.3 1743.6 -0.9 342 0 68.5 12.6 17.5 3.5 2 0 5 0 0
-5963.2 1821.1 -0.6 348 0 53.2 10.9 17.5 3.5 2 0 5 0 0
-5990.2 1913.0 -0.8 284 0 15.6 36.3 17.5 0.0 0 1 5 5 5
-5976.2 2014.3 -0.7 239 0 16.8 22.9 17.5 3.5 2 1 5 0 0
-5957.7 2029.2 -1.0 235 0 16.4 27.2 17.5 3.5 2 1 5 3 3
-5966.4 1983.5 -0.1 289 0 12.2 54.5 17.5 3.5 2 1 5 2 2
-5939.6 1979.3 -0.3 271 0 17.8 53.3 17.5 3.5 2 1 5 4 4
-5940.6 1900.3 -1.3 2 0 38.9 11.6 17.5 0.0 0 0 5 5 5
-6082.1 1722.2 1.3 175 0 11.9 42.9 17.5 3.5 2 1 5 0 0
-5893.1 2031.6 -1.7 346 0 57.7 33.0 17.5 0.0 0 0 5 3 3
-5876.1 1979.0 -0.7 344 0 40.6 9.9 10.5 3.5 2 0 3 2 2
-6120.6 1872.4 0.3 258 0 20.4 28.7 17.5 3.5 2 1 5 1 1
-6011.7 1515.8 0.5 79 0 17.3 76.7 17.5 3.5 2 1 5 5 5
-5974.4 1573.3 -0.3 77 0 11.7 52.2 17.5 3.5 2 1 5 4 4
-5950.6 1586.5 -0.4 77 0 11.4 47.8 17.5 0.0 0 1 5 4 4
-5926.6 1603.9 -0.6 76 0 13.2 45.4 17.5 3.5 4 1 5 5 5
-5923.5 1540.7 -0.2 80 0 15.0 43.8 17.5 3.5 2 1 5 5 5
-5892.8 1553.4 -0.4 76 0 14.0 50.0 17.5 3.5 2 1 5 5 5
-5875.2 1654.6 -0.8 351 0 44.6 13.4 17.5 0.0 0 0 5 4 4
-5849.2 1659.4 -0.6 344 0 56.9 13.3 17.5 3.5 2 0 5 4 4
-5823.1 1670.2 -0.9 344 0 63.4 14.0 17.5 0.0 0 0 5 1 1
-5795.6 1679.7 -1.3 348 0 67.2 14.2 17.5 3.5 2 0 5 2 2
-5775.1 1604.2 -1.0 346 0 76.2 17.9 17.5 3.5 2 0 5 2 2
-5806.8 1602.8 -0.6 341 0 59.2 29.3 17.5 0.0 0 0 5 2 2
-5845.9 1599.7 -0.5 344 0 47.2 16.5 17.5 3.5 2 0 5 5 5
-5962.1 -1118.8 -7.3 20 0 32.5 18.2 14.0 0.0 0 0 4 5 5
-5951.4 -1078.6 -6.7 19 0 26.7 13.2 14.0 3.5 2 0 4 4 4
-5915.4 -1004.3 -7.5 25 0 31.5 13.3 14.0 3.5 2 0 4 5 5
-5993.8 -989.3 -5.9 204 0 40.9 14.0 14.0 3.5 2 0 4 1 1
-5996.1 -1016.9 -5.4 294 0 17.7 27.7 14.0 3.5 2 1 4 5 5
-5962.3 -1019.2 -6.3 23 0 61.7 18.0 14.0 3.5 2 0 4 3 3
-5969.6 -893.6 -7.5 292 0 15.0 69.5 14.0 3.5 4 1 4 4 4
-5949.9 -904.4 -7.5 293 0 12.9 68.4 14.0 3.5 2 1 4 5 5
-5938.9 -926.1 -7.5 293 0 18.8 52.4 14.0 3.5 4 1 4 1 1
-5921.2 -975.1 -7.5 20 0 37.0 18.5 14.0 0.0 0 0 4 0 0
-5950.7 -1034.7 -6.5 24 0 47.8 12.3 14.0 0.0 0 0 4 2 2
-6013.2 -950.1 -7.0 113 0 10.2 46.8 14.0 3.5 2 1 4 4 4
-5985.2 -859.8 -7.5 293 0 7.2 34.9 10.5 3.5 2 1 3 4 4
-6159.5 -1458.9 -6.8 114 0 43.5 19.0 14.0 3.5 2 0 4 1 1
-6129.3 -1440.0 -7.1 22 0 13.4 47.6 14.0 3.5 2 0 4 2 2
-6112.9 -1319.8 -7.8 202 0 81.4 17.3 14.0 3.5 2 0 4 3 3
-6076.5 -1320.8 -7.8 21 0 49.9 14.4 14.0 3.5 2 0 4 0 0
-6016.6 -1014.5 -4.9 292 0 17.8 26.9 14.0 3.5 2 1 4 1 1
-6004.6 -1159.8 -7.5 16 0 16.1 16.5 14.0 3.5 2 1 4 5 5
-6007.3 -1110.2 -6.5 22 0 26.4 13.7 14.0 3.5 2 0 4 3 3
-6026.5 -1158.7 -7.3 22 0 33.4 15.9 14.0 0.0 0 0 4 3 3
-6013.6 -1130.3 -6.8 24 0 26.9 16.3 14.0 3.5 2 0 4 0 0
-6018.1 -1082.1 -5.9 22 0 18.7 15.5 14.0 3.5 4 0 4 0 0
-6031.9 -1040.4 -4.7 296 1 12.4 13.6 14.0 3.5 2 1 4 0 0
-5974.8 -864.1 -7.5 293 0 10.4 42.6 14.0 0.0 0 1 4 3 3
-6005.6 -1221.2 -7.9 19 0 45.7 13.5 14.0 3.5 2 0 4 1 1
-6021.6 -1267.9 -7.8 19 1 12.0 14.6 14.0 3.5 2 1 4 3 3
-6018.9 -1210.4 -7.9 17 0 47.2 21.8 14.0 3.5 2 0 4 1 1
-6094.3 -1059.9 -4.8 200 0 44.2 10.8 14.0 3.5 4 0 4 3 3
-6193.1 -1201.5 -6.2 102 0 16.6 32.8 14.0 3.5 2 1 4 0 0
-6280.5 -715.8 -2.4 301 0 25.8 32.5 14.0 0.0 0 1 4 2 2
-6324.1 -673.3 -2.2 293 0 35.8 40.4 14.0 0.0 0 1 4 5 5
-6656.0 -676.9 9.0 253 0 9.9 63.8 10.5 3.5 2 1 3 4 4
-6782.9 -1005.7 6.3 346 0 32.9 20.1 12.5 0.0 0 0 5 3 3
-6634.4 -1116.3 1.7 43 0 26.2 29.3 14.0 0.0 0 1 4 4 4
-6713.0 -1059.7 3.2 213 0 23.8 32.0 14.0 0.0 0 1 4 4 4
-6682.0 -1029.4 4.0 223 0 18.2 19.1 14.0 3.5 2 1 4 4 4
-6702.5 -836.5 10.1 103 0 53.3 68.4 14.0 0.0 0 1 4 3 3
-3373.4 612.9 -20.9 292 0 12.5 19.5 17.5 3.5 2 1 5 2 2
-3179.5 474.7 -17.0 306 0 7.8 35.5 10.5 3.5 2 1 3 4 4
-2998.0 355.9 -21.2 92 0 10.8 56.6 17.5 3.5 4 1 5 3 3
-2973.0 358.3 -20.9 93 0 13.4 44.0 17.5 3.5 2 1 5 5 5
-2918.1 322.7 -21.1 94 0 10.7 28.8 17.5 3.5 2 1 5 3 3
-2679.3 283.0 -20.4 111 0 15.7 11.4 17.5 3.5 4 0 5 3 3
-2653.8 266.6 -20.5 90 0 11.1 20.4 17.5 0.0 0 1 5 5 5
-2641.6 245.5 -21.0 110 0 13.4 13.6 17.5 3.5 2 1 5 3 3
-2615.6 244.7 -20.9 108 0 17.3 12.2 17.5 3.5 2 0 5 5 5
-2481.5 258.6 -20.4 3 0 18.3 12.5 17.5 3.5 2 0 5 3 3
-6095.1 531.2 13.2 356 0 50.5 13.7 14.0 3.5 2 0 4 1 1
-6022.7 604.9 10.5 73 0 25.7 35.3 14.0 0.0 0 1 4 1 1
-5979.3 618.0 8.7 74 0 53.2 15.6 14.0 3.5 2 0 4 4 4
-6006.4 582.9 9.9 69 0 38.8 15.1 14.0 3.5 2 0 4 1 1
-5492.2 367.5 -2.2 82 0 15.2 86.7 14.0 3.5 2 1 4 3 3
-5467.2 420.4 -2.8 347 0 99.3 12.1 14.0 3.5 2 0 4 5 5
-5632.1 406.1 1.9 326 0 24.8 19.4 17.5 3.5 2 0 5 3 3
-5548.8 415.1 -1.0 148 0 33.5 17.7 14.0 3.5 2 0 4 1 1
-5522.2 479.9 -1.8 350 0 44.8 13.2 14.0 3.5 2 0 4 5 5
-5490.6 503.8 -2.8 347 0 56.2 12.4 14.0 3.5 2 0 4 4 4
-5549.9 670.0 -2.8 344 0 77.2 15.3 14.0 0.0 0 0 4 4 4
-5562.4 569.1 -1.5 349 0 39.6 13.9 14.0 3.5 2 0 4 0 0
-5632.7 535.4 0.4 82 0 13.3 37.7 14.0 3.5 2 1 4 5 5
-5612.0 538.5 -0.2 82 0 12.6 39.5 14.0 3.5 2 1 4 1 1
-5668.4 493.3 1.5 114 0 11.6 33.1 14.0 3.5 2 1 4 3 3
-5690.7 615.1 1.1 164 0 81.0 12.9 14.0 3.5 2 0 4 3 3
-5712.0 615.7 1.7 162 0 59.7 10.8 14.0 3.5 2 0 4 0 0
-5762.9 514.9 4.1 223 0 11.3 32.5 17.5 0.0 0 1 5 5 5
-5711.4 571.0 1.9 184 0 10.8 19.2 14.0 3.5 2 1 4 1 1
-5654.1 774.5 -0.5 266 0 12.4 71.7 14.0 3.5 2 1 4 4 4
-5724.4 580.3 2.3 196 0 14.3 9.5 10.5 3.5 4 0 3 2 2
-5731.4 617.0 2.2 163 0 47.6 9.8 10.5 3.5 2 0 3 0 0
-5727.8 655.1 1.8 164 0 23.5 13.6 14.0 3.5 2 0 4 4 4
-5759.3 636.6 2.7 169 0 28.9 18.6 14.0 3.5 2 0 4 3 3
-5796.3 683.9 3.9 358 0 13.6 24.1 14.0 0.0 0 1 4 0 0
-5828.0 669.7 4.8 67 0 9.8 8.7 10.5 3.5 2 0 3 0 0
-5805.2 717.1 3.9 42 0 20.4 23.4 14.0 0.0 0 1 4 2 2
-5670.0 739.2 -0.1 261 0 8.2 51.4 10.5 3.5 2 1 3 4 4
-5683.0 807.1 0.0 236 0 6.5 18.3 10.5 0.0 0 1 3 2 2
-5634.2 840.1 -0.5 72 0 10.2 25.2 14.0 3.5 2 1 4 0 0
-5722.9 925.1 1.6 339 0 11.1 7.6 10.5 3.5 2 0 3 4 4
-5801.7 912.4 2.9 277 0 9.9 6.8 10.5 3.5 2 0 3 1 1
-5773.6 882.0 2.2 76 0 9.7 25.1 10.5 3.5 2 1 3 0 0
-5804.5 892.4 2.8 68 0 12.5 7.1 10.5 3.5 2 0 3 2 2
-5781.4 918.5 2.5 246 0 10.9 7.9 10.5 3.5 2 0 3 2 2
-5729.1 940.9 1.9 343 0 15.0 6.8 10.5 3.5 2 0 3 2 2
-5686.5 902.1 0.7 229 0 9.1 9.2 10.5 3.5 2 1 3 2 2
-6874.2 1527.7 1.0 180 0 37.8 33.9 17.5 0.0 0 0 5 2 2
-6898.6 1406.8 3.7 85 0 25.6 75.4 17.5 0.0 0 1 5 3 3
-6925.8 1609.4 4.9 260 0 16.4 99.5 17.5 0.0 0 1 5 0 0
-4657.3 905.6 -12.8 211 0 26.6 30.1 17.5 0.0 0 1 5 1 1
-5846.1 1873.4 -1.4 346 0 153.4 12.2 17.5 0.0 0 0 5 1 1
-6773.4 -4776.7 3.5 335 0 19.7 30.1 14.0 0.0 0 1 4 4 4
-6891.3 -4781.1 4.9 196 0 49.8 11.6 14.0 3.5 2 0 4 3 3
-6731.6 -3790.0 -0.2 38 0 8.8 17.1 10.5 3.5 2 1 3 0 0
-6736.6 -3801.3 -0.3 40 0 9.0 24.0 10.5 3.5 2 1 3 2 2
-6784.8 -3785.7 2.2 263 0 9.2 23.2 10.5 3.5 2 1 3 2 2
-6759.6 -3819.9 0.6 33 0 19.2 15.2 14.0 0.0 0 0 4 1 1
-6775.6 -3835.0 1.0 41 0 16.6 5.9 10.5 3.5 4 0 3 1 1
-6749.1 -3806.2 0.3 39 0 11.8 21.2 14.0 0.0 0 1 4 5 5
-6915.6 -4077.7 -2.8 200 0 47.5 17.7 10.5 3.5 4 0 3 3 3
-6277.7 3705.4 -8.3 334 0 50.4 14.1 17.5 3.5 2 0 5 0 0
-5970.9 3523.8 -9.2 73 0 9.3 54.2 10.5 3.5 2 1 3 0 0
-5997.5 3586.7 -9.6 165 1 14.7 10.6 14.0 3.5 2 0 4 4 4
-5988.2 3621.7 -11.0 181 0 40.0 14.7 14.0 3.5 2 0 4 2 2
-5949.4 3632.3 -11.2 270 0 13.7 43.3 14.0 3.5 4 1 4 0 0
-5932.2 3481.4 -9.5 76 0 11.2 50.1 14.0 3.5 2 1 4 0 0
-5961.2 3568.3 -9.8 167 0 10.1 9.0 10.5 0.0 0 0 3 3 3
-5917.4 3526.8 -9.9 3 1 18.4 12.1 14.0 3.5 2 0 4 3 3
-5918.2 3552.0 -10.3 347 1 11.5 11.2 14.0 3.5 2 0 4 4 4
-5910.9 3568.2 -10.6 0 0 8.8 18.8 10.5 3.5 2 1 3 2 2
-5923.4 3642.9 -11.8 271 0 13.7 18.4 14.0 3.5 2 1 4 4 4
-5876.1 3591.3 -11.5 327 0 16.8 8.1 10.5 3.5 2 0 3 3 3
-5879.9 3619.1 -12.0 324 0 66.2 11.0 14.0 3.5 2 0 4 2 2
-6012.7 3647.1 -10.9 190 0 30.1 12.7 14.0 3.5 4 0 4 3 3
-5992.6 3651.8 -11.4 180 0 16.4 21.0 14.0 3.5 2 1 4 3 3
-5923.5 3619.7 -11.1 270 0 11.3 36.9 14.0 3.5 2 1 4 5 5
-5949.8 3712.3 -13.1 325 0 58.5 15.0 14.0 3.5 2 0 4 4 4
-5962.3 3673.6 -11.9 349 0 11.6 8.4 10.5 3.5 2 0 3 1 1
-5972.0 3686.7 -12.1 349 0 10.7 9.5 10.5 3.5 4 0 3 1 1
-5703.9 3423.4 -13.3 164 0 15.1 9.4 10.5 3.5 2 0 3 4 4
-5680.9 3425.7 -13.7 76 0 8.9 26.4 10.5 3.5 2 0 3 5 5
-5686.5 3475.0 -13.9 347 0 42.4 10.2 14.0 3.5 2 0 4 3 3
-5661.1 3450.5 -14.2 347 0 39.7 9.8 10.5 3.5 2 0 3 3 3
-5667.7 3483.1 -14.4 347 0 25.2 14.7 14.0 0.0 0 0 4 5 5
-5675.1 3513.4 -14.5 349 0 30.9 10.5 14.0 3.5 2 0 4 3 3
-5681.0 3545.5 -14.6 346 0 33.8 14.3 14.0 3.5 2 0 4 1 1
-5722.9 3565.5 -13.9 258 0 8.7 54.9 10.5 3.5 2 0 3 5 5
-5711.7 3474.8 -13.6 86 0 10.1 23.2 14.0 3.5 4 1 4 2 2
-5756.3 3584.9 -13.4 262 0 8.9 53.5 10.5 3.5 2 0 3 0 0
-5715.8 3581.6 -14.2 263 0 8.8 14.1 10.5 3.5 2 0 3 4 4
-5709.4 3597.1 -14.5 259 0 11.1 28.5 14.0 3.5 2 0 4 5 5
-5708.3 3663.0 -15.5 259 0 14.1 91.9 14.0 3.5 2 1 4 4 4
-5722.3 3447.9 -13.2 167 0 15.2 13.3 14.0 3.5 2 0 4 3 3
-5741.5 3484.5 -13.1 167 0 14.9 11.8 14.0 3.5 2 0 4 3 3
-5759.3 3509.8 -13.0 171 0 14.2 13.7 14.0 3.5 2 0 4 1 1
-5763.8 3517.4 -12.9 103 0 9.4 13.0 10.5 3.5 2 0 3 3 3
-5735.2 3603.7 -14.1 264 0 12.2 11.5 14.0 3.5 2 0 4 2 2
-5783.6 3539.1 -12.8 167 0 14.9 16.6 14.0 3.5 2 1 4 4 4
-5785.9 3555.8 -12.7 173 0 13.1 11.5 14.0 3.5 2 0 4 0 0
-6368.4 3661.2 -6.3 156 0 40.4 11.4 17.5 3.5 2 0 5 5 5
-6345.7 3694.9 -7.0 249 0 12.5 40.7 17.5 3.5 2 1 5 3 3
-6315.5 3703.9 -7.6 246 0 13.1 40.7 17.5 3.5 2 1 5 5 5
-6277.8 3705.8 -8.3 334 0 48.8 16.0 17.5 3.5 2 0 5 2 2
-6349.5 3714.0 -7.5 334 0 19.5 14.9 17.5 0.0 0 0 5 5 5
-6355.9 3750.4 -8.3 157 1 21.4 11.3 17.5 3.5 2 0 5 0 0
-6342.8 3756.0 -8.5 159 0 13.2 8.8 10.5 3.5 2 0 3 1 1
-6370.0 3778.0 -8.6 159 1 19.8 10.4 17.5 3.5 2 0 5 5 5
-6381.8 3819.3 -9.5 154 0 20.5 13.4 17.5 3.5 2 0 5 0 0
-6391.3 3777.0 -8.6 71 0 11.2 37.8 17.5 3.5 2 1 5 4 4
-6417.0 3717.8 -6.6 246 0 11.9 85.1 17.5 3.5 2 1 5 5 5
-6364.2 3579.0 -4.6 155 0 36.0 11.5 17.5 3.5 2 0 5 5 5
-6377.5 3615.0 -5.3 156 0 40.3 12.2 17.5 3.5 2 0 5 2 2
-6311.2 3629.9 -6.4 358 0 50.5 17.4 17.5 3.5 2 0 5 4 4
-6259.9 3589.9 -5.9 247 0 9.9 8.7 10.5 3.5 2 0 3 5 5
-6236.8 3585.2 -6.2 339 0 27.7 10.0 10.5 0.0 0 0 3 0 0
-6261.2 3554.9 -5.3 69 0 12.1 11.5 17.5 3.5 4 0 5 5 5
-6288.0 3558.2 -5.0 153 0 17.0 9.5 10.5 3.5 4 0 3 4 4
-6271.7 3577.6 -5.5 248 0 9.1 8.1 10.5 3.5 2 0 3 0 0
-6160.4 3718.1 -10.1 352 1 18.8 11.2 17.5 3.5 2 0 5 1 1
-6171.2 3744.4 -10.5 270 1 11.9 17.6 17.5 3.5 2 0 5 4 4
-6174.3 3749.2 -11.6 83 0 11.2 58.0 17.5 3.5 2 1 5 4 4
-6138.8 3706.4 -10.1 262 0 9.8 15.0 10.5 3.5 2 1 3 4 4
-6138.7 3729.0 -10.6 264 1 10.0 20.1 17.5 3.5 2 1 5 0 0
-6154.9 3811.3 -12.2 263 0 12.6 80.8 17.5 3.5 2 1 5 4 4
-6106.3 3655.8 -9.8 81 1 11.2 17.6 17.5 3.5 2 0 5 4 4
-6120.3 3734.2 -11.3 84 1 12.1 17.4 17.5 3.5 2 0 5 1 1
-6121.0 3751.6 -11.7 82 1 12.2 17.9 17.5 3.5 2 0 5 3 3
-6124.6 3812.0 -12.6 262 0 14.8 39.7 17.5 3.5 2 1 5 4 4
-6085.8 3712.9 -11.0 267 1 11.4 20.2 17.5 3.5 2 0 5 0 0
-6084.9 3733.8 -11.5 265 1 11.9 20.8 17.5 3.5 2 0 5 0 0
-6096.2 3735.9 -12.1 84 0 13.2 36.1 17.5 3.5 2 1 5 5 5
-6127.8 3830.1 -13.3 88 0 17.4 78.4 17.5 3.5 2 1 5 4 4
-6164.5 3816.1 -12.6 83 0 10.7 57.9 17.5 3.5 2 1 5 1 1
-6192.9 3813.7 -12.2 82 0 10.8 57.2 17.5 0.0 0 1 5 0 0
-6222.3 3808.3 -11.8 83 0 12.2 58.4 17.5 3.5 2 1 5 2 2
-6167.5 3883.4 -12.7 68 0 11.5 57.1 17.5 3.5 2 1 5 1 1
-6197.2 3881.0 -12.3 67 0 11.9 25.2 17.5 3.5 2 0 5 1 1
-6211.9 3915.0 -12.3 333 0 24.2 11.1 17.5 3.5 2 0 5 5 5
-6248.3 3885.4 -11.7 342 0 20.8 15.2 17.5 3.5 2 0 5 4 4
-6297.2 3776.6 -9.6 155 0 11.9 11.5 17.5 3.5 2 0 5 3 3
-6300.1 3791.5 -9.7 241 0 8.7 8.7 10.5 3.5 2 0 3 0 0
-6268.3 3799.7 -10.3 267 0 10.3 20.0 17.5 3.5 2 1 5 4 4
-6255.3 3928.1 -11.4 337 0 23.0 13.5 17.5 3.5 2 0 5 4 4
-6227.6 3940.3 -11.7 342 0 20.0 13.3 17.5 3.5 2 0 5 2 2
-6053.8 3655.6 -10.6 82 0 9.9 17.6 10.5 3.5 2 1 3 3 3
-6058.3 3732.4 -11.8 264 0 11.4 34.0 17.5 3.5 2 1 5 4 4
-6068.5 3739.3 -12.2 84 0 13.0 18.5 17.5 3.5 4 1 5 0 0
-6042.5 3741.5 -12.7 85 0 13.1 19.8 17.5 3.5 2 1 5 3 3
-6048.9 3796.1 -13.3 266 0 10.8 29.6 17.5 3.5 2 1 5 0 0
-6031.1 3735.5 -12.3 266 0 12.1 34.0 17.5 3.5 2 1 5 2 2
-5998.1 3727.8 -13.5 81 0 12.1 48.2 17.5 3.5 2 1 5 3 3
-6020.5 3800.0 -13.9 323 0 41.8 12.5 17.5 3.5 2 0 5 1 1
-6094.0 3822.1 -13.3 264 0 12.5 46.6 17.5 3.5 2 1 5 3 3
-6055.8 3936.1 -14.5 178 0 16.2 15.1 14.0 3.5 2 0 4 0 0
-6064.5 3949.9 -14.5 175 0 13.4 15.0 14.0 3.5 2 0 4 4 4
-6076.2 3962.5 -14.3 175 0 15.0 16.0 14.0 3.5 2 0 4 2 2
-6072.7 3977.4 -14.2 173 0 14.4 14.0 14.0 3.5 2 0 4 3 3
-6079.6 4028.5 -13.8 264 0 11.4 41.8 14.0 3.5 2 1 4 2 2
-6035.9 3957.6 -14.9 173 0 12.1 14.9 14.0 3.5 2 0 4 0 0
-6038.5 3963.5 -14.9 86 0 11.7 15.2 14.0 3.5 2 0 4 0 0
-6031.9 3994.7 -14.7 262 0 13.8 15.2 14.0 3.5 2 0 4 0 0
-6002.3 4003.4 -15.3 265 0 14.0 45.9 14.0 3.5 2 1 4 4 4
-6019.3 4100.2 -13.4 319 0 12.2 20.1 2.5 2.5 2 0 1 1 1
-6015.3 4114.0 -13.5 158 0 18.3 11.2 17.5 3.5 2 0 5 2 2
-6757.2 4815.3 -10.5 210 0 33.8 28.4 14.0 0.0 0 0 4 1 1
-6684.9 4926.5 -10.6 211 0 52.3 17.8 14.0 3.5 2 0 4 1 1
-5874.9 3899.1 -16.3 346 0 24.5 15.5 14.0 3.5 2 0 4 2 2
-5885.9 3956.5 -16.5 345 0 60.0 17.1 14.0 3.5 2 0 4 0 0
-5912.3 3856.7 -15.8 73 0 12.7 39.2 14.0 3.5 2 1 4 1 1
-5936.8 3944.9 -15.8 340 0 44.6 20.8 14.0 3.5 4 0 4 2 2
-5872.3 3860.2 -16.3 77 0 15.6 26.1 14.0 3.5 2 0 4 3 3
-5864.9 3827.1 -16.2 75 0 12.2 34.0 14.0 3.5 2 0 4 5 5
-5927.3 3830.9 -15.4 68 0 12.2 42.7 14.0 3.5 2 0 4 1 1
-5633.9 3928.8 -20.0 155 0 9.4 37.0 10.5 3.5 2 1 3 0 0
-5674.9 4026.0 -19.7 154 0 34.5 13.1 14.0 3.5 2 0 4 4 4
-5674.9 4105.6 -20.1 244 0 12.2 40.2 14.0 3.5 2 1 4 2 2
-5662.7 4120.3 -18.3 76 0 13.5 41.3 14.0 3.5 2 1 4 1 1
-5691.8 4234.0 -17.1 249 0 11.8 32.8 14.0 3.5 2 1 4 0 0
-5714.2 4251.1 -6.7 54 0 8.7 44.1 10.5 3.5 2 1 3 5 5
-5699.5 4262.5 -17.5 63 0 9.8 38.4 10.5 3.5 2 1 3 0 0
-5734.8 4296.8 -7.0 69 0 12.9 16.4 14.0 3.5 2 1 4 2 2
-5725.5 4337.5 -15.4 340 0 17.1 11.7 14.0 3.5 2 0 4 3 3
-5731.5 4372.1 -19.3 338 0 28.2 13.5 14.0 3.5 2 0 4 0 0
-5781.1 4307.2 -6.7 155 0 9.9 24.6 10.5 3.5 2 1 3 2 2
-5805.9 4486.6 -17.5 344 0 24.0 11.2 14.0 0.0 0 0 4 1 1
-5792.3 4455.6 -16.7 344 0 27.1 14.0 14.0 3.5 2 0 4 3 3
-5836.2 4509.6 -17.7 157 0 30.7 16.2 14.0 0.0 0 0 4 2 2
-5786.3 4484.5 -20.7 340 0 20.7 11.6 14.0 3.5 4 0 4 2 2
-5845.5 4557.0 -18.8 253 0 14.5 28.9 14.0 3.5 2 1 4 3 3
-5906.1 4529.9 -12.4 164 0 13.4 42.5 14.0 3.5 2 1 4 0 0
-5915.6 4583.8 -8.9 256 0 14.7 21.6 14.0 3.5 2 1 4 0 0
-5890.8 4566.2 -13.8 254 0 36.8 18.0 14.0 3.5 2 0 4 1 1
-6329.2 4585.8 -8.6 81 0 12.9 62.6 17.5 3.5 2 1 5 1 1
-6300.1 4588.3 -8.5 84 0 10.7 55.6 17.5 3.5 2 1 5 4 4
-6324.4 4532.0 -8.4 172 0 32.9 11.3 17.5 3.5 2 0 5 4 4
-6248.3 4529.8 -8.2 77 0 10.5 46.8 17.5 3.5 2 1 5 1 1
-6289.9 4543.8 -8.4 173 0 40.5 12.6 17.5 3.5 2 0 5 3 3
-6309.4 4496.1 -8.3 159 0 27.6 13.6 17.5 3.5 2 0 5 4 4
-6266.7 4649.2 -7.8 258 0 10.3 54.0 17.5 3.5 2 1 5 4 4
-6227.8 4709.5 -12.5 275 0 8.8 51.1 10.5 3.5 2 1 3 3 3
-6231.0 4650.0 -8.1 263 0 13.4 41.7 17.5 3.5 2 1 5 0 0
-6244.9 4684.2 -11.3 275 0 8.6 20.4 10.5 3.5 4 1 3 2 2
-6202.4 4570.4 -6.9 76 0 12.7 29.5 17.5 0.0 0 1 5 0 0
-6191.6 4609.5 -8.5 79 0 8.1 38.9 10.5 3.5 2 1 3 2 2
-6101.6 4346.1 -7.0 73 0 11.5 52.0 14.0 3.5 2 1 4 3 3
-6086.5 4405.4 -6.3 254 0 10.7 40.7 14.0 3.5 2 1 4 4 4
-6063.5 4232.1 -10.8 77 0 8.1 10.1 10.5 3.5 2 0 3 3 3
-6054.2 4229.6 -11.1 347 0 9.0 10.5 10.5 3.5 2 0 3 0 0
-6067.3 4291.6 -10.3 258 0 8.3 15.6 10.5 3.5 2 0 3 3 3
-6059.2 4277.0 -10.6 262 0 9.9 15.4 10.5 3.5 2 0 3 0 0
-6049.3 4306.1 -9.3 257 0 10.7 8.3 10.5 0.0 0 0 3 3 3
-6042.0 4296.5 -10.5 258 0 8.6 13.7 10.5 3.5 2 0 3 5 5
-5958.2 4350.4 -4.9 67 0 12.2 21.3 14.0 3.5 2 1 4 1 1
-5936.4 4380.5 -6.0 63 0 12.8 38.1 14.0 3.5 2 1 4 0 0
-5869.7 4379.9 -9.5 54 0 13.4 40.3 14.0 3.5 2 1 4 2 2
-5899.9 4440.5 -7.7 325 0 33.8 14.2 14.0 3.5 2 0 4 4 4
-5914.3 4430.9 -6.4 332 0 23.4 11.4 14.0 3.5 4 0 4 4 4
-5938.3 4483.2 -2.1 59 0 9.5 38.9 10.5 3.5 2 1 3 5 5
-6096.3 4454.6 -5.5 73 0 8.0 27.2 10.5 3.5 4 1 3 0 0
-6107.0 4510.9 -5.5 265 0 9.5 24.2 10.5 3.5 2 1 3 1 1
-6130.5 4503.6 -6.1 264 0 11.1 24.2 17.5 0.0 0 1 5 4 4
-6022.3 4123.4 -13.0 65 0 10.1 18.8 17.5 3.5 2 1 5 5 5
-6035.5 4196.9 -12.2 247 0 9.5 18.1 10.5 3.5 2 1 3 1 1
-6023.8 4179.7 -12.6 243 0 9.5 18.7 10.5 3.5 2 1 3 2 2
-5939.5 4174.8 -13.8 71 0 10.3 25.6 17.5 3.5 2 1 5 4 4
-5962.6 4168.1 -13.5 77 0 9.6 24.9 10.5 3.5 2 1 3 3 3
-5751.2 4054.2 -18.7 72 0 16.3 20.2 14.0 3.5 2 1 4 3 3
-5736.2 4093.3 -18.5 340 0 9.9 20.3 10.5 3.5 2 1 3 0 0
-5694.3 4028.6 -19.3 339 0 39.0 11.2 14.0 0.0 0 0 4 5 5
-5728.9 4009.7 -18.9 159 0 34.4 9.5 10.5 0.0 0 0 3 4 4
-5723.0 4055.6 -19.0 341 0 9.7 19.7 10.5 0.0 0 1 3 1 1
-5695.4 4084.5 -19.7 157 0 28.8 11.6 14.0 3.5 2 0 4 1 1
-5746.4 4115.0 -18.1 340 0 20.1 13.4 14.0 0.0 0 0 4 2 2
-5816.8 4103.7 -17.2 164 0 17.3 13.4 14.0 3.5 2 0 4 4 4
-5777.3 4134.3 -17.4 340 0 28.5 15.7 14.0 3.5 2 0 4 1 1
-5866.9 4144.3 -16.3 253 0 11.7 41.8 14.0 3.5 2 1 4 1 1
-5892.7 4130.3 -15.9 251 0 8.9 39.3 10.5 3.5 2 1 3 4 4
-5917.1 4120.8 -15.7 247 0 7.6 39.7 10.5 3.5 2 1 3 3 3
-5920.8 4185.0 -14.1 69 0 22.6 42.5 17.5 0.0 0 1 5 4 4
-5945.6 4094.5 -15.2 242 0 10.4 23.7 14.0 3.5 2 1 4 3 3
-5916.6 4036.4 -16.1 335 0 21.8 6.5 10.5 3.5 2 0 3 0 0
-5981.1 4087.7 -14.7 252 0 13.5 27.5 14.0 3.5 2 1 4 0 0
-5971.1 4054.0 -15.3 247 0 11.3 29.3 14.0 3.5 2 1 4 3 3
-6034.6 4057.0 -13.6 78 0 10.5 31.7 10.0 2.5 2 0 4 4 4
-5997.3 4051.3 -14.5 267 0 8.5 13.2 10.5 3.5 2 0 3 2 2
-5990.3 4038.2 -14.8 273 0 8.4 12.8 10.5 3.5 2 0 3 5 5
-6075.0 4150.7 -12.2 317 0 48.4 9.0 7.5 2.5 2 0 3 1 1
-6112.2 4238.9 -10.0 320 0 14.6 17.2 14.0 3.5 4 1 4 0 0
-6114.8 4262.0 -10.2 235 0 12.7 28.7 14.0 3.5 2 1 4 0 0
-6145.6 4139.0 -10.6 58 0 12.4 18.3 14.0 3.5 2 1 4 3 3
-5673.0 4165.1 -13.4 74 0 10.9 24.8 14.0 3.5 2 1 4 2 2
-5714.1 4079.2 -19.1 343 0 16.5 12.0 14.0 3.5 2 0 4 4 4
-5707.6 4066.2 -19.3 342 0 12.6 11.9 14.0 3.5 2 0 4 2 2
-5732.9 4120.9 -18.3 338 0 21.3 12.4 14.0 3.5 2 0 4 5 5
-6181.1 4994.6 -18.4 89 0 12.8 81.2 17.5 3.5 2 1 5 3 3
-6151.1 4997.7 -19.2 90 0 11.8 81.3 17.5 3.5 2 1 5 2 2
-6267.6 4902.5 -14.6 160 0 43.9 15.0 14.0 3.5 2 0 4 5 5
-5933.1 4685.2 -18.8 258 0 10.9 42.5 17.5 0.0 0 1 5 1 1
-5922.8 4622.7 -14.1 76 0 8.9 19.0 10.5 3.5 2 1 3 4 4
-5956.9 4645.4 -15.3 170 0 16.5 18.9 17.5 3.5 2 1 5 4 4
-5965.9 4664.3 -17.0 160 0 20.2 9.0 10.5 3.5 2 0 3 2 2
-5929.8 4509.0 -1.6 155 0 23.1 9.9 10.5 3.5 2 0 3 0 0
-5947.5 4560.9 -6.8 164 0 21.9 16.2 14.0 3.5 2 0 4 1 1
-5887.8 4592.0 -16.1 255 0 26.4 9.7 10.5 3.5 2 0 3 5 5
-5846.2 4426.4 -13.3 150 0 24.8 10.0 14.0 3.5 2 0 4 4 4
-5811.4 4422.1 -15.4 74 0 9.2 33.3 10.5 3.5 2 1 3 4 4
-5829.9 4407.3 -15.5 150 0 10.8 15.5 14.0 3.5 2 1 4 0 0
-5853.5 4327.5 -3.9 340 0 23.6 14.7 17.5 3.5 2 0 5 2 2
-5805.3 4210.4 -12.0 73 0 12.4 25.1 17.5 3.5 2 1 5 0 0
-5827.4 4212.4 -12.6 71 0 12.7 18.7 17.5 0.0 0 1 5 3 3
-5845.7 4309.5 -3.4 339 0 11.9 12.2 17.5 0.0 0 1 5 5 5
-5892.8 4239.3 -11.8 70 0 22.9 33.9 17.5 0.0 0 1 5 0 0
-5921.4 4334.0 -4.4 248 0 10.6 29.1 17.5 3.5 2 1 5 1 1
-5889.5 4319.3 -4.0 251 0 11.6 17.0 17.5 3.5 2 1 5 5 5
-5883.9 4300.8 -4.4 254 0 8.6 9.3 10.5 3.5 2 1 3 4 4
-5995.1 4316.4 -5.9 48 0 16.7 18.8 14.0 3.5 2 1 4 2 2
-5944.1 4243.4 -13.0 242 0 11.3 13.1 17.5 3.5 2 1 5 3 3
-5971.6 4258.2 -12.6 219 0 14.5 23.2 17.5 3.5 2 1 5 1 1
-6006.5 4280.8 -10.6 45 0 15.3 24.5 14.0 0.0 0 1 4 4 4
-6052.2 4428.1 -5.3 257 0 8.0 34.1 10.5 3.5 2 1 3 4 4
-6032.5 4376.7 -5.6 72 0 8.6 17.8 10.5 3.5 2 1 3 2 2
-6035.0 4348.6 -6.0 250 0 8.9 9.9 10.5 3.5 2 1 3 5 5
-6092.1 4494.7 -5.3 251 0 12.1 43.3 17.5 3.5 2 1 5 2 2
-6078.7 4726.6 -17.0 296 0 14.0 39.8 17.5 3.5 2 1 5 5 5
-6082.6 4786.1 -18.4 85 0 9.5 27.1 10.5 3.5 2 1 3 2 2
-6054.5 4761.0 -18.6 80 0 10.6 23.8 17.5 3.5 2 1 5 5 5
-6094.6 4827.1 -18.3 281 0 8.3 27.2 10.5 3.5 4 1 3 3 3
-6131.7 4721.9 -15.6 298 0 39.2 16.3 17.5 3.5 2 0 5 2 2
-6154.4 4793.9 -16.6 90 0 11.4 29.7 17.5 3.5 2 1 5 1 1
-6156.7 4878.6 -17.5 267 0 8.8 48.0 10.5 3.5 2 1 3 5 5
-6134.1 4881.4 -18.2 268 0 9.2 48.0 10.5 3.5 2 1 3 2 2
-6110.2 4874.3 -18.8 263 0 9.9 43.6 10.5 3.5 2 1 3 2 2
-6191.0 4860.2 -16.4 231 0 9.4 25.0 10.5 0.0 0 1 3 1 1
-6204.1 4839.4 -15.5 239 0 7.4 25.6 10.5 3.5 2 1 3 3 3
-6205.0 4802.7 -14.9 64 0 10.5 24.7 17.5 3.5 2 1 5 4 4
-6273.4 4683.7 -10.7 275 0 31.2 22.8 17.5 0.0 0 0 5 2 2
-6327.9 4824.8 -12.0 105 0 9.2 38.8 10.5 3.5 2 1 3 0 0
-6313.2 4891.7 -12.5 281 0 8.0 25.6 10.5 3.5 2 1 3 5 5
-6300.3 4821.2 -12.7 101 0 14.0 29.1 17.5 3.5 2 1 5 1 1
-6291.5 4864.0 -12.9 284 0 9.4 11.9 10.5 3.5 2 1 3 5 5
-5804.1 3936.7 -17.5 261 0 12.8 52.7 14.0 3.5 2 1 4 0 0
-5817.7 3857.5 -17.0 78 0 15.7 36.9 14.0 3.5 2 1 4 4 4
-5751.2 3855.7 -17.7 68 0 10.5 45.5 14.0 3.5 2 1 4 3 3
-5764.6 3913.3 -17.8 345 0 22.1 9.1 10.5 3.5 2 0 3 0 0
-5692.1 3753.6 -17.8 23 0 32.4 8.9 10.5 3.5 2 0 3 0 0
-5703.0 3722.6 -16.8 17 0 20.7 10.8 14.0 3.5 2 0 4 5 5
-5812.2 3587.6 -12.7 168 0 11.3 12.8 14.0 3.5 2 0 4 1 1
-5807.4 3603.7 -12.9 351 0 11.9 13.8 14.0 3.5 2 1 4 3 3
-5792.2 3608.3 -13.2 256 0 12.2 18.7 14.0 3.5 4 1 4 4 4
-5828.0 3624.0 -12.7 0 0 11.8 9.1 10.5 3.5 2 0 3 5 5
-5899.9 3715.6 -13.8 252 0 11.6 11.9 14.0 3.5 2 1 4 5 5
-5875.3 3689.8 -13.5 337 0 9.0 12.8 10.5 3.5 2 1 3 3 3
-5866.0 3676.6 -13.4 341 0 14.6 11.3 14.0 3.5 2 0 4 3 3
-5857.4 3752.6 -15.7 93 0 11.2 26.2 14.0 3.5 2 1 4 4 4
-5912.7 3736.3 -14.2 172 0 9.3 10.3 10.5 3.5 2 1 3 0 0
-5916.8 3750.9 -14.4 171 0 14.0 6.7 10.5 3.5 2 0 3 5 5
-5923.5 3764.5 -14.6 165 0 12.1 7.4 10.5 3.5 2 0 3 5 5
-5904.2 3839.4 -15.7 73 0 12.8 15.9 14.0 0.0 0 1 4 0 0
-5886.8 3817.9 -15.8 68 0 11.8 22.9 14.0 3.5 4 1 4 4 4
-5713.5 3963.5 -18.9 155 0 23.3 12.7 14.0 3.5 4 0 4 0 0
-5664.4 3830.1 -18.6 308 0 8.5 19.8 10.5 3.5 2 1 3 5 5
-6010.2 3878.6 -14.9 155 0 15.6 23.2 14.0 3.5 2 1 4 3 3
-6009.7 3899.7 -14.9 77 0 6.5 49.9 10.5 3.5 2 1 3 5 5
-6073.9 4109.2 -12.3 318 0 14.4 15.7 5.0 0.0 0 1 2 0 0
-5999.1 4197.1 -12.7 215 0 18.9 12.9 17.5 0.0 0 0 5 2 2
-6038.6 4230.1 -11.8 222 0 12.6 21.8 17.5 3.5 2 1 5 3 3
-5936.2 4298.2 -9.0 244 0 10.2 34.8 17.5 3.5 2 1 5 4 4
-5957.9 4324.3 -5.0 224 0 8.8 28.9 10.5 3.5 2 1 3 2 2
-5947.8 4331.7 -4.7 224 0 8.6 29.2 10.5 3.5 2 1 3 3 3
-5975.9 4303.6 -8.4 216 0 10.4 40.7 17.5 3.5 4 1 5 1 1
-5967.8 4374.4 -4.9 71 0 9.7 10.5 10.5 3.5 4 1 3 5 5
-5909.9 4378.2 -7.8 64 0 21.3 14.6 14.0 3.5 2 0 4 0 0
-6239.6 4394.5 -8.0 90 0 13.0 48.9 17.5 0.0 0 1 5 0 0
-6141.7 4416.4 -6.8 75 0 8.0 36.8 10.5 3.5 4 1 3 3 3
-6164.4 4487.7 -7.0 267 0 13.3 31.6 17.5 3.5 2 1 5 2 2
-6029.6 4442.6 -4.3 73 0 11.2 21.3 17.5 3.5 2 1 5 1 1
-6148.5 4615.3 -10.3 80 0 10.1 40.4 17.5 3.5 2 1 5 3 3
-6270.6 4788.2 -13.2 216 0 12.1 32.6 17.5 3.5 2 1 5 0 0
-6495.4 4776.2 -9.4 100 0 8.8 33.2 10.5 3.5 2 1 3 1 1
-6472.1 4849.6 -8.9 288 0 8.3 40.3 10.5 0.0 0 1 3 5 5
-6475.7 4769.3 -9.3 98 0 14.5 26.1 14.0 3.5 2 0 4 0 0
-6462.3 4800.5 -8.9 8 0 13.7 9.1 10.5 3.5 2 0 3 2 2
-6444.4 4729.8 -9.2 8 0 38.7 9.7 10.5 3.5 2 0 3 5 5
-6424.8 4811.1 -8.6 17 0 14.2 29.4 14.0 0.0 0 1 4 5 5
-6425.8 4720.7 -9.1 163 0 19.2 10.7 14.0 3.5 2 0 4 2 2
-6392.9 4903.6 -10.5 80 0 13.1 71.3 14.0 3.5 2 1 4 1 1
-6360.4 4910.4 -11.8 83 0 12.2 66.5 14.0 3.5 2 1 4 0 0
-6387.4 5002.1 -11.7 95 0 15.7 16.8 14.0 3.5 2 0 4 4 4
-6374.2 5037.2 -12.0 276 0 13.9 20.0 14.0 3.5 2 0 4 5 5
-6369.4 5060.8 -11.8 274 0 14.5 23.9 14.0 3.5 2 0 4 2 2
-6355.1 5075.7 -11.6 279 0 15.5 15.8 14.0 3.5 2 0 4 5 5
-6350.0 5001.5 -12.8 102 0 13.8 19.4 14.0 3.5 2 0 4 1 1
-6335.4 5039.2 -13.0 282 0 12.9 20.5 14.0 3.5 2 0 4 1 1
-6287.6 5093.5 -14.7 254 0 12.1 59.9 17.5 3.5 2 1 5 3 3
-6091.6 4914.7 -20.6 74 0 15.6 72.6 14.0 3.5 2 1 4 2 2
-6185.7 4677.5 -12.5 217 0 12.1 9.6 10.5 0.0 0 0 3 0 0
-6198.8 4786.8 -15.0 119 0 14.8 9.8 10.5 3.5 2 0 3 2 2
-6765.4 1141.1 0.4 358 0 67.3 75.6 17.5 0.0 0 1 5 3 3
-6922.1 1177.4 6.7 173 0 71.6 16.5 17.5 3.5 2 0 5 5 5
-6869.6 1104.3 2.5 84 0 14.9 73.1 17.5 3.5 2 1 5 5 5
-6900.0 1330.7 3.8 174 0 68.4 14.1 17.5 3.5 2 0 5 4 4
-6761.2 1185.4 5.4 85 0 10.3 43.2 17.5 3.5 2 1 5 1 1
-6747.2 1186.7 5.7 84 0 5.6 44.5 10.5 3.5 2 1 3 0 0
-6765.4 1260.2 5.9 354 0 29.7 8.0 10.5 3.5 2 0 3 1 1
-6750.6 1258.4 6.1 355 0 25.3 9.7 10.5 3.5 2 0 3 5 5
-6884.6 1230.3 3.7 264 0 7.5 36.1 10.5 3.5 2 1 3 3 3
-6889.7 1255.7 4.0 174 0 32.1 6.9 10.5 3.5 2 0 3 0 0
-6878.0 1258.0 2.7 256 0 7.7 62.2 10.5 3.5 2 1 3 2 2
-6785.1 1028.0 3.5 86 0 9.1 59.6 10.5 3.5 2 1 3 4 4
-6749.6 1031.8 2.8 86 0 9.1 59.6 10.5 3.5 2 1 3 4 4
-6824.6 1048.4 1.7 174 0 61.4 9.4 10.5 3.5 2 0 3 3 3
-5683.5 3973.4 -19.1 343 0 28.7 14.9 14.0 3.5 2 0 4 1 1
-5695.7 3428.6 -13.5 165 0 5.7 9.4 10.5 3.5 2 0 3 4 4
-6070.4 3798.5 -13.7 142 0 11.4 26.9 17.5 3.5 2 1 5 1 1
-6131.2 3929.9 -13.4 52 0 14.2 34.8 17.5 0.0 0 1 5 5 5
-6652.3 1298.9 4.4 174 0 97.4 15.4 17.5 3.5 2 0 5 5 5
-6595.0 1376.1 3.3 264 0 14.1 121.6 17.5 0.0 0 1 5 4 4
-6530.6 1370.4 4.3 265 0 7.6 49.2 10.5 3.5 2 1 3 5 5
-6502.2 1322.7 2.5 266 0 12.0 65.8 17.5 3.5 2 1 5 5 5
-6495.3 1345.9 4.0 267 0 10.4 20.1 17.5 3.5 2 1 5 4 4
-6475.4 1320.0 2.1 267 0 12.0 64.9 17.5 3.5 4 1 5 4 4
-6439.4 1238.0 1.4 83 0 12.5 83.9 17.5 3.5 2 1 5 1 1
-6415.5 1236.1 1.6 86 0 12.9 87.2 17.5 3.5 2 1 5 0 0
-6389.6 1260.1 2.2 86 0 12.6 65.9 17.5 3.5 2 1 5 4 4
-6355.0 1305.3 2.3 355 0 47.4 17.3 17.5 3.5 2 0 5 1 1
-6469.1 1386.1 3.7 264 0 17.6 59.1 17.5 3.5 2 1 5 5 5
-6436.2 1386.5 3.1 264 0 17.6 59.1 17.5 3.5 2 1 5 0 0
-6404.4 1387.5 2.6 264 0 17.6 59.1 17.5 3.5 2 1 5 1 1
-6371.2 1389.7 2.2 264 0 17.6 59.1 17.5 3.5 2 1 5 2 2
-6516.8 1396.9 5.8 84 0 17.6 59.1 14.0 3.5 2 1 4 4 4
-6596.8 1394.2 6.8 83 0 14.7 23.1 14.0 0.0 0 1 4 1 1
-6488.5 1395.3 4.8 81 0 14.6 69.9 14.0 3.5 2 1 4 4 4
-6462.2 1394.3 3.8 81 0 14.6 69.9 14.0 3.5 2 1 4 5 5
-6443.9 1409.2 3.8 85 0 9.5 41.7 10.5 3.5 2 1 3 2 2
-6410.1 1409.6 3.4 87 0 13.4 64.4 14.0 3.5 2 1 4 1 1
-6379.3 1411.5 3.1 86 0 10.1 114.1 14.0 3.5 2 1 4 5 5
-5686.6 3891.1 -18.7 351 0 24.5 9.9 10.5 3.5 2 0 3 0 0
-5991.3 3932.7 -15.3 161 0 34.7 12.6 14.0 3.5 4 0 4 5 5
-5979.1 3897.7 -15.3 153 0 32.5 13.6 14.0 3.5 2 0 4 5 5
-5984.2 4296.7 -9.9 221 0 7.8 43.7 10.5 3.5 2 1 3 4 4
-5907.8 4302.7 -6.8 257 0 12.3 23.9 17.5 3.5 2 1 5 4 4
-6516.1 4918.6 -8.3 154 0 37.8 16.0 14.0 3.5 2 0 4 2 2
-6543.0 5005.7 -7.8 151 0 80.2 14.7 14.0 0.0 0 0 4 5 5
-6580.8 4992.0 -8.3 154 0 85.7 18.2 17.5 3.5 2 0 5 4 4
-6316.2 4405.7 -8.0 162 0 27.7 12.2 14.0 0.0 0 0 4 3 3
-6322.0 4446.5 -8.1 255 0 12.2 23.3 14.0 3.5 2 1 4 0 0
-6256.0 -4946.5 -8.2 180 0 14.6 8.4 10.5 3.5 2 0 3 3 3
-6261.0 -4926.4 -8.6 172 0 22.8 8.3 10.5 3.5 2 0 3 5 5
-5228.8 87.4 -4.4 135 0 39.5 87.2 17.5 0.0 0 1 5 5 5
-5124.8 171.8 -5.8 47 0 14.6 113.5 17.5 0.0 0 1 5 5 5
-5177.1 292.5 -6.8 227 0 23.2 53.6 17.5 3.5 2 1 5 0 0
-5092.5 203.0 -6.8 48 0 23.8 53.3 17.5 3.5 2 1 5 2 2
-5160.0 318.3 -7.2 222 0 15.1 65.3 17.5 3.5 2 1 5 3 3
-5073.1 223.9 -7.4 51 0 19.6 53.3 17.5 3.5 4 1 5 3 3
-5113.7 353.2 -7.7 225 0 12.8 77.4 17.5 3.5 2 1 5 2 2
-4976.6 358.7 -8.4 319 0 61.5 13.8 17.5 3.5 2 0 5 0 0
-4927.2 305.0 -9.8 319 0 71.8 19.5 17.5 3.5 2 0 5 5 5
-4992.9 193.2 -9.2 119 0 92.0 15.1 17.5 3.5 2 0 5 4 4
-5173.2 23.7 -1.4 133 0 101.2 22.2 17.5 0.0 0 0 5 3 3
-5147.5 75.8 -2.8 133 0 54.4 13.0 17.5 3.5 2 0 5 3 3
-5117.0 83.7 -3.3 41 0 11.8 52.9 17.5 3.5 2 1 5 2 2
-5100.8 17.4 -2.0 41 0 12.1 52.5 17.5 3.5 2 1 5 4 4
-5076.5 47.2 -3.7 44 0 11.9 50.1 17.5 3.5 2 1 5 0 0
-5104.0 96.2 -3.9 47 0 11.0 55.6 17.5 3.5 2 1 5 5 5
-5080.2 82.2 -2.9 330 0 11.8 17.7 17.5 3.5 2 1 5 1 1
-6287.7 5182.9 -13.0 244 0 13.7 67.2 14.0 3.5 2 1 4 0 0
-6259.4 5196.8 -13.0 247 0 13.1 68.9 14.0 3.5 2 1 4 2 2
-6230.0 5210.6 -18.2 248 0 14.5 67.7 14.0 3.5 4 1 4 3 3
-6226.4 4201.4 -8.9 155 0 27.7 26.8 14.0 0.0 0 0 4 4 4
-6135.8 4101.6 -11.7 245 0 20.3 24.0 7.5 2.5 4 1 3 3 3
-6150.5 4123.5 -11.2 242 0 18.9 20.3 10.0 0.0 0 1 4 2 2
-4676.4 128.8 -14.0 315 0 84.5 15.0 17.5 3.5 2 0 5 0 0
-6131.8 4311.5 -9.3 233 0 17.3 28.5 14.0 3.5 2 1 4 3 3
-6140.3 4380.1 -7.2 252 0 10.7 9.8 10.5 0.0 0 0 3 1 1
-6186.5 4167.0 -10.0 147 0 18.4 27.4 14.0 3.5 2 0 4 2 2
-6243.4 4265.9 -8.2 245 0 26.0 23.0 14.0 3.5 2 0 4 0 0
-6177.9 4404.2 -7.8 59 0 13.6 44.3 17.5 3.5 2 1 5 4 4
-4922.6 166.3 -9.8 49 0 13.2 38.2 17.5 3.5 2 1 5 0 0
-4901.5 184.8 -10.1 49 0 14.6 62.2 17.5 3.5 2 1 5 5 5
-4902.7 265.6 -10.6 218 0 12.2 58.4 17.5 3.5 2 1 5 1 1
-4835.0 199.1 -11.3 319 0 59.9 14.6 17.5 3.5 2 0 5 5 5
-4869.0 127.3 -10.7 50 0 13.0 56.3 17.5 3.5 2 1 5 3 3
-4875.6 286.1 -11.0 225 0 12.0 67.5 17.5 3.5 2 1 5 0 0
-4798.0 213.2 -11.9 317 0 69.0 15.1 17.5 3.5 2 0 5 1 1
-4852.7 308.5 -11.3 229 0 13.7 66.6 17.5 3.5 2 1 5 1 1
-4782.4 242.2 -11.9 316 0 51.9 15.2 17.5 0.0 0 0 5 1 1
-4856.4 84.0 -11.5 136 0 69.6 14.1 17.5 3.5 2 0 5 2 2
-4736.1 191.2 -12.9 313 0 71.9 16.1 17.5 3.5 2 0 5 2 2
-4717.3 127.5 -13.3 318 0 67.6 14.6 17.5 3.5 2 0 5 0 0
-4765.6 46.3 -13.0 135 0 83.9 14.4 17.5 0.0 0 0 5 5 5
-4603.2 50.8 -15.0 316 0 44.3 18.2 17.5 0.0 0 0 5 5 5
-4623.5 25.6 -14.8 319 0 47.8 14.1 17.5 3.5 2 0 5 0 0
-4640.3 -20.0 -14.4 46 0 13.3 41.3 17.5 3.5 2 1 5 0 0
-4597.0 -66.7 -15.1 49 0 13.4 55.8 17.5 3.5 2 1 5 3 3
-4660.6 -39.0 -14.2 39 0 16.0 41.2 17.5 3.5 4 1 5 3 3
-4668.2 -72.4 -14.2 47 0 12.8 57.0 17.5 3.5 2 1 5 0 0
-4714.4 -71.8 -13.9 137 0 48.9 13.3 17.5 3.5 2 0 5 4 4
-4635.5 -106.0 -14.5 48 0 12.1 40.1 17.5 3.5 2 1 5 5 5
-4619.8 -85.8 -14.8 48 0 13.8 36.2 17.5 3.5 2 1 5 2 2
-5754.4 1523.9 0.8 344 0 67.5 14.8 17.5 3.5 2 0 5 2 2
-6340.0 1383.6 2.2 266 0 13.2 44.2 17.5 3.5 2 1 5 1 1
-6305.6 1384.1 2.0 268 0 15.5 41.3 17.5 3.5 2 1 5 0 0
-6272.8 1390.2 1.7 266 0 13.4 34.4 17.5 3.5 2 1 5 3 3
-6250.7 1396.9 1.6 270 0 12.7 31.0 17.5 3.5 2 1 5 1 1
-6347.0 1416.6 2.7 92 0 11.7 71.5 14.0 3.5 2 1 4 2 2
-6311.6 1420.6 2.4 92 0 11.9 56.4 14.0 3.5 2 1 4 0 0
-6273.1 1421.7 1.9 86 0 12.8 59.7 14.0 3.5 2 1 4 2 2
-6242.2 1424.2 1.6 88 0 12.8 58.1 14.0 3.5 2 1 4 4 4
-6210.0 1427.2 1.3 87 0 12.3 58.8 14.0 3.5 4 1 4 1 1
-6180.8 1469.7 1.1 176 0 31.9 10.2 17.5 0.0 0 0 5 0 0
-6451.1 1544.4 4.4 268 0 11.1 63.2 14.0 3.5 2 1 4 4 4
-6422.0 1570.3 4.2 264 0 9.9 63.1 10.5 3.5 2 1 3 4 4
-6325.9 1607.1 3.6 266 0 13.9 39.1 14.0 3.5 2 1 4 3 3
-6322.3 1491.1 3.0 86 0 11.7 41.7 14.0 3.5 2 1 4 0 0
-6295.8 1498.2 2.8 88 0 12.5 37.9 14.0 3.5 2 1 4 5 5
-6262.3 1520.2 2.5 358 0 37.3 10.7 14.0 3.5 2 0 4 3 3
-6242.2 1522.8 2.3 356 0 41.4 11.6 14.0 3.5 2 0 4 4 4
-6208.3 1524.2 1.9 358 0 44.3 11.8 14.0 3.5 2 0 4 0 0
-6185.3 1524.9 1.5 175 0 44.2 12.6 17.5 3.5 2 0 5 0 0
-6212.4 1592.9 2.3 355 0 69.1 10.9 14.0 3.5 2 0 4 0 0
-6190.2 1585.6 2.0 176 0 42.9 12.2 17.5 3.5 4 0 5 0 0
-6155.0 1562.0 1.3 271 0 13.0 54.0 17.5 3.5 2 1 5 3 3
-5664.6 1065.6 -1.0 76 0 8.9 28.7 10.5 3.5 2 1 3 2 2
-5644.5 1091.5 -1.3 344 0 25.2 11.3 17.5 3.5 2 0 5 5 5
-5685.3 1256.8 1.2 351 0 50.3 13.8 17.5 3.5 2 0 5 0 0
-5723.0 1254.4 1.1 340 0 51.5 13.7 17.5 3.5 2 0 5 1 1
-5739.2 1220.7 1.1 68 0 9.8 43.4 10.5 3.5 2 1 3 0 0
-5767.2 1222.7 0.8 155 0 42.4 10.9 17.5 3.5 2 0 5 3 3
-5744.3 1108.2 -0.4 76 0 10.4 37.3 17.5 0.0 0 1 5 0 0
-5721.8 1123.8 -0.6 79 0 10.1 36.7 17.5 3.5 2 1 5 2 2
-5721.2 1175.4 -0.2 180 0 17.7 13.2 17.5 3.5 2 0 5 4 4
-5802.8 1257.9 1.1 90 0 10.1 57.0 17.5 3.5 2 1 5 5 5
-5788.0 1516.0 0.7 347 0 56.4 11.1 17.5 3.5 2 0 5 3 3
-5731.7 1441.3 3.0 341 0 85.8 14.6 17.5 3.5 2 0 5 0 0
-5747.0 1358.8 1.8 345 0 51.7 14.6 17.5 3.5 2 0 5 0 0
-5705.1 1328.5 1.3 347 0 48.7 16.4 17.5 3.5 2 0 5 5 5
-6189.0 1237.3 4.8 254 0 11.4 46.0 17.5 0.0 0 1 5 0 0
-6161.4 1269.9 5.2 233 0 42.9 13.0 17.5 3.5 2 0 5 4 4
-6196.8 1159.2 4.4 164 0 24.2 12.7 17.5 3.5 2 0 5 0 0
-6147.1 1144.0 5.1 78 0 11.2 40.1 17.5 3.5 2 1 5 2 2
-6004.0 971.7 7.3 85 0 41.5 48.9 17.5 0.0 0 1 5 3 3
-5994.0 1038.5 7.0 61 0 12.2 44.9 17.5 3.5 2 1 5 3 3
-6092.2 1043.0 5.8 176 0 37.1 34.9 17.5 0.0 0 0 5 0 0
-6090.9 1097.8 5.8 263 0 6.8 34.1 10.5 3.5 2 1 3 4 4
-6065.7 1134.3 6.5 228 0 13.7 33.1 17.5 3.5 2 1 5 3 3
-6026.6 1102.4 6.6 265 0 41.0 10.0 10.5 3.5 2 0 3 1 1
-6003.3 1120.6 6.0 230 0 8.4 49.2 10.5 3.5 2 1 3 4 4
-5963.2 1149.8 4.3 225 0 9.8 56.3 10.5 3.5 2 1 3 5 5
-6013.4 1212.6 3.8 255 0 17.8 59.0 17.5 3.5 2 1 5 4 4
-6298.5 1602.5 3.3 269 0 12.7 42.9 14.0 3.5 2 1 4 0 0
-6267.8 1563.5 2.9 354 0 32.0 13.3 14.0 3.5 2 0 4 3 3
-6251.5 1583.1 2.8 356 0 55.2 12.0 14.0 0.0 0 0 4 3 3
-6231.3 1577.7 2.6 358 0 39.8 11.7 14.0 3.5 2 0 4 3 3
-5777.7 1265.3 1.2 93 0 16.0 40.8 17.5 3.5 2 1 5 3 3
-5807.7 3105.9 -2.2 89 0 13.9 23.6 10.0 2.5 2 1 4 4 4
-745.6 -2647.2 -12.8 96 0 119.0 18.8 14.0 0.0 0 0 4 4 4
-849.5 -2638.2 -13.1 94 0 82.7 18.4 14.0 3.5 2 0 4 0 0
-574.5 -2661.1 -12.3 96 0 160.8 16.2 14.0 0.0 0 0 4 2 2
-406.8 -2679.3 -11.7 96 0 161.5 16.4 14.0 0.0 0 0 4 5 5
-523.4 -2705.7 -11.9 276 0 82.9 18.9 14.0 3.5 2 0 4 5 5
-424.9 -2714.8 -11.6 275 0 101.2 19.0 14.0 0.0 0 0 4 0 0
198.2 -2105.1 -9.0 27 0 19.6 15.6 14.0 3.5 2 0 4 3 3
220.4 -2033.6 -6.9 294 0 15.0 16.3 14.0 3.5 4 1 4 4 4
-622.8 -1480.0 -6.6 316 0 14.1 23.8 14.0 3.5 2 1 4 2 2
2185.5 1808.0 -12.9 204 0 114.4 172.8 17.5 0.0 0 1 5 4 4
