5693.6 5030.4 17.1 259 0 43.7 12.4 7.5 2.5 2 0 3 0 0
5721.9 5031.9 17.6 174 0 12.9 39.1 12.5 2.5 2 1 5 1 1
3791.3 5047.1 3.2 173 0 18.0 41.1 10.0 0.0 0 1 4 0 0
3831.0 5077.7 3.1 311 0 46.2 9.0 7.5 0.0 0 0 3 2 2
4403.1 4972.5 -0.2 47 0 10.5 64.6 10.0 2.5 2 1 4 3 3
4400.7 5009.2 0.8 316 0 46.8 11.6 12.5 2.5 2 0 5 2 2
6639.3 8502.3 -36.2 283 0 18.4 43.4 7.5 2.5 2 1 3 0 0
6682.2 10163.1 -20.4 283 0 10.1 42.7 7.5 2.5 2 1 3 1 1
-2701.2 -2060.7 1.8 3 0 14.8 9.0 7.5 2.5 2 0 3 4 4
814.0 -8872.7 15.6 213 0 71.8 11.6 12.5 2.5 2 0 5 5 5
923.4 -9143.0 20.5 154 0 21.1 53.7 17.5 2.5 2 1 7 2 2
