4662.7 -2898.0 1.9 306 0 77.3 11.5 14.0 3.5 2 0 4 4 4
4740.4 -2882.9 5.7 192 0 11.4 59.0 14.0 3.5 2 1 4 3 3
4839.7 -3040.8 -3.0 166 0 102.3 20.2 14.0 0.0 0 0 4 4 4
3831.3 -3263.6 -8.3 95 0 36.1 169.0 17.5 0.0 0 1 5 3 3
3780.6 -3261.3 -8.9 94 0 36.3 175.7 17.5 0.0 0 1 5 2 2
3732.5 -3257.5 -9.5 94 0 35.9 173.3 17.5 0.0 0 1 5 1 1
3070.8 -5273.2 -2.7 67 0 75.5 63.5 12.5 0.0 0 0 5 1 1
4104.8 -4341.0 -6.8 43 0 125.8 76.0 15.0 0.0 0 0 6 4 4
4055.9 -4208.4 -6.3 313 0 76.0 125.8 12.5 0.0 0 1 5 3 3
3916.8 -4165.7 -5.6 223 0 125.8 76.0 7.5 0.0 0 0 3 0 0
2903.9 -2207.4 0.2 334 0 96.1 81.8 17.5 0.0 0 0 5 0 0
3786.5 -2500.4 -1.6 274 0 178.6 54.6 14.0 0.0 0 0 4 0 0
4405.9 -360.4 -9.6 199 0 109.3 223.1 10.5 0.0 0 1 3 1 1
4445.3 -252.6 -6.9 199 0 109.3 223.1 10.5 0.0 0 1 3 5 5
-569.2 758.4 4.3 295 0 60.7 99.6 12.5 0.0 0 1 5 1 1
