1759.9 -2655.8 0.8 317 0 185.6 37.0 7.5 0.0 0 0 3 0 0
1663.5 -3085.1 -4.7 47 0 48.5 185.6 12.5 0.0 0 1 5 1 1
1715.3 -2966.1 -1.4 47 0 47.4 188.1 7.5 0.0 0 1 3 2 2
1790.5 -2790.5 0.3 48 0 47.9 188.1 12.5 0.0 0 1 5 3 3
1690.1 -3024.8 -1.9 47 0 46.7 187.9 12.5 0.0 0 1 5 5 5
1741.2 -2905.1 -0.8 47 0 47.1 185.3 10.0 0.0 0 1 4 3 3
1765.1 -2848.4 -0.3 47 0 48.8 188.1 10.0 0.0 0 1 4 2 2
1614.7 -3938.3 -5.2 314 0 151.0 67.5 10.0 0.0 0 0 4 5 5
4760.9 1174.5 -16.7 89 0 12.2 35.5 14.0 0.0 0 1 4 3 3
4612.9 1006.6 -17.7 87 0 32.5 9.3 10.5 3.5 2 0 3 4 4
2859.5 -4421.1 -7.8 249 0 48.9 121.3 10.0 0.0 0 1 4 0 0
3139.1 188.1 -15.5 36 0 17.0 15.2 14.0 3.5 2 0 4 3 3
1214.1 -5872.0 -11.2 332 0 154.1 72.9 10.0 0.0 0 0 4 0 0
905.1 -5599.2 -4.9 240 0 11.0 111.7 12.5 2.5 2 1 5 2 2
948.5 -5575.9 -4.7 240 0 63.8 109.1 10.0 0.0 0 1 4 2 2
1094.5 -5719.7 -6.1 61 0 81.1 73.1 10.0 0.0 0 0 4 2 2
850.7 -5626.4 -4.1 152 0 15.5 46.7 7.5 2.5 2 1 3 0 0
845.2 -5723.3 -6.5 151 0 72.6 96.2 10.0 0.0 0 1 4 3 3
6228.5 150.6 -16.4 230 0 16.0 45.3 10.0 2.5 2 1 4 4 4
6286.2 222.6 -16.8 226 0 16.0 73.7 12.5 0.0 0 1 5 0 0
487.3 -9114.3 -2.4 278 0 9.2 24.4 2.5 2.5 2 1 1 5 5
480.6 -9173.7 -3.0 98 0 9.2 24.4 5.0 2.5 2 1 2 4 4
461.8 -9173.0 -2.7 98 0 9.2 24.4 7.5 2.5 2 1 3 3 3
468.2 -9114.0 -2.1 278 0 9.2 24.4 7.5 2.5 2 1 3 3 3
449.3 -9111.2 -1.7 278 0 9.2 24.4 7.5 2.5 2 1 3 0 0
441.9 -9169.1 -2.2 98 0 9.2 24.4 5.0 0.0 0 1 2 1 1
423.8 -9167.8 -1.9 98 0 9.2 24.4 5.0 2.5 2 1 2 4 4
402.7 -9153.2 -1.3 188 0 24.4 9.2 7.5 2.5 2 0 3 2 2
-53.0 -10975.8 0.3 269 0 17.5 11.9 7.5 2.5 2 0 3 4 4
-63.1 -10998.0 0.9 179 0 11.9 17.5 5.0 2.5 2 1 2 3 3
-27.2 -10981.7 1.6 179 0 15.6 26.1 12.5 2.5 2 1 5 5 5
-26.0 -11000.7 2.5 179 0 15.6 26.1 12.5 2.5 4 1 5 3 3
664.5 -10880.3 2.7 345 0 101.2 12.1 12.5 2.5 2 0 5 0 0
2435.8 -3639.5 -14.2 25 0 174.9 64.8 10.0 0.0 0 0 4 1 1
2790.1 -4479.7 -8.9 159 0 49.7 47.8 12.5 0.0 0 0 5 2 2
2899.7 -4680.1 -4.5 68 0 36.6 120.0 12.5 0.0 0 1 5 4 4
2950.6 -4662.2 -6.0 69 0 49.3 120.9 10.0 0.0 0 1 4 1 1
3093.0 -4545.9 -9.4 339 0 118.1 13.4 12.5 2.5 2 0 5 2 2
3014.8 -4361.4 -10.4 250 0 14.4 114.4 12.5 0.0 0 1 5 3 3
2601.6 -4092.9 -14.9 157 0 113.0 133.7 7.5 0.0 0 1 3 5 5
2466.4 -4395.1 -5.8 156 0 110.2 160.8 7.5 0.0 0 1 3 3 3
2390.3 -4244.4 -11.5 155 0 197.4 178.1 15.0 0.0 0 0 6 0 0
699.2 -3545.8 1.5 296 0 86.2 174.0 12.5 0.0 0 1 5 0 0
365.1 -4220.0 11.5 308 0 43.0 15.6 14.0 0.0 0 0 4 5 5
356.0 -4240.5 11.5 309 0 59.2 120.2 14.0 0.0 0 1 4 4 4
118.2 -4082.5 2.8 219 0 83.8 40.5 14.0 0.0 0 0 4 1 1
231.9 -4094.8 4.8 309 0 71.5 149.7 14.0 0.0 0 1 4 5 5
346.5 -4069.2 7.7 128 0 40.6 13.3 17.5 0.0 0 0 7 1 1
429.1 -4014.8 3.4 39 0 115.8 36.2 12.5 0.0 0 0 5 2 2
360.5 -3906.1 1.3 307 0 64.4 111.9 10.0 0.0 0 1 4 4 4
190.2 -3957.8 -1.7 129 0 118.8 163.8 7.5 0.0 0 1 3 0 0
109.8 -6453.6 -1.6 158 0 74.2 47.8 12.5 0.0 0 0 5 4 4
25.6 -6336.2 1.4 63 0 103.4 46.2 10.0 0.0 0 0 4 3 3
35.4 -6239.1 1.8 334 0 49.5 100.8 10.0 0.0 0 1 4 0 0
-216.8 -6288.3 2.3 161 0 60.2 135.1 12.5 0.0 0 1 5 1 1
809.9 -7373.6 -12.2 78 0 57.4 179.9 10.0 0.0 0 1 4 0 0
793.5 -6917.8 1.6 51 0 14.8 66.6 10.0 2.5 2 1 4 3 3
528.4 -7323.4 -13.0 166 0 129.6 71.4 12.5 0.0 0 0 5 0 0
463.3 -7008.6 -5.5 258 0 82.6 41.2 10.0 0.0 0 0 4 5 5
550.0 -6976.5 -3.9 256 0 41.2 94.5 10.0 0.0 0 1 4 1 1
398.1 -7092.5 -7.0 80 0 36.9 81.1 15.0 0.0 0 1 6 3 3
290.2 -7046.0 -7.5 170 0 37.0 65.5 17.5 0.0 0 1 7 5 5
254.3 -6898.0 -5.4 166 0 45.2 15.8 10.0 2.5 2 0 4 2 2
270.6 -6974.4 -6.8 169 0 73.4 16.0 12.5 2.5 2 0 5 4 4
233.5 -6979.8 -7.4 348 0 69.6 14.5 12.5 2.5 2 0 5 5 5
176.1 -6963.3 -8.7 254 0 48.5 103.4 17.5 0.0 0 1 7 2 2
385.8 -6952.1 -6.2 347 0 71.5 72.1 12.5 0.0 0 1 5 3 3
366.7 -6876.0 -5.1 345 0 46.9 83.1 12.5 0.0 0 1 5 3 3
273.7 -6669.7 -3.3 257 0 96.1 117.8 12.5 0.0 0 1 5 3 3
355.0 -6649.5 -1.7 256 0 49.3 118.8 12.5 0.0 0 1 5 1 1
600.2 -6747.3 -0.3 348 0 46.9 80.6 12.5 0.0 0 1 5 3 3
-2212.2 -6056.5 11.2 184 0 47.6 99.1 10.0 0.0 0 1 4 4 4
-2080.5 -6090.0 10.3 94 0 24.2 188.6 12.5 0.0 0 1 5 1 1
-1655.7 -5015.3 12.7 75 0 39.3 65.5 7.5 0.0 0 1 3 3 3
-105.1 -4424.5 7.9 305 0 28.4 14.5 14.0 3.5 4 0 4 1 1
-162.6 -4467.6 8.4 215 0 84.8 40.8 14.0 0.0 0 0 4 4 4
-39.9 -4642.9 12.2 33 0 17.3 92.5 14.0 3.5 2 1 4 4 4
-24.6 -4601.4 10.4 34 0 55.9 114.2 14.0 0.0 0 1 4 5 5
2469.5 -780.3 -2.3 112 0 25.9 72.3 12.5 0.0 0 1 5 1 1
2509.8 -798.2 -2.0 112 0 25.9 72.3 10.0 0.0 0 1 4 0 0
2549.0 -815.6 -1.7 112 0 25.9 72.3 12.5 0.0 0 1 5 2 2
2581.6 -828.4 -1.5 112 0 25.9 72.3 10.0 0.0 0 1 4 3 3
2620.8 -846.3 -0.8 112 0 25.9 72.3 10.0 0.0 0 1 4 2 2
2535.8 -630.0 -6.1 292 0 25.9 72.3 10.0 0.0 0 1 4 4 4
2574.0 -648.9 -5.7 292 0 25.9 72.3 17.5 0.0 0 1 7 2 2
2613.7 -663.8 -5.5 292 0 25.9 72.3 10.0 0.0 0 1 4 0 0
2645.8 -678.1 -5.3 292 0 25.9 72.3 12.5 0.0 0 1 5 2 2
2682.1 -734.4 -4.2 22 0 72.3 25.9 7.5 0.0 0 0 3 5 5
2789.5 -726.9 -3.0 292 0 12.0 57.5 12.5 2.5 2 1 5 2 2
2816.4 -671.3 -5.9 292 0 14.4 41.0 12.5 2.5 4 1 5 4 4
3078.7 -653.5 5.1 293 0 12.7 61.1 15.0 2.5 2 1 6 4 4
3147.2 -748.2 0.4 292 0 33.4 15.5 12.5 2.5 2 0 5 5 5
3141.4 -824.5 -1.1 25 0 79.5 49.2 12.5 0.0 0 0 5 3 3
3023.3 -771.0 1.9 203 0 84.1 49.7 12.5 0.0 0 0 5 1 1
2852.2 -754.4 -3.4 293 0 83.1 36.7 10.0 0.0 0 0 4 3 3
2830.2 -934.7 -3.0 294 0 195.3 19.5 10.0 0.0 0 0 4 4 4
2842.5 -906.5 0.1 113 0 194.7 35.0 10.0 0.0 0 0 4 3 3
1305.5 -2675.2 -0.5 207 0 136.1 62.2 15.0 0.0 0 0 6 2 2
1372.3 -2545.9 0.9 207 0 134.0 47.5 12.5 0.0 0 0 5 2 2
1658.7 -2574.5 0.1 47 0 35.0 163.6 15.0 0.0 0 1 6 4 4
1522.1 -2505.2 -0.4 227 0 47.3 164.7 10.0 0.0 0 1 4 4 4
1497.1 -2563.7 -1.1 227 0 46.8 162.5 10.0 0.0 0 1 4 3 3
1471.6 -2621.0 -1.7 227 0 46.5 164.1 12.5 0.0 0 1 5 3 3
1484.4 -2754.4 -2.3 137 0 164.2 46.4 10.0 0.0 0 0 4 2 2
1459.7 -2814.1 -2.8 137 0 164.7 48.0 12.5 0.0 0 0 5 1 1
1428.3 -2865.9 -3.8 137 0 142.8 47.9 12.5 0.0 0 0 5 5 5
1155.2 -3319.3 5.5 138 0 38.7 16.0 10.0 0.0 0 0 4 1 1
1144.5 -3258.3 5.0 207 0 47.4 8.6 7.5 2.5 2 0 3 4 4
1173.9 -3264.5 2.8 217 0 59.3 47.3 15.0 0.0 0 0 6 3 3
1203.7 -3209.7 0.7 217 0 48.9 57.4 12.5 0.0 0 1 5 1 1
1224.5 -3162.4 -0.9 217 0 36.2 70.3 10.0 0.0 0 1 4 3 3
1391.3 -2974.8 -5.8 315 0 168.6 96.3 10.0 0.0 0 0 4 0 0
1254.2 -3065.7 -5.8 206 0 103.9 151.4 12.5 0.0 0 1 5 2 2
1487.1 -3309.3 -9.3 46 0 94.3 165.4 10.0 0.0 0 1 4 5 5
285.2 -2846.7 -3.1 130 0 69.4 130.0 10.0 0.0 0 1 4 3 3
44.1 -2542.1 -11.0 309 0 149.6 71.7 10.0 0.0 0 0 4 5 5
-271.8 -3437.2 7.3 50 0 13.6 36.4 7.5 0.0 0 1 3 3 3
-376.1 -3667.7 5.6 49 0 35.5 70.3 10.0 0.0 0 1 4 3 3
-350.0 -3624.3 5.9 49 0 41.2 55.3 12.5 0.0 0 1 5 5 5
-321.0 -3574.3 6.2 49 0 45.8 35.1 5.0 0.0 0 0 2 5 5
-361.8 -3492.9 7.1 317 0 78.3 46.4 12.5 0.0 0 0 5 1 1
-394.6 -3573.8 7.1 49 0 40.6 77.2 12.5 0.0 0 1 5 3 3
-482.3 -3547.3 7.1 228 0 35.9 78.6 10.0 0.0 0 1 4 0 0
-571.9 -3541.4 11.2 138 0 90.5 23.5 15.0 0.0 0 0 6 1 1
-635.0 -3476.9 14.9 136 0 66.8 39.8 12.5 0.0 0 0 5 4 4
-504.1 -3392.4 10.6 318 0 18.8 107.0 10.0 0.0 0 1 4 4 4
-347.2 -3258.2 8.5 228 0 39.4 15.2 10.0 2.5 2 0 4 2 2
-410.2 -3268.0 10.1 228 0 18.1 50.2 10.0 2.5 2 1 4 0 0
-332.1 -3199.6 7.2 228 0 36.7 48.6 7.5 0.0 0 1 3 3 3
-393.9 -3179.0 7.2 140 0 67.3 54.4 12.5 0.0 0 0 5 0 0
-410.7 -3196.4 9.2 320 0 67.3 54.4 15.0 0.0 0 0 6 4 4
-357.1 -3373.1 8.4 138 0 89.5 27.0 12.5 0.0 0 0 5 3 3
702.8 -3866.1 -4.8 126 0 109.0 22.7 15.0 0.0 0 0 6 0 0
2456.6 -3667.9 -15.5 203 0 33.8 59.0 10.0 0.0 0 1 4 5 5
2664.9 -2878.6 3.6 38 0 72.2 34.1 10.0 0.0 0 0 4 1 1
2361.5 -1742.1 -1.6 249 0 7.8 83.3 7.5 2.5 2 1 3 3 3
