-1592.0 -5016.8 -21.6 316 0 6.8 10.0 7.5 2.5 2 1 3 0 0
-1532.6 -4963.7 -21.5 106 0 10.2 10.4 7.5 2.5 2 1 3 0 0
-1582.9 -5038.6 -21.9 290 0 5.7 6.6 5.0 2.5 2 1 2 1 1
-1527.2 -4971.4 -21.3 24 0 5.7 8.2 2.5 0.0 0 1 1 3 3
-1557.6 -4969.7 -20.3 43 0 8.7 10.1 5.0 2.5 2 1 2 4 4
-1517.4 -4930.5 -22.5 113 0 7.8 5.8 7.5 2.5 2 0 3 0 0
-1454.1 -4990.9 -23.6 238 0 8.4 8.6 2.5 2.5 2 1 1 3 3
-1447.6 -4941.4 -24.9 153 0 15.5 10.3 7.5 2.5 2 0 3 3 3
-1482.8 -4963.4 -23.2 167 0 8.2 8.3 5.0 2.5 2 1 2 5 5
-1459.0 -4972.7 -23.9 145 0 8.8 7.4 5.0 2.5 2 0 2 4 4
-1420.3 -4956.4 -25.5 146 0 8.7 7.3 7.5 0.0 0 0 3 1 1
-1483.0 -4949.7 -23.4 90 0 6.5 10.7 5.0 2.5 2 1 2 5 5
-1447.0 -4999.8 -23.8 231 0 8.6 7.0 5.0 2.5 2 0 2 5 5
-1486.8 -4934.9 -23.6 177 0 7.2 9.8 7.5 2.5 2 1 3 3 3
-1423.2 -5036.8 -25.7 226 0 10.0 10.4 2.5 0.0 0 1 1 3 3
-1472.7 -4942.5 -23.9 186 0 7.4 8.6 5.0 0.0 0 1 2 3 3
-1466.8 -4960.7 -23.9 176 0 7.5 8.8 7.5 2.5 2 1 3 1 1
-1450.3 -5068.5 -23.8 183 0 6.9 9.6 7.5 2.5 2 1 3 1 1
-1453.6 -5037.6 -23.0 269 0 10.9 12.7 7.5 2.5 2 1 3 5 5
-1501.9 -4968.5 -22.4 215 0 6.2 9.6 2.5 2.5 2 1 1 5 5
-3936.2 -5550.9 -25.9 150 0 250.5 83.5 10.0 0.0 0 0 4 0 0
831.3 8902.5 -37.3 244 0 14.1 32.1 12.5 0.0 0 1 5 0 0
843.9 8914.0 -37.7 241 0 10.1 45.3 12.5 2.5 2 1 5 3 3
800.0 8892.0 -37.9 244 0 26.1 8.6 7.5 2.5 2 0 3 1 1
-4383.1 7968.8 -6.8 276 0 15.2 47.3 14.0 3.5 4 1 4 1 1
-4415.9 7973.7 -6.5 274 0 14.8 49.8 14.0 3.5 2 1 4 5 5
-4468.2 7979.7 -5.9 276 0 14.5 51.3 14.0 3.5 2 1 4 4 4
-4510.7 7958.5 -5.2 185 0 51.0 14.3 14.0 3.5 2 0 4 3 3
-4401.7 7999.4 -6.8 276 0 65.9 15.4 14.0 0.0 0 0 4 0 0
-4508.5 8003.0 -6.2 186 0 14.9 63.4 14.0 3.5 2 1 4 4 4
-3679.4 9014.3 -30.1 43 0 16.5 28.7 12.5 2.5 2 1 5 1 1
-3649.8 9023.4 -30.2 43 0 16.5 28.7 17.5 0.0 0 1 7 0 0
-5083.2 7914.7 0.6 295 0 11.4 64.3 15.0 2.5 4 1 6 3 3
-5094.0 7836.8 -0.1 26 0 10.1 28.9 7.5 2.5 2 1 3 1 1
-5295.8 8269.6 -24.0 156 0 13.9 53.8 12.5 2.5 4 1 5 3 3
-6291.6 6375.5 11.2 263 0 34.1 40.2 12.5 0.0 0 1 5 5 5
-6097.9 6213.1 22.5 343 0 7.6 14.7 2.5 2.5 2 1 1 4 4
-6173.2 6214.7 23.6 308 0 9.2 35.0 7.5 2.5 2 1 3 4 4
-6160.3 6156.9 29.4 77 0 22.2 10.0 5.0 2.5 2 0 2 4 4
-6181.2 6239.6 21.1 159 0 35.4 9.9 7.5 2.5 2 0 3 2 2
-6157.4 6238.6 23.2 163 0 40.3 11.3 10.0 2.5 2 0 4 3 3
-6124.5 6218.3 23.4 55 0 12.0 39.3 12.5 2.5 2 1 5 4 4
-6109.0 6227.3 24.0 73 0 10.6 37.7 12.5 2.5 2 1 5 5 5
-6110.1 6270.4 25.3 33 0 10.4 20.0 10.0 2.5 2 1 4 4 4
-6101.4 6283.9 25.4 33 0 10.4 20.0 5.0 2.5 2 1 2 3 3
-6095.6 6306.1 24.9 33 0 10.4 20.0 7.5 2.5 2 1 3 4 4
-1719.4 11482.7 -35.3 137 0 45.6 10.2 10.0 2.5 2 0 4 3 3
-414.8 9766.9 -28.7 295 0 10.0 32.4 17.5 0.0 0 1 7 1 1
-1209.7 9479.5 -41.9 314 0 25.4 26.1 10.0 0.0 0 1 4 5 5
98.0 11031.0 -25.3 103 0 25.0 9.1 2.5 2.5 2 0 1 3 3
58.1 11016.3 -23.9 72 0 34.4 7.2 5.0 2.5 2 0 2 3 3
24.9 10964.7 -25.3 323 0 44.5 8.2 7.5 2.5 2 0 3 2 2
52.4 10923.4 -27.2 319 0 13.2 72.7 12.5 0.0 0 1 5 1 1
-344.7 9192.8 -26.0 165 0 12.0 14.5 7.5 0.0 0 1 3 5 5
-331.9 9077.4 -28.5 115 0 19.2 12.1 5.0 2.5 2 0 2 2 2
-354.2 9095.3 -27.4 148 0 20.0 11.7 2.5 0.0 0 0 1 4 4
-301.1 9096.4 -27.6 293 0 12.1 20.3 7.5 2.5 2 1 3 3 3
-258.2 9121.2 -20.7 118 0 15.3 44.2 7.5 2.5 2 1 3 5 5
-335.3 9176.9 -24.5 165 0 12.0 14.5 7.5 2.5 2 1 3 1 1
-351.9 9198.1 -28.1 75 0 14.5 12.0 10.0 2.5 2 0 4 2 2
3867.2 -1091.9 -36.6 247 0 45.1 54.5 15.0 0.0 0 1 6 3 3
3787.6 -1153.5 -34.0 157 0 44.0 70.7 12.5 0.0 0 1 5 0 0
