-964.3 504.9 -5.8 59 0 8.6 38.0 10.5 3.5 2 1 3 4 4
-1008.9 499.9 -17.3 283 0 9.5 56.0 10.5 3.5 2 1 3 3 3
-1067.3 517.0 -18.5 283 0 7.7 28.9 10.5 3.5 2 1 3 1 1
712.9 -914.5 11.7 212 0 10.3 35.0 17.5 0.0 0 1 5 3 3
778.1 -903.1 7.2 288 0 9.9 57.5 10.5 3.5 2 1 3 3 3
764.0 -901.4 8.9 292 0 10.3 33.5 17.5 0.0 0 1 5 1 1
777.1 -984.7 7.2 16 0 24.0 11.7 17.5 3.5 2 0 5 0 0
715.8 -1027.9 14.7 80 0 11.2 7.7 10.5 3.5 2 0 3 0 0
672.0 -1031.0 18.3 124 0 15.8 24.6 17.5 3.5 2 1 5 5 5
-1093.9 -806.9 3.6 15 0 15.7 13.9 14.0 3.5 2 0 4 3 3
-1110.6 -845.1 4.0 103 0 13.6 26.9 14.0 3.5 2 1 4 2 2
-1137.8 -803.1 4.9 104 0 13.2 17.2 14.0 3.5 2 1 4 3 3
-1143.1 -836.8 5.3 101 0 12.0 30.0 14.0 3.5 2 1 4 3 3
-1180.6 -861.6 6.3 101 0 12.8 76.4 14.0 3.5 2 1 4 3 3
-1212.9 -856.7 7.7 101 0 13.0 71.5 14.0 3.5 2 1 4 5 5
-1241.2 -843.8 8.9 101 0 13.2 62.6 14.0 3.5 2 1 4 0 0
-1272.1 -829.5 10.0 102 0 12.8 62.1 14.0 3.5 2 1 4 5 5
-1298.7 -810.1 11.0 102 0 14.0 58.0 14.0 3.5 2 1 4 5 5
-1326.2 -785.9 12.0 101 0 12.7 57.3 14.0 3.5 2 1 4 5 5
-1352.6 -762.9 12.5 103 0 13.4 78.6 14.0 3.5 2 1 4 0 0
-1318.7 -600.8 11.1 283 0 14.5 78.6 14.0 3.5 2 1 4 0 0
-1286.3 -610.4 9.9 283 0 11.9 88.8 14.0 3.5 2 1 4 3 3
-1257.5 -627.6 8.8 283 0 12.1 90.4 14.0 3.5 2 1 4 5 5
-1227.2 -638.3 7.6 283 0 12.4 84.2 14.0 3.5 2 1 4 2 2
-1197.3 -638.2 6.4 282 0 13.9 95.7 14.0 3.5 2 1 4 0 0
-1189.7 -753.4 6.6 103 0 12.8 25.8 14.0 3.5 2 1 4 1 1
-1162.8 -632.6 4.9 282 0 11.7 90.6 14.0 3.5 2 1 4 1 1
-1132.2 -640.4 3.7 283 0 11.9 66.7 14.0 3.5 2 1 4 1 1
-1163.9 -775.2 4.9 104 0 14.0 67.0 14.0 3.5 2 1 4 4 4
-1130.7 -775.6 2.6 103 0 12.1 125.8 14.0 3.5 2 1 4 3 3
-1101.8 -783.6 1.4 103 0 12.1 127.3 14.0 3.5 2 1 4 1 1
-1049.4 -719.6 0.2 13 0 105.1 10.9 14.0 3.5 2 0 4 3 3
-1146.8 -562.5 3.7 283 0 12.1 63.6 14.0 3.5 4 1 4 1 1
-1115.1 -570.8 2.5 284 0 10.9 65.8 14.0 3.5 2 1 4 2 2
-1085.3 -573.9 1.2 279 0 11.4 73.1 14.0 3.5 2 1 4 3 3
-1055.4 -579.0 -0.0 279 0 12.6 71.6 14.0 3.5 2 1 4 1 1
-1023.4 -586.3 -1.3 280 0 12.5 69.2 14.0 3.5 4 1 4 0 0
6576.8 -10208.8 -1.0 307 0 72.1 124.5 12.5 0.0 0 1 5 3 3
