-4834.5 9559.5 -5.1 89 0 46.9 82.8 5.0 0.0 0 1 2 1 1
-4937.5 10238.8 -8.0 97 0 30.7 122.1 12.5 0.0 0 1 5 0 0
6648.9 2490.0 -4.3 202 0 7.5 9.6 5.0 2.5 2 1 2 5 5
6261.2 2153.7 -1.9 22 0 7.5 9.5 10.5 3.5 2 1 3 0 0
5617.0 2032.2 -3.0 304 0 12.7 83.6 10.0 0.0 0 1 4 1 1
6634.3 2526.1 -3.9 202 0 7.5 9.6 2.5 2.5 2 1 1 0 0
6312.8 2343.2 -1.4 292 0 8.5 7.6 10.5 3.5 2 0 3 2 2
6383.9 2386.8 -1.9 22 0 7.5 9.5 10.5 3.5 2 1 3 1 1
6828.3 2584.7 -5.7 202 0 7.5 9.6 5.0 2.5 2 1 2 4 4
6718.8 2554.0 -4.6 40 0 11.7 9.1 5.0 0.0 0 0 2 2 2
6929.8 2754.9 -10.2 22 0 7.5 9.5 5.0 2.5 2 1 2 0 0
6931.0 2808.0 -10.3 22 0 7.5 9.6 5.0 2.5 2 1 2 1 1
5636.3 1948.5 -1.7 323 0 9.3 42.5 7.5 2.5 2 1 3 2 2
6907.2 2664.0 -8.8 49 0 17.0 8.8 7.5 0.0 0 0 3 0 0
5591.3 1920.6 -0.7 55 0 12.4 48.1 7.5 2.5 2 1 3 1 1
6927.1 2772.8 -10.3 22 0 9.7 8.0 5.0 2.5 2 0 2 5 5
5995.2 2460.1 -7.1 189 0 11.6 8.8 10.5 3.5 2 0 3 3 3
6037.7 2365.6 -5.8 87 0 8.9 8.7 10.5 3.5 2 0 3 4 4
6010.6 2347.4 -6.0 267 0 8.9 8.7 10.5 3.5 2 0 3 0 0
6288.2 2159.1 -2.2 94 0 9.6 8.2 10.5 3.5 4 0 3 5 5
5989.3 2401.3 -6.8 189 0 11.6 8.8 10.5 3.5 4 0 3 0 0
6310.4 2180.3 -2.3 4 0 8.2 9.6 10.5 3.5 2 1 3 3 3
6221.1 2230.8 -1.4 289 0 8.3 11.8 10.5 0.0 0 1 3 3 3
6234.3 2347.3 -2.1 292 0 8.5 7.6 10.5 3.5 2 0 3 2 2
5978.4 2470.4 -7.7 9 0 11.6 8.8 10.5 3.5 2 0 3 4 4
6060.3 2366.2 -5.4 87 0 8.9 8.7 10.5 3.5 2 0 3 4 4
5967.5 2424.9 -7.5 9 0 11.6 8.8 10.5 3.5 4 0 3 0 0
6289.0 2193.0 -2.0 274 0 9.6 8.2 10.5 3.5 2 0 3 3 3
6165.2 2285.6 -2.8 289 0 8.3 11.8 10.5 3.5 2 1 3 4 4
6070.2 2352.6 -5.0 267 0 8.9 8.7 10.5 3.5 2 0 3 1 1
6106.0 2282.3 -3.8 289 0 8.3 11.8 10.5 3.5 2 1 3 4 4
6243.3 2223.4 -1.3 289 0 8.3 11.8 10.5 3.5 4 1 3 0 0
5987.8 2360.4 -6.6 87 0 8.9 8.7 10.5 3.5 2 0 3 5 5
6244.1 2131.4 -1.8 19 0 11.8 8.3 10.5 3.5 2 0 3 5 5
6014.2 2550.7 -7.5 195 0 52.7 10.4 10.5 3.5 4 0 3 4 4
6220.2 2135.1 -1.6 109 0 8.3 11.8 10.5 3.5 2 1 3 2 2
6013.8 2362.5 -6.2 87 0 8.9 8.7 10.5 3.5 2 0 3 3 3
6048.5 2365.6 -5.6 87 0 8.9 8.7 10.5 3.5 2 0 3 5 5
6097.1 2368.6 -4.7 87 0 8.9 8.7 10.5 3.5 2 0 3 0 0
6267.6 2346.5 -1.5 292 0 8.5 7.6 10.5 3.5 2 0 3 0 0
6161.5 2178.3 -1.9 199 0 11.8 8.3 10.5 3.5 4 0 3 3 3
6300.9 2101.6 -2.7 184 0 8.2 9.6 10.5 3.5 2 1 3 3 3
6091.4 2255.4 -3.8 199 0 11.8 8.3 10.5 3.5 2 0 3 3 3
6233.4 2107.9 -2.5 109 0 8.3 11.8 10.5 3.5 2 1 3 5 5
5954.4 2376.3 -7.4 9 0 11.6 8.8 10.5 3.5 2 0 3 0 0
6081.5 2353.6 -4.8 267 0 8.9 8.7 10.5 3.5 2 0 3 3 3
6249.0 2195.5 -1.6 289 0 8.3 11.8 10.5 0.0 0 1 3 5 5
6140.6 2269.0 -3.1 289 0 8.3 11.8 10.5 3.5 2 1 3 3 3
6302.6 2165.9 -2.3 94 0 9.6 8.2 10.5 3.5 2 0 3 0 0
6053.3 2351.1 -5.3 267 0 8.9 8.7 10.5 3.5 2 0 3 0 0
6327.0 2188.3 -2.4 4 0 8.2 9.6 10.5 3.5 2 1 3 2 2
6106.5 2354.0 -4.4 267 0 8.9 8.7 10.5 3.5 4 0 3 4 4
6117.9 2232.4 -3.2 109 0 8.3 11.8 10.5 3.5 2 1 3 1 1
6117.7 2213.2 -3.1 109 0 8.3 11.8 10.5 3.5 2 1 3 0 0
6120.2 2371.0 -4.3 87 0 8.9 8.7 10.5 3.5 2 0 3 1 1
6040.9 2350.5 -5.5 267 0 8.9 8.7 10.5 3.5 2 0 3 2 2
6000.6 2362.5 -6.4 87 0 8.9 8.7 10.5 3.5 4 0 3 4 4
6085.4 2241.7 -3.8 199 0 11.8 8.3 10.5 3.5 2 0 3 5 5
5989.1 2518.0 -7.9 9 0 11.6 8.8 10.5 3.5 2 0 3 4 4
6431.5 2412.9 -2.3 62 0 9.3 9.0 10.5 3.5 2 0 3 4 4
5739.4 3900.6 -2.5 10 0 7.9 9.7 5.0 2.5 2 1 2 5 5
5733.3 3877.6 -2.4 13 0 23.9 10.2 5.0 2.5 2 0 2 2 2
5756.6 3911.8 -2.5 190 0 7.9 9.7 2.5 0.0 0 1 1 3 3
5702.8 3881.3 -2.5 103 0 10.2 23.9 5.0 0.0 0 1 2 4 4
5748.8 3896.8 -2.5 190 0 7.9 9.7 5.0 2.5 2 1 2 4 4
5687.9 3887.9 -2.5 103 0 10.2 23.9 5.0 2.5 2 1 2 2 2
5703.6 3920.5 -2.6 190 0 7.9 9.7 5.0 2.5 2 1 2 3 3
5673.9 3889.3 -2.5 103 0 10.2 23.9 5.0 2.5 4 1 2 4 4
5983.7 4509.4 -5.2 179 0 8.8 9.9 5.0 2.5 4 1 2 4 4
6119.7 4321.7 -4.3 167 0 8.4 8.7 2.5 2.5 2 1 1 3 3
6062.3 4516.5 -5.2 359 0 8.8 9.9 5.0 2.5 2 1 2 0 0
6079.5 4583.6 -5.6 2 0 39.7 9.3 7.5 2.5 2 0 3 5 5
5792.2 4013.4 -3.0 47 0 9.6 8.0 2.5 2.5 2 0 1 0 0
5694.4 3972.7 -2.8 156 0 9.7 9.7 5.0 2.5 4 0 2 5 5
6089.6 4400.5 -4.6 359 0 8.8 9.9 5.0 2.5 4 1 2 5 5
5977.0 4604.6 -5.8 272 0 9.2 39.7 7.5 2.5 2 1 3 4 4
5993.1 4605.2 -5.7 272 0 9.3 39.7 7.5 2.5 2 1 3 5 5
6091.6 4544.7 -5.3 359 0 8.8 9.9 7.5 2.5 2 1 3 1 1
5921.9 4405.7 -4.8 179 0 8.8 9.9 5.0 2.5 2 1 2 3 3
5939.8 4374.0 -4.7 182 0 47.5 9.8 7.5 2.5 2 0 3 3 3
6008.5 4421.6 -4.7 179 0 8.8 9.9 2.5 2.5 2 1 1 1 1
5781.0 4031.5 -3.1 341 0 8.4 17.7 2.5 2.5 2 1 1 3 3
5816.1 3999.1 -2.9 129 0 8.1 15.9 2.5 0.0 0 1 1 2 2
5985.3 4455.5 -4.9 179 0 8.8 9.9 5.0 2.5 2 1 2 3 3
5756.2 3992.9 -2.9 66 0 9.7 9.7 5.0 2.5 4 1 2 3 3
6076.6 4427.0 -4.8 2 0 39.7 9.3 7.5 2.5 2 0 3 3 3
5959.5 4543.1 -5.5 182 0 39.7 9.3 7.5 2.5 2 0 3 5 5
6101.6 4562.1 -5.3 179 0 8.8 9.9 5.0 2.5 4 1 2 0 0
5794.6 3999.9 -2.9 47 0 9.6 8.0 5.0 2.5 2 0 2 2 2
6089.9 4270.9 -4.0 347 0 8.4 8.7 5.0 2.5 2 1 2 3 3
5882.4 3970.2 -2.8 9 0 7.9 7.5 5.0 2.5 2 0 2 2 2
5985.9 4340.5 -4.4 89 0 9.9 8.8 5.0 2.5 2 0 2 5 5
5982.1 4388.5 -4.6 179 0 8.8 9.9 7.5 2.5 4 1 3 2 2
6095.3 4649.6 -5.8 359 0 8.8 9.9 2.5 2.5 2 1 1 2 2
5895.9 3986.1 -2.8 9 0 8.0 7.5 5.0 2.5 2 0 2 1 1
5953.3 4377.4 -4.6 182 0 39.7 9.3 5.0 0.0 0 0 2 5 5
5968.2 4441.6 -4.9 179 0 8.8 9.9 2.5 2.5 2 1 1 3 3
6002.2 4576.4 -5.6 270 0 8.9 8.7 2.5 0.0 0 0 1 0 0
5974.1 4507.5 -5.3 89 0 9.9 8.8 5.0 2.5 2 0 2 0 0
6044.8 4376.4 -4.5 359 0 8.8 9.9 5.0 0.0 0 1 2 0 0
6004.8 4605.3 -5.7 269 0 9.9 8.8 2.5 2.5 4 0 1 0 0
5983.7 4370.9 -4.5 179 0 8.8 9.9 5.0 2.5 2 1 2 3 3
6206.5 4349.8 -4.4 355 0 6.8 9.2 5.0 2.5 2 1 2 0 0
5737.4 3961.4 -2.8 66 0 9.7 9.7 5.0 2.5 2 1 2 5 5
5825.6 3970.3 -2.8 189 0 8.0 7.5 5.0 2.5 2 0 2 5 5
6022.9 4546.3 -5.4 359 0 8.8 9.9 5.0 2.5 2 1 2 2 2
6189.6 4399.1 -4.6 360 0 12.3 6.9 7.5 2.5 2 0 3 1 1
5674.9 3987.4 -2.9 156 0 9.7 9.7 2.5 2.5 2 0 1 4 4
6111.0 4294.0 -4.2 77 0 8.7 8.4 2.5 2.5 2 0 1 0 0
5872.0 4010.9 -2.9 292 0 7.6 15.1 2.5 2.5 2 1 1 4 4
6232.9 4351.1 -4.4 355 0 6.8 9.2 5.0 2.5 4 1 2 4 4
6090.4 4379.3 -4.5 359 0 8.8 9.9 2.5 2.5 4 1 1 4 4
5957.8 4502.6 -5.3 89 0 9.9 8.8 2.5 2.5 2 0 1 2 2
6117.8 4331.3 -4.3 167 0 8.4 8.7 2.5 2.5 2 1 1 5 5
6010.5 4439.6 -4.8 179 0 8.8 9.9 2.5 2.5 2 1 1 0 0
6063.6 4476.4 -5.0 2 0 39.7 9.3 7.5 2.5 2 0 3 3 3
6242.5 4339.3 -4.3 355 0 6.8 9.2 5.0 2.5 2 1 2 2 2
5714.7 3945.9 -2.7 156 0 9.7 9.7 5.0 2.5 2 0 2 5 5
5692.5 4018.6 -3.1 156 0 9.7 9.7 5.0 2.5 2 0 2 3 3
5729.5 4012.8 -3.0 246 0 9.7 9.7 5.0 2.5 2 1 2 5 5
6092.0 4455.2 -4.9 359 0 8.8 9.9 5.0 2.5 2 1 2 0 0
6094.0 4600.2 -5.5 359 0 8.8 9.9 5.0 2.5 4 1 2 2 2
6197.7 4483.4 -5.0 360 0 12.3 6.9 5.0 2.5 2 0 2 4 4
5685.4 4002.5 -3.0 156 0 9.7 9.7 5.0 2.5 4 0 2 2 2
6108.3 4245.3 -3.9 347 0 8.4 8.7 5.0 2.5 2 1 2 2 2
5708.4 3982.7 -2.9 156 0 9.7 9.7 5.0 2.5 4 0 2 0 0
6110.9 4286.4 -4.1 167 0 8.4 8.7 5.0 2.5 2 1 2 4 4
6199.8 4433.4 -4.8 360 0 12.3 6.9 7.5 2.5 2 0 3 4 4
6020.7 4607.1 -5.7 272 0 9.2 39.7 7.5 2.5 2 1 3 1 1
5988.7 4516.2 -5.4 92 0 9.3 39.7 7.5 2.5 2 1 3 1 1
6259.1 4335.1 -4.3 355 0 6.8 9.2 5.0 2.5 2 1 2 5 5
5862.9 3969.9 -2.8 9 0 8.0 7.5 2.5 2.5 2 0 1 3 3
5710.9 1449.9 2.1 67 0 11.2 14.1 5.0 2.5 2 1 2 1 1
5851.0 1855.0 -4.6 79 0 12.7 28.3 12.5 2.5 4 1 5 0 0
5554.4 1688.1 3.3 247 0 13.6 72.2 7.5 2.5 2 1 3 2 2
5637.9 1568.2 2.8 247 0 11.2 14.1 5.0 2.5 2 1 2 4 4
5679.2 1393.8 1.8 67 0 11.2 14.1 5.0 0.0 0 1 2 2 2
6013.0 1526.4 -1.3 67 0 11.9 43.7 14.0 3.5 2 1 4 0 0
5637.3 1476.7 2.3 157 0 14.1 11.2 5.0 2.5 2 0 2 2 2
5967.7 1504.4 0.0 67 0 11.9 43.7 14.0 3.5 4 1 4 4 4
5682.4 1473.7 2.3 337 0 14.1 11.2 5.0 2.5 2 0 2 1 1
5610.9 1539.8 2.7 157 0 14.1 11.2 5.0 2.5 2 0 2 3 3
5653.0 1440.1 2.1 157 0 14.1 11.2 5.0 2.5 4 0 2 4 4
5695.7 1498.5 2.4 337 0 14.1 11.2 2.5 2.5 4 0 1 4 4
5662.7 1520.2 2.5 337 0 14.1 11.2 2.5 2.5 2 0 1 4 4
5810.6 1981.4 -5.8 263 0 10.5 16.0 5.0 0.0 0 1 2 5 5
5990.5 1517.4 -0.7 67 0 11.9 43.7 14.0 3.5 4 1 4 5 5
5929.7 1514.7 0.7 157 0 43.7 11.9 14.0 3.5 2 0 4 4 4
5828.3 1879.4 -4.4 83 0 10.5 16.0 5.0 2.5 4 1 2 0 0
5689.7 1512.2 2.5 337 0 14.1 11.2 5.0 2.5 2 0 2 4 4
