3196.4 7262.4 -161.4 348 0 210.4 128.4 14.0 0.0 0 0 4 2 2
3261.1 8109.4 -149.6 273 0 20.1 17.9 7.5 2.5 2 0 3 4 4
2316.1 8017.0 -157.5 77 0 69.0 217.0 12.5 0.0 0 1 5 4 4
3549.2 5178.5 -159.3 260 0 48.4 150.0 14.0 0.0 0 1 4 1 1
3356.0 8080.2 -152.2 272 0 40.5 99.1 12.5 0.0 0 1 5 3 3
3409.2 8176.4 -146.3 92 0 50.5 63.0 12.5 0.0 0 1 5 1 1
3244.8 7986.5 -153.3 92 0 40.3 97.2 10.0 0.0 0 1 4 0 0
2441.9 5042.8 -153.6 92 0 10.6 49.2 7.5 2.5 2 1 3 2 2
3815.1 4940.8 -158.8 80 0 20.9 107.2 14.0 0.0 0 1 4 2 2
3598.3 4900.6 -159.5 80 0 49.3 107.7 14.0 0.0 0 1 4 0 0
3373.9 7864.8 -157.0 93 0 39.7 93.3 12.5 0.0 0 1 5 2 2
3759.0 5219.1 -158.9 260 0 48.2 153.7 14.0 0.0 0 1 4 1 1
3343.2 8179.9 -146.9 92 0 24.4 60.9 12.5 2.5 2 1 5 5 5
3668.8 4913.8 -159.6 79 0 50.1 107.6 14.0 0.0 0 1 4 1 1
3619.4 5193.1 -159.6 260 0 49.5 153.7 14.0 0.0 0 1 4 5 5
3296.1 8332.2 -147.7 272 0 23.0 151.2 12.5 0.0 0 1 5 0 0
3415.4 8328.0 -144.6 272 0 50.2 60.2 12.5 0.0 0 1 5 2 2
2994.7 7435.2 -161.6 168 0 161.4 53.5 14.0 0.0 0 0 4 4 4
3300.3 7983.5 -152.7 92 0 40.3 96.7 12.5 0.0 0 1 5 3 3
3833.0 5181.6 -158.4 350 0 88.8 37.0 14.0 0.0 0 0 4 4 4
3757.6 4927.5 -159.5 79 0 87.1 109.2 14.0 0.0 0 1 4 5 5
3349.6 8331.4 -145.2 272 0 24.5 61.5 12.5 2.5 4 1 5 1 1
2241.4 7211.5 -162.8 347 0 72.1 217.0 12.5 0.0 0 1 5 1 1
3306.1 7867.5 -157.9 92 0 54.9 65.7 12.5 0.0 0 1 5 1 1
3688.7 5207.0 -159.3 260 0 48.8 154.1 14.0 0.0 0 1 4 1 1
3460.2 6951.4 -159.8 78 0 53.1 233.2 10.0 0.0 0 1 4 3 3
-834.2 -6776.7 154.6 254 0 11.3 13.6 5.0 2.5 2 1 2 0 0
-1449.1 -6212.4 -73.6 349 0 43.4 49.6 10.0 0.0 0 1 4 1 1
-1936.4 3216.9 -153.0 153 0 50.8 8.4 7.5 2.5 2 0 3 5 5
-1721.1 3331.0 -154.6 245 0 161.8 11.5 7.5 0.0 0 0 3 2 2
-1724.5 3579.2 -154.3 336 0 146.5 10.0 7.5 2.5 2 0 3 3 3
-1315.8 3391.6 -158.4 95 0 11.0 96.4 12.5 0.0 0 1 5 5 5
-3006.4 2827.2 -155.7 78 0 12.6 244.8 7.5 0.0 0 1 3 5 5
-5747.3 -2099.2 -147.3 74 0 195.7 13.4 10.0 0.0 0 0 4 1 1
2315.4 6153.7 -158.7 356 0 223.7 435.8 12.5 0.0 0 1 5 2 2
2343.3 6119.6 -159.2 176 0 127.1 72.6 12.5 0.0 0 0 5 1 1
2404.0 6242.3 -160.1 181 0 67.0 10.5 10.0 2.5 2 0 4 5 5
-18.7 5960.8 -154.6 177 0 42.3 63.5 7.5 0.0 0 1 3 0 0
-975.3 -3675.1 -132.4 24 0 43.4 21.8 10.0 0.0 0 0 4 3 3
2531.1 6541.8 -158.3 79 0 55.5 32.4 14.0 0.0 0 0 4 0 0
3043.9 6955.7 -159.3 348 0 200.5 307.0 14.0 0.0 0 1 4 3 3
3090.3 6751.2 -158.4 347 0 199.1 249.9 14.0 0.0 0 1 4 1 1
2814.8 6661.5 -157.8 79 0 11.0 32.7 14.0 3.5 2 1 4 1 1
2806.4 6704.5 -158.0 78 0 12.5 33.7 14.0 3.5 2 1 4 3 3
2796.1 6750.3 -158.2 80 0 11.0 32.1 14.0 3.5 2 1 4 2 2
