4971.0 -10205.7 -12.0 335 0 128.2 9.2 10.5 3.5 2 0 3 2 2
4960.8 -10152.4 -11.7 242 0 9.3 117.3 10.5 0.0 0 1 3 3 3
4995.4 -10136.3 -11.5 246 0 51.4 7.5 10.5 3.5 2 0 3 1 1
5067.7 -10240.2 -10.9 105 0 38.3 79.8 14.0 0.0 0 1 4 3 3
5066.5 -10018.6 -10.3 262 0 46.5 58.1 14.0 0.0 0 1 4 0 0
5077.2 -10106.3 -10.5 267 0 37.9 33.8 14.0 0.0 0 0 4 5 5
5008.1 -9914.1 -12.3 351 0 23.6 128.9 14.0 0.0 0 1 4 5 5
4905.7 -10000.1 -12.0 172 0 53.0 117.5 14.0 0.0 0 1 4 2 2
5137.6 -9996.1 -10.4 83 0 192.7 60.7 14.0 0.0 0 0 4 4 4
5027.4 -9907.6 -10.4 171 0 36.7 178.0 14.0 0.0 0 0 4 1 1
5240.5 -9892.0 -8.3 81 0 70.3 50.8 14.0 0.0 0 0 4 4 4
5216.5 -10180.7 -9.3 122 0 82.2 9.7 10.5 3.5 2 0 3 0 0
5320.8 -9909.0 -9.0 212 0 539.7 11.9 14.0 0.0 0 0 4 5 5
5357.9 -9779.9 -6.9 34 0 238.3 12.2 14.0 0.0 0 0 4 2 2
4873.6 -10005.1 -12.6 341 0 64.7 8.3 10.5 3.5 2 0 3 5 5
