-4493.3 -10283.2 3.1 269 0 78.9 52.5 10.5 0.0 0 0 3 5 5
-4451.9 -10357.7 3.4 359 0 23.8 80.2 10.5 0.0 0 1 3 0 0
-6910.5 2769.4 -12.1 202 0 7.5 9.6 10.5 3.5 2 1 3 5 5
-6844.0 2954.8 -8.3 300 0 7.5 39.4 10.5 3.5 2 1 3 5 5
-6920.1 2753.6 -13.0 202 0 7.5 9.5 10.5 3.5 2 1 3 4 4
-6831.9 2835.6 -8.4 22 0 7.5 9.6 10.5 3.5 2 1 3 5 5
-6810.7 2877.3 -8.1 27 0 7.4 7.9 10.5 3.5 2 1 3 1 1
-6907.5 2812.1 -11.9 202 0 9.7 8.0 10.5 3.5 2 0 3 3 3
-6842.4 2898.5 -8.2 209 0 9.2 19.9 10.5 3.5 2 1 3 3 3
-6823.4 2812.0 -8.5 27 0 7.4 7.9 10.5 3.5 2 1 3 1 1
-6880.6 2485.7 -10.6 108 0 9.2 24.8 2.5 2.5 2 1 1 3 3
-6664.4 2967.3 -8.1 98 0 8.0 25.1 2.5 2.5 2 1 1 2 2
-6767.8 2694.7 -9.2 301 0 8.7 9.7 7.0 3.5 2 1 2 3 3
-6877.0 2900.0 -9.1 209 0 9.2 19.9 10.5 3.5 2 1 3 3 3
-6643.4 2766.3 -9.3 84 0 9.1 9.9 7.0 3.5 4 1 2 3 3
-6871.6 2838.1 -8.9 209 0 9.2 19.9 10.5 3.5 2 1 3 5 5
-6755.8 2754.4 -9.0 262 0 8.0 9.9 7.0 3.5 2 1 2 0 0
-6891.0 2871.0 -10.4 209 0 9.2 19.9 10.5 0.0 0 1 3 2 2
-6863.7 2872.8 -8.6 209 0 9.2 19.9 10.5 3.5 2 1 3 3 3
-6884.0 2885.0 -9.7 209 0 9.2 19.9 10.5 3.5 2 1 3 2 2
-6825.9 2726.1 -8.9 103 0 8.2 8.8 10.5 3.5 2 1 3 5 5
-6656.5 3022.6 -8.1 279 0 8.0 28.6 5.0 0.0 0 1 2 2 2
-6785.3 2704.0 -9.0 301 0 8.7 9.7 7.0 3.5 2 1 2 2 2
-6808.6 2856.9 -8.1 27 0 7.4 7.9 10.5 3.5 2 1 3 1 1
-6842.8 2727.3 -9.0 103 0 8.2 8.9 10.5 3.5 2 1 3 5 5
-6741.4 2709.4 -9.3 301 0 8.7 9.7 7.0 3.5 4 1 2 3 3
-6854.3 2731.1 -9.0 103 0 8.2 8.8 10.5 3.5 2 1 3 0 0
-6709.8 2765.3 -9.5 268 0 9.2 14.8 7.0 3.5 2 1 2 0 0
-6796.3 2896.1 -8.1 299 0 19.9 9.2 10.5 3.5 2 0 3 0 0
-6855.3 2887.4 -8.3 207 0 9.2 31.5 10.5 3.5 4 1 3 0 0
-6892.9 2893.5 -10.5 212 0 8.3 8.2 10.5 0.0 0 0 3 3 3
-6644.2 2978.2 -8.3 8 0 28.6 7.9 5.0 2.5 2 0 2 0 0
-6796.0 2852.2 -8.3 27 0 7.4 7.9 10.5 3.5 2 1 3 5 5
-6493.3 3742.8 -5.7 181 0 8.4 7.1 10.5 3.5 2 0 3 5 5
-6539.6 3498.7 -6.4 82 0 8.4 9.3 10.5 3.5 4 1 3 2 2
-6575.1 3636.6 -5.8 282 0 7.9 16.5 10.5 3.5 2 1 3 1 1
-6290.1 3637.3 -7.0 89 0 9.3 8.9 10.5 3.5 2 0 3 4 4
-6562.7 3497.8 -6.3 82 0 8.4 9.3 10.5 3.5 2 1 3 0 0
-6621.5 3514.9 -6.1 173 0 11.8 8.4 10.5 3.5 2 0 3 4 4
-6352.8 3761.2 -6.3 271 0 7.1 8.4 10.5 0.0 0 1 3 4 4
-6305.7 3635.3 -6.9 76 0 9.1 9.1 10.5 3.5 2 1 3 4 4
-6528.9 3552.7 -6.3 262 0 8.4 9.3 10.5 3.5 2 1 3 2 2
-6460.5 3664.7 -6.3 183 0 8.5 29.8 10.5 3.5 2 1 3 5 5
-6371.8 3676.1 -6.5 85 0 15.3 10.3 10.5 3.5 2 0 3 0 0
-6447.0 3677.2 -6.2 181 0 8.4 7.1 10.5 3.5 2 0 3 3 3
-6262.3 3666.4 -7.0 1 0 19.1 10.2 10.5 3.5 4 0 3 2 2
-6588.6 3537.9 -6.1 353 0 11.8 8.4 10.5 3.5 2 0 3 5 5
-6459.1 3757.9 -5.8 181 0 8.4 7.1 10.5 3.5 2 0 3 3 3
-6272.4 3640.9 -7.1 76 0 9.1 9.1 10.5 0.0 0 1 3 5 5
-6576.2 3506.2 -6.3 82 0 8.4 9.3 10.5 0.0 0 1 3 0 0
-6617.1 3631.2 -5.7 282 0 7.9 16.5 10.5 3.5 2 1 3 2 2
-6598.5 3594.2 -5.8 9 0 8.0 7.0 10.5 3.5 2 0 3 4 4
-6497.1 3760.7 -5.7 181 0 8.4 7.1 10.5 3.5 2 0 3 2 2
-6355.8 3652.0 -6.7 91 0 7.1 8.4 10.5 3.5 2 1 3 2 2
-6441.1 3727.7 -6.0 181 0 8.4 7.1 10.5 3.5 2 0 3 0 0
-6472.7 3759.1 -5.8 181 0 8.4 7.1 10.5 3.5 4 0 3 4 4
-6384.6 3729.4 -6.3 271 0 7.1 8.4 10.5 3.5 2 1 3 4 4
-6317.3 3667.0 -6.8 92 0 10.3 11.1 10.5 3.5 2 1 3 1 1
-6294.3 3759.6 -6.5 2 0 11.1 10.3 10.5 3.5 2 0 3 1 1
-6402.2 3761.5 -6.1 271 0 7.1 8.4 10.5 3.5 2 1 3 5 5
-6422.5 3690.5 -6.2 91 0 7.1 8.4 10.5 3.5 2 1 3 3 3
-6494.7 3780.4 -5.6 181 0 8.4 7.1 10.5 0.0 0 0 3 1 1
-6460.9 3710.8 -6.0 181 0 8.4 7.1 10.5 3.5 2 0 3 0 0
-6315.9 3768.2 -6.4 272 0 10.3 11.1 10.5 3.5 2 1 3 2 2
-6295.1 3736.1 -6.6 2 0 11.1 10.3 10.5 3.5 2 0 3 4 4
-6425.8 3742.3 -6.0 181 0 8.4 7.1 10.5 3.5 2 0 3 2 2
-6412.6 3789.7 -5.9 271 0 7.1 8.4 10.5 3.5 2 1 3 0 0
-6406.6 3654.0 -6.4 91 0 7.1 8.4 10.5 3.5 2 1 3 2 2
-6474.4 3709.6 -6.0 181 0 8.4 7.1 10.5 3.5 2 0 3 4 4
-6309.9 3737.6 -6.5 2 0 11.1 10.3 10.5 3.5 2 0 3 1 1
-6583.5 3590.9 -5.9 9 0 8.0 7.0 10.5 3.5 2 0 3 3 3
-6356.1 3729.5 -6.4 271 0 7.1 8.4 10.5 3.5 2 1 3 4 4
-6343.5 3793.7 -6.2 272 0 10.3 11.1 10.5 3.5 2 1 3 4 4
-6303.5 3675.9 -6.8 91 0 10.2 19.1 10.5 3.5 4 1 3 4 4
-6413.2 3674.5 -6.3 91 0 7.1 8.4 10.5 3.5 2 1 3 5 5
-6339.2 3668.8 -6.7 92 0 10.3 11.1 10.5 3.5 2 1 3 5 5
-6539.6 3511.7 -6.4 82 0 8.4 9.3 10.5 3.5 2 1 3 4 4
-6635.9 3579.2 -5.8 189 0 8.0 7.0 10.5 3.5 2 0 3 0 0
-6408.6 3746.2 -6.1 271 0 7.1 8.4 10.5 3.5 2 1 3 4 4
-6588.5 3629.7 -5.8 279 0 7.0 8.0 10.5 3.5 2 1 3 5 5
-6421.7 3764.5 -6.0 271 0 7.1 8.4 10.5 3.5 4 1 3 5 5
-6340.2 3762.0 -6.3 271 0 7.1 8.4 10.5 3.5 2 1 3 2 2
-6727.5 4423.6 -8.6 292 0 8.4 8.8 10.5 3.5 2 1 3 0 0
-6744.3 4563.7 -9.1 276 0 8.5 7.7 10.5 3.5 2 0 3 1 1
-6020.8 2853.9 -11.2 82 0 33.2 13.6 14.0 3.5 2 0 4 2 2
-6509.9 2499.5 -11.0 177 0 9.2 9.9 5.0 2.5 4 1 2 5 5
-6282.1 2246.8 -11.7 256 0 10.0 7.8 5.0 2.5 2 0 2 2 2
-5973.3 3158.3 -10.2 154 0 7.3 8.5 5.0 2.5 2 1 2 2 2
-6206.0 2213.1 -12.8 338 0 8.1 8.3 5.0 2.5 2 1 2 2 2
-6170.0 2232.7 -12.9 338 0 8.1 8.3 5.0 2.5 2 1 2 0 0
-6717.2 4504.4 -8.9 96 0 8.5 7.7 10.5 3.5 2 0 3 1 1
-6201.4 3012.3 -9.8 89 0 15.4 18.6 10.0 2.5 2 1 4 1 1
-6784.8 4501.8 -8.9 186 0 7.7 8.5 10.5 3.5 2 1 3 4 4
-6732.5 4555.4 -9.1 276 0 8.5 7.7 10.5 0.0 0 0 3 5 5
-6016.2 2816.3 -11.4 266 0 14.8 8.8 10.5 3.5 2 0 3 3 3
-6512.5 2537.1 -10.9 177 0 9.2 9.9 2.5 2.5 2 1 1 0 0
-5986.5 3186.1 -10.1 157 0 14.5 8.8 2.5 2.5 2 0 1 1 1
-6248.0 2242.3 -12.5 256 0 10.0 7.8 2.5 0.0 0 0 1 5 5
-6599.7 4530.6 -9.4 265 1 10.7 10.0 14.0 3.5 2 0 4 5 5
-6742.1 4591.3 -9.3 96 0 8.5 7.7 10.5 3.5 2 0 3 0 0
-6255.8 2050.6 -13.5 241 0 12.0 8.4 5.0 2.5 2 0 2 0 0
-6108.3 2834.0 -10.9 86 0 14.8 8.8 10.5 0.0 0 0 3 5 5
-6244.8 2209.6 -12.4 256 0 10.0 7.8 2.5 2.5 4 0 1 4 4
-6712.3 4435.5 -8.7 292 0 8.4 8.8 10.5 3.5 2 1 3 1 1
-6223.2 2011.0 -13.2 61 0 12.0 8.4 5.0 2.5 2 0 2 3 3
-6802.0 4376.7 -8.3 112 0 8.4 8.8 10.5 3.5 2 1 3 3 3
-6493.0 2504.8 -11.2 177 0 9.2 9.9 5.0 0.0 0 1 2 3 3
-6659.6 4494.8 -9.2 85 1 10.7 10.0 14.0 3.5 2 0 4 2 2
-5996.5 3231.6 -9.9 244 0 8.5 7.3 5.0 0.0 0 0 2 1 1
-5981.5 2861.5 -11.3 81 0 25.7 12.2 14.0 3.5 2 0 4 2 2
-6471.4 2562.6 -11.0 350 0 32.9 8.7 7.5 2.5 2 0 3 2 2
-6719.8 4646.8 -9.5 276 0 8.5 7.7 10.5 3.5 2 0 3 5 5
-6517.6 2612.9 -10.6 267 0 9.9 9.2 2.5 0.0 0 0 1 2 2
-6741.8 4602.7 -9.3 96 0 8.5 7.7 10.5 3.5 2 0 3 4 4
-6725.4 4589.8 -9.2 96 0 8.5 7.7 10.5 3.5 2 0 3 4 4
-6132.8 2097.6 -13.6 331 0 8.4 12.0 5.0 0.0 0 1 2 0 0
-6128.0 2830.3 -10.8 86 0 14.8 8.8 10.5 3.5 2 0 3 0 0
-6729.2 4577.4 -9.2 97 0 8.5 7.7 10.5 3.5 2 0 3 1 1
-6110.3 2808.3 -11.0 267 0 9.9 9.2 10.5 0.0 0 0 3 1 1
-6055.4 3252.2 -9.5 343 0 10.0 12.1 5.0 2.5 2 1 2 4 4
-6702.4 4627.9 -9.4 6 0 7.7 8.5 10.5 3.5 2 1 3 0 0
-6634.2 4568.0 -9.6 83 1 10.8 16.2 14.0 3.5 2 1 4 5 5
-6233.2 2049.1 -12.9 241 0 12.0 8.4 5.0 2.5 2 0 2 0 0
-6125.3 2087.2 -13.6 331 0 8.4 12.0 5.0 2.5 2 1 2 2 2
-6766.5 4564.6 -9.1 276 0 8.5 7.7 10.5 0.0 0 0 3 3 3
-5813.8 2891.8 -11.9 82 1 17.0 11.4 14.0 3.5 2 0 4 5 5
-6231.1 2256.4 -12.7 246 0 9.3 34.2 7.5 2.5 2 1 3 3 3
-6227.7 2039.7 -12.9 241 0 12.0 8.4 5.0 2.5 2 0 2 3 3
-6479.8 2454.4 -11.4 80 0 8.6 32.9 7.5 2.5 2 1 3 4 4
-6241.5 2820.2 -10.3 87 0 9.9 9.2 10.5 3.5 2 0 3 3 3
-6709.6 4610.6 -9.3 96 0 8.5 7.7 10.5 3.5 2 0 3 3 3
-6701.2 4639.4 -9.5 6 0 7.7 8.5 10.5 0.0 0 1 3 2 2
-6792.8 4584.5 -9.2 96 0 8.5 7.7 10.5 3.5 4 0 3 1 1
-6725.1 4602.4 -9.3 96 0 8.5 7.7 10.5 3.5 2 0 3 4 4
-6102.2 3252.7 -9.3 163 0 10.0 12.1 5.0 2.5 4 1 2 0 0
-6692.4 4408.1 -8.8 22 0 8.8 8.4 10.5 0.0 0 0 3 2 2
-6298.1 2913.3 -9.8 173 0 29.4 7.9 10.5 3.5 2 0 3 3 3
-5973.7 3211.8 -10.0 64 0 8.5 7.3 5.0 2.5 2 0 2 0 0
-6176.6 3039.9 -9.8 260 0 26.6 7.1 2.5 2.5 4 0 1 2 2
-6081.9 3262.7 -9.4 253 0 12.2 10.0 2.5 2.5 2 0 1 5 5
-6164.2 2163.3 -13.2 338 0 8.1 8.3 2.5 2.5 2 1 1 5 5
-6629.6 4547.1 -9.4 265 1 10.7 10.0 14.0 3.5 2 0 4 4 4
-6124.8 2041.6 -13.8 61 0 12.0 8.4 5.0 2.5 2 0 2 3 3
-6704.0 4555.1 -9.2 276 0 8.5 7.7 10.5 3.5 2 0 3 4 4
-5962.7 3369.2 -9.4 102 0 8.3 44.9 7.5 2.5 2 1 3 5 5
-6775.0 4583.4 -9.2 96 0 8.5 7.7 10.5 3.5 2 0 3 2 2
-6194.1 2151.6 -13.1 158 0 8.1 8.3 5.0 2.5 2 1 2 0 0
-6697.2 4582.9 -9.4 96 0 8.5 7.7 10.5 3.5 2 0 3 1 1
-6260.1 2746.6 -10.5 357 0 9.2 9.9 10.5 3.5 4 1 3 3 3
-5933.1 3414.8 -9.5 282 0 8.3 44.9 7.5 0.0 0 1 3 4 4
-6252.7 2820.1 -10.3 87 0 9.9 9.2 10.5 3.5 2 0 3 0 0
-6205.1 2823.8 -10.5 87 0 9.9 9.2 10.5 3.5 2 0 3 0 0
-6072.3 2814.9 -11.1 267 0 9.9 9.2 10.5 3.5 2 0 3 1 1
-6753.4 4374.9 -8.3 112 0 8.4 8.8 10.5 3.5 4 1 3 2 2
-6388.7 2805.2 -9.8 87 0 9.9 9.2 10.5 3.5 2 0 3 1 1
-6503.6 2479.9 -11.1 177 0 9.2 9.9 5.0 2.5 2 1 2 1 1
-5956.6 3214.4 -10.0 64 0 8.5 7.3 2.5 2.5 2 0 1 2 2
-6141.9 2067.9 -13.6 61 0 12.0 8.4 2.5 2.5 2 0 1 2 2
-6265.5 2819.1 -10.2 87 0 9.9 9.2 10.5 0.0 0 0 3 2 2
-6700.8 4502.9 -9.1 96 0 8.5 7.7 10.5 3.5 4 0 3 0 0
-6213.3 2163.3 -13.0 158 0 8.1 8.3 2.5 2.5 4 1 1 0 0
-6713.9 4575.6 -9.2 96 0 8.5 7.7 10.5 3.5 2 0 3 3 3
-6719.2 4553.4 -9.1 276 0 8.5 7.7 10.5 0.0 0 0 3 5 5
-6526.0 2486.5 -10.7 177 0 9.2 9.9 5.0 2.5 4 1 2 3 3
-6264.7 2253.1 -12.2 256 0 10.0 7.8 5.0 2.5 2 0 2 1 1
-5884.6 3383.8 -9.8 12 0 44.9 8.3 7.5 2.5 2 0 3 1 1
-6257.5 2726.1 -10.6 357 0 9.2 9.9 10.5 3.5 2 1 3 3 3
-6156.6 2151.1 -13.3 338 0 8.1 8.3 5.0 2.5 2 1 2 4 4
-6141.6 2807.3 -10.9 267 0 9.9 9.2 10.5 3.5 4 0 3 5 5
-6309.4 2203.5 -12.4 166 0 7.8 10.0 2.5 2.5 4 1 1 1 1
-6299.3 2779.2 -10.3 267 0 9.9 9.2 10.5 3.5 2 0 3 4 4
-6780.2 4420.7 -8.5 202 0 8.8 8.4 10.5 3.5 2 0 3 4 4
-6221.7 2822.1 -10.4 87 0 9.9 9.2 10.5 3.5 2 0 3 5 5
-5962.1 3254.9 -9.9 266 0 8.1 9.7 5.0 2.5 2 1 2 2 2
-6641.5 4500.6 -9.3 85 1 10.7 10.0 14.0 0.0 0 0 4 0 0
-6521.9 1920.5 -14.3 179 0 30.5 6.1 5.0 0.0 0 0 2 3 3
-6655.8 4577.8 -9.6 83 1 10.8 16.2 14.0 3.5 2 1 4 5 5
-6568.5 3884.4 -6.0 98 0 11.2 8.0 10.5 3.5 2 0 3 0 0
-6528.1 3825.0 -5.9 359 0 37.6 8.4 10.5 0.0 0 0 3 3 3
-6581.2 3907.5 -6.4 97 0 7.6 17.9 10.5 3.5 2 1 3 0 0
4496.3 -10198.5 -23.1 236 0 51.0 47.9 10.0 0.0 0 0 4 3 3
