5710.8 10962.1 -116.7 231 0 10.4 40.8 7.5 2.5 2 1 3 0 0
-3438.7 5170.5 124.3 354 0 19.0 31.7 12.5 0.0 0 1 5 2 2
-2533.0 -11607.6 -126.7 337 0 44.3 32.0 12.5 0.0 0 0 5 3 3
-884.4 -12867.1 -127.6 138 0 12.3 20.0 10.5 3.5 2 1 3 2 2
-3780.9 -11753.4 -134.5 146 0 12.9 18.9 10.5 3.5 2 1 3 0 0
-5341.7 -9998.3 -120.7 171 0 12.7 18.0 17.5 3.5 2 1 5 1 1
-6117.1 -9535.2 -130.5 218 0 23.6 27.0 14.0 0.0 0 1 4 4 4
-2.2 -12770.1 -125.8 136 0 10.8 9.8 10.5 3.5 2 0 3 5 5
-6683.5 -5782.5 -131.1 275 0 177.9 203.4 14.0 0.0 0 1 4 2 2
-5077.9 -8415.5 -128.5 342 0 58.0 55.8 17.5 0.0 0 0 7 1 1
-5069.9 -8002.0 -134.4 271 0 21.4 67.1 10.0 2.5 2 1 4 5 5
