2111.5 -1808.0 -6.2 218 0 21.1 25.5 10.0 2.5 2 1 4 2 2
3980.9 -7027.0 -6.8 21 0 111.3 71.0 12.5 0.0 0 0 5 0 0
65.5 -197.0 4.3 187 0 565.7 111.3 12.5 0.0 0 0 5 1 1
541.5 250.3 15.3 357 0 17.9 61.8 10.0 2.5 4 1 4 2 2
470.1 251.0 14.1 357 0 16.4 50.7 12.5 2.5 2 1 5 2 2
548.4 294.9 15.8 359 0 14.9 61.6 10.0 2.5 2 1 4 1 1
410.0 265.4 15.9 89 0 7.4 53.7 7.5 0.0 0 1 3 3 3
596.7 251.4 13.9 1 0 22.0 40.8 10.0 0.0 0 1 4 4 4
478.0 280.9 17.1 358 0 20.8 31.8 10.0 0.0 0 1 4 5 5
547.6 333.8 13.5 359 0 12.8 131.8 10.0 0.0 0 1 4 2 2
-2115.1 -11278.7 -16.9 114 0 61.1 25.5 14.0 3.5 2 0 4 4 4
-1937.2 -11129.3 -7.5 111 0 9.7 22.4 12.0 3.5 2 1 3 5 5
-2032.3 -11198.4 -14.0 294 0 17.9 107.9 14.0 0.0 0 1 4 4 4
-1767.0 -11061.2 -13.2 24 0 20.9 5.8 12.0 3.5 2 0 3 0 0
-1819.3 -11172.6 -9.9 24 0 27.6 25.8 10.5 0.0 0 0 3 5 5
-2160.1 -11177.5 -12.6 294 0 11.2 35.2 14.0 3.5 2 1 4 4 4
-2045.1 -11127.8 -14.0 295 0 177.5 38.8 10.5 0.0 0 0 3 2 2
-1905.0 -11025.7 -13.9 295 0 38.7 58.0 14.0 0.0 0 1 4 5 5
-1888.5 -11247.8 -12.2 114 0 49.0 44.0 10.5 0.0 0 0 3 0 0
-1870.9 -11042.8 -13.9 294 0 36.5 58.9 14.0 0.0 0 1 4 1 1
-1863.9 -11036.2 -15.8 114 0 30.5 38.9 14.0 0.0 0 1 4 2 2
-1836.2 -11059.5 -13.1 294 0 37.2 59.5 14.0 0.0 0 1 4 0 0
-2109.0 -11054.2 -2.6 206 0 58.3 55.1 10.5 0.0 0 0 3 0 0
-1900.7 -11017.8 -16.8 115 0 37.1 40.6 14.0 0.0 0 1 4 5 5
-1830.6 -11049.5 -15.2 114 0 31.9 39.0 14.0 0.0 0 1 4 4 4
-1938.0 -11002.3 -16.9 116 0 36.2 41.3 14.0 0.0 0 1 4 1 1
-1974.3 -11205.3 -14.0 114 0 9.2 38.4 10.5 3.5 2 1 3 2 2
-1941.9 -11009.9 -12.4 295 0 37.5 56.7 14.0 0.0 0 1 4 2 2
-2163.6 -11254.4 -16.2 114 0 23.7 76.4 14.0 0.0 0 1 4 4 4
-1894.3 -11148.4 -10.8 116 0 21.7 22.3 10.5 0.0 0 1 3 1 1
-2186.6 -11165.8 -10.8 295 0 11.8 25.0 14.0 3.5 2 1 4 5 5
-1796.0 -11073.9 -12.5 295 0 41.6 61.9 14.0 0.0 0 1 4 2 2
-2083.5 -11003.9 -9.8 114 0 9.9 73.7 10.5 3.5 2 1 3 1 1
-2059.4 -11018.0 -1.0 112 0 31.6 8.8 10.5 3.5 2 0 3 5 5
-1987.5 -10992.9 -7.7 296 0 18.0 20.5 14.0 3.5 2 1 4 5 5
-2044.4 -11012.0 -7.6 115 0 9.8 59.2 10.5 3.5 2 1 3 2 2
-2037.7 -10925.8 -13.3 24 0 31.9 13.0 14.0 3.5 2 0 4 4 4
-2033.5 -11028.5 -15.5 115 0 19.8 106.5 14.0 0.0 0 1 4 3 3
-2004.7 -11041.8 -4.9 113 0 24.6 29.6 14.0 0.0 0 1 4 2 2
-1779.4 -11134.7 -8.5 203 0 12.8 47.4 14.0 3.5 2 1 4 0 0
-2170.2 -11087.9 -4.1 23 0 46.8 9.8 10.5 3.5 2 0 3 0 0
-2194.1 -11151.7 -8.5 31 0 13.9 9.5 12.0 3.5 2 0 3 5 5
-1735.3 -11091.3 -13.2 206 0 89.5 28.7 14.0 0.0 0 0 4 3 3
-1480.3 -12202.9 -16.1 323 0 31.7 14.2 10.5 3.5 2 0 3 2 2
-1490.2 -12165.0 -17.1 139 0 10.3 30.5 10.5 3.5 2 1 3 0 0
-1437.6 -12242.2 -15.4 316 0 60.2 7.1 10.5 3.5 2 0 3 0 0
-692.4 -6805.6 -20.8 34 0 156.4 71.5 10.0 0.0 0 0 4 2 2
