-2308.8 -12467.9 42.4 291 0 6.0 16.9 7.5 2.5 2 1 3 1 1
-2288.6 -12422.2 67.9 123 0 32.1 22.6 7.5 0.0 0 0 3 1 1
-2238.5 -12447.9 66.8 174 0 32.9 17.2 12.5 2.5 2 0 5 0 0
-2322.5 -12449.4 52.8 28 0 9.9 9.4 5.0 2.5 2 0 2 0 0
-5676.4 9593.8 -307.6 282 0 21.3 54.4 14.0 3.5 2 1 4 1 1
1498.6 -7830.7 133.2 68 0 15.2 31.7 12.5 2.5 2 1 5 3 3
1344.6 -7740.6 143.6 188 0 20.7 12.0 5.0 2.5 2 0 2 4 4
1377.1 -7790.4 134.6 87 0 10.7 11.5 7.0 2.5 2 1 2 0 0
1409.0 -8685.7 80.9 125 0 15.0 23.1 10.0 2.5 2 1 4 3 3
1417.9 -8727.9 79.5 33 0 6.5 12.6 7.5 2.5 2 1 3 3 3
1445.2 -8679.6 85.5 29 0 12.0 7.8 7.5 0.0 0 0 3 5 5
-2512.0 -12526.9 -16.0 13 0 12.0 11.2 2.5 2.5 2 0 1 4 4
-2512.1 -12519.2 -11.3 102 0 10.7 11.7 5.0 2.5 2 1 2 1 1
-2261.9 -12506.8 49.0 173 0 33.7 12.9 10.0 2.5 4 0 4 5 5
-2361.8 -12503.5 21.5 268 0 13.5 6.2 7.5 2.5 2 0 3 5 5
-2294.5 -12478.6 44.9 23 0 12.5 13.4 10.0 2.5 2 1 4 3 3
-305.8 -8679.3 264.1 220 0 19.3 20.0 12.5 2.5 2 1 5 3 3
1243.4 -7939.8 149.1 138 0 9.1 37.1 7.5 2.5 2 1 3 3 3
-310.3 -8596.4 258.3 98 0 29.5 42.5 12.5 0.0 0 1 5 1 1
1222.9 -7960.2 156.5 39 0 53.5 15.5 12.5 2.5 4 0 5 1 1
-295.8 -8621.6 262.5 315 0 26.4 33.6 12.5 0.0 0 1 5 5 5
-50.4 -8692.4 250.9 20 0 25.8 27.7 12.5 0.0 0 1 5 5 5
1215.1 -8026.3 148.0 31 0 32.6 17.7 12.5 2.5 4 0 5 0 0
1308.2 -7969.2 140.7 289 0 5.2 33.6 5.0 2.5 2 1 2 0 0
1187.8 -7983.1 165.4 28 0 7.6 22.8 7.5 2.5 2 1 3 3 3
1208.5 -7948.3 163.9 37 0 51.3 17.6 12.5 2.5 2 0 5 1 1
1190.9 -8042.1 153.2 28 0 10.7 7.0 5.0 2.5 2 0 2 1 1
1173.6 -7963.6 170.2 212 0 8.3 9.5 7.5 2.5 2 1 3 5 5
1381.2 -8086.2 140.4 52 0 7.1 41.4 7.5 0.0 0 1 3 4 4
-90.0 -8669.8 251.6 283 0 24.6 24.5 7.5 0.0 0 0 3 3 3
-318.0 -8858.0 276.5 177 0 15.6 17.6 12.5 2.5 2 1 5 0 0
-273.2 -8798.1 265.7 347 0 9.2 15.6 7.5 2.5 2 1 3 4 4
-441.4 -8630.5 260.2 223 0 10.2 3.4 7.5 2.5 2 0 3 1 1
-318.4 -8831.1 275.0 176 0 9.2 13.3 7.5 2.5 2 1 3 0 0
-236.1 -8847.7 255.8 165 0 10.7 13.6 5.0 2.5 2 1 2 3 3
-264.6 -8876.1 269.7 347 0 10.1 16.5 7.5 2.5 4 1 3 1 1
-319.6 -8818.1 274.6 176 0 10.2 14.3 7.5 2.5 2 1 3 3 3
-242.0 -8876.1 260.6 176 1 17.2 12.4 10.0 2.5 4 0 4 5 5
-279.6 -8778.8 266.6 347 0 8.1 14.5 7.5 2.5 4 1 3 4 4
-268.6 -8810.5 265.0 347 0 10.3 16.7 7.5 0.0 0 1 3 4 4
-282.3 -8767.7 266.8 347 0 8.6 15.0 7.5 0.0 0 1 3 4 4
-447.7 -8797.5 289.6 277 0 11.4 7.7 5.0 2.5 4 0 2 2 2
-507.1 -8774.6 288.2 315 0 7.6 7.1 7.5 0.0 0 0 3 3 3
-474.5 -8796.0 290.7 281 0 25.9 16.7 12.5 2.5 2 0 5 4 4
-520.2 -8720.9 274.9 169 0 44.7 13.8 10.0 2.5 2 0 4 5 5
-424.3 -8733.9 276.1 295 0 15.0 13.9 2.5 2.5 2 0 1 4 4
-471.7 -8767.4 281.1 115 0 32.3 18.9 17.5 0.0 0 0 7 3 3
-414.5 -8681.6 266.8 116 0 10.7 13.0 5.0 2.5 2 1 2 4 4
-391.2 -8709.0 273.1 294 0 9.9 14.6 7.5 2.5 2 1 3 3 3
-439.8 -8777.4 282.1 116 0 15.6 15.9 7.5 2.5 2 1 3 1 1
-385.8 -8694.7 269.6 116 0 10.9 13.2 2.5 2.5 2 1 1 5 5
-436.8 -8797.2 288.9 271 0 8.2 17.7 7.5 2.5 2 1 3 3 3
-460.8 -8713.7 274.3 298 0 9.8 16.3 5.0 0.0 0 1 2 3 3
-420.3 -8695.4 270.1 294 0 10.3 15.0 5.0 0.0 0 1 2 2 2
-405.3 -8743.5 277.3 293 0 15.1 13.9 5.0 2.5 2 0 2 1 1
-457.9 -8813.3 291.7 97 0 9.3 7.4 2.5 2.5 2 0 1 5 5
-403.4 -8686.8 267.9 116 0 11.1 13.4 5.0 2.5 2 1 2 2 2
-367.8 -8719.1 275.2 295 0 13.5 15.2 7.5 2.5 2 1 3 4 4
-296.2 -8518.8 263.8 312 0 38.4 11.4 15.0 0.0 0 0 6 3 3
-282.5 -8502.0 271.4 134 0 44.2 20.2 12.5 2.5 2 0 5 5 5
