2685.4 -9375.1 0.1 191 0 14.1 26.8 10.0 2.5 2 0 4 0 0
2687.9 -9361.4 -0.4 190 0 13.7 26.8 10.0 2.5 2 0 4 3 3
2551.2 -9246.7 2.5 322 0 27.0 11.5 10.0 0.0 0 0 4 2 2
2423.3 -9225.2 2.4 42 0 24.2 12.4 12.5 2.5 2 0 5 3 3
2655.7 -9532.8 -3.2 226 0 20.6 13.0 10.0 2.5 2 0 4 5 5
2655.0 -9517.1 -3.2 226 0 17.2 11.8 5.0 2.5 2 0 2 2 2
2331.6 -9060.6 -3.9 228 0 25.9 12.8 12.5 2.5 2 0 5 1 1
1862.3 -8919.5 -9.2 286 0 37.5 37.6 10.0 0.0 0 1 4 2 2
2625.2 8877.8 -12.5 213 0 28.0 101.0 14.0 0.0 0 1 4 2 2
-6160.9 8625.4 -18.6 15 0 18.7 24.1 10.5 0.0 0 1 3 1 1
104.4 12775.1 -13.5 235 0 12.4 21.1 14.0 3.5 2 1 4 5 5
