-6201.7 11467.4 -34.9 152 0 60.4 15.0 14.0 3.5 2 0 4 3 3
-6067.9 11312.2 -36.5 242 0 71.0 45.7 10.5 0.0 0 0 3 4 4
-6108.2 11290.8 -36.4 242 0 9.7 40.6 10.5 3.5 2 1 3 2 2
-6069.6 11512.9 -33.5 332 0 18.8 20.3 14.0 3.5 2 1 4 4 4
-6138.8 11543.2 -34.1 242 0 66.3 31.9 14.0 0.0 0 0 4 0 0
-6077.9 11560.3 -33.2 332 0 23.6 17.2 14.0 3.5 2 0 4 5 5
-6066.2 11337.1 -36.6 62 0 79.2 123.3 14.0 0.0 0 1 4 5 5
-6187.0 11517.4 -34.0 242 0 16.6 21.4 14.0 3.5 2 1 4 0 0
-6113.5 11312.8 -36.7 63 0 12.6 122.4 14.0 3.5 2 1 4 5 5
6865.5 7590.8 14.0 318 0 49.8 65.2 10.5 0.0 0 1 3 4 4
5006.1 -4983.1 15.6 262 0 50.1 74.8 12.5 0.0 0 1 5 2 2
-3482.2 11453.6 -2.4 188 0 35.1 53.9 10.5 0.0 0 1 3 5 5
-3525.6 11200.9 8.2 3 0 33.8 54.0 14.0 0.0 0 1 4 2 2
-403.4 6343.5 9.1 77 0 51.1 76.8 14.0 0.0 0 1 4 0 0
-200.4 6281.3 -2.1 328 0 27.6 14.6 14.0 3.5 2 0 4 2 2
-187.5 6313.6 1.6 234 0 38.3 19.6 14.0 0.0 0 0 4 3 3
-159.7 6320.0 5.3 150 0 17.2 15.0 14.0 3.5 2 0 4 1 1
-144.4 6339.8 8.1 136 0 22.9 21.2 14.0 3.5 2 0 4 3 3
-167.2 6255.2 -4.0 57 0 19.9 12.8 14.0 3.5 2 0 4 0 0
-167.9 6235.4 -2.1 241 0 14.2 35.0 14.0 3.5 2 1 4 5 5
-438.4 6210.9 3.4 80 0 51.2 22.0 14.0 3.5 2 0 4 5 5
-439.1 6206.0 6.5 260 0 51.2 8.4 10.5 3.5 2 0 3 2 2
3333.4 -7604.1 18.3 315 0 117.2 8.2 7.5 2.5 2 0 3 4 4
-4949.0 11691.8 -27.4 282 0 6.4 8.3 10.5 3.5 2 1 3 1 1
