2822.8 -6350.5 -10.4 183 0 10.3 8.2 7.5 2.5 2 0 3 4 4
3029.9 -6351.8 -10.7 95 0 5.7 5.6 7.5 2.5 2 0 3 0 0
-1188.7 -3261.5 -7.4 359 0 31.0 10.1 12.5 2.5 2 0 5 2 2
-1189.8 -3224.2 -9.0 1 0 31.2 8.9 7.5 2.5 4 0 3 1 1
137.4 -232.7 -8.9 359 0 25.7 47.3 10.0 0.0 0 1 4 5 5
32.1 -177.3 -9.0 270 0 10.4 35.6 12.5 0.0 0 1 5 0 0
66.3 -170.6 -8.9 270 0 10.6 48.1 7.5 2.5 2 1 3 5 5
-2065.6 -3100.8 -7.5 79 0 42.1 77.9 10.0 0.0 0 1 4 0 0
-1923.4 -3022.8 -8.9 76 0 7.2 40.5 5.0 0.0 0 1 2 0 0
-2108.4 -2925.5 -7.8 259 0 14.8 85.8 10.0 2.5 2 1 4 1 1
-2026.5 -2895.6 -8.7 167 0 40.5 10.5 7.5 0.0 0 0 3 1 1
-1986.6 -3042.7 -8.3 76 0 13.0 44.4 10.0 2.5 2 1 4 0 0
-2017.6 -2917.0 -8.6 256 0 12.6 70.0 10.0 2.5 2 1 4 4 4
-2016.0 -3055.8 -8.0 72 0 12.5 54.5 10.0 2.5 2 1 4 1 1
-1948.3 -3033.2 -8.7 75 0 8.8 45.8 7.5 2.5 2 1 3 1 1
-2047.5 -2938.3 -8.2 256 0 14.1 53.5 10.0 2.5 2 1 4 1 1
-4635.3 -6425.0 -8.7 218 0 9.4 12.9 7.5 2.5 2 1 3 3 3
-4622.6 -6384.6 -11.6 243 0 10.3 14.7 2.5 2.5 2 1 1 5 5
-4551.7 -6370.6 -12.9 61 0 10.5 12.2 7.5 2.5 2 1 3 0 0
3665.9 -8607.6 -5.8 80 0 20.5 47.7 12.5 2.5 2 1 5 4 4
3672.4 -8775.2 -9.8 228 0 27.6 103.2 12.5 0.0 0 1 5 1 1
5544.1 1148.9 -2.6 14 0 17.4 9.2 7.5 2.5 4 0 3 3 3
-4687.1 -5977.7 -2.1 350 0 14.6 33.2 12.5 2.5 2 1 5 5 5
-3177.9 3771.1 -10.3 171 0 42.4 86.4 7.5 0.0 0 0 3 2 2
-3122.7 3829.2 -10.1 264 0 47.4 28.4 10.0 0.0 0 0 4 2 2
1413.7 6377.3 -1.1 90 0 10.9 9.3 2.5 2.5 2 0 1 1 1
5600.3 1140.1 -1.4 191 0 12.0 9.9 7.5 2.5 2 0 3 4 4
5586.5 1169.8 -1.4 188 0 11.1 8.0 7.5 2.5 2 0 3 4 4
5575.2 1175.0 -1.5 193 0 6.5 8.5 5.0 2.5 2 1 2 5 5
5590.2 1128.6 -1.8 188 0 11.2 7.6 5.0 2.5 2 0 2 5 5
5571.8 1159.5 -1.8 186 0 10.9 9.7 7.5 2.5 4 0 3 0 0
5580.2 1144.5 -1.9 190 0 11.5 12.5 5.0 2.5 2 1 2 1 1
5604.6 1152.8 -1.4 189 0 10.8 9.0 7.5 2.5 4 0 3 2 2
5058.8 1080.3 1.5 357 0 11.6 9.6 5.0 2.5 2 0 2 0 0
5626.6 1128.2 1.0 101 0 10.6 11.3 5.0 2.5 2 1 2 4 4
5563.7 1119.3 -2.5 180 0 8.9 7.2 5.0 2.5 2 0 2 0 0
5602.5 1180.0 -1.0 189 0 11.6 8.1 5.0 2.5 2 0 2 2 2
5595.1 1246.2 -0.1 189 0 9.3 11.7 2.5 2.5 2 1 1 4 4
5600.2 1194.2 -0.8 185 0 7.7 11.4 7.5 2.5 4 1 3 5 5
5609.9 1217.6 -0.3 189 0 12.0 9.6 2.5 2.5 4 0 1 3 3
5187.8 2067.9 -6.5 310 0 12.0 11.1 7.5 2.5 2 0 3 3 3
5300.1 1722.8 -1.9 281 0 12.7 8.3 7.5 0.0 0 0 3 5 5
4853.6 3108.0 -0.5 133 0 11.9 11.1 2.5 2.5 2 0 1 1 1
4090.2 3107.8 3.0 260 0 11.5 9.6 7.5 2.5 2 0 3 0 0
4852.1 2762.9 -0.8 178 0 13.2 10.0 5.0 0.0 0 0 2 4 4
4808.1 2749.2 -1.4 83 0 11.2 11.2 5.0 0.0 0 1 2 5 5
4088.6 4018.1 -8.4 187 0 35.1 38.7 14.0 0.0 0 1 4 5 5
5638.1 1097.4 6.4 99 0 6.5 12.5 7.5 2.5 2 1 3 1 1
5581.1 1085.4 1.6 103 0 8.1 9.7 7.5 2.5 2 1 3 0 0
5605.3 1297.2 0.9 192 0 8.0 10.5 5.0 2.5 4 1 2 5 5
5600.6 1272.8 0.4 191 0 9.9 9.9 2.5 2.5 2 0 1 2 2
5663.6 1252.6 1.1 101 0 8.9 11.3 7.5 2.5 2 1 3 5 5
5658.5 1173.3 0.1 281 0 10.6 11.3 5.0 2.5 2 1 2 4 4
5650.6 1188.6 -0.3 284 0 6.2 11.8 5.0 2.5 4 1 2 0 0
5597.0 1260.4 0.1 192 0 11.5 8.0 7.5 2.5 4 0 3 4 4
5681.8 1472.6 2.6 154 0 7.7 18.8 5.0 2.5 2 1 2 0 0
5582.2 1594.7 1.6 193 0 9.2 17.8 5.0 0.0 0 1 2 2 2
5059.4 1053.8 1.1 357 0 10.7 10.5 7.5 2.5 2 0 3 4 4
5952.8 1421.1 1.0 72 0 12.3 24.3 5.0 2.5 2 1 2 3 3
5513.5 896.3 -2.7 8 0 7.9 12.4 5.0 2.5 2 1 2 5 5
5500.8 867.0 -2.2 97 0 9.6 12.0 2.5 2.5 2 1 1 2 2
5376.1 752.9 -0.2 259 0 11.7 8.1 2.5 2.5 2 0 1 0 0
5369.4 397.9 -1.0 72 0 10.9 10.3 5.0 0.0 0 0 2 4 4
5173.5 2048.4 -6.4 126 0 11.2 10.0 7.5 2.5 2 0 3 5 5
