-3356.7 10004.8 -244.9 122 0 16.3 9.0 7.5 2.5 2 0 3 3 3
-3315.6 10067.8 -236.1 223 0 5.9 6.9 5.0 2.5 2 1 2 0 0
-3103.8 10465.7 -226.7 260 0 48.6 29.4 10.0 0.0 0 0 4 5 5
-3136.2 10601.4 -218.3 115 0 24.4 19.2 15.0 0.0 0 0 6 1 1
-2528.2 9946.3 -228.3 137 0 20.6 21.8 10.0 2.5 2 1 4 5 5
-3031.0 9971.0 -237.8 271 0 23.7 17.6 12.5 2.5 4 0 5 5 5
-3014.6 10023.6 -230.3 343 0 18.6 15.4 10.0 2.5 2 0 4 4 4
-3583.1 9823.5 -251.0 331 0 57.6 44.0 14.0 0.0 0 0 4 0 0
-3226.8 9792.3 -247.8 268 0 29.9 9.0 10.5 3.5 2 0 3 0 0
-3600.8 9871.6 -250.9 333 0 13.6 42.9 14.0 3.5 2 1 4 2 2
-3263.7 9806.8 -248.0 191 0 47.0 11.1 14.0 3.5 2 0 4 1 1
-3719.9 9884.7 -251.7 242 0 45.8 58.8 14.0 0.0 0 1 4 1 1
-3636.1 9810.6 -251.1 333 0 34.1 8.2 10.5 3.5 2 0 3 4 4
-3535.2 9737.4 -250.8 333 0 80.9 49.9 14.0 0.0 0 0 4 1 1
-3440.2 9837.0 -249.4 275 0 13.5 6.2 10.5 3.5 2 0 3 0 0
-3801.2 9869.4 -249.2 154 0 13.1 18.9 14.0 3.5 2 1 4 4 4
-3037.6 9813.1 -246.4 270 0 34.1 15.5 14.0 3.5 2 0 4 1 1
-3168.3 10131.1 -226.4 243 0 20.9 37.1 10.0 0.0 0 1 4 4 4
-3065.1 10049.8 -227.3 360 0 7.0 6.3 5.0 2.5 2 0 2 1 1
-3466.2 9844.6 -249.7 275 0 16.0 31.1 14.0 3.5 2 1 4 1 1
-3040.8 9773.3 -246.4 90 0 17.8 10.1 14.0 3.5 4 0 4 2 2
-3654.4 9763.3 -251.6 60 0 45.4 61.5 14.0 0.0 0 1 4 1 1
-3466.1 9759.9 -249.7 189 0 12.2 8.3 10.5 0.0 0 0 3 4 4
-3250.5 10085.0 -232.3 290 0 6.9 11.7 7.5 0.0 0 1 3 0 0
-3640.7 9848.7 -251.3 334 0 35.2 28.9 14.0 0.0 0 0 4 2 2
-3327.1 9746.5 -248.6 87 0 14.2 19.0 14.0 3.5 2 1 4 1 1
-3214.8 9930.1 -247.6 3 0 52.0 14.3 12.5 2.5 4 0 5 1 1
-3032.4 10094.3 -223.4 312 0 45.8 16.8 10.0 2.5 2 0 4 4 4
-3295.7 9770.1 -248.4 356 0 12.3 20.6 14.0 3.5 2 1 4 2 2
-3104.3 10079.3 -227.2 226 0 27.7 16.3 10.0 2.5 2 0 4 1 1
-3348.0 9743.8 -248.8 83 0 21.7 12.2 14.0 3.5 2 0 4 0 0
-3359.9 9765.7 -248.8 176 0 10.9 20.6 14.0 3.5 2 1 4 5 5
-3129.9 9758.3 -247.1 270 0 18.0 14.1 14.0 3.5 2 0 4 0 0
-3452.1 9860.6 -249.5 276 0 8.8 7.9 10.5 3.5 4 0 3 1 1
-3127.9 10040.7 -232.9 200 0 45.3 16.9 12.5 2.5 2 0 5 0 0
-3780.5 9891.0 -250.2 243 0 14.7 39.7 14.0 3.5 2 1 4 2 2
-3031.7 10020.7 -230.5 329 0 10.7 10.0 7.5 2.5 2 0 3 1 1
-3219.8 9875.0 -247.7 3 0 48.5 13.7 7.5 2.5 2 0 3 4 4
-3820.7 9770.7 -252.8 244 0 26.0 30.2 14.0 0.0 0 1 4 2 2
-3100.2 9753.6 -246.9 2 0 19.6 13.3 14.0 3.5 2 0 4 0 0
-3721.1 9775.8 -252.0 63 0 46.7 56.1 14.0 0.0 0 1 4 1 1
-3154.3 9764.2 -247.3 270 0 13.0 20.0 14.0 3.5 2 1 4 2 2
-3126.5 9989.6 -236.2 88 0 10.2 6.1 7.5 0.0 0 0 3 0 0
-3475.2 9800.1 -249.8 186 0 23.8 11.6 14.0 3.5 2 0 4 1 1
-3374.7 9840.2 -248.8 175 0 6.2 14.8 10.5 3.5 2 1 3 5 5
-3097.0 9818.4 -246.9 3 0 11.4 26.9 14.0 3.5 2 1 4 3 3
-3619.2 9770.5 -251.1 66 0 20.5 23.6 14.0 0.0 0 1 4 4 4
-3074.4 10098.2 -224.5 249 0 30.2 17.2 12.5 2.5 2 0 5 0 0
-3023.2 10066.0 -226.6 271 0 8.8 25.5 2.5 2.5 4 1 1 5 5
-3287.7 9837.0 -248.1 269 0 12.3 16.0 14.0 3.5 2 1 4 0 0
-3416.3 9835.4 -249.2 275 0 13.2 14.3 14.0 3.5 2 1 4 3 3
-3684.4 9937.2 -247.6 242 0 17.2 24.0 14.0 3.5 2 1 4 3 3
-3402.4 9796.6 -249.2 6 0 22.5 14.3 14.0 3.5 4 0 4 2 2
-3204.4 9912.4 -247.4 189 0 55.0 20.4 10.0 2.5 2 0 4 4 4
-3338.8 9785.2 -248.6 178 0 12.0 19.9 14.0 0.0 0 1 4 4 4
-3306.1 9841.6 -248.3 249 0 9.6 81.7 10.5 3.5 2 1 3 0 0
-3360.6 9784.1 -248.8 177 0 13.4 16.7 14.0 3.5 2 1 4 3 3
-3558.8 9656.9 -250.8 64 0 18.2 32.7 14.0 3.5 4 1 4 4 4
-3296.6 9787.7 -248.4 356 0 10.7 16.1 14.0 3.5 2 1 4 1 1
-3096.7 9793.2 -246.9 3 0 29.1 12.7 14.0 3.5 2 0 4 4 4
-3693.4 9910.3 -248.6 244 0 15.6 19.8 14.0 3.5 2 1 4 0 0
-3436.7 9829.3 -249.6 276 0 11.7 41.4 14.0 3.5 2 1 4 5 5
-3066.4 9970.5 -238.9 272 0 27.5 16.7 12.5 2.5 2 0 5 5 5
-2622.5 9734.0 -243.6 98 0 34.4 13.7 5.0 2.5 4 0 2 4 4
-2955.7 9813.2 -245.8 263 0 9.0 16.2 7.5 0.0 0 1 3 2 2
-2845.8 9803.8 -245.1 0 0 8.2 27.4 5.0 2.5 2 1 2 3 3
-2552.9 9723.4 -243.1 98 0 36.5 14.9 10.0 2.5 2 0 4 5 5
-2902.1 9906.3 -242.3 1 0 43.9 17.8 10.0 0.0 0 0 4 0 0
-2701.1 9743.1 -244.4 272 0 97.4 19.5 10.0 0.0 0 0 4 0 0
-2926.1 9951.5 -237.1 270 0 26.3 19.9 10.0 0.0 0 0 4 3 3
-2971.5 9758.3 -245.9 180 0 21.4 6.9 5.0 2.5 2 0 2 3 3
-2897.1 9767.6 -245.4 41 0 9.5 21.7 7.5 2.5 4 1 3 3 3
-2959.0 9929.5 -240.3 273 0 17.2 16.1 17.5 0.0 0 0 7 5 5
-2606.8 9767.8 -243.4 279 0 15.1 14.4 5.0 2.5 2 0 2 0 0
-2889.0 9905.5 -241.7 276 0 8.7 23.2 2.5 2.5 2 1 1 3 3
-2531.6 9749.3 -242.9 9 0 15.0 15.7 5.0 2.5 2 1 2 5 5
-2698.8 9778.6 -244.2 97 0 94.7 20.5 12.5 0.0 0 0 5 3 3
-2933.4 9813.7 -245.7 269 0 28.2 17.1 10.0 2.5 2 0 4 0 0
-2956.6 9947.5 -238.1 271 0 17.6 16.8 12.5 2.5 2 0 5 0 0
-2561.4 9761.3 -243.1 279 0 15.3 14.6 5.0 2.5 2 0 2 2 2
-2583.7 9765.1 -243.2 279 0 16.1 15.3 5.0 2.5 2 0 2 4 4
-2628.4 9772.6 -243.6 279 0 16.2 15.4 5.0 2.5 2 0 2 1 1
-2514.9 9705.3 -242.6 180 0 14.8 16.1 7.5 2.5 2 1 3 0 0
-2563.5 9710.6 -243.3 279 0 55.5 15.2 10.0 2.5 2 0 4 1 1
-2483.7 9763.0 -242.5 268 0 21.5 13.5 10.0 2.5 4 0 4 2 2
-2483.0 9672.8 -242.6 20 0 8.3 33.5 7.5 2.5 2 1 3 4 4
-2514.8 9726.4 -242.7 180 0 15.3 16.6 10.0 2.5 4 1 4 5 5
-2514.1 9776.4 -242.7 93 0 14.8 14.7 7.5 2.5 2 0 3 4 4
-2582.8 9781.6 -243.2 93 0 14.9 14.8 5.0 2.5 2 0 2 4 4
-2559.9 9779.1 -243.0 93 0 15.2 15.1 2.5 2.5 2 0 1 5 5
-2637.3 9718.0 -243.6 196 0 13.0 38.8 7.5 2.5 2 1 3 2 2
-2474.0 9786.7 -241.7 41 0 27.6 17.2 10.0 0.0 0 0 4 3 3
-2606.0 9781.9 -243.3 93 0 15.1 15.0 7.5 2.5 2 0 3 4 4
-2515.6 9746.1 -242.7 180 0 15.0 16.3 7.5 2.5 2 1 3 4 4
-2628.6 9783.6 -243.5 93 0 15.3 15.2 5.0 2.5 2 0 2 2 2
-2537.6 9777.9 -242.8 93 0 15.1 14.9 5.0 2.5 2 0 2 3 3
-2666.9 9899.5 -233.5 92 0 16.6 24.9 10.0 2.5 2 1 4 4 4
-2667.5 9820.2 -242.4 94 0 32.3 21.0 10.0 0.0 0 0 4 4 4
-2635.9 9897.1 -236.0 92 0 29.2 12.1 10.0 2.5 2 0 4 3 3
-4178.7 8761.6 -242.1 182 0 45.2 15.6 14.0 3.5 2 0 4 0 0
-4167.3 8798.2 -245.8 197 0 20.1 11.5 14.0 3.5 2 0 4 5 5
-1953.5 6153.0 -161.6 257 0 8.7 5.2 7.5 0.0 0 0 3 0 0
-1909.3 6158.4 -158.5 273 0 18.1 6.1 7.5 2.5 2 0 3 5 5
-3786.1 9640.7 -250.7 30 0 9.9 15.6 10.5 3.5 2 1 3 5 5
-3734.5 9663.4 -252.2 59 0 9.8 15.6 10.5 3.5 2 1 3 4 4
-3786.0 9627.3 -250.2 30 0 9.9 15.6 10.5 3.5 2 1 3 5 5
-3801.9 9679.7 -251.7 246 0 15.6 9.9 10.5 3.5 2 0 3 1 1
4685.8 12011.1 234.3 310 0 15.1 8.4 5.0 2.5 4 0 2 3 3
-1218.1 9056.9 -227.3 118 0 15.2 15.7 2.5 2.5 2 1 1 3 3
-1317.9 9119.5 -223.0 115 0 16.5 15.4 12.5 2.5 2 0 5 1 1
-1351.0 9118.3 -225.2 116 0 17.5 14.4 15.0 0.0 0 0 6 3 3
-1515.4 8828.9 -236.8 300 0 32.2 14.0 7.5 2.5 2 0 3 2 2
-1358.4 9097.3 -228.7 101 0 19.0 14.1 15.0 0.0 0 0 6 3 3
-1409.3 9139.9 -228.4 190 0 14.4 19.8 10.0 2.5 2 1 4 3 3
-2273.0 9600.0 -236.1 94 0 25.3 14.1 7.5 2.5 2 0 3 3 3
-1384.7 9104.2 -230.1 101 0 18.4 13.5 10.0 2.5 2 0 4 5 5
-1402.7 9109.0 -231.0 99 0 14.7 15.9 5.0 2.5 2 1 2 0 0
-1382.1 9221.6 -216.8 206 0 17.7 17.9 12.5 2.5 2 1 5 2 2
-1409.3 9164.1 -225.6 191 0 15.5 20.3 12.5 2.5 2 1 5 3 3
-1345.3 9208.5 -216.0 299 0 17.1 13.4 5.0 0.0 0 0 2 2 2
-1287.9 9191.8 -217.9 293 0 17.2 18.3 10.0 2.5 2 1 4 5 5
-1344.3 9135.6 -223.0 101 0 19.8 14.9 10.0 2.5 2 0 4 2 2
-1316.6 9201.3 -216.9 290 0 18.5 17.5 12.5 2.5 2 0 5 2 2
-1388.0 9189.4 -220.6 206 0 10.8 17.4 10.0 2.5 2 1 4 1 1
-1376.5 9123.0 -227.2 101 0 18.3 13.5 5.0 2.5 2 0 2 5 5
-1281.0 9154.6 -221.2 314 0 16.9 17.3 15.0 0.0 0 1 6 3 3
-2094.3 9446.2 -240.0 358 0 9.7 27.0 7.5 2.5 2 1 3 0 0
-1346.5 9183.2 -219.5 274 0 20.3 13.5 7.5 2.5 2 0 3 0 0
-1241.7 9152.0 -221.5 306 0 15.5 14.8 5.0 2.5 2 0 2 0 0
-2098.0 9561.2 -232.1 43 0 21.6 20.3 12.5 2.5 2 0 5 0 0
-1315.7 9168.4 -219.4 303 0 18.6 11.1 5.0 2.5 2 0 2 3 3
-1262.6 9175.0 -219.4 311 0 16.4 17.4 12.5 2.5 2 1 5 0 0
-1256.4 9121.2 -223.2 36 0 12.9 16.5 5.0 2.5 2 1 2 5 5
-1189.3 9112.3 -225.4 303 0 13.7 40.0 10.0 2.5 2 1 4 5 5
-1330.4 9097.9 -225.9 116 0 19.4 15.9 10.0 2.5 2 0 4 2 2
-1167.2 9098.1 -226.0 304 0 15.5 41.5 12.5 2.5 2 1 5 1 1
-1380.5 9150.8 -224.7 191 0 14.8 19.6 12.5 2.5 2 1 5 4 4
-1285.9 9088.0 -226.6 27 0 20.5 19.0 12.5 2.5 2 0 5 0 0
738.6 -11120.2 -226.3 125 0 24.6 15.9 10.0 2.5 4 0 4 4 4
-6838.8 9521.9 -257.7 56 0 10.6 42.5 7.5 2.5 2 1 3 4 4
-6761.0 9600.0 -258.1 320 0 8.2 30.1 7.5 2.5 2 1 3 4 4
-3221.2 10133.5 -230.1 340 0 11.3 38.1 12.5 2.5 2 1 5 2 2
-3274.4 10165.9 -231.8 70 0 7.8 10.6 5.0 2.5 4 1 2 5 5
-3241.4 10178.8 -231.6 69 0 12.0 19.5 7.5 0.0 0 1 3 0 0
-3269.1 10161.9 -231.3 249 0 4.8 7.0 3.5 3.5 4 1 1 3 3
-3296.5 10152.9 -231.7 251 0 6.0 7.6 7.5 2.5 2 1 3 2 2
-3261.0 10144.8 -230.8 249 0 6.6 6.4 7.5 2.5 2 0 3 5 5
-3286.9 10128.0 -231.1 71 0 5.1 6.0 7.5 2.5 2 1 3 3 3
-3263.3 10170.2 -231.6 67 0 11.4 8.6 7.5 2.5 2 0 3 5 5
-3244.3 10135.5 -230.5 67 0 16.4 7.3 7.5 0.0 0 0 3 0 0
-3269.3 10116.2 -230.2 68 0 26.0 7.9 5.0 2.5 2 0 2 2 2
-3231.9 10140.5 -230.3 69 0 6.7 8.1 5.0 2.5 2 1 2 4 4
-3284.0 10157.5 -231.6 250 0 14.7 16.1 7.5 2.5 2 1 3 2 2
-3286.9 10161.4 -232.2 69 0 15.3 17.1 7.5 2.5 2 1 3 2 2
-3252.2 10148.5 -230.7 249 0 8.7 6.7 5.0 2.5 2 0 2 0 0
-3252.9 10174.8 -231.6 67 0 10.1 14.7 5.0 2.5 4 1 2 4 4
-3266.1 10154.9 -231.1 248 0 4.6 7.5 7.0 3.5 2 1 2 4 4
-3156.4 10145.1 -228.2 65 0 11.7 10.1 5.0 2.5 2 0 2 1 1
-3185.5 10148.4 -229.3 336 0 10.4 19.6 7.5 2.5 2 1 3 1 1
-3183.7 10131.4 -227.9 66 0 42.2 8.1 7.5 2.5 2 0 3 5 5
-3197.1 10153.9 -230.0 65 0 30.3 8.5 7.5 2.5 2 0 3 3 3
-3820.1 9123.1 -245.3 20 0 39.7 8.9 10.5 3.5 2 0 3 1 1
-3770.3 9088.9 -244.3 19 0 12.0 8.2 10.5 3.5 2 0 3 0 0
-3785.6 8964.2 -243.2 272 0 53.8 19.6 14.0 3.5 4 0 4 2 2
-4188.3 9002.1 -247.9 282 0 42.2 33.0 14.0 0.0 0 0 4 4 4
-3755.4 9119.6 -244.6 21 0 21.0 11.1 14.0 3.5 2 0 4 2 2
-3828.8 9365.7 -248.3 154 0 54.1 17.6 14.0 3.5 2 0 4 0 0
-541.3 -11758.5 -236.1 337 0 65.8 49.2 10.5 0.0 0 0 3 2 2
