3681.3 9957.2 -6.4 63 0 53.3 17.3 17.5 3.5 2 0 5 5 5
4122.8 9062.1 -6.7 170 0 53.8 31.5 17.5 0.0 0 0 5 0 0
-2637.1 11552.4 -7.7 106 0 15.4 139.6 12.5 0.0 0 1 5 1 1
-2823.8 12755.5 -16.1 148 0 135.6 25.2 7.5 0.0 0 0 3 5 5
-2765.8 12655.0 -9.7 148 0 79.8 15.1 12.5 2.5 2 0 5 1 1
-2699.8 11378.0 -4.6 109 0 19.0 119.4 12.5 0.0 0 1 5 2 2
4299.6 7012.8 -10.4 31 0 39.2 51.3 14.0 0.0 0 1 4 5 5
4196.5 7038.2 -9.4 120 0 50.8 52.1 14.0 0.0 0 1 4 0 0
-2787.2 12828.4 -16.4 240 0 29.3 112.8 10.0 0.0 0 1 4 1 1
-2659.1 12481.3 -11.7 148 0 52.4 23.9 10.0 0.0 0 0 4 1 1
-2473.4 11902.9 -10.7 35 0 36.0 20.7 5.0 0.0 0 0 2 1 1
-2516.9 12259.2 -10.4 146 0 16.6 10.7 7.5 2.5 2 0 3 4 4
-2506.8 12245.6 -10.6 146 0 11.7 12.6 2.5 2.5 2 1 1 0 0
-2713.8 12570.5 -12.0 147 0 11.9 22.2 10.0 2.5 2 1 4 1 1
-2729.4 12595.0 -11.3 149 0 13.1 22.8 12.5 2.5 2 1 5 0 0
-2501.5 11877.5 -10.6 31 0 29.2 16.5 10.0 2.5 2 0 4 3 3
-2721.8 12582.3 -11.9 148 0 11.5 22.7 7.5 2.5 2 1 3 3 3
-2440.0 12000.6 -12.4 32 0 69.2 57.7 12.5 0.0 0 0 5 5 5
-2737.3 12608.6 -10.4 149 0 15.3 22.9 12.5 2.5 2 1 5 4 4
-2445.3 12176.0 -10.7 55 0 16.3 22.4 12.5 0.0 0 1 5 3 3
-2435.5 12164.7 -11.3 235 0 20.7 94.0 10.0 0.0 0 1 4 2 2
-2487.2 12220.4 -11.3 145 0 18.5 20.6 7.5 2.5 2 1 3 0 0
-2474.7 12201.3 -11.3 148 0 22.4 20.4 10.0 2.5 2 0 4 1 1
-2585.4 12361.4 -7.3 149 0 59.4 21.7 15.0 2.5 2 0 6 2 2
-2555.5 12315.0 -7.9 144 0 39.1 10.8 12.5 2.5 2 0 5 5 5
-2689.8 12530.6 -12.0 148 0 59.9 24.2 10.0 2.5 2 0 4 2 2
-2344.6 12160.1 -9.2 308 0 44.3 25.3 7.5 0.0 0 0 3 5 5
-2316.8 12113.1 -9.0 56 0 23.1 16.8 12.5 2.5 2 0 5 3 3
-2487.6 12135.9 -10.6 57 0 11.0 26.5 10.0 2.5 2 1 4 0 0
-2509.9 12181.6 -10.6 325 0 39.9 25.7 10.0 0.0 0 0 4 5 5
-2536.2 12219.6 -10.5 325 0 46.9 25.4 10.0 0.0 0 0 4 1 1
-2299.5 12068.1 -9.0 225 0 12.8 23.5 10.0 2.5 4 1 4 2 2
-2412.1 12192.1 -10.3 219 0 24.2 43.0 7.5 0.0 0 1 3 5 5
-2487.7 11686.8 -5.5 202 0 28.1 12.7 12.5 2.5 4 0 5 4 4
-2454.9 11689.0 -5.3 292 0 11.8 27.9 5.0 2.5 2 1 2 5 5
-2538.3 11707.2 -7.1 197 0 23.0 11.5 7.5 2.5 2 0 3 1 1
-2443.7 11719.1 -5.8 292 0 11.8 27.9 7.5 2.5 4 1 3 3 3
-2453.2 11758.6 -6.6 292 0 13.1 29.4 10.0 0.0 0 1 4 0 0
-2327.9 11695.4 -9.8 22 0 31.8 20.8 10.0 0.0 0 0 4 4 4
-2432.1 11748.9 -6.4 289 0 12.7 28.9 10.0 2.5 2 1 4 1 1
-2465.4 11726.9 -6.0 292 0 12.0 27.4 10.0 2.5 4 1 4 5 5
-2527.4 11735.1 -7.5 200 0 24.9 11.1 7.5 2.5 2 0 3 1 1
-2518.5 11765.3 -8.0 196 0 28.6 12.5 7.5 2.5 2 0 3 2 2
-2362.2 11726.3 -8.7 293 0 22.1 22.3 7.5 0.0 0 1 3 1 1
-2534.5 11618.1 -4.8 229 0 14.0 27.2 10.0 2.5 2 1 4 0 0
-2654.5 11598.2 -7.1 27 0 9.1 6.6 7.5 2.5 2 0 3 0 0
-2725.5 11691.8 -11.5 42 0 12.0 31.0 7.5 0.0 0 1 3 1 1
-2742.8 11923.9 -14.2 224 0 7.9 10.2 7.5 2.5 2 1 3 2 2
-2668.3 11580.9 -7.2 22 0 14.2 12.1 5.0 2.5 2 0 2 4 4
-2684.5 11843.5 -13.7 31 0 43.7 13.6 7.5 2.5 2 0 3 5 5
-2727.7 11775.3 -12.9 36 0 8.0 11.7 5.0 2.5 2 1 2 4 4
-2720.9 11763.7 -12.1 219 0 8.2 8.7 7.5 2.5 4 1 3 2 2
-2484.2 11769.5 -7.3 290 0 12.3 29.6 7.5 2.5 2 1 3 3 3
-2670.8 11521.2 -5.6 208 0 31.8 23.3 10.0 0.0 0 0 4 0 0
-2674.3 11615.4 -8.0 28 0 11.9 10.0 2.5 2.5 2 0 1 3 3
-2547.9 11566.9 -3.9 229 0 14.5 25.9 10.0 2.5 2 1 4 5 5
-2730.0 11756.1 -12.2 219 0 11.2 11.8 5.0 2.5 4 1 2 2 2
-2695.0 11625.9 -8.4 207 0 10.2 11.6 7.5 0.0 0 1 3 5 5
-2530.0 11654.4 -5.8 201 0 47.1 13.5 10.0 2.5 2 0 4 3 3
-2636.2 11903.0 -13.6 215 0 12.7 9.5 7.5 2.5 2 0 3 2 2
-2473.7 11523.3 -3.8 113 0 12.6 14.1 5.0 2.5 2 1 2 4 4
-2643.8 11891.7 -13.5 215 0 10.8 8.9 2.5 2.5 2 0 1 4 4
-2674.1 11839.9 -12.9 209 0 7.8 6.2 7.5 2.5 4 0 3 3 3
-2714.5 11701.9 -10.9 40 0 11.8 10.7 2.5 2.5 4 0 1 3 3
-2557.6 11663.4 -6.6 201 0 50.4 19.8 10.0 2.5 2 0 4 0 0
-2403.2 11537.3 -6.6 23 0 53.5 22.1 12.5 2.5 2 0 5 4 4
-2478.7 11634.4 -4.7 201 0 47.2 13.3 7.5 2.5 2 0 3 0 0
-2654.1 11854.8 -12.8 212 0 9.2 9.6 2.5 0.0 0 1 1 3 3
-2503.6 11643.9 -5.0 199 0 45.3 12.0 7.5 0.0 0 0 3 5 5
-2669.3 11848.7 -13.0 210 0 7.9 9.3 7.5 2.5 2 1 3 2 2
-2508.7 11522.4 -3.6 107 0 13.8 84.1 12.5 2.5 2 1 5 4 4
-2672.2 11800.2 -12.0 213 0 10.4 6.6 7.5 2.5 2 0 3 2 2
-2407.8 11622.6 -6.8 25 0 74.9 28.9 10.0 0.0 0 0 4 0 0
-2682.0 11804.4 -12.3 210 0 11.8 6.4 5.0 2.5 2 0 2 0 0
-2391.4 11713.9 -7.5 294 0 16.9 10.4 2.5 2.5 2 0 1 1 1
-2367.3 11685.6 -8.2 23 0 29.3 20.0 10.0 0.0 0 0 4 5 5
-2691.0 11811.2 -12.6 207 0 9.5 9.2 7.5 2.5 2 0 3 4 4
-2401.3 11737.7 -7.2 288 0 12.2 32.4 7.5 2.5 2 1 3 4 4
-2689.3 11783.8 -11.9 224 0 10.8 11.8 7.5 2.5 2 1 3 0 0
-2585.9 11577.3 -5.7 196 0 114.8 19.5 15.0 0.0 0 0 6 5 5
-2570.8 11869.4 -11.6 118 0 9.9 7.1 5.0 2.5 2 0 2 2 2
-2538.0 11577.0 -4.1 161 0 13.6 23.3 10.0 2.5 2 1 4 4 4
-2657.0 11870.0 -13.2 211 0 5.3 7.8 7.5 2.5 2 1 3 0 0
-2560.7 11892.2 -11.8 296 0 9.7 16.1 7.5 2.5 2 1 3 1 1
-2620.8 11836.4 -12.0 29 0 8.2 9.5 2.5 2.5 2 1 1 3 3
-2546.9 11494.8 -2.9 51 0 12.5 25.6 7.5 2.5 2 1 3 4 4
-2526.5 11532.1 -3.1 340 0 14.0 29.2 7.5 2.5 2 1 3 5 5
-2653.5 11876.0 -13.3 216 0 4.8 7.7 2.5 2.5 2 1 1 3 3
-2671.6 11549.0 -6.6 30 0 16.9 13.9 5.0 2.5 2 0 2 2 2
-2748.3 11538.8 -7.5 220 0 4.7 9.5 7.5 2.5 2 1 3 1 1
-2722.8 11524.4 -7.0 36 0 11.1 12.8 5.0 0.0 0 1 2 4 4
-2528.4 11464.9 -2.1 104 0 14.5 47.3 10.0 2.5 2 1 4 3 3
-2621.3 11467.5 -3.6 199 0 69.3 23.8 10.0 0.0 0 0 4 5 5
-2740.8 11500.4 -6.8 116 0 13.3 15.3 7.5 2.5 2 1 3 3 3
-2478.9 12104.1 -11.2 243 0 5.7 12.1 2.5 2.5 2 1 1 0 0
-2241.0 12061.2 -7.9 31 0 23.0 15.0 7.5 2.5 2 0 3 3 3
-2544.4 12333.4 -9.3 217 0 9.7 42.3 7.5 2.5 4 1 3 2 2
-2466.4 12274.6 -11.7 326 0 32.1 15.1 10.0 2.5 2 0 4 3 3
-2590.8 12189.0 -10.8 145 0 30.1 25.6 12.5 0.0 0 0 5 2 2
-2536.2 12423.5 -8.7 220 0 10.1 24.1 7.5 2.5 2 1 3 2 2
-2603.3 12305.9 -6.5 328 0 14.9 14.1 5.0 2.5 2 0 2 5 5
-2656.5 12393.1 -6.9 325 0 38.7 22.1 10.0 0.0 0 0 4 0 0
-2636.4 12359.7 -6.1 329 0 27.8 21.6 7.5 0.0 0 0 3 1 1
-2526.9 12378.2 -8.3 309 0 10.0 16.0 2.5 2.5 2 1 1 2 2
-2566.1 12158.4 -10.8 144 0 31.5 19.9 10.0 0.0 0 0 4 3 3
-2599.3 12218.5 -9.3 141 0 7.8 12.3 7.5 2.5 2 1 3 5 5
-2648.6 12311.8 -6.2 209 0 8.2 21.6 5.0 2.5 2 1 2 3 3
-2623.6 12311.3 -5.9 30 0 11.3 21.4 7.5 2.5 2 1 3 2 2
-2560.2 12247.7 -9.4 322 0 20.2 18.7 7.5 2.5 2 0 3 5 5
-2582.9 12277.5 -7.9 325 0 30.7 21.2 10.0 0.0 0 0 4 3 3
-2552.4 12367.7 -7.7 117 0 8.6 28.1 5.0 0.0 0 1 2 4 4
-2994.2 12770.7 -19.0 150 0 11.6 11.9 2.5 0.0 0 1 1 0 0
-2978.0 12754.2 -18.9 62 0 17.4 15.0 10.0 2.5 2 0 4 3 3
-4664.2 6845.0 -14.1 29 0 27.0 25.6 7.5 0.0 0 0 3 0 0
