2725.1 10638.7 -12.1 181 0 10.9 11.5 14.0 3.5 2 0 4 0 0
2736.6 10627.1 -12.4 360 0 12.3 11.5 14.0 3.5 2 0 4 4 4
-554.0 12561.8 -9.9 283 0 10.0 35.1 10.5 3.5 2 1 3 2 2
-518.6 12553.8 -10.1 282 0 55.9 18.6 10.5 3.5 2 0 3 3 3
-685.1 12564.9 -6.6 118 0 13.2 31.1 10.5 3.5 2 1 3 0 0
-644.5 12596.4 -9.5 300 0 62.9 17.4 10.5 3.5 2 0 3 0 0
-435.4 12486.3 -9.4 29 0 39.9 14.7 10.5 3.5 2 0 3 2 2
-479.6 12413.2 -8.8 32 0 40.2 5.9 10.5 3.5 2 0 3 2 2
-462.4 12501.5 -9.6 300 0 20.0 34.1 10.5 0.0 0 1 3 1 1
2613.8 10560.0 -7.1 102 0 43.8 17.6 14.0 3.5 2 0 4 0 0
2604.7 10674.2 -11.5 34 0 81.8 23.1 14.0 0.0 0 0 4 1 1
-395.6 12475.9 -6.2 211 0 24.6 55.3 14.0 3.5 2 1 4 4 4
2751.8 10245.2 -5.7 166 0 21.6 5.1 10.5 0.0 0 0 3 0 0
2738.0 10243.8 -5.2 346 0 23.5 6.7 10.5 3.5 2 0 3 0 0
-688.7 10727.3 -14.7 270 0 151.6 75.2 10.0 0.0 0 0 4 5 5
-442.9 10544.4 -14.8 359 0 74.7 156.4 12.5 0.0 0 1 5 3 3
-447.4 10661.4 -14.9 0 0 134.4 152.9 10.0 0.0 0 1 4 0 0
-439.1 10347.0 -9.7 90 0 103.0 60.1 15.0 0.0 0 0 6 4 4
-517.9 10844.6 -14.3 269 0 210.7 86.4 12.5 0.0 0 0 5 1 1
214.6 12488.5 -13.1 274 0 153.8 147.7 14.0 0.0 0 0 4 1 1
2907.7 10336.0 -9.9 98 0 33.2 9.7 10.5 3.5 2 0 3 5 5
2891.6 10372.0 -11.2 189 0 39.6 10.0 10.5 3.5 2 0 3 3 3
2962.0 10332.1 -11.1 8 0 8.2 28.5 10.5 3.5 2 1 3 4 4
2976.9 10363.8 -12.2 11 0 40.2 12.0 14.0 3.5 2 0 4 1 1
2953.8 10392.1 -12.3 275 0 23.5 10.0 10.5 3.5 2 0 3 2 2
