6727.3 -5006.2 -9.9 250 0 49.1 20.3 5.0 2.5 2 0 2 1 1
6026.0 -9522.6 -9.4 218 0 37.4 9.8 10.5 3.5 2 0 3 2 2
6241.3 -9395.8 -9.4 226 0 51.6 44.3 14.0 0.0 0 0 4 2 2
6294.1 -9509.0 -7.4 70 0 36.5 66.9 17.5 0.0 0 1 5 1 1
5392.1 -9308.2 -14.3 204 0 37.1 25.6 14.0 0.0 0 0 4 3 3
5462.5 -9289.0 -14.3 295 0 42.9 23.1 14.0 0.0 0 0 4 4 4
6665.5 -9175.8 -14.4 296 0 52.6 18.9 17.5 3.5 2 0 5 5 5
6679.4 -9113.0 -12.1 202 0 41.2 12.7 17.5 3.5 2 0 5 2 2
6689.1 -9244.0 -15.8 214 0 25.5 9.2 10.5 3.5 2 0 3 4 4
6664.6 -9269.5 -14.5 211 0 18.7 28.9 17.5 3.5 2 1 5 5 5
6679.2 -9443.3 -11.9 261 0 36.9 24.1 21.0 0.0 0 0 6 4 4
6664.6 -9219.7 -13.5 294 0 8.4 14.4 10.5 0.0 0 1 3 0 0
6566.5 -9308.8 -11.5 302 0 17.2 14.8 17.5 3.5 2 0 5 5 5
6574.5 -9189.8 -13.5 210 0 29.3 24.5 17.5 0.0 0 0 5 4 4
6563.8 -9211.1 -10.2 210 0 12.4 22.4 17.5 3.5 2 1 5 2 2
6549.6 -9232.6 -8.4 210 0 29.9 21.2 17.5 0.0 0 0 5 5 5
6532.6 -9259.1 -8.9 210 0 28.0 20.1 17.5 3.5 2 0 5 0 0
6590.5 -9247.7 -8.4 30 0 8.1 18.9 10.5 3.5 2 1 3 1 1
6582.3 -9264.8 -8.2 30 0 24.6 20.7 17.5 3.5 2 0 5 2 2
6554.0 -9288.7 -9.6 122 0 21.5 18.1 17.5 3.5 2 0 5 0 0
6579.4 -9305.5 -10.4 122 0 21.4 39.6 17.5 3.5 2 1 5 0 0
6620.6 -9229.5 -12.1 122 0 40.3 13.3 17.5 3.5 2 0 5 5 5
6721.4 -9232.1 -16.5 34 0 15.5 25.6 17.5 3.5 2 1 5 4 4
6707.7 -9252.2 -16.5 34 0 28.9 9.0 10.5 3.5 4 0 3 1 1
6684.8 -9305.5 -13.2 24 0 7.5 13.9 10.5 3.5 2 1 3 2 2
6680.1 -9348.7 -16.8 351 0 20.3 11.6 17.5 3.5 4 0 5 2 2
6590.6 -9136.1 -13.7 294 0 102.0 23.0 17.5 0.0 0 0 5 4 4
6603.0 -9360.1 -12.4 14 0 50.7 122.4 17.5 0.0 0 1 5 1 1
6622.6 -9384.3 -14.3 257 0 32.7 55.2 14.0 0.0 0 1 4 5 5
6615.5 -9282.3 -11.0 208 0 75.5 19.1 14.0 3.5 2 0 4 2 2
6661.6 -9378.7 -16.5 261 0 21.9 33.8 14.0 0.0 0 1 4 1 1
6668.6 -9434.2 -14.9 82 0 15.6 19.1 14.0 3.5 2 0 4 5 5
6695.2 -9421.5 -15.1 354 0 19.1 20.1 14.0 3.5 2 0 4 5 5
6690.7 -9389.2 -17.5 352 0 21.8 9.2 10.5 3.5 2 0 3 2 2
6569.8 -9182.3 -13.2 30 0 20.7 22.9 17.5 0.0 0 1 5 4 4
6542.9 -9224.7 -11.3 31 0 71.8 21.6 17.5 3.5 2 0 5 3 3
6435.5 -9278.4 -10.7 216 0 9.3 30.5 10.5 3.5 2 1 3 2 2
6523.0 -9101.8 -12.0 301 0 29.7 24.6 17.5 0.0 0 0 5 0 0
6280.8 -9007.3 -11.5 88 0 8.3 45.8 10.5 0.0 0 1 3 0 0
5988.0 -9413.1 -11.2 312 0 45.8 11.0 17.5 3.5 2 0 5 5 5
5970.8 -9464.0 -10.8 109 1 17.9 12.9 17.5 3.5 2 0 5 3 3
1132.6 -6668.0 3.5 178 0 180.9 69.0 12.5 0.0 0 0 5 2 2
4316.6 -10948.9 -11.7 340 0 33.3 19.6 17.5 0.0 0 0 5 0 0
6312.7 -8964.5 -13.4 352 0 27.8 7.4 10.5 0.0 0 0 3 0 0
6247.8 -8894.0 -8.1 3 0 30.7 20.4 17.5 0.0 0 0 5 2 2
