1174.0 -1424.1 -0.8 76 0 12.5 35.4 5.0 2.5 2 1 2 0 0
-3886.0 8534.8 -4.9 261 0 10.7 8.9 10.5 3.5 2 0 3 2 2
-3653.0 8533.4 -3.2 181 0 14.0 25.0 7.5 2.5 2 1 3 3 3
-317.7 6553.6 -3.2 341 0 10.2 21.7 14.0 3.5 2 1 4 2 2
-105.1 6419.7 -2.7 243 0 44.3 77.2 14.0 0.0 0 1 4 0 0
131.9 6216.5 -3.9 332 0 13.8 8.3 7.5 2.5 2 0 3 1 1
52.5 6163.3 -2.8 151 0 57.4 18.1 12.5 2.5 2 0 5 4 4
2412.7 -1232.2 -4.9 5 0 62.5 60.9 10.0 0.0 0 0 4 5 5
4952.8 -1495.0 -2.6 272 0 42.2 38.6 12.5 0.0 0 0 5 2 2
5468.4 -1557.0 -0.1 351 0 11.3 19.7 10.0 2.5 2 1 4 1 1
866.9 3710.8 3.2 143 0 20.1 13.2 10.0 2.5 2 0 4 5 5
