-1832.8 10423.8 -112.1 334 0 146.9 93.7 12.5 0.0 0 0 5 5 5
-722.4 10823.6 -103.9 168 0 82.4 45.4 12.5 0.0 0 0 5 4 4
-802.4 11162.3 -104.5 331 0 58.8 44.3 10.0 0.0 0 0 4 5 5
-686.2 10973.7 -102.7 165 0 58.5 13.7 10.0 2.5 2 0 4 1 1
-712.5 11063.3 -101.6 249 0 13.7 58.6 10.0 2.5 4 1 4 5 5
-719.6 11080.9 -102.0 59 0 13.1 27.4 10.0 2.5 2 1 4 3 3
-735.7 11126.6 -102.3 343 0 31.3 11.6 15.0 0.0 0 0 6 4 4
-801.1 11067.6 -107.4 69 0 65.1 38.0 12.5 0.0 0 0 5 5 5
-832.4 11213.4 -102.5 333 0 47.5 43.5 10.0 0.0 0 0 4 1 1
-1257.9 11786.9 -107.1 335 0 101.3 61.6 12.5 0.0 0 0 5 0 0
-500.5 11008.1 -102.2 348 0 66.6 166.8 12.5 0.0 0 1 5 2 2
-516.3 11078.7 -102.5 347 0 52.4 175.7 12.5 0.0 0 1 5 4 4
-600.6 10236.1 -99.2 354 0 52.9 21.5 14.0 3.5 2 0 4 4 4
-663.6 10265.9 -104.9 158 0 21.2 48.7 14.0 3.5 2 1 4 1 1
-591.0 10310.1 -102.4 171 0 51.9 40.7 10.0 0.0 0 0 4 2 2
-689.2 10700.9 -101.5 290 0 11.2 57.6 15.0 0.0 0 1 6 3 3
-702.2 10587.6 -94.9 254 0 8.7 33.4 7.5 2.5 2 1 3 0 0
-681.3 10530.8 -89.9 346 0 37.3 10.1 12.5 2.5 2 0 5 1 1
-606.7 10358.4 -102.3 166 0 40.5 29.1 12.5 0.0 0 0 5 5 5
-581.3 10249.0 -97.5 166 0 55.8 10.9 10.0 2.5 2 0 4 3 3
-542.4 9898.8 -99.0 13 0 56.9 45.0 14.0 0.0 0 0 4 3 3
-546.0 10011.8 -95.9 354 0 45.1 31.6 14.0 0.0 0 0 4 0 0
3171.7 8151.0 -109.3 183 0 7.5 8.1 7.5 2.5 2 1 3 0 0
3160.5 8138.8 -109.5 182 0 10.5 5.1 7.5 2.5 2 0 3 0 0
3152.6 8135.4 -109.8 89 0 9.6 7.9 5.0 2.5 2 0 2 3 3
3132.5 8138.5 -110.4 89 0 7.8 6.3 5.0 2.5 2 0 2 1 1
3141.4 8131.8 -110.0 274 0 4.5 7.7 7.5 2.5 4 1 3 3 3
3153.0 8132.0 -109.7 273 0 7.8 8.6 5.0 2.5 2 1 2 1 1
3117.1 8111.3 -110.4 180 0 7.2 11.1 7.5 2.5 4 1 3 3 3
3153.0 8096.3 -109.5 358 0 12.5 10.6 5.0 2.5 2 0 2 0 0
3125.2 8054.2 -109.8 90 0 11.7 16.2 5.0 2.5 2 1 2 2 2
3583.7 7751.6 -94.7 138 0 16.5 13.8 5.0 2.5 2 0 2 5 5
3581.0 7891.0 -98.0 320 0 22.9 14.8 7.5 2.5 2 0 3 4 4
3522.1 7932.1 -98.2 318 0 9.3 35.5 5.0 2.5 4 1 2 3 3
3109.7 8214.3 -111.7 180 0 10.9 6.5 7.5 2.5 2 0 3 4 4
3133.3 8194.8 -111.0 94 0 9.2 9.6 5.0 2.5 2 1 2 4 4
3145.9 8221.1 -110.8 187 0 10.7 10.6 7.5 2.5 4 0 3 4 4
3143.0 8208.3 -110.7 188 0 8.1 10.9 2.5 2.5 4 1 1 3 3
3142.6 8196.9 -110.6 189 0 11.1 9.5 7.5 2.5 2 0 3 2 2
3217.4 8107.9 -107.9 319 0 11.6 9.1 7.5 0.0 0 0 3 4 4
3215.3 8086.6 -107.8 51 0 17.6 8.4 2.5 2.5 2 0 1 3 3
3204.8 8090.3 -108.1 49 0 6.3 10.1 7.5 2.5 2 1 3 5 5
3182.9 8114.3 -108.6 204 0 8.3 9.9 5.0 0.0 0 1 2 3 3
3184.8 8156.0 -109.1 271 0 8.4 11.2 5.0 0.0 0 1 2 3 3
3225.7 8141.6 -107.8 178 0 8.3 8.0 5.0 2.5 2 0 2 5 5
3246.3 8183.6 -107.8 270 0 11.6 8.5 2.5 2.5 2 0 1 3 3
3194.1 8180.3 -109.1 169 0 5.3 7.3 7.5 2.5 2 1 3 5 5
3134.9 8152.3 -110.3 185 0 4.8 10.3 5.0 2.5 2 1 2 3 3
3140.5 8179.5 -110.6 276 0 14.7 6.8 5.0 2.5 2 0 2 1 1
3175.3 8278.2 -110.7 271 0 9.9 13.4 5.0 2.5 4 1 2 1 1
3214.2 8216.4 -109.2 95 0 12.5 11.2 5.0 2.5 2 0 2 4 4
3226.5 8259.5 -109.3 359 0 12.3 8.9 7.5 2.5 2 0 3 1 1
3364.7 7903.9 -101.7 347 0 11.5 8.4 2.5 2.5 2 0 1 3 3
3356.5 7929.1 -102.1 74 0 5.5 5.6 2.5 2.5 2 1 1 5 5
3358.6 7923.5 -102.1 347 0 8.3 8.1 5.0 0.0 0 0 2 3 3
3361.6 7914.8 -101.9 347 0 8.8 9.0 7.5 2.5 2 1 3 1 1
3348.0 7910.4 -102.3 348 0 9.4 10.1 5.0 2.5 2 1 2 5 5
3352.0 7942.6 -102.6 351 0 13.1 10.7 7.5 2.5 2 0 3 4 4
3276.2 8134.2 -106.6 62 0 6.9 10.2 2.5 2.5 2 1 1 4 4
3262.1 8124.3 -106.7 245 0 4.9 6.4 5.0 2.5 2 1 2 0 0
3253.2 8103.9 -106.7 155 0 6.5 6.4 5.0 0.0 0 0 2 5 5
3265.6 8115.0 -106.5 245 0 6.3 9.3 7.5 2.5 2 1 3 1 1
3271.1 8118.1 -106.3 245 0 3.9 10.2 5.0 2.5 4 1 2 3 3
3301.0 8101.3 -105.5 65 0 7.0 4.4 5.0 2.5 2 0 2 3 3
3291.9 8096.8 -105.7 65 0 9.3 5.1 2.5 2.5 2 0 1 0 0
3289.0 8103.1 -105.9 65 0 9.1 9.2 5.0 0.0 0 1 2 5 5
3329.3 8085.4 -104.7 360 0 7.6 11.5 7.5 2.5 2 1 3 1 1
3289.7 8086.1 -105.6 245 0 9.8 9.7 2.5 2.5 2 0 1 4 4
3280.3 8051.3 -105.6 339 0 7.8 10.4 2.5 2.5 2 1 1 2 2
3344.2 7861.0 -101.5 196 0 8.4 25.5 2.5 2.5 2 1 1 0 0
3354.4 7874.3 -101.8 82 0 27.2 4.2 5.0 2.5 2 0 2 4 4
3343.5 7883.4 -102.1 86 0 16.7 9.7 5.0 2.5 2 0 2 3 3
3334.2 7866.1 -102.3 351 0 21.4 10.3 7.5 2.5 2 0 3 0 0
3322.9 7866.1 -102.4 351 0 9.5 5.8 5.0 2.5 2 0 2 0 0
3295.9 7881.7 -103.1 171 0 9.1 10.8 7.5 2.5 2 1 3 2 2
3308.4 7883.6 -102.8 170 0 8.9 9.0 5.0 2.5 2 1 2 4 4
3312.8 7896.7 -102.8 176 0 9.0 12.3 7.5 2.5 2 1 3 2 2
3312.0 7906.2 -102.9 175 0 6.4 8.3 5.0 2.5 2 1 2 0 0
3312.5 7929.9 -103.1 179 0 4.8 14.3 7.5 2.5 4 1 3 4 4
3317.7 7963.9 -103.4 179 0 9.6 12.8 5.0 2.5 2 1 2 1 1
3431.5 8055.1 -101.6 89 0 10.8 7.8 7.5 2.5 2 0 3 0 0
3412.2 8090.1 -102.4 269 0 14.3 10.7 5.0 2.5 4 0 2 2 2
3389.0 8086.0 -103.0 269 0 16.1 6.6 2.5 2.5 2 0 1 2 2
3390.8 8077.6 -102.8 269 0 12.7 10.5 5.0 2.5 2 0 2 2 2
3346.0 8048.6 -103.6 179 0 17.5 11.6 2.5 2.5 2 0 1 2 2
3359.3 8049.9 -103.3 179 0 14.2 15.9 5.0 2.5 2 1 2 2 2
3345.5 8066.1 -103.8 179 0 14.5 29.6 10.0 2.5 2 1 4 3 3
3366.2 8082.9 -103.6 269 0 16.8 8.2 7.5 2.5 2 0 3 0 0
3463.8 8004.7 -100.1 334 0 4.6 7.2 5.0 2.5 2 1 2 1 1
3452.6 7986.1 -100.3 69 0 7.2 9.6 7.5 2.5 2 1 3 1 1
3435.7 7981.1 -100.7 72 0 7.1 8.6 5.0 2.5 2 1 2 4 4
3420.5 7976.6 -101.0 72 0 9.7 8.1 5.0 2.5 4 0 2 3 3
3406.9 7976.4 -101.2 161 0 7.2 6.8 5.0 2.5 2 0 2 0 0
3393.2 7967.6 -101.6 71 0 8.0 8.3 7.5 2.5 4 1 3 2 2
3378.9 7981.9 -102.0 161 0 5.6 11.8 5.0 2.5 2 1 2 2 2
3412.6 8000.6 -101.3 254 0 8.9 4.1 5.0 2.5 2 0 2 1 1
3396.7 8016.7 -101.9 251 0 7.5 12.2 7.5 0.0 0 1 3 1 1
3423.5 8018.1 -101.2 252 0 6.5 4.9 5.0 2.5 2 0 2 5 5
3432.0 8012.7 -100.9 252 0 5.1 9.3 7.5 0.0 0 1 3 3 3
3372.8 7832.0 -100.6 218 0 30.8 19.2 5.0 2.5 2 0 2 0 0
3387.5 8012.1 -102.2 254 0 9.8 10.2 5.0 2.5 2 1 2 0 0
3358.2 8014.1 -102.9 251 0 9.5 13.0 5.0 2.5 2 1 2 4 4
3360.8 7970.1 -102.4 170 0 9.7 11.1 7.5 2.5 4 1 3 2 2
3361.7 7959.7 -102.2 174 0 8.8 11.5 2.5 2.5 4 1 1 0 0
3369.5 7910.9 -101.5 167 0 7.6 11.5 5.0 2.5 2 1 2 0 0
3368.6 7921.4 -101.6 167 0 8.7 9.7 5.0 0.0 0 1 2 3 3
3367.4 7933.5 -101.8 170 0 10.2 8.8 7.5 2.5 4 0 3 3 3
3221.5 7940.2 -105.7 191 0 11.6 7.8 7.5 0.0 0 0 3 4 4
3208.1 7956.1 -106.5 2 0 12.3 9.9 5.0 2.5 2 0 2 2 2
3640.1 7435.8 -106.5 311 0 13.9 30.8 12.5 2.5 2 0 5 4 4
3421.2 7392.0 -101.5 118 0 6.6 10.4 2.5 2.5 2 1 1 3 3
3599.6 7808.0 -96.2 233 0 10.2 6.9 5.0 2.5 2 0 2 2 2
3620.4 7829.7 -97.3 53 0 8.0 15.9 7.5 2.5 2 1 3 3 3
3612.0 7829.6 -97.0 53 0 3.4 14.8 7.5 2.5 2 1 3 3 3
3610.2 7825.3 -96.9 349 0 11.2 16.9 5.0 2.5 2 1 2 5 5
3596.8 7811.7 -96.5 53 0 13.2 19.1 10.0 2.5 2 1 4 4 4
3491.3 7814.1 -97.7 72 0 9.3 27.5 5.0 2.5 2 1 2 1 1
3471.6 7889.6 -98.7 234 0 32.2 9.1 7.5 2.5 2 0 3 1 1
3470.6 7799.7 -97.6 292 0 5.9 9.8 7.5 2.5 2 1 3 4 4
3437.4 7762.7 -98.1 134 0 12.2 9.3 5.0 2.5 2 0 2 5 5
3563.3 7548.6 -101.0 62 0 6.2 8.4 2.5 2.5 2 1 1 3 3
3518.5 7566.6 -103.9 232 0 7.9 7.3 5.0 2.5 2 0 2 3 3
3527.3 7552.6 -103.7 139 0 4.9 8.8 7.5 2.5 2 1 3 5 5
3534.8 7566.1 -102.3 227 0 7.6 6.7 7.5 2.5 2 0 3 3 3
3530.2 7574.2 -102.2 228 0 9.6 7.6 5.0 2.5 2 0 2 1 1
3543.7 7594.6 -100.8 328 0 4.7 9.1 5.0 2.5 2 1 2 5 5
3538.8 7580.6 -101.2 226 0 8.5 4.1 7.5 0.0 0 0 3 2 2
3564.4 7608.2 -98.4 241 0 7.6 9.2 5.0 0.0 0 1 2 0 0
3583.2 7606.4 -97.6 328 0 13.2 10.5 5.0 0.0 0 0 2 4 4
3566.7 7582.9 -98.9 229 0 5.8 7.0 2.5 2.5 2 1 1 5 5
3538.7 7627.8 -99.8 249 0 6.6 9.5 2.5 2.5 2 1 1 4 4
3553.1 7605.3 -99.3 66 0 5.9 7.1 5.0 2.5 2 1 2 3 3
3527.6 7615.3 -101.1 247 0 8.7 10.9 7.5 2.5 2 1 3 3 3
3041.3 8242.9 -113.3 126 0 33.8 36.7 7.5 0.0 0 1 3 1 1
3076.4 8247.6 -113.3 37 0 45.8 9.1 7.5 2.5 2 0 3 3 3
3184.0 8219.0 -110.0 357 0 24.9 4.9 2.5 2.5 2 0 1 2 2
3152.2 8239.0 -110.8 182 0 8.8 15.6 5.0 2.5 2 1 2 4 4
3145.3 8242.9 -111.1 188 0 12.2 5.7 5.0 2.5 2 0 2 0 0
3145.1 8231.1 -110.9 185 0 6.8 11.5 5.0 2.5 2 1 2 5 5
3156.9 8214.0 -110.4 186 0 6.2 7.0 2.5 0.0 0 1 1 3 3
3172.6 8183.2 -109.8 95 0 11.5 5.3 7.5 0.0 0 0 3 5 5
3175.2 8204.2 -110.1 2 0 8.8 9.0 7.5 2.5 2 1 3 2 2
3640.8 7391.5 -106.2 145 0 11.9 11.6 5.0 2.5 2 0 2 5 5
3728.9 7385.2 -102.8 312 0 6.1 9.5 7.5 2.5 2 1 3 0 0
3734.2 7377.2 -103.3 312 0 7.8 8.4 7.5 2.5 2 1 3 1 1
3730.4 7361.0 -104.8 312 0 7.5 11.2 7.5 2.5 2 1 3 5 5
3706.2 7353.3 -105.2 123 0 8.6 9.7 2.5 2.5 2 1 1 0 0
3662.8 7386.8 -105.5 178 0 9.4 8.2 5.0 2.5 2 0 2 4 4
3714.5 7456.2 -96.4 199 0 6.3 7.1 7.5 2.5 2 1 3 5 5
3703.5 7421.2 -99.7 199 0 8.9 9.2 5.0 2.5 2 1 2 5 5
3706.2 7431.6 -98.8 199 0 9.3 8.7 7.5 2.5 2 0 3 2 2
3664.7 7432.6 -101.2 109 0 7.2 10.1 2.5 2.5 2 1 1 4 4
3668.1 7473.8 -97.8 19 0 4.4 6.9 2.5 2.5 4 1 1 5 5
3689.2 7477.8 -95.9 19 0 8.3 10.6 7.5 0.0 0 1 3 0 0
3681.1 7470.0 -97.3 19 0 8.1 10.2 2.5 2.5 2 1 1 5 5
3685.7 7466.8 -97.1 289 0 7.7 6.8 5.0 2.5 2 0 2 4 4
3691.7 7466.4 -95.9 199 0 6.2 8.0 7.5 2.5 2 1 3 0 0
3703.1 7436.0 -98.2 19 0 5.3 9.3 7.5 2.5 2 1 3 1 1
3684.4 7443.5 -98.6 199 0 6.9 9.4 5.0 2.5 2 1 2 4 4
3691.6 7454.9 -96.7 109 0 6.8 6.3 5.0 2.5 2 0 2 4 4
3620.7 7467.4 -102.2 129 0 6.1 15.7 7.5 2.5 2 1 3 4 4
3192.9 7854.5 -105.5 177 0 3.3 17.3 2.5 2.5 2 1 1 0 0
3205.9 7897.8 -105.7 268 0 8.3 7.8 7.5 2.5 2 0 3 4 4
3196.6 7898.2 -106.0 270 0 7.3 7.6 7.5 0.0 0 1 3 4 4
3190.5 7887.6 -106.0 265 0 9.5 3.7 5.0 2.5 2 0 2 1 1
3147.5 7874.9 -107.0 138 0 7.6 7.3 7.5 2.5 2 0 3 3 3
3166.9 7892.8 -106.8 316 0 5.4 9.8 2.5 2.5 2 1 1 4 4
3184.2 7874.3 -106.1 51 0 6.8 5.3 7.5 2.5 2 0 3 0 0
3186.4 7859.6 -106.0 49 0 4.7 9.5 2.5 2.5 2 1 1 0 0
3187.0 7848.7 -107.1 321 0 5.0 10.1 7.5 2.5 2 1 3 5 5
3181.5 7852.3 -106.9 320 0 5.4 6.4 5.0 2.5 2 1 2 4 4
3165.6 7877.3 -106.5 142 0 8.3 3.8 5.0 2.5 2 0 2 1 1
3230.9 7980.7 -105.9 190 0 4.7 7.8 5.0 2.5 2 1 2 0 0
3312.6 7992.1 -104.1 337 0 10.6 7.4 2.5 2.5 2 0 1 2 2
3303.6 7908.1 -103.1 179 0 4.1 7.3 2.5 2.5 2 1 1 1 1
3302.8 7848.0 -102.5 165 0 3.5 10.0 7.5 2.5 2 1 3 1 1
3295.0 7865.4 -103.2 343 0 14.9 9.3 5.0 2.5 2 0 2 5 5
3253.5 7918.6 -104.6 187 0 4.0 7.7 5.0 0.0 0 1 2 4 4
3223.0 7914.7 -105.5 91 0 4.2 8.9 5.0 2.5 4 1 2 3 3
3230.7 7938.2 -105.4 195 0 9.2 11.5 5.0 2.5 2 1 2 0 0
3243.4 7958.4 -105.3 196 0 7.3 5.8 5.0 0.0 0 0 2 4 4
3316.8 7798.9 -103.1 274 0 7.1 11.5 7.5 0.0 0 1 3 4 4
3302.1 7791.6 -103.6 84 0 7.2 9.1 5.0 2.5 2 1 2 2 2
3331.6 7802.7 -101.5 73 0 6.6 10.1 7.5 2.5 2 1 3 3 3
3353.1 7844.1 -101.2 171 0 8.8 7.6 5.0 2.5 4 0 2 4 4
3342.1 7846.1 -101.5 170 0 8.9 6.8 7.5 0.0 0 0 3 0 0
3346.7 7834.3 -101.3 159 0 10.9 6.9 2.5 2.5 2 0 1 3 3
3344.3 7826.9 -101.4 344 0 4.6 8.0 5.0 2.5 2 1 2 0 0
3335.7 7848.4 -101.8 348 0 9.6 4.1 5.0 2.5 4 0 2 2 2
3341.3 7835.3 -101.6 344 0 10.3 8.4 5.0 2.5 2 0 2 3 3
3312.7 7818.5 -101.9 166 0 6.4 7.4 2.5 2.5 2 1 1 1 1
3310.9 7825.6 -102.0 166 0 4.2 8.2 5.0 2.5 2 1 2 3 3
3306.8 7819.5 -102.3 343 0 8.2 7.1 5.0 2.5 2 0 2 0 0
3300.1 7829.8 -102.6 341 0 9.2 6.2 5.0 2.5 2 0 2 4 4
3286.7 7842.9 -102.9 162 0 3.9 8.6 7.5 2.5 2 1 3 2 2
3296.4 7853.3 -102.8 256 0 4.3 9.1 7.5 2.5 2 1 3 3 3
3327.2 7846.7 -102.1 348 0 4.5 9.2 7.5 2.5 2 1 3 2 2
3308.0 7841.4 -102.3 166 0 7.0 7.0 7.5 2.5 2 0 3 0 0
3337.3 7936.5 -102.8 350 0 10.1 6.3 5.0 2.5 2 0 2 0 0
3338.4 7996.5 -103.4 74 0 5.3 9.8 2.5 2.5 4 1 1 0 0
3301.3 8011.6 -104.6 337 0 6.6 8.6 5.0 2.5 2 1 2 4 4
3289.5 8000.6 -104.7 158 0 16.1 4.5 5.0 2.5 2 0 2 1 1
3297.6 7998.2 -104.4 156 0 10.6 9.5 7.5 2.5 2 0 3 2 2
3335.4 7975.9 -103.2 336 0 10.7 5.5 5.0 2.5 4 0 2 1 1
3308.8 7968.9 -103.7 161 0 4.8 6.9 7.5 2.5 4 1 3 1 1
3300.9 7981.7 -104.1 157 0 8.5 6.1 5.0 2.5 2 0 2 2 2
3302.0 7945.2 -103.6 188 0 7.6 7.3 7.5 2.5 2 0 3 0 0
3297.9 7931.3 -103.5 188 0 3.7 9.0 2.5 2.5 2 1 1 1 1
3296.1 7920.7 -103.5 184 0 4.2 8.9 5.0 2.5 2 1 2 2 2
3298.3 7913.7 -103.4 278 0 8.0 7.8 5.0 2.5 4 0 2 3 3
3184.4 8014.0 -107.7 267 0 16.3 11.9 5.0 2.5 2 0 2 5 5
3241.1 8079.1 -106.8 244 0 10.1 11.1 2.5 2.5 2 1 1 1 1
3227.7 8039.7 -106.9 340 0 9.7 10.7 5.0 2.5 2 1 2 0 0
3211.0 8065.5 -107.5 249 0 13.1 8.8 5.0 2.5 2 0 2 4 4
3215.5 8073.1 -107.6 56 0 9.3 8.7 5.0 2.5 2 0 2 2 2
3278.3 8014.4 -105.2 340 0 6.1 5.9 7.5 2.5 2 0 3 1 1
3288.6 7991.2 -104.7 347 0 7.8 9.9 5.0 2.5 4 1 2 0 0
3285.4 7979.5 -105.1 348 0 8.5 26.0 7.5 2.5 4 1 3 5 5
3242.0 7988.4 -105.7 258 0 5.9 8.9 5.0 2.5 2 1 2 0 0
3193.8 7987.2 -107.2 1 0 12.3 9.7 7.5 2.5 2 0 3 2 2
3174.9 7986.4 -107.4 184 0 8.6 7.2 5.0 2.5 2 0 2 3 3
3174.9 7976.2 -107.3 185 0 9.4 10.0 7.5 2.5 2 1 3 0 0
3193.9 7973.4 -107.0 2 0 9.5 8.5 7.5 2.5 2 0 3 2 2
3216.2 7905.5 -105.6 85 0 5.2 13.9 2.5 2.5 2 1 1 1 1
3196.8 7903.2 -106.1 85 0 6.0 8.0 5.0 2.5 2 1 2 3 3
3206.1 7903.4 -105.9 89 0 8.5 8.9 7.5 2.5 2 1 3 2 2
3248.3 7896.5 -104.6 331 0 7.6 5.0 5.0 2.5 2 0 2 2 2
3222.0 7900.1 -105.2 173 0 4.3 7.2 5.0 2.5 2 1 2 3 3
3225.1 7883.8 -105.1 155 0 11.4 7.8 7.5 2.5 4 0 3 0 0
3232.5 7890.4 -104.9 150 0 7.4 10.0 5.0 2.5 2 1 2 0 0
3236.6 7883.0 -104.7 150 0 5.9 9.7 5.0 2.5 2 1 2 1 1
3259.2 7882.8 -104.3 333 0 7.2 8.6 7.5 2.5 4 1 3 1 1
3262.5 7844.8 -103.7 71 0 6.0 6.8 5.0 2.5 2 1 2 4 4
3278.9 7850.0 -103.4 74 0 11.0 9.1 2.5 2.5 2 0 1 4 4
3266.5 7867.4 -103.8 253 0 8.9 9.6 7.5 2.5 2 1 3 1 1
3276.0 7870.7 -103.5 250 0 9.5 9.4 2.5 2.5 2 0 1 3 3
3268.9 7874.7 -103.8 155 0 10.6 10.1 10.0 2.5 2 0 4 4 4
3262.1 7885.1 -104.0 156 0 8.0 6.1 5.0 2.5 4 0 2 4 4
3285.3 7896.1 -103.7 347 0 10.7 7.5 7.5 2.5 2 0 3 3 3
3296.8 7961.0 -104.1 1 0 9.2 7.1 7.5 2.5 2 0 3 0 0
3284.1 7921.3 -104.0 3 0 9.3 6.7 5.0 2.5 2 0 2 2 2
3253.2 7932.1 -104.8 97 0 4.2 7.8 5.0 2.5 2 1 2 0 0
3262.4 7918.1 -104.4 181 0 5.8 6.2 7.5 2.5 2 1 3 2 2
3265.8 7944.7 -104.7 13 0 7.7 4.8 7.5 2.5 2 0 3 3 3
3274.7 7963.4 -104.8 12 0 9.2 9.2 5.0 2.5 2 1 2 4 4
3279.3 7951.2 -104.5 13 0 9.4 7.7 5.0 2.5 2 0 2 3 3
3063.5 8081.5 -111.6 93 0 8.8 8.3 5.0 0.0 0 0 2 0 0
3098.0 8130.8 -111.1 208 0 8.4 4.3 7.5 2.5 2 0 3 3 3
3110.2 8126.5 -110.9 24 0 8.0 6.2 2.5 2.5 2 0 1 0 0
3090.9 8077.3 -110.8 269 0 10.9 9.5 5.0 2.5 2 0 2 3 3
3102.1 7928.3 -109.0 333 0 12.2 7.6 5.0 0.0 0 0 2 5 5
3101.1 7950.1 -109.1 358 0 7.6 4.8 2.5 2.5 4 0 1 1 1
3102.8 7964.7 -109.4 341 0 9.1 9.1 7.5 2.5 2 0 3 0 0
3077.1 7969.1 -109.9 160 0 11.2 10.6 5.0 2.5 4 0 2 2 2
3096.6 7975.9 -109.6 341 0 10.7 7.8 7.5 0.0 0 0 3 4 4
3095.9 7987.2 -109.8 345 0 7.9 11.2 2.5 2.5 2 1 1 4 4
3072.0 7980.3 -110.1 163 0 9.2 11.8 7.5 2.5 2 1 3 5 5
3069.4 8007.1 -110.6 253 0 11.9 8.9 5.0 2.5 4 0 2 0 0
3096.7 7998.9 -110.0 339 0 8.1 12.1 2.5 2.5 2 1 1 1 1
3095.7 8008.9 -110.0 341 0 7.4 9.6 5.0 2.5 2 1 2 4 4
3095.0 8051.7 -110.6 357 0 7.9 10.5 5.0 2.5 2 1 2 5 5
3072.0 8051.7 -110.9 179 0 7.5 9.8 5.0 2.5 2 1 2 1 1
3076.9 8065.7 -111.0 267 0 11.7 7.9 2.5 2.5 2 0 1 2 2
3098.4 8063.0 -110.7 358 0 8.7 13.0 2.5 2.5 2 1 1 4 4
3172.0 8085.0 -108.6 180 0 10.2 9.4 2.5 2.5 2 0 1 3 3
3184.8 8041.3 -108.1 270 0 23.3 10.0 5.0 2.5 2 0 2 3 3
3205.8 8048.8 -107.5 269 0 13.5 11.4 2.5 2.5 2 0 1 0 0
3293.3 8172.0 -106.6 331 0 8.2 10.4 5.0 2.5 2 1 2 5 5
3246.1 8205.8 -108.1 274 0 9.3 8.1 7.5 2.5 2 0 3 4 4
3245.3 8196.0 -108.0 272 0 9.2 11.5 5.0 2.5 2 1 2 1 1
3212.3 8163.1 -108.4 178 0 12.2 9.3 5.0 2.5 2 0 2 1 1
3235.1 8206.2 -108.4 272 0 9.1 9.8 5.0 2.5 2 1 2 2 2
3233.0 7962.3 -105.6 197 0 9.7 9.7 7.5 2.5 2 1 3 4 4
3217.5 7950.7 -106.0 16 0 7.4 5.5 5.0 2.5 2 0 2 1 1
3216.3 7941.0 -106.0 12 0 9.2 6.5 5.0 2.5 4 0 2 1 1
3205.6 7932.9 -106.2 358 0 6.7 4.9 5.0 2.5 2 0 2 4 4
3185.9 7924.0 -106.4 180 0 5.2 6.9 5.0 2.5 2 1 2 3 3
3148.4 7966.3 -108.2 60 0 8.4 9.2 5.0 2.5 2 1 2 4 4
3134.6 7958.6 -108.4 61 0 8.7 9.0 2.5 2.5 4 1 1 3 3
3168.3 7929.7 -107.2 65 0 5.5 8.3 7.5 2.5 4 1 3 0 0
3159.0 7952.6 -107.6 246 0 11.6 9.9 7.5 2.5 2 0 3 0 0
3142.3 7975.3 -108.4 64 0 12.2 8.8 2.5 0.0 0 0 1 3 3
3130.2 7968.9 -108.6 68 0 6.5 9.3 5.0 2.5 4 1 2 4 4
3110.2 7991.5 -109.3 161 0 9.1 10.2 5.0 2.5 2 1 2 2 2
3120.3 8020.0 -109.3 179 0 10.6 5.3 2.5 2.5 2 0 1 5 5
3141.0 7994.5 -108.7 87 0 10.1 11.5 2.5 2.5 2 1 1 1 1
3126.0 8039.8 -109.4 267 0 11.2 12.2 7.5 2.5 2 1 3 0 0
3139.4 8049.8 -109.2 269 0 11.8 9.8 7.5 2.5 2 0 3 0 0
3153.5 8026.6 -108.6 270 0 12.4 11.5 5.0 0.0 0 0 2 3 3
3475.8 7612.8 -105.4 342 0 10.5 7.4 7.5 2.5 2 0 3 2 2
3445.9 7712.7 -101.6 342 0 12.3 10.4 5.0 2.5 2 0 2 4 4
3429.7 7692.6 -103.1 162 0 10.4 9.4 5.0 2.5 2 0 2 2 2
3430.9 7678.9 -104.0 162 0 10.5 11.9 7.5 2.5 2 1 3 5 5
3459.0 7674.8 -103.5 342 0 10.1 11.1 10.0 2.5 2 1 4 3 3
3465.6 7649.7 -104.8 342 0 10.5 9.9 5.0 2.5 2 0 2 2 2
3439.3 7654.8 -105.2 162 0 11.1 12.3 5.0 2.5 2 1 2 5 5
3461.5 7662.4 -104.1 342 0 11.0 9.6 5.0 2.5 2 0 2 1 1
2871.5 9650.8 -89.2 90 0 9.2 13.7 7.5 2.5 2 1 3 4 4
2866.1 9711.2 -87.0 180 0 12.4 10.1 7.5 2.5 2 0 3 4 4
2865.9 9685.2 -88.4 180 0 20.1 13.3 10.0 2.5 2 0 4 2 2
3022.1 9723.9 -98.6 360 0 8.1 150.8 7.5 2.5 2 0 3 0 0
2947.0 9641.4 -101.8 90 0 150.6 8.1 7.5 2.5 2 0 3 1 1
3028.8 9641.7 -102.9 90 0 12.9 13.1 10.0 2.5 2 0 4 5 5
2974.7 9713.8 -95.1 360 0 9.9 9.8 7.5 0.0 0 0 3 4 4
2968.9 9651.2 -97.3 90 0 8.9 10.6 2.5 2.5 2 1 1 4 4
2917.6 9652.3 -93.0 90 0 9.5 11.0 2.5 2.5 2 1 1 0 0
2916.4 9671.8 -92.6 90 0 22.0 26.9 10.0 0.0 0 1 4 2 2
2974.5 9685.5 -96.7 360 0 31.4 19.6 10.0 0.0 0 0 4 0 0
170.4 8471.4 -76.8 308 0 8.3 24.4 2.5 2.5 2 1 1 3 3
536.3 8832.0 68.2 46 0 19.7 11.0 5.0 2.5 2 0 2 5 5
388.2 9997.4 97.8 270 0 19.0 14.6 12.5 2.5 2 0 5 0 0
369.5 9997.9 96.4 270 0 11.1 12.5 7.5 2.5 2 1 3 1 1
342.2 9982.2 88.7 270 0 6.0 61.5 7.5 0.0 0 1 3 5 5
284.8 9982.9 85.9 180 0 30.7 8.2 7.5 2.5 2 0 3 4 4
288.6 9912.5 80.9 91 0 7.6 28.9 7.5 2.5 2 0 3 2 2
306.9 9991.4 89.3 270 0 11.1 10.5 2.5 2.5 2 0 1 3 3
295.5 10027.7 86.7 271 0 17.3 28.8 10.0 2.5 2 1 4 1 1
318.6 10012.7 90.4 271 0 12.7 16.5 5.0 2.5 4 1 2 4 4
293.3 9879.5 77.9 90 0 15.5 28.6 12.5 2.5 2 1 5 4 4
271.5 9981.3 79.5 271 0 7.7 54.7 7.5 0.0 0 1 3 2 2
279.2 9954.6 82.8 180 0 26.1 15.8 12.5 2.5 2 0 5 5 5
300.2 9921.5 83.3 181 0 9.7 10.0 5.0 2.5 2 1 2 2 2
395.0 9891.8 91.3 1 0 9.7 13.4 2.5 0.0 0 1 1 5 5
359.0 9878.3 85.7 90 0 28.0 15.9 10.0 2.5 2 0 4 2 2
373.6 9913.6 90.1 0 0 13.4 15.0 5.0 2.5 2 1 2 5 5
392.5 9914.0 92.3 1 0 15.2 16.9 12.5 2.5 2 1 5 3 3
451.4 9917.1 102.9 90 0 7.8 68.7 7.5 2.5 2 1 3 2 2
443.6 9949.3 101.4 0 0 23.6 21.1 12.5 2.5 2 0 5 1 1
381.3 9968.1 93.8 270 0 27.2 33.7 12.5 0.0 0 1 5 5 5
3678.1 7520.4 -93.5 318 0 8.3 10.5 2.5 2.5 2 1 1 2 2
3657.9 7522.1 -95.0 317 0 11.4 8.3 7.5 2.5 2 0 3 2 2
3656.9 7493.9 -97.5 309 0 12.7 7.3 7.5 2.5 2 0 3 1 1
3592.5 7532.7 -99.3 144 0 7.7 6.8 5.0 2.5 2 0 2 3 3
3569.5 7513.5 -103.5 58 0 7.4 7.4 2.5 2.5 2 1 1 4 4
3530.1 7516.8 -106.6 143 0 4.9 6.6 2.5 2.5 4 1 1 2 2
3547.1 7552.1 -102.3 48 0 7.2 4.7 2.5 2.5 2 0 1 0 0
3540.9 7554.1 -102.8 45 0 7.9 4.2 5.0 2.5 2 0 2 5 5
3546.1 7535.6 -104.0 57 0 10.1 6.6 7.5 2.5 2 0 3 1 1
3555.2 7527.1 -103.9 59 0 10.0 9.7 5.0 2.5 2 0 2 5 5
3570.6 7551.5 -100.0 65 0 5.2 7.6 5.0 2.5 2 1 2 0 0
3569.6 7537.7 -101.7 64 0 11.4 10.0 2.5 2.5 2 0 1 4 4
3587.6 7551.5 -98.3 93 0 9.6 13.4 5.0 2.5 2 1 2 3 3
3539.5 7454.5 -106.9 143 0 10.5 12.2 7.5 2.5 2 1 3 0 0
3564.3 7441.9 -106.9 50 0 13.0 13.4 5.0 2.5 2 1 2 0 0
3574.5 7481.6 -106.7 319 0 8.1 10.0 7.5 2.5 2 1 3 5 5
3560.0 7511.6 -105.5 330 0 4.2 10.0 5.0 2.5 2 1 2 1 1
3548.3 7520.3 -105.3 237 0 10.4 9.0 5.0 2.5 2 0 2 3 3
3595.7 7496.8 -102.0 138 0 4.2 8.4 2.5 2.5 2 1 1 4 4
3594.9 7526.4 -99.9 233 0 4.7 7.7 5.0 2.5 4 1 2 5 5
3565.0 7596.3 -98.8 237 0 9.8 9.4 5.0 2.5 2 0 2 5 5
3501.6 7607.0 -103.3 254 0 6.8 4.9 7.5 0.0 0 0 3 3 3
3504.9 7622.2 -102.6 74 0 7.8 8.8 5.0 2.5 2 1 2 3 3
3518.6 7676.1 -99.8 254 0 12.1 9.8 5.0 2.5 2 0 2 4 4
3507.7 7663.1 -101.3 254 0 9.0 12.8 7.5 2.5 2 1 3 0 0
3484.2 7642.0 -103.3 165 0 8.7 7.1 2.5 2.5 2 0 1 5 5
3493.9 7659.8 -102.2 251 0 9.2 8.7 5.0 2.5 2 0 2 5 5
3493.5 7671.6 -101.5 254 0 10.9 9.6 7.5 0.0 0 0 3 0 0
3280.3 8204.4 -107.2 149 0 13.1 7.0 5.0 2.5 2 0 2 4 4
3302.8 8170.6 -106.2 152 0 18.6 11.4 5.0 2.5 2 0 2 0 0
4293.1 7206.8 -108.4 146 0 5.2 7.9 7.5 2.5 2 1 3 5 5
4021.8 7088.7 -109.9 97 0 7.7 4.2 7.5 2.5 2 0 3 3 3
3932.0 7009.1 -106.4 168 0 6.4 14.1 7.5 2.5 2 1 3 5 5
3971.8 7006.5 -106.1 69 0 10.2 8.1 2.5 0.0 0 0 1 0 0
3991.4 6995.3 -106.3 78 0 26.5 8.3 5.0 2.5 2 0 2 2 2
3386.8 7788.6 -99.8 110 0 14.8 18.3 7.5 2.5 4 1 3 3 3
3430.4 7800.3 -98.6 208 0 9.8 4.4 5.0 2.5 2 0 2 4 4
3584.4 7803.0 -96.0 55 0 10.8 17.1 5.0 2.5 2 1 2 2 2
3560.5 7824.1 -95.9 237 0 10.1 7.6 2.5 2.5 2 0 1 3 3
3627.5 7774.4 -96.0 129 0 8.7 10.9 2.5 2.5 2 1 1 1 1
3638.0 7826.5 -97.3 232 0 9.4 8.9 7.5 2.5 2 0 3 5 5
3619.6 7812.4 -96.7 225 0 10.5 10.9 2.5 2.5 2 1 1 0 0
3615.1 7785.5 -96.0 133 0 9.6 10.1 5.0 0.0 0 1 2 0 0
3608.3 7793.6 -96.1 132 0 8.6 9.8 7.5 2.5 2 1 3 3 3
3612.2 7857.2 -98.1 58 0 25.2 21.0 7.5 2.5 2 0 3 2 2
3777.7 7302.9 -106.2 270 0 13.9 19.1 7.5 2.5 2 1 3 1 1
3722.8 7440.2 -97.7 185 0 11.0 9.6 7.5 2.5 2 0 3 3 3
3724.2 7468.3 -95.1 131 0 13.5 15.1 5.0 0.0 0 1 2 0 0
3603.0 7496.0 -101.4 141 0 5.4 9.1 7.5 2.5 2 1 3 1 1
3616.7 7509.5 -99.4 230 0 6.3 5.5 7.5 2.5 2 0 3 5 5
3623.2 7484.0 -100.8 51 0 5.2 12.8 5.0 2.5 2 1 2 0 0
3628.1 7491.1 -99.5 141 0 8.6 6.8 2.5 2.5 4 0 1 2 2
3620.1 7494.5 -99.9 139 0 4.3 9.4 7.5 0.0 0 1 3 5 5
3607.3 7482.3 -102.2 142 0 7.3 9.0 2.5 2.5 2 1 1 5 5
3602.1 7488.1 -102.2 144 0 4.6 14.6 5.0 0.0 0 1 2 2 2
3709.2 7845.6 -99.2 38 0 12.2 11.4 7.5 2.5 2 0 3 1 1
3684.0 7873.5 -99.3 308 0 11.5 11.4 5.0 2.5 2 0 2 0 0
3682.8 7814.4 -97.8 218 0 8.5 11.5 5.0 2.5 2 1 2 4 4
3807.2 7512.2 -95.8 166 0 9.5 12.1 5.0 0.0 0 1 2 5 5
3804.8 7524.3 -95.6 163 0 9.8 10.6 7.5 2.5 4 1 3 2 2
3809.8 7539.7 -95.7 167 0 6.6 12.9 2.5 0.0 0 1 1 5 5
3821.4 7561.0 -96.0 254 0 11.6 13.6 5.0 2.5 2 1 2 1 1
3819.3 7532.1 -95.9 164 0 8.9 5.8 5.0 2.5 2 0 2 1 1
3832.5 7541.1 -96.4 255 0 8.8 9.4 7.5 2.5 2 1 3 3 3
3275.3 7834.2 -103.2 253 0 9.4 7.9 2.5 2.5 2 0 1 2 2
3246.3 7822.7 -105.6 250 0 9.2 14.9 2.5 2.5 2 1 1 0 0
3236.1 7819.9 -106.4 258 0 9.0 13.3 5.0 2.5 2 1 2 2 2
3181.3 7816.8 -108.9 145 0 9.5 6.1 5.0 2.5 2 0 2 3 3
3207.0 7814.3 -107.7 59 0 6.9 9.1 5.0 2.5 2 1 2 5 5
3188.4 7842.9 -107.1 229 0 9.7 13.0 5.0 2.5 4 1 2 5 5
3219.4 7830.2 -105.9 72 0 7.9 5.7 5.0 2.5 4 0 2 4 4
3224.6 7820.2 -106.4 72 0 10.0 9.9 7.5 2.5 2 0 3 1 1
3234.8 7824.0 -105.5 74 0 9.9 8.3 7.5 2.5 2 0 3 0 0
3244.6 7827.9 -104.6 75 0 8.2 7.9 7.5 2.5 2 0 3 1 1
3244.0 7840.8 -104.2 346 0 7.4 7.1 7.5 2.5 2 0 3 5 5
3834.8 7608.6 -95.7 1 0 7.6 10.6 5.0 2.5 2 1 2 3 3
3836.1 7622.3 -96.0 181 0 6.1 7.8 2.5 2.5 2 1 1 0 0
3840.9 7634.1 -96.2 187 0 4.8 9.8 5.0 0.0 0 1 2 2 2
3852.3 7629.1 -96.8 180 0 8.4 12.9 7.5 2.5 2 1 3 4 4
3888.5 7716.9 -98.8 359 0 9.7 4.5 7.5 2.5 4 0 3 4 4
3841.0 7686.9 -97.5 157 0 10.1 7.7 7.5 0.0 0 0 3 3 3
3844.7 7659.0 -96.9 175 0 8.8 7.2 5.0 2.5 2 0 2 1 1
3831.8 7669.6 -96.9 174 0 8.7 9.6 7.5 2.5 2 1 3 4 4
3826.1 7694.8 -97.3 170 0 5.4 8.1 5.0 2.5 2 1 2 1 1
3831.5 7687.8 -97.2 174 0 5.4 5.6 7.5 2.5 2 1 3 5 5
3817.3 7737.4 -98.2 160 0 11.5 8.8 7.5 2.5 4 0 3 5 5
3920.4 7745.5 -100.1 342 0 11.2 8.4 7.5 2.5 2 0 3 4 4
3907.3 7667.8 -98.4 253 0 4.7 11.1 5.0 2.5 2 1 2 5 5
3911.5 7652.6 -98.4 347 0 7.9 8.5 2.5 2.5 2 1 1 5 5
3897.3 7654.2 -98.1 261 0 7.6 9.8 5.0 2.5 2 1 2 4 4
3880.8 7706.8 -98.4 345 0 8.1 6.7 7.5 2.5 2 0 3 4 4
3879.3 7696.2 -98.2 343 0 8.4 6.0 5.0 2.5 2 0 2 1 1
3856.6 7639.7 -96.7 176 0 10.6 7.3 5.0 2.5 2 0 2 0 0
3861.1 7650.0 -97.0 168 0 6.7 7.8 7.5 2.5 2 1 3 4 4
3873.2 7644.2 -97.3 173 0 11.7 6.3 5.0 2.5 2 0 2 1 1
3889.0 7658.7 -97.5 353 0 7.9 10.7 7.5 2.5 4 1 3 5 5
3881.8 7681.9 -97.9 343 0 12.6 9.0 5.0 2.5 2 0 2 0 0
3478.0 7669.5 -102.2 71 0 13.8 7.4 7.5 2.5 2 0 3 1 1
3542.5 7699.8 -97.4 334 0 11.8 16.7 7.5 2.5 2 1 3 2 2
3522.1 7691.1 -97.8 65 0 5.8 6.5 7.5 2.5 2 1 3 4 4
3521.5 7720.5 -97.0 331 0 10.6 15.2 5.0 2.5 2 1 2 1 1
3528.3 7709.8 -96.9 332 0 9.5 10.4 5.0 2.5 2 1 2 4 4
3508.2 7692.9 -98.5 59 0 6.0 7.0 5.0 2.5 2 1 2 5 5
3511.8 7729.0 -96.7 332 0 11.5 12.3 7.5 2.5 2 1 3 2 2
3499.3 7701.1 -98.6 47 0 9.6 10.9 7.5 2.5 2 1 3 1 1
3484.9 7739.6 -97.3 317 0 8.3 9.6 5.0 2.5 2 1 2 5 5
3492.7 7730.5 -97.6 322 0 8.5 11.1 2.5 0.0 0 1 1 0 0
3474.8 7735.1 -97.9 323 0 7.8 6.5 7.5 2.5 2 0 3 5 5
3471.4 7711.1 -99.1 138 0 4.5 7.7 5.0 2.5 2 1 2 5 5
3467.8 7715.3 -99.0 136 0 4.4 7.5 5.0 2.5 2 1 2 4 4
3416.5 7773.6 -99.0 298 0 8.2 10.8 7.5 0.0 0 1 3 4 4
3423.3 7742.7 -100.3 318 0 12.0 5.6 2.5 2.5 2 0 1 2 2
3416.9 7738.3 -101.4 319 0 8.8 9.7 7.5 2.5 4 1 3 5 5
3401.7 7714.8 -103.4 177 0 12.3 5.6 7.5 2.5 2 0 3 4 4
3390.4 7713.0 -104.2 177 0 12.7 10.0 5.0 2.5 2 0 2 3 3
3389.6 7700.7 -105.3 167 0 11.9 12.9 7.5 2.5 2 1 3 0 0
3642.1 7534.4 -96.0 324 0 11.5 11.9 10.0 2.5 2 1 4 3 3
3483.5 7504.6 -107.9 145 0 10.7 18.6 5.0 2.5 2 1 2 5 5
3440.3 7542.4 -108.0 145 0 9.0 8.1 7.5 2.5 2 0 3 5 5
3485.2 7533.9 -108.4 330 0 11.6 10.8 7.5 2.5 2 0 3 5 5
3495.4 7540.3 -108.5 327 0 10.9 9.9 7.5 2.5 4 0 3 0 0
3960.2 7584.2 -101.1 145 0 4.2 11.8 5.0 2.5 2 1 2 2 2
3966.1 7606.7 -100.9 338 0 7.2 9.3 5.0 2.5 2 1 2 3 3
3971.9 7628.2 -100.9 352 0 7.2 10.5 2.5 2.5 2 1 1 3 3
3952.7 7644.0 -100.1 344 0 7.8 9.0 2.5 2.5 2 1 1 2 2
3943.4 7641.4 -99.8 344 0 8.0 9.6 7.5 2.5 2 1 3 0 0
3944.7 7632.5 -99.9 344 0 7.7 7.9 7.5 2.5 2 1 3 5 5
3932.9 7596.3 -99.7 75 0 7.1 9.3 2.5 2.5 2 1 1 4 4
3929.3 7444.4 -100.6 358 0 9.9 10.7 5.0 2.5 2 1 2 3 3
3924.2 7560.8 -99.8 253 0 7.4 10.0 5.0 2.5 2 1 2 3 3
3941.8 7531.3 -100.6 264 0 5.6 6.6 5.0 2.5 4 1 2 2 2
3920.4 7527.2 -99.6 3 0 4.6 7.3 5.0 2.5 2 1 2 4 4
3929.2 7537.5 -100.1 270 0 6.3 8.2 7.5 2.5 4 1 3 0 0
3918.5 7472.9 -100.0 78 0 5.9 7.6 7.5 2.5 4 1 3 5 5
3924.1 7456.1 -100.4 79 0 6.4 7.7 2.5 2.5 2 1 1 1 1
3943.6 7464.3 -101.1 79 0 7.4 7.7 5.0 0.0 0 1 2 0 0
3949.6 7488.9 -101.1 79 0 5.7 7.8 2.5 2.5 2 1 1 2 2
3941.6 7483.3 -100.9 78 0 11.0 6.3 5.0 2.5 2 0 2 3 3
3937.9 7507.9 -100.7 260 0 8.1 9.9 5.0 2.5 2 1 2 4 4
3987.8 7523.4 -102.3 351 0 5.0 7.3 7.5 2.5 2 1 3 3 3
3976.3 7543.6 -102.0 261 0 10.1 11.9 5.0 2.5 2 1 2 2 2
3952.9 7537.9 -101.2 261 0 11.1 11.1 7.5 0.0 0 0 3 0 0
3966.0 7526.4 -101.7 261 0 7.5 13.4 7.5 2.5 2 1 3 3 3
3986.2 7497.5 -102.4 351 0 10.4 11.2 5.0 2.5 2 1 2 1 1
3972.0 7463.9 -102.2 80 0 8.4 10.7 7.5 2.5 2 1 3 2 2
3968.3 7490.3 -101.9 81 0 11.6 9.6 2.5 2.5 2 0 1 0 0
3990.4 7553.5 -102.3 62 0 9.8 11.8 5.0 2.5 2 1 2 4 4
3974.5 7565.4 -101.5 62 0 5.9 5.9 5.0 2.5 2 0 2 0 0
3984.4 7585.1 -101.8 332 0 8.9 5.7 7.5 2.5 2 0 3 5 5
3895.3 7431.1 -99.5 58 0 10.6 7.2 7.5 2.5 2 0 3 1 1
3865.3 7464.5 -98.0 44 0 7.2 4.9 7.5 2.5 2 0 3 5 5
3869.1 7479.4 -98.0 45 0 6.8 8.5 2.5 2.5 2 1 1 3 3
3858.8 7497.1 -97.7 178 0 6.9 7.1 5.0 2.5 2 1 2 0 0
3861.3 7535.2 -97.4 270 0 7.3 5.2 5.0 2.5 2 0 2 1 1
3841.6 7545.1 -96.7 253 0 6.4 8.3 5.0 2.5 2 1 2 1 1
3861.5 7555.8 -97.5 252 0 7.0 14.1 2.5 2.5 2 1 1 1 1
3878.5 7538.0 -98.2 268 0 10.0 8.5 5.0 2.5 2 0 2 2 2
3865.3 7521.5 -97.7 268 0 5.3 10.3 7.5 2.5 2 1 3 2 2
3857.7 7520.7 -97.4 257 0 5.8 7.3 7.5 2.5 2 1 3 0 0
3822.8 7513.2 -96.3 165 0 9.7 9.2 7.5 2.5 2 0 3 5 5
3837.2 7488.9 -96.9 152 0 7.4 6.4 5.0 2.5 2 0 2 5 5
3825.5 7495.9 -96.4 165 0 7.9 6.0 7.5 2.5 2 0 3 0 0
3805.4 7467.1 -96.0 158 0 8.9 10.4 7.5 2.5 2 1 3 0 0
3818.7 7473.2 -96.5 157 0 8.0 10.5 2.5 2.5 2 1 1 3 3
3833.7 7458.1 -97.0 245 0 6.8 7.9 7.5 2.5 2 1 3 3 3
3829.8 7460.0 -96.9 158 0 5.0 9.0 7.5 2.5 2 1 3 0 0
3841.5 7472.7 -97.4 235 0 7.1 14.9 7.5 2.5 2 1 3 4 4
3853.8 7437.7 -97.8 46 0 10.8 8.7 2.5 2.5 4 0 1 5 5
3874.8 7447.1 -98.7 135 0 8.4 9.7 5.0 2.5 2 1 2 2 2
3753.5 7461.7 -95.6 9 0 15.2 16.5 2.5 2.5 2 1 1 2 2
3736.9 7404.9 -100.6 346 0 8.6 4.7 5.0 2.5 2 0 2 1 1
3744.3 7389.4 -101.5 166 0 6.1 7.7 2.5 2.5 2 1 1 0 0
3832.8 7403.7 -98.9 61 0 12.4 10.9 7.5 2.5 2 0 3 3 3
3887.4 7382.0 -101.2 310 0 12.6 11.2 5.0 2.5 2 0 2 1 1
3860.1 7312.6 -106.3 21 0 11.3 11.2 5.0 2.5 2 0 2 2 2
3831.8 7419.3 -98.0 65 0 10.3 11.0 7.5 0.0 0 1 3 0 0
3799.0 7422.5 -97.6 156 0 6.5 10.0 5.0 2.5 2 1 2 2 2
3797.0 7451.9 -96.5 249 0 9.5 12.2 2.5 2.5 2 1 1 4 4
3816.8 7459.5 -96.5 156 0 9.3 10.5 7.5 0.0 0 1 3 1 1
4001.2 7406.6 -103.8 276 0 6.9 8.1 2.5 2.5 2 1 1 0 0
4010.1 7384.4 -104.1 5 0 12.0 8.5 5.0 2.5 2 0 2 4 4
3966.4 7369.1 -102.7 102 0 8.9 12.2 5.0 2.5 4 1 2 4 4
3976.8 7367.5 -103.1 103 0 8.3 11.6 5.0 2.5 2 1 2 3 3
3969.3 7396.9 -102.6 103 0 8.5 8.4 5.0 2.5 2 0 2 0 0
3979.6 7394.3 -103.0 101 0 8.6 7.7 7.5 2.5 2 0 3 5 5
3989.3 7410.1 -103.3 278 0 9.0 7.6 2.5 2.5 4 0 1 3 3
3953.6 7400.1 -102.0 99 0 9.8 11.0 7.5 2.5 2 1 3 4 4
3956.8 7371.8 -102.3 99 0 10.0 8.2 7.5 2.5 2 0 3 0 0
3967.7 7384.0 -102.6 97 0 7.0 6.8 5.0 2.5 2 0 2 0 0
3994.1 7337.7 -104.2 98 0 12.7 6.7 7.5 2.5 2 0 3 0 0
3979.8 7359.5 -103.5 189 0 11.3 10.6 7.5 2.5 2 0 3 0 0
3825.4 7194.9 -105.6 107 0 8.6 14.3 7.5 2.5 2 1 3 3 3
3962.2 7287.1 -107.0 186 0 8.0 14.6 2.5 2.5 2 1 1 2 2
3977.0 7318.0 -105.3 4 0 8.4 12.2 7.5 2.5 2 1 3 5 5
3961.9 7333.4 -104.5 184 0 11.9 10.7 7.5 2.5 2 0 3 0 0
3964.0 7347.5 -103.7 188 0 10.9 11.1 2.5 2.5 2 1 1 1 1
3962.2 7362.2 -102.8 192 0 8.8 9.2 7.5 2.5 2 1 3 0 0
3937.7 7377.5 -101.6 108 0 11.7 7.4 7.5 2.5 2 0 3 3 3
3938.7 7414.1 -101.3 288 0 11.6 10.6 7.5 2.5 2 0 3 0 0
3916.0 7383.4 -100.9 108 0 10.9 11.8 7.5 2.5 4 1 3 2 2
3900.4 7372.4 -101.8 288 0 12.7 8.5 5.0 2.5 2 0 2 4 4
3944.6 7371.8 -102.3 288 0 12.2 8.7 5.0 2.5 2 0 2 5 5
3935.0 7342.5 -103.4 108 0 12.3 8.9 5.0 2.5 2 0 2 3 3
3905.8 7340.1 -103.2 108 0 11.3 8.7 5.0 2.5 2 0 2 0 0
3914.3 7369.3 -102.2 288 0 11.7 9.7 7.5 2.5 2 0 3 0 0
3917.2 7378.6 -101.6 288 0 11.3 8.7 2.5 2.5 2 0 1 5 5
3930.9 7376.3 -101.9 288 0 11.4 8.8 5.0 2.5 2 0 2 0 0
3927.8 7365.6 -102.5 288 0 10.8 9.2 7.5 2.5 2 0 3 4 4
4028.5 7513.0 -104.3 240 0 9.3 15.7 2.5 2.5 2 1 1 0 0
4051.4 7525.8 -105.2 240 0 10.2 13.4 2.5 2.5 2 1 1 2 2
4026.1 7518.0 -103.9 60 0 9.1 11.9 5.0 0.0 0 1 2 3 3
4014.9 7560.5 -103.4 240 0 9.5 9.9 7.5 2.5 2 1 3 3 3
4041.9 7544.3 -104.4 60 0 11.0 12.3 7.5 2.5 2 1 3 0 0
4015.1 7530.8 -103.4 60 0 9.4 11.7 7.5 2.5 2 1 3 4 4
4014.5 7566.4 -103.1 60 0 8.0 12.6 2.5 2.5 2 1 1 3 3
4007.9 7585.0 -102.7 330 0 8.6 9.8 5.0 2.5 2 1 2 1 1
4003.2 7595.1 -102.5 332 0 9.9 13.2 7.5 2.5 2 1 3 4 4
3953.1 7584.7 -100.6 68 0 5.9 15.1 5.0 2.5 4 1 2 5 5
3950.7 7617.6 -100.2 341 0 9.0 8.3 7.5 2.5 2 0 3 4 4
3953.2 7607.8 -100.4 337 0 9.2 11.0 5.0 2.5 2 1 2 0 0
3940.8 7571.1 -100.5 157 0 8.6 10.8 7.5 2.5 2 1 3 3 3
3927.7 7634.0 -99.4 253 0 6.4 8.2 5.0 2.5 2 1 2 3 3
3925.9 7647.7 -99.1 343 0 10.8 11.5 5.0 2.5 2 1 2 3 3
3916.4 7633.3 -98.7 343 0 4.7 8.2 5.0 2.5 2 1 2 3 3
3919.4 7597.3 -99.2 73 0 7.7 8.7 7.5 2.5 2 1 3 4 4
3919.4 7625.5 -99.0 343 0 9.3 9.2 5.0 2.5 2 0 2 4 4
3888.9 7614.3 -98.0 88 0 11.4 10.3 2.5 2.5 2 0 1 0 0
3884.1 7594.1 -97.9 74 0 10.9 12.9 2.5 0.0 0 1 1 2 2
3908.5 7581.3 -99.0 74 0 11.9 13.2 5.0 0.0 0 1 2 5 5
3903.9 7597.0 -98.6 75 0 9.6 7.6 7.5 2.5 2 0 3 5 5
3903.2 7607.1 -98.5 77 0 7.3 10.7 2.5 2.5 2 1 1 0 0
3826.7 7740.3 -98.5 159 0 10.2 11.5 7.5 2.5 2 1 3 3 3
3866.1 7776.1 -99.9 339 0 9.9 10.1 2.5 0.0 0 1 1 4 4
3872.1 7754.6 -99.4 339 0 9.5 11.3 7.5 0.0 0 1 3 2 2
3876.3 7743.8 -99.2 339 0 9.1 11.4 5.0 2.5 2 1 2 4 4
3764.9 7719.3 -96.7 50 0 7.4 10.1 7.5 2.5 2 1 3 1 1
3775.5 7712.8 -96.8 54 0 10.3 8.4 5.0 2.5 2 0 2 0 0
3783.6 7688.8 -96.3 253 0 9.3 10.7 7.5 2.5 2 1 3 0 0
3792.0 7673.1 -96.1 344 0 8.3 9.1 2.5 2.5 2 1 1 0 0
3800.4 7637.2 -95.4 349 0 11.3 18.9 5.0 2.5 2 1 2 4 4
3764.8 7657.4 -95.4 164 0 4.1 9.5 5.0 2.5 2 1 2 5 5
3768.6 7680.4 -95.9 256 0 11.9 8.4 5.0 2.5 2 0 2 0 0
3754.3 7709.1 -96.3 50 0 11.9 10.1 7.5 2.5 2 0 3 4 4
3798.2 7787.8 -99.3 138 0 9.1 11.1 5.0 2.5 2 1 2 1 1
3801.8 7811.7 -99.9 228 0 10.1 9.1 7.5 2.5 2 0 3 4 4
3816.4 7804.5 -99.8 319 0 9.5 11.7 7.5 2.5 2 1 3 1 1
3818.3 7820.9 -100.3 319 0 9.8 10.9 7.5 2.5 4 1 3 5 5
3792.0 7805.0 -99.5 228 0 10.8 11.2 5.0 2.5 2 1 2 4 4
3743.0 7681.9 -95.3 316 0 4.6 9.4 5.0 2.5 2 1 2 2 2
3547.2 8229.3 -106.7 76 0 9.9 7.3 2.5 2.5 4 0 1 2 2
3595.9 8231.7 -107.5 356 0 9.5 7.2 7.5 2.5 2 0 3 3 3
3625.4 8186.2 -106.8 356 0 9.9 11.5 5.0 2.5 2 1 2 3 3
3626.1 8175.2 -106.5 355 0 9.9 10.8 2.5 0.0 0 1 1 5 5
3612.9 8141.3 -105.4 231 0 10.1 10.5 5.0 2.5 2 1 2 4 4
3588.1 8120.0 -104.4 230 0 9.1 12.3 5.0 2.5 2 1 2 3 3
3583.4 8143.3 -105.1 166 0 7.4 8.2 5.0 2.5 2 1 2 1 1
3535.0 7491.3 -107.7 301 0 8.4 9.4 7.5 2.5 2 1 3 1 1
3217.7 7655.9 -104.3 138 0 8.5 10.0 7.5 2.5 2 1 3 1 1
3184.4 7714.3 -106.9 48 0 8.4 10.4 2.5 2.5 2 1 1 0 0
3192.3 7706.1 -106.3 228 0 6.4 8.4 5.0 0.0 0 1 2 0 0
3203.1 7719.0 -108.0 238 0 9.0 13.3 7.5 2.5 2 1 3 1 1
3217.5 7725.4 -109.3 238 0 11.5 12.6 10.0 2.5 2 1 4 2 2
3217.9 7731.3 -110.1 57 0 9.6 10.3 7.5 2.5 2 1 3 4 4
3206.3 7750.4 -110.6 237 0 8.6 8.7 5.0 2.5 2 1 2 3 3
3198.4 7751.0 -110.6 57 0 9.4 8.3 5.0 2.5 2 0 2 4 4
3186.1 7766.9 -110.8 237 0 7.7 9.7 5.0 2.5 2 1 2 5 5
3157.8 7787.6 -111.1 238 0 11.0 11.6 7.5 2.5 2 1 3 2 2
3733.6 7659.7 -94.9 142 0 5.3 9.1 7.5 0.0 0 1 3 2 2
3683.1 7783.4 -97.0 213 0 9.8 6.9 7.5 2.5 2 0 3 4 4
3689.1 7777.9 -96.9 213 0 7.9 6.0 7.5 2.5 2 0 3 4 4
3675.2 7759.4 -96.3 139 0 8.4 8.3 7.5 0.0 0 0 3 1 1
3669.6 7750.3 -96.0 135 0 4.3 8.5 2.5 2.5 2 1 1 1 1
3662.7 7770.5 -96.3 215 0 8.9 8.6 5.0 2.5 2 0 2 3 3
3641.4 7763.5 -95.6 216 0 4.9 6.7 5.0 2.5 2 1 2 2 2
3687.9 7748.8 -96.2 51 0 5.5 9.7 5.0 2.5 2 1 2 4 4
3661.2 7740.0 -95.3 311 0 3.9 8.4 2.5 2.5 2 1 1 2 2
3657.4 7743.6 -95.3 311 0 3.8 8.2 5.0 2.5 2 1 2 2 2
3644.6 7734.2 -94.9 41 0 5.0 6.5 2.5 2.5 2 1 1 2 2
3618.9 7756.9 -95.1 221 0 4.9 9.2 5.0 2.5 2 1 2 0 0
3607.5 7742.9 -94.5 221 0 7.3 4.6 2.5 2.5 2 0 1 4 4
3615.9 7747.9 -94.8 221 0 6.0 6.7 5.0 2.5 2 1 2 4 4
3619.3 7732.5 -94.5 41 0 10.4 9.5 2.5 2.5 2 0 1 5 5
3631.5 7742.1 -94.9 221 0 5.8 8.0 7.5 2.5 2 1 3 5 5
3653.3 7744.0 -95.3 39 0 4.7 7.8 2.5 2.5 2 1 1 1 1
3659.6 7746.2 -95.7 129 0 4.4 10.1 7.5 2.5 2 1 3 0 0
3724.1 7709.8 -95.7 28 0 9.1 4.5 2.5 2.5 2 0 1 1 1
3725.1 7739.0 -96.5 214 0 5.8 6.7 7.5 2.5 2 1 3 4 4
3736.7 7734.0 -96.5 213 0 8.0 7.9 5.0 2.5 2 0 2 4 4
3792.9 7703.4 -96.8 257 0 10.0 9.1 7.5 2.5 2 0 3 0 0
3778.2 7695.5 -96.3 255 0 6.4 5.3 7.5 2.5 2 0 3 3 3
3772.5 7689.3 -96.1 254 0 5.9 7.1 5.0 2.5 2 1 2 2 2
3761.0 7602.7 -93.9 238 0 7.1 5.6 7.5 2.5 4 0 3 1 1
3774.8 7590.5 -93.9 327 0 9.6 8.8 7.5 2.5 2 0 3 1 1
3768.8 7607.0 -94.4 146 0 8.2 10.3 5.0 2.5 2 1 2 5 5
3682.8 7665.5 -93.8 310 0 7.3 7.6 2.5 2.5 2 1 1 1 1
3701.8 7672.1 -94.5 130 0 4.1 8.4 7.5 2.5 2 1 3 0 0
3690.6 7680.1 -94.5 130 0 4.1 9.0 2.5 2.5 2 1 1 2 2
3698.8 7687.3 -94.8 130 0 6.5 5.9 7.5 2.5 2 0 3 1 1
3737.1 7692.8 -95.6 35 0 10.5 7.2 2.5 2.5 2 0 1 5 5
3723.5 7698.6 -95.4 31 0 8.9 4.3 5.0 2.5 2 0 2 3 3
3761.2 7372.0 -103.3 264 0 20.3 6.6 2.5 2.5 2 0 1 5 5
3780.3 7416.9 -98.9 250 0 8.7 5.8 2.5 2.5 4 0 1 5 5
3780.7 7402.0 -99.8 164 0 6.6 8.0 5.0 2.5 2 1 2 3 3
3798.6 7391.6 -100.3 74 0 9.5 11.2 5.0 2.5 4 1 2 4 4
3718.4 7418.7 -99.2 94 0 5.3 13.0 5.0 2.5 2 1 2 5 5
3770.4 7424.1 -98.5 345 0 10.2 7.8 5.0 2.5 4 0 2 2 2
3760.2 7426.2 -98.5 351 0 10.8 9.2 7.5 2.5 2 0 3 4 4
3766.7 7455.0 -95.7 167 0 12.3 9.4 2.5 2.5 2 0 1 4 4
3790.7 7533.0 -94.6 339 0 9.1 6.9 2.5 2.5 2 0 1 2 2
3776.3 7575.1 -93.8 326 0 11.6 11.3 2.5 2.5 2 0 1 4 4
3778.1 7556.9 -93.9 331 0 5.4 7.3 7.5 2.5 2 1 3 2 2
3784.8 7545.4 -94.3 331 0 4.7 7.6 7.5 2.5 2 1 3 3 3
3791.4 7553.3 -94.5 60 0 5.1 11.9 7.5 2.5 2 1 3 2 2
3799.7 7536.7 -95.3 167 0 8.7 9.4 5.0 2.5 4 1 2 1 1
3806.4 7563.8 -95.1 62 0 9.8 10.1 5.0 2.5 4 1 2 0 0
3788.3 7573.8 -94.5 154 0 11.7 8.3 7.5 2.5 2 0 3 3 3
3793.6 7589.2 -94.5 146 0 9.8 6.0 5.0 2.5 2 0 2 0 0
3785.4 7595.1 -94.3 144 0 7.6 4.4 7.5 2.5 2 0 3 3 3
3791.7 7607.6 -94.7 138 0 11.4 6.4 2.5 2.5 2 0 1 1 1
4113.6 7801.8 -105.2 82 0 16.0 7.8 5.0 2.5 4 0 2 0 0
4139.9 7784.1 -105.7 100 0 24.7 25.9 10.0 0.0 0 1 4 5 5
2918.7 8292.9 -111.2 298 0 14.1 17.3 5.0 2.5 2 1 2 1 1
3436.0 8002.7 -100.7 248 0 6.4 10.5 7.5 2.5 2 1 3 5 5
3393.5 8001.1 -101.8 253 0 6.0 10.0 2.5 2.5 2 1 1 1 1
3406.9 7993.3 -101.4 253 0 10.5 8.3 7.5 2.5 2 0 3 3 3
3503.8 8109.5 -102.5 248 0 6.7 7.8 2.5 2.5 2 1 1 4 4
3540.6 8143.6 -104.1 253 0 8.9 14.5 2.5 2.5 2 1 1 1 1
3535.5 8118.4 -103.6 163 0 9.8 8.4 7.5 2.5 2 0 3 1 1
3563.2 8096.5 -103.5 73 0 9.3 10.6 7.5 2.5 2 1 3 3 3
3543.9 8100.3 -103.2 163 0 10.8 7.5 2.5 2.5 2 0 1 5 5
3528.7 8090.9 -102.6 70 0 4.6 8.2 7.5 2.5 2 1 3 2 2
3530.0 8069.9 -101.9 245 0 5.0 10.9 5.0 2.5 2 1 2 5 5
3524.4 8066.9 -101.7 245 0 4.9 10.9 7.5 2.5 2 1 3 3 3
3543.2 8044.4 -101.5 326 0 15.0 7.3 5.0 2.5 2 0 2 1 1
3530.5 8051.7 -101.4 330 0 7.4 6.5 2.5 2.5 2 0 1 3 3
3524.5 8022.3 -100.8 58 0 7.6 21.7 7.5 2.5 2 1 3 1 1
3450.5 8049.1 -101.0 77 0 9.7 6.0 2.5 2.5 2 0 1 0 0
3441.6 8083.6 -101.5 253 0 7.8 8.7 7.5 2.5 2 1 3 2 2
3459.8 8057.9 -100.9 77 0 8.5 8.3 7.5 2.5 2 0 3 0 0
3468.3 8059.8 -100.8 75 0 6.3 10.7 2.5 2.5 2 1 1 0 0
3475.7 8092.3 -101.5 252 0 4.3 8.8 5.0 2.5 2 1 2 2 2
3465.0 8091.8 -101.4 254 0 13.8 10.4 10.0 2.5 2 0 4 0 0
3480.9 8069.3 -101.2 75 0 9.4 6.2 5.0 2.5 2 0 2 4 4
3483.1 8059.1 -101.0 73 0 13.3 7.6 5.0 2.5 2 0 2 0 0
3480.6 8088.4 -101.8 162 0 7.2 12.3 7.5 2.5 2 1 3 1 1
3481.4 8098.9 -102.1 163 0 10.0 8.2 5.0 2.5 2 0 2 2 2
3503.5 8065.4 -101.5 69 0 7.0 8.3 5.0 2.5 2 1 2 3 3
3506.2 8083.3 -102.0 71 0 7.2 7.6 5.0 2.5 2 1 2 1 1
3526.4 8079.7 -102.3 69 0 4.6 8.4 2.5 2.5 2 1 1 5 5
3522.6 8089.1 -102.5 72 0 5.0 7.6 7.5 2.5 2 1 3 4 4
3515.8 8086.8 -102.3 72 0 6.4 7.7 5.0 2.5 2 1 2 2 2
3642.9 8230.2 -108.5 179 0 9.3 12.8 5.0 2.5 2 1 2 0 0
3642.6 8209.9 -108.0 179 0 8.6 12.0 7.5 0.0 0 1 3 0 0
3648.2 7705.1 -94.4 133 0 18.5 7.5 2.5 2.5 2 0 1 1 1
3660.1 7694.7 -94.3 132 0 9.1 8.1 5.0 2.5 2 0 2 1 1
3656.5 7690.0 -93.9 311 0 7.1 8.9 5.0 0.0 0 1 2 2 2
3646.4 7696.3 -93.8 313 0 8.9 8.3 7.5 2.5 2 0 3 1 1
3623.3 7718.7 -94.0 309 0 11.1 10.5 2.5 2.5 2 0 1 1 1
3591.7 7736.1 -94.0 313 0 10.6 9.2 2.5 2.5 2 0 1 2 2
3573.5 7763.3 -94.7 141 0 11.7 10.3 2.5 2.5 2 0 1 5 5
3580.2 7781.9 -95.1 232 0 7.8 9.7 5.0 2.5 2 1 2 1 1
3602.9 7787.7 -95.6 318 0 8.8 6.4 2.5 2.5 2 0 1 2 2
3105.8 7736.2 -104.3 246 0 10.9 10.0 2.5 2.5 2 0 1 4 4
3121.9 7719.2 -103.6 332 0 10.3 11.8 2.5 2.5 2 1 1 1 1
3100.4 7710.0 -102.0 230 0 10.6 9.5 7.5 2.5 2 0 3 1 1
3094.8 7684.3 -100.6 142 0 11.0 13.4 7.5 2.5 2 1 3 1 1
3118.3 7679.2 -101.2 141 0 9.0 11.8 7.5 2.5 2 1 3 0 0
3125.9 7659.5 -99.6 54 0 11.7 13.0 7.5 2.5 2 1 3 1 1
3136.9 7656.1 -99.9 130 0 11.4 8.0 5.0 2.5 4 0 2 2 2
3150.3 7655.8 -100.4 122 0 6.1 6.1 2.5 2.5 2 1 1 0 0
3147.0 7648.0 -99.6 115 0 7.2 6.0 2.5 2.5 2 0 1 0 0
3183.5 7630.5 -100.4 135 0 6.2 8.7 5.0 0.0 0 1 2 5 5
3193.7 7621.5 -99.8 43 0 8.0 4.8 5.0 2.5 2 0 2 1 1
3198.7 7640.8 -101.8 42 0 10.4 10.7 7.5 2.5 2 1 3 3 3
3185.7 7647.2 -101.4 42 0 7.8 5.1 5.0 2.5 2 0 2 5 5
3192.0 7653.1 -102.2 42 0 5.8 11.4 7.5 2.5 2 1 3 0 0
3186.2 7683.6 -103.9 314 0 5.8 9.9 2.5 2.5 2 1 1 2 2
3179.0 7689.6 -104.0 312 0 7.7 8.6 2.5 2.5 2 1 1 1 1
3147.9 7696.5 -103.4 229 0 10.2 9.3 5.0 2.5 4 0 2 2 2
3171.5 7696.1 -104.2 314 0 9.6 9.3 7.5 2.5 2 0 3 3 3
3158.1 7703.2 -104.5 227 0 10.9 6.4 5.0 2.5 2 0 2 1 1
3455.0 7818.0 -98.2 145 0 10.0 26.7 10.0 2.5 2 1 4 2 2
3457.8 7846.0 -98.6 128 0 19.9 11.5 5.0 2.5 2 0 2 2 2
3676.7 7406.0 -103.4 298 0 8.6 8.1 7.5 2.5 2 0 3 5 5
3679.8 7348.6 -105.6 114 0 8.3 8.2 2.5 0.0 0 0 1 1 1
3848.6 7412.1 -98.6 59 0 9.2 12.1 5.0 2.5 2 1 2 4 4
3759.1 7639.7 -94.9 155 0 12.9 7.9 2.5 2.5 2 0 1 4 4
3753.6 7650.6 -95.1 157 0 8.1 11.7 5.0 2.5 2 1 2 3 3
3702.5 7758.8 -96.8 45 0 13.5 12.6 5.0 2.5 2 0 2 5 5
3701.6 7732.4 -96.0 209 0 10.9 9.7 7.5 2.5 2 0 3 0 0
3752.1 7721.1 -96.6 49 0 8.5 10.0 5.0 2.5 2 1 2 0 0
3750.8 7734.8 -96.8 230 0 5.1 7.1 7.5 2.5 2 1 3 1 1
3756.3 7739.4 -97.0 233 0 6.9 8.2 7.5 2.5 2 1 3 1 1
3749.3 7747.5 -97.2 212 0 8.5 6.6 5.0 0.0 0 0 2 1 1
3734.4 7759.1 -97.4 133 0 12.6 10.8 10.0 2.5 2 0 4 1 1
3867.9 7535.3 -97.7 262 0 5.0 8.7 7.5 0.0 0 1 3 4 4
3400.4 8026.3 -102.1 87 0 10.3 11.2 10.0 0.0 0 1 4 3 3
3882.1 8089.8 -109.5 74 0 6.6 36.7 2.5 2.5 2 1 1 5 5
3869.5 8075.7 -108.3 168 0 6.0 6.6 2.5 2.5 2 1 1 2 2
3886.3 8049.7 -108.0 347 0 28.4 10.4 7.5 2.5 2 0 3 2 2
3898.5 7888.0 -103.9 141 0 13.0 10.8 10.0 0.0 0 0 4 4 4
3536.2 7525.7 -106.0 49 0 12.6 7.7 7.5 2.5 2 0 3 3 3
3437.5 8090.7 -101.7 272 0 5.7 6.9 2.5 2.5 4 1 1 5 5
3424.0 8085.6 -102.0 272 0 7.4 8.1 7.5 2.5 2 1 3 1 1
3409.6 8072.7 -102.3 271 0 14.8 8.3 2.5 2.5 2 0 1 0 0
4211.9 6928.2 -107.2 78 0 3.8 8.0 5.0 2.5 2 1 2 4 4
4046.1 6902.3 -105.9 317 0 12.8 8.9 7.5 2.5 2 0 3 4 4
3747.8 7188.6 -105.7 260 0 5.6 11.4 2.5 0.0 0 1 1 1 1
3769.9 7442.9 -96.5 172 0 8.5 8.4 2.5 2.5 2 0 1 4 4
3839.2 7392.3 -100.4 261 0 9.2 12.0 7.5 2.5 4 1 3 2 2
4107.2 7960.0 -109.1 288 0 5.0 8.1 7.5 2.5 2 1 3 1 1
4028.1 7981.0 -108.5 101 0 3.9 7.7 7.5 2.5 2 1 3 2 2
4082.6 8316.4 -111.4 186 0 10.0 59.8 7.5 2.5 2 1 3 1 1
4189.3 8251.9 -111.8 357 0 10.2 54.5 7.5 2.5 2 1 3 0 0
2935.3 8038.0 -112.3 81 0 6.2 9.2 7.5 0.0 0 1 3 5 5
2945.7 7948.0 -112.7 338 0 7.7 8.0 7.5 2.5 2 1 3 2 2
2733.6 8015.4 -109.8 190 0 7.1 5.1 7.5 0.0 0 0 3 1 1
2721.8 8117.7 -109.2 159 0 6.2 6.1 7.5 2.5 2 0 3 4 4
2738.9 8061.1 -109.7 188 0 8.2 7.2 5.0 2.5 2 0 2 4 4
2573.5 8673.9 -102.7 69 0 5.9 15.6 5.0 2.5 2 1 2 3 3
2550.5 8584.7 -103.8 123 0 13.6 9.2 2.5 2.5 2 0 1 1 1
2496.9 8522.6 -103.4 190 0 9.0 11.2 7.5 2.5 2 1 3 5 5
2509.6 8552.4 -103.4 190 0 5.5 12.4 7.5 2.5 2 1 3 0 0
2503.4 8543.7 -103.4 190 0 7.1 12.4 7.5 0.0 0 1 3 3 3
2500.8 8552.8 -103.1 190 0 7.6 7.2 7.5 2.5 2 0 3 5 5
2518.1 8536.3 -103.7 191 0 10.1 11.7 2.5 2.5 4 1 1 4 4
2575.0 8551.9 -104.7 300 0 21.2 9.8 5.0 2.5 2 0 2 0 0
2549.9 8493.7 -104.6 120 0 9.6 9.6 5.0 2.5 2 1 2 1 1
2549.4 8520.8 -104.3 300 0 9.5 14.3 2.5 2.5 2 1 1 4 4
2599.6 8495.1 -105.5 30 0 7.9 13.5 2.5 2.5 2 1 1 3 3
2540.2 8282.9 -106.1 117 0 9.3 10.9 7.5 2.5 2 1 3 5 5
2654.3 8252.6 -107.7 38 0 9.4 13.4 5.0 2.5 2 1 2 4 4
2678.1 8300.1 -107.9 308 0 8.5 5.8 2.5 2.5 2 0 1 2 2
2626.7 8337.6 -107.1 298 0 8.2 14.5 7.5 2.5 2 1 3 3 3
2619.6 8317.0 -107.1 296 0 15.1 7.8 7.5 2.5 2 0 3 4 4
2603.0 8285.6 -107.0 123 0 8.3 8.7 7.5 2.5 2 1 3 3 3
3008.1 8209.1 -113.1 205 0 13.1 23.1 10.0 2.5 2 1 4 1 1
3035.3 8225.8 -113.2 303 0 17.0 15.8 7.5 2.5 2 0 3 2 2
2827.5 8348.0 -109.7 306 0 12.3 15.8 2.5 2.5 2 1 1 5 5
2810.4 8307.2 -109.6 36 0 12.9 16.6 2.5 2.5 2 1 1 2 2
2832.1 8196.5 -110.4 205 0 6.0 7.7 7.5 2.5 2 1 3 4 4
2856.1 8186.1 -110.6 25 0 10.5 12.8 5.0 2.5 4 1 2 5 5
2955.9 9812.5 -92.2 180 0 12.9 19.2 5.0 2.5 2 1 2 3 3
3014.1 9866.1 -95.6 270 0 10.0 12.6 7.5 0.0 0 1 3 5 5
2414.6 8430.1 -102.5 182 0 10.0 9.7 5.0 2.5 2 0 2 3 3
2459.5 8393.1 -103.8 169 0 7.8 11.4 2.5 2.5 4 1 1 3 3
2482.0 8451.1 -103.7 267 0 16.2 9.0 5.0 2.5 2 0 2 2 2
2485.0 8429.7 -104.1 266 0 16.8 14.3 5.0 2.5 2 0 2 4 4
2477.2 8381.5 -104.3 166 0 10.8 10.7 5.0 2.5 2 0 2 3 3
2517.1 8382.2 -104.9 73 0 6.5 8.7 7.5 2.5 4 1 3 5 5
2632.0 8364.0 -107.1 122 0 12.1 10.2 5.0 2.5 2 0 2 4 4
2619.9 8370.2 -106.9 121 0 11.6 11.5 5.0 2.5 2 0 2 5 5
2616.3 8406.5 -106.8 213 0 10.5 11.8 5.0 2.5 4 1 2 0 0
2611.5 8390.9 -106.7 123 0 11.3 9.4 5.0 2.5 2 0 2 1 1
2585.5 8353.3 -106.5 275 0 6.4 6.6 2.5 2.5 2 1 1 1 1
2578.8 8330.4 -106.5 282 0 10.8 7.7 5.0 2.5 2 0 2 1 1
2663.8 8319.7 -107.6 304 0 6.5 9.0 5.0 2.5 2 1 2 3 3
2657.2 8299.8 -107.6 310 0 11.7 8.1 7.5 2.5 2 0 3 1 1
2645.4 8301.8 -107.4 27 0 10.4 8.7 2.5 2.5 2 0 1 3 3
2640.5 8319.2 -107.3 308 0 8.5 8.4 5.0 2.5 2 0 2 1 1
2649.5 8316.5 -107.4 307 0 7.4 7.0 7.5 2.5 2 0 3 2 2
2658.2 8329.2 -107.5 304 0 7.8 14.0 5.0 2.5 2 1 2 3 3
2598.9 8252.6 -107.1 131 0 11.3 7.4 7.5 2.5 2 0 3 3 3
2608.5 8300.2 -107.0 297 0 8.7 5.2 7.5 2.5 2 0 3 4 4
2599.6 8309.7 -106.8 297 0 14.5 9.2 7.5 2.5 2 0 3 1 1
2583.0 8299.2 -106.8 207 0 8.0 14.7 5.0 2.5 2 1 2 2 2
2557.1 8289.8 -106.4 117 0 11.4 5.6 7.5 0.0 0 0 3 2 2
2536.5 8298.4 -106.0 117 0 8.0 8.1 7.5 2.5 2 1 3 4 4
2546.0 8294.7 -106.2 117 0 9.5 14.1 5.0 2.5 2 1 2 0 0
2546.9 8327.8 -106.1 193 0 10.8 8.8 7.5 2.5 2 0 3 1 1
2537.2 8338.4 -105.9 181 0 13.6 9.7 7.5 2.5 2 0 3 0 0
-80.0 -11683.7 -109.0 117 0 7.2 25.9 7.5 0.0 0 1 3 2 2
-282.7 -11318.1 -108.9 300 0 6.6 11.2 2.5 0.0 0 1 1 3 3
-1731.7 -5487.5 -103.7 251 0 45.8 17.1 10.0 0.0 0 0 4 4 4
-1730.4 -5844.3 -101.5 71 0 22.3 17.5 7.5 2.5 2 0 3 2 2
-3461.5 9601.0 -111.3 337 0 195.6 132.4 12.5 0.0 0 0 5 1 1
-3409.1 9288.7 -110.0 53 0 148.9 202.8 7.5 0.0 0 0 3 4 4
-3310.6 9233.8 -111.5 339 0 362.6 159.0 10.0 0.0 0 0 4 0 0
-3101.9 8693.2 -117.3 339 0 355.1 132.8 10.0 0.0 0 0 4 3 3
-2617.8 10169.7 -111.6 8 0 21.3 73.8 15.0 0.0 0 1 6 4 4
-2220.6 10330.3 -108.6 322 0 41.2 113.3 12.5 0.0 0 1 5 4 4
-2062.5 10335.8 -111.3 154 0 169.3 99.9 12.5 0.0 0 0 5 2 2
-1783.9 11217.7 -112.7 243 0 215.8 155.4 10.0 0.0 0 0 4 3 3
-1989.8 10694.2 -115.3 241 0 115.0 132.4 10.0 0.0 0 1 4 3 3
-1844.1 10618.7 -110.7 68 0 83.3 73.2 15.0 0.0 0 0 6 3 3
-1850.3 10790.1 -110.7 164 0 63.6 103.8 10.0 0.0 0 0 4 3 3
-1878.4 10852.5 -111.3 152 0 90.9 83.9 12.5 0.0 0 0 5 3 3
-1421.9 10727.6 -112.2 242 0 69.0 102.2 10.0 0.0 0 0 4 2 2
-1159.5 10896.8 -110.5 247 0 72.1 38.8 12.5 0.0 0 0 5 3 3
