-2303.4 2551.1 -13.7 341 0 14.3 56.4 14.0 3.5 2 1 4 5 5
-3427.1 1975.3 -6.9 338 0 41.7 8.8 7.5 2.5 2 0 3 5 5
-2536.4 2474.9 -12.8 320 0 9.7 36.1 10.5 3.5 2 1 3 0 0
-2581.4 2466.1 -12.5 140 0 31.8 9.2 10.5 3.5 2 0 3 5 5
-2671.2 2571.5 -12.4 227 0 12.5 25.1 10.0 2.5 2 1 4 4 4
-2605.7 2470.8 -12.3 48 0 10.0 43.7 7.5 2.5 2 1 3 2 2
-2633.4 2522.1 -12.4 138 0 15.1 8.5 10.5 3.5 2 0 3 5 5
-3515.9 1993.6 -4.0 340 0 46.0 10.0 7.5 2.5 2 0 3 2 2
-3463.5 1940.8 -5.5 338 0 30.7 25.2 10.0 0.0 0 0 4 0 0
-3474.7 1969.4 -5.3 338 0 26.0 8.1 10.5 2.5 2 0 3 2 2
-3484.0 1992.6 -5.1 339 0 19.6 7.9 7.0 2.5 2 0 2 3 3
-3493.2 2015.5 -5.0 338 0 23.6 7.5 10.5 2.5 2 0 3 1 1
-3388.6 1931.5 -7.8 337 0 30.7 7.7 3.5 2.5 2 0 1 3 3
-3443.4 2056.1 -6.1 337 0 42.4 9.2 7.5 2.5 2 0 3 0 0
-3207.3 3065.8 -13.3 202 0 117.2 73.3 14.0 0.0 0 0 4 5 5
-2919.5 8196.7 6.9 74 0 16.4 21.4 7.5 2.5 2 1 3 5 5
