2054.3 -8606.4 -36.1 62 0 45.2 49.8 17.5 0.0 0 1 5 1 1
2353.2 -8453.1 -27.1 62 0 19.2 29.5 17.5 3.5 2 1 5 0 0
2268.2 -8450.4 -28.7 153 0 80.0 62.9 17.5 0.0 0 0 5 2 2
1936.8 -8540.6 -38.2 112 0 69.6 29.8 17.5 0.0 0 0 5 3 3
2213.8 -8546.8 -31.6 241 0 37.5 51.3 17.5 0.0 0 1 5 1 1
1656.4 -9042.6 -40.4 266 0 12.9 30.8 17.5 3.5 2 1 5 3 3
1911.0 -9060.5 -42.1 150 0 103.7 19.7 17.5 0.0 0 0 5 4 4
1953.2 -9630.4 -41.3 209 0 49.0 40.5 17.5 0.0 0 0 5 4 4
2019.0 -9494.3 -41.3 312 0 15.7 29.3 17.5 3.5 2 1 5 5 5
578.1 -8659.1 -39.4 251 0 23.1 25.8 14.0 3.5 2 1 4 3 3
1013.8 -8686.2 -42.1 262 0 37.5 38.5 14.0 0.0 0 1 4 2 2
2114.2 -9630.1 -41.4 199 0 38.2 25.6 17.5 0.0 0 0 5 0 0
697.9 -8409.9 -41.6 261 0 27.3 110.3 17.5 0.0 0 1 5 3 3
745.0 -8442.4 -41.9 352 0 76.2 17.8 17.5 3.5 2 0 5 2 2
-797.9 -8617.9 -34.7 28 0 38.9 19.6 17.5 3.5 2 0 5 1 1
512.5 -10399.1 -22.9 207 0 39.5 55.1 17.5 0.0 0 1 5 3 3
65.1 -8986.2 -33.7 269 0 19.5 16.8 17.5 3.5 2 0 5 1 1
30.9 -9040.0 -34.8 183 0 50.9 58.4 17.5 0.0 0 1 5 2 2
1218.8 -8576.3 -42.3 81 0 14.7 43.4 17.5 3.5 2 1 5 2 2
1260.8 -8180.9 -41.5 225 0 10.9 38.5 17.5 3.5 2 1 5 2 2
-655.3 -7455.0 -40.1 349 0 77.8 15.8 17.5 3.5 2 0 5 2 2
2368.4 -9298.3 -40.7 44 0 36.4 179.0 17.5 0.0 0 1 5 4 4
2691.0 -9564.9 -42.1 133 0 47.2 31.1 21.0 0.0 0 0 6 5 5
2647.4 -9567.3 -42.1 221 0 17.1 10.2 21.0 0.0 0 0 6 2 2
2673.7 -9489.7 -42.4 304 0 27.7 31.2 17.5 0.0 0 1 5 4 4
2722.2 -9525.7 -42.1 308 0 39.0 6.2 10.5 0.0 0 0 3 0 0
2631.3 -8959.2 -17.5 331 0 67.5 25.1 17.5 0.0 0 0 5 4 4
3011.2 -8586.8 29.9 267 0 15.3 16.4 17.5 3.5 4 1 5 1 1
2104.8 -10560.0 -36.1 199 0 8.5 16.8 10.5 0.0 0 1 3 0 0
3379.7 -10715.0 -31.0 312 0 59.9 8.6 10.5 3.5 2 0 3 1 1
3395.8 -10651.2 -31.1 56 0 13.5 37.6 14.0 3.5 2 1 4 5 5
3413.1 -10613.3 -31.0 326 0 45.5 14.0 14.0 3.5 4 0 4 3 3
3433.5 -10732.6 -30.1 235 0 12.7 14.8 14.0 3.5 2 1 4 3 3
3435.3 -10594.1 -30.8 325 0 52.7 12.8 14.0 3.5 2 0 4 4 4
3455.8 -10741.2 -30.0 236 0 41.5 15.9 14.0 0.0 0 0 4 1 1
3426.8 -10606.2 -30.7 310 0 10.9 18.6 14.0 0.0 0 1 4 5 5
2119.4 -10578.9 -36.1 199 0 22.3 17.7 17.5 0.0 0 0 5 3 3
3582.2 -10856.7 -30.8 331 0 57.1 15.4 14.0 3.5 2 0 4 5 5
3347.4 -10617.8 -31.7 53 0 12.0 37.7 14.0 3.5 2 1 4 5 5
3365.1 -10605.7 -31.5 51 0 17.5 33.6 14.0 3.5 2 1 4 3 3
2155.5 -9598.6 -41.8 61 0 13.4 27.9 17.5 3.5 2 1 5 3 3
2256.0 -9704.8 -41.1 165 0 23.4 21.7 17.5 3.5 2 0 5 0 0
2293.0 -9592.3 -41.7 269 0 13.8 34.2 17.5 3.5 2 1 5 0 0
2289.7 -9437.6 -42.4 41 0 9.2 29.4 10.5 3.5 2 1 3 2 2
2437.0 -9529.4 -42.6 313 0 31.8 25.4 14.0 0.0 0 0 4 1 1
2377.4 -9478.2 -42.8 313 0 30.5 22.4 14.0 0.0 0 0 4 3 3
2419.0 -9774.3 -41.3 358 0 28.7 29.9 17.5 0.0 0 1 5 5 5
2258.7 -9639.4 -41.5 144 0 34.0 11.0 17.5 3.5 2 0 5 1 1
2494.6 -9611.7 -42.5 43 0 16.8 35.2 14.0 3.5 2 1 4 2 2
2564.1 -9719.2 -42.0 88 0 18.5 26.7 14.0 0.0 0 1 4 5 5
2377.8 -9894.1 -40.6 224 0 24.4 25.6 17.5 0.0 0 1 5 4 4
2340.3 -9547.3 -42.3 80 0 15.6 23.3 14.0 3.5 2 1 4 2 2
2544.9 -9754.9 -41.8 357 0 18.4 24.0 14.0 3.5 2 1 4 3 3
2396.3 -9732.8 -41.5 354 0 35.6 30.8 17.5 0.0 0 0 5 4 4
2450.5 -9695.0 -42.0 139 0 22.7 30.1 14.0 0.0 0 1 4 4 4
2313.0 -9529.3 -42.5 80 0 15.9 23.6 14.0 3.5 4 1 4 2 2
2450.5 -9611.5 -42.3 46 0 18.3 30.1 14.0 3.5 2 1 4 3 3
2215.0 -9678.7 -41.2 142 0 35.6 15.0 17.5 0.0 0 0 5 5 5
2330.3 -9452.1 -42.8 224 0 21.2 33.1 14.0 0.0 0 1 4 4 4
2363.8 -9565.3 -42.3 83 0 13.9 25.8 14.0 0.0 0 1 4 2 2
2434.3 -9803.7 -41.2 354 0 23.3 30.5 17.5 0.0 0 1 5 2 2
2466.1 -9842.2 -41.2 35 0 23.5 26.6 14.0 0.0 0 1 4 5 5
2379.0 -10140.6 -39.6 80 0 21.7 56.3 21.0 3.5 2 1 6 3 3
2406.0 -9505.0 -42.6 309 0 32.6 21.3 14.0 0.0 0 0 4 2 2
2214.3 -9557.4 -42.1 183 0 24.3 19.5 17.5 3.5 2 0 5 2 2
2285.3 -9667.2 -41.4 135 0 26.8 12.4 17.5 3.5 2 0 5 2 2
2366.9 -9943.3 -40.3 44 0 24.2 26.0 17.5 0.0 0 1 5 1 1
2159.7 -9487.3 -42.3 219 0 20.2 22.5 14.0 0.0 0 1 4 0 0
2183.9 -9638.5 -41.5 144 0 54.7 13.8 17.5 3.5 2 0 5 5 5
2388.0 -9582.4 -42.3 82 0 12.6 26.5 14.0 3.5 2 1 4 1 1
2313.0 -9950.2 -39.9 315 0 18.4 77.1 21.0 3.5 2 1 6 2 2
2199.9 -9583.6 -41.7 229 0 14.5 56.7 17.5 3.5 2 1 5 0 0
2341.9 -9845.3 -40.8 168 0 26.1 22.9 17.5 3.5 2 0 5 5 5
2452.5 -9550.0 -42.5 314 0 10.3 23.0 14.0 3.5 2 1 4 4 4
2268.7 -9733.0 -41.0 146 0 21.3 22.3 17.5 3.5 2 1 5 5 5
2247.7 -10103.2 -39.2 138 0 17.7 37.5 21.0 3.5 2 1 6 1 1
2324.8 -9616.1 -41.7 270 0 11.1 36.2 17.5 3.5 2 1 5 1 1
2417.1 -9873.6 -40.9 134 0 23.1 21.4 14.0 3.5 2 0 4 1 1
2569.5 -9731.0 -41.9 358 0 22.2 27.7 14.0 0.0 0 1 4 5 5
2497.7 -9778.5 -41.7 182 0 18.2 28.1 14.0 3.5 2 1 4 3 3
2373.6 -9692.0 -41.6 356 0 32.7 30.9 17.5 0.0 0 0 5 2 2
2317.7 -9404.3 -42.2 46 0 12.3 49.6 14.0 3.5 2 1 4 5 5
2488.6 -9681.4 -42.1 226 0 26.9 20.4 14.0 3.5 4 0 4 4 4
2259.5 -9566.2 -41.9 267 0 12.9 34.7 17.5 0.0 0 1 5 4 4
2179.6 -9578.0 -41.9 35 0 16.4 23.6 17.5 0.0 0 1 5 4 4
2292.2 -9512.7 -42.6 80 0 15.7 23.4 14.0 3.5 2 1 4 2 2
1926.6 -9219.0 -41.0 87 0 20.0 93.9 17.5 0.0 0 1 5 0 0
1732.9 -9045.4 -41.0 265 0 8.8 20.4 10.5 3.5 2 1 3 1 1
1840.3 -9051.6 -42.1 177 0 18.8 18.8 17.5 3.5 2 0 5 2 2
1844.6 -9172.9 -41.9 177 0 98.5 18.8 17.5 0.0 0 0 5 1 1
1973.9 -9200.5 -38.0 157 0 29.8 21.5 17.5 0.0 0 0 5 2 2
1804.2 -9224.6 -38.5 86 0 14.5 16.5 17.5 3.5 4 1 5 1 1
1955.3 -9147.5 -41.3 153 0 73.8 18.3 17.5 3.5 2 0 5 2 2
1702.6 -9046.0 -40.8 265 0 19.0 28.9 17.5 3.5 2 1 5 0 0
1882.8 -9073.1 -42.1 358 0 93.0 18.1 17.5 0.0 0 0 5 5 5
1823.2 -9223.1 -42.3 86 0 18.3 113.3 17.5 0.0 0 1 5 4 4
1894.9 -9168.9 -41.5 178 0 102.1 17.3 17.5 0.0 0 0 5 1 1
1804.4 -9204.7 -40.0 87 0 12.7 29.3 17.5 3.5 2 1 5 2 2
1842.1 -9005.0 -41.8 178 0 20.5 32.7 17.5 0.0 0 1 5 0 0
1878.3 -9220.8 -41.6 88 0 20.2 96.5 17.5 0.0 0 1 5 0 0
1954.3 -9217.9 -38.4 87 0 15.3 47.4 14.0 3.5 2 1 4 4 4
1719.0 -9042.4 -40.9 264 0 12.4 27.9 17.5 3.5 2 1 5 2 2
1840.9 -9028.1 -41.9 178 0 16.4 18.6 17.5 3.5 2 1 5 5 5
1844.5 -9095.6 -42.2 177 0 49.7 16.1 17.5 3.5 2 0 5 1 1
1762.3 -9043.0 -41.4 267 0 41.4 18.8 17.5 3.5 2 0 5 5 5
1952.3 -9292.4 -38.6 177 0 54.9 9.5 10.5 3.5 2 0 3 3 3
1983.0 -9278.5 -38.6 176 0 27.4 13.5 17.5 3.5 2 0 5 0 0
1964.1 -9309.6 -38.9 177 0 87.2 13.2 17.5 3.5 2 0 5 0 0
1953.5 -9253.4 -38.3 174 0 18.5 21.0 17.5 3.5 2 1 5 4 4
1954.5 -9340.1 -39.0 177 0 33.8 9.9 10.5 3.5 2 0 3 2 2
2035.7 -9329.0 -39.2 62 0 23.1 16.2 17.5 3.5 2 0 5 3 3
1989.9 -9358.7 -39.2 56 0 54.0 13.5 17.5 3.5 2 0 5 3 3
1787.1 -8964.2 -40.9 179 0 32.1 14.3 17.5 0.0 0 0 5 3 3
1788.2 -9004.8 -41.2 179 0 33.7 13.4 17.5 3.5 2 0 5 2 2
1751.4 -9027.0 -40.9 87 0 15.0 74.3 21.0 3.5 2 1 6 1 1
1770.3 -9026.4 -41.1 87 0 15.3 88.1 21.0 0.0 0 1 6 0 0
