-6266.3 1683.4 0.5 75 0 17.6 11.8 5.0 2.5 2 0 2 0 0
-6245.9 1701.3 0.5 252 0 13.7 11.5 5.0 2.5 2 0 2 4 4
-6009.3 1707.5 -2.4 326 0 12.6 17.4 5.0 2.5 2 1 2 2 2
-6752.4 3976.6 -8.6 313 0 8.1 30.4 2.5 2.5 2 1 1 3 3
-6075.4 1646.2 -1.4 61 0 9.8 12.9 7.5 2.5 2 1 3 0 0
-6076.8 1680.5 -1.2 62 0 12.2 13.0 7.5 2.5 2 1 3 0 0
-6712.4 3986.1 -8.5 312 0 5.6 12.3 2.5 2.5 2 1 1 2 2
-6249.3 1135.9 -0.1 44 0 17.5 20.8 12.5 2.5 2 1 5 2 2
-6018.2 1721.6 -2.2 327 0 11.6 13.0 7.5 2.5 2 1 3 1 1
-6273.7 1217.3 -2.8 188 0 15.1 7.1 5.0 2.5 2 0 2 0 0
-6733.0 3981.4 -8.5 315 0 5.6 13.3 5.0 2.5 2 1 2 1 1
-6722.1 3974.4 -8.6 312 0 5.6 12.3 7.5 0.0 0 1 3 4 4
-6112.5 1634.0 -1.4 153 0 11.0 11.9 5.0 2.5 2 1 2 0 0
-6090.2 1704.8 -1.0 242 0 13.4 12.5 5.0 2.5 2 0 2 0 0
-6223.0 1261.9 -4.8 288 0 5.6 12.2 7.5 2.5 2 1 3 5 5
-6722.4 3956.6 -8.6 132 0 5.6 12.3 2.5 0.0 0 1 1 3 3
-6010.2 1671.6 -2.7 148 0 8.3 17.8 5.0 2.5 4 1 2 0 0
-1441.5 10629.4 -11.3 337 0 130.8 37.2 7.5 0.0 0 0 3 4 4
