6852.4 8711.4 -9.8 189 0 10.9 11.8 7.5 2.5 2 1 3 0 0
6851.6 8678.4 -9.7 99 0 11.8 10.8 7.5 2.5 2 0 3 5 5
6677.6 8247.2 -9.1 193 0 7.2 10.9 5.0 2.5 2 1 2 5 5
6908.1 9670.9 -11.3 19 0 9.4 12.3 2.5 0.0 0 1 1 0 0
6909.1 9821.7 -11.5 21 0 6.0 12.4 5.0 2.5 2 1 2 5 5
6919.2 9822.4 -11.5 292 0 12.5 6.7 7.5 2.5 2 0 3 4 4
6556.7 6981.6 -7.2 90 0 8.2 10.7 2.5 2.5 2 1 1 2 2
6566.4 7045.0 -7.0 6 0 7.5 11.2 7.5 2.5 2 1 3 5 5
6921.9 8699.6 -9.5 191 0 9.1 5.9 5.0 2.5 2 0 2 2 2
6920.7 8710.6 -9.5 193 0 7.2 12.6 5.0 2.5 2 1 2 0 0
6908.2 8683.8 -9.6 12 0 8.1 13.5 7.5 0.0 0 1 3 2 2
6721.2 8222.1 -9.1 7 0 6.8 10.5 5.0 2.5 2 1 2 3 3
6887.3 9670.2 -11.3 108 0 9.9 23.1 5.0 2.5 2 1 2 1 1
