-6211.2 6302.0 -11.7 255 0 9.2 27.9 7.5 2.5 2 1 3 2 2
-6071.9 7181.4 -12.2 187 0 10.5 16.5 5.0 0.0 0 1 2 1 1
-6040.2 7174.2 -12.2 282 0 8.0 10.8 7.5 2.5 2 1 3 1 1
-6034.5 7152.4 -12.1 8 0 9.9 12.8 2.5 0.0 0 1 1 5 5
-4689.8 10190.4 -15.6 190 0 6.1 11.6 5.0 2.5 2 1 2 4 4
-6885.0 8684.2 -15.5 283 0 8.6 6.0 7.5 2.5 2 0 3 4 4
-4395.2 10373.2 -15.6 3 0 10.2 14.5 2.5 2.5 2 1 1 2 2
796.5 12450.0 -16.9 178 0 10.5 6.8 7.5 2.5 2 0 3 5 5
5395.8 -11466.4 -7.2 154 0 8.4 31.3 7.5 2.5 2 1 3 4 4
5425.0 -11426.1 -7.2 244 0 7.7 24.7 7.0 2.5 2 1 2 3 3
5379.7 -11457.4 -6.7 159 0 28.8 6.0 10.5 2.5 2 0 3 4 4
