5464.6 -2435.8 13.9 172 1 11.8 19.4 14.0 3.5 2 1 4 2 2
5385.1 -2475.9 12.0 131 0 14.4 9.8 10.5 3.5 2 0 3 5 5
4982.6 -2546.9 -9.6 281 0 7.5 12.0 10.5 3.5 2 1 3 4 4
5294.9 705.5 -12.9 303 0 94.1 22.2 10.0 0.0 0 0 4 0 0
-3504.0 -5782.8 -6.5 325 0 209.5 188.4 14.0 0.0 0 0 4 4 4
-951.2 -8580.9 -21.5 74 0 184.8 106.5 14.0 0.0 0 0 4 0 0
5053.6 -2037.2 -12.5 216 0 6.1 24.7 10.5 3.5 2 1 3 2 2
5049.0 -2006.2 -12.4 215 0 5.8 42.8 10.5 3.5 2 1 3 4 4
5044.7 -2017.0 -12.4 216 0 14.1 15.0 10.5 3.5 2 1 3 3 3
5032.4 -2021.6 -12.4 216 0 6.1 24.7 10.5 3.5 2 1 3 5 5
5086.7 -2046.5 -12.5 35 0 13.0 19.3 10.5 3.5 2 1 3 2 2
5047.4 -1982.3 -12.3 216 0 12.5 9.7 10.5 3.5 2 0 3 0 0
5055.2 -1970.9 -12.3 216 0 12.5 9.7 10.5 3.5 2 0 3 4 4
5063.1 -1959.7 -12.3 216 0 12.5 9.7 10.5 3.5 2 0 3 5 5
5057.7 -1989.7 -12.3 216 0 12.5 9.7 10.5 3.5 2 0 3 2 2
5073.9 -1966.6 -12.3 216 0 12.5 9.7 10.5 3.5 2 0 3 0 0
5079.2 -1987.4 -12.4 216 0 12.4 9.7 10.5 3.5 2 0 3 3 3
4997.8 -1957.1 -12.2 126 0 9.7 12.5 10.5 3.5 4 1 3 3 3
5012.2 -2101.6 -12.6 36 0 12.5 9.7 10.5 3.5 2 0 3 0 0
5021.1 -2088.8 -12.5 36 0 12.5 9.7 10.5 3.5 2 0 3 3 3
5075.9 -2002.6 -12.4 216 0 12.8 6.8 10.5 3.5 2 0 3 2 2
5099.0 -2010.6 -12.4 306 0 6.8 12.8 10.5 3.5 2 1 3 5 5
5118.9 -1959.6 -12.3 276 0 9.8 10.3 10.5 3.5 4 1 3 3 3
5049.1 -1996.7 -12.3 216 0 6.3 7.0 10.5 3.5 2 0 3 5 5
5054.7 -2000.9 -12.4 216 0 6.4 10.6 10.5 3.5 2 0 3 1 1
5043.7 -1963.6 -12.2 36 0 12.5 9.7 10.5 3.5 2 0 3 3 3
4991.9 -1960.0 -12.2 218 0 5.2 8.9 10.5 3.5 2 1 3 1 1
5127.8 -1952.5 -12.3 99 0 8.2 11.6 10.5 3.5 2 1 3 5 5
5135.2 -1934.9 -12.3 9 0 11.6 8.2 10.5 3.5 2 0 3 4 4
5072.5 -2013.8 -12.4 213 0 6.4 6.5 10.5 3.5 4 1 3 5 5
5099.0 -2032.6 -12.5 39 0 7.8 11.6 10.5 3.5 4 1 3 2 2
4967.7 -2111.9 -12.5 126 0 9.7 12.5 10.5 3.5 2 1 3 4 4
4971.0 -2130.9 -12.6 306 0 9.7 12.5 10.5 3.5 2 1 3 4 4
5078.4 -1949.0 -12.2 273 0 6.9 8.6 10.5 3.5 2 1 3 3 3
5083.1 -2063.8 -12.6 17 0 15.8 12.1 10.5 3.5 2 0 3 3 3
5107.7 -2015.8 -12.5 306 0 6.8 12.8 10.5 3.5 4 1 3 3 3
4731.0 -3299.8 -19.3 26 0 13.7 12.1 10.5 0.0 0 0 3 5 5
4701.7 -3310.5 -18.9 116 0 12.1 13.7 10.5 0.0 0 1 3 4 4
5413.7 -3449.6 -12.9 140 0 10.7 11.3 14.0 3.5 2 1 4 2 2
5393.6 -3446.9 -12.9 140 0 10.7 11.3 14.0 3.5 2 1 4 2 2
5404.4 -3437.3 -12.6 140 0 10.7 11.3 14.0 3.5 2 1 4 1 1
5395.2 -3426.7 -12.3 140 0 10.7 11.3 14.0 0.0 0 1 4 0 0
5405.4 -3417.3 -12.0 140 0 10.7 11.3 14.0 3.5 2 1 4 2 2
5395.8 -3406.6 -11.8 140 0 10.7 11.3 14.0 3.5 2 1 4 3 3
5418.3 -3399.1 -11.7 230 0 11.3 10.7 14.0 3.5 2 0 4 1 1
5415.4 -3427.7 -12.3 140 0 10.7 11.3 14.0 3.5 2 1 4 3 3
5430.8 -3460.1 -13.2 50 0 11.3 10.7 14.0 3.5 2 0 4 4 4
5453.0 -3440.9 -12.5 50 0 11.3 10.7 14.0 3.5 2 0 4 4 4
5443.9 -3429.4 -12.2 50 0 11.3 10.7 14.0 3.5 4 0 4 5 5
5452.9 -3386.6 -11.1 230 0 11.3 10.7 14.0 3.5 2 0 4 3 3
5115.8 -1950.6 -12.3 99 0 11.9 11.3 10.5 3.5 2 0 3 2 2
5101.5 -1948.4 -12.3 99 0 11.9 11.3 10.5 0.0 0 0 3 0 0
5103.8 -1935.5 -12.2 99 0 11.9 11.3 10.5 0.0 0 0 3 3 3
5106.2 -1922.6 -12.4 99 0 11.9 11.3 10.5 3.5 2 0 3 2 2
5085.1 -1944.5 -12.2 99 0 11.9 11.3 10.5 3.5 2 0 3 1 1
5072.2 -1928.2 -12.4 99 0 11.9 11.3 10.5 3.5 2 0 3 3 3
5070.1 -1940.7 -12.2 99 0 11.9 11.3 10.5 3.5 2 0 3 1 1
5044.5 -1909.3 -12.7 99 0 11.9 11.3 10.5 3.5 4 0 3 2 2
5137.5 -1922.7 -12.2 9 0 11.6 8.2 10.5 3.5 2 0 3 2 2
5126.5 -1880.6 -12.7 285 0 8.5 23.7 10.5 3.5 2 1 3 2 2
5030.3 -1922.3 -12.6 96 0 8.1 13.1 10.5 3.5 4 1 3 2 2
5033.3 -1895.4 -12.8 276 0 8.2 11.6 10.5 3.5 2 1 3 4 4
4999.4 -1931.7 -12.5 96 0 8.2 11.6 10.5 3.5 2 1 3 5 5
5023.4 -1894.6 -12.8 276 0 8.2 11.6 10.5 3.5 2 1 3 2 2
-1022.6 8389.2 -16.5 316 0 9.6 10.6 10.5 3.5 2 1 3 4 4
-992.4 8377.6 -17.3 316 0 8.1 11.4 10.5 3.5 2 1 3 0 0
-982.4 8366.3 -17.7 316 0 19.4 11.2 14.0 3.5 2 0 4 4 4
-991.2 8338.1 -17.4 316 0 9.8 10.1 10.5 3.5 2 1 3 1 1
-1004.3 8352.4 -17.1 316 0 7.8 10.6 10.5 3.5 2 1 3 0 0
-1013.1 8343.8 -16.9 316 0 9.6 10.8 10.5 3.5 2 1 3 1 1
-1026.3 8357.5 -16.5 316 0 8.0 10.3 10.5 3.5 2 1 3 5 5
-1036.1 8348.7 -16.3 316 0 8.6 10.1 10.5 0.0 0 1 3 3 3
-1028.6 8341.4 -16.5 316 0 7.8 11.4 10.5 3.5 2 1 3 3 3
-1019.8 8350.6 -16.7 316 0 6.8 10.7 10.5 3.5 2 1 3 4 4
-1017.7 8366.6 -16.7 316 0 9.2 10.5 10.5 3.5 2 1 3 1 1
-1024.2 8374.2 -16.5 316 0 8.4 11.0 10.5 3.5 2 1 3 5 5
-1043.8 8355.9 -16.1 316 0 8.0 9.6 10.5 3.5 2 1 3 3 3
-1080.0 8320.2 -15.5 136 0 8.2 10.1 10.5 3.5 2 1 3 5 5
-1050.5 8316.9 -16.1 46 0 10.5 8.0 10.5 3.5 2 0 3 5 5
-1056.3 8330.0 -15.9 316 0 8.4 10.5 10.5 3.5 2 1 3 3 3
-1062.1 8337.3 -15.8 316 0 8.6 11.6 10.5 3.5 2 1 3 3 3
-1069.6 8344.6 -15.6 316 0 8.9 11.1 10.5 3.5 2 1 3 0 0
-994.4 8312.0 -17.4 46 0 12.8 8.1 10.5 3.5 4 0 3 0 0
-958.0 8291.9 -18.8 46 0 12.3 28.2 14.0 3.5 2 1 4 2 2
-978.1 8313.8 -17.8 46 0 10.3 8.2 10.5 3.5 2 0 3 1 1
-1022.4 8303.1 -17.1 46 0 11.9 7.3 10.5 3.5 2 0 3 3 3
1211.2 -4577.4 -10.4 242 0 13.9 50.6 14.0 0.0 0 1 4 5 5
1246.1 -4414.7 -16.2 152 0 13.2 8.2 10.5 3.5 2 0 3 1 1
1210.0 -4463.8 -12.7 62 0 14.4 14.9 14.0 3.5 2 1 4 2 2
1102.6 -4498.6 -15.4 332 0 32.1 16.0 14.0 3.5 2 0 4 5 5
1172.0 -4528.3 -10.0 62 0 14.2 21.0 10.5 3.5 2 1 3 4 4
1161.2 -4494.2 -11.7 332 0 25.1 13.6 10.5 3.5 2 0 3 2 2
1142.0 -4459.5 -14.5 332 0 29.8 12.3 10.5 3.5 2 0 3 3 3
-3364.5 -6036.7 -7.5 232 0 16.9 38.2 7.5 2.5 2 1 3 4 4
-3369.5 -6064.0 -7.9 141 0 34.7 10.8 7.5 2.5 2 0 3 4 4
-3131.4 -4538.7 -10.7 101 0 33.9 11.2 17.5 3.5 2 0 5 2 2
-2506.6 -4638.8 -8.1 3 0 9.4 23.5 10.5 3.5 2 1 3 3 3
-2550.6 -4630.6 -8.3 275 0 36.3 10.2 10.5 3.5 2 0 3 5 5
