-4142.3 6740.0 -0.5 267 0 13.7 70.5 14.0 3.5 2 1 4 4 4
-3518.8 8661.7 -35.8 180 0 61.6 15.1 14.0 3.5 2 0 4 1 1
-3542.3 5914.2 -14.4 283 0 14.6 31.2 14.0 3.5 2 1 4 4 4
-3584.1 6026.0 -15.8 278 0 15.5 93.2 14.0 3.5 2 1 4 0 0
-6136.5 5222.3 24.1 270 0 14.4 122.1 17.5 0.0 0 1 5 5 5
-4111.7 10394.5 -35.8 110 0 16.3 97.7 10.0 2.5 2 1 4 2 2
-3475.5 8775.8 -36.2 270 0 16.0 55.3 14.0 3.5 2 1 4 5 5
-3894.0 6572.3 -13.8 109 0 14.0 83.9 14.0 3.5 2 1 4 4 4
-3522.1 8775.9 -35.9 270 0 15.6 55.0 14.0 3.5 2 1 4 4 4
-4372.9 5214.6 3.0 271 0 9.8 76.2 10.5 3.5 2 1 3 1 1
-4149.9 10408.6 -36.1 110 0 15.6 97.8 7.5 2.5 2 1 3 1 1
-3992.2 6478.3 -12.7 264 0 65.6 12.9 14.0 3.5 2 0 4 2 2
-3519.2 5652.9 -12.5 78 0 15.2 76.5 14.0 3.5 2 1 4 1 1
-3570.1 8660.1 -35.1 180 0 75.7 15.3 14.0 3.5 2 0 4 4 4
-4493.4 4902.0 6.0 180 0 22.2 19.4 14.0 3.5 2 0 4 4 4
-5053.8 4824.3 9.7 180 0 57.4 13.5 14.0 3.5 2 0 4 0 0
-4426.4 5700.2 -3.4 180 0 35.5 51.3 14.0 0.0 0 1 4 4 4
-4326.4 5006.0 3.7 271 0 40.1 59.2 14.0 0.0 0 1 4 2 2
-4385.4 4877.5 5.3 92 0 12.9 18.1 14.0 3.5 2 1 4 3 3
-4385.1 4899.3 5.2 92 0 12.9 18.1 14.0 3.5 2 1 4 0 0
-4384.7 4920.0 5.1 92 0 12.9 18.1 14.0 3.5 2 1 4 0 0
-4359.1 4919.9 4.9 92 0 12.9 18.1 14.0 3.5 2 1 4 2 2
-4359.5 4899.3 5.0 92 0 12.9 18.1 14.0 3.5 2 1 4 2 2
-4359.8 4877.5 5.0 92 0 12.9 18.1 14.0 3.5 2 1 4 1 1
-4332.5 4919.9 4.3 92 0 12.9 18.1 14.0 3.5 2 1 4 0 0
-4332.9 4899.3 3.9 92 0 12.9 18.1 14.0 3.5 2 1 4 1 1
-4333.3 4877.5 3.5 92 0 12.9 18.1 14.0 3.5 2 1 4 4 4
